0 
-3.10862e-15 
-8.88178e-16 
-6.66134e-16 
2.88658e-15 
-2.88658e-15 
-1.77636e-15 
-1.11022e-16 
-0.243167 
-7.21645e-16 
-1.66533e-16 
5.55112e-17 
3.33067e-16 
-2.22045e-16 
-7.77156e-16 
-1.11022e-15 
-1.33227e-15 
2.66454e-15 
3.10862e-15 
4.44089e-16 
-4.44089e-16 
4.44089e-16 
-5.55112e-16 
8.88178e-16 
-1.11022e-15 
2.22045e-16 
4.44089e-16 
-6.66134e-16 
2.66454e-15 
-2.22045e-16 
-4.44089e-16 
7.77156e-16 
-2.77556e-16 
-1.66533e-16 
3.89445e-16 
-2.17708e-16 
1.38778e-15 
-1.22125e-15 
-6.66134e-16 
-2.22045e-16 
-1.77636e-15 
1.9984e-15 
-1.11022e-15 
-2.88658e-15 
8.88178e-16 
8.88178e-16 
-6.10623e-16 
1.05471e-15 
-2.10942e-15 
-3.88578e-16 
1.44329e-15 
-5.55112e-16 
-5.55112e-16 
1.33227e-15 
4.44089e-16 
8.88178e-16 
5.55112e-16 
-1.11022e-15 
1.33227e-15 
9.4369e-16 
-7.21645e-16 
9.99201e-16 
-8.88178e-16 
2.10942e-15 
-9.99201e-16 
-8.88178e-16 
1.9984e-15 
1.9984e-15 
8.88178e-16 
8.88178e-16 
3.60822e-16 
-9.85323e-16 
-3.1572e-16 
-2.08167e-16 
-2.22045e-15 
1.11022e-16 
1.44329e-15 
-4.44089e-16 
-8.88178e-16 
-3.9968e-15 
-2.22045e-16 
2.22045e-16 
0 
1.11022e-16 
1.11022e-16 
1.85962e-15 
-1.52656e-15 
2.38698e-15 
3.55271e-15 
-1.11022e-16 
6.66134e-16 
2.22045e-15 
3.77476e-15 
-2.33147e-15 
5.55112e-16 
6.66134e-16 
-3.33067e-16 
-1.55431e-15 
-5.55112e-16 
-1.11022e-15 
1.77636e-15 
-9.99201e-16 
