0 
4.09811e-13 
4.01335e-13 
1.61085e-13 
1.29856e-13 
-9.26222e-14 
-5.96849e-14 
3.04777e-13 
3.0669e-13 
-1.05359e-13 
6.3814e-15 
3.65278e-13 
7.92625e-14 
-2.74919e-14 
1.1614e-13 
8.98611e-14 
1.04828e-13 
4.80093e-14 
-1.42319e-14 
8.70872e-14 
1.478e-14 
1.87261e-13 
-2.63946e-13 
2.94099e-13 
-1.64841e-13 
3.4493e-13 
-1.14274e-14 
1.51685e-13 
3.62574e-13 
-1.32949e-13 
2.06062e-13 
2.18033e-13 
3.68712e-14 
-7.40492e-14 
3.23816e-14 
-8.42317e-14 
-2.15434e-13 
4.10545e-14 
-2.03317e-13 
-2.44395e-13 
-6.72935e-14 
2.63678e-13 
-9.09645e-14 
-3.63279e-13 
-1.16893e-13 
-4.02646e-14 
-3.29666e-15 
-2.00072e-13 
1.13029e-13 
3.23046e-14 
1.61186e-13 
-1.79415e-13 
-2.23348e-14 
4.61197e-14 
1.07895e-13 
-2.46711e-13 
1.26284e-13 
1.91526e-13 
1.26307e-13 
6.41591e-14 
1.56532e-13 
5.07189e-15 
-2.25248e-14 
-1.773e-13 
-1.53931e-13 
-1.30562e-13 
-1.30764e-13 
1.6585e-13 
2.20279e-14 
4.16069e-15 
-1.47655e-14 
-7.80185e-14 
-1.81342e-15 
3.77903e-13 
1.86312e-13 
2.10965e-14 
-3.05759e-14 
1.84608e-13 
2.15379e-13 
6.38684e-14 
5.40708e-14 
1.11227e-13 
1.29244e-13 
5.67675e-14 
-3.58184e-14 
1.20848e-13 
9.00132e-14 
1.38375e-13 
-4.37311e-13 
5.56019e-13 
2.77787e-14 
-3.03502e-13 
-2.36704e-13 
-1.5665e-13 
-1.78817e-14 
-4.76214e-14 
-6.99304e-14 
-2.19531e-14 
-1.12823e-16 
2.1493e-13 
3.81479e-13 
-1.40194e-13 
