0 
-6.10623e-16 
1.66533e-16 
1.94289e-16 
-5.41234e-16 
-3.22659e-16 
-6.10623e-16 
-7.35523e-16 
1.19349e-15 
2.09555e-15 
2.08167e-17 
-8.13585e-16 
-2.84495e-16 
6.14092e-16 
-5.41234e-16 
-1.58207e-15 
4.26742e-16 
7.8583e-16 
1.03433e-16 
-1.49186e-16 
-2.08167e-16 
2.22045e-16 
1.00614e-16 
-3.09648e-16 
1.52222e-16 
-7.97973e-16 
-2.01228e-16 
6.80012e-16 
2.22045e-16 
-2.63678e-16 
-6.52256e-16 
-4.57967e-16 
-1.94289e-16 
2.498e-16 
4.16334e-16 
-1.66533e-16 
-3.01842e-16 
2.56739e-16 
0 
4.996e-16 
6.10623e-16 
-1.94289e-16 
-3.05311e-16 
2.70617e-16 
4.68375e-16 
-5.20417e-16 
-9.78384e-16 
-7.63278e-16 
5.72459e-16 
4.16334e-16 
2.22045e-16 
