0 
0.000249763 
0.000669688 
0.00124095 
0.00189457 
0.00261446 
0.00334463 
0.00407494 
0.00476169 
0.00540169 
0.00596245 
0.00644716 
0.00683323 
0.00712909 
0.00732045 
0.00741965 
0.00741907 
0.00733367 
0.00716093 
0.00691728 
0.00660382 
0.00623746 
0.00582164 
0.00537285 
0.00489576 
0.00440569 
0.00390755 
0.0034149 
0.00293214 
0.00247059 
0.00203353 
0.00162986 
0.00126128 
0.000934309 
0.000648854 
0.000409238 
0.000213551 
6.4299e-05 
-4.21131e-05 
-4.17401e-05 
1.81204e-05 
7.27026e-05 
0.000149111 
0.00024811 
0.000364004 
0.00049778 
0.000643651 
0.000802861 
0.000969693 
0.00114559 
0.00132508 
0.00150968 
0.00169434 
0.00188048 
0.00206367 
0.002245 
0.00242083 
0.00259174 
0.00275505 
0.00291062 
0.00305691 
0.00319289 
0.00331829 
0.00343107 
0.00353238 
0.00361911 
0.00369386 
0.00375246 
0.003799 
0.00382831 
0.00384591 
0.00384575 
0.00383466 
0.00380588 
0.00376736 
0.00371181 
0.00364809 
0.00356855 
0.00348268 
0.00338269 
0.00327839 
0.00316203 
0.00304344 
0.00291509 
0.00278654 
0.00265065 
0.00251643 
0.00237726 
0.00224146 
0.00210301 
0.00196939 
0.00183524 
0.00170722 
0.00158058 
0.00146121 
0.00134492 
0.00123692 
0.00113346 
0.00103925 
0.000950761 
0.000872429 
0.000800671 
0.000739881 
0.000686133 
0.000644017 
0.000608947 
0.000585955 
0.000569489 
0.000565259 
0.000566478 
0.000579755 
0.000596867 
0.000625507 
0.000655894 
0.000696961 
0.000737335 
0.000787285 
0.000833906 
0.00088884 
0.000937788 
0.000993733 
0.00104119 
0.00109437 
0.00113688 
0.00118395 
0.0012186 
0.00125684 
0.00128142 
0.00130881 
0.00132186 
0.00133714 
0.00133795 
0.00134059 
0.00132917 
0.00131932 
0.0012963 
0.0012747 
0.00124124 
0.00120913 
0.0011668 
0.00112583 
0.00107653 
0.00102862 
0.000974454 
0.000921708 
0.000864883 
0.00080951 
0.000752223 
0.000696412 
0.000640766 
0.000586604 
0.00053452 
0.000483908 
0.000437049 
0.000391579 
0.000351221 
0.000312381 
0.000279524 
0.000248327 
0.000223606 
0.000200726 
0.000184394 
0.000170138 
0.000162069 
0.000156404 
0.000156116 
0.000158605 
0.000165278 
0.000175158 
0.000187655 
0.000204218 
0.000221184 
0.000243515 
0.000263594 
0.000290658 
0.000312538 
0.00034333 
0.00036587 
0.000399499 
0.000421824 
0.000457572 
0.000479136 
0.000516474 
0.000537059 
0.000575611 
0.000595265 
0.000634726 
0.000653633 
0.000693653 
0.000711981 
0.000752036 
0.000769765 
0.000809054 
0.000825848 
0.000863236 
0.000878369 
0.000912398 
0.000924767 
0.000953746 
0.000961966 
0.000984127 
0.000986701 
0.0010004 
0.000995935 
0.00099987 
0.000987308 
0.000980727 
0.00095954 
0.000942385 
0.000912721 
0.000885717 
0.000848468 
0.000813117 
0.000769905 
0.000728418 
0.00068151 
0.000636677 
0.000588851 
0.000543884 
0.00049827 
0.00045663 
0.000416556 
0.000381801 
0.000350647 
0.000326297 
0.000307373 
0.000296796 
0.000293235 
0.000299542 
0.000314193 
0.000340128 
0.000375443 
0.000423256 
0.000481147 
0.000552443 
0.000634122 
0.000729691 
0.000835488 
0.00095512 
0.00108431 
0.00122663 
0.00137728 
0.00153963 
0.00170848 
0.00188686 
0.00206935 
0.00225845 
0.00244877 
0.00264214 
0.00283347 
0.00302377 
0.00320856 
0.00338797 
0.00355843 
0.00371912 
0.00386767 
0.00400236 
0.00412224 
0.00422474 
0.00431052 
0.00437625 
0.0044243 
0.00445072 
0.00445955 
0.00444639 
0.00441682 
0.00436608 
0.00430114 
0.00421699 
0.00412163 
0.00400993 
0.00389059 
0.00375837 
0.00362234 
0.0034772 
0.003332 
0.00318143 
0.00303426 
0.0028852 
0.00274253 
0.00260102 
0.00246834 
0.00233941 
0.00222126 
0.002109 
0.00200913 
0.00191692 
0.00183849 
0.00176924 
0.00171512 
0.00167148 
0.00164432 
0.00162872 
0.00163098 
0.00164554 
0.0016792 
0.00172544 
0.00179171 
0.00187012 
0.00196893 
0.00207855 
0.00220817 
0.00234624 
0.00250293 
0.00266465 
0.00284257 
0.0030211 
0.0032124 
0.00339907 
0.00359425 
0.00377905 
0.00396747 
0.00413959 
0.00431018 
0.00445877 
0.00460073 
0.00471563 
0.00481924 
0.00489168 
0.00494894 
0.00497218 
0.00497735 
0.00494714 
0.0048972 
0.0048121 
0.0047069 
0.00456838 
0.0044107 
0.00422303 
0.00401839 
0.00378838 
0.00354465 
0.00328125 
0.00300818 
0.00272185 
0.00243049 
0.00213265 
0.00183468 
0.00153707 
0.00124425 
0.000958359 
0.000681975 
0.000417527 
0.000166488 
-6.7495e-05 
-9.9702e-06 
-2.94521e-05 
-9.9702e-06 
-3.01466e-05 
-9.9702e-06 
-2.74276e-05 
-9.9702e-06 
-2.11036e-05 
-9.9702e-06 
-1.10738e-05 
-5.16922e-06 
1.13699e-05 
4.75928e-05 
0.000105951 
0.000195594 
0.000314659 
0.000473545 
0.000633103 
0.000856047 
0.00109536 
0.00139262 
0.00169796 
0.00206279 
0.00242354 
0.00284206 
0.00324146 
0.00369397 
0.00411042 
0.00457289 
0.00498161 
0.00542747 
0.00580247 
0.00620469 
0.00652082 
0.00685408 
0.00708914 
0.00733199 
0.0074687 
0.0076054 
0.00763294 
0.00765497 
0.00757006 
0.00747692 
0.0072842 
0.00708351 
0.00679514 
0.00650193 
0.00613647 
0.00577172 
0.00535239 
0.00494103 
0.00449352 
0.00406201 
0.00361213 
0.00318608 
0.00275751 
0.00235953 
0.00197197 
0.00162001 
0.00128794 
0.000994301 
0.000726412 
0.000497525 
0.00029682 
0.000133648 
-1.84812e-06 
-0.00010288 
-0.000104921 
1.76511e-06 
2.17022e-05 
4.96544e-05 
8.30192e-05 
0.000122565 
0.000165773 
0.000214086 
0.000264958 
0.000320451 
0.00037777 
0.000439599 
0.000502647 
0.000570249 
0.000638363 
0.000711046 
0.00078325 
0.000859866 
0.000934611 
0.00101335 
0.00108838 
0.00116672 
0.00123909 
0.00131385 
0.00138006 
0.00144761 
0.00150389 
0.00156046 
0.0016031 
0.00164512 
0.00167085 
0.00169536 
0.0017017 
0.00170667 
0.00169228 
0.00167689 
0.00164177 
0.00160659 
0.00155215 
0.00149918 
0.00142824 
0.00136077 
0.00127736 
0.00119977 
0.00110881 
0.0010262 
0.000933127 
0.000850899 
0.000761201 
0.000684607 
0.000603389 
0.000537108 
0.000468689 
0.000416469 
0.000364073 
0.000328474 
0.00029403 
0.000276299 
0.000260373 
0.000260436 
0.000262286 
0.000278862 
0.000296607 
0.000327424 
0.000358292 
0.000400364 
0.00044101 
0.000490964 
0.000537812 
0.00059222 
0.000641806 
0.000697506 
0.000746788 
0.000801148 
0.000847757 
0.000898878 
0.000941277 
0.000988087 
0.00102562 
0.00106787 
0.00110069 
0.00113881 
0.00116771 
0.00120261 
0.00122873 
0.0012615 
0.00128603 
0.00131763 
0.00134148 
