0.00166667 
0.00332272 
0.00496913 
0.00660677 
0.00823645 
0.00985891 
0.0114748 
0.0130847 
0.0146893 
0.0162889 
0.017884 
0.0194751 
0.0210626 
0.0226467 
0.0242278 
0.0258061 
0.027382 
0.0289556 
0.0305271 
0.0320968 
0.0336647 
0.0352311 
0.036796 
0.0383597 
0.0399222 
0.0414835 
0.0430439 
0.0446033 
0.0461619 
0.0477197 
0.0492767 
0.050833 
0.0523886 
0.0539436 
0.0554981 
0.0570519 
0.0586052 
0.060158 
0.0617102 
0.0632619 
0.0648132 
0.0663639 
0.0679142 
0.0694639 
0.0710132 
0.072562 
0.0741102 
0.075658 
0.0772053 
0.078752 
0.0802982 
0.0818439 
0.083389 
0.0849336 
0.0864776 
0.088021 
0.0895638 
0.0911061 
0.0926476 
0.0941886 
0.0957289 
0.0972685 
0.0988074 
0.100346 
0.101883 
0.10342 
0.104956 
0.106491 
0.108026 
0.109559 
0.111092 
0.112624 
0.114156 
0.115686 
0.117215 
0.118744 
0.120272 
0.121798 
0.123324 
0.124849 
0.126373 
0.127896 
0.129418 
0.130938 
0.132458 
0.133977 
0.135495 
0.137011 
0.138527 
0.140041 
0.141554 
0.143066 
0.144577 
0.146087 
0.147595 
0.149102 
0.150608 
0.152113 
0.153616 
0.155119 
0.15662 
0.158119 
0.159617 
0.161114 
0.16261 
0.164104 
0.165597 
0.167088 
0.168578 
0.170067 
0.171554 
0.173039 
0.174523 
0.176006 
0.177487 
0.178966 
0.180444 
0.181921 
0.183395 
0.184869 
0.18634 
0.18781 
0.189279 
0.190745 
0.19221 
0.193674 
0.195135 
0.196595 
0.198053 
0.19951 
0.200964 
0.202417 
0.203868 
0.205317 
0.206765 
0.20821 
0.209654 
0.211096 
0.212536 
0.213974 
0.21541 
0.216844 
0.218276 
0.219706 
0.221135 
0.222561 
0.223985 
0.225407 
0.226827 
0.228246 
0.229661 
0.231075 
0.232487 
0.233897 
0.235304 
0.23671 
0.238113 
0.239514 
0.240912 
0.242309 
0.243703 
0.245095 
0.246485 
0.247872 
0.249258 
0.25064 
0.252021 
0.253399 
0.254775 
0.256148 
0.257519 
0.258887 
0.260254 
0.261617 
0.262978 
0.264337 
0.265693 
0.267047 
0.268398 
0.269746 
0.271092 
0.272436 
0.273777 
0.275115 
0.27645 
0.277783 
0.279113 
0.280441 
0.281765 
0.283088 
0.284407 
0.285723 
0.287037 
0.288348 
0.289656 
0.290962 
0.292264 
0.293564 
0.294861 
0.296154 
0.297445 
0.298733 
0.300018 
0.3013 
0.30258 
0.303856 
0.305129 
0.306399 
0.307666 
0.30893 
0.310191 
0.311448 
0.312703 
0.313954 
0.315203 
0.316448 
0.31769 
0.318929 
0.320164 
0.321396 
0.322625 
0.323851 
0.325074 
0.326293 
0.327509 
0.328721 
0.32993 
0.331136 
0.332338 
0.333537 
0.334732 
0.335924 
0.337113 
0.338298 
0.339479 
0.340657 
0.341832 
0.343003 
0.34417 
0.345334 
0.346494 
0.34765 
0.348803 
0.349952 
0.351098 
0.352239 
0.353378 
0.354512 
0.355642 
0.356769 
0.357892 
0.359011 
0.360127 
0.361238 
0.362346 
0.36345 
0.36455 
0.365646 
0.366738 
0.367826 
0.36891 
0.369991 
0.371067 
0.372139 
0.373207 
0.374272 
0.375332 
0.376388 
0.37744 
0.378488 
0.379531 
0.380571 
0.381606 
0.382638 
0.383665 
0.384688 
0.385706 
0.386721 
0.387731 
0.388737 
0.389738 
0.390736 
0.391729 
0.392717 
0.393701 
0.394681 
0.395657 
0.396628 
0.397595 
0.398557 
0.399515 
0.400468 
0.401417 
0.402361 
0.403301 
0.404237 
0.405167 
0.406094 
0.407015 
0.407932 
0.408845 
0.409753 
0.410656 
0.411554 
0.412448 
0.413338 
0.414222 
0.415102 
0.415977 
0.416848 
0.417713 
0.418574 
0.41943 
0.420282 
0.421128 
0.42197 
0.422807 
0.423639 
0.424466 
0.425288 
0.426105 
0.426918 
0.427725 
0.428528 
0.429326 
0.430118 
0.430906 
0.431689 
0.432467 
0.433239 
0.434007 
0.43477 
0.435527 
0.43628 
0.437027 
0.43777 
0.438507 
0.439239 
0.439966 
0.440688 
0.441405 
0.442117 
0.442823 
0.443524 
0.444221 
0.444911 
0.445597 
0.446277 
0.446953 
0.447622 
0.448287 
0.448946 
0.449601 
0.450249 
0.450893 
0.451531 
0.452164 
0.452791 
0.453413 
0.45403 
0.454641 
0.455247 
0.455848 
0.456443 
0.457033 
0.457617 
0.458196 
0.45877 
0.459338 
0.4599 
0.460457 
0.461009 
0.461555 
0.462095 
0.46263 
0.46316 
0.463684 
0.464203 
0.464715 
0.465223 
0.465725 
0.466221 
0.466712 
0.467197 
0.467676 
0.46815 
0.468618 
0.469081 
0.469538 
0.469989 
0.470435 
0.470875 
0.47131 
0.471738 
0.472162 
0.472579 
0.472991 
0.473397 
0.473797 
0.474192 
0.474581 
0.474964 
0.475341 
0.475713 
0.476079 
0.47644 
0.476794 
0.477143 
0.477486 
0.477823 
0.478155 
0.47848 
0.4788 
0.479115 
0.479423 
0.479726 
0.480022 
0.480313 
0.480598 
0.480878 
0.481151 
0.481419 
0.481681 
0.481937 
0.482187 
0.482432 
0.48267 
0.482903 
0.48313 
0.483351 
0.483566 
0.483776 
0.483979 
0.484177 
0.484368 
0.484554 
0.484734 
0.484909 
0.485077 
0.485239 
0.485396 
0.485546 
0.485691 
0.48583 
0.485963 
0.48609 
0.486212 
0.486327 
0.486436 
0.48654 
0.486638 
0.48673 
0.486816 
0.486896 
0.48697 
0.487038 
0.4871 
0.487157 
0.487208 
0.487252 
0.487291 
0.487324 
0.487351 
0.487372 
0.487388 
0.487397 
0.4874 
0.487398 
0.48739 
0.487376 
0.487356 
0.48733 
0.487298 
0.48726 
0.487217 
0.487168 
0.487112 
0.487051 
0.486984 
0.486911 
0.486833 
0.486748 
0.486658 
0.486562 
0.48646 
0.486352 
0.486238 
0.486119 
0.485993 
0.485862 
0.485725 
0.485582 
0.485433 
0.485279 
0.485119 
0.484953 
0.484781 
0.484603 
0.48442 
0.48423 
0.484035 
0.483835 
0.483628 
0.483416 
0.483198 
0.482974 
0.482744 
0.482509 
0.482268 
0.482021 
0.481769 
0.481511 
0.481247 
0.480977 
0.480702 
0.480421 
0.480134 
0.479842 
0.479544 
0.479241 
0.478931 
0.478616 
0.478296 
0.47797 
0.477638 
0.4773 
0.476957 
0.476609 
0.476254 
0.475895 
0.475529 
0.475158 
0.474782 
0.4744 
0.474012 
0.473619 
0.47322 
0.472816 
0.472406 
0.471991 
0.47157 
0.471144 
0.470712 
0.470275 
0.469833 
0.469385 
0.468931 
0.468472 
0.468008 
0.467539 
0.467063 
0.466583 
0.466097 
0.465606 
0.465109 
0.464607 
0.4641 
0.463588 
0.46307 
0.462546 
0.462018 
0.461484 
0.460945 
0.460401 
0.459851 
0.459296 
0.458736 
0.458171 
0.457601 
0.457025 
0.456444 
0.455858 
0.455267 
0.454671 
0.454069 
0.453463 
0.452851 
0.452234 
0.451612 
0.450985 
0.450353 
0.449716 
0.449074 
0.448427 
0.447774 
0.447117 
0.446455 
0.445788 
0.445116 
0.444438 
0.443756 
0.443069 
0.442377 
0.44168 
0.440979 
0.440272 
0.43956 
0.438844 
0.438123 
0.437397 
0.436666 
0.43593 
0.435189 
0.434444 
0.433694 
0.432939 
0.432179 
0.431415 
0.430646 
0.429872 
0.429094 
0.42831 
0.427523 
0.42673 
0.425933 
0.425131 
0.424325 
0.423514 
0.422698 
0.421878 
0.421053 
0.420224 
0.41939 
0.418551 
0.417708 
0.416861 
0.416009 
0.415153 
0.414292 
0.413426 
0.412557 
0.411682 
0.410804 
0.409921 
0.409033 
0.408142 
0.407245 
0.406345 
0.40544 
0.404531 
0.403618 
0.4027 
0.401778 
0.400852 
0.399921 
0.398986 
0.398047 
0.397104 
0.396156 
0.395205 
0.394249 
0.393289 
0.392325 
0.391357 
0.390384 
0.389408 
0.388427 
0.387442 
0.386454 
0.385461 
0.384464 
0.383463 
0.382458 
0.381449 
0.380436 
0.379419 
0.378398 
0.377374 
0.376345 
0.375312 
0.374275 
0.373235 
0.37219 
0.371142 
0.37009 
0.369034 
0.367974 
0.36691 
0.365843 
0.364771 
0.363696 
0.362617 
0.361534 
0.360448 
0.359358 
0.358264 
0.357166 
0.356065 
0.35496 
0.353851 
0.352739 
0.351623 
0.350503 
0.34938 
0.348253 
0.347122 
0.345988 
0.344851 
0.343709 
0.342564 
0.341416 
0.340264 
0.339109 
0.33795 
0.336787 
0.335622 
0.334452 
0.333279 
0.332103 
0.330923 
0.32974 
0.328554 
0.327364 
0.32617 
0.324974 
0.323774 
0.32257 
0.321364 
0.320153 
0.31894 
0.317723 
0.316503 
0.31528 
0.314054 
0.312824 
0.311591 
0.310355 
0.309115 
0.307872 
0.306627 
0.305378 
0.304125 
0.30287 
0.301611 
0.30035 
0.299085 
0.297817 
0.296546 
0.295272 
0.293995 
0.292714 
0.291431 
0.290145 
0.288855 
0.287563 
0.286268 
0.284969 
0.283668 
0.282363 
0.281056 
0.279746 
0.278433 
0.277117 
0.275798 
0.274476 
0.273151 
0.271823 
0.270492 
0.269159 
0.267823 
0.266484 
0.265142 
0.263797 
0.262449 
0.261099 
0.259746 
0.25839 
0.257031 
0.25567 
0.254306 
0.252939 
0.25157 
0.250197 
0.248822 
0.247445 
0.246065 
0.244682 
0.243296 
0.241908 
0.240517 
0.239124 
0.237728 
0.23633 
0.234929 
0.233525 
0.232119 
0.23071 
0.229299 
0.227885 
0.226469 
0.22505 
0.223629 
0.222206 
0.22078 
0.219351 
0.21792 
0.216487 
0.215051 
0.213613 
0.212173 
0.21073 
0.209285 
0.207837 
0.206388 
0.204935 
0.203481 
0.202024 
0.200565 
0.199104 
0.197641 
0.196175 
0.194707 
0.193237 
0.191765 
0.19029 
0.188813 
0.187334 
0.185853 
0.18437 
0.182885 
0.181398 
0.179908 
0.178417 
0.176923 
0.175427 
0.17393 
0.17243 
0.170928 
0.169424 
0.167919 
0.166411 
0.164901 
0.163389 
0.161876 
0.16036 
0.158843 
0.157324 
0.155802 
0.154279 
0.152754 
0.151227 
0.149699 
0.148168 
0.146636 
0.145102 
0.143566 
0.142029 
0.140489 
0.138948 
0.137405 
0.135861 
0.134315 
0.132767 
0.131217 
0.129666 
0.128113 
0.126559 
0.125003 
0.123445 
0.121886 
0.120325 
0.118763 
0.117199 
0.115634 
0.114067 
0.112498 
0.110928 
0.109357 
0.107784 
0.10621 
0.104634 
0.103057 
0.101479 
0.099899 
0.0983179 
0.0967353 
0.0951515 
0.0935664 
0.0919799 
0.0903922 
0.0888032 
0.0872129 
0.0856215 
0.0840288 
0.0824349 
0.0808398 
0.0792435 
0.0776461 
0.0760475 
0.0744478 
0.072847 
0.0712451 
0.0696422 
0.0680382 
0.0664331 
0.064827 
0.0632199 
0.0616118 
0.0600027 
0.0583926 
0.0567816 
0.0551697 
0.0535569 
0.0519431 
0.0503285 
0.048713 
0.0470967 
0.0454796 
0.0438616 
0.0422428 
0.0406233 
0.039003 
0.0373819 
0.0357602 
0.0341377 
0.0325145 
0.0308907 
0.0292661 
0.027641 
0.0260152 
0.0243888 
0.0227619 
0.0211343 
0.0195062 
0.0178776 
0.0162485 
0.0146188 
0.0129887 
0.0113581 
0.00972711 
0.00809566 
0.00646379 
0.00483154 
0.00319891 
0.00156593 
-6.7394e-05 
-0.00170103 
-0.00333497 
-0.00496918 
-0.00660366 
-0.00823838 
-0.00987333 
-0.0115085 
-0.0131438 
-0.0147793 
-0.016415 
-0.0180508 
-0.0196867 
-0.0213227 
-0.0229588 
-0.0245949 
-0.026231 
-0.0278672 
-0.0295034 
-0.0311396 
-0.0327757 
-0.0344117 
-0.0360477 
-0.0376836 
-0.0393194 
-0.040955 
-0.0425905 
-0.0442258 
-0.0458609 
-0.0474958 
-0.0491304 
-0.0507648 
-0.0523989 
-0.0540328 
-0.0556663 
-0.0572995 
-0.0589323 
-0.0605647 
-0.0621968 
-0.0638285 
-0.0654597 
-0.0670904 
-0.0687207 
-0.0703505 
-0.0719798 
-0.0736086 
-0.0752368 
-0.0768644 
-0.0784914 
-0.0801179 
-0.0817436 
-0.0833688 
-0.0849932 
-0.086617 
-0.08824 
-0.0898624 
-0.0914839 
-0.0931047 
-0.0947247 
-0.0963438 
-0.0979622 
-0.0995797 
-0.101196 
-0.102812 
-0.104427 
-0.106041 
-0.107653 
-0.109265 
-0.110876 
-0.112486 
-0.114095 
-0.115703 
-0.117309 
-0.118915 
-0.120519 
-0.122123 
-0.123725 
-0.125326 
-0.126926 
-0.128524 
-0.130121 
-0.131717 
-0.133312 
-0.134905 
-0.136498 
-0.138088 
-0.139678 
-0.141266 
-0.142852 
-0.144437 
-0.146021 
-0.147603 
-0.149184 
-0.150763 
-0.152341 
-0.153917 
-0.155491 
-0.157064 
-0.158635 
-0.160205 
-0.161773 
-0.163339 
-0.164904 
-0.166467 
-0.168028 
-0.169587 
-0.171145 
-0.172701 
-0.174255 
-0.175807 
-0.177357 
-0.178906 
-0.180452 
-0.181997 
-0.183539 
-0.18508 
-0.186619 
-0.188155 
-0.18969 
-0.191223 
-0.192753 
-0.194282 
-0.195808 
-0.197332 
-0.198854 
-0.200374 
-0.201892 
-0.203408 
-0.204921 
-0.206432 
-0.207941 
-0.209447 
-0.210952 
-0.212454 
-0.213953 
-0.21545 
-0.216945 
-0.218438 
-0.219928 
-0.221415 
-0.222901 
-0.224383 
-0.225863 
-0.227341 
-0.228816 
-0.230289 
-0.231759 
-0.233227 
-0.234691 
-0.236154 
-0.237613 
-0.23907 
-0.240524 
-0.241976 
-0.243425 
-0.244871 
-0.246314 
-0.247755 
-0.249193 
-0.250628 
-0.25206 
-0.25349 
-0.254916 
-0.25634 
-0.25776 
-0.259178 
-0.260593 
-0.262005 
-0.263414 
-0.26482 
-0.266223 
-0.267623 
-0.26902 
-0.270414 
-0.271805 
-0.273193 
-0.274577 
-0.275959 
-0.277337 
-0.278713 
-0.280085 
-0.281454 
-0.28282 
-0.284182 
-0.285541 
-0.286897 
-0.28825 
-0.2896 
-0.290946 
-0.292289 
-0.293628 
-0.294965 
-0.296298 
-0.297627 
-0.298953 
-0.300276 
-0.301595 
-0.302911 
-0.304224 
-0.305533 
-0.306838 
-0.30814 
-0.309439 
-0.310733 
-0.312025 
-0.313313 
-0.314597 
-0.315878 
-0.317155 
-0.318429 
-0.319698 
-0.320965 
-0.322227 
-0.323486 
-0.324742 
-0.325993 
-0.327241 
-0.328485 
-0.329726 
-0.330962 
-0.332195 
-0.333425 
-0.33465 
-0.335872 
-0.337089 
-0.338303 
-0.339514 
-0.34072 
-0.341922 
-0.343121 
-0.344316 
-0.345506 
-0.346693 
-0.347876 
-0.349055 
-0.35023 
-0.351402 
-0.352569 
-0.353732 
-0.354891 
-0.356046 
-0.357198 
-0.358345 
-0.359488 
-0.360627 
-0.361762 
-0.362893 
-0.36402 
-0.365143 
-0.366262 
-0.367376 
-0.368487 
-0.369593 
-0.370695 
-0.371794 
-0.372887 
-0.373977 
-0.375063 
-0.376144 
-0.377221 
-0.378295 
-0.379363 
-0.380428 
-0.381488 
-0.382544 
-0.383596 
-0.384644 
-0.385687 
-0.386726 
-0.387761 
-0.388791 
-0.389817 
-0.390839 
-0.391857 
-0.39287 
-0.393879 
-0.394883 
-0.395883 
-0.396879 
-0.39787 
-0.398857 
-0.39984 
-0.400818 
-0.401792 
-0.402761 
-0.403726 
-0.404687 
-0.405643 
-0.406595 
-0.407542 
-0.408485 
-0.409423 
-0.410357 
-0.411287 
-0.412212 
-0.413132 
-0.414048 
-0.414959 
-0.415866 
-0.416769 
-0.417667 
-0.41856 
-0.419449 
-0.420333 
-0.421213 
-0.422088 
-0.422959 
-0.423825 
-0.424686 
-0.425543 
-0.426396 
-0.427243 
-0.428087 
-0.428925 
-0.429759 
-0.430588 
-0.431413 
-0.432233 
-0.433049 
-0.43386 
-0.434666 
-0.435468 
-0.436265 
-0.437057 
-0.437845 
-0.438627 
-0.439406 
-0.440179 
-0.440948 
-0.441713 
-0.442472 
-0.443227 
-0.443978 
-0.444723 
-0.445464 
-0.4462 
-0.446932 
-0.447658 
-0.44838 
-0.449097 
-0.44981 
-0.450518 
-0.451221 
-0.451919 
-0.452613 
-0.453302 
-0.453986 
-0.454665 
-0.45534 
-0.456009 
-0.456674 
-0.457335 
-0.45799 
-0.458641 
-0.459287 
-0.459928 
-0.460564 
-0.461196 
-0.461823 
-0.462445 
-0.463062 
-0.463674 
-0.464282 
-0.464884 
-0.465482 
-0.466075 
-0.466663 
-0.467247 
-0.467825 
-0.468399 
-0.468968 
-0.469532 
-0.470091 
-0.470646 
-0.471195 
-0.47174 
-0.472279 
-0.472814 
-0.473344 
-0.47387 
-0.47439 
-0.474905 
-0.475416 
-0.475921 
-0.476422 
-0.476918 
-0.477409 
-0.477895 
-0.478376 
-0.478853 
-0.479324 
-0.47979 
-0.480252 
-0.480709 
-0.48116 
-0.481607 
-0.482049 
-0.482486 
-0.482918 
-0.483345 
-0.483767 
-0.484185 
-0.484597 
-0.485004 
-0.485407 
-0.485804 
-0.486196 
-0.486584 
-0.486966 
-0.487344 
-0.487717 
-0.488084 
-0.488447 
-0.488805 
-0.489157 
-0.489505 
-0.489848 
-0.490186 
-0.490518 
-0.490846 
-0.491169 
-0.491487 
-0.4918 
-0.492107 
-0.49241 
-0.492708 
-0.493001 
-0.493288 
-0.493571 
-0.493849 
-0.494121 
-0.494389 
-0.494651 
-0.494909 
-0.495162 
-0.495409 
-0.495651 
-0.495889 
-0.496121 
-0.496348 
-0.49657 
-0.496788 
-0.497 
-0.497207 
-0.497409 
-0.497605 
-0.497797 
-0.497984 
-0.498166 
-0.498342 
-0.498513 
-0.49868 
-0.498841 
-0.498997 
-0.499148 
-0.499294 
-0.499435 
-0.499571 
-0.499701 
-0.499827 
-0.499947 
-0.500063 
-0.500173 
-0.500278 
-0.500378 
-0.500472 
-0.500562 
-0.500647 
-0.500726 
-0.5008 
-0.500869 
-0.500933 
-0.500992 
-0.501045 
-0.501094 
-0.501137 
-0.501175 
-0.501208 
-0.501236 
-0.501259 
-0.501276 
-0.501288 
-0.501295 
-0.501297 
-0.501294 
-0.501285 
-0.501272 
-0.501253 
-0.501229 
-0.501199 
-0.501165 
-0.501125 
-0.50108 
-0.50103 
-0.500975 
-0.500914 
-0.500849 
-0.500778 
-0.500702 
-0.50062 
-0.500534 
-0.500442 
-0.500345 
-0.500242 
-0.500135 
-0.500022 
-0.499904 
-0.499781 
-0.499652 
-0.499518 
-0.499379 
-0.499235 
-0.499085 
-0.498931 
-0.498771 
-0.498605 
-0.498435 
-0.498259 
-0.498078 
-0.497892 
-0.4977 
-0.497503 
-0.497301 
-0.497094 
-0.496881 
-0.496663 
-0.49644 
-0.496211 
-0.495977 
-0.495738 
-0.495494 
-0.495244 
-0.494989 
-0.494729 
-0.494464 
-0.494193 
-0.493917 
-0.493635 
-0.493349 
-0.493057 
-0.49276 
-0.492457 
-0.492149 
-0.491836 
-0.491518 
-0.491194 
-0.490865 
-0.490531 
-0.490191 
-0.489846 
-0.489496 
-0.48914 
-0.48878 
-0.488413 
-0.488042 
-0.487665 
-0.487283 
-0.486896 
-0.486503 
-0.486106 
-0.485702 
-0.485294 
-0.48488 
-0.484461 
-0.484037 
-0.483607 
-0.483172 
-0.482732 
-0.482286 
-0.481835 
-0.481379 
-0.480918 
-0.480451 
-0.479979 
-0.479502 
-0.479019 
-0.478531 
-0.478038 
-0.477539 
-0.477036 
-0.476527 
-0.476012 
-0.475493 
-0.474968 
-0.474438 
-0.473902 
-0.473362 
-0.472816 
-0.472265 
-0.471708 
-0.471146 
-0.470579 
-0.470007 
-0.46943 
-0.468847 
-0.468259 
-0.467666 
-0.467067 
-0.466463 
-0.465855 
-0.46524 
-0.464621 
-0.463996 
-0.463366 
-0.462731 
-0.462091 
-0.461445 
-0.460795 
-0.460139 
-0.459477 
-0.458811 
-0.458139 
-0.457463 
-0.456781 
-0.456094 
-0.455401 
-0.454704 
-0.454001 
-0.453293 
-0.45258 
-0.451862 
-0.451139 
-0.45041 
-0.449677 
-0.448938 
-0.448194 
-0.447445 
-0.446691 
-0.445932 
-0.445167 
-0.444398 
-0.443623 
-0.442843 
-0.442059 
-0.441269 
-0.440474 
-0.439674 
-0.438869 
-0.438059 
-0.437243 
-0.436423 
-0.435598 
-0.434767 
-0.433932 
-0.433092 
-0.432246 
-0.431396 
-0.43054 
-0.42968 
-0.428814 
-0.427944 
-0.427069 
-0.426188 
-0.425303 
-0.424413 
-0.423518 
-0.422617 
-0.421712 
-0.420802 
-0.419887 
-0.418968 
-0.418043 
-0.417113 
-0.416179 
-0.415239 
-0.414295 
-0.413346 
-0.412392 
-0.411433 
-0.41047 
-0.409501 
-0.408528 
-0.40755 
-0.406567 
-0.40558 
-0.404587 
-0.40359 
-0.402588 
-0.401582 
-0.40057 
-0.399554 
-0.398534 
-0.397508 
-0.396478 
-0.395443 
-0.394403 
-0.393359 
-0.39231 
-0.391257 
-0.390199 
-0.389136 
-0.388069 
-0.386997 
-0.38592 
-0.384839 
-0.383753 
-0.382663 
-0.381569 
-0.380469 
-0.379365 
-0.378257 
-0.377144 
-0.376027 
-0.374905 
-0.373779 
-0.372649 
-0.371514 
-0.370374 
-0.36923 
-0.368082 
-0.366929 
-0.365772 
-0.364611 
-0.363445 
-0.362275 
-0.361101 
-0.359923 
-0.35874 
-0.357553 
-0.356361 
-0.355166 
-0.353966 
-0.352762 
-0.351553 
-0.350341 
-0.349124 
-0.347904 
-0.346679 
-0.34545 
-0.344217 
-0.342979 
-0.341738 
-0.340493 
-0.339243 
-0.33799 
-0.336732 
-0.335471 
-0.334206 
-0.332936 
-0.331663 
-0.330386 
-0.329104 
-0.327819 
-0.32653 
-0.325238 
-0.323941 
-0.32264 
-0.321336 
-0.320028 
-0.318716 
-0.3174 
-0.316081 
-0.314758 
-0.313431 
-0.3121 
-0.310766 
-0.309428 
-0.308087 
-0.306742 
-0.305393 
-0.304041 
-0.302685 
-0.301325 
-0.299962 
-0.298596 
-0.297226 
-0.295852 
-0.294475 
-0.293095 
-0.291711 
-0.290324 
-0.288934 
-0.28754 
-0.286142 
-0.284742 
-0.283338 
-0.281931 
-0.280521 
-0.279107 
-0.27769 
-0.27627 
-0.274847 
-0.273421 
-0.271991 
-0.270558 
-0.269123 
-0.267684 
-0.266242 
-0.264797 
-0.263349 
-0.261899 
-0.260445 
-0.258988 
-0.257528 
-0.256066 
-0.2546 
-0.253132 
-0.251661 
-0.250187 
-0.24871 
-0.24723 
-0.245748 
-0.244263 
-0.242775 
-0.241285 
-0.239792 
-0.238296 
-0.236797 
-0.235297 
-0.233793 
-0.232287 
-0.230778 
-0.229267 
-0.227754 
-0.226238 
-0.224719 
-0.223198 
-0.221675 
-0.220149 
-0.218621 
-0.217091 
-0.215558 
-0.214023 
-0.212486 
-0.210947 
-0.209405 
-0.207862 
-0.206316 
-0.204768 
-0.203217 
-0.201665 
-0.200111 
-0.198554 
-0.196996 
-0.195436 
-0.193873 
-0.192309 
-0.190743 
-0.189175 
-0.187605 
-0.186033 
-0.184459 
-0.182884 
-0.181307 
-0.179728 
-0.178147 
-0.176564 
-0.17498 
-0.173394 
-0.171807 
-0.170218 
-0.168627 
-0.167035 
-0.165441 
-0.163846 
-0.162249 
-0.160651 
-0.159051 
-0.15745 
-0.155847 
-0.154243 
-0.152638 
-0.151032 
-0.149424 
-0.147814 
-0.146204 
-0.144592 
-0.142979 
-0.141365 
-0.13975 
-0.138133 
-0.136516 
-0.134897 
-0.133277 
-0.131657 
-0.130035 
-0.128412 
-0.126788 
-0.125163 
-0.123537 
-0.121911 
-0.120283 
-0.118655 
-0.117025 
-0.115395 
-0.113764 
-0.112133 
-0.1105 
-0.108867 
-0.107233 
-0.105598 
-0.103963 
-0.102327 
-0.10069 
-0.0990531 
-0.0974152 
-0.0957768 
-0.0941379 
-0.0924984 
-0.0908584 
-0.0892179 
-0.087577 
-0.0859356 
-0.0842938 
-0.0826516 
-0.081009 
-0.079366 
-0.0777227 
-0.0760791 
-0.0744352 
-0.072791 
-0.0711465 
-0.0695018 
-0.0678568 
-0.0662117 
-0.0645664 
-0.0629209 
-0.0612752 
-0.0596295 
-0.0579836 
-0.0563376 
-0.0546916 
-0.0530455 
-0.0513994 
-0.0497532 
-0.0481071 
-0.046461 
-0.0448149 
-0.0431689 
-0.0415229 
-0.0398771 
-0.0382313 
-0.0365857 
-0.0349402 
-0.0332949 
-0.0316498 
-0.0300049 
-0.0283601 
-0.0267156 
-0.0250714 
-0.0234274 
-0.0217837 
-0.0201403 
-0.0184972 
-0.0168544 
-0.015212 
-0.0135699 
-0.0119282 
-0.010287 
-0.00864606 
-0.00700559 
-0.00536556 
-0.00372598 
-0.00208687 
-0.000448243 
0.00118989 
0.00282751 
0.0044646 
0.00610114 
0.00773714 
0.00937256 
0.0110074 
0.0126416 
0.0142753 
0.0159083 
0.0175406 
0.0191723 
0.0208033 
0.0224337 
0.0240633 
0.0256923 
0.0273205 
0.028948 
0.0305747 
0.0322007 
0.0338259 
0.0354503 
0.0370739 
0.0386967 
0.0403187 
0.0419398 
0.0435601 
0.0451795 
0.0467981 
0.0484157 
0.0500325 
0.0516483 
0.0532632 
0.0548772 
0.0564902 
0.0581023 
0.0597134 
0.0613235 
0.0629326 
0.0645407 
0.0661478 
0.0677538 
0.0693588 
0.0709628 
0.0725657 
0.0741675 
0.0757682 
0.0773678 
0.0789663 
0.0805637 
0.08216 
0.0837551 
0.085349 
0.0869418 
0.0885334 
0.0901238 
0.0917131 
0.0933011 
0.0948878 
0.0964734 
0.0980577 
0.0996408 
0.101223 
0.102803 
0.104382 
0.10596 
0.107537 
0.109112 
0.110686 
0.112259 
0.11383 
0.1154 
0.116968 
0.118535 
0.120101 
0.121666 
0.123228 
0.12479 
0.12635 
0.127909 
0.129466 
0.131021 
0.132576 
0.134128 
0.135679 
0.137229 
0.138777 
0.140324 
0.141869 
0.143412 
0.144954 
0.146495 
0.148033 
0.14957 
0.151106 
0.15264 
0.154172 
0.155703 
0.157232 
0.158759 
0.160284 
0.161808 
0.16333 
0.164851 
0.16637 
0.167887 
0.169402 
0.170915 
0.172427 
0.173937 
0.175445 
0.176951 
0.178456 
0.179958 
0.181459 
0.182958 
0.184455 
0.18595 
0.187443 
0.188934 
0.190424 
0.191911 
0.193397 
0.19488 
0.196362 
0.197841 
0.199319 
0.200795 
0.202268 
0.20374 
0.205209 
0.206676 
0.208142 
0.209605 
0.211066 
0.212525 
0.213982 
0.215436 
0.216889 
0.218339 
0.219788 
0.221234 
0.222677 
0.224119 
0.225558 
0.226995 
0.22843 
0.229863 
0.231293 
0.232721 
0.234146 
0.235569 
0.23699 
0.238409 
0.239825 
0.241239 
0.24265 
0.244059 
0.245465 
0.246869 
0.248271 
0.24967 
0.251066 
0.25246 
0.253852 
0.255241 
0.256627 
0.258011 
0.259392 
0.260771 
0.262147 
0.26352 
0.264891 
0.266259 
0.267624 
0.268987 
0.270347 
0.271704 
0.273058 
0.27441 
0.275759 
0.277105 
0.278448 
0.279789 
0.281127 
0.282461 
0.283793 
0.285122 
0.286448 
0.287772 
0.289092 
0.290409 
0.291723 
0.293035 
0.294343 
0.295648 
0.296951 
0.29825 
0.299546 
0.300839 
0.302129 
0.303416 
0.3047 
0.30598 
0.307257 
0.308532 
0.309803 
0.31107 
0.312335 
0.313596 
0.314854 
0.316109 
0.31736 
0.318608 
0.319853 
0.321094 
0.322332 
0.323567 
0.324798 
0.326026 
0.327251 
0.328471 
0.329689 
0.330903 
0.332113 
0.33332 
0.334524 
0.335723 
0.33692 
0.338112 
0.339301 
0.340487 
0.341668 
0.342847 
0.344021 
0.345192 
0.346359 
0.347522 
0.348682 
0.349837 
0.350989 
0.352138 
0.353282 
0.354423 
0.355559 
0.356692 
0.357821 
0.358946 
0.360068 
0.361185 
0.362298 
0.363408 
0.364513 
0.365614 
0.366712 
0.367805 
0.368894 
0.36998 
0.371061 
0.372138 
0.373211 
0.37428 
0.375344 
0.376405 
0.377461 
0.378513 
0.379561 
0.380605 
0.381644 
0.38268 
0.38371 
0.384737 
0.385759 
0.386777 
0.387791 
0.3888 
0.389805 
0.390806 
0.391802 
0.392794 
0.393781 
0.394764 
0.395743 
0.396716 
0.397686 
0.398651 
0.399611 
0.400567 
0.401518 
0.402465 
0.403407 
0.404345 
0.405278 
0.406206 
0.40713 
0.408049 
0.408963 
0.409873 
0.410778 
0.411678 
0.412573 
0.413464 
0.41435 
0.415231 
0.416107 
0.416979 
0.417846 
0.418708 
0.419565 
0.420417 
0.421264 
0.422107 
0.422944 
0.423777 
0.424605 
0.425427 
0.426245 
0.427058 
0.427866 
0.428669 
0.429467 
0.430259 
0.431047 
0.43183 
0.432607 
0.43338 
0.434148 
0.43491 
0.435667 
0.436419 
0.437166 
0.437908 
0.438645 
0.439377 
0.440103 
0.440824 
0.44154 
0.442251 
0.442956 
0.443656 
0.444351 
0.445041 
0.445725 
0.446405 
0.447078 
0.447747 
0.44841 
0.449068 
0.44972 
0.450368 
0.451009 
0.451646 
0.452277 
0.452902 
0.453523 
0.454137 
0.454747 
0.455351 
0.455949 
0.456542 
0.45713 
0.457712 
0.458288 
0.458859 
0.459425 
0.459985 
0.460539 
0.461088 
0.461632 
0.46217 
0.462702 
0.463229 
0.46375 
0.464266 
0.464776 
0.46528 
0.465779 
0.466272 
0.466759 
0.467241 
0.467718 
0.468188 
0.468653 
0.469112 
0.469566 
0.470014 
0.470456 
0.470893 
0.471323 
0.471748 
0.472168 
0.472582 
0.472989 
0.473392 
0.473788 
0.474179 
0.474564 
0.474943 
0.475316 
0.475684 
0.476046 
0.476402 
0.476752 
0.477097 
0.477436 
0.477769 
0.478096 
0.478417 
0.478732 
0.479042 
0.479346 
0.479644 
0.479936 
0.480222 
0.480503 
0.480777 
0.481046 
0.481309 
0.481566 
0.481817 
0.482063 
0.482302 
0.482536 
0.482763 
0.482985 
0.483201 
0.483411 
0.483615 
0.483814 
0.484006 
0.484193 
0.484373 
0.484548 
0.484717 
0.48488 
0.485037 
0.485188 
0.485333 
0.485472 
0.485605 
0.485733 
0.485854 
0.48597 
0.48608 
0.486184 
0.486281 
0.486373 
0.486459 
0.48654 
0.486614 
0.486682 
0.486745 
0.486801 
0.486852 
0.486896 
0.486935 
0.486968 
0.486995 
0.487016 
0.487031 
0.48704 
0.487043 
0.487041 
0.487032 
0.487018 
0.486998 
0.486971 
0.486939 
0.486901 
0.486857 
0.486808 
0.486752 
0.48669 
0.486623 
0.48655 
0.48647 
0.486385 
0.486295 
0.486198 
0.486095 
0.485987 
0.485872 
0.485752 
0.485626 
0.485494 
0.485356 
0.485213 
0.485064 
0.484908 
0.484747 
0.48458 
0.484408 
0.484229 
0.484045 
0.483855 
0.483659 
0.483458 
0.48325 
0.483037 
0.482818 
0.482593 
0.482363 
0.482127 
0.481885 
0.481637 
0.481384 
0.481125 
0.48086 
0.480589 
0.480313 
0.480031 
0.479743 
0.47945 
0.479151 
0.478846 
0.478536 
0.47822 
0.477898 
0.477571 
0.477238 
0.4769 
0.476556 
0.476206 
0.475851 
0.47549 
0.475123 
0.474751 
0.474373 
0.47399 
0.473602 
0.473207 
0.472807 
0.472402 
0.471991 
0.471575 
0.471153 
0.470726 
0.470293 
0.469855 
0.469411 
0.468962 
0.468507 
0.468047 
0.467582 
0.467111 
0.466635 
0.466153 
0.465666 
0.465174 
0.464676 
0.464173 
0.463665 
0.463151 
0.462632 
0.462108 
0.461578 
0.461043 
0.460503 
0.459958 
0.459407 
0.458851 
0.45829 
0.457724 
0.457152 
0.456575 
0.455993 
0.455406 
0.454814 
0.454217 
0.453614 
0.453007 
0.452394 
0.451776 
0.451153 
0.450525 
0.449892 
0.449254 
0.448611 
0.447963 
0.44731 
0.446651 
0.445988 
0.44532 
0.444647 
0.443969 
0.443286 
0.442598 
0.441905 
0.441208 
0.440505 
0.439797 
0.439085 
0.438368 
0.437646 
0.436919 
0.436187 
0.435451 
0.43471 
0.433964 
0.433213 
0.432457 
0.431697 
0.430932 
0.430162 
0.429388 
0.428609 
0.427825 
0.427037 
0.426244 
0.425446 
0.424644 
0.423837 
0.423025 
0.422209 
0.421388 
0.420563 
0.419734 
0.418899 
0.41806 
0.417217 
0.416369 
0.415517 
0.414661 
0.413799 
0.412934 
0.412064 
0.41119 
0.410311 
0.409428 
0.40854 
0.407648 
0.406752 
0.405851 
0.404947 
0.404037 
0.403124 
0.402206 
0.401284 
0.400358 
0.399428 
0.398493 
0.397554 
0.396611 
0.395664 
0.394712 
0.393757 
0.392797 
0.391833 
0.390865 
0.389893 
0.388917 
0.387937 
0.386953 
0.385964 
0.384972 
0.383975 
0.382975 
0.381971 
0.380962 
0.37995 
0.378933 
0.377913 
0.376889 
0.375861 
0.374829 
0.373793 
0.372753 
0.371709 
0.370662 
0.36961 
0.368555 
0.367496 
0.366433 
0.365367 
0.364296 
0.363222 
0.362144 
0.361062 
0.359977 
0.358888 
0.357795 
0.356698 
0.355598 
0.354494 
0.353387 
0.352276 
0.351161 
0.350042 
0.34892 
0.347795 
0.346665 
0.345532 
0.344396 
0.343256 
0.342113 
0.340966 
0.339815 
0.338661 
0.337504 
0.336343 
0.335179 
0.334011 
0.332839 
0.331665 
0.330487 
0.329305 
0.32812 
0.326932 
0.32574 
0.324545 
0.323347 
0.322145 
0.32094 
0.319732 
0.31852 
0.317305 
0.316087 
0.314866 
0.313641 
0.312413 
0.311182 
0.309947 
0.30871 
0.307469 
0.306225 
0.304978 
0.303728 
0.302474 
0.301218 
0.299958 
0.298695 
0.297429 
0.29616 
0.294888 
0.293613 
0.292335 
0.291054 
0.289769 
0.288482 
0.287192 
0.285898 
0.284602 
0.283303 
0.282001 
0.280695 
0.279387 
0.278076 
0.276762 
0.275445 
0.274126 
0.272803 
0.271477 
0.270149 
0.268818 
0.267484 
0.266147 
0.264807 
0.263465 
0.262119 
0.260771 
0.25942 
0.258067 
0.25671 
0.255351 
0.253989 
0.252624 
0.251257 
0.249887 
0.248515 
0.247139 
0.245761 
0.244381 
0.242997 
0.241611 
0.240223 
0.238832 
0.237438 
0.236042 
0.234643 
0.233242 
0.231838 
0.230431 
0.229022 
0.227611 
0.226197 
0.22478 
0.223361 
0.22194 
0.220516 
0.21909 
0.217661 
0.21623 
0.214796 
0.21336 
0.211922 
0.210481 
0.209038 
0.207593 
0.206145 
0.204695 
0.203243 
0.201788 
0.200331 
0.198872 
0.19741 
0.195947 
0.194481 
0.193013 
0.191542 
0.19007 
0.188595 
0.187118 
0.185639 
0.184158 
0.182675 
0.181189 
0.179702 
0.178212 
0.17672 
0.175226 
0.173731 
0.172233 
0.170733 
0.169231 
0.167727 
0.166221 
0.164713 
0.163203 
0.161691 
0.160177 
0.158662 
0.157144 
0.155625 
0.154103 
0.15258 
0.151055 
0.149528 
0.147999 
0.146468 
0.144936 
0.143402 
0.141866 
0.140328 
0.138788 
0.137247 
0.135704 
0.134159 
0.132613 
0.131065 
0.129515 
0.127964 
0.126411 
0.124856 
0.1233 
0.121742 
0.120183 
0.118622 
0.11706 
0.115496 
0.11393 
0.112363 
0.110794 
0.109224 
0.107653 
0.10608 
0.104506 
0.10293 
0.101353 
0.0997741 
0.0981941 
0.0966129 
0.0950302 
0.0934463 
0.091861 
0.0902745 
0.0886867 
0.0870976 
0.0855073 
0.0839157 
0.082323 
0.080729 
0.0791339 
0.0775375 
0.0759401 
0.0743415 
0.0727418 
0.071141 
0.0695391 
0.0679361 
0.0663321 
0.064727 
0.0631209 
0.0615138 
0.0599058 
0.0582967 
0.0566867 
0.0550758 
0.0534639 
0.0518512 
0.0502375 
0.048623 
0.0470076 
0.0453914 
0.0437744 
0.0421566 
0.040538 
0.0389186 
0.0372985 
0.0356776 
0.034056 
0.0324337 
0.0308108 
0.0291872 
0.0275629 
0.025938 
0.0243125 
0.0226864 
0.0210597 
0.0194325 
0.0178047 
0.0161764 
0.0145476 
0.0129183 
0.0112886 
0.00965839 
0.00802776 
0.00639672 
0.00476528 
0.00313347 
0.00150129 
-0.000131221 
-0.00176406 
-0.00339719 
-0.00503062 
-0.0066643 
-0.00829824 
-0.0099324 
-0.0115668 
-0.0132013 
-0.0148361 
-0.016471 
-0.018106 
-0.0197411 
-0.0213764 
-0.0230117 
-0.0246471 
-0.0262825 
-0.0279179 
-0.0295534 
-0.0311888 
-0.0328242 
-0.0344595 
-0.0360948 
-0.0377299 
-0.039365 
-0.0409999 
-0.0426347 
-0.0442693 
-0.0459037 
-0.0475379 
-0.0491718 
-0.0508055 
-0.052439 
-0.0540721 
-0.0557049 
-0.0573375 
-0.0589696 
-0.0606014 
-0.0622328 
-0.0638638 
-0.0654944 
-0.0671245 
-0.0687542 
-0.0703833 
-0.072012 
-0.0736401 
-0.0752677 
-0.0768947 
-0.0785212 
-0.080147 
-0.0817722 
-0.0833967 
-0.0850206 
-0.0866438 
-0.0882663 
-0.089888 
-0.091509 
-0.0931292 
-0.0947487 
-0.0963673 
-0.0979851 
-0.0996021 
-0.101218 
-0.102833 
-0.104448 
-0.106061 
-0.107673 
-0.109285 
-0.110895 
-0.112505 
-0.114113 
-0.11572 
-0.117327 
-0.118932 
-0.120536 
-0.122139 
-0.12374 
-0.125341 
-0.12694 
-0.128538 
-0.130135 
-0.131731 
-0.133325 
-0.134918 
-0.13651 
-0.138101 
-0.13969 
-0.141277 
-0.142864 
-0.144448 
-0.146032 
-0.147614 
-0.149194 
-0.150773 
-0.152351 
-0.153926 
-0.155501 
-0.157073 
-0.158645 
-0.160214 
-0.161782 
-0.163348 
-0.164913 
-0.166475 
-0.168036 
-0.169596 
-0.171153 
-0.172709 
-0.174263 
-0.175815 
-0.177365 
-0.178914 
-0.18046 
-0.182005 
-0.183547 
-0.185088 
-0.186627 
-0.188163 
-0.189698 
-0.191231 
-0.192761 
-0.19429 
-0.195817 
-0.197341 
-0.198863 
-0.200383 
-0.201901 
-0.203417 
-0.20493 
-0.206442 
-0.207951 
-0.209458 
-0.210962 
-0.212464 
-0.213964 
-0.215462 
-0.216957 
-0.218449 
-0.21994 
-0.221428 
-0.222913 
-0.224396 
-0.225877 
-0.227355 
-0.22883 
-0.230303 
-0.231774 
-0.233242 
-0.234707 
-0.23617 
-0.23763 
-0.239087 
-0.240542 
-0.241994 
-0.243443 
-0.24489 
-0.246334 
-0.247775 
-0.249213 
-0.250649 
-0.252081 
-0.253511 
-0.254938 
-0.256363 
-0.257784 
-0.259202 
-0.260618 
-0.26203 
-0.26344 
-0.264847 
-0.26625 
-0.267651 
-0.269048 
-0.270443 
-0.271834 
-0.273223 
-0.274608 
-0.27599 
-0.277369 
-0.278745 
-0.280118 
-0.281488 
-0.282854 
-0.284217 
-0.285577 
-0.286934 
-0.288288 
-0.289638 
-0.290985 
-0.292328 
-0.293668 
-0.295005 
-0.296339 
-0.297669 
-0.298996 
-0.300319 
-0.301639 
-0.302956 
-0.304269 
-0.305579 
-0.306885 
-0.308188 
-0.309487 
-0.310783 
-0.312075 
-0.313363 
-0.314648 
-0.31593 
-0.317208 
-0.318482 
-0.319753 
-0.32102 
-0.322283 
-0.323542 
-0.324798 
-0.326051 
-0.327299 
-0.328544 
-0.329785 
-0.331023 
-0.332256 
-0.333486 
-0.334712 
-0.335935 
-0.337153 
-0.338368 
-0.339578 
-0.340785 
-0.341988 
-0.343188 
-0.344383 
-0.345574 
-0.346762 
-0.347945 
-0.349125 
-0.350301 
-0.351472 
-0.35264 
-0.353804 
-0.354964 
-0.35612 
-0.357271 
-0.358419 
-0.359563 
-0.360702 
-0.361838 
-0.362969 
-0.364097 
-0.36522 
-0.366339 
-0.367454 
-0.368565 
-0.369672 
-0.370775 
-0.371873 
-0.372968 
-0.374058 
-0.375144 
-0.376226 
-0.377303 
-0.378377 
-0.379446 
-0.380511 
-0.381572 
-0.382628 
-0.38368 
-0.384728 
-0.385772 
-0.386811 
-0.387846 
-0.388877 
-0.389903 
-0.390925 
-0.391943 
-0.392956 
-0.393965 
-0.39497 
-0.39597 
-0.396966 
-0.397958 
-0.398945 
-0.399928 
-0.400906 
-0.40188 
-0.40285 
-0.403815 
-0.404776 
-0.405732 
-0.406684 
-0.407631 
-0.408574 
-0.409512 
-0.410446 
-0.411376 
-0.4123 
-0.413221 
-0.414137 
-0.415048 
-0.415955 
-0.416858 
-0.417755 
-0.418649 
-0.419538 
-0.420422 
-0.421301 
-0.422177 
-0.423047 
-0.423913 
-0.424774 
-0.425631 
-0.426483 
-0.427331 
-0.428174 
-0.429013 
-0.429846 
-0.430675 
-0.4315 
-0.43232 
-0.433135 
-0.433946 
-0.434752 
-0.435553 
-0.43635 
-0.437142 
-0.437929 
-0.438712 
-0.43949 
-0.440263 
-0.441032 
-0.441796 
-0.442555 
-0.44331 
-0.44406 
-0.444805 
-0.445546 
-0.446281 
-0.447012 
-0.447739 
-0.44846 
-0.449177 
-0.449889 
-0.450597 
-0.451299 
-0.451997 
-0.45269 
-0.453379 
-0.454062 
-0.454741 
-0.455415 
-0.456085 
-0.456749 
-0.457409 
-0.458064 
-0.458714 
-0.45936 
-0.46 
-0.460636 
-0.461267 
-0.461893 
-0.462515 
-0.463131 
-0.463743 
-0.46435 
-0.464952 
-0.46555 
-0.466142 
-0.46673 
-0.467312 
-0.46789 
-0.468464 
-0.469032 
-0.469595 
-0.470154 
-0.470708 
-0.471257 
-0.471801 
-0.47234 
-0.472874 
-0.473403 
-0.473928 
-0.474448 
-0.474962 
-0.475472 
-0.475977 
-0.476477 
-0.476973 
-0.477463 
-0.477948 
-0.478429 
-0.478904 
-0.479375 
-0.479841 
-0.480302 
-0.480758 
-0.481209 
-0.481655 
-0.482096 
-0.482532 
-0.482964 
-0.48339 
-0.483812 
-0.484228 
-0.48464 
-0.485046 
-0.485448 
-0.485845 
-0.486236 
-0.486623 
-0.487005 
-0.487382 
-0.487754 
-0.488121 
-0.488483 
-0.48884 
-0.489192 
-0.489539 
-0.489881 
-0.490218 
-0.49055 
-0.490877 
-0.491199 
-0.491516 
-0.491828 
-0.492135 
-0.492437 
-0.492734 
-0.493026 
-0.493313 
-0.493595 
-0.493872 
-0.494144 
-0.494411 
-0.494673 
-0.494929 
-0.495181 
-0.495428 
-0.49567 
-0.495906 
-0.496138 
-0.496364 
-0.496586 
-0.496802 
-0.497013 
-0.49722 
-0.497421 
-0.497617 
-0.497808 
-0.497994 
-0.498175 
-0.498351 
-0.498521 
-0.498687 
-0.498848 
-0.499003 
-0.499153 
-0.499299 
-0.499439 
-0.499574 
-0.499704 
-0.499828 
-0.499948 
-0.500063 
-0.500172 
-0.500276 
-0.500376 
-0.50047 
-0.500559 
-0.500642 
-0.500721 
-0.500794 
-0.500863 
-0.500926 
-0.500984 
-0.501037 
-0.501085 
-0.501127 
-0.501165 
-0.501197 
-0.501224 
-0.501246 
-0.501263 
-0.501274 
-0.501281 
-0.501282 
-0.501278 
-0.501269 
-0.501254 
-0.501235 
-0.50121 
-0.50118 
-0.501145 
-0.501105 
-0.501059 
-0.501008 
-0.500953 
-0.500891 
-0.500825 
-0.500753 
-0.500677 
-0.500595 
-0.500507 
-0.500415 
-0.500317 
-0.500214 
-0.500106 
-0.499993 
-0.499874 
-0.49975 
-0.499621 
-0.499487 
-0.499347 
-0.499202 
-0.499052 
-0.498897 
-0.498736 
-0.49857 
-0.498399 
-0.498223 
-0.498041 
-0.497854 
-0.497662 
-0.497465 
-0.497262 
-0.497054 
-0.496841 
-0.496622 
-0.496398 
-0.496169 
-0.495935 
-0.495695 
-0.495451 
-0.4952 
-0.494945 
-0.494684 
-0.494418 
-0.494147 
-0.49387 
-0.493589 
-0.493301 
-0.493009 
-0.492711 
-0.492408 
-0.4921 
-0.491786 
-0.491468 
-0.491143 
-0.490814 
-0.490479 
-0.490139 
-0.489794 
-0.489443 
-0.489087 
-0.488726 
-0.48836 
-0.487988 
-0.487611 
-0.487228 
-0.486841 
-0.486448 
-0.486049 
-0.485646 
-0.485237 
-0.484823 
-0.484403 
-0.483978 
-0.483548 
-0.483113 
-0.482673 
-0.482227 
-0.481775 
-0.481319 
-0.480857 
-0.48039 
-0.479918 
-0.47944 
-0.478957 
-0.478469 
-0.477976 
-0.477477 
-0.476973 
-0.476463 
-0.475949 
-0.475429 
-0.474904 
-0.474374 
-0.473838 
-0.473297 
-0.472751 
-0.472199 
-0.471643 
-0.471081 
-0.470513 
-0.469941 
-0.469363 
-0.46878 
-0.468192 
-0.467599 
-0.467 
-0.466396 
-0.465787 
-0.465173 
-0.464553 
-0.463928 
-0.463298 
-0.462663 
-0.462022 
-0.461377 
-0.460726 
-0.46007 
-0.459408 
-0.458742 
-0.45807 
-0.457393 
-0.456711 
-0.456024 
-0.455331 
-0.454634 
-0.453931 
-0.453223 
-0.45251 
-0.451792 
-0.451068 
-0.45034 
-0.449606 
-0.448867 
-0.448123 
-0.447374 
-0.44662 
-0.445861 
-0.445096 
-0.444327 
-0.443552 
-0.442772 
-0.441988 
-0.441198 
-0.440403 
-0.439603 
-0.438798 
-0.437987 
-0.437172 
-0.436352 
-0.435527 
-0.434696 
-0.433861 
-0.433021 
-0.432175 
-0.431325 
-0.430469 
-0.429609 
-0.428744 
-0.427873 
-0.426998 
-0.426118 
-0.425232 
-0.424342 
-0.423447 
-0.422547 
-0.421642 
-0.420732 
-0.419817 
-0.418898 
-0.417973 
-0.417044 
-0.416109 
-0.41517 
-0.414226 
-0.413277 
-0.412323 
-0.411365 
-0.410401 
-0.409433 
-0.40846 
-0.407482 
-0.406499 
-0.405512 
-0.40452 
-0.403523 
-0.402521 
-0.401515 
-0.400503 
-0.399488 
-0.398467 
-0.397442 
-0.396412 
-0.395377 
-0.394338 
-0.393294 
-0.392245 
-0.391192 
-0.390134 
-0.389071 
-0.388004 
-0.386932 
-0.385856 
-0.384775 
-0.38369 
-0.3826 
-0.381505 
-0.380406 
-0.379303 
-0.378195 
-0.377082 
-0.375965 
-0.374844 
-0.373718 
-0.372588 
-0.371453 
-0.370314 
-0.36917 
-0.368022 
-0.36687 
-0.365713 
-0.364552 
-0.363387 
-0.362217 
-0.361043 
-0.359865 
-0.358682 
-0.357495 
-0.356304 
-0.355109 
-0.353909 
-0.352705 
-0.351497 
-0.350285 
-0.349069 
-0.347848 
-0.346624 
-0.345395 
-0.344162 
-0.342925 
-0.341684 
-0.340439 
-0.33919 
-0.337937 
-0.33668 
-0.335418 
-0.334153 
-0.332884 
-0.331611 
-0.330334 
-0.329053 
-0.327768 
-0.32648 
-0.325187 
-0.323891 
-0.32259 
-0.321286 
-0.319978 
-0.318666 
-0.317351 
-0.316032 
-0.314709 
-0.313382 
-0.312052 
-0.310718 
-0.30938 
-0.308039 
-0.306694 
-0.305345 
-0.303993 
-0.302637 
-0.301277 
-0.299915 
-0.298548 
-0.297178 
-0.295805 
-0.294428 
-0.293048 
-0.291664 
-0.290277 
-0.288886 
-0.287493 
-0.286095 
-0.284695 
-0.283291 
-0.281884 
-0.280473 
-0.27906 
-0.277643 
-0.276223 
-0.274799 
-0.273373 
-0.271943 
-0.27051 
-0.269074 
-0.267635 
-0.266193 
-0.264748 
-0.2633 
-0.261849 
-0.260395 
-0.258938 
-0.257478 
-0.256015 
-0.254549 
-0.25308 
-0.251608 
-0.250134 
-0.248657 
-0.247176 
-0.245694 
-0.244208 
-0.24272 
-0.241229 
-0.239735 
-0.238238 
-0.236739 
-0.235238 
-0.233733 
-0.232227 
-0.230717 
-0.229205 
-0.227691 
-0.226174 
-0.224654 
-0.223133 
-0.221608 
-0.220082 
-0.218553 
-0.217021 
-0.215487 
-0.213951 
-0.212413 
-0.210873 
-0.20933 
-0.207785 
-0.206237 
-0.204688 
-0.203137 
-0.201583 
-0.200027 
-0.198469 
-0.196909 
-0.195347 
-0.193783 
-0.192218 
-0.19065 
-0.18908 
-0.187508 
-0.185934 
-0.184359 
-0.182782 
-0.181202 
-0.179621 
-0.178039 
-0.176454 
-0.174868 
-0.17328 
-0.171691 
-0.170099 
-0.168506 
-0.166912 
-0.165316 
-0.163718 
-0.162119 
-0.160518 
-0.158916 
-0.157313 
-0.155707 
-0.154101 
-0.152493 
-0.150884 
-0.149273 
-0.147661 
-0.146048 
-0.144433 
-0.142817 
-0.1412 
-0.139582 
-0.137963 
-0.136342 
-0.13472 
-0.133097 
-0.131473 
-0.129848 
-0.128222 
-0.126595 
-0.124967 
-0.123338 
-0.121708 
-0.120077 
-0.118445 
-0.116812 
-0.115178 
-0.113544 
-0.111908 
-0.110272 
-0.108635 
-0.106997 
-0.105359 
-0.10372 
-0.10208 
-0.100439 
-0.0987981 
-0.0971563 
-0.0955138 
-0.0938708 
-0.0922273 
-0.0905832 
-0.0889385 
-0.0872934 
-0.0856478 
-0.0840017 
-0.0823552 
-0.0807083 
-0.079061 
-0.0774133 
-0.0757652 
-0.0741169 
-0.0724682 
-0.0708192 
-0.06917 
-0.0675205 
-0.0658708 
-0.0642209 
-0.0625707 
-0.0609204 
-0.05927 
-0.0576194 
-0.0559687 
-0.0543179 
-0.0526671 
-0.0510162 
-0.0493652 
-0.0477143 
-0.0460633 
-0.0444124 
-0.0427615 
-0.0411107 
-0.0394599 
-0.0378092 
-0.0361587 
-0.0345083 
-0.032858 
-0.0312079 
-0.029558 
-0.0279083 
-0.0262588 
-0.0246095 
-0.0229605 
-0.0213118 
-0.0196634 
-0.0180153 
-0.0163675 
-0.01472 
-0.0130729 
-0.0114262 
-0.00977987 
-0.00813396 
-0.00648844 
-0.0048434 
-0.00319878 
-0.00155467 
8.89936e-05 
0.00173211 
0.00337475 
0.00501682 
0.00665837 
0.00829932 
0.00993972 
0.0115795 
0.0132187 
0.0148572 
0.0164952 
0.0181324 
0.019769 
0.0214049 
0.0230401 
0.0246746 
0.0263083 
0.0279413 
0.0295736 
0.0312051 
0.0328358 
0.0344657 
0.0360948 
0.037723 
0.0393505 
0.040977 
0.0426028 
0.0442276 
0.0458515 
0.0474745 
0.0490967 
0.0507178 
0.0523381 
0.0539573 
0.0555757 
0.057193 
0.0588093 
0.0604246 
0.0620389 
0.0636522 
0.0652644 
0.0668755 
0.0684856 
0.0700946 
0.0717026 
0.0733093 
0.074915 
0.0765196 
0.078123 
0.0797252 
0.0813263 
0.0829262 
0.084525 
0.0861225 
0.0877188 
0.0893139 
0.0909077 
0.0925003 
0.0940917 
0.0956817 
0.0972705 
0.098858 
0.100444 
0.102029 
0.103613 
0.105195 
0.106776 
0.108355 
0.109933 
0.11151 
0.113085 
0.114659 
0.116232 
0.117803 
0.119372 
0.120941 
0.122507 
0.124073 
0.125636 
0.127199 
0.12876 
0.130319 
0.131877 
0.133433 
0.134987 
0.13654 
0.138092 
0.139642 
0.14119 
0.142737 
0.144282 
0.145825 
0.147367 
0.148907 
0.150446 
0.151983 
0.153518 
0.155051 
0.156583 
0.158113 
0.159642 
0.161168 
0.162693 
0.164216 
0.165737 
0.167257 
0.168774 
0.17029 
0.171804 
0.173317 
0.174827 
0.176336 
0.177842 
0.179347 
0.18085 
0.182351 
0.18385 
0.185347 
0.186842 
0.188335 
0.189827 
0.191316 
0.192803 
0.194289 
0.195772 
0.197253 
0.198732 
0.20021 
0.201685 
0.203158 
0.204629 
0.206098 
0.207564 
0.209029 
0.210491 
0.211952 
0.21341 
0.214866 
0.21632 
0.217771 
0.219221 
0.220668 
0.222113 
0.223555 
0.224996 
0.226434 
0.227869 
0.229303 
0.230734 
0.232163 
0.233589 
0.235013 
0.236435 
0.237854 
0.239271 
0.240686 
0.242098 
0.243507 
0.244915 
0.246319 
0.247721 
0.249121 
0.250518 
0.251913 
0.253305 
0.254694 
0.256081 
0.257466 
0.258847 
0.260226 
0.261603 
0.262977 
0.264348 
0.265716 
0.267082 
0.268445 
0.269805 
0.271163 
0.272518 
0.27387 
0.275219 
0.276566 
0.277909 
0.27925 
0.280588 
0.281923 
0.283255 
0.284584 
0.285911 
0.287234 
0.288555 
0.289872 
0.291187 
0.292499 
0.293807 
0.295113 
0.296415 
0.297715 
0.299011 
0.300305 
0.301595 
0.302882 
0.304166 
0.305447 
0.306724 
0.307999 
0.30927 
0.310538 
0.311803 
0.313064 
0.314323 
0.315578 
0.316829 
0.318078 
0.319323 
0.320565 
0.321803 
0.323038 
0.32427 
0.325498 
0.326722 
0.327944 
0.329162 
0.330376 
0.331587 
0.332794 
0.333998 
0.335198 
0.336395 
0.337588 
0.338778 
0.339964 
0.341146 
0.342325 
0.3435 
0.344671 
0.345838 
0.347002 
0.348163 
0.349319 
0.350472 
0.351621 
0.352766 
0.353907 
0.355045 
0.356178 
0.357308 
0.358434 
0.359556 
0.360674 
0.361788 
0.362898 
0.364005 
0.365107 
0.366205 
0.367299 
0.36839 
0.369476 
0.370558 
0.371636 
0.37271 
0.37378 
0.374846 
0.375908 
0.376965 
0.378019 
0.379068 
0.380113 
0.381153 
0.38219 
0.383222 
0.38425 
0.385274 
0.386293 
0.387308 
0.388319 
0.389326 
0.390328 
0.391325 
0.392319 
0.393308 
0.394292 
0.395272 
0.396248 
0.397219 
0.398185 
0.399148 
0.400105 
0.401058 
0.402007 
0.402951 
0.40389 
0.404825 
0.405756 
0.406681 
0.407602 
0.408519 
0.40943 
0.410337 
0.41124 
0.412137 
0.41303 
0.413918 
0.414802 
0.415681 
0.416555 
0.417424 
0.418288 
0.419147 
0.420002 
0.420852 
0.421697 
0.422537 
0.423372 
0.424203 
0.425028 
0.425849 
0.426664 
0.427475 
0.42828 
0.429081 
0.429877 
0.430667 
0.431453 
0.432234 
0.433009 
0.43378 
0.434545 
0.435305 
0.436061 
0.436811 
0.437556 
0.438296 
0.439031 
0.43976 
0.440485 
0.441204 
0.441918 
0.442627 
0.443331 
0.444029 
0.444723 
0.445411 
0.446093 
0.446771 
0.447443 
0.44811 
0.448772 
0.449428 
0.450079 
0.450724 
0.451365 
0.452 
0.452629 
0.453254 
0.453872 
0.454486 
0.455094 
0.455696 
0.456294 
0.456885 
0.457472 
0.458053 
0.458628 
0.459198 
0.459762 
0.460321 
0.460875 
0.461423 
0.461965 
0.462502 
0.463033 
0.463559 
0.46408 
0.464594 
0.465103 
0.465607 
0.466105 
0.466597 
0.467084 
0.467565 
0.468041 
0.468511 
0.468975 
0.469434 
0.469887 
0.470334 
0.470776 
0.471212 
0.471642 
0.472067 
0.472486 
0.472899 
0.473307 
0.473709 
0.474105 
0.474496 
0.47488 
0.47526 
0.475633 
0.476 
0.476362 
0.476718 
0.477069 
0.477413 
0.477752 
0.478085 
0.478412 
0.478734 
0.479049 
0.479359 
0.479663 
0.479961 
0.480254 
0.48054 
0.480821 
0.481096 
0.481365 
0.481629 
0.481886 
0.482138 
0.482384 
0.482624 
0.482858 
0.483086 
0.483309 
0.483525 
0.483736 
0.483941 
0.48414 
0.484333 
0.484521 
0.484702 
0.484878 
0.485048 
0.485211 
0.485369 
0.485522 
0.485668 
0.485808 
0.485943 
0.486071 
0.486194 
0.486311 
0.486422 
0.486527 
0.486626 
0.486719 
0.486807 
0.486888 
0.486964 
0.487034 
0.487098 
0.487156 
0.487208 
0.487254 
0.487294 
0.487329 
0.487357 
0.48738 
0.487397 
0.487408 
0.487413 
0.487412 
0.487405 
0.487393 
0.487374 
0.48735 
0.48732 
0.487284 
0.487242 
0.487194 
0.487141 
0.487081 
0.487016 
0.486945 
0.486868 
0.486785 
0.486696 
0.486602 
0.486502 
0.486395 
0.486283 
0.486165 
0.486042 
0.485912 
0.485777 
0.485636 
0.485489 
0.485336 
0.485178 
0.485014 
0.484844 
0.484668 
0.484486 
0.484299 
0.484106 
0.483907 
0.483702 
0.483492 
0.483276 
0.483054 
0.482826 
0.482593 
0.482354 
0.482109 
0.481858 
0.481602 
0.48134 
0.481073 
0.480799 
0.480521 
0.480236 
0.479946 
0.47965 
0.479348 
0.479041 
0.478728 
0.47841 
0.478086 
0.477756 
0.477421 
0.47708 
0.476733 
0.476381 
0.476023 
0.47566 
0.475291 
0.474917 
0.474537 
0.474152 
0.473761 
0.473365 
0.472963 
0.472555 
0.472142 
0.471724 
0.4713 
0.470871 
0.470436 
0.469996 
0.46955 
0.469099 
0.468643 
0.468181 
0.467713 
0.467241 
0.466763 
0.466279 
0.465791 
0.465296 
0.464797 
0.464292 
0.463782 
0.463267 
0.462746 
0.46222 
0.461689 
0.461152 
0.460611 
0.460064 
0.459511 
0.458954 
0.458391 
0.457824 
0.45725 
0.456672 
0.456089 
0.4555 
0.454907 
0.454308 
0.453704 
0.453095 
0.452481 
0.451862 
0.451237 
0.450608 
0.449974 
0.449334 
0.44869 
0.44804 
0.447386 
0.446726 
0.446062 
0.445392 
0.444718 
0.444039 
0.443354 
0.442665 
0.441971 
0.441272 
0.440568 
0.43986 
0.439146 
0.438428 
0.437704 
0.436976 
0.436243 
0.435506 
0.434763 
0.434016 
0.433264 
0.432507 
0.431746 
0.43098 
0.430209 
0.429433 
0.428653 
0.427868 
0.427078 
0.426284 
0.425485 
0.424682 
0.423874 
0.423061 
0.422244 
0.421422 
0.420595 
0.419764 
0.418929 
0.418089 
0.417244 
0.416395 
0.415542 
0.414684 
0.413821 
0.412955 
0.412083 
0.411208 
0.410328 
0.409443 
0.408554 
0.407661 
0.406763 
0.405862 
0.404955 
0.404045 
0.40313 
0.402211 
0.401288 
0.40036 
0.399428 
0.398492 
0.397551 
0.396607 
0.395658 
0.394705 
0.393748 
0.392787 
0.391821 
0.390852 
0.389878 
0.388901 
0.387919 
0.386933 
0.385943 
0.384949 
0.383951 
0.382949 
0.381942 
0.380932 
0.379918 
0.3789 
0.377878 
0.376852 
0.375822 
0.374788 
0.37375 
0.372708 
0.371663 
0.370613 
0.36956 
0.368503 
0.367442 
0.366377 
0.365308 
0.364236 
0.363159 
0.362079 
0.360996 
0.359908 
0.358817 
0.357722 
0.356623 
0.35552 
0.354414 
0.353304 
0.352191 
0.351074 
0.349953 
0.348829 
0.347701 
0.346569 
0.345434 
0.344295 
0.343152 
0.342007 
0.340857 
0.339704 
0.338547 
0.337387 
0.336224 
0.335057 
0.333886 
0.332712 
0.331535 
0.330354 
0.32917 
0.327982 
0.326791 
0.325596 
0.324399 
0.323197 
0.321993 
0.320785 
0.319574 
0.318359 
0.317141 
0.31592 
0.314695 
0.313468 
0.312237 
0.311003 
0.309765 
0.308524 
0.30728 
0.306033 
0.304783 
0.30353 
0.302273 
0.301013 
0.29975 
0.298484 
0.297215 
0.295943 
0.294667 
0.293389 
0.292107 
0.290822 
0.289535 
0.288244 
0.28695 
0.285654 
0.284354 
0.283051 
0.281745 
0.280437 
0.279125 
0.27781 
0.276493 
0.275172 
0.273849 
0.272523 
0.271193 
0.269861 
0.268527 
0.267189 
0.265848 
0.264505 
0.263159 
0.261809 
0.260458 
0.259103 
0.257746 
0.256385 
0.255023 
0.253657 
0.252289 
0.250917 
0.249544 
0.248167 
0.246788 
0.245406 
0.244022 
0.242635 
0.241245 
0.239852 
0.238458 
0.23706 
0.23566 
0.234257 
0.232852 
0.231444 
0.230034 
0.228621 
0.227205 
0.225787 
0.224367 
0.222944 
0.221519 
0.220091 
0.218661 
0.217228 
0.215793 
0.214356 
0.212916 
0.211474 
0.210029 
0.208582 
0.207133 
0.205681 
0.204227 
0.202771 
0.201312 
0.199852 
0.198388 
0.196923 
0.195456 
0.193986 
0.192514 
0.191039 
0.189563 
0.188084 
0.186604 
0.185121 
0.183636 
0.182149 
0.180659 
0.179168 
0.177674 
0.176179 
0.174681 
0.173181 
0.17168 
0.170176 
0.16867 
0.167162 
0.165653 
0.164141 
0.162627 
0.161112 
0.159594 
0.158075 
0.156553 
0.15503 
0.153505 
0.151978 
0.150449 
0.148919 
0.147386 
0.145852 
0.144316 
0.142778 
0.141238 
0.139697 
0.138154 
0.136609 
0.135062 
0.133514 
0.131964 
0.130413 
0.128859 
0.127304 
0.125748 
0.12419 
0.12263 
0.121069 
0.119506 
0.117942 
0.116376 
0.114808 
0.113239 
0.111669 
0.110097 
0.108523 
0.106949 
0.105372 
0.103795 
0.102215 
0.100635 
0.0990531 
0.0974699 
0.0958854 
0.0942995 
0.0927123 
0.0911238 
0.0895341 
0.0879431 
0.0863508 
0.0847573 
0.0831626 
0.0815667 
0.0799696 
0.0783714 
0.076772 
0.0751714 
0.0735697 
0.071967 
0.0703631 
0.0687582 
0.0671522 
0.0655452 
0.0639372 
0.0623282 
0.0607181 
0.0591071 
0.0574952 
0.0558823 
0.0542685 
0.0526538 
0.0510382 
0.0494217 
0.0478044 
0.0461862 
0.0445672 
0.0429475 
0.0413269 
0.0397056 
0.0380835 
0.0364607 
0.0348371 
0.0332129 
0.031588 
0.0299624 
0.0283362 
0.0267094 
0.0250819 
0.0234539 
0.0218253 
0.0201961 
0.0185664 
0.0169362 
0.0153054 
0.0136742 
0.0120425 
0.0104104 
0.00877786 
0.0071449 
0.00551155 
0.00387782 
0.00224374 
0.000609322 
-0.00102541 
-0.00266045 
-0.00429576 
-0.00593134 
-0.00756716 
-0.0092032 
-0.0108394 
-0.0124759 
-0.0141125 
-0.0157492 
-0.0173861 
-0.0190231 
-0.0206602 
-0.0222973 
-0.0239345 
-0.0255717 
-0.027209 
-0.0288462 
-0.0304834 
-0.0321206 
-0.0337577 
-0.0353947 
-0.0370316 
-0.0386684 
-0.0403051 
-0.0419415 
-0.0435779 
-0.0452139 
-0.0468498 
-0.0484855 
-0.0501208 
-0.0517559 
-0.0533907 
-0.0550252 
-0.0566593 
-0.058293 
-0.0599264 
-0.0615594 
-0.0631919 
-0.0648241 
-0.0664557 
-0.0680869 
-0.0697175 
-0.0713476 
-0.0729772 
-0.0746062 
-0.0762347 
-0.0778625 
-0.0794897 
-0.0811163 
-0.0827422 
-0.0843674 
-0.0859918 
-0.0876156 
-0.0892386 
-0.0908609 
-0.0924823 
-0.0941029 
-0.0957227 
-0.0973417 
-0.0989598 
-0.100577 
-0.102193 
-0.103809 
-0.105423 
-0.107036 
-0.108649 
-0.11026 
-0.11187 
-0.11348 
-0.115088 
-0.116695 
-0.118301 
-0.119906 
-0.121509 
-0.123112 
-0.124713 
-0.126313 
-0.127912 
-0.12951 
-0.131106 
-0.132701 
-0.134294 
-0.135886 
-0.137477 
-0.139067 
-0.140655 
-0.142241 
-0.143827 
-0.14541 
-0.146992 
-0.148573 
-0.150152 
-0.15173 
-0.153306 
-0.15488 
-0.156453 
-0.158024 
-0.159593 
-0.161161 
-0.162727 
-0.164292 
-0.165854 
-0.167415 
-0.168974 
-0.170531 
-0.172087 
-0.17364 
-0.175192 
-0.176742 
-0.178289 
-0.179835 
-0.181379 
-0.182921 
-0.184461 
-0.185999 
-0.187535 
-0.189069 
-0.190601 
-0.192131 
-0.193659 
-0.195184 
-0.196708 
-0.198229 
-0.199748 
-0.201265 
-0.202779 
-0.204291 
-0.205802 
-0.207309 
-0.208815 
-0.210318 
-0.211819 
-0.213317 
-0.214813 
-0.216307 
-0.217798 
-0.219287 
-0.220773 
-0.222257 
-0.223738 
-0.225217 
-0.226693 
-0.228167 
-0.229638 
-0.231106 
-0.232572 
-0.234035 
-0.235496 
-0.236954 
-0.238409 
-0.239861 
-0.241311 
-0.242758 
-0.244203 
-0.245644 
-0.247083 
-0.248519 
-0.249952 
-0.251382 
-0.252809 
-0.254234 
-0.255655 
-0.257074 
-0.258489 
-0.259902 
-0.261312 
-0.262719 
-0.264122 
-0.265523 
-0.266921 
-0.268315 
-0.269707 
-0.271095 
-0.272481 
-0.273863 
-0.275242 
-0.276618 
-0.27799 
-0.27936 
-0.280726 
-0.282089 
-0.283449 
-0.284805 
-0.286159 
-0.287509 
-0.288855 
-0.290199 
-0.291539 
-0.292875 
-0.294209 
-0.295539 
-0.296865 
-0.298188 
-0.299508 
-0.300824 
-0.302137 
-0.303446 
-0.304752 
-0.306054 
-0.307353 
-0.308648 
-0.30994 
-0.311228 
-0.312513 
-0.313794 
-0.315071 
-0.316345 
-0.317615 
-0.318881 
-0.320144 
-0.321403 
-0.322659 
-0.32391 
-0.325158 
-0.326403 
-0.327643 
-0.32888 
-0.330113 
-0.331342 
-0.332568 
-0.33379 
-0.335007 
-0.336221 
-0.337432 
-0.338638 
-0.33984 
-0.341039 
-0.342234 
-0.343425 
-0.344611 
-0.345794 
-0.346973 
-0.348149 
-0.34932 
-0.350487 
-0.35165 
-0.352809 
-0.353964 
-0.355116 
-0.356263 
-0.357406 
-0.358545 
-0.35968 
-0.360811 
-0.361938 
-0.363061 
-0.364179 
-0.365294 
-0.366404 
-0.367511 
-0.368613 
-0.369711 
-0.370805 
-0.371895 
-0.37298 
-0.374061 
-0.375139 
-0.376212 
-0.37728 
-0.378345 
-0.379405 
-0.380461 
-0.381513 
-0.382561 
-0.383604 
-0.384643 
-0.385678 
-0.386708 
-0.387734 
-0.388756 
-0.389774 
-0.390787 
-0.391796 
-0.3928 
-0.3938 
-0.394796 
-0.395788 
-0.396775 
-0.397758 
-0.398736 
-0.39971 
-0.40068 
-0.401645 
-0.402605 
-0.403562 
-0.404514 
-0.405461 
-0.406404 
-0.407343 
-0.408277 
-0.409207 
-0.410132 
-0.411053 
