0 
2.44888e-06 
7.46727e-06 
1.4336e-05 
2.23035e-05 
3.20954e-05 
4.31406e-05 
5.55438e-05 
6.8915e-05 
8.33842e-05 
9.85856e-05 
0.00011467 
0.000131293 
0.000148621 
0.000166326 
0.00018459 
0.000203098 
0.000222045 
0.000241127 
0.000260548 
0.000280014 
0.000299736 
0.000319431 
0.000339315 
0.000359111 
0.000379041 
0.000398835 
0.000418717 
0.000438424 
0.000458182 
0.000477733 
0.000497307 
0.000516647 
0.000535987 
0.000555074 
0.000574141 
0.000592938 
0.000611701 
0.000630183 
0.000648619 
0.000666763 
0.000684853 
0.000702645 
0.000720375 
0.000737801 
0.000755161 
0.000772214 
0.000789196 
0.00080587 
0.000822469 
0.000838758 
0.000854972 
0.000870874 
0.000886699 
0.000902214 
0.00091765 
0.000932775 
0.000947822 
0.000962559 
0.000977217 
0.000991566 
0.00100584 
0.0010198 
0.00103368 
0.00104726 
0.00106076 
0.00107395 
0.00108706 
0.00109987 
0.00111261 
0.00112504 
0.00113739 
0.00114944 
0.00116141 
0.00117308 
0.00118468 
0.00119598 
0.0012072 
0.00121813 
0.00122898 
0.00123953 
0.00125001 
0.0012602 
0.00127031 
0.00128013 
0.00128988 
0.00129933 
0.00130872 
0.00131781 
0.00132683 
0.00133557 
0.00134424 
0.00135262 
0.00136093 
0.00136896 
0.00137691 
0.00138459 
0.0013922 
0.00139954 
0.0014068 
0.00141379 
0.0014207 
0.00142736 
0.00143393 
0.00144025 
0.00144649 
0.00145247 
0.00145838 
0.00146403 
0.00146961 
0.00147494 
0.00148019 
0.0014852 
0.00149013 
0.00149482 
0.00149943 
0.0015038 
0.00150811 
0.00151217 
0.00151616 
0.00151991 
0.0015236 
0.00152705 
0.00153044 
0.00153359 
0.00153668 
0.00153954 
0.00154233 
0.0015449 
0.0015474 
0.00154969 
0.00155191 
0.00155391 
0.00155585 
0.00155757 
0.00155923 
0.00156068 
0.00156208 
0.00156326 
0.00156438 
0.0015653 
0.00156616 
0.00156682 
0.00156742 
0.00156783 
0.00156818 
0.00156833 
0.00156843 
0.00156834 
0.00156819 
0.00156786 
0.00156747 
0.0015669 
0.00156628 
0.00156548 
0.00156463 
0.0015636 
0.00156252 
0.00156127 
0.00155997 
0.0015585 
0.00155699 
0.0015553 
0.00155358 
0.00155168 
0.00154975 
0.00154766 
0.00154552 
0.00154323 
0.00154089 
0.00153841 
0.00153588 
0.0015332 
0.00153049 
0.00152763 
0.00152474 
0.0015217 
0.00151862 
0.00151541 
0.00151216 
0.00150878 
0.00150536 
0.00150181 
0.00149824 
0.00149453 
0.00149079 
0.00148693 
0.00148304 
0.00147902 
0.00147498 
0.00147082 
0.00146664 
0.00146234 
0.00145801 
0.00145358 
0.00144912 
0.00144455 
0.00143996 
0.00143527 
0.00143056 
0.00142574 
0.00142091 
0.00141597 
0.00141103 
0.00140598 
0.00140092 
0.00139577 
0.0013906 
0.00138534 
0.00138007 
0.00137472 
0.00136935 
0.0013639 
0.00135844 
0.0013529 
0.00134735 
0.00134173 
0.0013361 
0.00133039 
0.00132468 
0.0013189 
0.00131311 
0.00130725 
0.0013014 
0.00129547 
0.00128955 
0.00128356 
0.00127758 
0.00127153 
0.00126549 
0.00125938 
0.00125329 
0.00124713 
0.00124098 
0.00123478 
0.00122859 
0.00122235 
0.00121611 
0.00120983 
0.00120355 
0.00119723 
0.00119092 
0.00118457 
0.00117823 
0.00117186 
0.00116549 
0.00115909 
0.0011527 
0.00114628 
0.00113987 
0.00113343 
0.00112701 
0.00112055 
0.00111412 
0.00110766 
0.00110121 
0.00109474 
0.00108829 
0.00108182 
0.00107537 
0.0010689 
0.00106245 
0.00105598 
0.00104954 
0.00104308 
0.00103664 
0.00103019 
0.00102376 
0.00101732 
0.00101091 
0.00100449 
0.000998096 
0.000991693 
0.000985319 
0.000978938 
0.000972587 
0.00096623 
0.000959905 
0.000953576 
0.000947279 
0.00094098 
0.000934715 
0.000928449 
0.000922218 
0.000915987 
0.000909792 
0.0009036 
0.000897444 
0.000891292 
0.000885177 
0.000879069 
0.000872998 
0.000866934 
0.000860909 
0.000854893 
0.000848917 
0.000842951 
0.000837025 
0.000831111 
0.000825238 
0.000819377 
0.000813559 
0.000807755 
0.000801994 
0.000796248 
0.000790546 
0.000784859 
0.000779218 
0.000773594 
0.000768015 
0.000762454 
0.00075694 
0.000751445 
0.000745996 
0.000740568 
0.000735188 
0.000729828 
0.000724517 
0.000719229 
0.000713988 
0.000708771 
0.000703604 
0.00069846 
0.000693367 
0.000688298 
0.00068328 
0.000678287 
0.000673346 
0.00066843 
0.000663567 
0.00065873 
0.000653946 
0.000649189 
0.000644486 
0.00063981 
0.000635188 
0.000630594 
0.000626055 
0.000621545 
0.000617089 
0.000612663 
0.000608292 
0.000603951 
0.000599665 
0.00059541 
0.000591211 
0.000587043 
0.000582931 
0.000578851 
0.000574827 
0.000570835 
0.0005669 
0.000562997 
0.000559152 
0.000555339 
0.000551584 
0.000547861 
0.000544197 
0.000540565 
0.000536992 
0.000533452 
0.000529971 
0.000526522 
0.000523133 
0.000519778 
0.000516481 
0.000513219 
0.000510015 
0.000506846 
0.000503736 
0.000500659 
0.000497643 
0.000494661 
0.000491739 
0.00048885 
0.000486022 
0.000483228 
0.000480494 
0.000477794 
0.000475155 
0.00047255 
0.000470005 
0.000467494 
0.000465044 
0.000462628 
0.000460272 
0.00045795 
0.00045569 
0.000453462 
0.000451296 
0.000449163 
0.000447092 
0.000445053 
0.000443076 
0.000441132 
0.000439249 
0.000437398 
0.000435609 
0.000433853 
0.000432158 
0.000430495 
0.000428893 
0.000427323 
0.000425815 
0.000424338 
0.000422923 
0.000421539 
0.000420216 
0.000418924 
0.000417694 
0.000416494 
0.000415355 
0.000414247 
0.000413199 
0.000412182 
0.000411225 
0.000410298 
0.000409432 
0.000408595 
0.000407819 
0.000407071 
0.000406384 
0.000405725 
0.000405127 
0.000404556 
0.000404046 
0.000403563 
0.00040314 
0.000402744 
0.000402408 
0.000402099 
0.000401849 
0.000401625 
0.00040146 
0.000401321 
0.000401241 
0.000401186 
0.00040119 
0.000401218 
0.000401305 
0.000401416 
0.000401585 
0.000401778 
0.000402028 
0.000402302 
0.000402633 
0.000402987 
0.000403397 
0.00040383 
0.000404319 
0.00040483 
0.000405398 
0.000405986 
0.00040663 
0.000407295 
0.000408015 
0.000408755 
0.00040955 
0.000410364 
0.000411233 
0.000412121 
0.000413062 
0.000414023 
0.000415036 
0.000416068 
0.000417152 
0.000418254 
0.000419408 
0.000420579 
0.000421801 
0.00042304 
0.00042433 
0.000425636 
0.000426992 
0.000428364 
0.000429786 
0.000431222 
0.000432708 
0.000434208 
0.000435756 
0.000437319 
0.000438929 
0.000440552 
0.000442223 
0.000443906 
0.000445636 
0.000447378 
0.000449166 
0.000450966 
0.00045281 
0.000454666 
0.000456566 
0.000458477 
0.000460431 
0.000462396 
0.000464403 
0.00046642 
0.000468479 
0.000470547 
0.000472656 
0.000474774 
0.000476932 
0.000479099 
0.000481305 
0.000483518 
0.00048577 
0.00048803 
0.000490327 
0.000492631 
0.000494972 
0.000497319 
0.000499702 
0.000502091 
0.000504515 
0.000506944 
0.000509408 
0.000511876 
0.000514378 
0.000516884 
0.000519423 
0.000521965 
0.000524539 
0.000527116 
0.000529724 
0.000532335 
0.000534975 
0.000537618 
0.000540289 
0.000542963 
0.000545664 
0.000548367 
0.000551097 
0.000553828 
0.000556584 
0.000559341 
0.000562123 
0.000564905 
0.000567711 
0.000570517 
0.000573346 
0.000576174 
0.000579023 
0.000581872 
0.000584742 
0.00058761 
0.000590498 
0.000593384 
0.000596289 
0.000599192 
0.000602112 
0.00060503 
0.000607964 
0.000610895 
0.000613842 
0.000616786 
0.000619744 
0.000622699 
0.000625666 
0.000628631 
0.000631607 
0.00063458 
0.000637562 
0.000640542 
0.00064353 
0.000646515 
0.000649507 
0.000652496 
0.000655491 
0.000658482 
0.000661479 
0.000664471 
0.000667467 
0.00067046 
0.000673455 
0.000676445 
0.000679438 
0.000682425 
0.000685414 
0.000688397 
0.00069138 
0.000694358 
0.000697334 
0.000700305 
0.000703273 
0.000706235 
0.000709194 
0.000712147 
0.000715095 
0.000718037 
0.000720973 
0.000723903 
0.000726825 
0.000729742 
0.00073265 
0.000735552 
0.000738444 
0.000741331 
0.000744206 
0.000747075 
0.000749932 
0.000752783 
0.00075562 
0.000758451 
0.000761268 
0.000764078 
0.000766873 
0.000769662 
0.000772433 
0.000775199 
0.000777946 
0.000780688 
0.00078341 
0.000786126 
0.000788821 
0.000791511 
0.000794179 
0.000796842 
0.000799481 
0.000802115 
0.000804724 
0.000807328 
0.000809907 
0.000812481 
0.000815028 
0.000817569 
0.000820084 
0.000822593 
0.000825073 
0.000827549 
0.000829995 
0.000832436 
0.000834845 
0.000837251 
0.000839624 
0.000841993 
0.000844329 
0.000846661 
0.000848958 
0.000851251 
0.00085351 
0.000855764 
0.000857982 
0.000860196 
0.000862373 
0.000864547 
0.000866682 
0.000868815 
0.000870907 
0.000872997 
0.000875047 
0.000877094 
0.000879099 
0.000881103 
0.000883063 
0.000885022 
0.000886938 
0.000888851 
0.000890721 
0.000892589 
0.000894411 
0.000896233 
0.000898008 
0.000899783 
0.00090151 
0.000903238 
0.000904917 
0.000906596 
0.000908226 
0.000909856 
0.000911437 
0.000913018 
0.000914548 
0.00091608 
0.00091756 
0.000919041 
0.000920471 
0.000921901 
0.000923279 
0.000924659 
0.000925985 
0.000927314 
0.000928588 
0.000929865 
0.000931087 
0.000932311 
0.00093348 
0.000934653 
0.000935768 
0.000936888 
0.000937951 
0.000939017 
0.000940026 
0.00094104 
0.000941995 
0.000942955 
0.000943856 
0.000944763 
0.00094561 
0.000946463 
0.000947255 
0.000948054 
0.000948792 
0.000949537 
0.00095022 
0.000950911 
0.000951539 
0.000952176 
0.000952749 
0.000953331 
0.00095385 
0.000954378 
0.000954842 
0.000955316 
0.000955725 
0.000956144 
0.000956498 
0.000956863 
0.000957162 
0.000957472 
0.000957717 
0.000957973 
0.000958163 
0.000958365 
0.000958501 
0.000958648 
0.00095873 
0.000958823 
0.00095885 
0.00095889 
0.000958863 
0.000958849 
0.000958768 
0.000958701 
0.000958566 
0.000958445 
0.000958257 
0.000958083 
0.000957842 
0.000957615 
0.000957321 
0.000957041 
0.000956694 
0.000956363 
0.000955963 
0.000955579 
0.000955127 
0.000954692 
0.000954188 
0.000953701 
0.000953146 
0.000952608 
0.000952002 
0.000951413 
0.000950756 
0.000950117 
0.000949409 
0.00094872 
0.000947963 
0.000947224 
0.000946417 
0.000945629 
0.000944773 
0.000943936 
0.000943031 
0.000942146 
0.000941192 
0.00094026 
0.000939258 
0.000938278 
0.000937229 
0.000936202 
0.000935107 
0.000934033 
0.000932891 
0.000931771 
0.000930583 
0.000929418 
0.000928185 
0.000926975 
0.000925697 
0.000924442 
0.00092312 
0.000921821 
0.000920455 
0.000919113 
0.000917704 
0.000916319 
0.000914867 
0.00091344 
0.000911946 
0.000910477 
0.000908942 
0.000907432 
0.000905856 
0.000904305 
0.000902689 
0.000901098 
0.000899442 
0.000897812 
0.000896117 
0.000894448 
0.000892714 
0.000891007 
0.000889236 
0.000887492 
0.000885683 
0.000883902 
0.000882057 
0.000880239 
0.000878358 
0.000876505 
0.000874589 
0.0008727 
0.00087075 
0.000868827 
0.000866842 
0.000864886 
0.000862868 
0.000860878 
0.000858828 
0.000856806 
0.000854724 
0.00085267 
0.000850557 
0.000848472 
0.000846328 
0.000844213 
0.000842039 
0.000839894 
0.000837691 
0.000835517 
0.000833285 
0.000831083 
0.000828824 
0.000826594 
0.000824307 
0.00082205 
0.000819738 
0.000817454 
0.000815116 
0.000812807 
0.000810444 
0.00080811 
0.000805722 
0.000803364 
0.000800953 
0.000798572 
0.000796137 
0.000793733 
0.000791277 
0.000788851 
0.000786373 
0.000783926 
0.000781427 
0.000778959 
0.000776441 
0.000773953 
0.000771415 
0.000768908 
0.000766352 
0.000763826 
0.000761252 
0.000758709 
0.000756118 
0.000753557 
0.00075095 
0.000748373 
0.00074575 
0.000743158 
0.00074052 
0.000737913 
0.000735261 
0.00073264 
0.000729974 
0.000727339 
0.000724661 
0.000722014 
0.000719324 
0.000716665 
0.000713963 
0.000711293 
0.000708581 
0.000705901 
0.000703179 
0.000700489 
0.000697758 
0.000695059 
0.00069232 
0.000689613 
0.000686866 
0.000684151 
0.000681398 
0.000678677 
0.000675917 
0.00067319 
0.000670425 
0.000667692 
0.000664923 
0.000662186 
0.000659413 
0.000656672 
0.000653896 
0.000651152 
0.000648373 
0.000645627 
0.000642847 
0.000640099 
0.000637318 
0.000634569 
0.000631788 
0.00062904 
0.000626259 
0.000623511 
0.000620732 
0.000617985 
0.000615208 
0.000612464 
0.00060969 
0.000606948 
0.000604177 
0.000601439 
0.000598673 
0.000595939 
0.000593178 
0.000590449 
0.000587693 
0.000584971 
0.000582221 
0.000579505 
0.000576763 
0.000574054 
0.00057132 
0.000568619 
0.000565893 
0.000563201 
0.000560484 
0.000557801 
0.000555094 
0.000552422 
0.000549726 
0.000547064 
0.000544379 
0.000541729 
0.000539056 
0.000536418 
0.000533758 
0.000531133 
0.000528487 
0.000525875 
0.000523243 
0.000520645 
0.000518028 
0.000515445 
0.000512843 
0.000510276 
0.00050769 
0.00050514 
0.00050257 
0.000500037 
0.000497485 
0.000494969 
0.000492435 
0.000489937 
0.000487422 
0.000484943 
0.000482447 
0.000479988 
0.000477511 
0.000475072 
0.000472616 
0.000470198 
0.000467763 
0.000465366 
0.000462953 
0.000460578 
0.000458187 
0.000455834 
0.000453466 
0.000451137 
0.000448792 
0.000446486 
0.000444165 
0.000441883 
0.000439587 
0.00043733 
0.000435058 
0.000432827 
0.000430581 
0.000428375 
0.000426155 
0.000423975 
0.000421782 
0.000419629 
0.000417462 
0.000415337 
0.000413198 
0.0004111 
0.000408989 
0.000406919 
0.000404836 
0.000402795 
0.000400741 
0.000398729 
0.000396704 
0.000394722 
0.000392726 
0.000390774 
0.000388808 
0.000386887 
0.000384951 
0.00038306 
0.000381155 
0.000379295 
0.000377421 
0.000375593 
0.00037375 
0.000371954 
0.000370143 
0.000368378 
0.000366599 
0.000364867 
0.00036312 
0.00036142 
0.000359706 
0.000358039 
0.000356358 
0.000354724 
0.000353076 
0.000351476 
0.00034986 
0.000348294 
0.000346712 
0.000345179 
0.000343631 
0.000342133 
0.000340618 
0.000339154 
0.000337673 
0.000336243 
0.000334796 
0.000333401 
0.000331988 
0.000330628 
0.000329249 
0.000327923 
0.000326579 
0.000325288 
0.000323979 
0.000322723 
0.000321448 
0.000320226 
0.000318986 
0.0003178 
0.000316593 
0.000315442 
0.000314271 
0.000313155 
0.000312018 
0.000310937 
0.000309834 
0.000308788 
0.00030772 
0.000306709 
0.000305675 
0.000304699 
0.000303699 
0.000302758 
0.000301792 
0.000300885 
0.000299954 
0.000299082 
0.000298185 
0.000297347 
0.000296483 
0.00029568 
0.00029485 
0.000294081 
0.000293284 
0.000292549 
0.000291786 
0.000291084 
0.000290354 
0.000289686 
0.000288989 
0.000288354 
0.000287689 
0.000287088 
0.000286455 
0.000285887 
0.000285286 
0.00028475 
0.000284181 
0.000283678 
0.00028314 
0.000282669 
0.000282162 
0.000281722 
0.000281247 
0.000280838 
0.000280393 
0.000280016 
0.000279601 
0.000279254 
0.000278869 
0.000278552 
0.000278196 
0.00027791 
0.000277583 
0.000277326 
0.000277028 
0.0002768 
0.00027653 
0.00027633 
0.000276088 
0.000275917 
0.000275702 
0.000275559 
0.00027537 
0.000275255 
0.000275093 
0.000275004 
0.000274868 
0.000274806 
0.000274695 
0.000274659 
0.000274574 
0.000274563 
0.000274502 
0.000274516 
0.000274479 
0.000274518 
0.000274504 
0.000274567 
0.000274576 
0.000274662 
0.000274694 
0.000274803 
0.000274856 
0.000274988 
0.000275063 
0.000275216 
0.000275312 
0.000275487 
0.000275603 
0.000275798 
0.000275934 
0.000276149 
0.000276304 
0.000276539 
0.000276713 
0.000276967 
0.000277158 
0.000277431 
0.00027764 
0.000277931 
0.000278156 
0.000278464 
0.000278706 
0.000279031 
0.000279288 
0.000279629 
0.000279902 
0.000280258 
0.000280545 
0.000280917 
0.000281218 
0.000281604 
0.000281918 
0.000282317 
0.000282645 
0.000283057 
0.000283397 
0.000283822 
0.000284173 
0.00028461 
0.000284972 
0.00028542 
0.000285792 
0.000286252 
0.000286634 
0.000287103 
0.000287494 
0.000287973 
0.000288373 
0.000288861 
0.000289269 
0.000289765 
0.00029018 
0.000290684 
0.000291106 
0.000291618 
0.000292046 
0.000292564 
0.000292998 
0.000293522 
0.000293961 
0.00029449 
0.000294934 
0.000295468 
0.000295916 
0.000296454 
0.000296905 
0.000297447 
0.000297901 
0.000298446 
0.000298903 
0.00029945 
0.000299908 
0.000300458 
0.000300917 
0.000301469 
0.000301928 
0.00030248 
0.000302941 
0.000303493 
0.000303953 
0.000304505 
0.000304963 
0.000305515 
0.000305972 
0.000306522 
0.000306978 
0.000307526 
0.000307979 
0.000308525 
0.000308975 
0.000309518 
0.000309965 
0.000310505 
0.000310947 
0.000311483 
0.000311922 
0.000312453 
0.000312887 
0.000313413 
0.000313842 
0.000314363 
0.000314785 
0.000315301 
0.000315717 
0.000316227 
0.000316636 
0.000317139 
0.000317542 
0.000318037 
0.000318432 
0.00031892 
0.000319307 
0.000319787 
0.000320166 
0.000320638 
0.000321008 
0.00032147 
0.000321831 
0.000322285 
0.000322636 
0.00032308 
0.000323421 
0.000323855 
0.000324187 
0.00032461 
0.000324931 
0.000325343 
0.000325653 
0.000326054 
0.000326353 
0.000326743 
0.000327029 
0.000327407 
0.000327682 
0.000328048 
0.000328311 
0.000328664 
0.000328914 
0.000329255 
0.000329492 
0.000329819 
0.000330043 
0.000330357 
0.000330568 
0.000330868 
0.000331065 
0.000331351 
0.000331534 
0.000331806 
0.000331975 
0.000332232 
0.000332387 
0.000332629 
0.000332769 
0.000332996 
0.000333121 
0.000333333 
0.000333443 
0.00033364 
0.000333735 
0.000333915 
0.000333995 
0.000334159 
0.000334223 
0.000334372 
0.00033442 
0.000334552 
0.000334584 
0.0003347 
0.000334716 
0.000334815 
0.000334814 
0.000334897 
0.00033488 
0.000334945 
0.000334912 
0.00033496 
0.00033491 
0.000334941 
0.000334875 
0.000334888 
0.000334805 
0.000334801 
0.000334701 
0.000334679 
0.000334562 
0.000334523 
0.000334389 
0.000334332 
0.00033418 
0.000334106 
0.000333937 
0.000333845 
0.000333659 
0.000333548 
0.000333345 
0.000333217 
0.000332997 
0.00033285 
0.000332613 
0.000332449 
0.000332194 
0.000332012 
0.00033174 
0.000331539 
0.00033125 
0.000331032 
0.000330725 
0.000330489 
0.000330165 
0.000329911 
0.00032957 
0.000329298 
0.00032894 
0.00032865 
0.000328275 
0.000327967 
0.000327575 
0.000327249 
0.000326841 
0.000326497 
0.000326072 
0.00032571 
0.000325269 
0.000324889 
0.000324431 
0.000324034 
0.00032356 
0.000323146 
0.000322655 
0.000322223 
0.000321716 
0.000321267 
0.000320744 
0.000320279 
0.000319739 
0.000319257 
0.000318702 
0.000318203 
0.000317632 
0.000317116 
0.00031653 
0.000315998 
0.000315396 
0.000314848 
0.000314231 
0.000313667 
0.000313035 
0.000312455 
0.000311808 
0.000311212 
0.000310551 
0.000309939 
0.000309264 
0.000308637 
0.000307948 
0.000307305 
0.000306602 
0.000305945 
0.000305228 
0.000304556 
0.000303826 
0.00030314 
0.000302396 
0.000301695 
0.000300939 
0.000300224 
0.000299455 
0.000298726 
0.000297945 
0.000297203 
0.000296409 
0.000295654 
0.000294848 
0.00029408 
0.000293262 
0.000292481 
0.000291652 
0.000290859 
0.000290019 
0.000289213 
0.000288362 
0.000287544 
0.000286683 
0.000285853 
0.000284982 
0.000284141 
0.000283259 
0.000282408 
0.000281516 
0.000280654 
0.000279753 
0.00027888 
0.00027797 
0.000277087 
0.000276168 
0.000275275 
0.000274348 
0.000273445 
0.00027251 
0.000271598 
0.000270655 
0.000269734 
0.000268784 
0.000267854 
0.000266896 
0.000265959 
0.000264994 
0.000264049 
0.000263077 
0.000262124 
0.000261146 
0.000260186 
0.000259202 
0.000258235 
0.000257245 
0.000256271 
0.000255276 
0.000254296 
0.000253296 
0.00025231 
0.000251306 
0.000250314 
0.000249305 
0.000248309 
0.000247296 
0.000246294 
0.000245277 
0.000244271 
0.000243251 
0.00024224 
0.000241218 
0.000240203 
0.000239177 
0.000238159 
0.000237131 
0.00023611 
0.00023508 
0.000234055 
0.000233024 
0.000231997 
0.000230964 
0.000229935 
0.000228901 
0.00022787 
0.000226835 
0.000225802 
0.000224767 
0.000223733 
0.000222698 
0.000221663 
0.000220629 
0.000219593 
0.000218559 
0.000217523 
0.00021649 
0.000215454 
0.000214422 
0.000213387 
0.000212357 
0.000211322 
0.000210293 
0.00020926 
0.000208234 
0.000207202 
0.000206178 
0.000205147 
0.000204126 
0.000203098 
0.00020208 
0.000201054 
0.000200039 
0.000199016 
0.000198005 
0.000196985 
0.000195977 
0.00019496 
0.000193957 
0.000192944 
0.000191946 
0.000190936 
0.000189943 
0.000188939 
0.000187951 
0.000186954 
0.000185972 
0.000184982 
0.000184009 
0.000183027 
0.000182061 
0.000181088 
0.000180131 
0.00017914 
0.000178173 
0.00017721 
0.000176239 
0.00017528 
0.000174321 
0.000173368 
0.000172416 
0.000171471 
0.000170527 
0.000169589 
0.000168654 
0.000167722 
0.000166796 
0.000165872 
0.000164954 
0.000164038 
0.000163129 
0.000162221 
0.000161321 
0.000160422 
0.00015953 
0.000158639 
0.000157757 
0.000156875 
0.000156003 
0.000155129 
0.000154267 
0.000153402 
0.000152549 
0.000151695 
0.000150852 
0.000150006 
0.000149174 
0.000148338 
0.000147516 
0.00014669 
0.000145878 
0.000145063 
0.000144262 
0.000143457 
0.000142666 
0.000141872 
0.000141092 
0.000140309 
0.00013954 
0.000138767 
0.00013801 
0.000137249 
0.000136503 
0.000135753 
0.000135018 
0.000134279 
0.000133557 
0.00013283 
0.000132119 
0.000131403 
0.000130704 
0.000130001 
0.000129313 
0.000128622 
0.000127947 
0.000127268 
0.000126605 
0.000125938 
0.000125287 
0.000124633 
0.000123994 
0.000123353 
0.000122726 
0.000122097 
0.000121484 
0.000120868 
0.000120266 
0.000119663 
0.000119075 
0.000118484 
0.000117908 
0.000117331 
0.000116768 
0.000116204 
0.000115653 
0.000115103 
0.000114565 
0.000114028 
0.000113502 
0.000112979 
0.000112466 
0.000111956 
0.000111456 
0.00011096 
0.000110473 
0.00010999 
0.000109516 
0.000109047 
0.000108585 
0.00010813 
0.000107681 
0.000107239 
0.000106803 
0.000106375 
0.000105952 
0.000105538 
0.000105127 
0.000104727 
0.000104328 
0.000103942 
0.000103556 
0.000103184 
0.000102811 
0.000102452 
0.000102092 
0.000101747 
0.000101399 
0.000101066 
0.00010073 
0.000100409 
0.000100084 
9.97734e-05 
9.94581e-05 
9.91575e-05 
9.88516e-05 
9.85602e-05 
9.82632e-05 
9.80192e-05 
9.77486e-05 
9.7504e-05 
9.72456e-05 
9.70137e-05 
9.67664e-05 
9.65473e-05 
9.63111e-05 
9.61049e-05 
9.58799e-05 
9.56865e-05 
9.54726e-05 
9.52921e-05 
9.50893e-05 
9.49217e-05 
9.473e-05 
9.45752e-05 
9.43944e-05 
9.42525e-05 
9.40825e-05 
9.39534e-05 
9.37942e-05 
9.36779e-05 
9.35294e-05 
9.34256e-05 
9.32877e-05 
9.31966e-05 
9.30691e-05 
9.29905e-05 
9.28733e-05 
9.28071e-05 
9.27002e-05 
9.26463e-05 
9.25494e-05 
9.25079e-05 
9.24209e-05 
9.23915e-05 
9.23143e-05 
9.22969e-05 
9.22294e-05 
9.2224e-05 
9.2166e-05 
9.21724e-05 
9.21238e-05 
9.21419e-05 
9.21025e-05 
9.21323e-05 
9.21019e-05 
9.21432e-05 
9.21218e-05 
9.21744e-05 
9.21618e-05 
9.22257e-05 
9.22217e-05 
9.22968e-05 
9.23012e-05 
9.23874e-05 
9.24002e-05 
9.24973e-05 
9.25182e-05 
9.26261e-05 
9.2655e-05 
9.27737e-05 
9.28105e-05 
9.29397e-05 
9.29843e-05 
9.31239e-05 
9.31761e-05 
9.33261e-05 
9.33857e-05 
9.35459e-05 
9.36128e-05 
9.37832e-05 
9.38573e-05 
9.40376e-05 
9.41188e-05 
9.4309e-05 
9.43971e-05 
9.45971e-05 
9.46919e-05 
9.49017e-05 
9.50031e-05 
9.52224e-05 
9.53304e-05 
9.55592e-05 
9.56736e-05 
9.59117e-05 
9.60324e-05 
9.62798e-05 
9.64067e-05 
9.66632e-05 
9.67961e-05 
9.70618e-05 
9.72007e-05 
9.74753e-05 
9.762e-05 
9.79036e-05 
9.80541e-05 
9.83464e-05 
9.85025e-05 
9.88036e-05 
9.89653e-05 
9.9275e-05 
9.94422e-05 
9.97605e-05 
9.99331e-05 
0.00010026 
0.000100438 
0.000100773 
0.000100956 
0.0001013 
0.000101488 
0.00010184 
0.000102033 
0.000102393 
0.000102592 
0.00010296 
0.000103164 
0.00010354 
0.000103748 
0.000104133 
0.000104346 
0.000104738 
0.000104956 
0.000105357 
0.00010558 
0.000105988 
0.000106216 
0.000106632 
0.000106864 
0.000107288 
0.000107525 
0.000107957 
0.000108199 
0.000108638 
0.000108885 
0.000109332 
0.000109583 
0.000110037 
0.000110293 
0.000110755 
0.000111016 
0.000111486 
0.000111751 
0.000112228 
0.000112498 
0.000112983 
0.000113257 
0.00011375 
0.000114029 
0.000114528 
0.000114812 
0.000115319 
0.000115607 
0.000116122 
0.000116415 
0.000116937 
0.000117234 
0.000117764 
0.000118066 
0.000118602 
0.000118909 
0.000119453 
0.000119764 
0.000120315 
0.000120632 
0.00012119 
0.000121511 
0.000122076 
0.000122402 
0.000122974 
0.000123305 
0.000123884 
0.000124219 
0.000124806 
0.000125146 
0.000125739 
0.000126084 
0.000126685 
0.000127034 
0.000127642 
0.000127995 
0.00012861 
0.000128969 
0.00012959 
0.000129953 
0.000130582 
0.00013095 
0.000131585 
0.000131957 
0.000132599 
0.000132977 
0.000133625 
0.000134007 
0.000134662 
0.000135049 
0.00013571 
0.000136102 
0.000136769 
0.000137165 
0.000137839 
0.00013824 
0.00013892 
0.000139326 
0.000140012 
0.000140422 
0.000141114 
0.000141529 
0.000142227 
0.000142646 
0.00014335 
0.000143773 
0.000144483 
0.00014491 
0.000145626 
0.000146057 
0.000146778 
0.000147214 
0.00014794 
0.00014838 
0.000149112 
0.000149556 
0.000150292 
0.00015074 
0.000151481 
0.000151933 
0.000152679 
0.000153135 
0.000153885 
0.000154344 
0.000155099 
0.000155562 
0.000156321 
0.000156787 
0.00015755 
0.00015802 
0.000158786 
0.000159259 
0.000160029 
0.000160505 
0.000161278 
0.000161757 
0.000162534 
0.000163015 
0.000163795 
0.000164279 
0.000165061 
0.000165548 
0.000166332 
0.000166821 
0.000167608 
0.000168099 
0.000168887 
0.00016938 
0.00017017 
0.000170665 
0.000171457 
0.000171952 
0.000172745 
0.000173242 
0.000174036 
0.000174534 
0.000175329 
0.000175828 
0.000176622 
0.000177122 
0.000177917 
0.000178417 
0.000179211 
0.000179711 
0.000180505 
0.000181005 
0.000181798 
0.000182297 
0.000183089 
0.000183588 
0.000184378 
0.000184876 
0.000185664 
0.000186161 
0.000186947 
0.000187442 
0.000188226 
0.00018872 
0.0001895 
0.000189992 
0.000190769 
0.000191259 
0.000192033 
0.00019252 
0.000193289 
0.000193773 
0.000194539 
0.00019502 
0.000195781 
0.000196258 
0.000197014 
0.000197488 
0.000198239 
0.000198708 
0.000199454 
0.000199919 
0.000200658 
0.000201118 
0.000201851 
0.000202306 
0.000203032 
0.000203482 
0.000204201 
0.000204646 
0.000205357 
0.000205795 
0.000206499 
0.000206931 
0.000207626 
0.000208052 
0.000208739 
0.000209158 
0.000209835 
0.000210247 
0.000210915 
0.000211319 
0.000211978 
0.000212374 
0.000213023 
0.000213411 
0.00021405 
0.000214429 
0.000215057 
0.000215427 
0.000216044 
0.000216406 
0.000217011 
0.000217363 
0.000217957 
0.000218299 
0.000218881 
0.000219213 
0.000219783 
0.000220105 
0.000220662 
0.000220973 
0.000221517 
0.000221817 
0.000222347 
0.000222637 
0.000223153 
0.000223431 
0.000223934 
0.0002242 
0.000224689 
0.000224943 
0.000225417 
0.000225659 
0.000226118 
0.000226347 
0.000226792 
0.000227008 
0.000227437 
0.000227641 
0.000228054 
0.000228244 
0.000228642 
0.000228819 
0.0002292 
0.000229363 
0.000229729 
0.000229878 
0.000230227 
0.000230362 
0.000230694 
0.000230814 
0.00023113 
0.000231236 
0.000231534 
0.000231625 
0.000231906 
0.000231983 
0.000232246 
0.000232307 
0.000232553 
0.0002326 
0.000232828 
0.000232859 
0.000233069 
0.000233084 
0.000233277 
0.000233277 
0.000233451 
0.000233435 
0.000233591 
0.000233559 
0.000233697 
0.000233649 
0.000233768 
0.000233705 
0.000233805 
0.000233726 
0.000233808 
0.000233713 
0.000233776 
0.000233664 
0.000233709 
0.000233581 
0.000233608 
0.000233464 
0.000233471 
0.000233311 
0.0002333 
0.000233123 
0.000233094 
0.000232901 
0.000232853 
0.000232644 
0.000232577 
0.000232352 
0.000232267 
0.000232026 
0.000231922 
0.000231665 
0.000231543 
0.00023127 
0.000231129 
0.00023084 
0.000230682 
0.000230377 
0.0002302 
0.00022988 
0.000229686 
0.00022935 
0.000229138 
0.000228787 
0.000228556 
0.00022819 
0.000227943 
0.000227561 
0.000227296 
0.0002269 
0.000226618 
0.000226207 
0.000225909 
0.000225483 
0.000225168 
0.000224728 
0.000224396 
0.000223942 
0.000223594 
0.000223126 
0.000222762 
0.000222281 
0.000221901 
0.000221406 
0.000221012 
0.000220504 
0.000220094 
0.000219573 
0.000219148 
0.000218615 
0.000218176 
0.00021763 
0.000217177 
0.00021662 
0.000216153 
0.000215584 
0.000215104 
0.000214523 
0.00021403 
0.000213439 
0.000212933 
0.000212331 
0.000211813 
0.000211201 
0.000210671 
0.000210049 
0.000209508 
0.000208876 
0.000208324 
0.000207684 
0.000207121 
0.000206472 
0.0002059 
0.000205242 
0.00020466 
0.000203995 
0.000203404 
0.000202731 
0.000202131 
0.000201452 
0.000200844 
0.000200158 
0.000199542 
0.000198851 
0.000198228 
0.000197531 
0.000196901 
0.0001962 
0.000195564 
0.000194858 
0.000194216 
0.000193506 
0.00019286 
0.000192146 
0.000191496 
0.000190779 
0.000190125 
0.000189406 
0.000188749 
0.000188028 
0.000187368 
0.000186646 
0.000185984 
0.000185261 
0.000184597 
0.000183875 
0.00018321 
0.000182488 
0.000181823 
0.000181102 
0.000180438 
0.000179718 
0.000179055 
0.000178338 
0.000177677 
0.000176963 
0.000176304 
0.000175593 
0.000174937 
0.00017423 
0.000173578 
0.000172876 
0.000172229 
0.000171532 
0.00017089 
0.000170199 
0.000169562 
0.000168879 
0.000168248 
0.000167572 
0.000166949 
0.000166281 
0.000165666 
0.000165006 
0.000164399 
0.000163749 
0.000163152 
0.000162512 
0.000161925 
0.000161296 
0.000160719 
0.000160101 
0.000159537 
0.000158931 
0.000158378 
0.000157785 
0.000157246 
0.000156667 
0.000156141 
0.000155576 
0.000155065 
0.000154515 
0.000154019 
0.000153484 
0.000153005 
0.000152486 
0.000152024 
0.000151523 
0.000151077 
0.000150594 
0.000150167 
0.000149702 
0.000149295 
0.000148849 
0.000148461 
0.000148036 
0.000147669 
0.000147264 
0.000146918 
0.000146534 
0.000146211 
0.00014585 
0.00014555 
0.000145211 
0.000144934 
0.000144619 
0.000144367 
0.000144077 
0.00014385 
0.000143584 
0.000143384 
0.000143144 
0.00014297 
0.000142757 
0.000142611 
0.000142424 
0.000142307 
0.000142148 
0.00014206 
0.00014193 
0.000141872 
0.000141771 
0.000141744 
0.000141673 
0.000141677 
0.000141636 
0.000141673 
0.000141664 
0.000141733 
0.000141756 
0.000141859 
0.000141915 
0.000142053 
0.000142142 
0.000142315 
0.000142438 
0.000142647 
0.000142805 
0.00014305 
0.000143244 
0.000143526 
0.000143756 
0.000144076 
0.000144343 
0.000144702 
0.000145006 
0.000145404 
0.000145746 
0.000146184 
0.000146565 
0.000147044 
0.000147464 
0.000147984 
0.000148444 
0.000149006 
0.000149506 
0.000150112 
0.000150652 
0.000151301 
0.000151883 
0.000152576 
0.0001532 
0.000153937 
0.000154604 
0.000155386 
0.000156096 
0.000156924 
0.000157678 
0.000158551 
0.000159349 
0.00016027 
0.000161112 
0.00016208 
0.000162968 
0.000163984 
0.000164917 
0.000165981 
0.00016696 
0.000168073 
0.000169099 
0.000170261 
0.000171333 
0.000172545 
0.000173665 
0.000174926 
0.000176094 
0.000177406 
0.000178621 
0.000179985 
0.000181248 
0.000182663 
0.000183975 
0.000185441 
0.000186803 
0.000188321 
0.000189731 
0.000191302 
0.000192762 
0.000194385 
0.000195895 
0.00019757 
0.00019913 
0.000200859 
0.000202469 
0.000204251 
0.000205912 
0.000207748 
0.000209459 
0.000211348 
0.00021311 
0.000215053 
0.000216866 
0.000218863 
0.000220727 
0.000222778 
0.000224692 
0.000226798 
0.000228764 
0.000230924 
0.00023294 
0.000235154 
0.000237222 
0.000239491 
0.000241609 
0.000243932 
0.000246102 
0.000248479 
0.0002507 
0.000253132 
0.000255403 
0.000257889 
0.000260211 
0.000262751 
0.000265123 
0.000267717 
0.00027014 
0.000272787 
0.000275261 
0.000277962 
0.000280485 
0.000283239 
0.000285812 
0.00028862 
0.000291242 
0.000294102 
0.000296773 
0.000299686 
0.000302406 
0.000305372 
0.00030814 
0.000311157 
0.000313973 
0.000317042 
0.000319906 
0.000323025 
0.000325937 
0.000329107 
0.000332065 
0.000335285 
0.000338289 
0.000341558 
0.000344608 
0.000347927 
0.000351022 
0.000354389 
0.000357529 
0.000360944 
0.000364128 
0.00036759 
0.000370817 
0.000374326 
0.000377595 
0.00038115 
0.000384462 
0.000388062 
0.000391415 
0.00039506 
0.000398453 
0.000402141 
0.000405574 
0.000409306 
0.000412778 
0.000416551 
0.000420061 
0.000423876 
0.000427424 
0.000431279 
0.000434863 
0.000438757 
0.000442377 
0.00044631 
0.000449964 
0.000453935 
0.000457622 
0.00046163 
0.00046535 
0.000469393 
0.000473145 
0.000477222 
0.000481005 
0.000485116 
0.000488928 
0.000493071 
0.000496912 
0.000501087 
0.000504955 
0.00050916 
0.000513054 
0.000517288 
0.000521207 
0.000525469 
0.000529412 
0.0005337 
0.000537666 
0.00054198 
0.000545968 
0.000550305 
0.000554313 
0.000558673 
0.000562701 
0.000567082 
0.000571127 
0.000575529 
0.000579591 
0.000584012 
0.000588088 
0.000592527 
0.000596617 
0.000601072 
0.000605175 
0.000609644 
0.000613758 
0.00061824 
0.000622365 
0.000626859 
0.000630991 
0.000635496 
0.000639635 
0.000644149 
0.000648294 
0.000652815 
0.000656964 
0.000661491 
0.000665643 
0.000670175 
0.000674328 
0.000678862 
0.000683016 
0.000687551 
0.000691703 
0.000696238 
0.000700387 
0.000704921 
0.000709065 
0.000713595 
0.000717733 
0.000722259 
0.000726389 
0.000730908 
0.000735029 
0.000739541 
0.000743651 
0.000748153 
0.000752251 
0.000756742 
0.000760827 
0.000765305 
0.000769374 
0.000773838 
0.000777891 
0.000782339 
0.000786374 
0.000790804 
0.000794819 
0.00079923 
0.000803224 
0.000807615 
0.000811586 
0.000815954 
0.000819901 
0.000824246 
0.000828167 
0.000832486 
0.00083638 
0.000840672 
0.000844537 
0.000848801 
0.000852636 
0.00085687 
0.000860673 
0.000864876 
0.000868646 
0.000872815 
0.000876551 
0.000880686 
0.000884385 
0.000888484 
0.000892146 
0.000896207 
0.00089983 
0.000903852 
0.000907435 
0.000911417 
0.000914958 
0.000918898 
0.000922396 
0.000926293 
0.000929747 
0.000933599 
0.000937007 
0.000940813 
0.000944175 
0.000947933 
0.000951246 
0.000954956 
0.00095822 
0.000961879 
0.000965092 
0.0009687 
0.000971862 
0.000975417 
0.000978526 
0.000982027 
0.000985081 
0.000988528 
0.000991527 
0.000994917 
0.00099786 
0.00100119 
0.00100408 
0.00100735 
0.00101018 
0.00101339 
0.00101616 
0.00101931 
0.00102202 
0.00102511 
0.00102776 
0.00103079 
0.00103337 
0.00103634 
0.00103886 
0.00104176 
0.00104421 
0.00104705 
0.00104944 
0.00105221 
0.00105453 
0.00105723 
0.00105949 
0.00106213 
0.00106432 
0.00106688 
0.00106901 
0.0010715 
0.00107356 
0.00107599 
0.00107797 
0.00108033 
0.00108225 
0.00108453 
0.00108638 
0.00108859 
0.00109037 
0.0010925 
0.00109421 
0.00109628 
0.00109791 
0.0010999 
0.00110147 
0.00110339 
0.00110488 
0.00110672 
0.00110814 
0.00110991 
0.00111126 
0.00111296 
0.00111423 
0.00111585 
0.00111705 
0.0011186 
0.00111972 
0.0011212 
0.00112225 
0.00112365 
0.00112463 
0.00112595 
0.00112686 
0.0011281 
0.00112894 
0.00113011 
0.00113087 
0.00113196 
0.00113265 
0.00113367 
0.00113429 
0.00113523 
0.00113577 
0.00113664 
0.00113711 
0.00113791 
0.00113831 
0.00113903 
0.00113935 
0.00114 
0.00114026 
0.00114083 
0.00114101 
0.00114151 
0.00114162 
0.00114205 
0.00114209 
0.00114245 
0.00114242 
0.0011427 
0.0011426 
0.00114281 
0.00114265 
0.00114279 
0.00114255 
0.00114262 
0.00114232 
0.00114232 
0.00114195 
0.00114188 
0.00114145 
0.00114131 
0.00114081 
0.0011406 
0.00114004 
0.00113976 
0.00113913 
0.00113879 
0.0011381 
0.0011377 
0.00113694 
0.00113647 
0.00113565 
0.00113512 
0.00113424 
0.00113364 
0.00113271 
0.00113205 
0.00113105 
0.00113033 
0.00112928 
0.00112849 
0.00112738 
0.00112654 
0.00112538 
0.00112448 
0.00112325 
0.0011223 
0.00112102 
0.00112001 
0.00111868 
0.00111761 
0.00111623 
0.00111511 
0.00111367 
0.0011125 
0.00111102 
0.00110979 
0.00110826 
0.00110698 
0.0011054 
0.00110407 
0.00110244 
0.00110107 
0.0010994 
0.00109797 
0.00109625 
0.00109478 
0.00109302 
0.00109151 
0.00108971 
0.00108815 
0.0010863 
0.0010847 
0.00108282 
0.00108117 
0.00107925 
0.00107757 
0.00107561 
0.00107388 
0.00107189 
0.00107013 
0.0010681 
0.0010663 
0.00106423 
0.0010624 
0.0010603 
0.00105843 
0.0010563 
0.0010544 
0.00105224 
0.00105031 
0.00104812 
0.00104615 
0.00104393 
0.00104194 
0.0010397 
0.00103767 
0.0010354 
0.00103335 
0.00103106 
0.00102898 
0.00102666 
0.00102456 
0.00102222 
0.0010201 
0.00101773 
0.00101559 
0.00101321 
0.00101104 
0.00100864 
0.00100645 
0.00100403 
0.00100182 
0.000999389 
0.000997163 
0.000994715 
0.000992472 
0.000990009 
0.000987751 
0.000985275 
0.000983002 
0.000980514 
0.000978229 
0.00097573 
0.000973432 
0.000970924 
0.000968615 
0.000966098 
0.00096378 
0.000961255 
0.000958928 
0.000956397 
0.000954063 
0.000951526 
0.000949185 
0.000946644 
0.000944298 
0.000941754 
0.000939403 
0.000936857 
0.000934503 
0.000931955 
0.000929599 
0.000927051 
0.000924694 
0.000922147 
0.00091979 
0.000917245 
0.000914889 
0.000912346 
0.000909992 
0.000907454 
0.000905103 
0.000902569 
0.000900223 
0.000897695 
0.000895353 
0.000892832 
0.000890496 
0.000887983 
0.000885655 
0.00088315 
0.00088083 
0.000878335 
0.000876024 
0.000873539 
0.000871238 
0.000868765 
0.000866475 
0.000864015 
0.000861737 
0.00085929 
0.000857025 
0.000854593 
0.000852342 
0.000849925 
0.000847689 
0.000845288 
0.000843068 
0.000840684 
0.00083848 
0.000836114 
0.000833929 
0.000831582 
0.000829415 
0.000827088 
0.00082494 
0.000822634 
0.000820507 
0.000818222 
0.000816117 
0.000813855 
0.000811772 
0.000809533 
0.000807473 
0.000805259 
0.000803223 
0.000801034 
0.000799023 
0.00079686 
0.000794876 
0.000792739 
0.000790782 
0.000788673 
0.000786743 
0.000784663 
0.000782762 
0.000780711 
0.000778841 
0.00077682 
0.00077498 
0.00077299 
0.000771181 
0.000769224 
0.000767448 
0.000765523 
0.00076378 
0.000761889 
0.000760181 
0.000758324 
0.000756651 
0.00075483 
0.000753192 
0.000751408 
0.000749807 
0.000748059 
0.000746496 
0.000744787 
0.000743262 
0.000741592 
0.000740107 
0.000738476 
0.000737031 
0.000735441 
0.000734037 
0.000732489 
0.000731127 
0.00072962 
0.000728302 
0.000726838 
0.000725564 
0.000724144 
0.000722914 
0.000721539 
0.000720355 
0.000719025 
0.000717887 
0.000716604 
0.000715513 
0.000714277 
0.000713234 
0.000712046 
0.000711052 
0.000709912 
0.000708969 
0.000707878 
0.000706985 
0.000705945 
0.000705104 
0.000704114 
0.000703325 
0.000702387 
0.000701651 
0.000700766 
0.000700084 
0.000699252 
0.000698625 
0.000697847 
0.000697275 
0.000696551 
0.000696035 
0.000695368 
0.000694909 
0.000694297 
0.000693896 
0.000693341 
0.000692998 
0.0006925 
0.000692217 
0.000691777 
0.000691553 
0.000691173 
0.000691009 
0.000690688 
0.000690586 
0.000690325 
0.000690285 
0.000690084 
0.000690106 
0.000689967 
0.000690052 
0.000689975 
0.000690123 
0.000690108 
0.000690321 
0.000690369 
0.000690647 
0.000690758 
0.000691101 
0.000691276 
0.000691685 
0.000691925 
0.0006924 
0.000692704 
0.000693246 
0.000693615 
0.000694224 
0.000694659 
0.000695336 
0.000695837 
0.000696582 
0.000697149 
0.000697962 
0.000698596 
0.000699478 
0.000700178 
0.000701129 
0.000701896 
0.000702917 
0.000703751 
0.000704841 
0.000705743 
0.000706903 
0.000707873 
0.000709102 
0.00071014 
0.000711439 
0.000712544 
0.000713914 
0.000715087 
0.000716527 
0.000717768 
0.000719278 
0.000720588 
0.000722168 
0.000723545 
0.000725195 
0.00072664 
0.000728361 
0.000729873 
0.000731664 
0.000733244 
0.000735104 
0.000736752 
0.000738681 
0.000740396 
0.000742395 
0.000744177 
0.000746245 
0.000748093 
0.00075023 
0.000752144 
0.000754349 
0.000756329 
0.000758603 
0.000760648 
0.000762989 
0.000765098 
0.000767507 
0.000769681 
0.000772155 
0.000774393 
0.000776934 
0.000779234 
0.00078184 
0.000784203 
0.000786874 
0.000789299 
0.000792034 
0.000794519 
0.000797317 
0.000799863 
0.000802723 
0.000805328 
0.00080825 
0.000810913 
0.000813896 
0.000816617 
0.000819659 
0.000822436 
0.000825537 
0.00082837 
0.000831528 
0.000834416 
0.000837631 
0.000840572 
0.000843842 
0.000846835 
0.00085016 
0.000853204 
0.000856581 
0.000859675 
0.000863104 
0.000866247 
0.000869727 
0.000872916 
0.000876445 
0.000879681 
0.000883257 
0.000886537 
0.000890159 
0.000893483 
0.00089715 
0.000900514 
0.000904225 
0.000907629 
0.000911381 
0.000914824 
0.000918616 
0.000922096 
0.000925927 
0.000929442 
0.000933309 
0.000936857 
0.000940759 
0.000944339 
0.000948275 
0.000951885 
0.000955851 
0.00095949 
0.000963486 
0.000967151 
0.000971174 
0.000974864 
0.000978913 
0.000982625 
0.000986698 
0.000990431 
0.000994526 
0.000998278 
0.00100239 
0.00100616 
0.00101029 
0.00101408 
0.00101822 
0.00102202 
0.00102618 
0.00102999 
0.00103416 
0.00103798 
0.00104216 
0.00104598 
0.00105017 
0.001054 
0.00105819 
0.00106202 
0.00106622 
0.00107005 
0.00107424 
0.00107807 
0.00108227 
0.00108609 
0.00109028 
0.0010941 
0.00109828 
0.00110209 
0.00110626 
0.00111006 
0.00111423 
0.00111801 
0.00112216 
0.00112593 
0.00113007 
0.00113382 
0.00113793 
0.00114166 
0.00114576 
0.00114947 
0.00115355 
0.00115723 
0.00116128 
0.00116494 
0.00116896 
0.00117259 
0.00117658 
0.00118018 
0.00118414 
0.0011877 
0.00119163 
0.00119515 
0.00119904 
0.00120253 
0.00120638 
0.00120983 
0.00121364 
0.00121705 
0.00122081 
0.00122417 
0.00122789 
0.00123121 
0.00123488 
0.00123814 
0.00124177 
0.00124498 
0.00124855 
0.0012517 
0.00125522 
0.00125832 
0.00126178 
0.00126482 
0.00126822 
0.0012712 
0.00127454 
0.00127746 
0.00128074 
0.00128359 
0.0012868 
0.00128959 
0.00129274 
0.00129546 
0.00129853 
0.00130118 
0.00130418 
0.00130676 
0.00130969 
0.00131219 
0.00131504 
0.00131747 
0.00132024 
0.0013226 
0.00132529 
0.00132756 
0.00133017 
0.00133236 
0.00133489 
0.001337 
0.00133944 
0.00134147 
0.00134382 
0.00134576 
0.00134803 
0.00134988 
0.00135206 
0.00135382 
0.00135591 
0.00135758 
0.00135957 
0.00136115 
0.00136304 
0.00136453 
0.00136633 
0.00136772 
0.00136942 
0.00137072 
0.00137232 
0.00137352 
0.00137502 
0.00137612 
0.00137752 
0.00137852 
0.00137982 
0.00138072 
0.00138192 
0.00138271 
0.0013838 
0.00138449 
0.00138548 
0.00138607 
0.00138695 
0.00138743 
0.0013882 
0.00138858 
0.00138924 
0.00138951 
0.00139006 
0.00139022 
0.00139067 
0.00139072 
0.00139105 
0.001391 
0.00139122 
0.00139106 
0.00139117 
0.00139089 
0.00139089 
0.00139051 
0.00139039 
0.0013899 
0.00138966 
0.00138906 
0.00138871 
0.001388 
0.00138754 
0.00138671 
0.00138614 
0.0013852 
0.00138451 
0.00138346 
0.00138266 
0.0013815 
0.00138058 
0.00137931 
0.00137828 
0.00137689 
0.00137574 
0.00137425 
0.00137299 
0.00137138 
0.00137 
0.00136828 
0.00136679 
0.00136496 
0.00136336 
0.00136142 
0.0013597 
0.00135765 
0.00135582 
0.00135366 
0.00135171 
0.00134944 
0.00134738 
0.00134501 
0.00134284 
0.00134035 
0.00133807 
0.00133548 
0.00133309 
0.00133039 
0.00132789 
0.00132508 
0.00132247 
0.00131956 
0.00131684 
0.00131383 
0.001311 
0.00130788 
0.00130495 
0.00130173 
0.00129869 
0.00129537 
0.00129222 
0.0012888 
0.00128555 
0.00128203 
0.00127868 
0.00127506 
0.00127161 
0.00126789 
0.00126434 
0.00126053 
0.00125687 
0.00125297 
0.00124921 
0.00124522 
0.00124137 
0.00123728 
0.00123333 
0.00122915 
0.00122511 
0.00122084 
0.00121671 
0.00121235 
0.00120813 
0.00120369 
0.00119937 
0.00119484 
0.00119044 
0.00118583 
0.00118134 
0.00117665 
0.00117208 
0.0011673 
0.00116265 
0.00115779 
0.00115305 
0.00114812 
0.00114331 
0.0011383 
0.0011334 
0.00112833 
0.00112335 
0.0011182 
0.00111315 
0.00110793 
0.00110281 
0.00109752 
0.00109233 
0.00108697 
0.00108171 
0.00107629 
0.00107096 
0.00106548 
0.00106008 
0.00105454 
0.00104908 
0.00104347 
0.00103795 
0.00103229 
0.00102671 
0.00102099 
0.00101535 
0.00100958 
0.00100389 
0.000998067 
0.000992316 
0.000986447 
0.000980644 
0.000974727 
0.000968874 
0.000962912 
0.000957011 
0.000951005 
0.000945058 
0.000939011 
0.00093302 
0.000926934 
0.0009209 
0.000914777 
0.000908704 
0.000902545 
0.000896435 
0.000890243 
0.000884097 
0.000877874 
0.000871694 
0.000865442 
0.000859231 
0.000852953 
0.000846712 
0.000840409 
0.000834141 
0.000827815 
0.000821523 
0.000815176 
0.000808861 
0.000802496 
0.00079616 
0.000789779 
0.000783424 
0.000777029 
0.000770658 
0.00076425 
0.000757866 
0.000751448 
0.000745051 
0.000738625 
0.000732219 
0.000725788 
0.000719374 
0.000712939 
0.000706519 
0.000700083 
0.00069366 
0.000687224 
0.000680801 
0.000674368 
0.000667945 
0.00066152 
0.000655097 
0.000648677 
0.000642263 
0.000635851 
0.000629445 
0.000623041 
0.000616643 
0.000610248 
0.00060386 
0.000597475 
0.000591097 
0.000584725 
0.00057836 
0.000572002 
0.000565653 
0.000559311 
0.000552979 
0.000546657 
0.000540344 
0.000534043 
0.000527753 
0.000521475 
0.000515209 
0.000508957 
0.000502694 
0.000496454 
0.000490224 
0.000484013 
0.000477813 
0.000471633 
0.000465464 
0.000459318 
0.000453183 
0.000447072 
0.000440973 
0.0004349 
0.000428839 
0.000422806 
0.000416786 
0.000410795 
0.000404817 
0.000398871 
0.000392939 
0.00038704 
0.000381155 
0.000375305 
0.000369471 
0.000363672 
0.000357889 
0.000352144 
0.000346417 
0.000340727 
0.000335057 
0.000329426 
0.000323814 
0.000318244 
0.000312694 
0.000307186 
0.0003017 
0.000296258 
0.000290838 
0.000285463 
0.000280111 
0.000274806 
0.000269525 
0.000264291 
0.000259083 
0.000253924 
0.00024879 
0.000243708 
0.000238652 
0.000233647 
0.000228671 
0.000223748 
0.000218853 
0.000214013 
0.000209202 
0.000204447 
0.000199722 
0.000195054 
0.000190418 
0.000185839 
0.000181294 
0.000176806 
0.000172354 
0.00016796 
0.000163602 
0.000159304 
0.000155043 
0.000150842 
0.00014668 
0.00014258 
0.000138519 
0.00013452 
0.000130562 
0.000126668 
0.000122815 
0.000119026 
0.000115281 
0.0001116 
0.000107964 
0.000104393 
0.000100868 
9.74093e-05 
9.39975e-05 
9.06524e-05 
8.73558e-05 
8.41264e-05 
8.09469e-05 
7.78352e-05 
7.47746e-05 
7.17825e-05 
6.88428e-05 
6.59721e-05 
6.31552e-05 
6.04078e-05 
5.77155e-05 
5.50931e-05 
5.25273e-05 
5.00317e-05 
4.75942e-05 
4.52273e-05 
4.29198e-05 
4.06832e-05 
3.85076e-05 
3.64031e-05 
3.4361e-05 
3.23903e-05 
3.04834e-05 
2.86481e-05 
2.68782e-05 
2.518e-05 
2.35486e-05 
2.19892e-05 
2.0498e-05 
1.90788e-05 
1.77294e-05 
1.6452e-05 
1.52459e-05 
1.41119e-05 
1.305e-05 
1.20603e-05 
1.11431e-05 
1.02986e-05 
9.52702e-06 
8.82859e-06 
8.20357e-06 
7.65218e-06 
7.17467e-06 
6.7713e-06 
6.44231e-06 
6.21353e-06 
6.05047e-06 
5.9699e-06 
5.95963e-06 
6.0335e-06 
6.17735e-06 
6.40699e-06 
6.70625e-06 
7.09293e-06 
7.5488e-06 
8.09372e-06 
8.70735e-06 
9.41166e-06 
1.01841e-05 
1.10489e-05 
1.19813e-05 
1.30075e-05 
1.41007e-05 
1.52895e-05 
1.65444e-05 
1.78965e-05 
1.9314e-05 
2.08303e-05 
2.24113e-05 
2.40926e-05 
2.58376e-05 
2.76846e-05 
2.95945e-05 
3.16079e-05 
3.36831e-05 
3.58635e-05 
3.81047e-05 
4.04526e-05 
4.28602e-05 
4.53761e-05 
4.79506e-05 
5.06349e-05 
5.33766e-05 
5.62296e-05 
5.91388e-05 
6.21609e-05 
6.52377e-05 
6.8429e-05 
7.16737e-05 
7.50343e-05 
7.84469e-05 
8.1977e-05 
8.55575e-05 
8.8664e-05 
9.2134e-05 
9.56458e-05 
9.92748e-05 
0.000102944 
0.000106731 
0.000110557 
0.000114503 
0.000118485 
0.000122589 
0.000126727 
0.000130988 
0.000135281 
0.0001397 
0.000144148 
0.000148723 
0.000153326 
0.000158057 
0.000162812 
0.000167698 
0.000172607 
0.000177647 
0.000182707 
0.0001879 
0.000193111 
0.000198457 
0.000203817 
0.000209314 
0.000214823 
0.000220469 
0.000226126 
0.000231921 
0.000237723 
0.000243665 
0.000249612 
0.0002557 
0.000261791 
0.000268023 
0.000274255 
0.000280629 
0.000287001 
0.000293517 
0.000300026 
0.000306681 
0.000313327 
0.000320119 
0.000326899 
0.000333826 
0.000340738 
0.000347798 
0.00035484 
0.000362032 
0.000369202 
0.000376521 
0.000383817 
0.000391263 
0.000398682 
0.000406252 
0.000413791 
0.000421482 
0.00042914 
0.000436949 
0.000444722 
0.000452648 
0.000460533 
0.000468572 
0.000476567 
0.000484716 
0.000492818 
0.000501074 
0.00050928 
0.00051764 
0.000525947 
0.000534407 
0.000542812 
0.00055137 
0.000559868 
0.000568521 
0.00057711 
0.000585854 
0.00059453 
0.000603361 
0.000612122 
0.000621036 
0.000629877 
0.000638872 
0.000647789 
0.00065686 
0.000665851 
0.000674994 
0.000684053 
0.000693265 
0.00070239 
0.000711666 
0.000720852 
0.000730189 
0.000739432 
0.000748826 
0.000758122 
0.000767568 
0.000776913 
0.000786407 
0.000795796 
0.000805334 
0.000814764 
0.000824341 
0.000833807 
0.00084342 
0.000852917 
0.00086256 
0.000872085 
0.000881754 
0.000891302 
0.000900993 
0.000910559 
0.000920267 
0.000929847 
0.000939567 
0.000949156 
0.000958884 
0.000968478 
0.000978209 
0.000987803 
0.000997532 
0.00100712 
0.00101684 
0.00102642 
0.00103614 
0.0010457 
0.0010554 
0.00106494 
0.00107462 
0.00108414 
0.00109379 
0.00110329 
0.00111291 
0.00112237 
0.00113196 
0.00114138 
0.00115093 
0.00116031 
0.00116981 
0.00117914 
0.0011886 
0.00119788 
0.00120728 
0.0012165 
0.00122584 
0.00123501 
0.00124428 
0.00125338 
0.00126259 
0.00127162 
0.00128075 
0.00128971 
0.00129877 
0.00130764 
0.00131662 
0.0013254 
0.00133429 
0.00134299 
0.00135179 
0.0013604 
0.00136911 
0.00137762 
0.00138622 
0.00139463 
0.00140313 
0.00141143 
0.00141983 
0.00142802 
0.0014363 
0.00144438 
0.00145254 
0.0014605 
0.00146854 
0.00147638 
0.0014843 
0.00149201 
0.0014998 
0.00150738 
0.00151504 
0.00152249 
0.00153001 
0.00153732 
0.00154471 
0.00155188 
0.00155912 
0.00156614 
0.00157323 
0.00158011 
0.00158706 
0.00159378 
0.00160057 
0.00160715 
0.00161378 
0.00162019 
0.00162667 
0.00163292 
0.00163924 
0.00164533 
0.00165147 
0.0016574 
0.00166338 
0.00166914 
0.00167495 
0.00168053 
0.00168617 
0.00169158 
0.00169704 
0.00170228 
0.00170756 
0.00171262 
0.00171772 
0.0017226 
0.00172752 
0.00173222 
0.00173696 
0.00174147 
0.00174602 
0.00175035 
0.00175471 
0.00175886 
0.00176303 
0.00176698 
0.00177097 
0.00177473 
0.00177852 
0.0017821 
0.0017857 
0.00178908 
0.00179248 
0.00179567 
0.00179888 
0.00180187 
0.00180489 
0.00180769 
0.00181051 
0.00181311 
0.00181573 
0.00181814 
0.00182057 
0.00182278 
0.001825 
0.00182702 
0.00182905 
0.00183087 
0.0018327 
0.00183432 
0.00183596 
0.00183738 
0.00183882 
0.00184005 
0.00184129 
0.00184232 
0.00184337 
0.00184421 
0.00184505 
0.0018457 
0.00184635 
0.0018468 
0.00184725 
0.00184751 
0.00184777 
0.00184784 
0.00184791 
0.00184778 
0.00184766 
0.00184734 
0.00184703 
0.00184652 
0.00184602 
0.00184533 
0.00184464 
0.00184376 
0.00184288 
0.00184182 
0.00184075 
0.00183951 
0.00183826 
0.00183684 
0.00183541 
0.0018338 
0.0018322 
0.00183041 
0.00182863 
0.00182667 
0.00182471 
0.00182258 
0.00182044 
0.00181814 
0.00181584 
0.00181337 
0.00181089 
0.00180826 
0.00180561 
0.00180282 
0.00180001 
0.00179705 
0.00179408 
0.00179096 
0.00178783 
0.00178456 
0.00178127 
0.00177784 
0.00177441 
0.00177083 
0.00176724 
0.00176351 
0.00175977 
0.0017559 
0.00175202 
0.001748 
0.00174398 
0.00173982 
0.00173566 
0.00173136 
0.00172706 
0.00172264 
0.00171821 
0.00171365 
0.00170909 
0.0017044 
0.00169971 
0.00169491 
0.00169009 
0.00168516 
0.00168023 
0.00167518 
0.00167013 
0.00166497 
0.0016598 
0.00165453 
0.00164926 
0.00164388 
0.00163849 
0.00163301 
0.00162752 
0.00162193 
0.00161634 
0.00161066 
0.00160497 
0.00159919 
0.00159341 
0.00158754 
0.00158167 
0.00157571 
0.00156975 
0.00156371 
0.00155767 
0.00155154 
0.00154542 
0.00153922 
0.00153301 
0.00152674 
0.00152046 
0.00151411 
0.00150777 
0.00150135 
0.00149494 
0.00148846 
0.00148198 
0.00147544 
0.0014689 
0.0014623 
0.0014557 
0.00144905 
0.0014424 
0.00143569 
0.00142899 
0.00142224 
0.00141549 
0.00140869 
0.0014019 
0.00139505 
0.00138822 
0.00138134 
0.00137447 
0.00136755 
0.00136064 
0.00135369 
0.00134676 
0.00133978 
0.00133281 
0.0013258 
0.00131881 
0.00131178 
0.00130477 
0.00129772 
0.00129068 
0.00128362 
0.00127656 
0.00126948 
0.00126242 
0.00125532 
0.00124824 
0.00124114 
0.00123406 
0.00122695 
0.00121986 
0.00121275 
0.00120565 
0.00119854 
0.00119144 
0.00118433 
0.00117724 
0.00117013 
0.00116305 
0.00115595 
0.00114887 
0.00114178 
0.00113471 
0.00112763 
0.00112057 
0.00111351 
0.00110647 
0.00109942 
0.00109239 
0.00108536 
0.00107836 
0.00107135 
0.00106437 
0.00105738 
0.00105042 
0.00104347 
0.00103653 
0.0010296 
0.0010227 
0.0010158 
0.00100892 
0.00100205 
0.000995208 
0.000988373 
0.000981564 
0.000974765 
0.000967992 
0.00096123 
0.000954495 
0.000947772 
0.000941077 
0.000934395 
0.000927741 
0.000921102 
0.000914491 
0.000907897 
0.00090133 
0.000894782 
0.000888262 
0.000881761 
0.000875289 
0.000868838 
0.000862415 
0.000856014 
0.000849642 
0.000843293 
0.000836974 
0.000830677 
0.000824412 
0.00081817 
0.000811959 
0.000805774 
0.000799619 
0.00079349 
0.000787393 
0.000781323 
0.000775284 
0.000769273 
0.000763294 
0.000757344 
0.000751425 
0.000745536 
0.00073968 
0.000733853 
0.000728059 
0.000722297 
0.000716566 
0.000710868 
0.000705202 
0.000699569 
0.000693968 
0.000688401 
0.000682867 
0.000677367 
0.0006719 
0.000666467 
0.000661068 
0.000655703 
0.000650373 
0.000645077 
0.000639815 
0.00063459 
0.000629398 
0.000624242 
0.00061912 
0.000614036 
0.000608985 
0.000603971 
0.000598992 
0.00059405 
0.000589143 
0.000584273 
0.000579438 
0.000574641 
0.000569878 
0.000565155 
0.000560465 
0.000555815 
0.000551199 
0.000546622 
0.00054208 
0.000537578 
0.00053311 
0.000528681 
0.000524288 
0.000519934 
0.000515615 
0.000511336 
0.000507091 
0.000502888 
0.000498718 
0.000494589 
0.000490495 
0.000486441 
0.000482422 
0.000478444 
0.0004745 
0.000470597 
0.000466728 
0.000462901 
0.000459108 
0.000455357 
0.000451639 
0.000447963 
0.000444321 
0.00044072 
0.000437153 
0.000433629 
0.000430137 
0.000426688 
0.000423272 
0.000419898 
0.000416557 
0.000413258 
0.000409993 
0.000406769 
0.000403579 
0.00040043 
0.000397315 
0.000394241 
0.000391201 
0.000388202 
0.000385236 
0.000382312 
0.00037942 
0.000376571 
0.000373753 
0.000370978 
0.000368234 
0.000365533 
0.000362863 
0.000360235 
0.000357639 
0.000355084 
0.000352562 
0.00035008 
0.00034763 
0.000345222 
0.000342845 
0.000340509 
0.000338204 
0.000335941 
0.000333708 
0.000331516 
0.000329355 
0.000327235 
0.000325145 
0.000323096 
0.000321077 
0.000319099 
0.000317151 
0.000315244 
0.000313366 
0.000311528 
0.00030972 
0.000307952 
0.000306213 
0.000304515 
0.000302845 
0.000301215 
0.000299614 
0.000298052 
0.000296519 
0.000295026 
0.00029356 
0.000292134 
0.000290735 
0.000289376 
0.000288044 
0.000286751 
0.000285486 
0.000284259 
0.000283059 
0.000281897 
0.000280763 
0.000279666 
0.000278596 
0.000277563 
0.000276557 
0.000275589 
0.000274646 
0.000273741 
0.000272861 
0.000272018 
0.000271201 
0.000270421 
0.000269665 
0.000268946 
0.000268251 
0.000267593 
0.000266959 
0.000266361 
0.000265787 
0.000265249 
0.000264734 
0.000264255 
0.000263799 
0.000263378 
0.00026298 
0.000262617 
0.000262276 
0.00026197 
0.000261685 
0.000261436 
0.000261207 
0.000261014 
0.00026084 
0.000260701 
0.000260582 
0.000260498 
0.000260433 
0.000260402 
0.00026039 
0.000260412 
0.000260452 
0.000260526 
0.000260617 
0.000260743 
0.000260885 
0.000261061 
0.000261253 
0.000261479 
0.00026172 
0.000261995 
0.000262285 
0.000262608 
0.000262945 
0.000263315 
0.000263699 
0.000264116 
0.000264546 
0.000265008 
0.000265484 
0.000265991 
0.00026651 
0.000267061 
0.000267624 
0.000268218 
0.000268823 
0.00026946 
0.000270107 
0.000270785 
0.000271472 
0.000272191 
0.000272918 
0.000273676 
0.000274442 
0.000275238 
0.000276042 
0.000276876 
0.000277717 
0.000278588 
0.000279465 
0.000280372 
0.000281284 
0.000282226 
0.000283172 
0.000284148 
0.000285127 
0.000286135 
0.000287146 
0.000288187 
0.000289229 
0.000290301 
0.000291373 
0.000292475 
0.000293576 
0.000294707 
0.000295836 
0.000296995 
0.000298152 
0.000299337 
0.00030052 
0.000301731 
0.000302938 
0.000304175 
0.000305406 
0.000306666 
0.00030792 
0.000309203 
0.000310479 
0.000311784 
0.00031308 
0.000314406 
0.000315722 
0.000317067 
0.000318402 
0.000319765 
0.000321117 
0.000322498 
0.000323867 
0.000325264 
0.000326648 
0.00032806 
0.000329459 
0.000330885 
0.000332296 
0.000333736 
0.000335159 
0.000336611 
0.000338045 
0.000339508 
0.000340952 
0.000342424 
0.000343877 
0.000345358 
0.000346818 
0.000348307 
0.000349774 
0.000351268 
0.000352741 
0.000354241 
0.000355718 
0.000357222 
0.000358702 
0.00036021 
0.000361692 
0.000363202 
0.000364685 
0.000366195 
0.000367678 
0.000369189 
0.000370671 
0.00037218 
0.000373659 
0.000375167 
0.000376643 
0.000378147 
0.000379618 
0.000381118 
0.000382584 
0.000384078 
0.000385537 
0.000387025 
0.000388476 
0.000389956 
0.000391399 
0.000392871 
0.000394304 
0.000395766 
0.000397188 
0.000398639 
0.00040005 
0.000401489 
0.000402887 
0.000404313 
0.000405697 
0.00040711 
0.000408479 
0.000409877 
0.00041123 
0.000412613 
0.000413949 
0.000415316 
0.000416634 
0.000417983 
0.000419282 
0.000420612 
0.000421892 
0.000423203 
0.000424462 
0.000425753 
0.000426991 
0.00042826 
0.000429475 
0.000430722 
0.000431915 
0.000433139 
0.000434307 
0.000435507 
0.00043665 
0.000437826 
0.000438943 
0.000440093 
0.000441184 
0.000442308 
0.000443372 
0.000444468 
0.000445504 
0.000446573 
0.000447579 
0.00044862 
0.000449597 
0.000450608 
0.000451555 
0.000452536 
0.000453452 
0.000454402 
0.000455286 
0.000456206 
0.000457057 
0.000457945 
0.000458763 
0.000459618 
0.000460404 
0.000461225 
0.000461976 
0.000462764 
0.000463481 
0.000464235 
0.000464916 
0.000465635 
0.000466281 
0.000466964 
0.000467574 
0.000468222 
0.000468795 
0.000469406 
0.000469942 
0.000470517 
0.000471016 
0.000471554 
0.000472014 
0.000472515 
0.000472937 
0.0004734 
0.000473783 
0.000474208 
0.000474553 
0.00047494 
0.000475245 
0.000475593 
0.000475859 
0.000476168 
0.000476395 
0.000476664 
0.000476851 
0.000477082 
0.000477228 
0.000477419 
0.000477526 
0.000477677 
0.000477743 
0.000477855 
0.00047788 
0.000477952 
0.000477937 
0.000477969 
0.000477913 
0.000477905 
0.000477809 
0.000477761 
0.000477625 
0.000477537 
0.00047736 
0.000477231 
0.000477014 
0.000476846 
0.000476588 
0.00047638 
0.000476082 
0.000475835 
0.000475496 
0.000475209 
0.000474831 
0.000474505 
0.000474087 
0.000473721 
0.000473263 
0.000472859 
0.000472362 
0.000471918 
0.000471382 
0.0004709 
0.000470325 
0.000469805 
0.000469192 
0.000468634 
0.000467982 
0.000467387 
0.000466698 
0.000466065 
0.000465338 
0.000464669 
0.000463905 
0.000463199 
0.000462398 
0.000461656 
0.00046082 
0.000460042 
0.00045917 
0.000458357 
0.00045745 
0.000456603 
0.00045566 
0.000454779 
0.000453803 
0.000452888 
0.000451878 
0.00045093 
0.000449887 
0.000448907 
0.000447831 
0.000446819 
0.000445712 
0.000444668 
0.00044353 
0.000442456 
0.000441286 
0.000440183 
0.000438983 
0.00043785 
0.000436621 
0.00043546 
0.000434202 
0.000433013 
0.000431728 
0.000430511 
0.000429198 
0.000427955 
0.000426616 
0.000425347 
0.000423982 
0.000422688 
0.000421299 
0.00041998 
0.000418567 
0.000417224 
0.000415788 
0.000414423 
0.000412963 
0.000411576 
0.000410095 
0.000408687 
0.000407185 
0.000405757 
0.000404235 
0.000402787 
0.000401245 
0.000399779 
0.000398219 
0.000396734 
0.000395157 
0.000393655 
0.000392061 
0.000390544 
0.000388934 
0.000387401 
0.000385776 
0.000384228 
0.000382589 
0.000381028 
0.000379376 
0.000377802 
0.000376138 
0.000374552 
0.000372876 
0.000371279 
0.000369593 
0.000367986 
0.00036629 
0.000364674 
0.000362969 
0.000361345 
0.000359632 
0.000358 
0.000356281 
0.000354642 
0.000352916 
0.000351273 
0.000349541 
0.000347893 
0.000346157 
0.000344505 
0.000342766 
0.00034111 
0.000339369 
0.000337711 
0.000335968 
0.000334309 
0.000332565 
0.000330906 
0.000329162 
0.000327503 
0.00032576 
0.000324103 
0.000322362 
0.000320706 
0.000318968 
0.000317315 
0.00031558 
0.000313932 
0.000312201 
0.000310557 
0.000308832 
0.000307193 
0.000305474 
0.000303842 
0.000302129 
0.000300504 
0.000298799 
0.000297182 
0.000295486 
0.000293877 
0.00029219 
0.000290591 
0.000288914 
0.000287325 
0.000285658 
0.00028408 
0.000282425 
0.000280859 
0.000279217 
0.000277663 
0.000276033 
0.000274493 
0.000272877 
0.00027135 
0.000269748 
0.000268236 
0.000266649 
0.000265152 
0.000263582 
0.000262101 
0.000260546 
0.000259082 
0.000257544 
0.000256097 
0.000254577 
0.000253148 
0.000251647 
0.000250235 
0.000248753 
0.000247361 
0.000245898 
0.000244525 
0.000243082 
0.00024173 
0.000240308 
0.000238976 
0.000237575 
0.000236264 
0.000234885 
0.000233595 
0.000232238 
0.000230971 
0.000229637 
0.000228392 
0.000227081 
0.00022586 
0.000224572 
0.000223374 
0.00022211 
0.000220936 
0.000219697 
0.000218547 
0.000217333 
0.000216208 
0.000215019 
0.000213919 
0.000212755 
0.00021168 
0.000210543 
0.000209494 
0.000208382 
0.000207359 
0.000206274 
0.000205278 
0.00020422 
0.00020325 
0.000202218 
0.000201275 
0.000200271 
0.000199356 
0.000198379 
0.000197491 
0.000196542 
0.000195681 
0.00019476 
0.000193926 
0.000193033 
0.000192228 
0.000191363 
0.000190586 
0.000189749 
0.000189 
0.000188192 
0.000187471 
0.000186692 
0.000185999 
0.000185248 
0.000184583 
0.000183861 
0.000183225 
0.000182532 
0.000181924 
0.00018126 
0.00018068 
0.000180044 
0.000179494 
0.000178886 
0.000178364 
0.000177786 
0.000177291 
0.000176742 
0.000176276 
0.000175755 
0.000175317 
0.000174824 
0.000174415 
0.00017395 
0.000173569 
0.000173133 
0.000172779 
0.000172371 
0.000172046 
0.000171666 
0.000171367 
0.000171015 
0.000170745 
0.00017042 
0.000170176 
0.000169879 
0.000169663 
0.000169393 
0.000169203 
0.00016896 
0.000168797 
0.000168581 
0.000168445 
0.000168255 
0.000168144 
0.000167981 
0.000167896 
0.000167758 
0.000167699 
0.000167587 
0.000167553 
0.000167467 
0.000167458 
0.000167396 
0.000167412 
0.000167375 
0.000167415 
0.000167402 
0.000167467 
0.000167478 
0.000167566 
0.000167601 
0.000167712 
0.00016777 
0.000167904 
0.000167985 
0.000168142 
0.000168245 
0.000168424 
0.00016855 
0.00016875 
0.000168898 
0.00016912 
0.000169288 
0.000169531 
0.000169721 
0.000169985 
0.000170195 
0.000170478 
0.000170708 
0.000171012 
0.000171262 
0.000171585 
0.000171853 
0.000172195 
0.000172483 
0.000172843 
0.000173149 
0.000173528 
0.000173851 
0.000174248 
0.000174589 
0.000175002 
0.00017536 
0.00017579 
0.000176165 
0.000176612 
0.000177002 
0.000177465 
0.000177871 
0.000178349 
0.000178771 
0.000179264 
0.0001797 
0.000180208 
0.000180658 
0.00018118 
0.000181645 
0.00018218 
0.000182658 
0.000183207 
0.000183698 
0.00018426 
0.000184764 
0.000185338 
0.000185854 
0.00018644 
0.000186968 
0.000187566 
0.000188105 
0.000188714 
0.000189264 
0.000189884 
0.000190444 
0.000191075 
0.000191646 
0.000192286 
0.000192867 
0.000193517 
0.000194107 
0.000194766 
0.000195365 
0.000196034 
0.000196641 
0.000197319 
0.000197934 
0.00019862 
0.000199243 
0.000199937 
0.000200568 
0.000201269 
0.000201908 
0.000202616 
0.000203261 
0.000203977 
0.000204629 
0.000205351 
0.000206009 
0.000206738 
0.000207402 
0.000208137 
0.000208806 
0.000209547 
0.000210222 
0.000210968 
0.000211649 
0.0002124 
0.000213086 
0.000213842 
0.000214532 
0.000215294 
0.000215988 
0.000216754 
0.000217453 
0.000218223 
0.000218926 
0.000219701 
0.000220407 
0.000221186 
0.000221896 
0.000222679 
0.000223392 
0.000224178 
0.000224895 
0.000225685 
0.000226405 
0.000227198 
0.000227921 
0.000228717 
0.000229443 
0.000230242 
0.000230971 
0.000231773 
0.000232504 
0.000233309 
0.000234042 
0.00023485 
0.000235586 
0.000236396 
0.000237134 
0.000237947 
0.000238687 
0.000239502 
0.000240245 
0.000241063 
0.000241807 
0.000242627 
0.000243374 
0.000244196 
0.000244944 
0.000245768 
0.000246519 
0.000247345 
0.000248098 
0.000248926 
0.00024968 
0.000250511 
0.000251267 
0.0002521 
0.000252857 
0.000253692 
0.000254452 
0.000255288 
0.00025605 
0.000256888 
0.000257651 
0.000258492 
0.000259257 
0.000260099 
0.000260866 
0.000261711 
0.000262479 
0.000263326 
0.000264096 
0.000264944 
0.000265716 
0.000266567 
0.000267341 
0.000268193 
0.000268969 
0.000269824 
0.000270601 
0.000271458 
0.000272237 
0.000273096 
0.000273877 
0.000274738 
0.000275521 
0.000276384 
0.000277168 
0.000278033 
0.00027882 
0.000279687 
0.000280476 
0.000281345 
0.000282135 
0.000283006 
0.000283799 
0.000284672 
0.000285466 
0.000286342 
0.000287138 
0.000288015 
0.000288814 
0.000289693 
0.000290493 
0.000291374 
0.000292176 
0.000293059 
0.000293863 
0.000294748 
0.000295554 
0.000296441 
0.000297249 
0.000298137 
0.000298947 
0.000299837 
0.000300648 
0.000301541 
0.000302353 
0.000303247 
0.000304062 
0.000304957 
0.000305773 
0.00030667 
0.000307487 
0.000308385 
0.000309204 
0.000310104 
0.000310924 
0.000311824 
0.000312645 
0.000313547 
0.000314369 
0.000315272 
0.000316095 
0.000316998 
0.000317822 
0.000318726 
0.00031955 
0.000320455 
0.00032128 
0.000322184 
0.00032301 
0.000323914 
0.00032474 
0.000325644 
0.000326469 
0.000327373 
0.000328199 
0.000329102 
0.000329927 
0.000330829 
0.000331653 
0.000332555 
0.000333378 
0.000334278 
0.0003351 
0.000335999 
0.000336819 
0.000337716 
