0 
-1.26915e-19 
-3.87876e-20 
1.5559e-19 
3.36073e-19 
4.61602e-19 
5.4913e-19 
6.53889e-19 
8.89805e-19 
1.04216e-18 
1.13115e-18 
1.18727e-18 
1.31301e-18 
1.42302e-18 
1.65046e-18 
1.86444e-18 
2.22969e-18 
2.86986e-18 
3.54296e-18 
4.2998e-18 
5.208e-18 
6.08998e-18 
7.0917e-18 
8.12397e-18 
8.98017e-18 
9.93441e-18 
1.08235e-17 
1.17047e-17 
1.27157e-17 
1.38201e-17 
1.48437e-17 
1.62835e-17 
1.77686e-17 
1.89852e-17 
2.01302e-17 
2.12188e-17 
2.21626e-17 
2.278e-17 
2.32345e-17 
2.39076e-17 
2.45528e-17 
2.48834e-17 
2.52683e-17 
2.61761e-17 
2.68866e-17 
2.78333e-17 
2.82164e-17 
2.83211e-17 
2.85536e-17 
2.90474e-17 
2.97884e-17 
3.07472e-17 
3.12412e-17 
3.15476e-17 
3.16897e-17 
3.17442e-17 
3.17098e-17 
3.16968e-17 
3.16516e-17 
3.19904e-17 
3.27182e-17 
3.35218e-17 
3.43707e-17 
3.5615e-17 
3.71725e-17 
3.90388e-17 
4.0844e-17 
4.17859e-17 
4.2571e-17 
4.3443e-17 
4.44007e-17 
4.5286e-17 
4.52707e-17 
4.50224e-17 
4.46745e-17 
4.3784e-17 
4.29085e-17 
4.15821e-17 
4.09954e-17 
4.07284e-17 
4.09594e-17 
4.12274e-17 
4.07077e-17 
3.97887e-17 
3.80259e-17 
3.64492e-17 
3.5135e-17 
3.44e-17 
3.3934e-17 
3.32925e-17 
3.26302e-17 
3.16062e-17 
3.0429e-17 
2.94283e-17 
2.71972e-17 
2.43492e-17 
2.13821e-17 
1.91164e-17 
1.72546e-17 
1.60101e-17 
1.5284e-17 
1.4686e-17 
1.48765e-17 
1.50929e-17 
1.55457e-17 
1.64592e-17 
1.701e-17 
1.63489e-17 
1.50783e-17 
1.47073e-17 
1.31068e-17 
1.12041e-17 
9.68212e-18 
8.99468e-18 
7.29529e-18 
5.16261e-18 
3.17615e-18 
1.60215e-18 
-1.12857e-18 
-2.91172e-18 
-3.77381e-18 
-5.10846e-18 
-6.59401e-18 
-9.65095e-18 
-1.1518e-17 
-1.41103e-17 
-1.69325e-17 
-1.96875e-17 
-2.2341e-17 
-2.30023e-17 
-2.39818e-17 
-2.47722e-17 
-2.55343e-17 
-2.59414e-17 
-2.56566e-17 
-2.61044e-17 
-2.69265e-17 
-2.79491e-17 
-2.87946e-17 
-2.88696e-17 
-2.8948e-17 
-2.71887e-17 
-2.50874e-17 
-2.39389e-17 
-2.34959e-17 
-2.27129e-17 
-2.16705e-17 
-2.10042e-17 
-2.10384e-17 
-2.28145e-17 
-2.45946e-17 
-2.60104e-17 
-2.75848e-17 
-2.94351e-17 
-3.06227e-17 
-3.24712e-17 
-3.47348e-17 
-3.74966e-17 
-3.98898e-17 
-4.2543e-17 
-4.67511e-17 
-4.95029e-17 
-5.29689e-17 
-5.68031e-17 
-6.02731e-17 
-6.38463e-17 
-6.87492e-17 
-7.38685e-17 
-7.88252e-17 
-8.47864e-17 
-9.05414e-17 
-9.56933e-17 
-1.0051e-16 
-1.04566e-16 
-1.07415e-16 
-1.10062e-16 
-1.13328e-16 
-1.16665e-16 
-1.21194e-16 
-1.25723e-16 
-1.2996e-16 
-1.34447e-16 
-1.39695e-16 
-1.44077e-16 
-1.49782e-16 
-1.5399e-16 
-1.58594e-16 
-1.63261e-16 
-1.67072e-16 
-1.71036e-16 
-1.73823e-16 
-1.7771e-16 
-1.82499e-16 
-1.8819e-16 
-1.93734e-16 
-1.99316e-16 
-2.04655e-16 
-2.10819e-16 
-2.17359e-16 
-2.23466e-16 
-2.30329e-16 
-2.37949e-16 
-2.44541e-16 
-2.50645e-16 
-2.5615e-16 
-2.60901e-16 
-2.65317e-16 
-2.69847e-16 
-2.76892e-16 
-2.84297e-16 
-2.9227e-16 
-2.99348e-16 
-3.07318e-16 
-3.13665e-16 
-3.19713e-16 
-3.26629e-16 
-3.33954e-16 
-3.41398e-16 
-3.48908e-16 
-3.55626e-16 
-3.60877e-16 
-3.676e-16 
-3.75546e-16 
-3.84386e-16 
-3.91331e-16 
-3.9955e-16 
-4.07095e-16 
-4.14923e-16 
-4.23557e-16 
-4.30607e-16 
-4.38578e-16 
-4.46023e-16 
-4.53038e-16 
-4.58618e-16 
-4.63492e-16 
-4.69692e-16 
-4.75921e-16 
-4.82161e-16 
-4.88679e-16 
-4.95248e-16 
-5.01372e-16 
-5.0871e-16 
-5.17064e-16 
-5.263e-16 
-5.35283e-16 
-5.42754e-16 
-5.48483e-16 
-5.53455e-16 
-5.58587e-16 
-5.6392e-16 
-5.70814e-16 
-5.77628e-16 
-5.84755e-16 
-5.9155e-16 
-5.97924e-16 
-6.05156e-16 
-6.14402e-16 
-6.23111e-16 
-6.32613e-16 
-6.42704e-16 
-6.53518e-16 
-6.64295e-16 
-6.75105e-16 
-6.85691e-16 
-6.95941e-16 
-7.05781e-16 
-7.17424e-16 
-7.29404e-16 
-7.41669e-16 
-7.54097e-16 
-7.65406e-16 
-7.7787e-16 
-7.90431e-16 
-8.01869e-16 
-8.12992e-16 
-8.24677e-16 
-8.37891e-16 
-8.49214e-16 
-8.61872e-16 
-8.75209e-16 
-8.86657e-16 
-8.97573e-16 
-9.06461e-16 
-9.15854e-16 
-9.2494e-16 
-9.31665e-16 
-9.39596e-16 
-9.48052e-16 
-9.56857e-16 
-9.65618e-16 
-9.7394e-16 
-9.83174e-16 
-9.92725e-16 
-1.00351e-15 
-1.01445e-15 
-1.02522e-15 
-1.03703e-15 
-1.0482e-15 
-1.05976e-15 
-1.07089e-15 
-1.08144e-15 
-1.09146e-15 
-1.1005e-15 
-1.10971e-15 
-1.11863e-15 
-1.12691e-15 
-1.13445e-15 
-1.1428e-15 
-1.1518e-15 
-1.15962e-15 
-1.16692e-15 
-1.1736e-15 
-1.18167e-15 
-1.18889e-15 
-1.19628e-15 
-1.2018e-15 
-1.20877e-15 
-1.21593e-15 
-1.22487e-15 
-1.23211e-15 
-1.23985e-15 
-1.24811e-15 
-1.25694e-15 
-1.26493e-15 
-1.27249e-15 
-1.27981e-15 
-1.28901e-15 
-1.2983e-15 
-1.30681e-15 
-1.31653e-15 
-1.32624e-15 
-1.33585e-15 
-1.34769e-15 
-1.35748e-15 
-1.36408e-15 
-1.37251e-15 
-1.38111e-15 
-1.39132e-15 
-1.39991e-15 
-1.40795e-15 
-1.41471e-15 
-1.42041e-15 
-1.42695e-15 
-1.43295e-15 
-1.43679e-15 
-1.44075e-15 
-1.44326e-15 
-1.44698e-15 
-1.4498e-15 
-1.45159e-15 
-1.45346e-15 
-1.45442e-15 
-1.45537e-15 
-1.458e-15 
-1.46084e-15 
-1.46405e-15 
-1.46817e-15 
-1.46989e-15 
-1.4708e-15 
-1.46987e-15 
-1.46712e-15 
-1.46333e-15 
-1.46176e-15 
-1.45714e-15 
-1.45068e-15 
-1.44343e-15 
-1.43612e-15 
-1.42773e-15 
-1.41928e-15 
-1.4112e-15 
-1.40154e-15 
-1.39031e-15 
-1.37913e-15 
-1.36904e-15 
-1.35894e-15 
-1.34993e-15 
-1.33919e-15 
-1.32686e-15 
-1.31573e-15 
-1.30356e-15 
-1.2912e-15 
-1.27947e-15 
-1.2674e-15 
-1.2571e-15 
-1.24651e-15 
-1.23593e-15 
-1.22414e-15 
-1.21188e-15 
-1.19978e-15 
-1.18811e-15 
-1.17545e-15 
-1.16288e-15 
-1.15109e-15 
-1.14006e-15 
-1.12903e-15 
-1.11788e-15 
-1.10729e-15 
-1.09485e-15 
-1.08225e-15 
-1.06997e-15 
-1.05663e-15 
-1.04267e-15 
-1.02868e-15 
-1.01326e-15 
-9.96234e-16 
-9.77931e-16 
-9.58116e-16 
-9.39458e-16 
-9.21327e-16 
-9.01953e-16 
-8.82161e-16 
-8.61646e-16 
-8.40415e-16 
-8.186e-16 
-7.97192e-16 
-7.76699e-16 
-7.56226e-16 
-7.34428e-16 
-7.11694e-16 
-6.88671e-16 
-6.6491e-16 
-6.41113e-16 
-6.17352e-16 
-5.94104e-16 
-5.69652e-16 
-5.4574e-16 
-5.20082e-16 
-4.94685e-16 
-4.67483e-16 
-4.40958e-16 
-4.13533e-16 
-3.86506e-16 
-3.60613e-16 
-3.34933e-16 
-3.09008e-16 
-2.8171e-16 
-2.55714e-16 
-2.30772e-16 
-2.05999e-16 
-1.80873e-16 
-1.55187e-16 
-1.29552e-16 
-1.03211e-16 
-7.62358e-17 
-4.83166e-17 
-2.05032e-17 
8.40996e-18 
3.77695e-17 
6.69445e-17 
9.75087e-17 
1.27016e-16 
1.56155e-16 
1.84861e-16 
2.12619e-16 
2.39206e-16 
2.64739e-16 
2.90738e-16 
3.16562e-16 
3.4153e-16 
3.67227e-16 
3.94221e-16 
4.215e-16 
4.47488e-16 
4.72942e-16 
4.97685e-16 
5.2301e-16 
5.47148e-16 
5.697e-16 
5.91901e-16 
6.15086e-16 
6.38451e-16 
6.61995e-16 
6.85022e-16 
7.07521e-16 
7.30604e-16 
7.54741e-16 
7.78608e-16 
8.02512e-16 
8.26766e-16 
8.5062e-16 
8.74286e-16 
8.97419e-16 
9.19808e-16 
9.42526e-16 
9.65185e-16 
9.8693e-16 
1.00891e-15 
1.03065e-15 
1.05334e-15 
1.07567e-15 
1.09859e-15 
1.12063e-15 
1.14243e-15 
1.16483e-15 
1.18773e-15 
1.21115e-15 
1.23536e-15 
1.25978e-15 
1.2847e-15 
1.31026e-15 
1.33637e-15 
1.3637e-15 
1.39152e-15 
1.41943e-15 
1.446e-15 
1.47275e-15 
1.50009e-15 
1.5283e-15 
1.55578e-15 
1.58251e-15 
1.60857e-15 
1.6346e-15 
1.65963e-15 
1.68448e-15 
1.70916e-15 
1.73418e-15 
1.76007e-15 
1.78604e-15 
1.81229e-15 
1.83915e-15 
1.86668e-15 
1.89465e-15 
1.92246e-15 
1.9502e-15 
1.97792e-15 
2.00598e-15 
2.03471e-15 
2.06291e-15 
2.09043e-15 
2.11795e-15 
2.14582e-15 
2.17349e-15 
2.20133e-15 
2.22832e-15 
2.2563e-15 
2.28368e-15 
2.31202e-15 
2.34062e-15 
2.36881e-15 
2.39723e-15 
2.42576e-15 
2.45438e-15 
2.4828e-15 
2.51116e-15 
2.53954e-15 
2.56789e-15 
2.59694e-15 
2.62601e-15 
2.65522e-15 
2.68504e-15 
2.71498e-15 
2.74503e-15 
2.77531e-15 
2.8055e-15 
2.83545e-15 
2.86585e-15 
2.89686e-15 
2.92801e-15 
2.95937e-15 
2.99058e-15 
3.02144e-15 
3.05229e-15 
3.08325e-15 
3.11502e-15 
3.14688e-15 
3.17892e-15 
3.21126e-15 
3.24289e-15 
3.27418e-15 
3.30546e-15 
3.33692e-15 
3.36918e-15 
3.40185e-15 
3.43512e-15 
3.46914e-15 
3.50277e-15 
3.5367e-15 
3.57109e-15 
3.60551e-15 
3.6399e-15 
3.67455e-15 
3.70899e-15 
3.74378e-15 
3.77906e-15 
3.81452e-15 
3.84988e-15 
3.8854e-15 
3.92096e-15 
3.95657e-15 
3.99211e-15 
4.02759e-15 
4.06256e-15 
4.09739e-15 
4.13228e-15 
4.1672e-15 
4.20217e-15 
4.23707e-15 
4.27187e-15 
4.30635e-15 
4.34057e-15 
4.37482e-15 
4.40913e-15 
4.44365e-15 
4.47815e-15 
4.51282e-15 
4.54734e-15 
4.58197e-15 
4.61656e-15 
4.65122e-15 
4.68608e-15 
4.72087e-15 
4.7556e-15 
4.79042e-15 
4.82532e-15 
4.86017e-15 
4.895e-15 
4.92993e-15 
4.96473e-15 
4.99947e-15 
5.03417e-15 
5.06885e-15 
5.10352e-15 
5.13817e-15 
5.17281e-15 
5.20749e-15 
5.24217e-15 
5.2768e-15 
5.31143e-15 
5.34608e-15 
5.38073e-15 
5.41536e-15 
5.45e-15 
5.48462e-15 
5.51924e-15 
5.55388e-15 
5.58855e-15 
5.62325e-15 
5.65796e-15 
5.69274e-15 
5.72766e-15 
5.76257e-15 
5.79753e-15 
5.83251e-15 
5.86758e-15 
5.90257e-15 
5.93752e-15 
5.97252e-15 
6.00733e-15 
6.04219e-15 
6.07688e-15 
6.11163e-15 
6.1465e-15 
6.18132e-15 
6.21633e-15 
6.25127e-15 
6.28615e-15 
6.32115e-15 
6.35638e-15 
6.39154e-15 
6.42702e-15 
6.46238e-15 
6.49749e-15 
6.53297e-15 
6.5685e-15 
6.60424e-15 
6.63985e-15 
6.6757e-15 
6.71182e-15 
6.74778e-15 
6.784e-15 
6.82038e-15 
6.85695e-15 
6.89349e-15 
6.93007e-15 
6.96649e-15 
7.00291e-15 
7.03888e-15 
7.07467e-15 
7.11033e-15 
7.14572e-15 
7.18112e-15 
7.21655e-15 
7.25165e-15 
7.28731e-15 
7.32268e-15 
7.35749e-15 
7.39232e-15 
7.42708e-15 
7.46177e-15 
7.49716e-15 
7.53271e-15 
7.56824e-15 
7.6036e-15 
7.63888e-15 
7.67366e-15 
7.7092e-15 
7.74505e-15 
7.78047e-15 
7.8159e-15 
7.85195e-15 
7.88779e-15 
7.92355e-15 
7.95903e-15 
7.99442e-15 
8.02987e-15 
8.06536e-15 
8.10113e-15 
8.13667e-15 
8.17238e-15 
8.20775e-15 
8.24261e-15 
8.27698e-15 
8.31137e-15 
8.34569e-15 
8.38031e-15 
8.41465e-15 
8.44861e-15 
8.48192e-15 
8.51561e-15 
8.54985e-15 
8.58381e-15 
8.61752e-15 
8.65191e-15 
8.68711e-15 
8.72328e-15 
8.75877e-15 
8.79411e-15 
8.82894e-15 
8.8638e-15 
8.89916e-15 
8.93497e-15 
8.97068e-15 
9.00703e-15 
9.04271e-15 
9.07865e-15 
9.11487e-15 
9.15041e-15 
9.18635e-15 
9.22274e-15 
9.26006e-15 
9.29774e-15 
9.33539e-15 
9.37237e-15 
9.40898e-15 
9.44462e-15 
9.48034e-15 
9.5161e-15 
9.55243e-15 
9.58874e-15 
9.6256e-15 
9.66285e-15 
9.70057e-15 
9.73848e-15 
9.77652e-15 
9.81457e-15 
9.85182e-15 
9.89012e-15 
9.92801e-15 
9.9658e-15 
1.0004e-14 
1.00424e-14 
1.00813e-14 
1.01203e-14 
1.01596e-14 
1.02006e-14 
1.02415e-14 
1.02811e-14 
1.03204e-14 
1.03591e-14 
1.03976e-14 
1.04351e-14 
1.04729e-14 
1.05109e-14 
1.0548e-14 
1.05845e-14 
1.06222e-14 
1.06585e-14 
1.06938e-14 
1.07298e-14 
1.07656e-14 
1.08011e-14 
1.08365e-14 
1.08725e-14 
1.09081e-14 
1.09433e-14 
1.09784e-14 
1.10134e-14 
1.1048e-14 
1.1083e-14 
1.1118e-14 
1.11534e-14 
1.11886e-14 
1.12235e-14 
1.1258e-14 
1.12932e-14 
1.13282e-14 
1.13646e-14 
1.14004e-14 
1.14374e-14 
1.14746e-14 
1.1511e-14 
1.15476e-14 
1.15842e-14 
1.162e-14 
1.16563e-14 
1.16938e-14 
1.17316e-14 
1.17715e-14 
1.18123e-14 
1.18523e-14 
1.18917e-14 
1.19311e-14 
1.19718e-14 
1.20138e-14 
1.20561e-14 
1.20987e-14 
1.21401e-14 
1.21822e-14 
1.22241e-14 
1.2267e-14 
1.23079e-14 
1.23482e-14 
1.23903e-14 
1.24319e-14 
1.24738e-14 
1.25144e-14 
1.25547e-14 
1.25949e-14 
1.26355e-14 
1.26776e-14 
1.272e-14 
1.27625e-14 
1.28043e-14 
1.28458e-14 
1.28869e-14 
1.29273e-14 
1.29683e-14 
1.30089e-14 
1.30508e-14 
1.30921e-14 
1.31345e-14 
1.31771e-14 
1.3219e-14 
1.32618e-14 
1.3305e-14 
1.33462e-14 
1.33873e-14 
1.34277e-14 
1.34693e-14 
1.35107e-14 
1.35513e-14 
1.35897e-14 
1.36303e-14 
1.36698e-14 
1.3709e-14 
1.37481e-14 
1.37886e-14 
1.38299e-14 
1.38719e-14 
1.39132e-14 
1.39559e-14 
1.39979e-14 
1.40389e-14 
1.40783e-14 
1.41182e-14 
1.4157e-14 
1.4196e-14 
1.42344e-14 
1.42737e-14 
1.43118e-14 
1.43484e-14 
1.43843e-14 
1.442e-14 
1.44547e-14 
1.44891e-14 
1.45221e-14 
1.45541e-14 
1.45868e-14 
1.46184e-14 
1.46495e-14 
1.46811e-14 
1.47126e-14 
1.47436e-14 
1.47745e-14 
1.48055e-14 
1.48359e-14 
1.4866e-14 
1.48964e-14 
1.49275e-14 
1.49596e-14 
1.49919e-14 
1.50241e-14 
1.50583e-14 
1.50925e-14 
1.51273e-14 
1.51631e-14 
1.51996e-14 
1.52372e-14 
1.52723e-14 
1.53077e-14 
1.5345e-14 
1.53821e-14 
1.54177e-14 
1.54538e-14 
1.54902e-14 
1.55261e-14 
1.55618e-14 
1.5598e-14 
1.56326e-14 
1.56696e-14 
1.57067e-14 
1.57434e-14 
1.57788e-14 
1.58141e-14 
1.58469e-14 
1.58781e-14 
1.59095e-14 
1.59409e-14 
1.5972e-14 
1.60024e-14 
1.60342e-14 
1.60675e-14 
1.61011e-14 
1.61355e-14 
1.61724e-14 
1.621e-14 
1.62474e-14 
1.62855e-14 
1.63219e-14 
1.63607e-14 
1.63991e-14 
1.64376e-14 
1.64756e-14 
1.65149e-14 
1.65537e-14 
1.65909e-14 
1.66296e-14 
1.66695e-14 
1.67073e-14 
1.67454e-14 
1.67826e-14 
1.68198e-14 
1.68579e-14 
1.68966e-14 
1.69352e-14 
1.69746e-14 
1.70147e-14 
1.70562e-14 
1.70968e-14 
1.71393e-14 
1.71817e-14 
1.72233e-14 
1.72634e-14 
1.73021e-14 
1.73416e-14 
1.73815e-14 
1.74203e-14 
1.74598e-14 
1.74997e-14 
1.75384e-14 
1.75753e-14 
1.76146e-14 
1.76537e-14 
1.7692e-14 
1.77302e-14 
1.77678e-14 
1.78043e-14 
1.78411e-14 
1.78789e-14 
1.79149e-14 
1.79507e-14 
1.79881e-14 
1.80264e-14 
1.80662e-14 
1.81069e-14 
1.81481e-14 
1.81896e-14 
1.8231e-14 
1.82742e-14 
1.83192e-14 
1.8364e-14 
1.84091e-14 
1.84562e-14 
1.85033e-14 
1.85504e-14 
1.8597e-14 
1.86453e-14 
1.86936e-14 
1.87395e-14 
1.87851e-14 
1.88295e-14 
1.88751e-14 
1.89189e-14 
1.89639e-14 
1.90093e-14 
1.90555e-14 
1.91016e-14 
1.91466e-14 
1.919e-14 
1.92343e-14 
1.92784e-14 
1.93213e-14 
1.93666e-14 
1.94107e-14 
1.9454e-14 
1.94981e-14 
1.95411e-14 
1.95861e-14 
1.96303e-14 
1.96745e-14 
1.97169e-14 
1.97575e-14 
1.97982e-14 
1.98379e-14 
1.98776e-14 
1.99151e-14 
1.9951e-14 
1.99861e-14 
2.00197e-14 
2.0054e-14 
2.00882e-14 
2.01208e-14 
2.01523e-14 
2.01842e-14 
2.02152e-14 
2.02468e-14 
2.02796e-14 
2.03115e-14 
2.03435e-14 
2.0373e-14 
2.04028e-14 
2.04328e-14 
2.04621e-14 
2.04917e-14 
2.05221e-14 
2.05525e-14 
2.0583e-14 
2.06134e-14 
2.06442e-14 
2.06739e-14 
2.07042e-14 
2.07355e-14 
2.07685e-14 
2.08018e-14 
2.08333e-14 
2.08636e-14 
2.08942e-14 
2.09234e-14 
2.09542e-14 
2.09842e-14 
2.10153e-14 
2.10457e-14 
2.10754e-14 
2.11045e-14 
2.11323e-14 
2.11598e-14 
2.11854e-14 
2.12107e-14 
2.12354e-14 
2.12602e-14 
2.1286e-14 
2.13118e-14 
2.13368e-14 
2.13614e-14 
2.13858e-14 
2.141e-14 
2.14321e-14 
2.14551e-14 
2.14779e-14 
2.15021e-14 
2.1526e-14 
2.15484e-14 
2.15709e-14 
2.15933e-14 
2.16142e-14 
2.16353e-14 
2.16556e-14 
2.16746e-14 
2.16922e-14 
2.17103e-14 
2.17282e-14 
2.17468e-14 
2.17667e-14 
2.17866e-14 
2.18072e-14 
2.18286e-14 
2.18507e-14 
2.18721e-14 
2.18935e-14 
2.19133e-14 
2.19346e-14 
2.19569e-14 
2.19779e-14 
2.19987e-14 
2.20185e-14 
2.20382e-14 
2.20587e-14 
2.20799e-14 
2.21029e-14 
2.21275e-14 
2.21528e-14 
2.21784e-14 
2.22051e-14 
2.22321e-14 
2.22597e-14 
2.22883e-14 
2.23166e-14 
2.23455e-14 
2.23747e-14 
2.24038e-14 
2.24334e-14 
2.24636e-14 
2.24932e-14 
2.2523e-14 
2.25526e-14 
2.2581e-14 
2.2609e-14 
2.26372e-14 
2.26659e-14 
2.26939e-14 
2.27214e-14 
2.27487e-14 
2.27763e-14 
2.28037e-14 
2.28322e-14 
2.28614e-14 
2.28922e-14 
2.2922e-14 
2.29518e-14 
2.29813e-14 
2.30108e-14 
2.30391e-14 
2.30681e-14 
2.3096e-14 
2.31233e-14 
2.31509e-14 
2.31781e-14 
2.32057e-14 
2.32337e-14 
2.32616e-14 
2.32898e-14 
2.33172e-14 
2.33457e-14 
2.33751e-14 
2.34035e-14 
2.34317e-14 
2.34598e-14 
2.34875e-14 
2.3514e-14 
2.35409e-14 
2.35673e-14 
2.35931e-14 
2.36192e-14 
2.36455e-14 
2.36725e-14 
2.37e-14 
2.37285e-14 
2.37563e-14 
2.37843e-14 
2.38119e-14 
2.38403e-14 
2.38683e-14 
2.38966e-14 
2.39246e-14 
2.39517e-14 
2.39788e-14 
2.40056e-14 
2.40319e-14 
2.40585e-14 
2.40843e-14 
2.411e-14 
2.41365e-14 
2.41626e-14 
2.41892e-14 
2.4216e-14 
2.42426e-14 
2.42689e-14 
2.42945e-14 
2.43201e-14 
2.43456e-14 
2.43717e-14 
2.43978e-14 
2.44232e-14 
2.44486e-14 
2.44734e-14 
2.44989e-14 
2.45244e-14 
2.45499e-14 
2.45761e-14 
2.46022e-14 
2.46288e-14 
2.46546e-14 
2.46805e-14 
2.47065e-14 
2.47327e-14 
2.47588e-14 
2.47852e-14 
2.48119e-14 
2.4839e-14 
2.4866e-14 
2.4893e-14 
2.49204e-14 
2.49475e-14 
2.49746e-14 
2.50018e-14 
2.50295e-14 
2.50575e-14 
2.5085e-14 
2.51124e-14 
2.51398e-14 
2.51674e-14 
2.51947e-14 
2.52216e-14 
2.52487e-14 
2.52755e-14 
2.53021e-14 
2.53289e-14 
2.53554e-14 
2.53821e-14 
2.54092e-14 
2.54361e-14 
2.54628e-14 
2.54898e-14 
2.55166e-14 
2.55434e-14 
2.55699e-14 
2.55966e-14 
2.56233e-14 
2.565e-14 
2.56768e-14 
2.57035e-14 
2.57301e-14 
2.57567e-14 
2.57832e-14 
2.58099e-14 
2.58368e-14 
2.58638e-14 
2.5891e-14 
2.59181e-14 
2.59453e-14 
2.59726e-14 
2.59999e-14 
2.60273e-14 
2.60548e-14 
2.60824e-14 
2.611e-14 
2.61375e-14 
2.6165e-14 
2.61924e-14 
2.62198e-14 
2.62473e-14 
2.62748e-14 
2.63022e-14 
2.63297e-14 
2.63571e-14 
2.63846e-14 
2.6412e-14 
2.64395e-14 
2.6467e-14 
2.64945e-14 
2.65219e-14 
2.65494e-14 
2.65769e-14 
2.66043e-14 
2.66318e-14 
2.66592e-14 
2.66866e-14 
2.67139e-14 
2.67414e-14 
2.67689e-14 
2.67963e-14 
2.68238e-14 
2.68511e-14 
2.68785e-14 
2.6906e-14 
2.69337e-14 
2.69612e-14 
2.69889e-14 
2.70168e-14 
2.70449e-14 
2.70731e-14 
2.71012e-14 
2.71293e-14 
2.71576e-14 
2.71858e-14 
2.72141e-14 
2.72421e-14 
2.72704e-14 
2.72986e-14 
2.73268e-14 
2.73549e-14 
2.7383e-14 
2.74113e-14 
2.74392e-14 
2.74669e-14 
2.74945e-14 
2.75223e-14 
2.75499e-14 
2.75772e-14 
2.76045e-14 
2.76317e-14 
2.76587e-14 
2.76856e-14 
2.77125e-14 
2.77392e-14 
2.77657e-14 
2.77928e-14 
2.78198e-14 
2.78468e-14 
2.78737e-14 
2.7901e-14 
2.79283e-14 
2.7956e-14 
2.79841e-14 
2.80117e-14 
2.80392e-14 
2.80665e-14 
2.80941e-14 
2.81215e-14 
2.81494e-14 
2.81769e-14 
2.82045e-14 
2.82317e-14 
2.82592e-14 
2.82871e-14 
2.83153e-14 
2.83435e-14 
2.83713e-14 
2.83989e-14 
2.84267e-14 
2.84548e-14 
2.8483e-14 
2.8511e-14 
2.85386e-14 
2.85659e-14 
2.85935e-14 
2.86209e-14 
2.86479e-14 
2.86755e-14 
2.87032e-14 
2.87319e-14 
2.8761e-14 
2.87906e-14 
2.88205e-14 
2.88509e-14 
2.88812e-14 
2.89113e-14 
2.89422e-14 
2.89741e-14 
2.90055e-14 
2.90368e-14 
2.90686e-14 
2.91006e-14 
2.91322e-14 
2.91639e-14 
2.91956e-14 
2.92275e-14 
2.92605e-14 
2.92935e-14 
2.93273e-14 
2.93606e-14 
2.9394e-14 
2.94274e-14 
2.94603e-14 
2.94933e-14 
2.95264e-14 
2.95592e-14 
2.9592e-14 
2.9625e-14 
2.96574e-14 
2.96888e-14 
2.97196e-14 
2.97503e-14 
2.97806e-14 
2.98111e-14 
2.98415e-14 
2.98716e-14 
2.99009e-14 
2.99296e-14 
2.99589e-14 
2.99887e-14 
3.00168e-14 
3.00438e-14 
3.00705e-14 
3.00976e-14 
3.01238e-14 
3.015e-14 
3.01765e-14 
3.02036e-14 
3.0231e-14 
3.02591e-14 
3.0287e-14 
3.0315e-14 
3.03435e-14 
3.03716e-14 
3.03993e-14 
3.0425e-14 
3.0451e-14 
3.04773e-14 
3.0503e-14 
3.05289e-14 
3.05545e-14 
3.05795e-14 
3.06039e-14 
3.06289e-14 
3.0654e-14 
3.06795e-14 
3.07048e-14 
3.07299e-14 
3.07532e-14 
3.07748e-14 
3.07967e-14 
3.0819e-14 
3.08412e-14 
3.08642e-14 
3.08871e-14 
3.09102e-14 
3.09331e-14 
3.09565e-14 
3.0981e-14 
3.10054e-14 
3.10304e-14 
3.10562e-14 
3.10817e-14 
3.1109e-14 
3.1137e-14 
3.11643e-14 
3.11923e-14 
3.12197e-14 
3.12468e-14 
3.12746e-14 
3.1301e-14 
3.13269e-14 
3.1353e-14 
3.13788e-14 
3.14061e-14 
3.14329e-14 
3.14587e-14 
3.14857e-14 
3.1512e-14 
3.1538e-14 
3.15639e-14 
3.15897e-14 
3.16143e-14 
3.16385e-14 
3.16621e-14 
3.16846e-14 
3.17078e-14 
3.17314e-14 
3.17555e-14 
3.17782e-14 
3.18004e-14 
3.18217e-14 
3.18418e-14 
3.18615e-14 
3.18819e-14 
3.19027e-14 
3.19217e-14 
3.19418e-14 
3.19619e-14 
3.19803e-14 
3.19983e-14 
3.20147e-14 
3.20324e-14 
3.20499e-14 
3.20663e-14 
3.20819e-14 
3.20974e-14 
3.21112e-14 
3.21249e-14 
3.2139e-14 
3.21538e-14 
3.21694e-14 
3.21834e-14 
3.21975e-14 
3.22125e-14 
3.22253e-14 
3.22389e-14 
3.22522e-14 
3.22657e-14 
3.22792e-14 
3.2294e-14 
3.23103e-14 
3.23275e-14 
3.23448e-14 
3.23628e-14 
3.23798e-14 
3.23991e-14 
3.24195e-14 
3.24392e-14 
3.24585e-14 
3.2479e-14 
3.25013e-14 
3.25248e-14 
3.25467e-14 
3.25682e-14 
3.25887e-14 
3.26089e-14 
3.26289e-14 
3.26507e-14 
3.26718e-14 
3.26927e-14 
3.2713e-14 
3.27332e-14 
3.27533e-14 
3.27733e-14 
3.27939e-14 
3.28161e-14 
3.28376e-14 
3.28603e-14 
3.28831e-14 
3.2906e-14 
3.29292e-14 
3.29522e-14 
3.29769e-14 
3.30016e-14 
3.30273e-14 
3.30528e-14 
3.3078e-14 
3.3102e-14 
3.31265e-14 
3.31525e-14 
3.31794e-14 
3.32063e-14 
3.32346e-14 
3.32612e-14 
3.32873e-14 
3.33145e-14 
3.33423e-14 
3.33691e-14 
3.33965e-14 
3.34218e-14 
3.34473e-14 
3.34744e-14 
3.35018e-14 
3.35281e-14 
3.35554e-14 
3.35835e-14 
3.36121e-14 
3.36416e-14 
3.36707e-14 
3.36998e-14 
3.37297e-14 
3.37588e-14 
3.3789e-14 
3.38191e-14 
3.38479e-14 
3.38763e-14 
3.39063e-14 
3.39351e-14 
3.39642e-14 
3.39935e-14 
3.40241e-14 
3.40529e-14 
3.4081e-14 
3.41112e-14 
3.4141e-14 
3.41699e-14 
3.41994e-14 
3.42283e-14 
3.42554e-14 
3.42813e-14 
3.43066e-14 
3.43327e-14 
3.43579e-14 
3.4383e-14 
3.44063e-14 
3.4429e-14 
3.44508e-14 
3.44733e-14 
3.44955e-14 
3.45177e-14 
3.45405e-14 
3.45626e-14 
3.45833e-14 
3.46053e-14 
3.46266e-14 
3.46465e-14 
3.46674e-14 
3.46858e-14 
3.47027e-14 
3.47209e-14 
3.47403e-14 
3.47593e-14 
3.47783e-14 
3.47955e-14 
3.48115e-14 
3.48283e-14 
3.4846e-14 
3.4864e-14 
3.48818e-14 
3.48992e-14 
3.49174e-14 
3.49365e-14 
3.49543e-14 
3.49725e-14 
3.49905e-14 
3.50096e-14 
3.50301e-14 
3.50514e-14 
3.50716e-14 
3.50922e-14 
3.5112e-14 
3.5131e-14 
3.51484e-14 
3.51666e-14 
3.51849e-14 
3.52025e-14 
3.52234e-14 
3.52429e-14 
3.52623e-14 
3.52841e-14 
3.53057e-14 
3.53282e-14 
3.53501e-14 
3.5372e-14 
3.53948e-14 
3.54172e-14 
3.544e-14 
3.54623e-14 
3.54835e-14 
3.55053e-14 
3.55289e-14 
3.55509e-14 
3.55731e-14 
3.55952e-14 
3.56188e-14 
3.56426e-14 
3.56677e-14 
3.56943e-14 
3.57206e-14 
3.57465e-14 
3.57718e-14 
3.5797e-14 
3.58226e-14 
3.58465e-14 
3.58709e-14 
3.58949e-14 
3.59168e-14 
3.59369e-14 
3.59568e-14 
3.59757e-14 
3.59943e-14 
3.6013e-14 
3.60325e-14 
3.60503e-14 
3.60669e-14 
3.60817e-14 
3.60956e-14 
3.6108e-14 
3.61207e-14 
3.61336e-14 
3.61477e-14 
3.61611e-14 
3.61736e-14 
3.61866e-14 
3.62011e-14 
3.62176e-14 
3.62353e-14 
3.62524e-14 
3.6268e-14 
3.62855e-14 
3.63024e-14 
3.63176e-14 
3.63316e-14 
3.63454e-14 
3.63598e-14 
3.63735e-14 
3.63854e-14 
3.63969e-14 
3.64076e-14 
3.64171e-14 
3.64268e-14 
3.64359e-14 
3.64435e-14 
3.64513e-14 
3.64602e-14 
3.64694e-14 
3.64793e-14 
3.64899e-14 
3.64991e-14 
3.65091e-14 
3.65195e-14 
3.65294e-14 
3.65399e-14 
3.65517e-14 
3.65627e-14 
3.65742e-14 
3.65867e-14 
3.65976e-14 
3.66073e-14 
3.66161e-14 
3.66249e-14 
3.66338e-14 
3.66439e-14 
3.66541e-14 
3.66656e-14 
3.66776e-14 
3.66894e-14 
3.67001e-14 
3.67098e-14 
3.67199e-14 
3.67303e-14 
3.67395e-14 
3.67489e-14 
3.67592e-14 
3.67705e-14 
3.67822e-14 
3.67949e-14 
3.68062e-14 
3.68175e-14 
3.683e-14 
3.68438e-14 
3.68583e-14 
3.68716e-14 
3.68842e-14 
3.68951e-14 
3.6905e-14 
3.69156e-14 
3.69257e-14 
3.69356e-14 
3.69452e-14 
3.69546e-14 
3.69652e-14 
3.69761e-14 
3.69876e-14 
3.69984e-14 
3.70081e-14 
3.70179e-14 
3.70279e-14 
3.7038e-14 
3.7048e-14 
3.70578e-14 
3.70666e-14 
3.70752e-14 
3.70844e-14 
3.70925e-14 
3.7102e-14 
3.71128e-14 
3.7123e-14 
3.71326e-14 
3.71422e-14 
3.71524e-14 
3.71615e-14 
3.71717e-14 
3.71804e-14 
3.71897e-14 
3.71984e-14 
3.72068e-14 
3.72155e-14 
3.72239e-14 
3.72312e-14 
3.72389e-14 
3.72462e-14 
3.72535e-14 
3.72611e-14 
3.72701e-14 
3.72784e-14 
3.72862e-14 
3.72957e-14 
3.7305e-14 
3.73136e-14 
3.7322e-14 
3.73298e-14 
3.73381e-14 
3.73473e-14 
3.73569e-14 
3.73664e-14 
3.73763e-14 
3.73861e-14 
3.73951e-14 
3.74048e-14 
3.74134e-14 
3.74208e-14 
3.74278e-14 
3.74345e-14 
3.74425e-14 
3.74507e-14 
3.74592e-14 
3.74683e-14 
3.74773e-14 
3.74864e-14 
3.74955e-14 
3.75048e-14 
3.7514e-14 
3.75236e-14 
3.75323e-14 
3.75408e-14 
3.75488e-14 
3.75564e-14 
3.75641e-14 
3.75716e-14 
3.75797e-14 
3.75885e-14 
3.75977e-14 
3.76068e-14 
3.76165e-14 
3.76256e-14 
3.76347e-14 
3.76433e-14 
3.76522e-14 
3.76608e-14 
3.76705e-14 
3.76807e-14 
3.76911e-14 
3.77011e-14 
3.77106e-14 
3.77195e-14 
3.77283e-14 
3.77376e-14 
3.7747e-14 
3.77555e-14 
3.77632e-14 
3.77702e-14 
3.77765e-14 
3.77824e-14 
3.77883e-14 
3.77946e-14 
3.78009e-14 
3.78066e-14 
3.78125e-14 
3.78183e-14 
3.78243e-14 
3.78298e-14 
3.78353e-14 
3.78405e-14 
3.78453e-14 
3.78496e-14 
3.78538e-14 
3.78576e-14 
3.78609e-14 
3.7864e-14 
3.7867e-14 
3.787e-14 
3.78734e-14 
3.78766e-14 
3.78801e-14 
3.78833e-14 
3.78868e-14 
3.789e-14 
3.78931e-14 
3.78962e-14 
3.78994e-14 
3.79024e-14 
3.79059e-14 
3.79096e-14 
3.79134e-14 
3.79169e-14 
3.79205e-14 
3.79244e-14 
3.7928e-14 
3.79315e-14 
3.79351e-14 
3.79387e-14 
3.79422e-14 
3.79455e-14 
3.79489e-14 
3.79523e-14 
3.79558e-14 
3.7959e-14 
3.79621e-14 
3.79653e-14 
3.79687e-14 
3.79723e-14 
3.79757e-14 
3.79791e-14 
3.79826e-14 
3.7986e-14 
3.79894e-14 
3.79928e-14 
3.79961e-14 
3.79995e-14 
3.80027e-14 
3.80059e-14 
3.80093e-14 
3.80126e-14 
3.8016e-14 
3.80194e-14 
3.80229e-14 
3.80265e-14 
3.803e-14 
3.80335e-14 
3.80371e-14 
3.80406e-14 
3.80441e-14 
3.80476e-14 
3.80511e-14 
3.80546e-14 
3.80581e-14 
3.80616e-14 
3.8065e-14 
3.80686e-14 
3.80721e-14 
3.80755e-14 
3.80789e-14 
3.80823e-14 
3.80856e-14 
3.80889e-14 
3.80923e-14 
3.80957e-14 
3.80989e-14 
3.81022e-14 
3.81054e-14 
3.81085e-14 
3.81116e-14 
3.81146e-14 
3.81175e-14 
3.81204e-14 
3.81231e-14 
3.81259e-14 
3.81284e-14 
3.81309e-14 
3.81334e-14 
3.81358e-14 
3.81384e-14 
3.8141e-14 
3.81437e-14 
3.81464e-14 
3.81492e-14 
3.81522e-14 
3.81549e-14 
3.81577e-14 
3.81604e-14 
3.81631e-14 
3.81662e-14 
3.81693e-14 
3.81719e-14 
3.81747e-14 
3.81774e-14 
3.81799e-14 
3.81826e-14 
3.81848e-14 
3.81872e-14 
3.81896e-14 
3.81921e-14 
3.81945e-14 
3.8197e-14 
3.81994e-14 
3.82026e-14 
3.82058e-14 
3.82084e-14 
3.82115e-14 
3.82144e-14 
3.82175e-14 
3.82204e-14 
3.82235e-14 
3.82269e-14 
3.82304e-14 
3.82332e-14 
3.82361e-14 
3.82388e-14 
3.82417e-14 
3.82449e-14 
3.82481e-14 
3.82517e-14 
3.82547e-14 
3.82577e-14 
3.82604e-14 
3.82635e-14 
3.8267e-14 
3.82705e-14 
3.82739e-14 
3.82766e-14 
3.82791e-14 
3.82818e-14 
3.82851e-14 
3.82885e-14 
3.82919e-14 
3.82957e-14 
3.82997e-14 
3.83041e-14 
3.83088e-14 
3.83137e-14 
3.83188e-14 
3.83238e-14 
3.83296e-14 
3.8334e-14 
3.83383e-14 
3.83423e-14 
3.83459e-14 
3.83502e-14 
3.83548e-14 
3.836e-14 
3.83652e-14 
3.83711e-14 
3.8377e-14 
3.8383e-14 
3.83898e-14 
3.83969e-14 
3.84048e-14 
3.84123e-14 
3.84195e-14 
3.84277e-14 
3.84354e-14 
3.84433e-14 
3.84514e-14 
3.8458e-14 
3.84647e-14 
3.84706e-14 
3.8477e-14 
3.84846e-14 
3.84929e-14 
3.85004e-14 
3.85066e-14 
3.8513e-14 
3.85194e-14 
3.85251e-14 
3.8531e-14 
3.85382e-14 
3.85465e-14 
3.85546e-14 
3.85632e-14 
3.85717e-14 
3.85788e-14 
3.85851e-14 
3.85913e-14 
3.85977e-14 
3.86052e-14 
3.8612e-14 
3.86185e-14 
3.86248e-14 
3.86317e-14 
3.864e-14 
3.86467e-14 
3.86528e-14 
3.86582e-14 
3.8663e-14 
3.86679e-14 
3.86732e-14 
3.86772e-14 
3.86798e-14 
3.86817e-14 
3.86824e-14 
3.86836e-14 
3.86856e-14 
3.86872e-14 
3.86888e-14 
3.8691e-14 
3.86925e-14 
3.86945e-14 
3.86974e-14 
3.86999e-14 
3.87019e-14 
3.87033e-14 
3.87035e-14 
3.87041e-14 
3.87045e-14 
3.87054e-14 
3.87059e-14 
3.87058e-14 
3.87064e-14 
3.87059e-14 
3.87039e-14 
3.8703e-14 
3.87017e-14 
3.86992e-14 
3.8696e-14 
3.86914e-14 
3.86878e-14 
3.86837e-14 
3.8679e-14 
3.86729e-14 
3.86671e-14 
3.86609e-14 
3.86545e-14 
3.86495e-14 
3.86448e-14 
3.86407e-14 
3.86357e-14 
3.86308e-14 
3.86262e-14 
3.8621e-14 
3.86156e-14 
3.86102e-14 
3.86057e-14 
3.86015e-14 
3.8597e-14 
3.85917e-14 
3.85849e-14 
3.85792e-14 
3.85728e-14 
3.85659e-14 
3.8559e-14 
3.85524e-14 
3.85478e-14 
3.85437e-14 
3.854e-14 
3.85342e-14 
3.85278e-14 
3.85207e-14 
3.85148e-14 
3.85074e-14 
3.85011e-14 
3.84944e-14 
3.84869e-14 
3.84778e-14 
3.8469e-14 
3.84608e-14 
3.84534e-14 
3.84462e-14 
3.84399e-14 
3.8435e-14 
3.84294e-14 
3.84259e-14 
3.84223e-14 
3.8417e-14 
3.84132e-14 
3.84098e-14 
3.84071e-14 
3.84054e-14 
3.84055e-14 
3.84064e-14 
3.84053e-14 
3.84044e-14 
3.84012e-14 
3.83976e-14 
3.83948e-14 
3.83926e-14 
3.83904e-14 
3.83866e-14 
3.8382e-14 
3.83781e-14 
3.83754e-14 
3.83731e-14 
3.83702e-14 
3.83681e-14 
3.83664e-14 
3.83625e-14 
3.83603e-14 
3.83594e-14 
3.83592e-14 
3.83592e-14 
3.83587e-14 
3.83575e-14 
3.83569e-14 
3.83552e-14 
3.83543e-14 
3.83523e-14 
3.83509e-14 
3.83483e-14 
3.83443e-14 
3.83403e-14 
3.83373e-14 
3.83363e-14 
3.83359e-14 
3.83365e-14 
3.83366e-14 
3.83378e-14 
3.83377e-14 
3.8338e-14 
3.83377e-14 
3.83387e-14 
3.83405e-14 
3.83431e-14 
3.83455e-14 
3.83484e-14 
3.83534e-14 
3.8358e-14 
3.83623e-14 
3.83663e-14 
3.83681e-14 
3.83698e-14 
3.83726e-14 
3.83756e-14 
3.83797e-14 
3.83861e-14 
3.83931e-14 
3.83996e-14 
3.84064e-14 
3.84136e-14 
3.84221e-14 
3.84316e-14 
3.84413e-14 
3.84494e-14 
3.84577e-14 
3.84645e-14 
3.84708e-14 
3.84773e-14 
3.84838e-14 
3.84926e-14 
3.85025e-14 
3.85144e-14 
3.85239e-14 
3.85341e-14 
3.85447e-14 
3.85542e-14 
3.85641e-14 
3.85734e-14 
3.85822e-14 
3.85942e-14 
3.86067e-14 
3.86189e-14 
3.86311e-14 
3.8644e-14 
3.86573e-14 
3.86732e-14 
3.8691e-14 
3.87094e-14 
3.87282e-14 
3.87478e-14 
3.87687e-14 
3.87906e-14 
3.88124e-14 
3.88333e-14 
3.88538e-14 
3.88764e-14 
3.88992e-14 
3.89216e-14 
3.89431e-14 
3.89634e-14 
3.89828e-14 
3.90037e-14 
3.90245e-14 
3.9046e-14 
3.90693e-14 
3.90938e-14 
3.91178e-14 
3.91408e-14 
3.91633e-14 
3.91845e-14 
3.92055e-14 
3.92252e-14 
3.92439e-14 
3.92636e-14 
3.92823e-14 
3.93013e-14 
3.93205e-14 
3.9339e-14 
3.93553e-14 
3.93721e-14 
3.93888e-14 
3.9406e-14 
3.94238e-14 
3.9441e-14 
3.94571e-14 
3.94739e-14 
3.94912e-14 
3.95094e-14 
3.95275e-14 
3.95457e-14 
3.9565e-14 
3.95853e-14 
3.96067e-14 
3.96286e-14 
3.965e-14 
3.96705e-14 
3.96901e-14 
3.97104e-14 
3.97313e-14 
3.9752e-14 
3.97734e-14 
3.97943e-14 
3.98166e-14 
3.98396e-14 
3.98624e-14 
3.98852e-14 
3.99079e-14 
3.99297e-14 
3.9952e-14 
3.9975e-14 
3.99979e-14 
4.00192e-14 
4.00404e-14 
4.00616e-14 
4.0083e-14 
4.01046e-14 
4.01246e-14 
4.01443e-14 
4.01633e-14 
4.01821e-14 
4.02028e-14 
4.02243e-14 
4.02471e-14 
4.02699e-14 
4.02912e-14 
4.03128e-14 
4.0334e-14 
4.03543e-14 
4.03741e-14 
4.03941e-14 
4.04148e-14 
4.04354e-14 
4.04568e-14 
4.04773e-14 
4.04982e-14 
4.05188e-14 
4.05389e-14 
4.05596e-14 
4.05787e-14 
4.05971e-14 
4.06148e-14 
4.06321e-14 
4.06496e-14 
4.06673e-14 
4.06854e-14 
4.07017e-14 
4.07184e-14 
4.07343e-14 
4.07488e-14 
4.07659e-14 
4.07843e-14 
4.08031e-14 
4.0824e-14 
4.08455e-14 
4.08677e-14 
4.08895e-14 
4.0912e-14 
4.09344e-14 
4.09584e-14 
4.09828e-14 
4.10081e-14 
4.10333e-14 
4.10593e-14 
4.10862e-14 
4.11131e-14 
4.11409e-14 
4.11707e-14 
4.12008e-14 
4.12309e-14 
4.12621e-14 
4.12926e-14 
4.1324e-14 
4.13564e-14 
4.13882e-14 
4.14202e-14 
4.14532e-14 
4.14868e-14 
4.1521e-14 
4.15545e-14 
4.15867e-14 
4.1618e-14 
4.1649e-14 
4.16806e-14 
4.17126e-14 
4.17448e-14 
4.17792e-14 
4.18132e-14 
4.18473e-14 
4.188e-14 
4.19132e-14 
4.19461e-14 
4.19796e-14 
4.20131e-14 
4.20475e-14 
4.20819e-14 
4.21165e-14 
4.21528e-14 
4.21896e-14 
4.2226e-14 
4.22626e-14 
4.22997e-14 
4.23374e-14 
4.23751e-14 
4.24129e-14 
4.24502e-14 
4.24881e-14 
4.25259e-14 
4.25632e-14 
4.26012e-14 
4.26385e-14 
4.26768e-14 
4.27151e-14 
4.2755e-14 
4.27945e-14 
4.28328e-14 
4.28727e-14 
4.2912e-14 
4.29516e-14 
4.29924e-14 
4.30336e-14 
4.30762e-14 
4.31198e-14 
4.31643e-14 
4.32104e-14 
4.32565e-14 
4.33023e-14 
4.33487e-14 
4.33959e-14 
4.34421e-14 
4.3489e-14 
4.35365e-14 
4.35829e-14 
4.36291e-14 
4.3675e-14 
4.37211e-14 
4.37671e-14 
4.38138e-14 
4.38603e-14 
4.39077e-14 
4.39552e-14 
4.40013e-14 
4.40472e-14 
4.40926e-14 
4.41383e-14 
4.41838e-14 
4.42293e-14 
4.42733e-14 
4.43167e-14 
4.43596e-14 
4.44034e-14 
4.44467e-14 
4.44899e-14 
4.4533e-14 
4.45762e-14 
4.46201e-14 
4.4664e-14 
4.47081e-14 
4.47526e-14 
4.47967e-14 
4.48413e-14 
4.48866e-14 
4.49325e-14 
4.49787e-14 
4.50248e-14 
4.50702e-14 
4.51155e-14 
4.5161e-14 
4.52062e-14 
4.52513e-14 
4.52968e-14 
4.53417e-14 
4.53879e-14 
4.54342e-14 
4.54801e-14 
4.55263e-14 
4.55724e-14 
4.56184e-14 
4.56643e-14 
4.5711e-14 
4.57571e-14 
4.58025e-14 
4.58475e-14 
4.58924e-14 
4.59378e-14 
4.59836e-14 
4.60294e-14 
4.60759e-14 
4.61224e-14 
4.61683e-14 
4.62143e-14 
4.62606e-14 
4.63071e-14 
4.63534e-14 
4.63996e-14 
4.64453e-14 
4.64912e-14 
4.65368e-14 
4.65832e-14 
4.66298e-14 
4.66759e-14 
4.67222e-14 
4.67687e-14 
4.68155e-14 
4.68623e-14 
4.69088e-14 
4.69553e-14 
4.70016e-14 
4.7048e-14 
4.70945e-14 
4.71405e-14 
4.71864e-14 
4.72326e-14 
4.72787e-14 
4.73246e-14 
4.73704e-14 
4.7416e-14 
4.74619e-14 
4.75076e-14 
4.75532e-14 
4.75988e-14 
4.76444e-14 
4.76904e-14 
4.77365e-14 
4.77821e-14 
4.78278e-14 
4.78734e-14 
4.7919e-14 
4.79646e-14 
4.80102e-14 
4.80556e-14 
4.81009e-14 
4.81463e-14 
4.81921e-14 
4.82377e-14 
4.82833e-14 
4.8329e-14 
4.83747e-14 
4.84204e-14 
4.84661e-14 
4.85114e-14 
4.85568e-14 
4.86023e-14 
4.86477e-14 
4.86929e-14 
4.87382e-14 
4.87835e-14 
4.88287e-14 
4.88739e-14 
4.89189e-14 
4.89638e-14 
4.90087e-14 
4.90537e-14 
4.90988e-14 
4.9144e-14 
4.91891e-14 
4.92343e-14 
4.92795e-14 
4.93247e-14 
4.93699e-14 
4.94151e-14 
4.94604e-14 
4.95056e-14 
4.95508e-14 
4.9596e-14 
4.96412e-14 
4.96864e-14 
4.97317e-14 
4.97768e-14 
4.9822e-14 
4.98671e-14 
4.99123e-14 
4.99574e-14 
5.00025e-14 
5.00476e-14 
5.00928e-14 
5.01379e-14 
5.0183e-14 
5.02281e-14 
5.02732e-14 
5.03185e-14 
5.03636e-14 
5.04087e-14 
5.04539e-14 
5.0499e-14 
5.05442e-14 
5.05892e-14 
5.06343e-14 
5.06793e-14 
5.0724e-14 
5.07688e-14 
5.08136e-14 
5.08584e-14 
5.09033e-14 
5.09484e-14 
5.09936e-14 
5.10388e-14 
5.10841e-14 
5.11293e-14 
5.11745e-14 
5.12194e-14 
5.12643e-14 
5.13095e-14 
5.1355e-14 
5.14005e-14 
5.14458e-14 
5.14909e-14 
5.15363e-14 
5.1582e-14 
5.16276e-14 
5.16733e-14 
5.17189e-14 
5.17645e-14 
5.181e-14 
5.18558e-14 
5.19018e-14 
5.19475e-14 
5.19932e-14 
5.20386e-14 
5.20835e-14 
5.21286e-14 
5.21738e-14 
5.22193e-14 
5.22647e-14 
5.23097e-14 
5.23544e-14 
5.2399e-14 
5.24439e-14 
5.24883e-14 
5.25326e-14 
5.25765e-14 
5.2621e-14 
5.26649e-14 
5.27086e-14 
5.27527e-14 
5.2797e-14 
5.28416e-14 
5.28858e-14 
5.29306e-14 
5.29751e-14 
5.30199e-14 
5.30649e-14 
5.31101e-14 
5.31547e-14 
5.31993e-14 
5.32441e-14 
5.32889e-14 
5.33334e-14 
5.33778e-14 
5.34227e-14 
5.34685e-14 
5.3514e-14 
5.35593e-14 
5.36046e-14 
5.36496e-14 
5.36942e-14 
5.37393e-14 
5.37853e-14 
5.38318e-14 
5.38778e-14 
5.39243e-14 
5.39707e-14 
5.40172e-14 
5.40637e-14 
5.41105e-14 
5.41571e-14 
5.42029e-14 
5.42483e-14 
5.42937e-14 
5.43387e-14 
5.43845e-14 
5.443e-14 
5.44762e-14 
5.45228e-14 
5.45691e-14 
5.46153e-14 
5.46615e-14 
5.47065e-14 
5.47517e-14 
5.47986e-14 
5.48453e-14 
5.48912e-14 
5.49367e-14 
5.49823e-14 
5.50286e-14 
5.50746e-14 
5.51209e-14 
5.51659e-14 
5.52119e-14 
5.52574e-14 
5.53032e-14 
5.53487e-14 
5.53944e-14 
5.54408e-14 
5.54876e-14 
5.55336e-14 
5.55798e-14 
5.56261e-14 
5.56733e-14 
5.57208e-14 
5.57675e-14 
5.58151e-14 
5.5863e-14 
5.59122e-14 
5.59618e-14 
5.60107e-14 
5.60592e-14 
5.61079e-14 
5.61565e-14 
5.62064e-14 
5.62561e-14 
5.6307e-14 
5.63577e-14 
5.64084e-14 
5.64601e-14 
5.65122e-14 
5.65644e-14 
5.66177e-14 
5.66696e-14 
5.67213e-14 
5.67724e-14 
5.68222e-14 
5.6873e-14 
5.69227e-14 
5.69718e-14 
5.70198e-14 
5.70673e-14 
5.71132e-14 
5.71582e-14 
5.72031e-14 
5.72477e-14 
5.72913e-14 
5.7334e-14 
5.73769e-14 
5.7421e-14 
5.7464e-14 
5.75065e-14 
5.75496e-14 
5.75932e-14 
5.76372e-14 
5.76822e-14 
5.77283e-14 
5.77739e-14 
5.78185e-14 
5.78628e-14 
5.7907e-14 
5.79518e-14 
5.79974e-14 
5.8044e-14 
5.80895e-14 
5.81354e-14 
5.81811e-14 
5.82275e-14 
5.82736e-14 
5.83216e-14 
5.83701e-14 
5.84186e-14 
5.84666e-14 
5.85157e-14 
5.85644e-14 
5.86129e-14 
5.86622e-14 
5.87127e-14 
5.87637e-14 
5.88161e-14 
5.88693e-14 
5.89233e-14 
5.89783e-14 
5.90312e-14 
5.90836e-14 
5.91354e-14 
5.91864e-14 
5.92374e-14 
5.92865e-14 
5.93344e-14 
5.93827e-14 
5.94324e-14 
5.94834e-14 
5.9533e-14 
5.95825e-14 
5.9632e-14 
5.96829e-14 
5.97333e-14 
5.97817e-14 
5.98319e-14 
5.98832e-14 
5.9934e-14 
5.99856e-14 
6.00365e-14 
6.00849e-14 
6.01341e-14 
6.01833e-14 
6.02307e-14 
6.02776e-14 
6.03242e-14 
6.03711e-14 
6.04175e-14 
6.04634e-14 
6.05096e-14 
6.05576e-14 
6.06058e-14 
6.06541e-14 
6.07019e-14 
6.07513e-14 
6.07999e-14 
6.08482e-14 
6.08961e-14 
6.09441e-14 
6.09926e-14 
6.1043e-14 
6.10935e-14 
6.11456e-14 
6.11979e-14 
6.1248e-14 
6.12976e-14 
6.13461e-14 
6.13959e-14 
6.14459e-14 
6.14953e-14 
6.15448e-14 
6.1595e-14 
6.16466e-14 
6.16991e-14 
6.1752e-14 
6.18041e-14 
6.18559e-14 
6.19058e-14 
6.19547e-14 
6.20028e-14 
6.20508e-14 
6.21001e-14 
6.21476e-14 
6.2193e-14 
6.22402e-14 
6.22877e-14 
6.23336e-14 
6.23794e-14 
6.2427e-14 
6.24758e-14 
6.25251e-14 
6.2574e-14 
6.26239e-14 
6.26738e-14 
6.27223e-14 
6.27725e-14 
6.28206e-14 
6.28696e-14 
6.2917e-14 
6.29639e-14 
6.30095e-14 
6.30537e-14 
6.30952e-14 
6.31362e-14 
6.31749e-14 
6.32128e-14 
6.3253e-14 
6.32908e-14 
6.33285e-14 
6.33669e-14 
6.34053e-14 
6.34429e-14 
6.34807e-14 
6.35203e-14 
6.35575e-14 
6.35957e-14 
6.36327e-14 
6.36703e-14 
6.37085e-14 
6.3746e-14 
6.37829e-14 
6.382e-14 
6.38557e-14 
6.38923e-14 
6.3929e-14 
6.39669e-14 
6.40059e-14 
6.40456e-14 
6.4085e-14 
6.41256e-14 
6.41659e-14 
6.42043e-14 
6.42433e-14 
6.42811e-14 
6.43188e-14 
6.43556e-14 
6.43922e-14 
6.44296e-14 
6.44676e-14 
6.45052e-14 
6.45422e-14 
6.45781e-14 
6.46124e-14 
6.46468e-14 
6.46827e-14 
6.4718e-14 
6.4753e-14 
6.47862e-14 
6.48185e-14 
6.48514e-14 
6.48832e-14 
6.49171e-14 
6.49506e-14 
6.49862e-14 
6.50224e-14 
6.50598e-14 
6.50981e-14 
6.51365e-14 
6.51761e-14 
6.52137e-14 
6.52521e-14 
6.52912e-14 
6.53302e-14 
6.53702e-14 
6.54094e-14 
6.54496e-14 
6.54879e-14 
6.55267e-14 
6.55656e-14 
6.56027e-14 
6.56382e-14 
6.56748e-14 
6.57128e-14 
6.57501e-14 
6.57879e-14 
6.5825e-14 
6.58618e-14 
6.59e-14 
6.59392e-14 
6.5978e-14 
6.60163e-14 
6.60557e-14 
6.60935e-14 
6.6132e-14 
6.61722e-14 
6.62099e-14 
6.62471e-14 
6.62839e-14 
6.6321e-14 
6.63558e-14 
6.63888e-14 
6.64201e-14 
6.64517e-14 
6.64837e-14 
6.65167e-14 
6.65491e-14 
6.65798e-14 
6.66112e-14 
6.66423e-14 
6.66726e-14 
6.67035e-14 
6.67342e-14 
6.67643e-14 
6.67924e-14 
6.68202e-14 
6.68477e-14 
6.68736e-14 
6.68995e-14 
6.6926e-14 
6.6953e-14 
6.69798e-14 
6.70083e-14 
6.70359e-14 
6.70628e-14 
6.70885e-14 
6.71153e-14 
6.71416e-14 
6.71696e-14 
6.71964e-14 
6.72239e-14 
6.72529e-14 
6.72811e-14 
6.73088e-14 
6.73378e-14 
6.73664e-14 
6.73972e-14 
6.74267e-14 
6.74561e-14 
6.74844e-14 
6.75134e-14 
6.75415e-14 
6.75709e-14 
6.76024e-14 
6.76349e-14 
6.76682e-14 
6.77007e-14 
6.77328e-14 
6.7763e-14 
6.77935e-14 
6.78225e-14 
6.78516e-14 
6.78813e-14 
6.79122e-14 
6.79426e-14 
6.79744e-14 
6.80055e-14 
6.80377e-14 
6.80696e-14 
6.81009e-14 
6.81317e-14 
6.8162e-14 
6.81932e-14 
6.82244e-14 
6.82551e-14 
6.82859e-14 
6.83152e-14 
6.83444e-14 
6.83735e-14 
6.84027e-14 
6.84313e-14 
6.84587e-14 
6.84865e-14 
6.85136e-14 
6.85415e-14 
6.85688e-14 
6.85966e-14 
6.86235e-14 
6.86495e-14 
6.86746e-14 
6.87014e-14 
6.87291e-14 
6.87578e-14 
6.8786e-14 
6.88146e-14 
6.88426e-14 
6.88701e-14 
6.88985e-14 
6.89284e-14 
6.8959e-14 
6.89879e-14 
6.90156e-14 
6.90427e-14 
6.90692e-14 
6.90947e-14 
6.91197e-14 
6.91448e-14 
6.91684e-14 
6.91918e-14 
6.92147e-14 
6.92389e-14 
6.92619e-14 
6.92846e-14 
6.93072e-14 
6.93303e-14 
6.93537e-14 
6.93785e-14 
6.94022e-14 
6.94274e-14 
6.94511e-14 
6.94749e-14 
6.94996e-14 
6.95232e-14 
6.95475e-14 
6.95714e-14 
6.95955e-14 
6.96199e-14 
6.96447e-14 
6.96695e-14 
6.96947e-14 
6.97204e-14 
6.97472e-14 
6.97738e-14 
6.97997e-14 
6.98261e-14 
6.98524e-14 
6.98795e-14 
6.99068e-14 
6.99337e-14 
6.99612e-14 
6.99886e-14 
7.00157e-14 
7.00427e-14 
7.00704e-14 
7.00971e-14 
7.01243e-14 
7.01529e-14 
7.01817e-14 
7.02103e-14 
7.02384e-14 
7.02653e-14 
7.02914e-14 
7.03158e-14 
7.03399e-14 
7.03651e-14 
7.039e-14 
7.04145e-14 
7.04396e-14 
7.04638e-14 
7.04882e-14 
7.05129e-14 
7.05375e-14 
7.05627e-14 
7.05878e-14 
7.06135e-14 
7.06398e-14 
7.06658e-14 
7.06927e-14 
7.07202e-14 
7.07478e-14 
7.07747e-14 
7.08017e-14 
7.08295e-14 
7.08572e-14 
7.08858e-14 
7.09141e-14 
7.09423e-14 
7.09703e-14 
7.09984e-14 
7.10265e-14 
7.1055e-14 
7.1084e-14 
7.11128e-14 
7.11422e-14 
7.11719e-14 
7.1201e-14 
7.12299e-14 
7.12586e-14 
7.12866e-14 
7.13146e-14 
7.13422e-14 
7.13698e-14 
7.13976e-14 
7.14249e-14 
7.14525e-14 
7.14801e-14 
7.15078e-14 
7.15352e-14 
7.15623e-14 
7.15897e-14 
7.16176e-14 
7.16456e-14 
7.16734e-14 
7.17009e-14 
7.1729e-14 
7.1757e-14 
7.17844e-14 
7.18115e-14 
7.18387e-14 
7.18652e-14 
7.18916e-14 
7.19178e-14 
7.19442e-14 
7.19701e-14 
7.19958e-14 
7.20218e-14 
7.20483e-14 
7.20745e-14 
7.21006e-14 
7.21268e-14 
7.21533e-14 
7.21795e-14 
7.2206e-14 
7.22328e-14 
7.22592e-14 
7.22856e-14 
7.23124e-14 
7.23389e-14 
7.23655e-14 
7.23917e-14 
7.2418e-14 
7.24438e-14 
7.24694e-14 
7.24949e-14 
7.25206e-14 
7.25463e-14 
7.25721e-14 
7.25978e-14 
7.26237e-14 
7.26498e-14 
7.26758e-14 
7.2702e-14 
7.27279e-14 
7.27541e-14 
7.27803e-14 
7.28066e-14 
7.28329e-14 
7.28591e-14 
7.28852e-14 
7.29114e-14 
7.29375e-14 
7.29634e-14 
7.29894e-14 
7.30153e-14 
7.30413e-14 
7.30673e-14 
7.30933e-14 
7.31192e-14 
7.31452e-14 
7.31711e-14 
7.3197e-14 
7.3223e-14 
7.3249e-14 
7.32749e-14 
7.33009e-14 
7.33269e-14 
7.33529e-14 
7.33789e-14 
7.34048e-14 
7.34308e-14 
7.34568e-14 
7.34827e-14 
7.35088e-14 
7.35347e-14 
7.35607e-14 
7.35865e-14 
7.36124e-14 
7.36382e-14 
7.36642e-14 
7.36903e-14 
7.37162e-14 
7.37421e-14 
7.37681e-14 
7.37942e-14 
7.38204e-14 
7.38465e-14 
7.38725e-14 
7.38985e-14 
7.39242e-14 
7.39499e-14 
7.39757e-14 
7.40016e-14 
7.40274e-14 
7.4053e-14 
7.40789e-14 
7.41049e-14 
7.41306e-14 
7.41564e-14 
7.41821e-14 
7.42081e-14 
7.42343e-14 
7.42607e-14 
7.42875e-14 
7.43144e-14 
7.43415e-14 
7.43685e-14 
7.43957e-14 
7.44228e-14 
7.44501e-14 
7.44778e-14 
7.4505e-14 
7.45329e-14 
7.45612e-14 
7.45902e-14 
7.46192e-14 
7.46484e-14 
7.46773e-14 
7.47061e-14 
7.4735e-14 
7.47641e-14 
7.47936e-14 
7.48224e-14 
7.48513e-14 
7.48801e-14 
7.49088e-14 
7.49373e-14 
7.49656e-14 
7.49941e-14 
7.50223e-14 
7.50505e-14 
7.50788e-14 
7.51071e-14 
7.51358e-14 
7.51643e-14 
7.51928e-14 
7.5221e-14 
7.52494e-14 
7.52783e-14 
7.53074e-14 
7.53368e-14 
7.53662e-14 
7.53952e-14 
7.54237e-14 
7.5453e-14 
7.5482e-14 
7.55107e-14 
7.55401e-14 
7.55691e-14 
7.55983e-14 
7.56271e-14 
7.56558e-14 
7.5685e-14 
7.57151e-14 
7.5745e-14 
7.57744e-14 
7.58035e-14 
7.58325e-14 
7.58623e-14 
7.58917e-14 
7.59209e-14 
7.5951e-14 
7.59803e-14 
7.60098e-14 
7.60394e-14 
7.60687e-14 
7.60978e-14 
7.61264e-14 
7.61555e-14 
7.61851e-14 
7.62144e-14 
7.62436e-14 
7.62734e-14 
7.63027e-14 
7.63324e-14 
7.63619e-14 
7.63915e-14 
7.6422e-14 
7.64521e-14 
7.64819e-14 
7.6511e-14 
7.65402e-14 
7.65688e-14 
7.65979e-14 
7.66275e-14 
7.66578e-14 
7.66883e-14 
7.67185e-14 
7.67484e-14 
7.6779e-14 
7.68098e-14 
7.68409e-14 
7.68719e-14 
7.69022e-14 
7.69333e-14 
7.69635e-14 
7.69934e-14 
7.70243e-14 
7.70555e-14 
7.7087e-14 
7.71194e-14 
7.71513e-14 
7.71845e-14 
7.7217e-14 
7.72495e-14 
7.72822e-14 
7.73142e-14 
7.73459e-14 
7.73786e-14 
7.74113e-14 
7.74445e-14 
7.74786e-14 
7.75134e-14 
7.75483e-14 
7.75845e-14 
7.76218e-14 
7.76581e-14 
7.76947e-14 
7.77307e-14 
7.77649e-14 
7.77985e-14 
7.78317e-14 
7.78642e-14 
7.78952e-14 
7.79265e-14 
7.79573e-14 
7.79892e-14 
7.80219e-14 
7.80554e-14 
7.80893e-14 
7.81215e-14 
7.81529e-14 
7.81849e-14 
7.82162e-14 
7.82462e-14 
7.82768e-14 
7.83072e-14 
7.83361e-14 
7.83649e-14 
7.83926e-14 
7.84211e-14 
7.84503e-14 
7.84789e-14 
7.85066e-14 
7.85334e-14 
7.85593e-14 
7.85854e-14 
7.86126e-14 
7.86393e-14 
7.86665e-14 
7.86934e-14 
7.87191e-14 
7.8744e-14 
7.87701e-14 
7.87963e-14 
7.88225e-14 
7.88485e-14 
7.88747e-14 
7.89028e-14 
7.89311e-14 
7.89592e-14 
7.89868e-14 
7.90136e-14 
7.90428e-14 
7.90719e-14 
7.91018e-14 
7.91315e-14 
7.91609e-14 
7.91915e-14 
7.92231e-14 
7.9253e-14 
7.92854e-14 
7.93182e-14 
7.93517e-14 
7.93859e-14 
7.94202e-14 
7.94539e-14 
7.94862e-14 
7.95194e-14 
7.95525e-14 
7.95854e-14 
7.96193e-14 
7.9654e-14 
7.96888e-14 
7.97248e-14 
7.97616e-14 
7.97998e-14 
7.98384e-14 
7.98773e-14 
7.99173e-14 
7.99558e-14 
7.9994e-14 
8.00332e-14 
8.00716e-14 
8.01103e-14 
8.01482e-14 
8.0185e-14 
8.02193e-14 
8.02545e-14 
8.02901e-14 
8.03242e-14 
8.03598e-14 
8.03965e-14 
8.04337e-14 
8.04722e-14 
8.0511e-14 
8.05488e-14 
8.0587e-14 
8.06254e-14 
8.06644e-14 
8.07025e-14 
8.07415e-14 
8.07811e-14 
8.08196e-14 
8.08581e-14 
8.08978e-14 
8.0935e-14 
8.09735e-14 
8.10113e-14 
8.10484e-14 
8.10835e-14 
8.11186e-14 
8.11537e-14 
8.11884e-14 
8.12235e-14 
8.12584e-14 
8.12936e-14 
8.13275e-14 
8.13621e-14 
8.13987e-14 
8.14348e-14 
8.14702e-14 
8.15046e-14 
8.15377e-14 
8.15718e-14 
8.16049e-14 
8.16357e-14 
8.16652e-14 
8.16966e-14 
8.17286e-14 
8.17606e-14 
8.17929e-14 
8.18255e-14 
8.18572e-14 
8.18889e-14 
8.19179e-14 
8.19462e-14 
8.19747e-14 
8.20049e-14 
8.20365e-14 
8.20693e-14 
8.21014e-14 
8.21332e-14 
8.21652e-14 
8.2198e-14 
8.22334e-14 
8.22692e-14 
8.23047e-14 
8.23391e-14 
8.23748e-14 
8.24104e-14 
8.24468e-14 
8.24841e-14 
8.25207e-14 
8.25587e-14 
8.25969e-14 
8.26354e-14 
8.26729e-14 
8.27102e-14 
8.27475e-14 
8.2785e-14 
8.28248e-14 
8.28662e-14 
8.29077e-14 
8.29483e-14 
8.29886e-14 
8.30298e-14 
8.30719e-14 
8.31137e-14 
8.31559e-14 
8.31991e-14 
8.32432e-14 
8.32889e-14 
8.3335e-14 
8.33814e-14 
8.34272e-14 
8.34745e-14 
8.35211e-14 
8.3567e-14 
8.36111e-14 
8.36537e-14 
8.36975e-14 
8.37402e-14 
8.3782e-14 
8.38238e-14 
8.38673e-14 
8.39108e-14 
8.39548e-14 
8.39975e-14 
8.40417e-14 
8.40871e-14 
8.41322e-14 
8.41766e-14 
8.42214e-14 
8.42646e-14 
8.43109e-14 
8.43561e-14 
8.44006e-14 
8.44451e-14 
8.44914e-14 
8.45376e-14 
8.45833e-14 
8.46281e-14 
8.46723e-14 
8.47156e-14 
8.47604e-14 
8.48071e-14 
8.48523e-14 
8.48982e-14 
8.49447e-14 
8.49909e-14 
8.50378e-14 
8.50848e-14 
8.51324e-14 
8.51778e-14 
8.52223e-14 
8.52679e-14 
8.53124e-14 
8.5356e-14 
8.54007e-14 
8.54476e-14 
8.54949e-14 
8.55427e-14 
8.55893e-14 
8.56357e-14 
8.56839e-14 
8.57314e-14 
8.578e-14 
8.58274e-14 
8.58737e-14 
8.59217e-14 
8.59715e-14 
8.60195e-14 
8.60673e-14 
8.61156e-14 
8.61642e-14 
8.62127e-14 
8.62603e-14 
8.63075e-14 
8.63554e-14 
8.64037e-14 
8.64505e-14 
8.64971e-14 
8.65439e-14 
8.65901e-14 
8.66367e-14 
8.66838e-14 
8.67307e-14 
8.67771e-14 
8.68256e-14 
8.68741e-14 
8.69225e-14 
8.69685e-14 
8.70153e-14 
8.70624e-14 
8.71093e-14 
8.71567e-14 
8.72026e-14 
8.72488e-14 
8.72966e-14 
8.73442e-14 
8.7392e-14 
8.74404e-14 
8.74893e-14 
8.75401e-14 
8.75907e-14 
8.76435e-14 
8.76945e-14 
8.77455e-14 
8.77977e-14 
8.78502e-14 
8.79029e-14 
8.79559e-14 
8.8009e-14 
8.80637e-14 
8.81181e-14 
8.81729e-14 
8.82277e-14 
8.82835e-14 
8.83395e-14 
8.8396e-14 
8.84528e-14 
8.851e-14 
8.8566e-14 
8.86229e-14 
8.86804e-14 
8.87361e-14 
8.87899e-14 
8.88425e-14 
8.88938e-14 
8.89452e-14 
8.8997e-14 
8.90482e-14 
8.90992e-14 
8.91507e-14 
8.92027e-14 
8.92547e-14 
8.9306e-14 
8.93568e-14 
8.94072e-14 
8.94574e-14 
8.95071e-14 
8.95578e-14 
8.96091e-14 
8.9661e-14 
8.9714e-14 
8.97673e-14 
8.98207e-14 
8.98756e-14 
8.99301e-14 
8.99846e-14 
9.00373e-14 
9.00891e-14 
9.01412e-14 
9.01926e-14 
9.0243e-14 
9.02923e-14 
9.03415e-14 
9.039e-14 
9.04383e-14 
9.04869e-14 
9.0536e-14 
9.05846e-14 
9.06333e-14 
9.06823e-14 
9.07313e-14 
9.07796e-14 
9.08288e-14 
9.08775e-14 
9.09263e-14 
9.09749e-14 
9.10244e-14 
9.10738e-14 
9.11239e-14 
9.11741e-14 
9.12244e-14 
9.12759e-14 
9.13254e-14 
9.13758e-14 
9.14276e-14 
9.14791e-14 
9.15296e-14 
9.15788e-14 
9.16271e-14 
9.16764e-14 
9.17257e-14 
9.17742e-14 
9.18244e-14 
9.18752e-14 
9.19259e-14 
9.1977e-14 
9.20283e-14 
9.20787e-14 
9.21308e-14 
9.21825e-14 
9.22343e-14 
9.2286e-14 
9.23377e-14 
9.239e-14 
9.24417e-14 
9.24943e-14 
9.25473e-14 
9.26008e-14 
9.26544e-14 
9.27075e-14 
9.27601e-14 
9.28115e-14 
9.28626e-14 
9.29138e-14 
9.29646e-14 
9.30153e-14 
9.30672e-14 
9.31196e-14 
9.31725e-14 
9.32262e-14 
9.32797e-14 
9.33342e-14 
9.33886e-14 
9.34433e-14 
9.34976e-14 
9.35518e-14 
9.36058e-14 
9.36599e-14 
9.37131e-14 
9.37664e-14 
9.38188e-14 
9.38707e-14 
9.39228e-14 
9.39753e-14 
9.40278e-14 
9.408e-14 
9.41322e-14 
9.41843e-14 
9.42364e-14 
9.42883e-14 
9.43408e-14 
9.43939e-14 
9.44468e-14 
9.45004e-14 
9.45544e-14 
9.46085e-14 
9.46622e-14 
9.4715e-14 
9.47684e-14 
9.48218e-14 
9.48753e-14 
9.49286e-14 
9.49822e-14 
9.50359e-14 
9.50896e-14 
9.51427e-14 
9.51961e-14 
9.52492e-14 
9.53024e-14 
9.53548e-14 
9.54072e-14 
9.54598e-14 
9.55126e-14 
9.55655e-14 
9.56187e-14 
9.56721e-14 
9.5726e-14 
9.57797e-14 
9.58337e-14 
9.58881e-14 
9.59421e-14 
9.59958e-14 
9.60491e-14 
9.61026e-14 
9.61558e-14 
9.62082e-14 
9.62604e-14 
9.63125e-14 
9.63647e-14 
9.64167e-14 
9.64682e-14 
9.65197e-14 
9.65712e-14 
9.6623e-14 
9.66747e-14 
9.67262e-14 
9.67773e-14 
9.68283e-14 
9.68793e-14 
9.69302e-14 
9.69811e-14 
9.70323e-14 
9.70838e-14 
9.71353e-14 
9.71867e-14 
9.72378e-14 
9.72886e-14 
9.73397e-14 
9.73906e-14 
9.74417e-14 
9.74924e-14 
9.75431e-14 
9.75938e-14 
9.76442e-14 
9.76945e-14 
9.7745e-14 
9.77954e-14 
9.78458e-14 
9.78966e-14 
9.79474e-14 
9.79981e-14 
9.80488e-14 
9.80994e-14 
9.81498e-14 
9.82003e-14 
9.82507e-14 
9.8301e-14 
9.83512e-14 
9.84014e-14 
9.84516e-14 
9.85017e-14 
9.85518e-14 
9.8602e-14 
9.8652e-14 
9.87022e-14 
9.87523e-14 
9.88024e-14 
9.88526e-14 
9.89027e-14 
9.89528e-14 
9.90029e-14 
9.9053e-14 
9.91032e-14 
9.91533e-14 
9.92035e-14 
9.92536e-14 
9.93038e-14 
9.9354e-14 
9.94042e-14 
9.94544e-14 
9.95046e-14 
9.95548e-14 
9.96051e-14 
9.96553e-14 
9.97055e-14 
9.97556e-14 
9.98057e-14 
9.98558e-14 
9.99061e-14 
9.99565e-14 
1.00007e-13 
1.00057e-13 
1.00107e-13 
1.00157e-13 
1.00207e-13 
1.00257e-13 
1.00307e-13 
1.00357e-13 
1.00407e-13 
1.00458e-13 
1.00508e-13 
1.00558e-13 
1.00608e-13 
1.00658e-13 
1.00708e-13 
1.00757e-13 
1.00807e-13 
1.00856e-13 
1.00906e-13 
1.00956e-13 
1.01005e-13 
1.01055e-13 
1.01105e-13 
1.01155e-13 
1.01205e-13 
1.01256e-13 
1.01307e-13 
1.01358e-13 
1.01408e-13 
1.01459e-13 
1.01509e-13 
1.0156e-13 
1.01611e-13 
1.01662e-13 
1.01713e-13 
1.01765e-13 
1.01816e-13 
1.01868e-13 
1.0192e-13 
1.01972e-13 
1.02024e-13 
1.02075e-13 
1.02126e-13 
1.02178e-13 
1.02229e-13 
1.0228e-13 
1.02332e-13 
1.02384e-13 
1.02435e-13 
1.02487e-13 
1.02538e-13 
1.02589e-13 
1.02641e-13 
1.02693e-13 
1.02744e-13 
1.02796e-13 
1.02848e-13 
1.02901e-13 
1.02953e-13 
1.03005e-13 
1.03056e-13 
1.03109e-13 
1.03162e-13 
1.03215e-13 
1.03268e-13 
1.03322e-13 
1.03375e-13 
1.0343e-13 
1.03484e-13 
1.03538e-13 
1.03592e-13 
1.03646e-13 
1.037e-13 
1.03753e-13 
1.03804e-13 
1.03856e-13 
1.03908e-13 
1.03961e-13 
1.04015e-13 
1.04069e-13 
1.04123e-13 
1.04178e-13 
1.04233e-13 
1.04289e-13 
1.04346e-13 
1.04403e-13 
1.04461e-13 
1.04519e-13 
1.04576e-13 
1.04635e-13 
1.04693e-13 
1.04751e-13 
1.0481e-13 
1.04869e-13 
1.04928e-13 
1.04985e-13 
1.05044e-13 
1.05102e-13 
1.05161e-13 
1.05219e-13 
1.05278e-13 
1.05337e-13 
1.05397e-13 
1.05457e-13 
1.05518e-13 
1.05578e-13 
1.05639e-13 
1.057e-13 
1.05761e-13 
1.05822e-13 
1.05882e-13 
1.05942e-13 
1.06002e-13 
1.06062e-13 
1.06122e-13 
1.06181e-13 
1.06241e-13 
1.063e-13 
1.0636e-13 
1.06419e-13 
1.06477e-13 
1.06534e-13 
1.06589e-13 
1.06644e-13 
1.067e-13 
1.06756e-13 
1.06811e-13 
1.06868e-13 
1.06924e-13 
1.06981e-13 
1.07036e-13 
1.07092e-13 
1.07148e-13 
1.07204e-13 
1.07262e-13 
1.07318e-13 
1.07375e-13 
1.07431e-13 
1.07487e-13 
1.07542e-13 
1.07597e-13 
1.07652e-13 
1.07708e-13 
1.07765e-13 
1.07823e-13 
1.07881e-13 
1.07938e-13 
1.07993e-13 
1.0805e-13 
1.08107e-13 
1.08163e-13 
1.0822e-13 
1.08277e-13 
1.08335e-13 
1.08392e-13 
1.0845e-13 
1.08506e-13 
1.08562e-13 
1.08618e-13 
1.08674e-13 
1.0873e-13 
1.08787e-13 
1.08842e-13 
1.08899e-13 
1.08956e-13 
1.09013e-13 
1.0907e-13 
1.09126e-13 
1.09184e-13 
1.09242e-13 
1.093e-13 
1.09357e-13 
1.09416e-13 
1.09475e-13 
1.09537e-13 
1.096e-13 
1.09662e-13 
1.09723e-13 
1.09786e-13 
1.09849e-13 
1.09914e-13 
1.09979e-13 
1.10044e-13 
1.1011e-13 
1.10176e-13 
1.10241e-13 
1.10305e-13 
1.1037e-13 
1.10434e-13 
1.10498e-13 
1.10563e-13 
1.10627e-13 
1.10689e-13 
1.10752e-13 
1.10814e-13 
1.10877e-13 
1.10939e-13 
1.11003e-13 
1.11067e-13 
1.11129e-13 
1.11189e-13 
1.11249e-13 
1.11309e-13 
1.11369e-13 
1.1143e-13 
1.1149e-13 
1.1155e-13 
1.11609e-13 
1.11666e-13 
1.11722e-13 
1.11778e-13 
1.11835e-13 
1.11893e-13 
1.1195e-13 
1.12005e-13 
1.12058e-13 
1.12111e-13 
1.12163e-13 
1.12215e-13 
1.12267e-13 
1.1232e-13 
1.12374e-13 
1.12427e-13 
1.12481e-13 
1.12534e-13 
1.12588e-13 
1.12641e-13 
1.12693e-13 
1.12745e-13 
1.12797e-13 
1.12847e-13 
1.12898e-13 
1.12949e-13 
1.13001e-13 
1.13053e-13 
1.13108e-13 
1.13161e-13 
1.13214e-13 
1.13267e-13 
1.1332e-13 
1.13372e-13 
1.13425e-13 
1.13477e-13 
1.13531e-13 
1.13583e-13 
1.13637e-13 
1.13692e-13 
1.13749e-13 
1.13806e-13 
1.13863e-13 
1.13919e-13 
1.13978e-13 
1.14035e-13 
1.14091e-13 
1.14145e-13 
1.14201e-13 
1.14258e-13 
1.14318e-13 
1.14379e-13 
1.14439e-13 
1.14498e-13 
1.14554e-13 
1.14614e-13 
1.14676e-13 
1.14738e-13 
1.14802e-13 
1.14868e-13 
1.14934e-13 
1.14999e-13 
1.15065e-13 
1.15131e-13 
1.15197e-13 
1.15261e-13 
1.15325e-13 
1.15389e-13 
1.15453e-13 
1.15517e-13 
1.15582e-13 
1.15647e-13 
1.15712e-13 
1.15778e-13 
1.15844e-13 
1.15908e-13 
1.15973e-13 
1.16039e-13 
1.16105e-13 
1.16171e-13 
1.16238e-13 
1.16304e-13 
1.16371e-13 
1.16438e-13 
1.16506e-13 
1.16573e-13 
1.1664e-13 
1.16707e-13 
1.16774e-13 
1.16841e-13 
1.16909e-13 
1.16978e-13 
1.17046e-13 
1.17111e-13 
1.17176e-13 
1.1724e-13 
1.17302e-13 
1.17366e-13 
1.17428e-13 
1.1749e-13 
1.1755e-13 
1.17609e-13 
1.17668e-13 
1.17727e-13 
1.17788e-13 
1.17849e-13 
1.17912e-13 
1.17976e-13 
1.18039e-13 
1.18103e-13 
1.18168e-13 
1.18233e-13 
1.18297e-13 
1.18359e-13 
1.18422e-13 
1.18484e-13 
1.18546e-13 
1.18608e-13 
1.18668e-13 
1.18725e-13 
1.18782e-13 
1.1884e-13 
1.18897e-13 
1.18953e-13 
1.19008e-13 
1.19062e-13 
1.19117e-13 
1.19173e-13 
1.19229e-13 
1.19286e-13 
1.19344e-13 
1.19404e-13 
1.19464e-13 
1.19523e-13 
1.19583e-13 
1.19642e-13 
1.197e-13 
1.19759e-13 
1.19818e-13 
1.19879e-13 
1.1994e-13 
1.2e-13 
1.20061e-13 
1.20121e-13 
1.2018e-13 
1.2024e-13 
1.20299e-13 
1.20358e-13 
1.20416e-13 
1.20473e-13 
1.20528e-13 
1.20583e-13 
1.20639e-13 
1.20695e-13 
1.20751e-13 
1.20807e-13 
1.20864e-13 
1.2092e-13 
1.20978e-13 
1.21036e-13 
1.21095e-13 
1.21153e-13 
1.2121e-13 
1.21268e-13 
1.21326e-13 
1.21385e-13 
1.21447e-13 
1.21508e-13 
1.21569e-13 
1.2163e-13 
1.21691e-13 
1.2175e-13 
1.21809e-13 
1.21869e-13 
1.21926e-13 
1.21984e-13 
1.2204e-13 
1.22099e-13 
1.22159e-13 
1.2222e-13 
1.22282e-13 
1.22346e-13 
1.22408e-13 
1.22471e-13 
1.22532e-13 
1.22593e-13 
1.22656e-13 
1.2272e-13 
1.22784e-13 
1.22848e-13 
1.22913e-13 
1.22978e-13 
1.23044e-13 
1.23109e-13 
1.23172e-13 
1.23236e-13 
1.23301e-13 
1.23366e-13 
1.2343e-13 
1.23495e-13 
1.23558e-13 
1.23621e-13 
1.23685e-13 
1.23748e-13 
1.23812e-13 
1.23876e-13 
1.2394e-13 
1.24003e-13 
1.24067e-13 
1.2413e-13 
1.24194e-13 
1.24259e-13 
1.24321e-13 
1.24384e-13 
1.24447e-13 
1.2451e-13 
1.24573e-13 
1.24636e-13 
1.24699e-13 
1.24761e-13 
1.24823e-13 
1.24885e-13 
1.24946e-13 
1.25005e-13 
1.25065e-13 
1.25123e-13 
1.25182e-13 
1.25242e-13 
1.25303e-13 
1.25363e-13 
1.25423e-13 
1.25484e-13 
1.25546e-13 
1.25608e-13 
1.2567e-13 
1.25732e-13 
1.25796e-13 
1.25859e-13 
1.25924e-13 
1.25987e-13 
1.26049e-13 
1.2611e-13 
1.26171e-13 
1.26231e-13 
1.26291e-13 
1.2635e-13 
1.26408e-13 
1.26466e-13 
1.26524e-13 
1.26581e-13 
1.26637e-13 
1.26691e-13 
1.26745e-13 
1.268e-13 
1.26854e-13 
1.26908e-13 
1.26961e-13 
1.27015e-13 
1.27068e-13 
1.27123e-13 
1.27178e-13 
1.27231e-13 
1.27286e-13 
1.27339e-13 
1.27392e-13 
1.27444e-13 
1.27497e-13 
1.2755e-13 
1.27604e-13 
1.27658e-13 
1.27711e-13 
1.27765e-13 
1.27819e-13 
1.27874e-13 
1.27928e-13 
1.27982e-13 
1.28036e-13 
1.28091e-13 
1.28145e-13 
1.28199e-13 
1.28255e-13 
1.28312e-13 
1.28369e-13 
1.28425e-13 
1.2848e-13 
1.28536e-13 
1.2859e-13 
1.28645e-13 
1.287e-13 
1.28755e-13 
1.2881e-13 
1.28865e-13 
1.2892e-13 
1.28974e-13 
1.2903e-13 
1.29087e-13 
1.29143e-13 
1.29199e-13 
1.29256e-13 
1.29314e-13 
1.29371e-13 
1.29427e-13 
1.29483e-13 
1.2954e-13 
1.29597e-13 
1.29655e-13 
1.29713e-13 
1.2977e-13 
1.29829e-13 
1.29887e-13 
1.29945e-13 
1.30002e-13 
1.30061e-13 
1.30119e-13 
1.30178e-13 
1.30235e-13 
1.30293e-13 
1.30351e-13 
1.30408e-13 
1.30467e-13 
1.30525e-13 
1.30584e-13 
1.30644e-13 
1.30703e-13 
1.30762e-13 
1.30821e-13 
1.30881e-13 
1.3094e-13 
1.30999e-13 
1.31058e-13 
1.31117e-13 
1.31176e-13 
1.31236e-13 
1.31295e-13 
1.31353e-13 
1.31411e-13 
1.31469e-13 
1.31526e-13 
1.31584e-13 
1.31642e-13 
1.317e-13 
1.31758e-13 
1.31816e-13 
1.31874e-13 
1.31931e-13 
1.31989e-13 
1.32047e-13 
1.32105e-13 
1.32164e-13 
1.32222e-13 
1.3228e-13 
1.32338e-13 
1.32396e-13 
1.32453e-13 
1.3251e-13 
1.32568e-13 
1.32625e-13 
1.32683e-13 
1.3274e-13 
1.32797e-13 
1.32854e-13 
1.32911e-13 
1.32968e-13 
1.33025e-13 
1.33082e-13 
1.33139e-13 
1.33197e-13 
1.33254e-13 
1.33312e-13 
1.3337e-13 
1.33428e-13 
1.33487e-13 
1.33545e-13 
1.33603e-13 
1.33661e-13 
1.33719e-13 
1.33777e-13 
1.33835e-13 
1.33893e-13 
1.33951e-13 
1.34008e-13 
1.34066e-13 
1.34124e-13 
1.34182e-13 
1.34239e-13 
1.34297e-13 
1.34355e-13 
1.34412e-13 
1.3447e-13 
1.34528e-13 
1.34586e-13 
1.34644e-13 
1.34701e-13 
1.34759e-13 
1.34817e-13 
1.34875e-13 
1.34933e-13 
1.34991e-13 
1.35049e-13 
1.35108e-13 
1.35166e-13 
1.35224e-13 
1.35282e-13 
1.3534e-13 
1.35398e-13 
1.35456e-13 
1.35514e-13 
1.35572e-13 
1.3563e-13 
1.35688e-13 
1.35746e-13 
1.35804e-13 
1.35861e-13 
1.35919e-13 
1.35977e-13 
1.36035e-13 
1.36093e-13 
1.36151e-13 
1.36209e-13 
1.36267e-13 
1.36324e-13 
1.36382e-13 
1.3644e-13 
1.36497e-13 
1.36555e-13 
1.36612e-13 
1.3667e-13 
1.36727e-13 
1.36784e-13 
1.36841e-13 
1.36898e-13 
1.36956e-13 
1.37013e-13 
1.37071e-13 
1.37128e-13 
1.37185e-13 
1.37242e-13 
1.37299e-13 
1.37356e-13 
1.37413e-13 
1.3747e-13 
1.37527e-13 
1.37583e-13 
1.3764e-13 
1.37697e-13 
1.37755e-13 
1.37812e-13 
1.3787e-13 
1.37928e-13 
1.37985e-13 
1.38043e-13 
1.38101e-13 
1.38159e-13 
1.38217e-13 
1.38275e-13 
1.38334e-13 
1.38391e-13 
1.3845e-13 
1.38508e-13 
1.38567e-13 
1.38625e-13 
1.38684e-13 
1.38743e-13 
1.38801e-13 
1.3886e-13 
1.38919e-13 
1.38978e-13 
1.39038e-13 
1.39097e-13 
1.39156e-13 
1.39215e-13 
1.39274e-13 
1.39332e-13 
1.39392e-13 
1.39451e-13 
1.3951e-13 
1.39569e-13 
1.39628e-13 
1.39687e-13 
1.39746e-13 
1.39804e-13 
1.39862e-13 
1.39921e-13 
1.3998e-13 
1.40038e-13 
1.40097e-13 
1.40156e-13 
1.40215e-13 
1.40275e-13 
1.40334e-13 
1.40393e-13 
1.40452e-13 
1.4051e-13 
1.40567e-13 
1.40625e-13 
1.40682e-13 
1.40739e-13 
1.40796e-13 
1.40854e-13 
1.40912e-13 
1.4097e-13 
1.41028e-13 
1.41085e-13 
1.41143e-13 
1.41201e-13 
1.41259e-13 
1.41316e-13 
1.41373e-13 
1.4143e-13 
1.41486e-13 
1.41544e-13 
1.41602e-13 
1.4166e-13 
1.41716e-13 
1.41772e-13 
1.41829e-13 
1.41886e-13 
1.41943e-13 
1.42e-13 
1.42058e-13 
1.42118e-13 
1.42176e-13 
1.42234e-13 
1.42292e-13 
1.4235e-13 
1.42409e-13 
1.42467e-13 
1.42527e-13 
1.42586e-13 
1.42645e-13 
1.42704e-13 
1.42764e-13 
1.42825e-13 
1.42885e-13 
1.42946e-13 
1.43006e-13 
1.43067e-13 
1.43127e-13 
1.43186e-13 
1.43247e-13 
1.43307e-13 
1.43368e-13 
1.43428e-13 
1.43488e-13 
1.43549e-13 
1.43609e-13 
1.43669e-13 
1.43728e-13 
1.43787e-13 
1.43844e-13 
1.43901e-13 
1.43957e-13 
1.44014e-13 
1.44071e-13 
1.44128e-13 
1.44185e-13 
1.44243e-13 
1.44303e-13 
1.44362e-13 
1.44421e-13 
1.44481e-13 
1.44539e-13 
1.44599e-13 
1.44658e-13 
1.44717e-13 
1.44777e-13 
1.44836e-13 
1.44894e-13 
1.4495e-13 
1.45007e-13 
1.45065e-13 
1.45122e-13 
1.4518e-13 
1.45238e-13 
1.45297e-13 
1.45354e-13 
1.45412e-13 
1.4547e-13 
1.45528e-13 
1.45585e-13 
1.45644e-13 
1.45702e-13 
1.4576e-13 
1.45817e-13 
1.45875e-13 
1.45934e-13 
1.45993e-13 
1.46053e-13 
1.46112e-13 
1.46169e-13 
1.46227e-13 
1.46284e-13 
1.4634e-13 
1.46396e-13 
1.46451e-13 
1.46506e-13 
1.46561e-13 
1.46613e-13 
1.46664e-13 
1.46717e-13 
1.46769e-13 
1.46822e-13 
1.46874e-13 
1.46925e-13 
1.46975e-13 
1.47024e-13 
1.47074e-13 
1.47123e-13 
1.47171e-13 
1.47219e-13 
1.47267e-13 
1.47315e-13 
1.47364e-13 
1.4741e-13 
1.47457e-13 
1.47506e-13 
1.47553e-13 
1.47603e-13 
1.47653e-13 
1.47702e-13 
1.4775e-13 
1.47796e-13 
1.47842e-13 
1.47888e-13 
1.47935e-13 
1.47983e-13 
1.48029e-13 
1.48076e-13 
1.48122e-13 
1.48169e-13 
1.48215e-13 
1.48259e-13 
1.48304e-13 
1.48349e-13 
1.48393e-13 
1.48437e-13 
1.48479e-13 
1.4852e-13 
1.48561e-13 
1.48603e-13 
1.48645e-13 
1.48687e-13 
1.4873e-13 
1.48773e-13 
1.48814e-13 
1.48855e-13 
1.48895e-13 
1.48935e-13 
1.48977e-13 
1.49018e-13 
1.4906e-13 
1.49102e-13 
1.49145e-13 
1.49185e-13 
1.49225e-13 
1.49266e-13 
1.49305e-13 
1.49344e-13 
1.49381e-13 
1.49419e-13 
1.49456e-13 
1.49494e-13 
1.49533e-13 
1.49572e-13 
1.49612e-13 
1.49652e-13 
1.49693e-13 
1.49735e-13 
1.49777e-13 
1.49817e-13 
1.49857e-13 
1.49896e-13 
1.49936e-13 
1.49976e-13 
1.50014e-13 
1.5005e-13 
1.50087e-13 
1.50125e-13 
1.50163e-13 
1.502e-13 
1.50241e-13 
1.50283e-13 
1.50326e-13 
1.5037e-13 
1.50414e-13 
1.50457e-13 
1.50502e-13 
1.50546e-13 
1.50589e-13 
1.50632e-13 
1.50675e-13 
1.50718e-13 
1.50761e-13 
1.50805e-13 
1.50851e-13 
1.50898e-13 
1.50946e-13 
1.50993e-13 
1.51037e-13 
1.51078e-13 
1.51117e-13 
1.51156e-13 
1.51194e-13 
1.51234e-13 
1.51271e-13 
1.51309e-13 
1.51345e-13 
1.51381e-13 
1.51415e-13 
1.5145e-13 
1.51485e-13 
1.51522e-13 
1.51562e-13 
1.51603e-13 
1.51646e-13 
1.51689e-13 
1.51732e-13 
1.51772e-13 
1.51815e-13 
1.51858e-13 
1.51901e-13 
1.51945e-13 
1.51989e-13 
1.52032e-13 
1.52076e-13 
1.52119e-13 
1.52164e-13 
1.52209e-13 
1.52253e-13 
1.52297e-13 
1.5234e-13 
1.5238e-13 
1.52421e-13 
1.52462e-13 
1.52504e-13 
1.52547e-13 
1.52588e-13 
1.52631e-13 
1.52677e-13 
1.52721e-13 
1.52767e-13 
1.52812e-13 
1.52858e-13 
1.52904e-13 
1.52949e-13 
1.52991e-13 
1.53033e-13 
1.53074e-13 
1.53111e-13 
1.53149e-13 
1.53188e-13 
1.53228e-13 
1.53269e-13 
1.53311e-13 
1.5335e-13 
1.53389e-13 
1.53427e-13 
1.53462e-13 
1.53497e-13 
1.5353e-13 
1.53566e-13 
1.53601e-13 
1.53635e-13 
1.5367e-13 
1.53706e-13 
1.53741e-13 
1.53778e-13 
1.53813e-13 
1.53848e-13 
1.53884e-13 
1.53919e-13 
1.53956e-13 
1.53992e-13 
1.5403e-13 
1.5407e-13 
1.54112e-13 
1.54154e-13 
1.54197e-13 
1.54239e-13 
1.54282e-13 
1.54324e-13 
1.54368e-13 
1.54411e-13 
1.54456e-13 
1.545e-13 
1.54543e-13 
1.54587e-13 
1.54631e-13 
1.54677e-13 
1.54723e-13 
1.54768e-13 
1.54813e-13 
1.54857e-13 
1.54899e-13 
1.54941e-13 
1.54984e-13 
1.55028e-13 
1.55071e-13 
1.55114e-13 
1.55158e-13 
1.55203e-13 
1.55248e-13 
1.55292e-13 
1.55335e-13 
1.55378e-13 
1.55422e-13 
1.55465e-13 
1.55508e-13 
1.55551e-13 
1.55593e-13 
1.55635e-13 
1.55677e-13 
1.55719e-13 
1.5576e-13 
1.55799e-13 
1.55836e-13 
1.55875e-13 
1.55913e-13 
1.5595e-13 
1.55988e-13 
1.56024e-13 
1.56059e-13 
1.56095e-13 
1.56132e-13 
1.5617e-13 
1.56206e-13 
1.56244e-13 
1.56281e-13 
1.56317e-13 
1.5635e-13 
1.56382e-13 
1.56416e-13 
1.5645e-13 
1.56483e-13 
1.56517e-13 
1.56552e-13 
1.56586e-13 
1.56619e-13 
1.56653e-13 
1.56686e-13 
1.56717e-13 
1.56748e-13 
1.5678e-13 
1.56812e-13 
1.56844e-13 
1.56877e-13 
1.56911e-13 
1.56946e-13 
1.5698e-13 
1.57014e-13 
1.57047e-13 
1.5708e-13 
1.57114e-13 
1.57148e-13 
1.57182e-13 
1.57215e-13 
1.57248e-13 
1.57281e-13 
1.57312e-13 
1.57344e-13 
1.57376e-13 
1.57408e-13 
1.5744e-13 
1.57472e-13 
1.57504e-13 
1.57539e-13 
1.57573e-13 
1.57608e-13 
1.57643e-13 
1.57678e-13 
1.57714e-13 
1.57751e-13 
1.57788e-13 
1.57824e-13 
1.5786e-13 
1.57898e-13 
1.57935e-13 
1.57973e-13 
1.58011e-13 
1.58049e-13 
1.58086e-13 
1.58124e-13 
1.5816e-13 
1.58198e-13 
1.58234e-13 
1.58272e-13 
1.58311e-13 
1.58349e-13 
1.58388e-13 
1.58428e-13 
1.58467e-13 
1.58507e-13 
1.58546e-13 
1.58585e-13 
1.58624e-13 
1.58663e-13 
1.58704e-13 
1.58745e-13 
1.58786e-13 
1.58829e-13 
1.58871e-13 
1.58914e-13 
1.58959e-13 
1.59003e-13 
1.59047e-13 
1.59092e-13 
1.59138e-13 
1.59183e-13 
1.59229e-13 
1.59274e-13 
1.59319e-13 
1.59365e-13 
1.59409e-13 
1.59453e-13 
1.59498e-13 
1.59541e-13 
1.59585e-13 
1.59628e-13 
1.5967e-13 
1.59713e-13 
1.59755e-13 
1.59798e-13 
1.5984e-13 
1.59883e-13 
1.59925e-13 
1.59968e-13 
1.6001e-13 
1.60053e-13 
1.60095e-13 
1.60138e-13 
1.60181e-13 
1.60224e-13 
1.60266e-13 
1.60308e-13 
1.6035e-13 
1.60392e-13 
1.60434e-13 
1.60476e-13 
1.60518e-13 
1.60561e-13 
1.60604e-13 
1.60646e-13 
1.60689e-13 
1.60732e-13 
1.60774e-13 
1.60816e-13 
1.60858e-13 
1.609e-13 
1.60942e-13 
1.60984e-13 
1.61025e-13 
1.61068e-13 
1.6111e-13 
1.61152e-13 
1.61194e-13 
1.61237e-13 
1.61279e-13 
1.61322e-13 
1.61365e-13 
1.61409e-13 
1.61452e-13 
1.61495e-13 
1.61538e-13 
1.61582e-13 
1.61625e-13 
1.61669e-13 
1.61713e-13 
1.61757e-13 
1.61802e-13 
1.61846e-13 
1.6189e-13 
1.61935e-13 
1.6198e-13 
1.62025e-13 
1.6207e-13 
1.62115e-13 
1.6216e-13 
1.62205e-13 
1.6225e-13 
1.62294e-13 
1.6234e-13 
1.62385e-13 
1.6243e-13 
1.62475e-13 
1.62521e-13 
1.62566e-13 
1.62612e-13 
1.62658e-13 
1.62703e-13 
1.62749e-13 
1.62795e-13 
1.62841e-13 
1.62888e-13 
1.62934e-13 
1.6298e-13 
1.63027e-13 
1.63073e-13 
1.6312e-13 
1.63167e-13 
1.63213e-13 
1.6326e-13 
1.63306e-13 
