0.000576923 
0.00119295 
0.00184726 
0.00253196 
0.00325233 
0.0039946 
0.00476452 
0.0055515 
0.00636119 
0.00718343 
0.00802427 
0.00887396 
0.00973888 
0.0106096 
0.0114927 
0.0123791 
0.0132756 
0.0141733 
0.0150793 
0.0159847 
0.0168967 
0.0178069 
0.0187224 
0.0196348 
0.0205516 
0.0214644 
0.0223806 
0.023292 
0.0242063 
0.0251151 
0.0260262 
0.0269313 
0.0278383 
0.028739 
0.029641 
0.0305365 
0.0314331 
0.0323229 
0.0332135 
0.0340972 
0.0349816 
0.0358588 
0.0367366 
0.0376072 
0.0384783 
0.039342 
0.0402061 
0.0410629 
0.04192 
0.0427698 
0.0436198 
0.0444624 
0.0453053 
0.0461409 
0.0469766 
0.047805 
0.0486336 
0.0494549 
0.0502764 
0.0510905 
0.0519049 
0.0527119 
0.0535192 
0.0543191 
0.0551193 
0.0559123 
0.0567055 
0.0574914 
0.0582776 
0.0590566 
0.0598358 
0.0606078 
0.0613801 
0.0621453 
0.0629108 
0.0636691 
0.0644277 
0.0651793 
0.0659311 
0.0666759 
0.067421 
0.0681591 
0.0688975 
0.069629 
0.0703607 
0.0710856 
0.0718107 
0.0725291 
0.0732477 
0.0739596 
0.0746717 
0.0753772 
0.0760829 
0.076782 
0.0774813 
0.0781741 
0.0788671 
0.0795537 
0.0802405 
0.0809209 
0.0816015 
0.0822758 
0.0829503 
0.0836185 
0.084287 
0.0849493 
0.0856118 
0.0862681 
0.0869248 
0.0875753 
0.0882261 
0.0888709 
0.0895159 
0.0901551 
0.0907944 
0.0914279 
0.0920617 
0.0926897 
0.093318 
0.0939405 
0.0945633 
0.0951805 
0.095798 
0.0964099 
0.097022 
0.0976287 
0.0982357 
0.0988372 
0.0994391 
0.100036 
0.100632 
0.101224 
0.101816 
0.102402 
0.102989 
0.103571 
0.104153 
0.104731 
0.105308 
0.105881 
0.106453 
0.107021 
0.10759 
0.108153 
0.108717 
0.109276 
0.109836 
0.110391 
0.110946 
0.111497 
0.112048 
0.112594 
0.113141 
0.113684 
0.114226 
0.114765 
0.115304 
0.115839 
0.116374 
0.116905 
0.117436 
0.117963 
0.118491 
0.119015 
0.119539 
0.120059 
0.120579 
0.121096 
0.121613 
0.122127 
0.12264 
0.123151 
0.123661 
0.124168 
0.124676 
0.125179 
0.125684 
0.126185 
0.126686 
0.127184 
0.127683 
0.128178 
0.128673 
0.129166 
0.129659 
0.130149 
0.130639 
0.131126 
0.131614 
0.132099 
0.132584 
0.133066 
0.133549 
0.134029 
0.13451 
0.134988 
0.135466 
0.135942 
0.136418 
0.136891 
0.137366 
0.137837 
0.138309 
0.138779 
0.139249 
0.139717 
0.140185 
0.140651 
0.141118 
0.141583 
0.142047 
0.14251 
0.142974 
0.143435 
0.143897 
0.144357 
0.144817 
0.145275 
0.145734 
0.146191 
0.146649 
0.147105 
0.147561 
0.148016 
0.148471 
0.148925 
0.149379 
0.149832 
0.150285 
0.150736 
0.151189 
0.151639 
0.152091 
0.15254 
0.152991 
0.15344 
0.15389 
0.154338 
0.154787 
0.155235 
0.155683 
0.15613 
0.156578 
0.157024 
0.157471 
0.157917 
0.158364 
0.15881 
0.159256 
0.159701 
0.160147 
0.160592 
0.161038 
0.161483 
0.161928 
0.162372 
0.162818 
0.163262 
0.163707 
0.164151 
0.164596 
0.16504 
0.165485 
0.165929 
0.166374 
0.166818 
0.167263 
0.167707 
0.168152 
0.168597 
0.169042 
0.169486 
0.169931 
0.170376 
0.170821 
0.171266 
0.171712 
0.172157 
0.172603 
0.173049 
0.173495 
0.173941 
0.174387 
0.174834 
0.175281 
0.175727 
0.176175 
0.176622 
0.17707 
0.177517 
0.177966 
0.178414 
0.178863 
0.179311 
0.179761 
0.18021 
0.18066 
0.18111 
0.18156 
0.182011 
0.182462 
0.182913 
0.183365 
0.183817 
0.184269 
0.184722 
0.185175 
0.185628 
0.186082 
0.186536 
0.186991 
0.187446 
0.187901 
0.188357 
0.188813 
0.189269 
0.189726 
0.190183 
0.190641 
0.191099 
0.191558 
0.192016 
0.192476 
0.192936 
0.193396 
0.193857 
0.194318 
0.194779 
0.195241 
0.195704 
0.196167 
0.19663 
0.197094 
0.197558 
0.198023 
0.198488 
0.198954 
0.19942 
0.199887 
0.200354 
0.200821 
0.201289 
0.201758 
0.202227 
0.202696 
0.203166 
0.203637 
0.204108 
0.204579 
0.205051 
0.205524 
0.205996 
0.20647 
0.206944 
0.207418 
0.207893 
0.208369 
0.208844 
0.209321 
0.209798 
0.210275 
0.210753 
0.211232 
0.21171 
0.21219 
0.21267 
0.21315 
0.213631 
0.214113 
0.214594 
0.215077 
0.21556 
0.216043 
0.216527 
0.217012 
0.217496 
0.217982 
0.218468 
0.218954 
0.219441 
0.219928 
0.220416 
0.220905 
0.221393 
0.221883 
0.222372 
0.222863 
0.223353 
0.223845 
0.224336 
0.224829 
0.225321 
0.225815 
0.226308 
0.226803 
0.227297 
0.227792 
0.228288 
0.228784 
0.22928 
0.229778 
0.230275 
0.230773 
0.231271 
0.23177 
0.232269 
0.232769 
0.233269 
0.23377 
0.234271 
0.234772 
0.235274 
0.235777 
0.236279 
0.236783 
0.237286 
0.237791 
0.238295 
0.2388 
0.239305 
0.239811 
0.240317 
0.240824 
0.241331 
0.241839 
0.242346 
0.242855 
0.243363 
0.243872 
0.244382 
0.244892 
0.245402 
0.245913 
0.246423 
0.246935 
0.247446 
0.247959 
0.248471 
0.248984 
0.249497 
0.250011 
0.250524 
0.251039 
0.251553 
0.252069 
0.252584 
0.2531 
0.253615 
0.254132 
0.254648 
0.255165 
0.255682 
0.2562 
0.256718 
0.257236 
0.257754 
0.258274 
0.258792 
0.259312 
0.259831 
0.260352 
0.260871 
0.261392 
0.261913 
0.262434 
0.262955 
0.263477 
0.263998 
0.264521 
0.265043 
0.265566 
0.266088 
0.266611 
0.267134 
0.267658 
0.268181 
0.268706 
0.269229 
0.269754 
0.270278 
0.270803 
0.271328 
0.271853 
0.272378 
0.272904 
0.273429 
0.273955 
0.274481 
0.275007 
0.275533 
0.27606 
0.276586 
0.277113 
0.277639 
0.278167 
0.278693 
0.279221 
0.279748 
0.280276 
0.280802 
0.281331 
0.281858 
0.282386 
0.282913 
0.283442 
0.283969 
0.284498 
0.285025 
0.285554 
0.286081 
0.28661 
0.287138 
0.287667 
0.288194 
0.288723 
0.289251 
0.28978 
0.290308 
0.290837 
0.291364 
0.291893 
0.292421 
0.29295 
0.293477 
0.294006 
0.294534 
0.295062 
0.29559 
0.296118 
0.296645 
0.297174 
0.297701 
0.298229 
0.298756 
0.299284 
0.299811 
0.300339 
0.300865 
0.301393 
0.301919 
0.302446 
0.302972 
0.303499 
0.304025 
0.304551 
0.305077 
0.305603 
0.306128 
0.306654 
0.307178 
0.307704 
0.308228 
0.308753 
0.309277 
0.309801 
0.310324 
0.310849 
0.311371 
0.311895 
0.312417 
0.312941 
0.313462 
0.313985 
0.314506 
0.315028 
0.315548 
0.31607 
0.316589 
0.31711 
0.317629 
0.31815 
0.318668 
0.319187 
0.319705 
0.320224 
0.320741 
0.321259 
0.321775 
0.322292 
0.322808 
0.323324 
0.323839 
0.324354 
0.324868 
0.325383 
0.325896 
0.32641 
0.326921 
0.327434 
0.327945 
0.328458 
0.328967 
0.329479 
0.329988 
0.330498 
0.331006 
0.331515 
0.332022 
0.33253 
0.333036 
0.333543 
0.334048 
0.334554 
0.335057 
0.335562 
0.336065 
0.336568 
0.33707 
0.337572 
0.338072 
0.338574 
0.339073 
0.339573 
0.34007 
0.340569 
0.341065 
0.341563 
0.342058 
0.342554 
0.343048 
0.343543 
0.344035 
0.344529 
0.34502 
0.345512 
0.346002 
0.346493 
0.346981 
0.34747 
0.347957 
0.348445 
0.34893 
0.349417 
0.3499 
0.350385 
0.350867 
0.351351 
0.351832 
0.352313 
0.352793 
0.353273 
0.35375 
0.354229 
0.354705 
0.355182 
0.355656 
0.356132 
0.356604 
0.357078 
0.357549 
0.358021 
0.358491 
0.358961 
0.359429 
0.359897 
0.360363 
0.36083 
0.361294 
0.361759 
0.362222 
0.362685 
0.363146 
0.363607 
0.364066 
0.364526 
0.364983 
0.36544 
0.365896 
0.366352 
0.366805 
0.367259 
0.36771 
0.368163 
0.368612 
0.369063 
0.36951 
0.369959 
0.370404 
0.370851 
0.371294 
0.371739 
0.372181 
0.372624 
0.373063 
0.373504 
0.373942 
0.374381 
0.374816 
0.375253 
0.375687 
0.376122 
0.376553 
0.376986 
0.377416 
0.377847 
0.378274 
0.378703 
0.379129 
0.379555 
0.379979 
0.380403 
0.380825 
0.381248 
0.381667 
0.382087 
0.382505 
0.382923 
0.383339 
0.383755 
0.384168 
0.384582 
0.384994 
0.385406 
0.385815 
0.386225 
0.386632 
0.387039 
0.387444 
0.38785 
0.388253 
0.388656 
0.389057 
0.389459 
0.389857 
0.390257 
0.390653 
0.39105 
0.391445 
0.39184 
0.392232 
0.392625 
0.393015 
0.393406 
0.393794 
0.394183 
0.394569 
0.394955 
0.395339 
0.395723 
0.396105 
0.396487 
0.396867 
0.397247 
0.397625 
0.398003 
0.398378 
0.398754 
0.399127 
0.399501 
0.399873 
0.400244 
0.400613 
0.400983 
0.40135 
0.401718 
0.402083 
0.402448 
0.402811 
0.403174 
0.403535 
0.403896 
0.404255 
0.404614 
0.404971 
0.405328 
0.405683 
0.406038 
0.406391 
0.406744 
0.407094 
0.407445 
0.407794 
0.408143 
0.408489 
0.408836 
0.409181 
0.409526 
0.409869 
0.410212 
0.410552 
0.410893 
0.411232 
0.411571 
0.411907 
0.412244 
0.412579 
0.412914 
0.413247 
0.41358 
0.413911 
0.414242 
0.414571 
0.4149 
0.415227 
0.415555 
0.41588 
0.416206 
0.416529 
0.416852 
0.417174 
0.417496 
0.417815 
0.418135 
0.418453 
0.418771 
0.419087 
0.419403 
0.419717 
0.420031 
0.420344 
0.420656 
0.420967 
0.421278 
0.421586 
0.421895 
0.422202 
0.42251 
0.422815 
0.423121 
0.423424 
0.423728 
0.42403 
0.424332 
0.424632 
0.424932 
0.425231 
0.42553 
0.425826 
0.426124 
0.426419 
0.426714 
0.427008 
0.427301 
0.427593 
0.427886 
0.428176 
0.428466 
0.428755 
0.429044 
0.429331 
0.429619 
0.429904 
0.43019 
0.430474 
0.430758 
0.431041 
0.431324 
0.431605 
0.431886 
0.432165 
0.432445 
0.432723 
0.433002 
0.433278 
0.433555 
0.43383 
0.434106 
0.434379 
0.434653 
0.434925 
0.435198 
0.435469 
0.43574 
0.436009 
0.436279 
0.436547 
0.436816 
0.437083 
0.43735 
0.437615 
0.437881 
0.438145 
0.438409 
0.438672 
0.438935 
0.439196 
0.439458 
0.439718 
0.439979 
0.440238 
0.440497 
0.440755 
0.441013 
0.441269 
0.441526 
0.441781 
0.442037 
0.442291 
0.442545 
0.442798 
0.443051 
0.443303 
0.443555 
0.443805 
0.444056 
0.444305 
0.444555 
0.444803 
0.445052 
0.445299 
0.445546 
0.445792 
0.446039 
0.446284 
0.446529 
0.446773 
0.447017 
0.44726 
0.447503 
0.447744 
0.447986 
0.448227 
0.448468 
0.448708 
0.448948 
0.449186 
0.449425 
0.449663 
0.449901 
0.450138 
0.450374 
0.45061 
0.450846 
0.451081 
0.451316 
0.45155 
0.451784 
0.452017 
0.45225 
0.452482 
0.452714 
0.452945 
0.453176 
0.453407 
0.453637 
0.453866 
0.454096 
0.454324 
0.454553 
0.45478 
0.455008 
0.455235 
0.455462 
0.455687 
0.455913 
0.456139 
0.456364 
0.456588 
0.456812 
0.457036 
0.457259 
0.457482 
0.457705 
0.457927 
0.458149 
0.45837 
0.458591 
0.458811 
0.459031 
0.459251 
0.459471 
0.45969 
0.459908 
0.460126 
0.460345 
0.460562 
0.460779 
0.460996 
0.461213 
0.461429 
0.461645 
0.46186 
0.462075 
0.46229 
0.462504 
0.462718 
0.462932 
0.463145 
0.463358 
0.463571 
0.463783 
0.463995 
0.464207 
0.464418 
0.464629 
0.46484 
0.46505 
0.46526 
0.46547 
0.465679 
0.465888 
0.466097 
0.466305 
0.466513 
0.466721 
0.466929 
0.467136 
0.467343 
0.467549 
0.467756 
0.467962 
0.468167 
0.468373 
0.468578 
0.468783 
0.468987 
0.469191 
0.469395 
0.469599 
0.469802 
0.470005 
0.470207 
0.47041 
0.470612 
0.470814 
0.471015 
0.471216 
0.471417 
0.471618 
0.471818 
0.472018 
0.472218 
0.472418 
0.472617 
0.472816 
0.473014 
0.473213 
0.473411 
0.473609 
0.473806 
0.474004 
0.4742 
0.474397 
0.474593 
0.47479 
0.474985 
0.475181 
0.475376 
0.475571 
0.475766 
0.475961 
0.476155 
0.476349 
0.476542 
0.476735 
0.476928 
0.477121 
0.477313 
0.477506 
0.477698 
0.477889 
0.47808 
0.478272 
0.478462 
0.478653 
0.478843 
0.479033 
0.479222 
0.479412 
0.479601 
0.47979 
0.479978 
0.480166 
0.480354 
0.480542 
0.480729 
0.480916 
0.481102 
0.481289 
0.481475 
0.481661 
0.481846 
0.482032 
0.482216 
0.482401 
0.482585 
0.482769 
0.482953 
0.483136 
0.483319 
0.483502 
0.483684 
0.483867 
0.484048 
0.48423 
0.484411 
0.484592 
0.484772 
0.484953 
0.485132 
0.485312 
0.485491 
0.48567 
0.485848 
0.486027 
0.486205 
0.486382 
0.486559 
0.486736 
0.486913 
0.487089 
0.487265 
0.48744 
0.487615 
0.48779 
0.487964 
0.488139 
0.488312 
0.488486 
0.488658 
0.488831 
0.489003 
0.489175 
0.489346 
0.489518 
0.489688 
0.489859 
0.490028 
0.490198 
0.490367 
0.490536 
0.490704 
0.490872 
0.49104 
0.491207 
0.491373 
0.49154 
0.491706 
0.491871 
0.492036 
0.492201 
0.492365 
0.492529 
0.492692 
0.492855 
0.493018 
0.49318 
0.493341 
0.493503 
0.493663 
0.493824 
0.493983 
0.494143 
0.494302 
0.49446 
0.494618 
0.494776 
0.494932 
0.495089 
0.495245 
0.495401 
0.495556 
0.49571 
0.495864 
0.496018 
0.496171 
0.496324 
0.496475 
0.496627 
0.496778 
0.496929 
0.497078 
0.497228 
0.497377 
0.497525 
0.497673 
0.497821 
0.497967 
0.498114 
0.498259 
0.498404 
0.498548 
0.498693 
0.498836 
0.498979 
0.499121 
0.499263 
0.499403 
0.499544 
0.499684 
0.499823 
0.499962 
0.5001 
0.500237 
0.500374 
0.50051 
0.500646 
0.500781 
0.500915 
0.501049 
0.501182 
0.501314 
0.501446 
0.501577 
0.501708 
0.501837 
0.501967 
0.502095 
0.502223 
0.50235 
0.502477 
0.502602 
0.502727 
0.502851 
0.502975 
0.503098 
0.503221 
0.503342 
0.503463 
0.503583 
0.503703 
0.503821 
0.503939 
0.504056 
0.504173 
0.504288 
0.504403 
0.504517 
0.504631 
0.504743 
0.504856 
0.504967 
0.505077 
0.505187 
0.505296 
0.505403 
0.505511 
0.505617 
0.505723 
0.505828 
0.505932 
0.506035 
0.506138 
0.506239 
0.50634 
0.50644 
0.506539 
0.506637 
0.506735 
0.506831 
0.506927 
0.507022 
0.507116 
0.507209 
0.507302 
0.507393 
0.507484 
0.507573 
0.507662 
0.50775 
0.507838 
0.507923 
0.508009 
0.508093 
0.508177 
0.508259 
0.508341 
0.508422 
0.508502 
0.50858 
0.508659 
0.508736 
0.508812 
0.508887 
0.508962 
0.509035 
0.509107 
0.509179 
0.50925 
0.509319 
0.509388 
0.509455 
0.509522 
0.509588 
0.509653 
0.509716 
0.509779 
0.509841 
0.509902 
0.509962 
0.510021 
0.510078 
0.510136 
0.510191 
0.510247 
0.5103 
0.510354 
0.510405 
0.510457 
0.510506 
0.510555 
0.510603 
0.51065 
0.510696 
0.510741 
0.510784 
0.510828 
0.510869 
0.51091 
0.51095 
0.510989 
0.511026 
0.511063 
0.511098 
0.511133 
0.511166 
0.511199 
0.51123 
0.511261 
0.51129 
0.511319 
0.511346 
0.511372 
0.511397 
0.511422 
0.511444 
0.511467 
0.511487 
0.511508 
0.511526 
0.511544 
0.511561 
0.511577 
0.511591 
0.511605 
0.511617 
0.511629 
0.511639 
0.511648 
0.511656 
0.511664 
0.51167 
0.511675 
0.511679 
0.511682 
0.511683 
0.511685 
0.511684 
0.511683 
0.51168 
0.511677 
0.511672 
0.511667 
0.51166 
0.511653 
0.511644 
0.511634 
0.511623 
0.511611 
0.511598 
0.511584 
0.511569 
0.511553 
0.511535 
0.511517 
0.511498 
0.511478 
0.511456 
0.511434 
0.51141 
0.511386 
0.51136 
0.511333 
0.511305 
0.511277 
0.511247 
0.511216 
0.511184 
0.511151 
0.511117 
0.511082 
0.511046 
0.511009 
0.510971 
0.510932 
0.510892 
0.510851 
0.510809 
0.510766 
0.510721 
0.510676 
0.51063 
0.510583 
0.510535 
0.510486 
0.510435 
0.510384 
0.510332 
0.510279 
0.510224 
0.51017 
0.510113 
0.510056 
0.509998 
0.509939 
0.509879 
0.509818 
0.509756 
0.509693 
0.509629 
0.509564 
0.509498 
0.509432 
0.509364 
0.509295 
0.509225 
0.509155 
0.509083 
0.509011 
0.508938 
0.508863 
0.508788 
0.508712 
0.508635 
0.508557 
0.508478 
0.508398 
0.508318 
0.508236 
0.508153 
0.50807 
0.507986 
0.507901 
0.507815 
0.507728 
0.50764 
0.507551 
0.507462 
0.507372 
0.50728 
0.507188 
0.507095 
0.507001 
0.506907 
0.506811 
0.506715 
0.506618 
0.50652 
0.506421 
0.506321 
0.506221 
0.506119 
0.506017 
0.505914 
0.505811 
0.505706 
0.505601 
0.505495 
0.505388 
0.50528 
0.505172 
0.505063 
0.504953 
0.504842 
0.504731 
0.504618 
0.504505 
0.504391 
0.504277 
0.504162 
0.504046 
0.503929 
0.503812 
0.503693 
0.503574 
0.503455 
0.503334 
0.503213 
0.503092 
0.502969 
0.502846 
0.502722 
0.502597 
0.502472 
0.502346 
0.50222 
0.502092 
0.501964 
0.501836 
0.501706 
0.501577 
0.501446 
0.501315 
0.501183 
0.50105 
0.500917 
0.500783 
0.500649 
0.500514 
0.500378 
0.500242 
0.500105 
0.499967 
0.499829 
0.49969 
0.499551 
0.499411 
0.499271 
0.49913 
0.498988 
0.498846 
0.498703 
0.498559 
0.498415 
0.498271 
0.498126 
0.49798 
0.497834 
0.497687 
0.49754 
0.497392 
0.497243 
0.497095 
0.496945 
0.496795 
0.496645 
0.496494 
0.496342 
0.49619 
0.496038 
0.495885 
0.495731 
0.495577 
0.495423 
0.495268 
0.495112 
0.494956 
0.4948 
0.494643 
0.494486 
0.494328 
0.49417 
0.494011 
0.493852 
0.493692 
0.493532 
0.493372 
0.493211 
0.493049 
0.492888 
0.492725 
0.492563 
0.4924 
0.492236 
0.492072 
0.491908 
0.491744 
0.491579 
0.491413 
0.491247 
0.491081 
0.490914 
0.490747 
0.49058 
0.490412 
0.490244 
0.490076 
0.489907 
0.489738 
0.489569 
0.489399 
0.489229 
0.489058 
0.488887 
0.488716 
0.488544 
0.488373 
0.4882 
0.488028 
0.487855 
0.487682 
0.487509 
0.487335 
0.487161 
0.486987 
0.486812 
0.486637 
0.486462 
0.486287 
0.486111 
0.485935 
0.485759 
0.485582 
0.485406 
0.485229 
0.485051 
0.484874 
0.484696 
0.484518 
0.48434 
0.484161 
0.483983 
0.483804 
0.483625 
0.483445 
0.483266 
0.483086 
0.482906 
0.482726 
0.482546 
0.482365 
0.482184 
0.482003 
0.481822 
0.481641 
0.481459 
0.481278 
0.481096 
0.480914 
0.480732 
0.480549 
0.480367 
0.480184 
0.480002 
0.479819 
0.479636 
0.479452 
0.479269 
0.479086 
0.478902 
0.478718 
0.478535 
0.478351 
0.478167 
0.477983 
0.477798 
0.477614 
0.47743 
0.477245 
0.47706 
0.476876 
0.476691 
0.476506 
0.476321 
0.476136 
0.475951 
0.475766 
0.475581 
0.475396 
0.47521 
0.475025 
0.47484 
0.474654 
0.474469 
0.474283 
0.474098 
0.473912 
0.473726 
0.473541 
0.473355 
0.473169 
0.472984 
0.472798 
0.472612 
0.472427 
0.472241 
0.472055 
0.47187 
0.471684 
0.471498 
0.471313 
0.471127 
0.470941 
0.470756 
0.47057 
0.470385 
0.470199 
0.470013 
0.469828 
0.469643 
0.469457 
0.469272 
0.469087 
0.468901 
0.468716 
0.468531 
0.468346 
0.468161 
0.467976 
0.467791 
0.467606 
0.467421 
0.467236 
0.467052 
0.466867 
0.466682 
0.466498 
0.466314 
0.466129 
0.465945 
0.465761 
0.465577 
0.465393 
0.465209 
0.465025 
0.464841 
0.464658 
0.464474 
0.464291 
0.464107 
0.463924 
0.463741 
0.463558 
0.463375 
0.463192 
0.463009 
0.462827 
0.462644 
0.462462 
0.462279 
0.462097 
0.461915 
0.461733 
0.461551 
0.461369 
0.461187 
0.461005 
0.460824 
0.460642 
0.460461 
0.46028 
0.460098 
0.459917 
0.459736 
0.459555 
0.459375 
0.459194 
0.459013 
0.458833 
0.458652 
0.458472 
0.458292 
0.458112 
0.457932 
0.457752 
0.457572 
0.457392 
0.457212 
0.457033 
0.456853 
0.456674 
0.456494 
0.456315 
0.456135 
0.455956 
0.455777 
0.455598 
0.455419 
0.45524 
0.455061 
0.454882 
0.454703 
0.454524 
0.454345 
0.454167 
0.453988 
0.453809 
0.45363 
0.453452 
0.453273 
0.453095 
0.452916 
0.452737 
0.452559 
0.45238 
0.452201 
0.452023 
0.451844 
0.451665 
0.451486 
0.451308 
0.451129 
0.45095 
0.450771 
0.450592 
0.450413 
0.450234 
0.450055 
0.449876 
0.449696 
0.449517 
0.449337 
0.449158 
0.448978 
0.448798 
0.448618 
0.448438 
0.448257 
0.448077 
0.447896 
0.447716 
0.447535 
0.447354 
0.447172 
0.446991 
0.446809 
0.446628 
0.446445 
0.446263 
0.446081 
0.445898 
0.445715 
0.445532 
0.445348 
0.445165 
0.44498 
0.444796 
0.444611 
0.444427 
0.444241 
0.444056 
0.44387 
0.443684 
0.443497 
0.44331 
0.443123 
0.442935 
0.442747 
0.442559 
0.442369 
0.44218 
0.44199 
0.441801 
0.44161 
0.441419 
0.441227 
0.441035 
0.440843 
0.44065 
0.440456 
0.440263 
0.440068 
0.439873 
0.439677 
0.439481 
0.439284 
0.439087 
0.438889 
0.438691 
0.438491 
0.438292 
0.438091 
0.437891 
0.437689 
0.437487 
0.437283 
0.43708 
0.436875 
0.436671 
0.436464 
0.436258 
0.436051 
0.435843 
0.435634 
0.435425 
0.435214 
0.435003 
0.434791 
0.434579 
0.434365 
0.434151 
0.433935 
0.433719 
0.433502 
0.433284 
0.433065 
0.432846 
0.432625 
0.432404 
0.432181 
0.431958 
0.431733 
0.431508 
0.431281 
0.431054 
0.430826 
0.430597 
0.430366 
0.430135 
0.429902 
0.429669 
0.429434 
0.429199 
0.428962 
0.428724 
0.428485 
0.428245 
0.428004 
0.427762 
0.427518 
0.427274 
0.427027 
0.426781 
0.426532 
0.426283 
0.426032 
0.425781 
0.425528 
0.425274 
0.425018 
0.424762 
0.424503 
0.424244 
0.423983 
0.423722 
0.423458 
0.423194 
0.422928 
0.422662 
0.422393 
0.422123 
0.421852 
0.42158 
0.421306 
0.421031 
0.420754 
0.420476 
0.420197 
0.419916 
0.419634 
0.419351 
0.419065 
0.418779 
0.418491 
0.418202 
0.417911 
0.417619 
0.417325 
0.417031 
0.416734 
0.416436 
0.416136 
0.415836 
0.415533 
0.415229 
0.414923 
0.414617 
0.414308 
0.413998 
0.413686 
0.413374 
0.413059 
0.412743 
0.412425 
0.412106 
0.411785 
0.411464 
0.411139 
0.410814 
0.410487 
0.410159 
0.409829 
0.409498 
0.409164 
0.40883 
0.408493 
0.408156 
0.407816 
0.407475 
0.407133 
0.406789 
0.406443 
0.406096 
0.405747 
0.405397 
0.405045 
0.404691 
0.404336 
0.40398 
0.403621 
0.403262 
0.4029 
0.402537 
0.402172 
0.401807 
0.401439 
0.40107 
0.400699 
0.400327 
0.399952 
0.399577 
0.3992 
0.398822 
0.398441 
0.39806 
0.397676 
0.397292 
0.396905 
0.396518 
0.396128 
0.395738 
0.395345 
0.394951 
0.394556 
0.394159 
0.39376 
0.39336 
0.392959 
0.392556 
0.392151 
0.391746 
0.391338 
0.390929 
0.390519 
0.390107 
0.389694 
0.389279 
0.388863 
0.388445 
0.388026 
0.387606 
0.387184 
0.386761 
0.386336 
0.38591 
0.385482 
0.385053 
0.384623 
0.384191 
0.383758 
0.383324 
0.382888 
0.382451 
0.382012 
0.381573 
0.381131 
0.380689 
0.380245 
0.3798 
0.379354 
0.378907 
0.378457 
0.378008 
0.377556 
0.377104 
0.376649 
0.376195 
0.375738 
0.375281 
0.374822 
0.374362 
0.373901 
0.373439 
0.372975 
0.37251 
0.372044 
0.371578 
0.371109 
0.37064 
0.37017 
0.369699 
0.369226 
0.368753 
0.368278 
0.367802 
0.367325 
0.366848 
0.366369 
0.365889 
0.365408 
0.364926 
0.364443 
0.363959 
0.363474 
0.362989 
0.362502 
0.362014 
0.361525 
0.361036 
0.360545 
0.360054 
0.359561 
0.359068 
0.358574 
0.358079 
0.357583 
0.357087 
0.356589 
0.356091 
0.355591 
0.355092 
0.354591 
0.354089 
0.353587 
0.353084 
0.35258 
0.352075 
0.35157 
0.351064 
0.350557 
0.35005 
0.349541 
0.349033 
0.348523 
0.348013 
0.347502 
0.34699 
0.346478 
0.345965 
0.345452 
0.344938 
0.344423 
0.343908 
0.343392 
0.342876 
0.342359 
0.341842 
0.341323 
0.340805 
0.340286 
0.339766 
0.339246 
0.338726 
0.338205 
0.337683 
0.337161 
0.336639 
0.336116 
0.335592 
0.335068 
0.334544 
0.334019 
0.333494 
0.332969 
0.332443 
0.331917 
0.33139 
0.330863 
0.330336 
0.329808 
0.32928 
0.328752 
0.328223 
0.327694 
0.327165 
0.326635 
0.326106 
0.325575 
0.325045 
0.324514 
0.323983 
0.323452 
0.322921 
0.322389 
0.321857 
0.321325 
0.320792 
0.32026 
0.319727 
0.319194 
0.318661 
0.318127 
0.317594 
0.31706 
0.316526 
0.315992 
0.315458 
0.314924 
0.314389 
0.313855 
0.31332 
0.312785 
0.31225 
0.311715 
0.31118 
0.310645 
0.31011 
0.309574 
0.309039 
0.308503 
0.307968 
0.307432 
0.306897 
0.306361 
0.305825 
0.305289 
0.304753 
0.304217 
0.303681 
0.303146 
0.30261 
0.302074 
0.301538 
0.301002 
0.300466 
0.29993 
0.299394 
0.298858 
0.298322 
0.297786 
0.297251 
0.296715 
0.296179 
0.295643 
0.295108 
0.294572 
0.294037 
0.293501 
0.292966 
0.292431 
0.291895 
0.29136 
0.290825 
0.29029 
0.289755 
0.28922 
0.288686 
0.288151 
0.287616 
0.287082 
0.286548 
0.286013 
0.285479 
0.284945 
0.284411 
0.283878 
0.283344 
0.282811 
0.282277 
0.281744 
0.281211 
0.280678 
0.280145 
0.279612 
0.27908 
0.278547 
0.278015 
0.277483 
0.276951 
0.276419 
0.275887 
0.275356 
0.274824 
0.274293 
0.273762 
0.273231 
0.272701 
0.27217 
0.27164 
0.27111 
0.27058 
0.27005 
0.26952 
0.26899 
0.268461 
0.267932 
0.267403 
0.266874 
0.266346 
0.265817 
0.265289 
0.264761 
0.264233 
0.263705 
0.263178 
0.262651 
0.262124 
0.261597 
0.26107 
0.260543 
0.260017 
0.259491 
0.258965 
0.258439 
0.257914 
0.257388 
0.256863 
0.256338 
0.255814 
0.255289 
0.254765 
0.254241 
0.253717 
0.253193 
0.25267 
0.252146 
0.251623 
0.2511 
0.250577 
0.250055 
0.249533 
0.24901 
0.248489 
0.247967 
0.247445 
0.246924 
0.246403 
0.245882 
0.245362 
0.244841 
0.244321 
0.243801 
0.243281 
0.242761 
0.242242 
0.241722 
0.241203 
0.240685 
0.240166 
0.239648 
0.239129 
0.238611 
0.238094 
0.237576 
0.237058 
0.236541 
0.236024 
0.235507 
0.234991 
0.234474 
0.233958 
0.233442 
0.232926 
0.232411 
0.231895 
0.23138 
0.230865 
0.23035 
0.229836 
0.229321 
0.228807 
0.228293 
0.227779 
0.227265 
0.226752 
0.226238 
0.225725 
0.225212 
0.2247 
0.224187 
0.223675 
0.223162 
0.22265 
0.222139 
0.221627 
0.221115 
0.220604 
0.220093 
0.219582 
0.219071 
0.218561 
0.21805 
0.21754 
0.21703 
0.21652 
0.216011 
0.215501 
0.214992 
0.214483 
0.213973 
0.213465 
0.212956 
0.212447 
0.211939 
0.211431 
0.210923 
0.210415 
0.209907 
0.2094 
0.208892 
0.208385 
0.207878 
0.207371 
0.206864 
0.206357 
0.205851 
0.205344 
0.204838 
0.204332 
0.203826 
0.20332 
0.202814 
0.202309 
0.201803 
0.201298 
0.200793 
0.200288 
0.199783 
0.199278 
0.198773 
0.198269 
0.197764 
0.19726 
0.196756 
0.196252 
0.195748 
0.195244 
0.19474 
0.194237 
0.193733 
0.19323 
0.192726 
0.192223 
0.19172 
0.191217 
0.190714 
0.190211 
0.189708 
0.189206 
0.188703 
0.188201 
0.187698 
0.187196 
0.186693 
0.186191 
0.185689 
0.185187 
0.184685 
0.184183 
0.183681 
0.18318 
0.182678 
0.182176 
0.181674 
0.181173 
0.180671 
0.18017 
0.179668 
0.179167 
0.178666 
0.178164 
0.177663 
0.177162 
0.176661 
0.17616 
0.175658 
0.175157 
0.174656 
0.174155 
0.173654 
0.173153 
0.172651 
0.172151 
0.171649 
0.171148 
0.170647 
0.170146 
0.169645 
0.169144 
0.168643 
0.168142 
0.16764 
0.16714 
0.166638 
0.166137 
0.165636 
0.165135 
0.164633 
0.164132 
0.16363 
0.163129 
0.162627 
0.162126 
0.161624 
0.161123 
0.160621 
0.160119 
0.159617 
0.159115 
0.158613 
0.158111 
0.157609 
0.157107 
0.156604 
0.156102 
0.155599 
0.155097 
0.154594 
0.154091 
0.153588 
0.153085 
0.152582 
0.152079 
0.151575 
0.151072 
0.150568 
0.150065 
0.14956 
0.149057 
0.148552 
0.148048 
0.147543 
0.147039 
0.146534 
0.146029 
0.145524 
0.145019 
0.144513 
0.144008 
0.143502 
0.142996 
0.14249 
0.141984 
0.141477 
0.140971 
0.140464 
0.139957 
0.139449 
0.138942 
0.138434 
0.137926 
0.137418 
0.13691 
0.136401 
0.135893 
0.135383 
0.134874 
0.134365 
0.133855 
0.133345 
0.132835 
0.132324 
0.131814 
0.131303 
0.130792 
0.13028 
0.129768 
0.129256 
0.128744 
0.128231 
0.127719 
0.127205 
0.126692 
0.126178 
0.125664 
0.12515 
0.124635 
0.12412 
0.123605 
0.12309 
0.122574 
0.122058 
0.121541 
0.121024 
0.120508 
0.11999 
0.119472 
0.118954 
0.118436 
0.117917 
0.117398 
0.116878 
0.116359 
0.115838 
0.115318 
0.114797 
0.114276 
0.113754 
0.113232 
0.11271 
0.112187 
0.111664 
0.111141 
0.110617 
0.110093 
0.109568 
0.109043 
0.108518 
0.107992 
0.107466 
0.10694 
0.106412 
0.105885 
0.105357 
0.104829 
0.104301 
0.103772 
0.103242 
0.102713 
0.102182 
0.101652 
0.101121 
0.100589 
0.100057 
0.0995252 
0.0989922 
0.0984593 
0.0979255 
0.0973917 
0.096857 
0.0963223 
0.0957867 
0.0952511 
0.0947147 
0.0941782 
0.0936409 
0.0931035 
0.0925653 
0.0920271 
0.0914879 
0.0909488 
0.0904088 
0.0898687 
0.0893278 
0.0887868 
0.0882449 
0.0877031 
0.0871603 
0.0866175 
0.0860738 
0.0855301 
0.0849854 
0.0844408 
0.0838952 
0.0833496 
0.0828032 
0.0822567 
0.0817092 
0.0811618 
0.0806135 
0.0800651 
0.0795158 
0.0789664 
0.0784162 
0.077866 
0.0773148 
0.0767636 
0.0762115 
0.0756594 
0.0751063 
0.0745532 
0.0739993 
0.0734452 
0.0728903 
0.0723354 
0.0717795 
0.0712236 
0.0706668 
0.07011 
0.0695523 
0.0689945 
0.0684359 
0.0678771 
0.0673176 
0.0667579 
0.0661974 
0.0656368 
0.0650754 
0.0645139 
0.0639516 
0.0633891 
0.0628259 
0.0622625 
0.0616984 
0.0611341 
0.060569 
0.0600039 
0.0594379 
0.0588718 
0.0583049 
0.057738 
0.0571702 
0.0566023 
0.0560337 
0.0554649 
0.0548954 
0.0543257 
0.0537553 
0.0531848 
0.0526135 
0.0520421 
0.05147 
0.0508977 
0.0503247 
0.0497516 
0.0491778 
0.0486038 
0.0480291 
0.0474543 
0.0468788 
0.0463032 
0.0457268 
0.0451504 
0.0445732 
0.0439959 
0.043418 
0.0428399 
0.0422611 
0.0416822 
0.0411027 
0.040523 
0.0399427 
0.0393622 
0.0387811 
0.0381999 
0.037618 
0.037036 
0.0364534 
0.0358707 
0.0352873 
0.0347038 
0.0341197 
0.0335355 
0.0329507 
0.0323658 
0.0317802 
0.0311946 
0.0306084 
0.030022 
0.0294351 
0.0288481 
0.0282605 
0.0276728 
0.0270845 
0.0264961 
0.0259072 
0.0253182 
0.0247286 
0.0241389 
0.0235487 
0.0229584 
0.0223676 
0.0217767 
0.0211852 
0.0205937 
0.0200016 
0.0194095 
0.0188169 
0.0182242 
0.017631 
0.0170377 
0.0164439 
0.0158501 
0.0152558 
0.0146614 
0.0140665 
0.0134716 
0.0128762 
0.0122808 
0.0116849 
0.0110889 
0.0104925 
0.00989607 
0.00929917 
0.00870224 
0.00810486 
0.00750745 
0.00690961 
0.00631175 
0.00571345 
0.00511514 
0.00451641 
0.00391766 
0.0033185 
0.00271933 
0.00211975 
0.00152018 
0.000920201 
0.000320226 
-0.000280137 
-0.000880495 
-0.00148123 
-0.00208196 
-0.00268306 
-0.00328415 
-0.0038856 
-0.00448703 
-0.00508882 
-0.00569058 
-0.00629269 
-0.00689477 
-0.00749719 
-0.00809958 
-0.00870229 
-0.00930497 
-0.00990797 
-0.0105109 
-0.0111142 
-0.0117174 
-0.012321 
-0.0129244 
-0.0135282 
-0.0141319 
-0.0147359 
-0.0153399 
-0.0159441 
-0.0165483 
-0.0171527 
-0.017757 
-0.0183617 
-0.0189662 
-0.019571 
-0.0201757 
-0.0207807 
-0.0213856 
-0.0219907 
-0.0225957 
-0.0232009 
-0.0238061 
-0.0244115 
-0.0250167 
-0.0256222 
-0.0262276 
-0.0268332 
-0.0274387 
-0.0280443 
-0.0286499 
-0.0292556 
-0.0298612 
-0.030467 
-0.0310727 
-0.0316785 
-0.0322842 
-0.0328901 
-0.0334958 
-0.0341017 
-0.0347074 
-0.0353133 
-0.035919 
-0.0365249 
-0.0371306 
-0.0377364 
-0.0383421 
-0.0389479 
-0.0395535 
-0.0401592 
-0.0407648 
-0.0413705 
-0.0419759 
-0.0425815 
-0.0431869 
-0.0437924 
-0.0443977 
-0.0450031 
-0.0456082 
-0.0462135 
-0.0468185 
-0.0474236 
-0.0480285 
-0.0486334 
-0.0492381 
-0.0498429 
-0.0504474 
-0.051052 
-0.0516563 
-0.0522607 
-0.0528648 
-0.053469 
-0.0540729 
-0.0546768 
-0.0552805 
-0.0558842 
-0.0564875 
-0.057091 
-0.0576941 
-0.0582972 
-0.0589001 
-0.0595029 
-0.0601054 
-0.060708 
-0.0613102 
-0.0619124 
-0.0625143 
-0.0631161 
-0.0637177 
-0.0643192 
-0.0649203 
-0.0655214 
-0.0661222 
-0.066723 
-0.0673233 
-0.0679237 
-0.0685236 
-0.0691235 
-0.0697231 
-0.0703225 
-0.0709216 
-0.0715206 
-0.0721192 
-0.0727178 
-0.0733159 
-0.073914 
-0.0745116 
-0.0751091 
-0.0757063 
-0.0763033 
-0.0768999 
-0.0774964 
-0.0780924 
-0.0786883 
-0.0792838 
-0.0798792 
-0.0804741 
-0.0810688 
-0.0816631 
-0.0822573 
-0.082851 
-0.0834445 
-0.0840375 
-0.0846304 
-0.0852228 
-0.0858151 
-0.0864068 
-0.0869984 
-0.0875894 
-0.0881803 
-0.0887706 
-0.0893608 
-0.0899504 
-0.0905399 
-0.0911288 
-0.0917175 
-0.0923056 
-0.0928936 
-0.0934809 
-0.0940681 
-0.0946547 
-0.0952411 
-0.0958269 
-0.0964124 
-0.0969974 
-0.0975822 
-0.0981663 
-0.0987502 
-0.0993335 
-0.0999165 
-0.100499 
-0.101081 
-0.101663 
-0.102244 
-0.102825 
-0.103405 
-0.103985 
-0.104564 
-0.105143 
-0.105721 
-0.106299 
-0.106877 
-0.107454 
-0.10803 
-0.108606 
-0.109182 
-0.109757 
-0.110331 
-0.110905 
-0.111479 
-0.112052 
-0.112624 
-0.113196 
-0.113768 
-0.114338 
-0.114909 
-0.115479 
-0.116048 
-0.116617 
-0.117185 
-0.117753 
-0.11832 
-0.118886 
-0.119452 
-0.120018 
-0.120583 
-0.121147 
-0.121711 
-0.122274 
-0.122837 
-0.123398 
-0.12396 
-0.124521 
-0.125081 
-0.125641 
-0.1262 
-0.126758 
-0.127316 
-0.127873 
-0.12843 
-0.128986 
-0.129542 
-0.130096 
-0.130651 
-0.131204 
-0.131757 
-0.13231 
-0.132862 
-0.133413 
-0.133963 
-0.134513 
-0.135063 
-0.135611 
-0.136159 
-0.136706 
-0.137253 
-0.137799 
-0.138345 
-0.13889 
-0.139434 
-0.139977 
-0.14052 
-0.141062 
-0.141604 
-0.142145 
-0.142685 
-0.143225 
-0.143764 
-0.144302 
-0.14484 
-0.145377 
-0.145913 
-0.146449 
-0.146984 
-0.147519 
-0.148052 
-0.148585 
-0.149118 
-0.14965 
-0.150181 
-0.150711 
-0.151241 
-0.15177 
-0.152299 
-0.152827 
-0.153354 
-0.153881 
-0.154407 
-0.154932 
-0.155456 
-0.15598 
-0.156504 
-0.157026 
-0.157548 
-0.15807 
-0.15859 
-0.15911 
-0.15963 
-0.160149 
-0.160667 
-0.161184 
-0.161701 
-0.162217 
-0.162733 
-0.163248 
-0.163762 
-0.164276 
-0.164789 
-0.165301 
-0.165813 
-0.166324 
-0.166835 
-0.167345 
-0.167855 
-0.168363 
-0.168871 
-0.169379 
-0.169886 
-0.170392 
-0.170898 
-0.171403 
-0.171908 
-0.172412 
-0.172915 
-0.173418 
-0.17392 
-0.174422 
-0.174923 
-0.175423 
-0.175924 
-0.176423 
-0.176922 
-0.17742 
-0.177918 
-0.178415 
-0.178912 
-0.179408 
-0.179904 
-0.180399 
-0.180893 
-0.181387 
-0.181881 
-0.182374 
-0.182867 
-0.183358 
-0.18385 
-0.184341 
-0.184832 
-0.185322 
-0.185811 
-0.1863 
-0.186789 
-0.187277 
-0.187765 
-0.188252 
-0.18874 
-0.189226 
-0.189712 
-0.190197 
-0.190683 
-0.191167 
-0.191652 
-0.192136 
-0.192619 
-0.193102 
-0.193585 
-0.194067 
-0.19455 
-0.195031 
-0.195512 
-0.195993 
-0.196474 
-0.196954 
-0.197434 
-0.197913 
-0.198393 
-0.198871 
-0.19935 
-0.199828 
-0.200306 
-0.200784 
-0.201261 
-0.201738 
-0.202215 
-0.202692 
-0.203168 
-0.203644 
-0.20412 
-0.204595 
-0.205071 
-0.205546 
-0.206021 
-0.206495 
-0.20697 
-0.207444 
-0.207918 
-0.208391 
-0.208865 
-0.209338 
-0.209812 
-0.210285 
-0.210758 
-0.21123 
-0.211703 
-0.212175 
-0.212648 
-0.21312 
-0.213592 
-0.214064 
-0.214536 
-0.215008 
-0.21548 
-0.215951 
-0.216423 
-0.216894 
-0.217365 
-0.217836 
-0.218308 
-0.218779 
-0.21925 
-0.219721 
-0.220192 
-0.220663 
-0.221134 
-0.221605 
-0.222076 
-0.222547 
-0.223018 
-0.223489 
-0.22396 
-0.224431 
-0.224903 
-0.225374 
-0.225845 
-0.226316 
-0.226787 
-0.227259 
-0.22773 
-0.228201 
-0.228673 
-0.229145 
-0.229616 
-0.230088 
-0.23056 
-0.231032 
-0.231504 
-0.231976 
-0.232449 
-0.232921 
-0.233394 
-0.233866 
-0.234339 
-0.234812 
-0.235285 
-0.235759 
-0.236232 
-0.236706 
-0.23718 
-0.237654 
-0.238128 
-0.238602 
-0.239077 
-0.239551 
-0.240026 
-0.240501 
-0.240977 
-0.241452 
-0.241928 
-0.242404 
-0.24288 
-0.243356 
-0.243833 
-0.24431 
-0.244787 
-0.245264 
-0.245742 
-0.246219 
-0.246698 
-0.247176 
-0.247654 
-0.248133 
-0.248612 
-0.249091 
-0.249571 
-0.250051 
-0.250531 
-0.251011 
-0.251492 
-0.251973 
-0.252454 
-0.252935 
-0.253417 
-0.253899 
-0.254382 
-0.254864 
-0.255347 
-0.25583 
-0.256314 
-0.256797 
-0.257282 
-0.257766 
-0.258251 
-0.258735 
-0.259221 
-0.259706 
-0.260192 
-0.260678 
-0.261165 
-0.261651 
-0.262139 
-0.262626 
-0.263114 
-0.263601 
-0.26409 
-0.264578 
-0.265067 
-0.265556 
-0.266046 
-0.266536 
-0.267026 
-0.267516 
-0.268007 
-0.268498 
-0.268989 
-0.269481 
-0.269972 
-0.270465 
-0.270957 
-0.27145 
-0.271943 
-0.272436 
-0.27293 
-0.273424 
-0.273918 
-0.274412 
-0.274907 
-0.275402 
-0.275898 
-0.276393 
-0.276889 
-0.277385 
-0.277882 
-0.278378 
-0.278875 
-0.279372 
-0.27987 
-0.280368 
-0.280866 
-0.281364 
-0.281862 
-0.282361 
-0.28286 
-0.283359 
-0.283859 
-0.284358 
-0.284858 
-0.285358 
-0.285859 
-0.286359 
-0.28686 
-0.287361 
-0.287862 
-0.288364 
-0.288865 
-0.289367 
-0.289869 
-0.290371 
-0.290874 
-0.291376 
-0.291879 
-0.292382 
-0.292885 
-0.293388 
-0.293891 
-0.294395 
-0.294898 
-0.295402 
-0.295906 
-0.29641 
-0.296914 
-0.297419 
-0.297923 
-0.298427 
-0.298932 
-0.299437 
-0.299942 
-0.300447 
-0.300952 
-0.301457 
-0.301962 
-0.302467 
-0.302972 
-0.303478 
-0.303983 
-0.304488 
-0.304994 
-0.305499 
-0.306005 
-0.30651 
-0.307016 
-0.307522 
-0.308027 
-0.308533 
-0.309038 
-0.309544 
-0.310049 
-0.310555 
-0.31106 
-0.311566 
-0.312071 
-0.312576 
-0.313082 
-0.313587 
-0.314092 
-0.314597 
-0.315102 
-0.315607 
-0.316111 
-0.316616 
-0.317121 
-0.317625 
-0.318129 
-0.318633 
-0.319137 
-0.319641 
-0.320145 
-0.320648 
-0.321152 
-0.321655 
-0.322158 
-0.322661 
-0.323163 
-0.323666 
-0.324168 
-0.32467 
-0.325172 
-0.325673 
-0.326175 
-0.326676 
-0.327176 
-0.327677 
-0.328177 
-0.328677 
-0.329177 
-0.329676 
-0.330175 
-0.330674 
-0.331172 
-0.331671 
-0.332168 
-0.332666 
-0.333163 
-0.33366 
-0.334156 
-0.334652 
-0.335148 
-0.335643 
-0.336138 
-0.336633 
-0.337127 
-0.337621 
-0.338114 
-0.338607 
-0.339099 
-0.339591 
-0.340083 
-0.340574 
-0.341064 
-0.341554 
-0.342044 
-0.342533 
-0.343022 
-0.34351 
-0.343997 
-0.344484 
-0.344971 
-0.345456 
-0.345942 
-0.346426 
-0.346911 
-0.347394 
-0.347877 
-0.34836 
-0.348842 
-0.349323 
-0.349804 
-0.350284 
-0.350763 
-0.351242 
-0.35172 
-0.352198 
-0.352674 
-0.353151 
-0.353626 
-0.354101 
-0.354575 
-0.355048 
-0.355521 
-0.355993 
-0.356464 
-0.356935 
-0.357404 
-0.357873 
-0.358341 
-0.358809 
-0.359276 
-0.359742 
-0.360207 
-0.360671 
-0.361135 
-0.361597 
-0.362059 
-0.362521 
-0.362981 
-0.36344 
-0.363899 
-0.364357 
-0.364813 
-0.365269 
-0.365725 
-0.366179 
-0.366632 
-0.367085 
-0.367536 
-0.367987 
-0.368437 
-0.368885 
-0.369333 
-0.36978 
-0.370226 
-0.370671 
-0.371115 
-0.371558 
-0.372 
-0.372441 
-0.372881 
-0.37332 
-0.373758 
-0.374196 
-0.374631 
-0.375066 
-0.3755 
-0.375933 
-0.376365 
-0.376796 
-0.377225 
-0.377654 
-0.378081 
-0.378508 
-0.378933 
-0.379357 
-0.37978 
-0.380202 
-0.380623 
-0.381043 
-0.381461 
-0.381878 
-0.382295 
-0.38271 
-0.383123 
-0.383536 
-0.383947 
-0.384358 
-0.384766 
-0.385174 
-0.385581 
-0.385986 
-0.38639 
-0.386793 
-0.387194 
-0.387595 
-0.387994 
-0.388391 
-0.388788 
-0.389183 
-0.389577 
-0.389969 
-0.39036 
-0.39075 
-0.391139 
-0.391526 
-0.391912 
-0.392296 
-0.39268 
-0.393061 
-0.393442 
-0.393821 
-0.394198 
-0.394574 
-0.394949 
-0.395323 
-0.395695 
-0.396065 
-0.396434 
-0.396802 
-0.397168 
-0.397533 
-0.397896 
-0.398258 
-0.398618 
-0.398977 
-0.399334 
-0.39969 
-0.400045 
-0.400398 
-0.400749 
-0.401099 
-0.401447 
-0.401794 
-0.402139 
-0.402483 
-0.402825 
-0.403165 
-0.403504 
-0.403841 
-0.404177 
-0.404511 
-0.404844 
-0.405175 
-0.405504 
-0.405832 
-0.406158 
-0.406482 
-0.406805 
-0.407126 
-0.407446 
-0.407764 
-0.40808 
-0.408395 
-0.408708 
-0.409019 
-0.409329 
-0.409637 
-0.409943 
-0.410247 
-0.41055 
-0.410851 
-0.411151 
-0.411448 
-0.411744 
-0.412039 
-0.412331 
-0.412622 
-0.412911 
-0.413198 
-0.413484 
-0.413768 
-0.41405 
-0.41433 
-0.414609 
-0.414886 
-0.41516 
-0.415434 
-0.415705 
-0.415975 
-0.416243 
-0.416509 
-0.41677 
-0.417032 
-0.417291 
-0.417549 
-0.417804 
-0.418058 
-0.41831 
-0.418561 
-0.418809 
-0.419056 
-0.4193 
-0.419543 
-0.419784 
-0.420023 
-0.42026 
-0.420496 
-0.420729 
-0.420961 
-0.421191 
-0.421419 
-0.421645 
-0.42187 
-0.422092 
-0.422313 
-0.422531 
-0.422749 
-0.422963 
-0.423177 
-0.423388 
-0.423598 
-0.423805 
-0.424012 
-0.424215 
-0.424418 
-0.424617 
-0.424816 
-0.425012 
-0.425208 
-0.4254 
-0.425592 
-0.42578 
-0.425968 
-0.426153 
-0.426338 
-0.426519 
-0.4267 
-0.426877 
-0.427054 
-0.427228 
-0.427402 
-0.427572 
-0.427742 
-0.427909 
-0.428075 
-0.428238 
-0.428401 
-0.428561 
-0.42872 
-0.428876 
-0.429032 
-0.429184 
-0.429337 
-0.429486 
-0.429635 
-0.42978 
-0.429926 
-0.430068 
-0.43021 
-0.430349 
-0.430487 
-0.430623 
-0.430758 
-0.43089 
-0.431022 
-0.431151 
-0.43128 
-0.431405 
-0.431531 
-0.431653 
-0.431775 
-0.431894 
-0.432014 
-0.432129 
-0.432246 
-0.432358 
-0.432471 
-0.432581 
-0.432691 
-0.432798 
-0.432905 
-0.433009 
-0.433113 
-0.433213 
-0.433315 
-0.433413 
-0.433511 
-0.433606 
-0.433702 
-0.433794 
-0.433887 
-0.433977 
-0.434067 
-0.434154 
-0.434242 
-0.434326 
-0.434412 
-0.434493 
-0.434576 
-0.434656 
-0.434736 
-0.434813 
-0.434891 
-0.434965 
-0.435041 
-0.435113 
-0.435187 
-0.435257 
-0.435328 
-0.435396 
-0.435466 
-0.435531 
-0.435599 
-0.435663 
-0.435728 
-0.43579 
-0.435853 
-0.435913 
-0.435975 
-0.436033 
-0.436093 
-0.43615 
-0.436208 
-0.436263 
-0.436319 
-0.436373 
-0.436428 
-0.43648 
-0.436533 
-0.436584 
-0.436636 
-0.436685 
-0.436737 
-0.436784 
-0.436834 
-0.436881 
-0.43693 
-0.436976 
-0.437023 
-0.437068 
-0.437115 
-0.437159 
-0.437205 
-0.437248 
-0.437293 
-0.437335 
-0.437379 
-0.437421 
-0.437465 
-0.437506 
-0.437549 
-0.437589 
-0.437632 
-0.437672 
-0.437715 
-0.437755 
-0.437797 
-0.437836 
-0.437878 
-0.437917 
-0.437959 
-0.437999 
-0.438041 
-0.43808 
-0.438122 
-0.438161 
-0.438203 
-0.438242 
-0.438285 
-0.438324 
-0.438367 
-0.438407 
-0.43845 
-0.43849 
-0.438534 
-0.438575 
-0.438619 
-0.43866 
-0.438705 
-0.438747 
-0.438792 
-0.438835 
-0.438881 
-0.438925 
-0.438971 
-0.439016 
-0.439064 
-0.439109 
-0.439158 
-0.439205 
-0.439254 
-0.439302 
-0.439353 
-0.439402 
-0.439454 
-0.439504 
-0.439558 
-0.439609 
-0.439664 
-0.439717 
-0.439773 
-0.439827 
-0.439885 
-0.439941 
-0.44 
-0.440057 
-0.440118 
-0.440177 
-0.44024 
-0.4403 
-0.440364 
-0.440427 
-0.440493 
-0.440557 
-0.440625 
-0.440691 
-0.440761 
-0.440829 
-0.4409 
-0.44097 
-0.441044 
-0.441116 
-0.441192 
-0.441266 
-0.441344 
-0.44142 
-0.4415 
-0.441578 
-0.44166 
-0.441741 
-0.441825 
-0.441908 
-0.441994 
-0.442079 
-0.442168 
-0.442255 
-0.442346 
-0.442436 
-0.442529 
-0.442621 
-0.442717 
-0.442812 
-0.44291 
-0.443007 
-0.443107 
-0.443207 
-0.44331 
-0.443411 
-0.443517 
-0.443621 
-0.443729 
-0.443836 
-0.443946 
-0.444055 
-0.444168 
-0.44428 
-0.444395 
-0.44451 
-0.444628 
-0.444745 
-0.444865 
-0.444984 
-0.445107 
-0.445229 
-0.445355 
-0.445479 
-0.445607 
-0.445734 
-0.445865 
-0.445994 
-0.446128 
-0.44626 
-0.446395 
-0.44653 
-0.446668 
-0.446805 
-0.446946 
-0.447085 
-0.447228 
-0.44737 
-0.447516 
-0.44766 
-0.447808 
-0.447955 
-0.448106 
-0.448255 
-0.448408 
-0.44856 
-0.448715 
-0.448869 
-0.449027 
-0.449183 
-0.449343 
-0.449502 
-0.449664 
-0.449825 
-0.449989 
-0.450153 
-0.450319 
-0.450485 
-0.450654 
-0.450822 
-0.450992 
-0.451162 
-0.451335 
-0.451508 
-0.451682 
-0.451857 
-0.452034 
-0.45221 
-0.452389 
-0.452567 
-0.452748 
-0.452928 
-0.453111 
-0.453293 
-0.453478 
-0.453661 
-0.453848 
-0.454034 
-0.454222 
-0.454409 
-0.454599 
-0.454788 
-0.454979 
-0.45517 
-0.455363 
-0.455555 
-0.45575 
-0.455943 
-0.456139 
-0.456335 
-0.456532 
-0.456729 
-0.456927 
-0.457125 
-0.457325 
-0.457525 
-0.457726 
-0.457926 
-0.458128 
-0.45833 
-0.458534 
-0.458736 
-0.458941 
-0.459144 
-0.45935 
-0.459554 
-0.459761 
-0.459966 
-0.460174 
-0.46038 
-0.460588 
-0.460795 
-0.461004 
-0.461212 
-0.461421 
-0.461629 
-0.461839 
-0.462048 
-0.462259 
-0.462468 
-0.462679 
-0.462889 
-0.4631 
-0.46331 
-0.463522 
-0.463732 
-0.463944 
-0.464155 
-0.464367 
-0.464578 
-0.46479 
-0.465001 
-0.465213 
-0.465424 
-0.465636 
-0.465847 
-0.466059 
-0.46627 
-0.466481 
-0.466692 
-0.466903 
-0.467114 
-0.467325 
-0.467535 
-0.467746 
-0.467956 
-0.468166 
-0.468375 
-0.468585 
-0.468794 
-0.469003 
-0.469211 
-0.46942 
-0.469627 
-0.469835 
-0.470042 
-0.470249 
-0.470455 
-0.470661 
-0.470867 
-0.471072 
-0.471276 
-0.471481 
-0.471684 
-0.471887 
-0.472089 
-0.472292 
-0.472493 
-0.472694 
-0.472894 
-0.473094 
-0.473293 
-0.473491 
-0.473689 
-0.473886 
-0.474082 
-0.474278 
-0.474473 
-0.474667 
-0.47486 
-0.475053 
-0.475245 
-0.475437 
-0.475627 
-0.475817 
-0.476005 
-0.476193 
-0.47638 
-0.476566 
-0.476752 
-0.476936 
-0.47712 
-0.477302 
-0.477484 
-0.477665 
-0.477844 
-0.478023 
-0.478201 
-0.478378 
-0.478554 
-0.478729 
-0.478902 
-0.479075 
-0.479246 
-0.479417 
-0.479587 
-0.479755 
-0.479922 
-0.480089 
-0.480254 
-0.480418 
-0.480581 
-0.480742 
-0.480903 
-0.481062 
-0.48122 
-0.481377 
-0.481533 
-0.481688 
-0.481841 
-0.481993 
-0.482144 
-0.482293 
-0.482441 
-0.482589 
-0.482734 
-0.482879 
-0.483022 
-0.483164 
-0.483304 
-0.483443 
-0.483581 
-0.483718 
-0.483853 
-0.483987 
-0.484119 
-0.48425 
-0.48438 
-0.484508 
-0.484635 
-0.48476 
-0.484884 
-0.485007 
-0.485128 
-0.485248 
-0.485366 
-0.485483 
-0.485598 
-0.485713 
-0.485825 
-0.485936 
-0.486045 
-0.486154 
-0.48626 
-0.486365 
-0.486468 
-0.486571 
-0.486671 
-0.48677 
-0.486867 
-0.486963 
-0.487058 
-0.487151 
-0.487242 
-0.487332 
-0.48742 
-0.487506 
-0.487591 
-0.487675 
-0.487757 
-0.487837 
-0.487916 
-0.487993 
-0.488068 
-0.488142 
-0.488214 
-0.488285 
-0.488354 
-0.488422 
-0.488488 
-0.488552 
-0.488614 
-0.488676 
-0.488735 
-0.488793 
-0.488849 
-0.488903 
-0.488956 
-0.489007 
-0.489057 
-0.489105 
-0.489151 
-0.489196 
-0.489238 
-0.48928 
-0.489319 
-0.489357 
-0.489394 
-0.489428 
-0.489461 
-0.489493 
-0.489522 
-0.48955 
-0.489576 
-0.489601 
-0.489624 
-0.489645 
-0.489665 
-0.489683 
-0.489699 
-0.489714 
-0.489726 
-0.489738 
-0.489747 
-0.489755 
-0.489761 
-0.489765 
-0.489768 
-0.489769 
-0.489769 
-0.489766 
-0.489762 
-0.489757 
-0.489749 
-0.48974 
-0.489729 
-0.489717 
-0.489703 
-0.489687 
-0.48967 
-0.489651 
-0.48963 
-0.489607 
-0.489583 
-0.489557 
-0.48953 
-0.4895 
-0.489469 
-0.489437 
-0.489403 
-0.489367 
-0.489329 
-0.48929 
-0.489249 
-0.489206 
-0.489162 
-0.489116 
-0.489068 
-0.489019 
-0.488968 
-0.488915 
-0.488861 
-0.488805 
-0.488748 
-0.488688 
-0.488627 
-0.488565 
-0.488501 
-0.488435 
-0.488367 
-0.488299 
-0.488228 
-0.488155 
-0.488081 
-0.488006 
-0.487928 
-0.48785 
-0.487769 
-0.487687 
-0.487603 
-0.487518 
-0.487431 
-0.487342 
-0.487252 
-0.48716 
-0.487067 
-0.486972 
-0.486875 
-0.486777 
-0.486677 
-0.486576 
-0.486473 
-0.486369 
-0.486263 
-0.486155 
-0.486046 
-0.485935 
-0.485823 
-0.485709 
-0.485594 
-0.485477 
-0.485358 
-0.485239 
-0.485117 
-0.484994 
-0.484869 
-0.484743 
-0.484616 
-0.484487 
-0.484356 
-0.484224 
-0.48409 
-0.483955 
-0.483818 
-0.483681 
-0.483541 
-0.4834 
-0.483257 
-0.483114 
-0.482968 
-0.482821 
-0.482673 
-0.482523 
-0.482372 
-0.482219 
-0.482065 
-0.48191 
-0.481753 
-0.481595 
-0.481435 
-0.481274 
-0.481111 
-0.480947 
-0.480782 
-0.480615 
-0.480447 
-0.480278 
-0.480107 
-0.479935 
-0.479761 
-0.479587 
-0.47941 
-0.479233 
-0.479054 
-0.478874 
-0.478692 
-0.47851 
-0.478326 
-0.478141 
-0.477954 
-0.477766 
-0.477577 
-0.477386 
-0.477194 
-0.477002 
-0.476807 
-0.476612 
-0.476415 
-0.476218 
-0.476018 
-0.475818 
-0.475616 
-0.475414 
-0.475209 
-0.475005 
-0.474798 
-0.474591 
-0.474382 
-0.474172 
-0.473961 
-0.473749 
-0.473536 
-0.473322 
-0.473106 
-0.47289 
-0.472672 
-0.472453 
-0.472233 
-0.472012 
-0.47179 
-0.471567 
-0.471342 
-0.471118 
-0.470891 
-0.470664 
-0.470435 
-0.470206 
-0.469975 
-0.469744 
-0.469512 
-0.469278 
-0.469044 
-0.468809 
-0.468572 
-0.468335 
-0.468096 
-0.467858 
-0.467617 
-0.467377 
-0.467134 
-0.466892 
-0.466648 
-0.466403 
-0.466157 
-0.465911 
-0.465664 
-0.465416 
-0.465166 
-0.464917 
-0.464666 
-0.464415 
-0.464162 
-0.463909 
-0.463655 
-0.4634 
-0.463144 
-0.462889 
-0.462631 
-0.462374 
-0.462115 
-0.461856 
-0.461595 
-0.461335 
-0.461073 
-0.460811 
-0.460548 
-0.460284 
-0.46002 
-0.459755 
-0.459489 
-0.459223 
-0.458956 
-0.458688 
-0.45842 
-0.458151 
-0.457881 
-0.457612 
-0.457341 
-0.45707 
-0.456797 
-0.456525 
-0.456252 
-0.455979 
-0.455704 
-0.45543 
-0.455154 
-0.454879 
-0.454602 
-0.454326 
-0.454048 
-0.453771 
-0.453492 
-0.453214 
-0.452935 
-0.452655 
-0.452375 
-0.452095 
-0.451814 
-0.451533 
-0.45125 
-0.450969 
-0.450686 
-0.450403 
-0.450119 
-0.449836 
-0.449552 
-0.449268 
-0.448982 
-0.448698 
-0.448412 
-0.448126 
-0.44784 
-0.447554 
-0.447266 
-0.44698 
-0.446692 
-0.446405 
-0.446117 
-0.445829 
-0.44554 
-0.445252 
-0.444962 
-0.444674 
-0.444384 
-0.444095 
-0.443805 
-0.443515 
-0.443224 
-0.442934 
-0.442643 
-0.442353 
-0.442062 
-0.441771 
-0.441479 
-0.441188 
-0.440896 
-0.440605 
-0.440313 
-0.440021 
-0.439729 
-0.439437 
-0.439144 
-0.438852 
-0.43856 
-0.438267 
-0.437974 
-0.437682 
-0.437389 
-0.437097 
-0.436803 
-0.436511 
-0.436217 
-0.435925 
-0.435631 
-0.435339 
-0.435045 
-0.434753 
-0.434459 
-0.434166 
-0.433873 
-0.43358 
-0.433287 
-0.432994 
-0.432701 
-0.432408 
-0.432115 
-0.431822 
-0.431529 
-0.431236 
-0.430943 
-0.430651 
-0.430358 
-0.430066 
-0.429773 
-0.429481 
-0.429188 
-0.428896 
-0.428604 
-0.428312 
-0.42802 
-0.427728 
-0.427436 
-0.427145 
-0.426853 
-0.426562 
-0.42627 
-0.425979 
-0.425688 
-0.425397 
-0.425106 
-0.424816 
-0.424525 
-0.424235 
-0.423944 
-0.423655 
-0.423364 
-0.423075 
-0.422785 
-0.422496 
-0.422206 
-0.421918 
-0.421629 
-0.42134 
-0.421051 
-0.420763 
-0.420475 
-0.420187 
-0.419899 
-0.419612 
-0.419324 
-0.419037 
-0.418749 
-0.418463 
-0.418176 
-0.41789 
-0.417603 
-0.417317 
-0.417031 
-0.416746 
-0.41646 
-0.416175 
-0.415889 
-0.415605 
-0.41532 
-0.415036 
-0.414751 
-0.414468 
-0.414183 
-0.4139 
-0.413616 
-0.413334 
-0.41305 
-0.412768 
-0.412485 
-0.412203 
-0.411921 
-0.411639 
-0.411357 
-0.411076 
-0.410794 
-0.410514 
-0.410232 
-0.409952 
-0.409671 
-0.409392 
-0.409111 
-0.408832 
-0.408552 
-0.408273 
-0.407994 
-0.407715 
-0.407436 
-0.407158 
-0.406879 
-0.406601 
-0.406323 
-0.406046 
-0.405768 
-0.405491 
-0.405214 
-0.404937 
-0.40466 
-0.404384 
-0.404107 
-0.403831 
-0.403555 
-0.40328 
-0.403004 
-0.402729 
-0.402453 
-0.402178 
-0.401903 
-0.401629 
-0.401354 
-0.40108 
-0.400805 
-0.400532 
-0.400257 
-0.399984 
-0.39971 
-0.399437 
-0.399163 
-0.398891 
-0.398617 
-0.398345 
-0.398072 
-0.3978 
-0.397527 
-0.397255 
-0.396983 
-0.396711 
-0.396439 
-0.396167 
-0.395895 
-0.395624 
-0.395352 
-0.395081 
-0.394809 
-0.394538 
-0.394267 
-0.393996 
-0.393725 
-0.393455 
-0.393184 
-0.392913 
-0.392642 
-0.392372 
-0.392101 
-0.391831 
-0.39156 
-0.39129 
-0.39102 
-0.39075 
-0.390479 
-0.390209 
-0.389939 
-0.389669 
-0.389398 
-0.389128 
-0.388858 
-0.388588 
-0.388318 
-0.388048 
-0.387777 
-0.387508 
-0.387237 
-0.386967 
-0.386697 
-0.386426 
-0.386156 
-0.385886 
-0.385615 
-0.385345 
-0.385074 
-0.384804 
-0.384533 
-0.384262 
-0.383991 
-0.38372 
-0.383449 
-0.383178 
-0.382906 
-0.382635 
-0.382363 
-0.382092 
-0.38182 
-0.381548 
-0.381276 
-0.381004 
-0.380731 
-0.380459 
-0.380186 
-0.379913 
-0.37964 
-0.379367 
-0.379093 
-0.37882 
-0.378546 
-0.378272 
-0.377998 
-0.377723 
-0.377448 
-0.377174 
-0.376898 
-0.376623 
-0.376347 
-0.376071 
-0.375795 
-0.375519 
-0.375242 
-0.374965 
-0.374687 
-0.37441 
-0.374132 
-0.373853 
-0.373575 
-0.373296 
-0.373016 
-0.372737 
-0.372457 
-0.372177 
-0.371896 
-0.371615 
-0.371333 
-0.371052 
-0.37077 
-0.370487 
-0.370204 
-0.369921 
-0.369637 
-0.369353 
-0.369068 
-0.368783 
-0.368497 
-0.368212 
-0.367925 
-0.367638 
-0.367351 
-0.367063 
-0.366774 
-0.366486 
-0.366196 
-0.365907 
-0.365616 
-0.365326 
-0.365034 
-0.364742 
-0.36445 
-0.364157 
-0.363863 
-0.363569 
-0.363274 
-0.362979 
-0.362683 
-0.362387 
-0.36209 
-0.361792 
-0.361494 
-0.361195 
-0.360895 
-0.360596 
-0.360295 
-0.359993 
-0.359691 
-0.359389 
-0.359085 
-0.358781 
-0.358476 
-0.358171 
-0.357865 
-0.357558 
-0.357251 
-0.356943 
-0.356634 
-0.356324 
-0.356014 
-0.355703 
-0.355391 
-0.355078 
-0.354765 
-0.354451 
-0.354136 
-0.35382 
-0.353504 
-0.353187 
-0.352868 
-0.35255 
-0.35223 
-0.35191 
-0.351588 
-0.351267 
-0.350943 
-0.35062 
-0.350295 
-0.34997 
-0.349644 
-0.349317 
-0.348988 
-0.34866 
-0.34833 
-0.348 
-0.347668 
-0.347336 
-0.347002 
-0.346668 
-0.346333 
-0.345997 
-0.34566 
-0.345322 
-0.344983 
-0.344644 
-0.344303 
-0.343962 
-0.343619 
-0.343276 
-0.342931 
-0.342586 
-0.342239 
-0.341892 
-0.341544 
-0.341195 
-0.340844 
-0.340493 
-0.340141 
-0.339788 
-0.339433 
-0.339078 
-0.338722 
-0.338365 
-0.338007 
-0.337648 
-0.337287 
-0.336926 
-0.336563 
-0.3362 
-0.335836 
-0.33547 
-0.335104 
-0.334736 
-0.334368 
-0.333998 
-0.333627 
-0.333256 
-0.332883 
-0.332509 
-0.332134 
-0.331759 
-0.331381 
-0.331003 
-0.330624 
-0.330244 
-0.329862 
-0.32948 
-0.329097 
-0.328712 
-0.328326 
-0.32794 
-0.327552 
-0.327163 
-0.326773 
-0.326382 
-0.32599 
-0.325597 
-0.325202 
-0.324807 
-0.32441 
-0.324013 
-0.323614 
-0.323214 
-0.322813 
-0.322411 
-0.322008 
-0.321604 
-0.321198 
-0.320792 
-0.320385 
-0.319976 
-0.319566 
-0.319156 
-0.318743 
-0.318331 
-0.317916 
-0.317501 
-0.317085 
-0.316668 
-0.316249 
-0.31583 
-0.315409 
-0.314987 
-0.314564 
-0.31414 
-0.313715 
-0.313289 
-0.312861 
-0.312433 
-0.312004 
-0.311574 
-0.311142 
-0.310709 
-0.310275 
-0.309841 
-0.309405 
-0.308968 
-0.30853 
-0.308091 
-0.30765 
-0.307209 
-0.306767 
-0.306324 
-0.305879 
-0.305434 
-0.304987 
-0.30454 
-0.304091 
-0.303642 
-0.303191 
-0.302739 
-0.302286 
-0.301833 
-0.301378 
-0.300922 
-0.300465 
-0.300008 
-0.299548 
-0.299089 
-0.298628 
-0.298166 
-0.297703 
-0.297239 
-0.296774 
-0.296309 
-0.295842 
-0.295374 
-0.294905 
-0.294436 
-0.293965 
-0.293493 
-0.293021 
-0.292547 
-0.292073 
-0.291597 
-0.291121 
-0.290644 
-0.290165 
-0.289687 
-0.289206 
-0.288726 
-0.288243 
-0.287761 
-0.287277 
-0.286793 
-0.286307 
-0.285821 
-0.285334 
-0.284846 
-0.284357 
-0.283867 
-0.283376 
-0.282885 
-0.282393 
-0.2819 
-0.281406 
-0.280911 
-0.280415 
-0.279919 
-0.279422 
-0.278924 
-0.278425 
-0.277926 
-0.277425 
-0.276925 
-0.276423 
-0.27592 
-0.275417 
-0.274913 
-0.274408 
-0.273902 
-0.273396 
-0.272889 
-0.272381 
-0.271873 
-0.271364 
-0.270854 
-0.270343 
-0.269833 
-0.26932 
-0.268808 
-0.268295 
-0.267781 
-0.267267 
-0.266752 
-0.266236 
-0.26572 
-0.265203 
-0.264685 
-0.264167 
-0.263649 
-0.263129 
-0.26261 
-0.262089 
-0.261568 
-0.261046 
-0.260524 
-0.260001 
-0.259479 
-0.258955 
-0.258431 
-0.257906 
-0.257381 
-0.256855 
-0.256329 
-0.255802 
-0.255275 
-0.254747 
-0.25422 
-0.253691 
-0.253162 
-0.252632 
-0.252103 
-0.251572 
-0.251042 
-0.250511 
-0.24998 
-0.249447 
-0.248916 
-0.248383 
-0.24785 
-0.247316 
-0.246783 
-0.246249 
-0.245715 
-0.24518 
-0.244645 
-0.24411 
-0.243575 
-0.243038 
-0.242503 
-0.241966 
-0.24143 
-0.240892 
-0.240355 
-0.239818 
-0.23928 
-0.238742 
-0.238204 
-0.237666 
-0.237127 
-0.236588 
-0.23605 
-0.23551 
-0.234971 
-0.234431 
-0.233892 
-0.233352 
-0.232812 
-0.232272 
