0.125 
0.123236 
0.138502 
0.258094 
0.43225 
0.546426 
0.542432 
0.465968 
0.395154 
0.359575 
0.320495 
0.229266 
0.083779 
-0.0704601 
-0.193061 
-0.282636 
-0.358676 
-0.430646 
-0.486897 
-0.507664 
-0.484143 
-0.423986 
-0.341709 
-0.246907 
-0.140546 
-0.0218727 
0.103859 
0.224729 
0.328964 
0.40966 
0.464574 
0.49239 
0.491157 
0.459247 
0.397729 
0.311182 
0.206194 
0.0892567 
-0.0338242 
-0.156334 
-0.270332 
-0.367046 
-0.439353 
-0.482863 
-0.496171 
-0.479561 
-0.434172 
-0.362063 
-0.267101 
-0.15534 
-0.034243 
0.088585 
0.205921 
0.310832 
0.396719 
0.457988 
0.490729 
0.492949 
0.464315 
0.406321 
0.322576 
0.218965 
0.102671 
-0.0191355 
-0.13996 
-0.253246 
-0.351912 
-0.428795 
-0.478158 
-0.496745 
-0.48403 
-0.441675 
-0.372823 
-0.281611 
-0.173032 
-0.0530366 
0.0714859 
0.192485 
0.301724 
0.391261 
0.455234 
0.489938 
0.494236 
0.468645 
0.414887 
0.335777 
0.235721 
0.120866 
-0.00143931 
-0.123638 
-0.238296 
-0.33848 
-0.417793 
-0.471236 
-0.495333 
-0.488453 
-0.45055 
-0.383763 
-0.292548 
-0.183662 
-0.0645097 
