0 
-6.59838e-14 
-2.82952e-13 
-5.59632e-13 
-7.71333e-13 
-1.3689e-12 
-3.23021e-13 
-2.66158e-07 
1.85529e+07 
0 
-9.26713e-15 
-1.85415e-14 
-4.55251e-14 
-7.04751e-14 
-1.01876e-13 
-1.14525e-13 
-1.20433e-13 
-1.26087e-13 
-1.34309e-13 
-1.42877e-13 
-1.55831e-13 
-1.69456e-13 
-1.84385e-13 
-2.00784e-13 
-2.14792e-13 
-2.28796e-13 
-2.431e-13 
-2.60304e-13 
-2.75776e-13 
-2.88624e-13 
-3.00118e-13 
-3.09417e-13 
-3.19818e-13 
-3.27969e-13 
-3.3529e-13 
-3.42446e-13 
-3.4972e-13 
-3.58092e-13 
-3.64319e-13 
-3.67544e-13 
-3.72739e-13 
-3.81548e-13 
-3.90519e-13 
-4.00023e-13 
-4.08129e-13 
-4.18842e-13 
-4.30215e-13 
-4.41029e-13 
-4.51872e-13 
-4.61922e-13 
-4.73043e-13 
-4.84046e-13 
-4.98115e-13 
-5.10601e-13 
-5.21346e-13 
-5.30148e-13 
-5.35167e-13 
-5.39766e-13 
-5.45871e-13 
-5.52388e-13 
-5.59072e-13 
-5.65122e-13 
-5.69384e-13 
-5.73427e-13 
-5.81635e-13 
-5.91504e-13 
-6.02422e-13 
-6.07481e-13 
-6.11173e-13 
-6.14076e-13 
-6.17252e-13 
-6.21403e-13 
-6.25145e-13 
-6.28861e-13 
-6.32064e-13 
-6.35742e-13 
-6.38814e-13 
-6.446e-13 
-6.46134e-13 
-6.45899e-13 
-6.44142e-13 
-6.39506e-13 
-6.34696e-13 
-6.28913e-13 
-6.23223e-13 
-6.17774e-13 
-6.11998e-13 
-6.05961e-13 
-6.02886e-13 
-5.97714e-13 
-5.88091e-13 
-5.84218e-13 
-5.8061e-13 
-5.76985e-13 
-5.76197e-13 
-5.77763e-13 
-5.80473e-13 
-5.83437e-13 
-5.8641e-13 
-5.88413e-13 
-5.90217e-13 
-5.94285e-13 
-6.02371e-13 
-6.07582e-13 
-6.16854e-13 
-6.26148e-13 
-6.33294e-13 
-6.4031e-13 
-6.44191e-13 
-6.48574e-13 
