0 
0.0288302 
0.0575644 
0.0861071 
0.114363 
0.142239 
0.169641 
0.196479 
0.222663 
0.248106 
0.272724 
0.296434 
0.319158 
0.340819 
0.361347 
0.380672 
0.398731 
0.415463 
0.430812 
0.444728 
0.457164 
0.468079 
0.477436 
0.485205 
0.491359 
0.495878 
0.498747 
0.499957 
0.499503 
0.497387 
0.493616 
0.488202 
0.481164 
0.472525 
0.462313 
0.450563 
0.437314 
0.42261 
0.4065 
0.389037 
0.370279 
0.350289 
0.329134 
0.306884 
0.283612 
0.259397 
0.234318 
0.20846 
0.181908 
0.154751 
0.127079 
0.0989842 
0.07056 
0.041901 
0.0131025 
-0.0157395 
-0.0445292 
-0.0731707 
-0.101569 
-0.129629 
-0.157258 
-0.184363 
-0.210855 
-0.236645 
-0.261648 
-0.285781 
-0.308962 
-0.331115 
-0.352167 
-0.372047 
-0.390688 
-0.40803 
-0.424014 
-0.438587 
-0.451701 
-0.463312 
-0.473381 
-0.481875 
-0.488765 
-0.494029 
-0.497649 
-0.499614 
-0.499916 
-0.498554 
-0.495533 
-0.490864 
-0.484561 
-0.476646 
-0.467145 
-0.456089 
-0.443516 
-0.429467 
-0.413989 
-0.397134 
-0.378957 
-0.359519 
-0.338884 
-0.317122 
-0.294305 
-0.270509 
-0.245812 
