0 
0.0227194 
0.045392 
0.0679707 
0.090409 
0.112661 
0.134679 
0.15642 
0.177838 
0.198888 
0.219527 
0.239713 
0.259403 
0.278558 
0.297137 
0.315103 
0.332417 
0.349045 
0.364952 
0.380105 
0.394473 
0.408026 
0.420735 
0.432576 
0.443523 
0.453554 
0.462649 
0.470787 
0.477953 
0.484131 
0.48931 
0.493477 
0.496625 
0.498747 
0.499839 
0.499899 
0.498926 
0.496922 
0.493891 
0.489841 
0.484778 
0.478714 
0.471661 
0.463634 
0.454649 
0.444724 
0.433882 
0.422142 
0.409531 
0.396074 
0.381798 
0.366734 
0.350913 
0.334366 
0.317129 
0.299236 
0.280725 
0.261635 
0.242004 
0.221873 
0.201284 
0.180279 
0.158901 
0.137195 
0.115206 
0.0929792 
0.07056 
0.047995 
0.0253309 
0.0026145 
-0.0201073 
-0.0427876 
-0.0653796 
-0.0878364 
-0.110112 
-0.13216 
-0.153935 
-0.175392 
-0.196486 
-0.217175 
-0.237415 
-0.257165 
-0.276383 
-0.295031 
-0.313069 
-0.33046 
-0.347169 
-0.36316 
-0.378401 
-0.392861 
-0.406509 
-0.419317 
-0.431259 
-0.44231 
-0.452448 
-0.461651 
-0.4699 
-0.477178 
-0.483471 
-0.488765 
-0.493049 
