0 
0.0178533 
0.0356839 
0.053469 
0.0711859 
0.088812 
0.106325 
0.123702 
0.140921 
0.157961 
0.174799 
0.191415 
0.207786 
0.223892 
0.239713 
0.255228 
0.270417 
0.285262 
0.299742 
0.313841 
0.327539 
0.340819 
0.353665 
0.36606 
0.377988 
0.389433 
0.400383 
0.410821 
0.420735 
0.430113 
0.438943 
0.447212 
0.454911 
0.46203 
0.46856 
0.474492 
0.479819 
0.484534 
0.488631 
0.492105 
0.494952 
0.497167 
0.498747 
0.499692 
0.5 
0.49967 
0.498702 
0.497099 
0.494862 
0.491993 
0.488497 
0.484378 
0.479641 
0.474293 
0.468339 
0.461788 
0.454649 
0.446929 
0.43864 
0.429791 
0.420394 
0.41046 
0.400004 
0.389037 
0.377574 
0.365629 
0.353218 
0.340357 
0.327061 
0.313348 
0.299236 
0.284742 
0.269885 
0.254684 
0.239158 
0.223327 
0.207211 
0.19083 
0.174207 
0.157361 
0.140315 
0.123089 
0.105707 
0.0881897 
0.07056 
0.0528403 
0.0350533 
0.0172215 
-0.000632244 
-0.0184852 
-0.0363145 
-0.0540976 
-0.0718116 
-0.0894341 
-0.106942 
-0.124314 
-0.141528 
-0.158561 
-0.175392 
-0.191999 
-0.208361 
