0.0288462 
0.132934 
0.120255 
0.160313 
0.201551 
0.308851 
0.280686 
0.180361 
0.205043 
0.272636 
0.305237 
0.309294 
0.340516 
0.409262 
0.476316 
0.458311 
0.426572 
0.424231 
0.458714 
0.482957 
0.485664 
0.480713 
0.49118 
0.510283 
0.524235 
0.528168 
0.53149 
0.535023 
0.532978 
0.516795 
0.496371 
0.481188 
0.474932 
0.470252 
0.464301 
0.460278 
0.460803 
0.468888 
0.467316 
0.471436 
0.446513 
0.420346 
0.372099 
0.329057 
0.289858 
0.260648 
0.237814 
0.218477 
0.199575 
0.181371 
0.16256 
0.143111 
0.117218 
0.0880902 
0.0521128 
0.017089 
-0.0185067 
-0.0514716 
-0.0830376 
-0.112486 
-0.13863 
-0.159367 
-0.176243 
-0.19162 
-0.211101 
-0.236291 
-0.268244 
-0.304473 
-0.341695 
-0.375147 
-0.400806 
-0.416438 
-0.420828 
-0.414159 
-0.398958 
-0.372969 
-0.361841 
-0.353456 
-0.377921 
-0.40611 
-0.447948 
-0.477498 
-0.495379 
-0.495932 
-0.486609 
-0.470255 
-0.450457 
-0.425314 
-0.401555 
-0.37923 
-0.367193 
-0.358966 
-0.357203 
-0.353214 
-0.349882 
-0.339883 
-0.326344 
-0.30244 
-0.274839 
-0.239118 
-0.208772 
