0 
0.00244888 
-3.29597e-16 
0.00245562 
2.87097e-16 
0.00246174 
-2.0383e-16 
0.00246721 
-4.22405e-16 
0.00247201 
2.86229e-17 
0.00247614 
-1.82146e-16 
0.00247961 
4.3715e-16 
0.00248241 
-5.7853e-16 
0.00248455 
-2.09034e-16 
0.00248602 
-4.95264e-16 
0.00248682 
2.86229e-17 
0.00248696 
-1.40513e-16 
0.00248644 
-1.83881e-16 
0.00248526 
3.79904e-16 
0.00248342 
-4.51895e-16 
0.00248093 
-4.94396e-17 
0.00247779 
7.80626e-18 
0.00247399 
1.34441e-16 
0.00246956 
-2.30718e-16 
0.00246449 
2.81025e-16 
0.00245879 
-6.41848e-17 
0.00245246 
-1.22298e-16 
0.00244551 
3.46945e-18 
0.00243795 
6.07153e-17 
0.00242978 
7.89299e-17 
0.00242102 
-2.90566e-16 
0.00241166 
-5.0307e-17 
0.00240172 
4.56232e-16 
0.00239121 
2.88831e-16 
0.00238013 
5.37764e-16 
0.0023685 
1.31839e-16 
0.00235632 
3.73833e-16 
0.0023436 
-3.29597e-17 
0.00233036 
1.27502e-16 
0.00231661 
2.64545e-16 
0.00230235 
-6.32307e-16 
0.0022876 
2.31586e-16 
0.00227237 
5.0307e-17 
0.00225667 
1.56992e-16 
0.00224052 
2.22912e-16 
0.00222391 
-2.25514e-16 
0.00220688 
-1.00614e-16 
0.00218942 
-1.11022e-16 
0.00217156 
-3.5822e-16 
0.00215331 
7.11237e-17 
0.00213467 
-3.11383e-16 
0.00211566 
-7.11237e-17 
0.0020963 
3.07046e-16 
0.0020766 
-2.3679e-16 
0.00205657 
2.60209e-17 
0.00203622 
-7.28584e-17 
0.00201558 
-2.68882e-17 
0.00199465 
-2.25514e-16 
0.00197344 
2.60209e-18 
0.00195198 
-6.15827e-17 
0.00193027 
-4.94396e-17 
0.00190832 
2.47198e-17 
0.00188616 
-1.43115e-16 
0.0018638 
-5.37764e-17 
0.00184125 
1.249e-16 
0.00181851 
7.93636e-17 
0.00179562 
-3.85542e-16 
0.00177258 
-4.81386e-17 
0.0017494 
-1.60896e-16 
0.00172609 
4.27176e-16 
0.00170268 
-2.02963e-16 
0.00167917 
2.61943e-16 
0.00165558 
-6.28837e-17 
0.00163192 
1.56125e-17 
0.0016082 
-1.45283e-16 
0.00158443 
-6.45317e-16 
0.00156064 
1.12757e-17 
0.00153682 
-2.94036e-16 
0.001513 
7.3162e-16 
0.00148917 
-3.08781e-16 
0.00146537 
-1.30104e-17 
0.00144159 
-3.70797e-16 
0.00141785 
2.76688e-16 
0.00139416 
1.43115e-16 
0.00137053 
-2.31586e-16 
0.00134698 
-2.1684e-17 
3.83808e-17 
-1.26852e-16 
2.51318e-16 
5.33427e-16 
-3.81639e-17 
4.6122e-16 
3.116e-16 
-8.09249e-16 
2.15756e-16 
-2.16624e-16 
2.04047e-16 
-3.23092e-17 
4.10913e-16 
7.45281e-16 
1.32273e-16 
-5.18682e-16 
-2.73219e-17 
-3.98336e-16 
-3.79471e-16 
1.81712e-16 
1.48536e-16 
-2.73219e-17 
5.65954e-17 
1.02132e-16 
3.59955e-17 
2.67581e-16 
-2.51969e-16 
1.2425e-16 
-1.69352e-16 
3.29381e-16 
-5.34295e-16 
-1.39971e-16 
3.17888e-16 
2.24972e-16 
-1.95265e-16 
-1.43548e-16 
2.87205e-16 
-2.3679e-16 
8.79288e-17 
2.06107e-16 
3.12575e-16 
7.37257e-18 
-4.33681e-19 
-8.80372e-17 
1.89519e-16 
-2.39934e-16 
-5.54244e-16 
-2.80049e-16 
-7.49509e-16 
2.38416e-16 
1.96783e-16 
2.21286e-16 
-8.13152e-17 
-9.61687e-17 
5.04913e-16 
4.26091e-17 
-2.32019e-17 
-1.48536e-16 
4.05058e-16 
1.77159e-16 
-2.12504e-17 
1.53306e-16 
-5.06648e-16 
-2.24213e-16 
-4.58075e-16 
-1.98409e-17 
3.57787e-16 
-2.0112e-16 
3.0954e-16 
1.67834e-16 
-4.96022e-16 
-5.85469e-18 
-4.41812e-16 
-3.46945e-17 
-2.92735e-17 
-2.71809e-16 
-3.33934e-16 
2.38741e-16 
2.7864e-16 
-3.54534e-17 
2.04697e-16 
-3.61039e-16 
-1.2902e-17 
4.34223e-16 
1.54716e-16 
7.78023e-16 
-3.9465e-16 
2.54354e-16 
4.33681e-19 
9.58435e-17 
-1.59432e-16 
1.22027e-16 
-2.76688e-16 
-5.25838e-16 
-5.33427e-17 
-2.78803e-16 
9.91503e-17 
-1.1357e-16 
2.75279e-16 
1.15468e-17 
3.92481e-16 
6.26669e-17 
3.37187e-16 
-3.26074e-16 
-5.34783e-16 
-1.05927e-16 
-4.76615e-16 
-2.73707e-16 
3.85434e-16 
-2.91108e-16 
-4.55907e-17 
1.66533e-16 
-1.4512e-16 
5.75169e-17 
-1.68106e-16 
-4.90601e-17 
3.25803e-17 
-1.24141e-17 
5.3668e-17 
-3.71339e-17 
-3.56703e-17 
1.64582e-16 
-5.49691e-17 
-9.38919e-17 
1.91904e-17 
-1.88651e-16 
-1.0224e-16 
7.97431e-17 
-5.5728e-17 
3.35018e-16 
-1.16498e-16 
-3.322e-16 
-3.01408e-17 
1.40025e-16 
-1.13516e-16 
-4.93312e-17 
4.27176e-17 
-7.13622e-16 
-3.78874e-16 
1.41705e-16 
2.11311e-16 
1.62305e-16 
1.61709e-16 
-2.09359e-16 
9.47051e-17 
2.4606e-16 
1.8014e-16 
-2.63244e-16 
8.29686e-17 
-2.67093e-16 
4.18177e-16 
-8.53809e-17 
2.40937e-16 
8.86335e-18 
-4.48047e-16 
-1.52574e-16 
-5.01444e-18 
-3.03604e-16 
-1.01048e-16 
1.30375e-17 
-1.42952e-16 
2.99077e-16 
-3.3163e-16 
2.30718e-16 
-2.21801e-16 
2.7864e-17 
-1.83935e-16 
-2.16027e-16 
1.19831e-16 
-1.86591e-16 
6.35342e-17 
-1.04273e-16 
-2.25514e-16 
-2.66768e-16 
1.1086e-17 
4.80681e-16 
1.08556e-16 
-1.54878e-16 
9.0558e-17 
-1.13516e-16 
1.1769e-16 
-1.35796e-17 
-1.50975e-17 
2.59531e-16 
-6.87113e-17 
-5.2882e-17 
1.16823e-17 
1.93882e-16 
2.68963e-16 
9.52472e-17 
-2.17139e-16 
-2.20906e-17 
3.43096e-16 
1.70111e-16 
1.50406e-16 
-2.21719e-17 
2.05456e-17 
1.58185e-16 
1.2921e-16 
1.51571e-16 
-1.16335e-16 
7.0961e-17 
2.73029e-16 
6.48353e-17 
-2.11555e-16 
6.54316e-17 
1.65341e-17 
-1.95726e-16 
1.43548e-16 
1.73418e-16 
7.03105e-17 
-3.17563e-16 
-3.24014e-16 
-1.26906e-16 
1.40187e-16 
1.33519e-16 
1.18286e-16 
6.657e-17 
1.15576e-16 
6.76e-17 
1.01698e-16 
1.81387e-16 
-2.64545e-17 
2.42644e-16 
5.25838e-17 
-3.67111e-16 
2.42428e-16 
-1.49024e-16 
-4.4886e-17 
2.1207e-16 
-2.90133e-16 
-6.93889e-17 
-1.75641e-16 
4.56991e-17 
-7.88215e-17 
7.378e-17 
-1.30321e-16 
1.10372e-16 
-1.08745e-16 
1.61058e-16 
7.02563e-17 
-1.44199e-16 
-1.37043e-16 
-1.01915e-16 
-2.30935e-16 
2.11474e-16 
1.40133e-16 
7.91468e-17 
-3.08781e-16 
-7.86047e-18 
8.5923e-17 
-1.92717e-16 
1.00885e-16 
-1.13082e-16 
-6.84674e-17 
-1.18503e-16 
7.04189e-17 
3.49872e-16 
4.79759e-17 
-1.66317e-16 
-2.88289e-16 
1.77863e-16 
-2.93277e-17 
6.83047e-17 
3.11817e-16 
1.01373e-17 
1.74557e-17 
-3.7405e-17 
4.86807e-17 
-1.50487e-16 
-1.06957e-16 
-1.18829e-16 
1.69569e-16 
-2.25839e-16 
-5.59448e-17 
-1.8117e-16 
-2.10932e-16 
3.05962e-16 
-8.89046e-17 
6.23958e-17 
-2.46981e-16 
-1.24033e-16 
9.69819e-17 
5.89264e-17 
3.8435e-17 
1.73201e-16 
8.00141e-17 
-7.28584e-17 
-8.06646e-17 
4.75965e-17 
2.71051e-17 
-1.78893e-17 
1.85182e-16 
1.10263e-16 
1.12974e-16 
3.33934e-17 
-1.52114e-16 
1.11131e-16 
-1.02891e-16 
1.09179e-16 
-6.35342e-17 
2.20201e-16 
1.76725e-16 
-3.67545e-17 
-2.22045e-16 
5.87638e-17 
1.00831e-16 
-1.14492e-16 
-1.23382e-16 
-8.45678e-18 
-4.04407e-17 
-2.4362e-16 
-1.79761e-16 
-7.10152e-17 
-1.39645e-16 
3.88795e-16 
8.82541e-17 
-2.59992e-16 
4.70544e-17 
3.62124e-17 
8.06646e-17 
1.56125e-17 
-3.25586e-16 
-1.31188e-17 
1.30863e-16 
1.7293e-16 
4.17418e-17 
-1.8258e-16 
-6.17995e-17 
-5.13912e-17 
-2.30935e-17 
2.09251e-17 
-2.45463e-16 
1.43115e-17 
5.58364e-17 
-4.67291e-17 
-4.16334e-17 
1.5439e-16 
3.92481e-17 
2.29851e-17 
2.70508e-16 
-1.32598e-16 
-7.48099e-17 
1.89735e-17 
-1.43332e-16 
1.82471e-16 
1.22406e-16 
-6.49437e-17 
2.79507e-16 
5.87638e-17 
-1.50704e-17 
-8.99888e-17 
9.7795e-17 
9.12898e-17 
-6.93889e-17 
-5.06322e-17 
-5.14996e-17 
-1.40296e-16 
-1.56234e-16 
1.02891e-16 
1.40946e-17 
1.06577e-16 
4.16334e-17 
4.99817e-17 
3.76218e-17 
5.61617e-17 
-1.12757e-17 
-1.99493e-17 
-5.76796e-17 
-1.34766e-16 
5.08491e-17 
3.65376e-17 
1.94614e-16 
5.52943e-17 
9.54098e-17 
-3.67545e-17 
-1.6263e-17 
-2.60209e-17 
1.12432e-16 
-1.47343e-16 
6.81963e-17 
-2.10877e-16 
-1.01915e-17 
4.58618e-17 
-8.40257e-17 
2.07625e-16 
1.82038e-16 
4.02239e-17 
-8.78204e-17 
-2.19443e-16 
-9.67108e-17 
-7.8171e-17 
-3.17671e-17 
7.6111e-17 
2.77447e-16 
-4.11997e-17 
1.73472e-18 
4.54281e-17 
1.12757e-16 
-9.37835e-17 
1.53089e-16 
-9.94213e-17 
1.76508e-16 
2.41777e-17 
-6.96058e-17 
1.03975e-16 
7.71952e-17 
-3.65376e-17 
8.47846e-17 
1.42898e-16 
4.60786e-17 
-4.70544e-17 
-4.49944e-17 
-2.60209e-17 
-1.08745e-16 
-5.38848e-17 
-6.00648e-17 
3.02492e-17 
-4.59702e-17 
-5.49691e-17 
-1.30104e-17 
5.20417e-18 
2.18141e-16 
-1.36826e-16 
-5.85469e-17 
-1.91036e-16 
3.83808e-17 
-7.1991e-17 
7.1991e-17 
-1.043e-16 
2.23562e-16 
1.34441e-17 
1.73472e-17 
1.59161e-16 
6.50521e-19 
-2.31152e-16 
2.1684e-19 
-8.45678e-18 
-7.48099e-17 
-7.41594e-17 
6.50521e-18 
1.4138e-16 
1.9082e-17 
2.71051e-17 
-3.6646e-17 
6.59195e-17 
-2.98372e-16 
-1.27719e-16 
-2.33103e-16 
-6.02816e-17 
5.05238e-17 
-4.85723e-17 
-3.33934e-17 
6.63532e-17 
3.92481e-17 
-4.70544e-17 
7.69784e-17 
-1.05818e-16 
9.95298e-17 
-1.4138e-16 
-2.19009e-17 
9.93129e-17 
8.37004e-17 
1.36393e-16 
1.23165e-16 
2.29417e-16 
1.3726e-16 
-1.49837e-16 
-8.21825e-17 
-2.21828e-16 
9.84456e-17 
-1.85615e-16 
-2.49366e-17 
-3.23092e-17 
2.46548e-16 
-8.10983e-17 
-1.52656e-16 
-6.83047e-17 
5.94143e-17 
-7.43763e-17 
5.89806e-17 
1.29887e-16 
2.64545e-17 
-1.17744e-16 
1.67184e-16 
-2.68882e-17 
-3.46728e-16 
1.31622e-16 
-9.75782e-18 
8.32667e-17 
-2.01878e-16 
3.9942e-16 
5.42101e-18 
-2.51318e-16 
-4.55365e-18 
7.45931e-17 
-6.72205e-17 
1.46584e-16 
-9.86624e-17 
-2.42861e-17 
-1.75858e-16 
1.29454e-16 
-9.34582e-17 
8.89046e-18 
-4.31512e-17 
1.73472e-18 
-1.07119e-16 
1.17744e-16 
7.78457e-17 
-6.74374e-17 
-5.7029e-17 
-2.10769e-16 
7.80626e-18 
2.42861e-17 
6.46184e-17 
3.15503e-16 
-8.0231e-18 
-3.05745e-17 
-1.17744e-16 
-1.77159e-16 
-2.81893e-18 
-1.23816e-16 
-1.68051e-16 
2.34188e-17 
2.14022e-16 
-2.66063e-16 
1.37477e-16 
1.34875e-16 
1.24033e-16 
-9.56266e-17 
5.31259e-17 
2.23562e-16 
7.04731e-17 
-3.1637e-16 
-1.65449e-16 
-1.78893e-16 
-1.44416e-16 
2.28767e-16 
-5.33427e-17 
-1.83447e-16 
-1.29454e-16 
9.37835e-17 
-5.00685e-16 
1.38236e-16 
-2.63461e-17 
4.26091e-17 
1.09938e-16 
-5.11527e-16 
-1.2902e-16 
-1.03433e-16 
5.9848e-17 
9.1073e-17 
-1.41922e-16 
-1.53957e-17 
-8.04478e-17 
-3.06287e-16 
1.25442e-16 
3.28513e-16 
-7.73036e-17 
-1.23057e-16 
-4.03648e-16 
-1.35634e-16 
2.59016e-16 
2.05348e-16 
-3.72207e-16 
2.36248e-16 
1.10589e-16 
1.60137e-16 
-2.78423e-16 
6.07153e-17 
2.4774e-16 
-1.36609e-16 
-3.20707e-16 
4.32271e-16 
-6.58111e-17 
8.89046e-17 
-1.52547e-16 
1.33357e-17 
-2.70942e-16 
1.23707e-16 
-1.20889e-16 
3.85759e-16 
-8.21825e-17 
-1.2902e-16 
-1.62088e-16 
-1.96566e-16 
1.43982e-16 
2.53595e-16 
2.59124e-17 
-7.56773e-17 
-1.64365e-16 
5.2844e-16 
5.75711e-17 
-1.30755e-16 
-6.17995e-18 
1.87784e-16 
1.61438e-16 
9.16151e-17 
5.74085e-16 
-5.89806e-17 
9.55182e-17 
-1.33248e-16 
-6.04985e-17 
1.40404e-16 
1.65883e-17 
-4.67291e-17 
-5.87421e-16 
-1.91362e-16 
-1.14383e-16 
1.41597e-16 
3.84892e-17 
-1.71196e-16 
1.81062e-16 
8.81456e-16 
-2.82977e-16 
3.72207e-16 
-3.82507e-16 
2.87205e-16 
5.08274e-16 
-2.67473e-16 
2.38199e-16 
-4.75856e-16 
1.50596e-16 
-3.08239e-16 
-1.61329e-16 
-7.77373e-17 
5.65954e-17 
1.76725e-16 
2.29851e-16 
4.18502e-17 
-3.17671e-16 
-5.29091e-17 
3.42066e-16 
2.2096e-16 
2.57064e-16 
2.38524e-18 
1.41488e-16 
-2.79182e-16 
-2.01662e-16 
-1.72713e-16 
5.93709e-16 
5.97395e-17 
4.24357e-16 
-4.21321e-16 
-1.64799e-16 
8.13152e-18 
-1.05818e-16 
-3.83808e-17 
1.17094e-16 
-3.2873e-16 
-1.18286e-16 
-6.36644e-16 
2.1001e-16 
2.00144e-16 
-7.52436e-17 
3.83699e-16 
-5.69206e-16 
-1.0571e-16 
4.56449e-16 
7.84962e-17 
3.45644e-16 
9.34582e-17 
6.15285e-16 
5.6758e-16 
-2.49366e-16 
-2.03613e-16 
-9.11814e-17 
9.50845e-17 
1.97542e-16 
-2.99999e-16 
2.36031e-16 
-4.37692e-16 
2.2443e-16 
2.46114e-16 
1.9971e-16 
-9.47593e-17 
-2.0112e-16 
-4.37909e-16 
-3.98986e-16 
-7.76289e-17 
4.49402e-16 
-2.08058e-16 
-8.14019e-16 
-2.53378e-16 
-7.40944e-16 
-7.7206e-16 
-2.70292e-16 
-4.36391e-16 
1.06252e-16 
-5.75169e-16 
-1.99493e-16 
3.38163e-16 
-3.25911e-16 
-7.069e-17 
1.56667e-16 
7.86589e-16 
6.0531e-16 
5.69965e-16 
-7.74012e-16 
8.51424e-16 
5.43836e-16 
1.72442e-16 
3.95734e-18 
-2.87693e-16 
-7.99979e-16 
6.06828e-16 
-9.60061e-17 
-1.95807e-16 
-1.86483e-16 
8.90672e-17 
-4.59702e-17 
-6.61201e-16 
3.40982e-17 
4.27447e-16 
-1.02999e-18 
5.09033e-17 
-7.92552e-17 
-2.10335e-17 
-4.56449e-17 
-4.00721e-16 
-4.32542e-16 
-1.62576e-16 
-2.1001e-16 
3.82181e-17 
-6.04009e-16 
1.41326e-16 
-5.29091e-17 
-2.42428e-16 
9.86136e-16 
3.11708e-17 
-3.45264e-16 
1.69786e-16 
-3.03902e-16 
5.25296e-17 
-2.97342e-16 
-3.98011e-16 
9.54803e-16 
7.77752e-16 
-7.27988e-16 
1.6198e-16 
-5.24537e-16 
2.22045e-16 
7.94449e-16 
-1.07851e-15 
4.13623e-17 
5.40095e-16 
5.569e-16 
3.07371e-16 
-1.06821e-15 
-1.33519e-16 
3.21249e-16 
-5.33753e-16 
3.98444e-16 
-3.81314e-16 
2.15539e-16 
4.05112e-16 
2.93114e-16 
1.21864e-16 
-1.46096e-16 
5.56087e-16 
1.02273e-15 
2.46114e-16 
-4.31079e-16 
-5.05238e-16 
9.5464e-17 
3.64942e-16 
-4.46854e-16 
-6.56484e-16 
1.67509e-16 
-5.3771e-16 
2.38145e-16 
-4.81223e-16 
-2.75929e-16 
5.80048e-18 
-1.37477e-16 
1.1769e-16 
2.48608e-16 
1.35363e-16 
2.57932e-16 
-6.47214e-16 
-8.39715e-17 
-3.47975e-16 
-3.75134e-16 
4.80464e-16 
3.85109e-16 
-1.0327e-16 
-3.39355e-17 
8.00466e-16 
-5.11743e-17 
-1.9906e-16 
9.70361e-17 
-4.86265e-17 
-4.17309e-16 
-2.08221e-16 
2.45572e-17 
5.80048e-18 
-4.48589e-17 
1.09233e-17 
1.40648e-16 
3.63723e-16 
-1.28153e-16 
3.65837e-16 
-9.0558e-17 
-1.07309e-16 
3.08998e-17 
-1.2593e-16 
-3.12955e-16 
2.92192e-17 
5.55654e-18 
4.53955e-16 
-4.40023e-16 
-3.0401e-16 
-3.00053e-17 
4.59946e-16 
-1.45663e-16 
4.98462e-17 
-4.00423e-16 
-1.74855e-16 
2.1207e-16 
-6.59195e-17 
3.74158e-16 
3.30411e-17 
2.32345e-16 
-4.70544e-17 
-1.56288e-16 
4.20779e-16 
-1.03026e-16 
9.34853e-17 
3.16858e-17 
1.96539e-16 
1.54499e-18 
-1.83691e-16 
2.45328e-16 
-1.11077e-16 
1.6282e-16 
-1.3249e-16 
-9.48677e-18 
2.14943e-16 
1.8052e-16 
2.35814e-18 
3.95734e-18 
1.85128e-17 
-1.84369e-16 
-5.05699e-16 
1.49078e-18 
2.34459e-17 
3.23933e-16 
1.10534e-16 
-2.68557e-16 
-3.63208e-18 
-3.37187e-17 
2.98074e-16 
2.60181e-16 
-3.21656e-16 
1.1479e-16 
-8.24807e-17 
3.57326e-16 
2.25351e-16 
-6.64345e-17 
2.01391e-17 
-1.33953e-16 
-6.91613e-16 
7.19639e-17 
1.60299e-16 
-1.6198e-16 
-5.38306e-16 
-1.30619e-16 
-5.5213e-17 
-3.17129e-17 
1.73906e-16 
1.53686e-16 
2.39283e-16 
-3.33392e-17 
-2.39961e-16 
3.00785e-16 
-2.9165e-17 
-1.48427e-16 
6.22332e-17 
-1.36718e-16 
-3.77004e-16 
-2.4072e-16 
1.23491e-16 
4.50486e-17 
-6.44287e-17 
-9.1588e-17 
-8.51099e-18 
-8.7983e-17 
5.98751e-17 
-4.69676e-16 
1.27177e-16 
7.22079e-17 
7.50268e-17 
9.85269e-17 
-2.0486e-16 
2.20906e-16 
1.56911e-16 
-2.78884e-16 
1.20238e-16 
-1.39916e-16 
-3.1984e-18 
-2.37142e-16 
-1.35769e-16 
1.16172e-16 
2.70942e-16 
-3.1141e-16 
1.5542e-16 
-3.22306e-16 
6.16911e-17 
-3.17807e-16 
-1.0926e-16 
-7.83336e-17 
-3.98742e-16 
-1.52168e-16 
1.77918e-16 
-9.24282e-18 
4.21755e-17 
4.01073e-16 
3.45589e-17 
1.83447e-16 
4.08202e-17 
2.33429e-16 
5.62701e-17 
7.01479e-17 
-2.62973e-16 
-1.74638e-16 
-1.74936e-16 
-6.00377e-17 
-8.17217e-17 
1.01129e-16 
2.3332e-16 
-2.09197e-16 
-1.60733e-17 
1.64528e-16 
2.40937e-16 
-2.29959e-16 
-1.97867e-17 
4.00125e-16 
5.31232e-16 
4.71086e-17 
-2.57064e-16 
-2.55086e-16 
6.38595e-17 
1.13353e-16 
-7.11237e-17 
3.24176e-17 
-3.54344e-16 
-1.33194e-16 
1.75776e-16 
1.78053e-16 
-6.47811e-17 
8.60857e-17 
1.68973e-16 
-1.87892e-16 
-2.13046e-16 
1.79978e-17 
2.11663e-16 
8.25078e-17 
1.59296e-16 
-6.23416e-17 
-5.7788e-17 
-2.38253e-17 
-1.85588e-16 
-3.72966e-17 
4.67969e-16 
8.3863e-17 
7.16658e-17 
-1.97894e-16 
-2.6834e-18 
3.16045e-17 
-2.59124e-17 
-1.21268e-16 
-5.19062e-17 
-1.00506e-16 
-2.75523e-16 
-2.03125e-16 
1.54499e-17 
-5.79343e-16 
-1.07336e-17 
-6.44016e-17 
9.4434e-17 
-9.29703e-17 
3.19189e-16 
-4.10642e-16 
2.66714e-17 
-5.10117e-17 
-2.38145e-16 
-2.47957e-16 
9.65482e-17 
2.31043e-16 
5.92516e-17 
-2.704e-16 
2.70508e-16 
-2.39934e-16 
2.59612e-16 
-1.76725e-16 
-5.28711e-16 
-2.13317e-16 
-5.50233e-17 
-7.53521e-18 
1.56559e-16 
7.94178e-17 
3.2358e-16 
-3.08727e-16 
-1.34658e-16 
5.84927e-17 
6.16748e-16 
2.87314e-18 
-1.01102e-16 
2.22695e-16 
3.73508e-17 
-6.58653e-17 
-3.45427e-16 
2.33212e-16 
-1.65341e-16 
1.72605e-16 
7.07442e-17 
-1.29562e-16 
1.02132e-16 
-1.38236e-17 
3.95734e-17 
-1.0121e-16 
1.1872e-17 
-6.08237e-17 
-1.65341e-17 
-1.33194e-16 
2.08221e-16 
2.60967e-16 
-2.64112e-16 
6.98226e-17 
-2.69424e-17 
1.04897e-16 
-7.46256e-16 
1.70762e-17 
1.06523e-16 
-2.4877e-16 
-3.55185e-16 
-1.23924e-16 
3.06612e-16 
5.85794e-16 
4.80302e-17 
-4.35741e-16 
3.6478e-16 
6.77626e-18 
1.23328e-16 
-3.7367e-16 
-2.77014e-16 
-1.87079e-16 
3.58329e-16 
-1.21485e-16 
-3.63316e-16 
1.14817e-16 
2.12937e-16 
5.29687e-16 
3.33988e-16 
1.33357e-16 
2.11203e-16 
-3.322e-16 
-5.63785e-18 
8.89588e-17 
-2.0692e-16 
3.37241e-16 
1.27665e-16 
-5.305e-16 
-2.04589e-16 
3.08456e-17 
-1.35525e-18 
-1.35092e-16 
-3.97902e-17 
-3.33392e-17 
-2.35543e-16 
-7.02021e-17 
-1.20997e-16 
-4.25224e-16 
4.49348e-16 
6.44612e-16 
-2.2405e-16 
-5.39391e-17 
1.38561e-16 
3.32958e-16 
4.14057e-16 
6.84132e-17 
3.57407e-16 
2.05998e-18 
2.05456e-17 
4.84476e-16 
3.78712e-16 
9.50303e-17 
1.93205e-16 
3.83211e-16 
-1.46801e-16 
4.29886e-17 
3.00378e-16 
-3.96818e-16 
3.06341e-16 
1.44741e-17 
4.09557e-16 
-1.60299e-16 
2.38579e-16 
2.89103e-16 
3.7405e-16 
2.42807e-16 
4.28585e-16 
2.81622e-16 
-4.52004e-16 
-2.80104e-16 
3.44722e-16 
-3.61473e-16 
2.45518e-16 
-5.65303e-16 
-5.4015e-16 
3.94107e-17 
4.02402e-16 
-4.61057e-16 
1.33357e-16 
-4.01101e-16 
-1.39916e-16 
1.31731e-17 
-1.81062e-17 
-1.67184e-16 
1.01373e-17 
1.07824e-16 
-2.14726e-16 
-4.64581e-17 
5.21339e-16 
3.33392e-17 
-4.96022e-16 
-4.35361e-16 
-2.26327e-16 
2.54029e-16 
3.9839e-16 
-4.893e-16 
2.6563e-18 
-5.85903e-16 
3.59955e-17 
-2.02149e-16 
6.88468e-16 
5.35704e-16 
-4.14165e-17 
3.98824e-16 
-7.26036e-16 
8.86335e-17 
2.4915e-16 
-2.92572e-16 
5.14129e-16 
1.02457e-16 
-3.03035e-17 
-1.57209e-17 
-1.44849e-16 
1.71304e-16 
1.35037e-16 
-5.00847e-16 
1.12811e-16 
-4.53305e-16 
-1.71738e-16 
5.69206e-17 
1.55366e-16 
-2.83248e-16 
9.43256e-18 
-4.23273e-16 
-4.83554e-17 
2.60751e-16 
-3.61961e-16 
3.1843e-16 
1.04029e-16 
2.14455e-16 
2.2443e-17 
-1.09694e-16 
-4.42083e-17 
1.94397e-16 
-5.66496e-18 
1.57779e-16 
1.45093e-16 
3.27619e-16 
7.73036e-17 
-2.81893e-16 
1.4428e-16 
-9.45153e-17 
4.37367e-16 
3.66948e-16 
1.46909e-16 
-3.20843e-16 
2.82597e-16 
-4.23245e-16 
4.67101e-16 
2.43539e-16 
-2.73761e-17 
3.1534e-16 
-9.28077e-17 
3.29679e-16 
4.53088e-16 
-4.71384e-16 
3.11139e-16 
-3.57868e-16 
3.61473e-16 
4.25007e-17 
3.02221e-17 
-2.34377e-16 
-2.79318e-16 
5.26868e-16 
2.46168e-16 
1.36447e-16 
-3.06477e-16 
-4.91415e-16 
1.71033e-16 
3.46728e-16 
1.02809e-16 
9.18861e-17 
2.89997e-16 
-5.87095e-17 
1.40133e-17 
-1.00289e-16 
5.11743e-17 
-3.42337e-17 
5.11662e-16 
-6.13902e-16 
1.35444e-16 
2.46277e-16 
8.5923e-18 
-4.29371e-16 
1.65314e-16 
1.21404e-16 
5.51967e-16 
4.21511e-16 
4.25278e-17 
-7.77102e-17 
7.31565e-17 
8.04478e-17 
1.6469e-16 
-4.31241e-17 
-1.95048e-16 
-1.10914e-16 
-3.67761e-16 
4.32814e-16 
-2.00333e-16 
4.78404e-17 
-2.77773e-16 
-5.35054e-17 
4.52871e-16 
1.97894e-16 
2.5804e-16 
-4.45255e-16 
1.21431e-16 
-2.38985e-16 
2.22614e-16 
-1.10453e-16 
1.1357e-17 
1.39157e-16 
1.96268e-16 
3.83889e-16 
2.07327e-16 
-2.45111e-16 
-2.06297e-16 
-4.87349e-17 
6.30193e-17 
6.23687e-16 
-2.91949e-16 
2.54408e-16 
-1.44389e-16 
-2.87991e-16 
1.69352e-16 
-2.91434e-16 
-3.98471e-16 
3.25965e-16 
2.34892e-16 
-8.80643e-17 
-1.87784e-16 
-2.68882e-17 
-4.16876e-17 
4.71628e-17 
1.29183e-16 
2.12558e-16 
-1.47533e-16 
1.53523e-16 
-3.57001e-16 
-3.55564e-16 
3.38271e-16 
1.46205e-16 
1.31812e-16 
-1.86266e-16 
1.36962e-16 
1.67862e-16 
-2.80944e-16 
1.49999e-16 
9.89334e-17 
-1.39998e-16 
-3.05474e-16 
-8.50015e-17 
5.69206e-18 
1.61709e-16 
-1.99764e-16 
-6.37511e-17 
1.92365e-16 
3.95192e-17 
-5.60261e-17 
4.96294e-17 
-1.03297e-16 
1.06225e-16 
3.75947e-17 
-2.68476e-16 
1.15359e-16 
5.59448e-17 
2.46114e-17 
6.00512e-17 
1.05262e-16 
2.17274e-16 
-1.51382e-16 
1.1338e-16 
-8.45136e-17 
-2.72257e-16 
-1.51124e-16 
1.99385e-16 
1.40404e-17 
1.77416e-16 
-2.14821e-16 
-1.67225e-16 
-2.80592e-16 
3.03631e-16 
-1.1254e-16 
-6.50521e-17 
-2.91921e-17 
9.77544e-17 
-3.07033e-16 
8.22503e-17 
-8.64245e-17 
1.73147e-16 
-1.18246e-16 
1.6202e-16 
2.23481e-17 
8.84302e-17 
-3.81964e-16 
-1.67713e-16 
1.75085e-16 
-1.28681e-16 
3.01096e-16 
-6.07153e-17 
-6.74916e-18 
-8.21283e-17 
2.18738e-17 
-1.11131e-18 
-2.56956e-17 
3.5616e-17 
-2.93954e-17 
-9.7917e-17 
3.01137e-17 
3.03983e-17 
-6.49166e-18 
-3.33528e-17 
4.24465e-17 
9.5857e-17 
6.9782e-17 
2.12056e-16 
-5.25567e-17 
3.85298e-17 
2.61699e-17 
-9.00972e-17 
6.38189e-17 
2.05904e-16 
-6.23552e-17 
-3.90042e-17 
-1.35783e-16 
2.37034e-17 
-3.25396e-17 
-4.70544e-17 
1.22921e-17 
2.76336e-17 
8.03665e-18 
-3.27022e-17 
-1.29982e-16 
1.88109e-17 
-7.2113e-17 
-1.06428e-16 
-1.40472e-16 
-7.92145e-17 
-1.59039e-16 
5.0063e-17 
9.67786e-17 
-9.15744e-17 
-6.26127e-18 
4.13488e-17 
3.42337e-17 
-9.96111e-18 
1.13435e-16 
-1.32273e-17 
-1.3047e-16 
-5.5484e-17 
2.89211e-17 
3.27836e-17 
1.3581e-16 
7.38206e-17 
6.83589e-17 
-1.41217e-17 
-4.05221e-17 
7.45389e-17 
-2.43403e-17 
1.38642e-17 
4.14707e-18 
3.56296e-17 
-8.55164e-17 
7.09068e-17 
-6.02952e-17 
2.21719e-17 
-7.49455e-18 
4.35849e-17 
6.50928e-17 
6.99717e-17 
-4.87891e-17 
-1.47018e-16 
-5.29497e-17 
-1.16823e-17 
-5.11337e-17 
5.69342e-17 
2.47605e-17 
-6.45778e-17 
4.38424e-17 
7.42814e-17 
-6.04443e-18 
-3.59006e-17 
-6.77626e-20 
-9.19132e-17 
1.35905e-16 
2.44352e-17 
1.36609e-17 
-4.70273e-18 
-3.0046e-17 
4.07524e-17 
-5.71375e-17 
-4.2948e-17 
-3.22957e-17 
1.72131e-16 
2.97478e-17 
-2.5018e-17 
-2.88669e-18 
7.95398e-17 
2.13859e-17 
6.2965e-17 
-3.54263e-17 
-7.06087e-17 
6.32496e-17 
3.67273e-18 
-8.51234e-17 
-1.00478e-16 
-8.92434e-17 
1.33492e-17 
-4.12946e-17 
5.05509e-18 
3.895e-17 
-1.83705e-16 
-7.63143e-17 
-4.15656e-17 
6.39408e-17 
2.41235e-17 
-1.95698e-17 
6.56484e-17 
2.62241e-17 
1.10006e-16 
4.09693e-17 
5.85876e-17 
1.44456e-16 
-1.48671e-17 
-1.18286e-16 
3.74185e-17 
1.73581e-16 
-1.896e-16 
9.0829e-17 
5.55112e-17 
-1.34007e-16 
-1.33221e-17 
1.03596e-16 
-1.66696e-17 
1.18449e-16 
-3.46267e-17 
-9.87979e-18 
2.34025e-16 
1.26052e-16 
-4.5401e-17 
-2.08126e-16 
-8.74816e-17 
6.1935e-17 
7.54876e-18 
1.13597e-16 
6.31412e-17 
6.8508e-17 
1.12554e-16 
5.28955e-17 
2.5785e-16 
1.61004e-16 
-1.31053e-16 
1.97487e-16 
-7.15573e-17 
2.38552e-16 
-2.86975e-16 
2.46792e-17 
6.99717e-17 
-6.87655e-17 
-1.15739e-17 
-5.86147e-17 
4.22974e-17 
-5.20959e-17 
-1.29372e-16 
-1.96512e-17 
5.12963e-17 
9.53285e-17 
-6.72205e-18 
-2.14808e-17 
1.3028e-16 
1.33086e-17 
1.42654e-16 
4.63632e-17 
4.72577e-17 
1.99764e-17 
-2.62241e-17 
1.3993e-16 
-9.71987e-17 
7.32514e-17 
-5.71375e-17 
2.63339e-16 
1.50975e-16 
2.05145e-16 
2.22397e-17 
2.24511e-16 
-7.35089e-17 
1.29156e-16 
-6.34258e-17 
1.00966e-16 
9.47322e-18 
-6.37511e-17 
-6.34258e-18 
1.5702e-16 
3.75378e-16 
-2.85389e-16 
-5.64869e-17 
-4.81657e-17 
1.57331e-16 
8.6831e-17 
-1.16091e-16 
-2.53839e-17 
6.88875e-17 
-2.90566e-17 
2.17383e-17 
-4.06034e-17 
-2.19199e-16 
2.18724e-16 
7.21265e-17 
2.43824e-16 
1.67116e-16 
-1.28261e-16 
-3.34612e-17 
2.17789e-17 
-2.4774e-17 
6.22739e-17 
6.90501e-17 
7.24112e-17 
-2.91379e-18 
4.07416e-16 
1.21647e-16 
4.79759e-17 
-1.47316e-17 
-2.28496e-17 
1.93002e-16 
-3.23323e-16 
9.48677e-20 
-1.77186e-16 
-5.56602e-17 
3.80826e-18 
6.71121e-17 
2.11555e-17 
-3.6955e-16 
1.6839e-16 
2.58935e-16 
-3.97496e-16 
2.75984e-16 
-1.01536e-16 
-2.5018e-17 
2.53893e-16 
-2.22831e-16 
1.91362e-17 
-9.2557e-17 
5.12421e-17 
1.85873e-16 
6.49234e-17 
-1.47418e-16 
-7.02746e-16 
9.83168e-17 
-3.86505e-16 
-1.32239e-16 
2.15621e-16 
2.35875e-16 
2.11264e-16 
1.64236e-16 
-1.63017e-16 
-2.98847e-16 
1.72293e-16 
-2.10518e-16 
3.65918e-19 
6.5418e-17 
1.55339e-16 
5.40021e-16 
5.95498e-17 
-2.38199e-16 
-6.73764e-17 
1.07512e-16 
3.24163e-16 
-1.24155e-16 
-2.27757e-16 
1.13956e-16 
1.6774e-16 
3.63946e-16 
2.25013e-16 
-1.0512e-16 
-1.46435e-16 
-9.90283e-17 
-4.66796e-16 
1.73879e-17 
1.91294e-16 
-4.92431e-16 
-1.06069e-16 
-6.77599e-16 
-5.43321e-16 
2.43756e-16 
2.03058e-16 
4.48467e-16 
-3.51254e-16 
-1.27258e-16 
-2.58115e-16 
2.02515e-16 
6.26804e-17 
4.02314e-16 
-1.61851e-16 
-1.60435e-16 
2.74466e-16 
-1.25727e-16 
-1.13401e-16 
1.49146e-16 
-1.23972e-16 
-2.35346e-16 
1.44246e-16 
1.15461e-16 
1.96979e-16 
3.42167e-16 
4.63449e-16 
-1.35986e-16 
1.87885e-16 
5.5152e-16 
-5.68732e-17 
-5.58954e-16 
5.96433e-16 
3.15245e-16 
-2.18548e-16 
3.26765e-16 
2.81574e-16 
-1.57955e-16 
-9.80932e-17 
1.44355e-16 
2.15912e-16 
8.13423e-17 
2.20642e-16 
2.13791e-17 
-9.27399e-17 
-7.35563e-17 
-1.11741e-16 
-5.50707e-17 
3.41469e-16 
-1.69352e-16 
-9.34786e-17 
-1.60259e-17 
-3.88971e-16 
6.18673e-17 
5.08857e-16 
2.8337e-16 
-1.53347e-16 
2.8047e-16 
-1.06523e-17 
-1.23064e-16 
4.35097e-16 
-7.38952e-17 
-3.19623e-16 
4.24126e-17 
-3.53091e-16 
-7.65447e-17 
4.33301e-16 
3.21852e-16 
-1.67502e-16 
2.96157e-16 
-2.88059e-16 
8.27111e-17 
-3.28215e-16 
-1.19161e-16 
-9.03073e-17 
2.63088e-16 
-2.66023e-16 
6.09532e-16 
-6.14675e-16 
-2.02488e-16 
-1.888e-16 
-2.34106e-16 
-2.31572e-16 
-7.04867e-17 
1.64975e-16 
4.93583e-17 
-4.54199e-16 
1.3375e-16 
-1.84152e-16 
-5.22585e-17 
-3.35466e-16 
2.84698e-16 
1.84382e-16 
-2.92287e-16 
3.0153e-16 
-8.49879e-17 
-3.94067e-16 
-2.05456e-16 
3.70296e-16 
-1.22962e-16 
-2.36085e-17 
-3.69239e-16 
5.93059e-16 
1.41177e-16 
-1.19682e-16 
-6.15529e-16 
2.2569e-16 
1.6572e-16 
-1.06211e-16 
4.66207e-17 
-3.33121e-17 
5.14183e-17 
-7.49455e-17 
3.83753e-16 
2.2649e-16 
-6.68641e-16 
9.50303e-17 
-1.70409e-16 
-1.97447e-16 
-8.95266e-16 
1.56261e-16 
1.80872e-16 
2.24403e-16 
4.26064e-16 
1.44118e-16 
-1.43941e-16 
-6.13658e-17 
5.9726e-17 
-3.67816e-17 
-5.68813e-16 
-7.6233e-17 
2.73043e-16 
1.20008e-16 
-4.55758e-16 
-4.5672e-18 
2.12029e-16 
8.24129e-17 
-5.36219e-16 
3.14419e-17 
5.58771e-17 
7.87293e-16 
-3.53152e-16 
-1.60625e-16 
2.22356e-16 
4.18651e-16 
1.28573e-16 
-1.82837e-16 
-3.88958e-17 
-3.34341e-17 
-2.94578e-16 
3.65823e-16 
3.28161e-16 
-4.02835e-16 
-2.25514e-16 
1.64419e-16 
-4.25278e-17 
4.09286e-17 
2.22045e-16 
-7.24247e-17 
-1.4016e-16 
-2.04182e-16 
-2.92409e-16 
-3.1057e-16 
2.53676e-16 
-1.92609e-16 
-5.37222e-17 
7.43329e-16 
-1.01915e-17 
1.98382e-16 
-6.08536e-16 
1.47018e-16 
-3.76354e-16 
-6.43149e-16 
2.76607e-16 
4.17255e-16 
-1.22162e-16 
-3.72694e-17 
4.59458e-16 
1.02105e-16 
1.64934e-16 
1.81956e-16 
6.29108e-17 
-2.94632e-17 
-4.40864e-16 
1.88705e-16 
-2.6197e-16 
-2.98643e-16 
-3.36374e-16 
3.27429e-16 
-1.72497e-16 
-8.09357e-17 
1.98978e-16 
1.06414e-16 
-6.15827e-17 
2.67608e-16 
-2.47794e-16 
-1.30917e-17 
-1.3623e-16 
1.42952e-16 
3.94731e-16 
3.64509e-16 
5.75711e-17 
1.10887e-16 
-3.04607e-16 
-1.0758e-16 
1.70708e-16 
1.00289e-18 
1.81468e-16 
2.55926e-16 
1.77619e-16 
-3.71068e-16 
-7.2506e-17 
-4.11346e-16 
2.83898e-16 
2.45057e-16 
-1.10833e-16 
-1.32869e-16 
-3.78116e-16 
-1.40973e-16 
1.43575e-16 
-3.75784e-16 
-2.86256e-16 
1.64392e-16 
7.27771e-17 
3.32308e-17 
2.14591e-16 
2.52728e-16 
-1.56803e-16 
3.17102e-16 
9.0829e-17 
1.30836e-16 
5.17707e-18 
-1.16281e-17 
3.65918e-18 
-2.46222e-16 
3.40412e-16 
2.56983e-16 
7.27229e-17 
2.24538e-16 
2.49041e-16 
-3.08889e-16 
-3.74321e-17 
-1.86429e-16 
1.37775e-16 
-2.47984e-16 
2.83736e-16 
-4.42382e-16 
-1.05628e-16 
-1.85643e-16 
1.70301e-16 
-3.88686e-16 
2.44244e-16 
2.03667e-16 
1.29996e-16 
-2.30691e-16 
7.91739e-17 
-3.0523e-16 
-5.61915e-16 
4.60786e-17 
-1.53577e-16 
-7.34276e-17 
4.78675e-16 
2.42997e-16 
-4.03865e-17 
2.07625e-17 
4.18231e-17 
4.00071e-17 
-2.88588e-16 
-3.69984e-17 
7.96346e-17 
-9.18319e-17 
-2.36708e-16 
-1.43711e-16 
-7.3677e-16 
-1.26852e-17 
2.26436e-16 
-1.18937e-16 
-1.6732e-16 
-8.14507e-17 
4.91415e-17 
1.26581e-16 
1.97867e-17 
8.73867e-17 
-8.09086e-17 
-1.5889e-16 
2.2115e-16 
-1.632e-16 
-1.36122e-16 
-8.32938e-17 
-4.74881e-17 
2.01851e-16 
-2.4587e-16 
-1.12865e-16 
6.83318e-17 
6.98226e-17 
-7.15573e-17 
1.20834e-16 
-1.08393e-16 
-1.43819e-16 
2.16434e-16 
2.18738e-17 
3.97902e-17 
-6.54587e-17 
-1.63796e-16 
-1.79761e-16 
-5.9089e-18 
-2.20093e-17 
3.64563e-17 
-6.95516e-17 
-6.6055e-17 
2.2836e-16 
-2.84061e-17 
3.23824e-16 
-1.57562e-16 
-1.08745e-16 
-1.01888e-16 
-1.76888e-16 
8.96093e-17 
-3.13877e-16 
1.84233e-16 
-3.93836e-17 
7.41323e-17 
-1.77132e-16 
1.25903e-16 
-2.03559e-17 
-2.68448e-16 
1.17744e-16 
2.14889e-16 
2.62648e-17 
-2.76743e-17 
-1.11781e-16 
-1.95834e-16 
-1.91199e-16 
1.02891e-16 
-8.18573e-17 
2.27682e-17 
1.68051e-17 
-1.13679e-16 
-1.01373e-16 
-1.48021e-16 
1.33926e-16 
-2.83519e-17 
-7.33192e-17 
1.28613e-16 
-1.45175e-16 
1.63498e-16 
-7.02563e-17 
1.94885e-16 
-1.25036e-16 
-6.02003e-17 
2.53378e-16 
1.24954e-17 
-2.95608e-16 
-4.64039e-17 
-2.90973e-16 
5.42372e-17 
-9.38648e-17 
9.81203e-17 
8.36326e-17 
-8.45e-17 
8.47304e-17 
2.21719e-17 
8.55571e-17 
-1.35471e-16 
4.33274e-17 
-3.74592e-17 
5.6514e-17 
-1.13624e-16 
-1.95156e-18 
4.25549e-18 
1.67238e-17 
4.08473e-17 
-9.58164e-18 
2.0261e-16 
2.90024e-18 
9.18997e-17 
1.02376e-16 
1.08786e-16 
-2.14699e-16 
5.23399e-17 
2.82977e-17 
2.27276e-17 
-3.50306e-16 
-1.70897e-17 
-1.07878e-17 
-8.62483e-17 
4.658e-17 
-8.53403e-17 
5.5091e-17 
-8.80237e-17 
-1.23491e-16 
6.7329e-17 
-9.12898e-17 
-1.45432e-16 
-9.24147e-17 
8.244e-17 
-2.21313e-17 
5.51588e-17 
1.55312e-16 
5.75034e-17 
-2.02e-16 
-1.661e-16 
-1.16565e-16 
1.45419e-17 
-1.30308e-16 
1.19303e-16 
1.50026e-17 
4.97649e-17 
-5.70561e-18 
6.58653e-18 
7.48099e-18 
-4.47504e-17 
-5.45354e-17 
-5.54705e-17 
-1.11402e-17 
1.70626e-17 
3.15096e-17 
6.88604e-17 
1.24412e-17 
-6.69495e-17 
4.72983e-18 
1.57548e-16 
4.61328e-17 
5.73678e-17 
-7.93772e-17 
1.39862e-16 
1.40851e-16 
2.91379e-17 
5.63514e-17 
3.26074e-17 
-1.15196e-17 
3.11708e-18 
-2.00848e-17 
-1.67238e-17 
-1.62766e-17 
8.2833e-17 
6.89824e-18 
-9.52743e-18 
4.47098e-17 
1.31283e-16 
3.68222e-17 
2.30393e-19 
2.37169e-18 
2.38118e-17 
4.14301e-17 
1.51382e-17 
-9.3648e-18 
-2.63461e-17 
-1.05168e-17 
-9.01108e-17 
1.28207e-17 
4.8247e-18 
9.75782e-18 
-2.31748e-18 
5.67851e-17 
-1.12893e-17 
-5.72594e-17 
9.75782e-19 
-1.69407e-17 
3.98038e-17 
-1.18314e-17 
-1.58294e-17 
-1.11131e-18 
4.77591e-17 
-6.77626e-19 
1.96241e-17 
-4.01697e-17 
-1.47994e-17 
1.76183e-17 
2.4259e-17 
-5.3668e-18 
-1.52601e-17 
-3.49384e-17 
-5.92516e-17 
5.13912e-17 
3.79471e-18 
-7.58942e-19 
7.37257e-18 
5.61075e-18 
1.55041e-17 
-1.17094e-17 
-4.78675e-17 
2.58311e-17 
3.24448e-17 
5.17707e-18 
7.57586e-17 
-7.5596e-17 
1.43115e-17 
2.66443e-17 
1.27123e-17 
3.60768e-17 
4.9277e-17 
-5.19604e-17 
-1.65585e-16 
1.42627e-16 
-3.35832e-17 
7.56773e-17 
8.86335e-18 
-2.66172e-17 
2.57227e-17 
-1.1704e-16 
1.62901e-17 
-8.62212e-17 
6.64887e-17 
6.54316e-17 
1.24304e-16 
1.04219e-16 
-1.1235e-16 
8.93383e-17 
-9.57351e-17 
1.71033e-17 
-5.29904e-17 
-1.35254e-16 
2.11989e-16 
-4.67833e-17 
-2.40151e-17 
1.60679e-16 
-9.0829e-17 
7.86047e-19 
2.72677e-17 
4.99275e-17 
2.68882e-17 
3.7405e-18 
3.77844e-17 
-2.16136e-16 
1.70816e-16 
1.44687e-16 
1.47994e-17 
1.61546e-17 
9.12898e-17 
3.13877e-17 
-1.85886e-16 
-2.42319e-17 
5.7788e-17 
1.02457e-17 
6.71663e-17 
6.451e-18 
1.72876e-16 
3.39355e-17 
-4.80302e-17 
-8.18573e-17 
-1.24683e-18 
-2.42807e-16 
2.18629e-16 
-3.51824e-16 
2.34567e-16 
1.33953e-16 
-6.14201e-17 
-2.00577e-16 
2.2096e-16 
-1.53306e-16 
-3.96276e-17 
-5.29091e-17 
-6.87384e-17 
6.29379e-17 
1.88055e-16 
-1.7602e-16 
-1.82688e-17 
-1.84423e-16 
2.17979e-16 
0 
1.28044e-16 
7.48099e-17 
1.30104e-18 
8.2833e-17 
1.81116e-16 
-2.01011e-16 
-1.33303e-16 
-2.72894e-16 
-2.45084e-16 
-1.32544e-16 
3.39897e-17 
-1.85941e-16 
-1.01644e-16 
-1.03812e-16 
-2.64871e-16 
-1.24954e-16 
4.83446e-16 
7.69784e-18 
-7.82794e-17 
-8.80372e-17 
-3.15503e-17 
-7.17742e-17 
-3.26236e-16 
-7.31836e-17 
-3.17671e-17 
-3.43692e-16 
-1.56559e-16 
-1.27936e-17 
9.92045e-17 
-2.71267e-16 
-6.07045e-16 
-1.90603e-16 
6.93889e-17 
-6.68953e-17 
1.07553e-16 
5.49691e-17 
-3.62449e-16 
3.70147e-16 
-3.44126e-16 
3.53233e-16 
1.43332e-16 
-3.13334e-17 
-2.28333e-16 
6.98335e-16 
4.32597e-17 
-2.53053e-16 
-1.17961e-16 
-3.43367e-16 
-1.71846e-16 
2.91108e-16 
-1.62956e-16 
2.30718e-16 
-5.62267e-16 
-3.74267e-16 
-3.89445e-16 
-3.71773e-16 
4.10696e-16 
-1.59811e-16 
-2.2855e-16 
-2.41452e-16 
1.16985e-16 
-2.55872e-16 
-3.33826e-16 
6.79361e-16 
-5.84927e-16 
-4.98733e-17 
-4.71736e-16 
3.57895e-16 
-3.17671e-16 
2.23562e-16 
-3.47704e-16 
-2.12504e-17 
4.38451e-16 
1.77809e-16 
2.88289e-16 
-5.00901e-17 
-2.71593e-16 
-4.61003e-16 
-6.72205e-17 
-6.89553e-17 
-2.26165e-16 
1.05059e-16 
2.0112e-16 
3.01517e-16 
4.34765e-17 
-2.54896e-16 
6.25259e-16 
-4.04841e-16 
2.26273e-16 
-1.06902e-16 
-8.51099e-17 
-1.85724e-16 
3.89879e-16 
-8.4893e-17 
7.22187e-16 
1.07444e-16 
-1.32381e-16 
2.64545e-17 
-2.77773e-16 
2.52185e-16 
-2.58907e-16 
-1.31188e-16 
-6.42932e-17 
-4.77483e-16 
2.16407e-16 
-1.95156e-16 
3.30682e-16 
-2.89482e-16 
9.72529e-17 
5.35162e-16 
2.57173e-16 
-1.38344e-16 
3.37837e-16 
-3.90313e-16 
2.48282e-16 
-1.58944e-16 
2.50668e-16 
-2.17491e-16 
2.10118e-16 
2.66063e-16 
2.04697e-16 
4.55365e-17 
6.31439e-16 
7.89299e-17 
-3.00324e-16 
-1.60462e-16 
9.6494e-17 
-4.03323e-16 
-2.88181e-16 
1.13841e-16 
1.64582e-16 
-3.64726e-16 
-1.32056e-16 
-4.49727e-16 
2.42644e-16 
-3.1637e-16 
-4.3715e-16 
8.65193e-17 
-1.7434e-16 
3.43909e-16 
-2.36356e-17 
-1.9971e-16 
4.33681e-18 
1.54174e-16 
-1.92121e-16 
-3.05311e-16 
3.76435e-16 
-4.46691e-17 
1.43765e-16 
1.13624e-16 
4.98733e-17 
-4.44523e-17 
2.10335e-17 
-1.0018e-16 
-2.97071e-17 
-2.03179e-16 
-1.85615e-16 
-7.67615e-17 
2.06432e-16 
-1.68702e-16 
-5.1608e-17 
4.54064e-16 
1.79978e-17 
-3.85109e-16 
-3.04878e-16 
4.7011e-16 
2.3744e-16 
-4.34115e-16 
-2.94903e-16 
1.86483e-17 
5.33427e-16 
-1.42464e-16 
-7.65447e-17 
6.67869e-17 
3.08347e-16 
-1.36826e-16 
2.28767e-16 
2.33971e-16 
-2.58257e-16 
3.03793e-16 
-6.67869e-16 
2.32019e-17 
-4.66641e-16 
1.6198e-16 
1.22949e-16 
6.26669e-17 
1.47885e-16 
-1.38127e-16 
-8.1532e-17 
-3.22875e-16 
3.08347e-16 
3.87277e-16 
5.08924e-16 
2.67147e-16 
-5.59448e-17 
1.22732e-16 
5.37764e-17 
9.12898e-17 
-2.88615e-16 
-2.07733e-16 
2.82109e-16 
3.81422e-16 
1.09071e-16 
6.22332e-17 
-2.88398e-17 
-9.2374e-17 
4.51028e-17 
-2.37657e-16 
-5.22369e-16 
-7.32921e-17 
7.95804e-17 
-2.47198e-17 
-2.86013e-16 
1.49403e-16 
-2.2096e-16 
2.99673e-16 
7.52436e-17 
3.77519e-16 
4.27176e-16 
-6.44016e-17 
-2.64545e-17 
-4.22839e-17 
4.83771e-16 
-1.07336e-16 
2.29634e-16 
4.59051e-16 
-3.36103e-16 
2.30501e-16 
5.80699e-16 
8.10983e-17 
-4.18285e-16 
-1.38127e-16 
4.55365e-17 
-4.15033e-16 
2.85362e-16 
3.57787e-17 
1.55041e-16 
2.93385e-16 
2.14238e-16 
2.92735e-17 
-1.00397e-16 
3.29597e-17 
3.90963e-16 
-4.77049e-17 
-3.17454e-16 
2.92951e-16 
-2.81893e-17 
3.06396e-16 
-1.92121e-16 
-2.54354e-16 
-2.71051e-16 
1.18829e-16 
-3.33501e-16 
4.7358e-16 
-2.09251e-16 
1.50921e-16 
-1.02132e-16 
3.26345e-16 
6.48353e-17 
-1.88868e-16 
-1.94072e-16 
-4.31729e-16 
-1.15359e-16 
-1.8258e-16 
1.56992e-16 
-2.53053e-16 
2.66714e-16 
1.30104e-17 
-2.30285e-16 
8.1532e-17 
1.1666e-16 
1.56125e-17 
-2.44813e-16 
7.76289e-17 
2.48282e-16 
-5.11743e-17 
1.28153e-16 
2.92735e-17 
5.83301e-17 
-2.44596e-16 
2.74954e-16 
7.09068e-17 
1.17961e-16 
-1.44416e-16 
-2.20527e-16 
-9.80119e-17 
-1.89085e-16 
2.60209e-18 
-2.27682e-17 
1.23165e-16 
1.85399e-16 
9.12898e-17 
-2.69316e-16 
-2.58474e-16 
2.65196e-16 
-2.09034e-16 
-1.03433e-16 
-1.53306e-16 
-1.29237e-16 
6.89553e-17 
-3.59955e-17 
-1.80194e-16 
-2.1684e-17 
2.70617e-16 
-4.05492e-17 
-1.04951e-16 
-6.83047e-17 
-3.05745e-17 
1.60896e-16 
5.09575e-17 
-6.54858e-17 
-8.86877e-17 
-1.0777e-16 
1.77375e-16 
-1.71738e-16 
-2.71051e-17 
6.63532e-17 
1.62847e-16 
-5.7029e-17 
1.63715e-16 
-2.01662e-17 
9.75782e-17 
1.57643e-16 
9.28077e-17 
-5.5728e-17 
1.06685e-16 
-1.32273e-17 
1.21431e-17 
3.77302e-17 
2.81893e-17 
-2.86229e-17 
4.05492e-17 
-2.8753e-16 
-4.67942e-16 
2.58257e-16 
1.06902e-16 
-8.86877e-17 
2.60859e-16 
-1.92121e-16 
-1.19045e-16 
-2.30718e-16 
4.94396e-16 
1.77809e-17 
3.90313e-18 
5.64219e-16 
-6.50521e-19 
-9.47593e-17 
4.07877e-16 
-1.4138e-16 
1.91904e-16 
-1.89302e-16 
-3.03577e-16 
-1.14925e-17 
-2.1684e-19 
-3.15069e-16 
-1.97108e-16 
-1.88434e-16 
-5.71375e-16 
4.2826e-16 
-1.2013e-16 
5.55112e-17 
2.36248e-16 
7.95804e-17 
1.38669e-16 
-5.9295e-16 
-3.60064e-16 
-1.91253e-16 
2.42102e-16 
-1.91579e-16 
1.77809e-16 
3.10299e-16 
-6.28837e-18 
-7.73036e-17 
8.80372e-17 
-1.36609e-17 
2.00144e-16 
-3.01408e-16 
-3.69279e-16 
-1.39754e-16 
-2.1413e-16 
3.58871e-16 
3.41524e-16 
1.99493e-17 
-1.92988e-17 
3.09648e-16 
-1.89844e-16 
-1.16769e-16 
-2.02095e-16 
1.02999e-17 
-6.70037e-17 
1.30538e-16 
-1.23599e-17 
4.74555e-16 
-1.2902e-17 
1.87025e-16 
3.03902e-16 
-6.41089e-16 
3.92264e-16 
-1.05384e-16 
-2.42102e-16 
-5.47305e-16 
-1.66425e-16 
-1.31188e-17 
4.262e-16 
-3.35561e-16 
3.06938e-16 
-1.44524e-16 
2.09685e-16 
-1.88109e-16 
5.28549e-16 
1.58944e-16 
-3.48029e-16 
6.81963e-17 
-4.26091e-17 
-8.60857e-17 
2.08167e-17 
2.96855e-16 
-1.96674e-16 
1.68377e-16 
1.98843e-16 
-1.55149e-16 
2.00361e-16 
-5.42101e-19 
-3.06938e-16 
-2.01553e-16 
1.0842e-16 
3.12033e-16 
-3.33609e-16 
-3.16912e-16 
-2.51426e-16 
-1.92988e-17 
1.29237e-16 
2.27682e-18 
-2.84061e-17 
-2.21286e-16 
1.09721e-16 
-4.2067e-16 
2.12178e-16 
-2.14997e-16 
-1.33248e-16 
-3.27321e-16 
-6.72205e-18 
-2.62702e-16 
-1.52114e-16 
-1.00072e-16 
-3.46294e-16 
-1.10805e-16 
-3.60931e-16 
5.73326e-16 
-3.47595e-16 
-6.79795e-17 
-5.37764e-16 
2.189e-16 
8.57604e-17 
-2.47849e-16 
1.03867e-16 
-1.85399e-17 
2.4709e-16 
-3.51173e-16 
2.58691e-16 
-3.83808e-16 
-1.10697e-16 
3.89337e-16 
-2.65087e-16 
-2.601e-16 
-1.07878e-16 
-1.98517e-16 
-8.93383e-17 
1.66208e-16 
-1.12649e-16 
1.51788e-17 
-5.77988e-16 
-1.61004e-16 
-4.1796e-16 
1.69569e-16 
1.29887e-16 
3.51498e-16 
-8.52183e-17 
-1.25767e-17 
1.80845e-16 
3.63533e-16 
5.84385e-17 
1.17311e-16 
1.86049e-16 
9.73614e-17 
3.3285e-17 
-1.12432e-16 
1.46801e-16 
3.52583e-16 
-1.48102e-16 
-3.06179e-16 
-3.36103e-17 
-4.17418e-17 
-2.57823e-16 
2.04264e-16 
8.93383e-17 
-1.15359e-16 
-2.22695e-16 
-1.57968e-16 
-6.863e-17 
-1.47451e-17 
-1.50487e-16 
-4.71628e-17 
2.62269e-16 
-2.78315e-16 
-2.86771e-16 
3.15828e-16 
-8.91214e-17 
-2.704e-16 
3.27429e-17 
-1.33899e-16 
2.37549e-16 
-1.90277e-16 
-1.53957e-17 
-1.30104e-16 
-2.95445e-16 
1.42789e-16 
-1.87892e-16 
2.0177e-16 
2.41452e-16 
-3.25911e-16 
1.9906e-16 
1.55258e-16 
-2.76472e-17 
2.11528e-16 
1.99602e-16 
-7.05816e-17 
2.45355e-16 
-2.22695e-16 
1.22515e-17 
2.5327e-16 
1.42139e-16 
3.18755e-17 
3.25261e-17 
3.14419e-18 
-6.06069e-17 
2.3744e-16 
9.33498e-17 
1.07878e-16 
3.05528e-16 
-2.60209e-16 
-5.63785e-18 
-1.00289e-16 
-4.87132e-16 
8.64109e-17 
2.81893e-16 
1.95156e-17 
3.70797e-17 
1.38886e-16 
-1.59378e-17 
-1.52005e-16 
2.59775e-16 
2.36356e-17 
1.40729e-16 
2.27466e-16 
3.27429e-17 
-1.60462e-17 
1.55366e-16 
1.41488e-16 
-1.10047e-16 
-2.38524e-17 
-8.97719e-17 
2.44921e-16 
-1.00506e-16 
-1.75749e-16 
-2.56305e-16 
7.58942e-18 
1.55041e-17 
-3.05745e-17 
-9.22656e-17 
2.09251e-17 
-1.39537e-16 
-2.93819e-17 
1.8117e-16 
1.00831e-17 
-1.56992e-16 
3.31766e-17 
-1.47018e-16 
9.43256e-17 
5.99564e-17 
6.5269e-17 
1.2013e-16 
9.00972e-17 
-7.43763e-17 
-1.72605e-16 
3.43692e-17 
8.85793e-17 
-4.23923e-17 
3.06829e-17 
3.46945e-17 
1.02457e-16 
-8.00141e-17 
1.3932e-16 
1.10697e-16 
-3.39355e-17 
-3.83808e-17 
-6.68953e-17 
1.2078e-16 
-1.96891e-16 
-1.38886e-16 
2.05131e-16 
1.59378e-17 
3.50197e-17 
5.93059e-17 
3.65376e-17 
3.58871e-17 
1.21322e-16 
7.69784e-18 
-5.71375e-17 
-1.01915e-16 
6.93889e-17 
-4.8247e-17 
1.38995e-16 
-1.45608e-16 
1.44524e-16 
-1.16877e-16 
-8.45678e-17 
-9.12898e-17 
-6.26669e-17 
-7.83878e-17 
1.01915e-17 
2.7864e-17 
1.0365e-16 
3.72966e-17 
-1.06577e-16 
7.7412e-17 
3.51282e-17 
2.77556e-17 
1.19587e-16 
-1.1807e-16 
-2.67798e-17 
-4.05492e-17 
1.11998e-16 
-7.76289e-17 
8.34836e-18 
7.30752e-17 
-8.64109e-17 
6.15827e-17 
2.34188e-17 
5.85469e-17 
-4.38018e-17 
-1.27936e-17 
2.66714e-17 
-5.63785e-17 
2.60209e-17 
-4.94396e-17 
3.85976e-17 
-2.32019e-17 
-7.45931e-17 
1.71304e-17 
-8.45678e-17 
-3.79471e-17 
-1.0842e-17 
6.44016e-17 
-2.97071e-17 
9.15067e-17 
3.55618e-17 
2.40693e-17 
1.51788e-18 
-8.41341e-17 
3.20924e-17 
7.58942e-18 
-8.0231e-18 
1.87133e-16 
-5.35596e-17 
6.93889e-17 
8.17488e-17 
-6.20164e-17 
-4.83554e-17 
1.40946e-17 
5.39933e-17 
-1.9082e-17 
-4.11997e-18 
-4.55365e-18 
-4.46691e-17 
4.98733e-17 
-8.91214e-17 
6.41848e-17 
-7.17742e-17 
6.26669e-17 
-4.35849e-17 
3.81639e-17 
-6.37511e-17 
1.01915e-17 
-1.18612e-16 
-1.15576e-16 
4.33681e-19 
5.00901e-17 
-2.23346e-17 
1.53957e-17 
1.95156e-18 
7.32921e-17 
-4.64039e-17 
1.73472e-17 
3.49113e-17 
-5.89806e-17 
-4.33681e-18 
2.71051e-17 
-1.11673e-16 
-3.14419e-17 
-9.84456e-17 
1.99493e-17 
-9.43256e-17 
-1.25984e-16 
-3.57787e-17 
-1.02566e-16 
-2.05998e-17 
8.1532e-17 
1.27285e-16 
-1.86483e-17 
-9.99634e-17 
9.82287e-17 
-2.81893e-18 
1.91904e-16 
-9.95298e-17 
6.04985e-17 
4.46691e-17 
3.40439e-17 
1.09504e-16 
7.43763e-17 
1.02566e-16 
-9.1073e-18 
-1.40946e-16 
-1.81062e-16 
8.76035e-17 
8.41341e-17 
2.88398e-17 
5.42101e-18 
8.0231e-18 
1.93422e-16 
-6.35342e-17 
1.35092e-16 
5.33427e-17 
1.43548e-16 
-2.82977e-16 
1.2902e-16 
-9.32414e-17 
4.01155e-17 
6.50521e-17 
-2.44596e-16 
-1.95156e-17 
-4.92228e-17 
-9.21572e-17 
7.7412e-17 
1.56776e-16 
-5.85469e-17 
-1.79761e-16 
1.40079e-16 
-1.29887e-16 
-2.47198e-16 
1.19262e-17 
9.49761e-17 
1.10589e-17 
-3.42608e-17 
-2.9924e-17 
-1.9082e-16 
3.1225e-17 
-2.42861e-17 
-8.97719e-17 
-1.08637e-16 
1.37477e-16 
-4.64039e-17 
-1.63064e-16 
-4.14165e-17 
-2.12504e-17 
1.72822e-16 
1.01915e-17 
1.26635e-16 
-1.72388e-16 
5.0307e-17 
1.10805e-16 
-4.18502e-17 
6.85216e-17 
-6.20164e-17 
2.68882e-17 
1.75858e-16 
1.55041e-16 
4.33681e-19 
-1.3249e-16 
1.09938e-16 
-6.13658e-17 
-1.24033e-16 
-8.65193e-17 
1.67401e-16 
-1.06469e-16 
1.47451e-16 
-5.85469e-18 
-2.64545e-17 
-7.09068e-17 
-1.19479e-16 
-2.21177e-17 
-1.97108e-16 
-1.12107e-16 
-4.98733e-17 
-2.5392e-16 
2.62377e-17 
6.67869e-17 
-3.27429e-17 
8.10983e-17 
1.75641e-16 
-6.37511e-17 
-1.74557e-16 
2.68882e-17 
-1.6263e-17 
-6.1149e-17 
1.02999e-16 
1.0365e-16 
-7.13405e-17 
2.08167e-17 
-6.87384e-17 
-6.89553e-17 
1.10589e-16 
7.02563e-17 
-1.18395e-16 
-1.53957e-16 
-8.41341e-17 
4.90059e-17 
-1.28586e-16 
1.22732e-16 
-2.63678e-16 
-3.25261e-18 
8.2833e-17 
3.81639e-17 
6.07153e-18 
1.07119e-16 
4.90059e-17 
2.26598e-16 
5.74627e-17 
1.00397e-16 
8.71699e-17 
-2.01662e-17 
1.10372e-16 
-8.47846e-17 
5.1608e-17 
-2.01662e-17 
5.68122e-17 
1.71954e-16 
8.76035e-17 
-9.71445e-17 
2.02746e-16 
-4.33681e-18 
-1.97325e-17 
-7.37257e-18 
-6.93889e-18 
1.67834e-16 
8.21825e-17 
1.47885e-16 
8.89046e-18 
1.2837e-16 
-1.17094e-17 
-1.35959e-16 
-3.57787e-17 
1.3314e-16 
-2.1272e-16 
-2.64545e-17 
9.49761e-17 
5.50775e-17 
4.44523e-17 
2.00144e-16 
3.42608e-17 
-2.07733e-16 
-2.35706e-16 
1.32706e-16 
1.00397e-16 
-5.35596e-17 
1.28153e-16 
1.06685e-16 
-5.07407e-17 
1.78243e-16 
1.02999e-16 
1.64365e-16 
-7.80626e-17 
7.11237e-17 
2.05565e-16 
1.25334e-16 
1.25767e-17 
2.1684e-18 
8.32667e-17 
1.46584e-16 
-1.51788e-17 
-1.04083e-17 
-1.26418e-16 
-2.60209e-17 
4.98733e-17 
4.33681e-18 
8.93383e-17 
1.44416e-16 
8.89046e-17 
2.48065e-16 
1.0842e-17 
1.64582e-16 
1.37911e-16 
-5.24754e-17 
-8.17488e-17 
-5.20417e-17 
-1.14709e-16 
-1.39212e-16 
-4.14165e-17 
-8.67362e-19 
3.5345e-17 
2.64545e-17 
9.6494e-17 
-3.75134e-17 
-1.27719e-16 
-5.96311e-17 
-2.29417e-16 
1.19913e-16 
1.25767e-17 
-1.43115e-16 
3.07913e-17 
-2.49366e-17 
-2.78206e-16 
4.57533e-17 
-9.30245e-17 
1.89302e-16 
-4.11997e-18 
6.83047e-17 
4.40186e-17 
-1.71304e-16 
-1.4203e-16 
2.90566e-17 
8.32667e-17 
-1.58944e-16 
-8.97719e-17 
1.74557e-16 
-1.17094e-17 
-1.85399e-16 
-1.64582e-16 
1.58294e-17 
4.68375e-17 
-2.81893e-18 
-6.20164e-17 
4.77049e-18 
2.34188e-17 
6.31006e-17 
5.32343e-17 
-4.01155e-17 
2.44162e-16 
3.42608e-17 
-3.44776e-17 
1.19804e-16 
6.62448e-17 
-2.66714e-17 
1.52873e-16 
1.05818e-16 
7.09068e-17 
-6.80879e-17 
3.38271e-17 
-1.89735e-17 
2.17925e-17 
-1.80194e-16 
-2.92301e-16 
8.10983e-17 
1.07987e-16 
9.57351e-17 
-1.98192e-16 
-3.08781e-16 
-4.74881e-17 
4.08744e-17 
5.35596e-17 
9.08561e-17 
-1.74448e-16 
-9.16151e-17 
1.31622e-16 
-2.49366e-18 
8.32667e-17 
-8.78204e-17 
2.71051e-18 
3.76218e-17 
-5.42101e-19 
-5.47522e-17 
5.05238e-17 
-7.00395e-17 
2.92735e-16 
2.83085e-16 
-2.40584e-16 
-2.4568e-16 
-1.83013e-16 
2.82868e-16 
6.80662e-16 
5.54895e-16 
2.08492e-16 
3.17454e-16 
2.14564e-16 
3.29923e-16 
-2.83627e-16 
-1.94072e-16 
6.53774e-17 
-1.33086e-16 
5.96691e-16 
-4.35199e-16 
-3.11166e-17 
-1.56071e-16 
-4.44523e-18 
-1.08854e-16 
5.43727e-17 
1.51246e-16 
2.00577e-17 
9.89877e-17 
-9.21572e-18 
1.02457e-17 
6.0878e-17 
1.455e-16 
1.9353e-17 
2.53595e-16 
-3.77302e-17 
2.00306e-16 
1.84369e-16 
6.13658e-17 
3.08456e-17 
5.34512e-17 
-2.06541e-17 
7.9472e-17 
8.72783e-17 
-9.54098e-18 
2.29471e-16 
9.0558e-17 
-4.82741e-17 
-5.14183e-17 
7.18284e-17 
9.12898e-17 
-1.9353e-17 
5.19875e-17 
-7.72223e-17 
2.12043e-16 
1.76183e-18 
1.56694e-16 
1.24114e-16 
9.30788e-17 
5.61617e-17 
-1.20482e-16 
1.97271e-16 
4.01155e-17 
-8.89859e-17 
4.74338e-18 
5.40881e-17 
-3.54128e-17 
-3.69984e-18 
-7.00395e-17 
-8.88368e-17 
-1.00289e-18 
8.65329e-17 
-3.60836e-17 
-1.44023e-16 
-4.75694e-17 
7.58942e-17 
2.11514e-16 
-1.46367e-18 
1.7747e-16 
1.06726e-18 
4.8286e-17 
-9.1992e-17 
2.09421e-16 
1.96184e-16 
-7.9987e-17 
-3.36103e-17 
-1.40086e-16 
4.09659e-17 
1.78893e-18 
2.18243e-16 
-1.54499e-18 
-1.80974e-16 
-4.78336e-17 
-7.51149e-17 
-4.08473e-17 
2.16935e-16 
8.14642e-17 
-1.60042e-16 
2.87585e-17 
9.39461e-17 
-9.33363e-17 
-7.11508e-18 
4.78404e-18 
-1.02051e-17 
2.67933e-17 
8.17624e-17 
4.73525e-17 
-1.15671e-16 
-6.04443e-17 
2.36627e-17 
4.54823e-17 
9.05851e-17 
8.31312e-17 
-2.43945e-18 
-4.18773e-17 
-4.54552e-17 
-4.76236e-17 
7.10152e-17 
-3.05474e-17 
-1.51246e-17 
1.36393e-16 
4.71628e-17 
-8.90943e-17 
-3.27429e-17 
-4.41541e-17 
1.71304e-17 
5.60533e-17 
2.63732e-17 
-9.53827e-17 
-5.30175e-17 
-1.18422e-16 
-2.59937e-17 
5.10659e-17 
-4.00071e-17 
2.33103e-17 
6.966e-18 
-7.47286e-17 
-3.29597e-17 
6.40763e-17 
-3.18484e-17 
6.42661e-17 
1.09667e-16 
-2.82706e-17 
2.7349e-17 
-1.17907e-16 
8.23994e-18 
-6.87113e-17 
-7.27771e-17 
-4.64581e-17 
4.63767e-17 
-2.95445e-17 
3.88686e-17 
-7.91468e-18 
2.2958e-17 
9.37835e-17 
-1.04083e-17 
-1.18178e-17 
2.38524e-17 
3.50468e-17 
-4.80844e-17 
-2.71322e-17 
-1.32815e-18 
1.76996e-17 
2.6563e-18 
-3.8191e-17 
6.34258e-17 
3.25532e-17 
8.22367e-17 
3.58871e-17 
3.48029e-17 
5.14996e-18 
-2.5804e-17 
3.59955e-17 
-7.04731e-19 
7.04731e-19 
1.37694e-17 
2.45843e-17 
1.54228e-17 
-8.34836e-18 
-2.52077e-18 
-1.09504e-17 
1.28207e-17 
1.23057e-17 
5.66496e-18 
2.49366e-18 
7.53521e-18 
8.13152e-20 
1.46367e-18 
-1.19262e-18 
-6.15285e-18 
-7.29126e-18 
-4.41812e-18 
3.98444e-18 
2.79182e-18 
-5.42101e-19 
-1.88651e-17 
8.42967e-18 
1.40946e-18 
-1.58158e-17 
-1.45012e-17 
-1.70897e-17 
1.45012e-18 
-7.52165e-18 
-1.24683e-18 
-1.82417e-17 
-4.6946e-17 
-5.65818e-17 
-4.761e-17 
-4.39915e-17 
-2.54788e-17 
2.94767e-18 
-6.90908e-17 
-1.08217e-17 
2.43539e-17 
2.73829e-17 
2.93751e-17 
1.82993e-17 
8.43204e-17 
-1.39235e-17 
-1.14994e-16 
1.81973e-17 
9.53259e-17 
-5.23043e-17 
4.97344e-17 
-5.02223e-17 
-1.11131e-17 
-5.92855e-17 
-2.84129e-17 
1.25903e-17 
-2.78098e-17 
2.22532e-17 
-8.76035e-17 
-3.02492e-17 
4.67291e-17 
-5.50233e-17 
-1.05479e-16 
-1.15346e-16 
-8.82812e-17 
8.51099e-18 
-5.68393e-17 
-1.99764e-16 
-1.14058e-16 
1.07878e-17 
4.93312e-17 
8.59501e-17 
-9.54098e-18 
2.67527e-17 
-1.74285e-17 
5.79235e-17 
1.29128e-16 
-7.10423e-17 
9.72529e-17 
-1.83881e-16 
-7.05816e-17 
-8.60314e-17 
-2.86013e-16 
-6.66784e-18 
-3.39897e-17 
-1.00289e-16 
7.98515e-17 
-7.84962e-17 
-1.21431e-16 
-2.35272e-17 
1.27611e-16 
2.68882e-17 
-1.46259e-16 
-1.3043e-16 
-4.12539e-17 
-6.34258e-17 
1.0571e-17 
-5.03612e-17 
-1.34712e-16 
-2.44488e-16 
5.09575e-17 
-1.04951e-16 
-1.26852e-16 
4.38018e-17 
-8.86877e-17 
-2.46439e-16 
2.41127e-16 
-3.0813e-16 
-3.62124e-17 
4.66207e-18 
5.06322e-17 
-2.10227e-16 
2.3473e-16 
-2.65196e-16 
-7.87131e-17 
-1.50921e-16 
-2.62377e-17 
4.69134e-16 
3.11166e-17 
-1.91362e-16 
-1.96783e-16 
5.56196e-17 
-8.66278e-17 
-3.1225e-16 
-9.6494e-18 
-6.39679e-17 
9.0314e-17 
5.10659e-17 
1.34766e-16 
3.85976e-17 
-1.33248e-16 
-1.32598e-16 
-1.66642e-16 
-2.59992e-16 
4.71303e-16 
1.01698e-16 
-2.58149e-16 
1.83664e-16 
-5.93059e-17 
-1.82146e-17 
-2.498e-16 
-3.74917e-16 
4.64039e-17 
-3.62774e-16 
2.77122e-16 
-3.52583e-16 
-3.21358e-16 
-7.39426e-17 
1.16226e-16 
1.17094e-17 
1.70437e-16 
-2.02529e-16 
-9.25909e-17 
2.04264e-16 
9.12898e-17 
-1.65449e-16 
-2.08384e-16 
-4.05492e-16 
2.95337e-16 
2.7452e-16 
9.21572e-17 
7.1991e-17 
-2.42861e-16 
-2.95337e-16 
-2.19226e-16 
-5.55112e-17 
-1.3249e-16 
-4.55148e-16 
3.03577e-16 
8.60857e-17 
1.61763e-16 
-4.87024e-16 
6.13658e-17 
-3.51282e-16 
-1.24683e-16 
-6.93889e-18 
-4.07009e-16 
4.21755e-16 
2.05348e-16 
-3.47812e-16 
2.14022e-16 
1.1601e-16 
-1.99927e-16 
1.55041e-16 
1.68268e-16 
3.25261e-18 
-2.93602e-16 
-3.76869e-16 
-5.09792e-16 
0 
5.26705e-16 
1.55475e-16 
-5.42101e-16 
-6.87384e-17 
1.14709e-16 
-1.34441e-17 
2.97071e-17 
-3.35886e-16 
1.43115e-16 
2.61943e-16 
2.00794e-16 
-3.36103e-17 
2.14022e-16 
-2.01878e-16 
-1.10805e-16 
-2.86663e-16 
2.18358e-16 
4.35849e-17 
4.25007e-17 
-5.9089e-16 
-4.52112e-16 
2.17274e-16 
-4.86807e-16 
-4.8724e-16 
6.83047e-17 
2.55004e-16 
-8.19657e-17 
6.20164e-17 
3.90313e-18 
3.51282e-16 
-7.80626e-18 
5.74627e-16 
2.22912e-16 
-4.11997e-17 
9.41955e-16 
-1.68702e-16 
-6.33174e-16 
1.58727e-16 
3.56052e-16 
-4.54498e-16 
2.42861e-16 
-4.56232e-16 
8.2833e-16 
4.18502e-16 
-3.0748e-16 
3.02276e-16 
-2.32887e-16 
-4.98299e-16 
-6.60062e-16 
-1.45717e-16 
-3.20924e-16 
-3.30899e-16 
7.17308e-16 
-7.70651e-16 
-3.6993e-16 
-3.03577e-17 
1.05818e-16 
2.50668e-16 
1.57426e-16 
-1.334e-15 
-2.19009e-16 
2.68882e-16 
-4.87457e-16 
-1.78677e-16 
2.05998e-16 
1.61329e-16 
2.65413e-16 
-1.99927e-16 
3.38271e-17 
-3.33934e-17 
5.94143e-17 
2.88831e-16 
8.97286e-16 
-5.94576e-16 
-7.01696e-16 
-4.08961e-16 
-1.53089e-16 
-1.0365e-16 
2.55438e-16 
2.68015e-16 
1.34875e-16 
1.18395e-16 
2.44162e-16 
-2.61943e-16 
5.70724e-16 
-1.91687e-16 
-9.90093e-16 
-2.01662e-16 
-2.02095e-16 
3.19623e-16 
3.51282e-16 
-4.64039e-17 
2.30718e-16 
-3.19623e-16 
-5.73326e-16 
-1.70003e-16 
-4.33681e-18 
-2.49366e-16 
-3.00975e-16 
-1.93855e-16 
6.80879e-17 
-3.79471e-16 
9.58435e-17 
3.54751e-16 
-2.67581e-16 
-4.02022e-16 
-3.27429e-16 
5.31693e-16 
5.68122e-17 
-2.4156e-16 
-7.069e-16 
2.64545e-16 
1.30104e-18 
-1.55691e-16 
-3.83808e-16 
-2.16407e-16 
-7.54171e-16 
-2.40693e-16 
-6.82614e-16 
-3.37404e-16 
1.71738e-16 
-1.38127e-15 
-7.54605e-17 
-2.66714e-16 
5.50341e-16 
-1.51788e-17 
-2.68015e-16 
-4.47125e-16 
-6.57894e-16 
6.01082e-16 
-3.7817e-16 
-4.95264e-16 
-3.96384e-16 
3.70797e-16 
2.6628e-16 
-3.52583e-16 
2.76688e-16 
-2.73219e-16 
-2.94903e-17 
-3.40439e-16 
-1.14058e-16 
-1.34441e-16 
6.84782e-16 
3.37837e-16 
8.37871e-16 
2.42861e-17 
-9.48894e-16 
-1.34398e-15 
3.71231e-16 
2.7929e-16 
-3.59088e-16 
1.43982e-16 
-5.3256e-16 
-6.54858e-17 
3.95951e-16 
-3.93349e-16 
6.28837e-17 
-7.25548e-16 
-5.85469e-16 
-7.71952e-16 
-2.7452e-16 
-1.67834e-16 
-2.90133e-16 
6.28404e-16 
9.58435e-17 
3.23092e-16 
-5.60316e-16 
1.02566e-15 
2.6628e-16 
-5.32126e-16 
-7.91468e-16 
4.83554e-16 
-1.48319e-16 
8.19657e-17 
-3.72966e-17 
9.47159e-16 
-1.32706e-16 
-1.53523e-16 
4.03757e-16 
-8.06646e-17 
-1.12757e-16 
-4.38018e-17 
1.67184e-16 
4.47125e-16 
7.69784e-17 
-3.18322e-16 
-4.79217e-17 
7.89082e-16 
1.86266e-16 
1.26852e-16 
2.5327e-16 
9.7795e-17 
3.0401e-16 
-2.498e-16 
-7.89299e-17 
-4.76182e-16 
-1.04083e-16 
-2.90566e-16 
-3.10732e-16 
4.08311e-16 
5.26922e-17 
-3.22225e-16 
-9.84456e-17 
3.97902e-16 
-1.94506e-16 
-2.20093e-16 
7.7412e-17 
-7.94937e-16 
7.59375e-16 
-2.50884e-16 
1.98192e-16 
-3.26995e-16 
-2.1619e-16 
-5.42101e-18 
-2.04914e-16 
-9.21572e-17 
2.70834e-16 
-1.64582e-16 
4.98733e-16 
2.30285e-16 
-8.20524e-16 
-6.30355e-16 
-6.70037e-16 
1.17094e-17 
1.59378e-16 
-5.00468e-16 
4.93746e-16 
-2.24213e-16 
-2.03179e-16 
1.01481e-16 
-1.84965e-16 
8.44593e-16 
-6.0325e-16 
5.84602e-16 
-1.47018e-16 
-4.31512e-17 
2.2508e-16 
-5.27573e-16 
-2.18141e-16 
-4.19369e-16 
-3.07046e-16 
-3.13334e-16 
3.39572e-16 
-2.7864e-16 
-2.86446e-16 
4.25875e-16 
4.0289e-16 
-6.96058e-17 
2.79724e-17 
4.85723e-17 
-2.31802e-16 
1.72388e-16 
3.6646e-17 
1.44416e-16 
-2.38741e-16 
8.13152e-17 
-6.96925e-16 
-3.38271e-16 
3.05528e-16 
6.87384e-16 
-9.54098e-18 
-2.54137e-16 
-1.54607e-16 
1.81712e-16 
-2.9989e-16 
-1.80845e-16 
4.07877e-16 
6.71772e-16 
-2.56089e-16 
1.29128e-16 
2.80483e-16 
-2.64545e-17 
-1.21431e-16 
-3.11925e-16 
2.54029e-16 
1.69678e-16 
7.39426e-17 
-5.12177e-16 
-4.92553e-16 
-1.95807e-16 
-6.79795e-16 
-8.65193e-17 
-2.11094e-16 
-4.17635e-16 
3.19298e-16 
6.93889e-17 
-3.26236e-16 
5.62701e-17 
-1.39862e-17 
1.17419e-16 
4.70544e-17 
1.68051e-16 
-1.146e-16 
2.27682e-18 
2.58799e-16 
-7.10152e-17 
-1.60679e-16 
-2.88723e-16 
-3.07154e-16 
8.01225e-17 
-1.95265e-16 
-3.08998e-16 
7.10152e-17 
2.44813e-16 
-9.54098e-18 
-3.48029e-16 
1.07011e-16 
1.68919e-16 
1.91253e-16 
-2.36248e-16 
8.57604e-17 
-6.42932e-17 
1.74448e-16 
-1.85724e-16 
7.97973e-17 
-3.80555e-17 
1.85724e-16 
1.8323e-17 
2.85037e-16 
1.63064e-16 
1.20997e-16 
-3.13334e-17 
3.07263e-16 
-2.93168e-16 
-1.05059e-16 
1.46909e-17 
3.27917e-16 
2.65955e-16 
4.16063e-16 
1.01319e-16 
1.50054e-16 
2.71159e-16 
1.44036e-16 
1.37585e-16 
3.6581e-16 
-1.33736e-16 
-2.39934e-16 
6.33174e-17 
-5.19333e-17 
-5.65411e-17 
-1.17528e-16 
2.08817e-16 
1.58619e-16 
8.53267e-17 
-2.30339e-16 
-3.65376e-17 
-4.58563e-16 
-1.71954e-16 
3.08022e-16 
-1.87242e-16 
-4.09828e-17 
-2.56576e-16 
-1.02457e-16 
1.47994e-16 
-2.22858e-16 
-6.57027e-17 
1.56071e-16 
1.91362e-16 
1.86591e-16 
-2.57498e-17 
-1.98138e-16 
5.61075e-17 
1.20238e-16 
2.59395e-16 
6.95516e-17 
1.84802e-16 
-8.03936e-17 
2.70779e-16 
1.34604e-16 
-2.04318e-16 
-2.78098e-17 
-2.60751e-17 
2.18982e-16 
2.46629e-16 
1.38154e-16 
-1.3417e-17 
1.88922e-16 
-4.10099e-17 
1.41841e-16 
3.70255e-17 
-2.84061e-17 
-1.54499e-16 
-8.4107e-17 
3.78929e-17 
1.79327e-16 
1.92229e-16 
5.26922e-17 
-1.29833e-16 
8.48659e-17 
3.48571e-17 
-5.47522e-18 
6.69766e-17 
-1.09586e-16 
3.9736e-17 
-3.75134e-17 
-9.54911e-17 
7.07171e-17 
-5.69206e-17 
1.2696e-16 
-3.17942e-17 
-5.48606e-17 
-1.1601e-17 
-5.38306e-17 
-6.1664e-17 
-8.91756e-17 
1.22271e-16 
5.55112e-17 
3.56703e-17 
-2.44488e-17 
2.70508e-17 
6.58382e-17 
1.16552e-17 
-7.12863e-18 
2.93277e-17 
-5.39662e-17 
-7.8442e-17 
3.277e-17 
-3.30682e-18 
-1.2631e-16 
9.48677e-19 
-2.68611e-17 
7.88757e-18 
-7.19368e-17 
5.91974e-17 
-9.81203e-18 
1.2631e-17 
6.91721e-17 
-3.14961e-17 
-2.89753e-17 
1.64257e-17 
-2.42319e-17 
1.07228e-16 
1.42058e-16 
6.70444e-17 
6.87655e-17 
7.98786e-17 
-5.7788e-17 
3.03441e-17 
1.15779e-16 
6.28837e-18 
5.32479e-17 
-4.0644e-17 
2.82706e-17 
-1.05737e-16 
-4.17282e-17 
2.23888e-17 
5.33427e-17 
1.89247e-16 
3.78251e-17 
6.14878e-17 
6.81557e-17 
2.72812e-17 
-1.78582e-16 
4.12946e-17 
-8.86877e-17 
1.09098e-17 
4.23652e-17 
-3.76489e-17 
7.29939e-17 
-5.22314e-17 
3.1469e-17 
2.22804e-17 
-1.89275e-16 
4.63767e-17 
3.74592e-17 
1.30538e-16 
5.20688e-17 
-1.46286e-16 
-1.20265e-16 
1.21973e-18 
-1.33736e-16 
5.36409e-17 
-1.03026e-16 
-9.47593e-17 
5.6758e-17 
-7.26958e-17 
-1.00045e-16 
1.14736e-16 
-1.12269e-16 
2.86121e-16 
-4.20941e-17 
-1.80791e-16 
3.9652e-16 
1.64961e-16 
1.8876e-16 
-1.20482e-16 
-1.34306e-16 
1.88001e-16 
2.54788e-17 
-4.25549e-17 
-3.70255e-17 
-1.81062e-16 
-1.25063e-16 
5.48606e-17 
1.47153e-16 
1.78405e-16 
3.11817e-16 
-9.2889e-17 
-2.71701e-16 
-1.81523e-16 
2.65358e-17 
-1.9082e-16 
-3.42066e-16 
2.91054e-16 
-5.77338e-17 
-1.5496e-16 
2.76526e-16 
-9.25096e-17 
3.92183e-16 
2.28631e-16 
3.70255e-17 
-3.01002e-16 
4.77049e-18 
3.28784e-17 
-2.37901e-16 
-2.10471e-16 
-5.12069e-16 
3.28893e-16 
-7.69784e-17 
4.82145e-16 
7.07171e-17 
7.72494e-17 
1.51328e-16 
5.1234e-16 
-4.16578e-16 
1.63227e-16 
-2.07028e-16 
5.47522e-17 
-4.71005e-16 
-4.00071e-17 
1.05547e-16 
-7.98515e-17 
4.55284e-16 
-6.11815e-16 
4.94667e-17 
-3.89445e-16 
-5.0925e-16 
1.68864e-16 
1.32327e-16 
6.27374e-16 
3.75784e-16 
4.8041e-16 
-8.90672e-17 
-2.79345e-16 
-4.16334e-17 
6.61689e-16 
-3.25965e-16 
-6.50521e-19 
-2.93222e-16 
3.80934e-16 
2.25677e-16 
-1.20997e-16 
-2.68123e-16 
2.42428e-16 
-6.69007e-16 
-1.45337e-16 
-5.53756e-16 
9.67217e-16 
3.00216e-16 
-2.10173e-16 
-3.21629e-16 
-3.93186e-16 
5.63351e-16 
5.82054e-16 
3.9942e-16 
5.0166e-16 
-4.7049e-16 
3.15937e-16 
-7.37257e-18 
3.74212e-16 
-7.75205e-17 
-4.46691e-16 
-1.53469e-16 
-7.51352e-17 
4.69622e-16 
3.64888e-16 
1.95319e-16 
-9.41359e-16 
-2.41018e-16 
8.41287e-16 
8.09357e-17 
1.07065e-15 
-3.00812e-16 
-6.43691e-16 
1.05981e-16 
-3.65539e-16 
-7.77373e-17 
-1.83447e-16 
3.88958e-16 
-5.49203e-16 
-6.87926e-17 
-4.29778e-16 
6.09213e-16 
6.36372e-16 
3.67057e-16 
-7.90383e-17 
-2.75387e-17 
-5.32235e-16 
5.73109e-16 
-1.09071e-16 
-3.53179e-16 
4.60786e-16 
6.06611e-16 
-5.22585e-17 
-4.01697e-16 
-2.83194e-16 
4.89029e-16 
-3.9671e-16 
8.22855e-16 
-5.95552e-16 
-2.292e-16 
4.86427e-16 
1.92554e-16 
3.90638e-16 
-3.23309e-16 
1.37152e-16 
6.36481e-16 
-2.53107e-16 
-1.43548e-16 
2.35706e-16 
2.74195e-16 
-1.84856e-16 
4.99167e-16 
-6.53774e-17 
-7.55906e-16 
1.08637e-16 
-4.53955e-16 
5.38957e-16 
8.12989e-16 
-2.8856e-16 
1.12676e-15 
3.1534e-16 
-1.27394e-16 
-1.18883e-15 
7.14056e-16 
6.5952e-16 
-1.38778e-17 
5.80373e-16 
-9.53773e-16 
1.03216e-16 
2.96529e-16 
6.9931e-16 
8.41341e-17 
-4.74122e-16 
-1.04279e-15 
-8.28222e-16 
1.31947e-16 
-7.94178e-16 
-8.07839e-16 
-1.08962e-16 
2.19985e-16 
-1.64192e-15 
-8.18464e-16 
2.52402e-16 
-1.27003e-15 
3.31766e-17 
-1.0571e-15 
3.19623e-16 
1.21051e-15 
4.00721e-16 
4.18285e-16 
-2.11853e-16 
7.20019e-16 
2.29959e-16 
8.43509e-17 
-3.13443e-16 
1.21897e-15 
-2.62052e-16 
5.32343e-17 
7.88432e-16 
4.3032e-16 
-4.05817e-16 
2.11203e-16 
-3.52149e-16 
4.34765e-17 
1.50813e-16 
8.85793e-17 
-7.35956e-16 
3.68737e-16 
8.215e-16 
1.37802e-16 
-6.91721e-16 
-3.93565e-17 
-1.95373e-16 
7.6111e-16 
-2.88723e-16 
-1.98192e-16 
6.40872e-16 
1.41814e-16 
-9.22656e-16 
-1.25659e-16 
-4.95047e-16 
-8.08381e-16 
1.2013e-16 
-5.65954e-17 
-4.20454e-16 
-1.55117e-15 
6.50088e-16 
1.01221e-15 
-5.7029e-16 
-4.27067e-16 
2.38741e-16 
1.32208e-15 
2.04589e-16 
-7.65447e-17 
-7.80951e-16 
9.18753e-16 
3.32091e-16 
1.09765e-15 
2.99999e-16 
-1.43863e-15 
7.82794e-16 
-3.25152e-16 
4.38018e-16 
1.88217e-16 
-6.93781e-16 
8.95985e-16 
3.82181e-16 
1.50487e-16 
-3.71773e-16 
3.60064e-16 
-8.43509e-17 
7.41269e-16 
3.42608e-17 
-6.39788e-16 
-1.31839e-16 
-4.68158e-16 
-2.34188e-17 
-6.70145e-16 
-1.54499e-16 
-8.85143e-16 
4.52221e-16 
3.62232e-16 
-1.2194e-15 
-7.94503e-16 
3.10732e-16 
-4.06251e-16 
3.45644e-16 
-2.01336e-16 
-1.75099e-16 
3.84675e-16 
-1.61329e-16 
-1.90603e-16 
7.13839e-16 
3.57787e-17 
3.41632e-16 
2.42644e-16 
-5.83084e-16 
-1.9082e-17 
-3.30465e-16 
-5.13587e-16 
4.79868e-16 
6.67218e-16 
-3.38271e-17 
-2.67798e-16 
-5.01552e-16 
-3.22984e-16 
1.88109e-16 
5.32343e-16 
-6.76542e-17 
-1.03975e-15 
5.38848e-17 
1.33444e-15 
3.01408e-17 
1.62413e-16 
1.17744e-15 
1.0983e-16 
9.24824e-17 
3.77357e-16 
5.11798e-16 
4.82253e-16 
1.34333e-15 
-3.82994e-16 
-1.03303e-15 
-6.00648e-16 
-9.3751e-16 
-1.49945e-16 
-6.92805e-16 
-7.76722e-16 
1.80574e-16 
-1.27719e-16 
-3.25369e-16 
-5.66496e-17 
7.96889e-17 
1.29562e-17 
4.00504e-16 
-1.21485e-16 
2.54842e-16 
4.60081e-16 
1.12302e-15 
4.96131e-16 
-9.28728e-16 
-6.86083e-16 
1.14985e-15 
1.24683e-16 
6.35342e-17 
-4.4989e-16 
-2.09685e-16 
1.24412e-16 
2.56197e-16 
-1.24141e-16 
-1.08583e-16 
-2.62214e-16 
1.49446e-15 
-9.16693e-17 
-5.69369e-16 
-1.33931e-15 
-1.23707e-15 
-1.69618e-15 
-4.82307e-16 
3.28242e-16 
1.46871e-15 
1.32305e-15 
1.36349e-15 
9.60278e-16 
-2.07137e-16 
1.6321e-15 
6.8901e-17 
-9.40329e-16 
3.19135e-16 
-2.11962e-17 
7.52762e-16 
5.84222e-16 
9.89334e-16 
6.88794e-16 
5.54949e-16 
-1.2734e-16 
1.29286e-15 
-6.10623e-16 
-2.33917e-16 
-1.66696e-16 
4.15466e-16 
-2.05077e-16 
2.84278e-16 
1.40133e-16 
2.44162e-16 
2.05348e-15 
1.24195e-15 
-4.18665e-16 
-9.26613e-16 
2.37982e-16 
-5.57768e-16 
5.99076e-16 
-4.25549e-16 
-8.28873e-16 
-1.08263e-15 
-7.92498e-16 
-8.19115e-17 
3.15665e-16 
-4.91144e-17 
-9.6765e-17 
-3.58004e-16 
-7.26795e-16 
4.18556e-16 
-6.17995e-17 
2.98535e-16 
1.1428e-15 
-4.08636e-16 
-1.04235e-15 
9.20325e-16 
-1.14584e-15 
6.49681e-16 
-2.84169e-16 
-6.92941e-16 
-1.08962e-16 
1.28261e-16 
-5.92408e-16 
5.29253e-16 
4.91903e-16 
-3.12575e-16 
7.2693e-16 
7.60839e-17 
-4.71845e-16 
-2.00306e-16 
2.84196e-16 
-5.8612e-16 
7.58508e-16 
7.04704e-16 
-3.41226e-16 
-1.84287e-16 
4.72983e-17 
9.14796e-17 
1.58191e-15 
9.79929e-16 
-1.81631e-16 
-1.86076e-16 
3.12575e-16 
7.62004e-16 
-2.77474e-16 
2.64491e-16 
8.70885e-16 
-3.17129e-18 
9.53664e-16 
1.06366e-15 
-2.07327e-16 
4.893e-16 
2.97099e-16 
-1.57724e-16 
4.52709e-16 
-2.43729e-16 
4.46149e-17 
5.94251e-16 
1.89247e-16 
4.66288e-16 
4.34142e-16 
3.87358e-16 
5.56033e-16 
7.23976e-17 
-1.07526e-16 
7.02292e-16 
-1.44036e-16 
3.25098e-16 
-1.27394e-17 
6.00404e-16 
6.84186e-16 
2.64301e-16 
2.31057e-16 
2.12151e-16 
-3.82086e-16 
5.63053e-16 
3.73494e-16 
4.10113e-16 
8.99386e-16 
4.28219e-16 
2.97532e-16 
5.02528e-16 
-1.59662e-16 
2.59802e-16 
9.20718e-16 
7.05951e-16 
3.45115e-16 
-5.58337e-16 
-6.2713e-16 
5.08518e-16 
1.80899e-16 
-8.25173e-16 
5.92381e-17 
4.48927e-16 
-4.94843e-16 
-1.8567e-18 
1.29484e-15 
3.28933e-16 
3.92264e-16 
8.43103e-17 
4.44618e-16 
-1.37271e-15 
8.58593e-16 
-2.18467e-17 
7.76072e-16 
-3.19745e-16 
-6.31602e-16 
1.81699e-16 
-8.99969e-16 
-1.00973e-15 
4.8041e-16 
-1.02051e-16 
-8.83964e-16 
9.4289e-16 
2.47279e-16 
1.25408e-15 
-8.45027e-16 
-5.46411e-16 
3.1244e-16 
-3.42649e-16 
2.36071e-16 
-1.88827e-16 
-2.66104e-16 
-7.29668e-17 
9.07315e-16 
3.26304e-16 
4.95345e-17 
4.95914e-16 
-3.42608e-17 
1.08522e-15 
3.22957e-17 
3.55903e-16 
1.41895e-17 
-1.34224e-16 
4.14003e-16 
-1.75532e-16 
3.97848e-16 
-3.85597e-16 
-1.31839e-16 
1.70003e-16 
3.87141e-16 
3.2934e-16 
1.25212e-16 
-3.70851e-16 
2.41845e-16 
6.35207e-16 
1.1029e-16 
2.16434e-16 
4.69202e-16 
-3.02059e-16 
2.61821e-16 
-1.09247e-16 
-2.03803e-16 
-3.10976e-16 
1.18517e-16 
1.58727e-15 
-2.24511e-16 
3.44031e-16 
3.51146e-16 
6.8241e-16 
8.49608e-16 
1.29237e-16 
8.6747e-16 
2.28197e-16 
8.85631e-16 
-3.07846e-16 
-3.41524e-17 
1.47804e-16 
-1.52127e-16 
-2.0135e-16 
2.78559e-16 
2.83519e-17 
-4.25183e-16 
-3.15245e-16 
5.05103e-17 
4.96429e-17 
-4.56043e-16 
2.0959e-16 
5.8036e-16 
-1.73012e-16 
1.38954e-16 
3.84431e-16 
2.3843e-16 
2.45951e-16 
-1.35308e-16 
-1.96512e-18 
1.42098e-16 
-3.8332e-16 
-5.26814e-16 
9.96788e-17 
2.30705e-16 
-1.72212e-16 
3.07941e-16 
-3.68182e-16 
-3.53179e-17 
-7.38559e-16 
7.49509e-16 
-9.35938e-17 
2.67229e-16 
-2.40883e-16 
3.8336e-16 
1.68431e-16 
-2.1684e-18 
3.61595e-16 
2.16773e-16 
-7.85776e-17 
6.15136e-16 
6.44856e-16 
4.86942e-16 
2.19361e-16 
1.88529e-16 
2.62458e-16 
-1.5908e-16 
-1.01834e-16 
1.83826e-16 
-4.14219e-16 
9.68464e-17 
-5.07678e-17 
-5.38306e-17 
1.28451e-16 
1.01481e-16 
3.68195e-16 
-1.45825e-16 
1.07309e-16 
5.0307e-17 
7.83336e-17 
-3.50116e-16 
-4.63198e-16 
2.83709e-16 
-4.46746e-16 
4.62412e-17 
-1.1807e-16 
-3.48381e-16 
1.43142e-16 
2.91054e-16 
1.54716e-16 
-3.30682e-18 
7.89028e-17 
-1.62685e-16 
-2.90187e-16 
-2.06893e-16 
1.02023e-16 
9.77408e-17 
-1.87919e-16 
-1.06279e-16 
-3.27646e-16 
1.5786e-16 
9.08019e-18 
4.7217e-17 
1.99141e-16 
1.62468e-16 
2.59179e-16 
-3.60768e-17 
3.1225e-17 
3.10082e-17 
-2.97342e-17 
2.59775e-16 
-8.99617e-17 
2.24294e-16 
2.62756e-16 
2.89021e-16 
2.56983e-16 
-1.55068e-16 
-8.97177e-18 
4.64499e-16 
4.53197e-17 
-2.23129e-16 
5.9604e-17 
1.88407e-16 
-8.18844e-17 
4.6599e-16 
-2.61103e-16 
-7.08255e-17 
2.64816e-17 
-5.60804e-17 
-1.8838e-17 
-5.2882e-17 
5.17978e-17 
2.32561e-17 
-7.71139e-17 
-2.15512e-16 
-6.1149e-17 
2.86555e-16 
-1.39374e-16 
-1.83664e-16 
1.30863e-16 
-1.426e-16 
1.57751e-17 
2.00306e-16 
9.728e-17 
4.27989e-17 
2.73897e-16 
-1.88245e-16 
1.4653e-16 
1.21024e-16 
-4.71736e-16 
-4.34711e-16 
2.43485e-16 
6.84674e-17 
8.51912e-17 
-2.72867e-16 
-1.99764e-16 
8.55436e-17 
5.46438e-17 
-1.22623e-16 
-2.57119e-16 
-8.2833e-17 
8.90672e-17 
1.17717e-16 
-4.12539e-17 
4.14707e-18 
-3.59413e-17 
2.71972e-16 
-2.85145e-17 
-3.10407e-16 
-1.94669e-16 
-5.06865e-17 
4.74881e-17 
-7.44305e-17 
-8.64651e-17 
-2.69641e-16 
-1.28098e-16 
2.79182e-16 
8.60857e-17 
-1.20834e-16 
-7.71952e-17 
-3.82073e-16 
-1.38561e-16 
1.23653e-16 
2.38904e-16 
-3.37404e-16 
-6.75458e-17 
-1.27448e-16 
-1.95536e-16 
-1.02891e-16 
2.40151e-17 
-4.12539e-17 
2.78532e-16 
-8.67904e-17 
3.95734e-17 
-1.36447e-16 
3.19135e-16 
-1.03379e-16 
-3.65214e-16 
-4.52654e-17 
1.41272e-16 
2.96529e-17 
4.69243e-16 
2.71593e-16 
-6.45642e-17 
-3.46023e-16 
-4.71628e-17 
-1.1563e-16 
-3.44939e-16 
-3.43963e-16 
-3.11871e-16 
-4.64147e-16 
5.47034e-16 
-3.82507e-16 
8.29415e-18 
3.97252e-16 
3.37729e-17 
-1.24141e-16 
-3.06287e-17 
-5.61617e-17 
-2.13317e-16 
-3.98011e-16 
-2.21231e-16 
-2.80049e-16 
-9.81203e-17 
8.45678e-18 
-6.33174e-17 
2.64328e-16 
1.44524e-16 
-3.07046e-16 
-2.92735e-18 
-2.29471e-16 
-6.17453e-17 
-4.04895e-16 
-7.73036e-17 
-5.63677e-16 
6.80337e-17 
2.08763e-16 
-3.40982e-16 
6.91179e-17 
1.23491e-16 
2.68394e-16 
-2.10498e-16 
-3.21086e-16 
1.59811e-16 
-3.77031e-16 
-4.4127e-16 
-3.66243e-16 
-7.93636e-17 
4.42354e-17 
-4.90276e-16 
4.66261e-16 
6.2694e-16 
7.68266e-16 
-2.26978e-16 
-3.51227e-16 
-2.73978e-16 
-3.61256e-16 
-1.04626e-16 
-1.34278e-16 
-2.89482e-17 
9.44882e-16 
-1.00999e-15 
4.89029e-16 
-6.54153e-16 
-2.47252e-16 
8.13097e-16 
1.51463e-16 
-2.83681e-16 
-6.86625e-16 
-7.55689e-17 
-6.65266e-16 
1.39754e-16 
2.9718e-16 
-1.67455e-16 
-2.36844e-16 
3.55185e-16 
2.29851e-16 
1.53577e-16 
-2.20744e-16 
1.04626e-17 
1.79815e-16 
1.59757e-16 
-1.76671e-16 
1.13841e-18 
-3.76435e-16 
-4.93691e-16 
-3.14256e-16 
-5.21339e-16 
-3.04823e-16 
-3.55944e-16 
-2.57119e-16 
-9.99092e-17 
9.70361e-17 
-7.94232e-16 
-7.75205e-18 
-2.8856e-16 
-4.37963e-16 
-4.15249e-16 
-1.33899e-16 
1.4821e-16 
3.38596e-16 
-3.08998e-17 
-1.14747e-15 
-1.18568e-15 
-1.44958e-16 
-2.55763e-16 
-6.33391e-16 
-9.57351e-16 
-1.5851e-16 
3.79471e-18 
1.36664e-16 
-5.19875e-16 
-6.43908e-16 
3.16695e-16 
-4.22676e-16 
1.51626e-16 
1.19967e-16 
-1.06881e-15 
4.98028e-16 
-3.20328e-16 
2.58799e-16 
-8.3283e-16 
1.35579e-16 
5.39228e-16 
5.923e-16 
3.39355e-16 
-4.68104e-16 
-6.90908e-16 
6.97142e-17 
-1.7602e-16 
-6.74374e-17 
1.74448e-16 
3.41903e-16 
3.79471e-18 
-2.48987e-16 
-3.84079e-16 
-3.52095e-16 
-3.09486e-16 
-1.17744e-16 
-5.84439e-16 
