0 
-0.09684 
-9.9702e-06 
-0.0871871 
-9.9702e-06 
-0.164202 
-9.9702e-06 
-0.011225 
-9.9702e-06 
-0.0184633 
-9.9702e-06 
-0.00862317 
-9.9702e-06 
-0.0814957 
-9.9702e-06 
-0.064019 
-9.9702e-06 
-0.0451353 
-9.9702e-06 
-0.0442718 
-9.9702e-06 
-0.0198461 
-9.9702e-06 
-0.0313633 
-9.9702e-06 
-0.0396804 
-9.9702e-06 
-0.0557851 
-9.9702e-06 
-0.0383375 
-9.9702e-06 
-0.00848957 
-9.9702e-06 
0.00669741 
-0.000387241 
-9.9702e-06 
-0.0355185 
-9.9702e-06 
-0.0794503 
-9.9702e-06 
-0.0856105 
-9.9702e-06 
-0.0503296 
-9.9702e-06 
-0.0175167 
-9.9702e-06 
-0.00968561 
-9.9702e-06 
-0.0229802 
-9.9702e-06 
-0.0494914 
-9.9702e-06 
-0.0612822 
-9.9702e-06 
-0.0478262 
-9.9702e-06 
-0.0276805 
-9.9702e-06 
-0.0189573 
-9.9702e-06 
-0.0235677 
-9.9702e-06 
-0.0385748 
-9.9702e-06 
-0.0498759 
-9.9702e-06 
-0.041045 
-9.9702e-06 
-0.0152876 
-9.9702e-06 
0.00327924 
9.9702e-06 
-0.0010513 
-9.9702e-06 
-0.0305121 
-9.9702e-06 
-0.0726179 
-9.9702e-06 
-0.0811083 
-9.9702e-06 
-0.0458857 
-9.9702e-06 
-0.0142844 
-9.9702e-06 
-0.00846954 
-9.9702e-06 
-0.0192846 
-9.9702e-06 
-0.0385786 
-9.9702e-06 
-0.0492911 
-9.9702e-06 
-0.0430303 
-9.9702e-06 
-0.0303167 
-9.9702e-06 
-0.0259607 
-9.9702e-06 
-0.0329632 
-9.9702e-06 
-0.0423807 
