0 
-0.0066861 
-0.00099846 
-0.0105739 
-0.00450348 
-0.0172592 
-0.00239977 
-0.00899048 
-0.00322676 
-0.00587918 
-0.00205603 
-0.00348517 
-0.00260653 
-0.00560613 
-0.00648679 
-0.00622267 
-0.00482934 
-0.00450664 
-0.00393292 
-0.00365567 
-0.0030954 
-0.00244618 
-0.00225966 
-0.00191301 
-0.00204776 
-0.0017579 
-0.00218646 
-0.00188395 
-0.00236773 
-0.00175432 
-0.00204462 
-0.00144112 
-0.00135949 
-0.000956364 
-0.000767285 
-0.000691198 
-0.000567069 
-0.00114064 
-0.000676285 
-0.00204024 
-0.000925957 
-0.00236318 
-0.00103821 
-0.00207874 
-0.000861783 
-0.00146495 
-0.000685616 
-0.00132833 
-0.00108469 
-0.00240342 
-0.00226878 
-0.00436667 
-0.00349469 
-0.0057754 
-0.00394523 
-0.0057885 
-0.00351453 
-0.0048393 
-0.00285411 
-0.00411132 
-0.00279611 
-0.0046692 
-0.0037074 
-0.00623581 
-0.00463262 
-0.00712431 
-0.00455598 
-0.00605527 
-0.00306902 
-0.00326732 
-0.00108705 
-0.00104028 
-0.000555728 
-0.00174538 
-0.00289281 
-0.00457587 
-0.00588676 
-0.00712771 
-0.00670204 
-0.00729022 
-0.00524733 
-0.00501856 
-0.0031537 
-0.00285754 
-0.00187291 
-0.00181388 
-0.00141239 
-0.00171086 
-0.00138834 
-0.00203606 
-0.00123776 
-0.00221566 
-0.000922705 
-0.00190136 
-0.000622009 
-0.00145921 
-0.000609407 
-0.00135659 
-0.000890173 
-0.00168214 
-0.00135596 
