-0.025 
0.0108699 
-0.0331885 
0.0066779 
-0.0255189 
-0.010584 
-0.00770078 
-0.0166782 
-0.0100997 
-0.015231 
-0.0101943 
-0.0148112 
-0.0139461 
-0.016721 
-0.0110695 
-0.011798 
-0.00992404 
-0.0107117 
-0.0102097 
-0.0106793 
-0.0112631 
-0.0112575 
-0.0111172 
-0.0109271 
-0.0102 
-0.00916296 
-0.00765104 
-0.00723141 
-0.00736815 
-0.00871755 
-0.00938794 
-0.0108303 
-0.0112629 
-0.0120241 
-0.011697 
-0.0114993 
-0.0110408 
-0.0110463 
-0.0111194 
-0.0113465 
-0.0115056 
-0.0114656 
-0.0111696 
-0.0111166 
-0.0110655 
-0.0117884 
-0.0122951 
-0.0133929 
-0.0139673 
-0.014538 
-0.0140684 
-0.0134132 
-0.0120673 
-0.0112573 
-0.0103374 
-0.0103655 
-0.0103451 
-0.010946 
-0.011193 
-0.0115047 
-0.0112576 
-0.0106352 
-0.00967505 
-0.0085718 
-0.0077843 
-0.00740297 
-0.00779336 
-0.00865513 
-0.00987451 
-0.0108768 
-0.0116091 
-0.0118518 
-0.0117585 
-0.0114294 
-0.0111675 
-0.011088 
-0.0113352 
-0.0114624 
-0.0115827 
-0.0114542 
-0.0110565 
-0.0111976 
-0.0111025 
-0.0120199 
-0.0124999 
-0.0136422 
-0.0140465 
-0.0144951 
-0.0138502 
-0.0132172 
-0.011817 
-0.0112222 
-0.0102614 
-0.010563 
-0.0104074 
-0.0111796 
-0.0112284 
-0.0114932 
-0.0110244 
-0.0101826 
-0.00925365 
