0 
-1.77636e-15 
2.66454e-15 
4.44089e-16 
-2.44249e-15 
-3.66374e-15 
1.22125e-15 
1.11022e-15 
-2.66454e-15 
-1.33227e-15 
-2.66454e-15 
-1.11022e-15 
-8.88178e-16 
-2.22045e-15 
-8.88178e-16 
-2.66454e-15 
1.77636e-15 
1.11022e-16 
-1.44329e-15 
-6.66134e-16 
2.22045e-15 
-5.32907e-15 
-1.77636e-15 
-3.10862e-15 
-2.33147e-15 
1.88738e-15 
-2.22045e-15 
1.33227e-15 
-3.10862e-15 
4.66294e-15 
1.33227e-15 
2.44249e-15 
8.88178e-16 
1.77636e-15 
-2.66454e-15 
-1.55431e-15 
1.33227e-15 
-5.55112e-16 
-4.44089e-16 
4.44089e-15 
8.88178e-16 
3.55271e-15 
2.33147e-15 
-6.66134e-16 
2.9976e-15 
-3.55271e-15 
3.10862e-15 
3.77476e-15 
0 
-3.10862e-15 
6.66134e-16 
