0 
2.66438e-13 
8.10895e-14 
3.18823e-13 
-1.91977e-13 
-1.05718e-13 
-3.31169e-13 
-2.68911e-13 
-2.73936e-13 
-1.08008e-13 
-4.08923e-13 
1.47946e-14 
-3.7991e-13 
-7.4464e-14 
2.41876e-13 
-1.38061e-13 
-2.33734e-13 
3.62186e-13 
-4.01192e-13 
3.83502e-13 
5.02392e-15 
2.02777e-13 
1.51524e-13 
-2.59582e-14 
-2.09686e-13 
7.50202e-14 
5.0319e-14 
3.18613e-13 
9.04788e-14 
-1.72135e-13 
-2.99405e-13 
4.35396e-13 
-5.30549e-13 
-2.91149e-13 
-7.63365e-15 
-3.56888e-13 
3.87961e-14 
2.26656e-13 
3.70864e-13 
2.33095e-14 
-4.54318e-13 
-7.04082e-14 
1.61672e-13 
-8.87175e-14 
2.86757e-13 
2.90249e-13 
-1.74843e-13 
-1.05311e-13 
-5.07187e-14 
5.99926e-14 
-1.06876e-13 
