0.0227273 
-0.0657612 
-0.029313 
-0.0334842 
0.000728331 
-0.0518245 
0.0188431 
0.134048 
0.195825 
0.200831 
0.20479 
0.217602 
0.218262 
0.17395 
0.157685 
0.193774 
0.274449 
0.321143 
0.332239 
0.327771 
0.353734 
0.382702 
0.397251 
0.394398 
0.397034 
0.396635 
0.400909 
0.397105 
0.412442 
0.432621 
0.465439 
0.491188 
0.508828 
0.515119 
0.50638 
0.483708 
0.444677 
0.407251 
0.365402 
0.357365 
0.351519 
0.383095 
0.407744 
0.440432 
0.449627 
0.445879 
0.427094 
0.405215 
0.37566 
0.349306 
0.31104 
0.2913 
0.261037 
0.260186 
0.247086 
0.252952 
0.243861 
0.239558 
0.221225 
0.203752 
0.173677 
0.147197 
0.107083 
0.0827675 
0.0473439 
0.0380768 
0.0182946 
0.0188127 
0.0104237 
0.00552904 
-0.00798201 
-0.031717 
-0.0644387 
-0.105366 
-0.155506 
-0.204186 
-0.254468 
-0.276511 
-0.294515 
-0.281412 
-0.277074 
-0.27085 
-0.280893 
-0.297679 
-0.320714 
-0.343682 
-0.369756 
-0.393865 
-0.423255 
-0.441902 
-0.463202 
-0.467508 
-0.477299 
-0.475728 
-0.482942 
-0.485568 
-0.4964 
-0.503874 
-0.518341 
-0.526408 
-0.539998 
