0.000454545
0.000872858
0.0012732
0.00165183
0.00200452
0.00235426
0.00268553
0.0030187
0.00333389
0.00365658
0.00396071
0.00427841
0.00457708
0.00489131
0.00518691
0.00549921
0.00579333
0.00610486
0.00639852
0.00671007
0.00700391
0.00731599
0.00761042
0.00792334
0.00821863
0.0085326
0.0088289
0.00914405
0.00944147
0.00975788
0.0100565
0.0103742
0.010674
0.0109931
0.0112941
0.0116146
0.0119169
0.0122387
0.0125422
0.0128654
0.0131702
0.0134948
0.0138009
0.0141268
0.0144342
0.0147615
0.0150701
0.0153988
0.0157087
0.0160388
0.0163499
0.0166814
0.0169938
0.0173266
0.0171071
0.0173466
0.0175684
0.0178421
0.0180505
0.0183503
0.0186057
0.018913
0.0191832
0.0195015
0.0197823
0.0201086
0.020397
0.0207294
0.0210232
0.0213602
0.0216583
0.0219989
0.0223002
0.0226439
0.0229479
0.0232941
0.0236005
0.023949
0.0242574
0.0246081
0.0249183
0.025271
0.025583
0.0259376
0.0262513
0.0266078
0.0269231
0.0272814
0.0275984
0.0279585
0.0282771
0.028639
0.0289592
0.029323
0.0296447
0.0300103
0.0303336
0.030701
0.0310259
0.0313952
0.0317216
0.0320927
0.0324208
0.0327938
0.0331234
0.0334983
0.0338295
0.0342062
0.0345391
0.0349177
0.0352522
0.0356326
0.0359688
0.0363511
0.0366889
0.0370731
0.0374126
0.0377987
0.0381399
0.0385279
0.0388707
0.0392607
0.0396052
0.0399971
0.0403433
0.0407371
0.041085
0.0414807
0.0418303
0.042228
0.0425794
0.042979
0.0433321
0.0437337
0.0440885
0.044492
0.0448487
0.0452541
0.0456125
0.0460199
0.0463801
0.0467895
0.0471515
0.0475628
0.0479266
0.0483399
0.0487054
0.0491207
0.0494881
0.0499053
0.0502745
0.0506937
0.0510647
0.0514859
0.0518588
0.0522819
0.0526566
0.0530817
0.0534583
0.0538853
0.0542637
0.0546927
0.055073
0.0555039
0.0558861
0.0563189
0.056703
0.0571377
0.0575237
0.0579603
0.0583482
0.0587868
0.0591765
0.059617
0.0600087
0.060451
0.0608446
0.0612888
0.0616843
0.0621303
0.0625277
0.0629756
0.0633749
0.0638246
0.0642259
0.0646774
0.0650806
0.0655339
0.0659389
0.066394
0.066801
0.0672578
0.0676667
0.0681253
0.0685361
0.0689964
0.0694091
0.0698711
0.0702857
0.0707494
0.0711659
0.0716312
0.0720495
0.0725165
0.0729367
0.0734052
0.0738274
0.0742974
0.0747214
0.075193
0.0756189
0.076092
0.0765197
0.0769942
0.0774238
0.0778998
0.0783311
0.0788085
0.0792417
0.0797205
0.0801554
0.0806355
0.0810722
0.0815537
0.0819921
0.0824748
0.082915
0.0833989
0.0838408
0.0843259
0.0847695
0.0852558
0.085701
0.0861884
0.0866353
0.0871238
0.0875722
0.0880618
0.0885118
0.0890023
0.0894539
0.0899376
0.0904045
0.0908893
0.0913595
0.0918451
0.0923172
0.0928036
0.0932775
0.0937647
0.0942402
0.094728
0.0952051
0.0956935
0.0961721
0.0966612
0.0971412
0.0976308
0.0981123
0.0986024
0.0990853
0.0995758
0.10006
0.100551
0.101036
0.101528
0.102014
0.102506
0.102994
0.103486
0.103975
0.104467
0.104957
0.105449
0.10594
0.106432
0.106925
0.107417
0.10791
0.108402
0.108896
0.109388
0.109883
0.110375
0.110871
0.111363
0.111859
0.112351
0.112848
0.113339
0.113837
0.114328
0.114826
0.115317
0.115816
0.116306
0.116805
0.117295
0.117794
0.118283
0.118784
0.119272
0.119772
0.12026
0.120761
0.121248
0.121749
0.122235
0.122736
0.123221
0.123722
0.124207
0.124708
0.125192
0.125693
0.126176
0.126676
0.127158
0.127659
0.12814
0.12864
0.12912
0.12962
0.130098
0.130598
0.131075
0.131575
0.132051
0.13255
0.133025
0.133523
0.133997
0.134494
0.134967
0.135463
0.135935
0.136431
0.1369
0.137396
0.137864
0.138359
0.138825
0.139319
0.139784
0.140277
0.140741
0.141232
0.141695
0.142185
0.142646
0.143136
0.143595
0.144083
0.14454
0.145027
0.145483
0.145969
0.146423
0.146908
0.14736
0.147843
0.148294
0.148775
0.149224
0.149705
0.150152
0.15063
0.151076
0.151553
0.151997
0.152472
0.152914
0.153388
0.153828
0.1543
0.154738
0.155209
0.155645
0.156114
0.156548
0.157015
0.157448
0.157913
0.158344
0.158807
0.159236
0.159697
0.160124
0.160584
0.161009
0.161467
0.16189
0.162345
0.162767
0.16322
0.16364
0.164092
0.164509
0.164959
0.165374
0.165822
0.166236
0.166681
0.167093
0.167537
0.167947
0.168388
0.168797
0.169236
0.169642
0.170079
0.170484
0.170919
0.171322
0.171755
0.172156
0.172587
0.172986
0.173414
0.173812
0.174238
0.174634
0.175058
0.175452
0.175875
0.176267
0.176687
0.177078
0.177495
0.177884
0.1783
0.178687
0.179101
0.179487
0.179898
0.180282
0.180691
0.181074
0.181481
0.181863
0.182267
0.182647
0.18305
0.183428
0.183829
0.184206
0.184604
0.18498
0.185376
0.18575
0.186145
0.186518
0.18691
0.187281
0.187672
0.188042
0.18843
0.188799
0.189185
0.189553
0.189937
0.190304
0.190686
0.191052
0.191432
0.191797
0.192175
0.192539
0.192915
0.193278
0.193652
0.194014
0.194386
0.194747
0.195118
0.195478
0.195847
0.196205
0.196573
0.196931
0.197296
0.197653
0.198017
0.198374
0.198736
0.199092
0.199452
0.199807
0.200166
0.20052
0.200877
0.201231
0.201587
0.20194
0.202294
0.202647
0.202999
0.203351
0.203702
0.204054
0.204404
0.204755
0.205103
0.205454
0.205801
0.206151
0.206496
0.206846
0.207191
0.20754
0.207883
0.208232
0.208574
0.208923
0.209263
0.209612
0.209951
0.2103
0.210638
0.210986
0.211323
0.211671
0.212007
0.212355
0.21269
0.213038
0.213372
0.21372
0.214053
0.2144
0.214732
0.21508
0.215411
0.215758
0.216089
0.216436
0.216765
0.217113
0.217441
0.217789
0.218116
0.218464
0.218791
0.219139
0.219465
0.219814
0.220139
0.220488
0.220813
0.221162
0.221486
0.221835
0.222159
0.222507
0.22283
0.223179
0.223501
0.22385
0.224167
0.22452
0.224844
0.225194
0.225516
0.225866
0.226187
0.226537
0.226853
0.227206
0.227528
0.22788
0.2282
0.228551
0.228867
0.229221
0.229542
0.229894
0.230214
0.230566
0.23088
0.231235
0.231555
0.231908
0.232227
0.23258
0.232893
0.233248
0.233568
0.233922
0.23424
0.234594
0.234906
0.235262
0.235581
0.235936
0.236253
0.236608
0.23692
0.237276
0.237594
0.237951
0.238264
0.238622
0.23894
0.239297
0.23961
0.239968
0.240285
0.240643
0.240955
0.241314
0.241631
0.24199
0.242301
0.242661
0.242978
0.243336
0.243648
0.244008
0.244324
0.244683
0.244995
0.245355
0.245671
0.246031
0.246342
0.246702
0.247018
0.247378
0.247689
0.24805
0.248366
0.248726
0.249037
0.249398
0.249714
0.250075
0.250385
0.250747
0.251062
0.251424
0.251733
0.252096
0.252411
0.252773
0.253082
0.253445
0.25376
0.254122
0.254431
0.254794
0.255109
0.255471
0.25578
0.256144
0.256458
0.256821
0.25713
0.257493
0.257808
0.258171
0.25848
0.258843
0.259158
0.259521
0.259829
0.260193
0.260508
0.260871
0.261179
0.261543
0.261857
0.262221
0.262529
0.262893
0.263207
0.26357
0.263879
0.264243
0.264557
0.26492
0.265228
0.265592
0.265906
0.26627
0.266577
0.266942
0.267255
0.267619
0.267926
0.268291
0.268604
0.268968
0.269275
0.26964
0.269953
0.270316
0.270623
0.270988
0.271301
0.271664
0.271971
0.272336
0.272648
0.273012
0.273319
0.273683
0.273996
0.274359
0.274666
0.27503
0.275342
0.275706
0.276012
0.276376
0.276688
0.277051
0.277358
0.277722
0.278033
0.278397
0.278703
0.279067
0.279378
0.279741
0.280047
0.280411
0.280722
0.281085
0.281391
0.281755
0.282065
0.282428
0.282733
0.283097
0.283408
0.283771
0.284076
0.284439
0.28475
0.285113
0.285417
0.285781
0.286091
0.286454
0.286758
0.287122
0.287431
0.287794
0.288098
0.288462
0.288771
0.289134
0.289437
0.289801
0.29011
0.290473
0.290776
0.29114
0.291448
0.291811
0.292114
0.292478
0.292786
0.293149
0.293452
0.293816
0.294124
0.294486
0.294789
0.295153
0.29546
0.295823
0.296125
0.296489
0.296797
0.29716
0.297462
0.297826
0.298133
0.298496
0.298797
0.299162
0.299469
0.299832
0.300133
0.300498
0.300804
0.301168
0.301469
0.301834
0.30214
0.302504
0.302804
0.30317
0.303475
0.30384
0.30414
0.304506
0.304811
0.305176
0.305476
0.305842
0.306147
0.306513
0.306812
0.307179
0.307481
0.307849
0.308152
0.30852
0.308822
0.309191
0.309493
0.309862
0.310164
0.310533
0.310835
0.311204
0.311506
0.311876
0.312178
0.312548
0.31285
0.31322
0.313522
0.313893
0.314194
0.314566
0.314867
0.315239
0.31554
0.315912
0.316214
0.316586
0.316888
0.317261
0.317562
0.317936
0.318237
0.318611
0.318912
0.319286
0.319587
0.319963
0.320263
0.320639
0.32094
0.321316
0.321617
0.321994
0.322295
0.322672
0.322973
0.323351
0.323652
0.324031
0.324331
0.324711
0.325011
0.325391
0.325692
0.326073
0.326373
0.326755
0.327055
0.327437
0.327738
0.328121
0.328421
0.328805
0.329105
0.32949
0.32979
0.330175
0.330475
0.330862
0.331162
0.331549
0.331849
0.332237
0.332537
0.332926
0.333226
0.333615
0.333915
0.334306
0.334606
0.334997
0.335297
0.335689
0.335989
0.336382
0.336682
0.337076
0.337375
0.337771
0.33807
0.338466
0.338766
0.339163
0.339462
0.33986
0.340159
0.340558
0.340857
0.341257
0.341556
0.341957
0.342256
0.342658
0.342957
0.343359
0.343658
0.344062
0.344361
0.344765
0.345064
0.34547
0.345768
0.346175
0.346473
0.34688
0.347179
0.347587
0.347885
0.348295
0.348593
0.349003
0.349301
0.349712
0.35001
0.350421
0.350719
0.351132
0.351429
0.351843
0.35214
0.352555
0.352852
0.353267
0.353564
0.35398
0.354277
0.354694
0.35499
0.355408
0.355704
0.356122
0.356418
0.356837
0.357132
0.357553
0.357847
0.358268
0.358576
0.35898
0.359282
0.359687
0.359988
0.360394
0.360694
0.3611
0.361399
0.361806
0.362104
0.362512
0.362809
0.363217
0.363513
0.363923
0.364218
0.364628
0.364922
0.365333
0.365627
0.366038
0.366331
0.366743
0.367035
0.367448
0.367738
0.368152
0.368441
0.368856
0.369144
0.369559
0.369846
0.370262
0.370548
0.370964
0.371249
0.371665
0.371949
0.372366
0.372649
0.373066
0.373347
0.373764
0.374045
0.374462
0.374741
0.375159
0.375436
0.375854
0.37613
0.376548
0.376823
0.377241
0.377514
0.377932
0.378204
0.378621
0.378892
0.379309
0.379579
0.379995
0.380263
0.380679
0.380946
0.381362
0.381626
0.382042
0.382305
0.38272
0.382981
0.383395
0.383655
0.384069
0.384327
0.38474
0.384996
0.385408
0.385663
0.386073
0.386327
0.386736
0.386988
0.387396
0.387646
0.388053
0.388301
0.388707
0.388953
0.389358
0.389602
0.390005
0.390248
0.390649
0.39089
0.39129
0.391528
0.391927
0.392163
0.39256
0.392795
0.39319
0.393422
0.393816
0.394046
0.394437
0.394666
0.395055
0.395281
0.395668
0.395893
0.396278
0.3965
0.396883
0.397103
0.397483
0.397701
0.398079
0.398295
0.398671
0.398885
0.399257
0.399469
0.399839
0.400049
0.400417
0.400624
0.400989
0.401194
0.401556
0.40176
0.402119
0.40232
0.402676
0.402875
0.403228
0.403425
0.403775
0.40397
0.404316
0.404509
0.404852
0.405043
0.405383
0.405572
0.405908
0.406095
0.406428
0.406613
0.406943
0.407125
0.407451
0.407632
0.407955
0.408133
0.408452
0.408629
0.408944
0.409118
0.40943
0.409603
0.409911
0.410081
0.410386
0.410554
0.410855
0.411021
0.411318
0.411483
0.411776
0.411939
0.412228
0.412389
0.412674
0.412834
0.413115
0.413272
0.413549
0.413706
0.413979
0.414133
0.414402
0.414555
0.41482
0.414971
0.415232
0.415382
0.415639
0.415788
0.416041
0.416187
0.416436
0.416582
0.416827
0.416971
0.417212
0.417355
0.417591
0.417733
0.417966
0.418107
0.418335
0.418475
0.4187
0.418838
0.419059
0.419196
0.419413
0.419549
0.419762
0.419898
0.420107
0.420242
0.420447
0.420581
0.420782
0.420915
0.421113
0.421245
0.421439
0.421571
0.421761
0.421892
0.422079
0.42221
0.422392
0.422523
0.422702
0.422832
0.423007
0.423138
0.423309
0.42344
0.423608
0.423738
0.423902
0.424032
0.424194
0.424324
0.424482
0.424612
0.424767
0.424897
0.425048
0.425179
0.425327
0.425458
0.425603
0.425735
0.425877
0.426009
0.426148
0.42628
0.426416
0.426549
0.426683
0.426816
0.426947
0.427081
0.427209
0.427344
0.427469
0.427606
0.427723
0.427864
0.427987
0.428125
0.428239
0.428381
0.428499
0.428639
0.428753
0.428893
0.429
0.429143
0.429257
0.429395
0.429509
0.429644
0.429759
0.429892
0.430002
0.430139
0.430256
0.430387
0.430504
0.430632
0.43075
0.430877
0.430997
0.431122
0.431243
0.431367
0.431489
0.431612
0.431736
0.431857
0.431982
0.432103
0.432229
0.432348
0.432477
0.432595
0.432724
0.432842
0.432973
0.433089
0.433222
0.433338
0.433473
0.433587
0.433724
0.433838
0.433976
0.434089
0.43423
0.434342
0.434484
0.434596
0.43474
0.434852
0.434997
0.435108
0.435256
0.435367
0.435517
0.435627
0.435779
0.435889
0.436042
0.436152
0.436308
0.436417
0.436575
0.436684
0.436844
0.436953
0.437115
0.437224
0.437388
0.437497
0.437663
0.437772
0.43794
0.438049
0.438219
0.438328
0.4385
0.438609
0.438783
0.438892
0.439069
0.439178
0.439356
0.439466
0.439646
0.439756
0.439938
0.440048
0.440232
0.440343
0.440529
0.440639
0.440827
0.440938
0.441128
0.44124
0.441432
0.441543
0.441737
0.441849
0.442045
0.442157
0.442355
0.442468
0.442667
0.44278
0.442981
0.443095
0.443297
0.443412
0.443616
0.443731
0.443936
0.444052
0.444259
0.444375
0.444584
0.4447
0.444911
0.445027
0.445239
0.445357
0.44557
0.445688
0.445903
0.446021
0.446237
0.446356
0.446573
0.446692
0.446911
0.447031
0.447251
0.447371
0.447592
0.447713
0.447935
0.448056
0.44828
0.448401
0.448626
0.448748
0.448973
0.449096
0.449322
0.449445
0.449672
0.449796
0.450024
0.450148
0.450376
0.450501
0.45073
0.450855
0.451085
0.45121
0.451441
0.451566
0.451798
0.451924
0.452155
0.452282
0.452514
0.45264
0.452873
0.453
0.453233
0.45336
0.453593
0.453721
0.453954
0.454082
0.454316
0.454444
0.454678
0.454806
0.45504
0.455169
0.455403
0.455532
0.455766
0.455895
0.456129
0.456258
0.456492
0.456621
0.456855
0.456984
0.457218
0.457348
0.457581
0.457711
0.457943
0.458073
0.458306
0.458436
0.458668
0.458798
0.45903
0.45916
0.459391
0.459521
0.459752
0.459882
0.460112
0.460243
0.460472
0.460602
0.460831
0.460961
0.461189
0.461319
0.461547
0.461677
0.461903
0.462033
0.462259
0.462389
0.462614
0.462744
0.462968
0.463097
0.463321
0.46345
0.463672
0.463801
0.464023
0.464152
0.464372
0.464501
0.46472
0.464848
0.465067
0.465195
0.465412
0.46554
0.465756
0.465883
0.466099
0.466226
0.46644
0.466566
0.46678
0.466906
0.467118
0.467243
0.467454
0.467579
0.467789
0.467913
0.468122
0.468246
0.468453
0.468577
0.468783
0.468906
0.469111
0.469233
0.469437
0.469559
0.469761
0.469883
0.470084
0.470204
0.470404
0.470524
0.470722
0.470842
0.471039
0.471158
0.471354
0.471472
0.471666
0.471784
0.471977
0.472093
0.472285
0.472401
0.472591
0.472707
0.472896
0.47301
0.473198
0.473311
0.473498
0.473611
0.473795
0.473907
0.474091
0.474202
0.474384
0.474495
0.474675
0.474785
0.474964
0.475073
0.475251
0.475358
0.475535
0.475642
0.475817
0.475923
0.476097
0.476201
0.476374
0.476477
0.476649
0.476751
0.476921
0.477023
0.477192
0.477292
0.477459
0.477558
0.477725
0.477823
0.477988
0.478084
0.478248
0.478344
0.478506
0.478601
0.478762
0.478855
0.479015
0.479107
0.479265
0.479356
0.479513
0.479603
0.479759
0.479847
0.480002
0.480089
0.480242
0.480328
0.48048
0.480564
0.480716
0.480798
0.480948
0.48103
0.481178
0.481258
0.481406
0.481484
0.481631
0.481708
0.481853
0.481929
0.482073
0.482147
0.48229
0.482362
0.482504
0.482575
0.482716
0.482785
0.482925
0.482993
0.483131
0.483197
0.483334
0.483399
0.483535
0.483598
0.483733
0.483795
0.483929
0.483988
0.484121
0.484179
0.484311
0.484367
0.484498
0.484552
0.484682
0.484735
0.484863
0.484914
0.485041
0.485091
0.485217
0.485264
0.485389
0.485435
0.485559
0.485603
0.485725
0.485768
0.485889
0.48593
0.48605
0.486088
0.486208
0.486244
0.486362
0.486397
0.486514
0.486547
0.486663
0.486694
0.486808
0.486837
0.486951
0.486978
0.48709
0.487115
0.487226
0.487249
0.487359
0.48738
0.487489
0.487508
0.487615
0.487632
0.487739
0.487753
0.487859
0.487871
0.487975
0.487985
0.488088
0.488097
0.488198
0.488204
0.488305
0.488309
0.488408
0.488409
0.488507
0.488507
0.488603
0.4886
0.488696
0.488691
0.488785
0.488777
0.48887
0.48886
0.488951
0.48894
0.489029
0.489015
0.489103
0.489087
0.489174
0.489155
0.48924
0.489219
0.489303
0.48928
0.489362
0.489337
0.489417
0.489389
0.489468
0.489438
0.489515
0.489483
0.489558
0.489523
0.489597
0.48956
0.489632
0.489592
0.489663
0.48962
0.489689
0.489644
0.489712
0.489664
0.48973
0.48968
0.489743
0.489691
0.489753
0.489698
0.489758
0.489701
0.489758
0.489699
0.489754
0.489692
0.489746
0.489681
0.489733
0.489666
0.489715
0.489646
0.489693
0.489621
0.489666
0.489592
0.489634
0.489557
0.489598
0.489519
0.489557
0.489475
0.489511
0.489427
0.48946
0.489373
0.489405
0.489315
0.489344
0.489252
0.489279
0.489184
0.489208
0.489111
0.489133
0.489033
0.489052
0.48895
0.488967
0.488862
0.488876
0.488769
0.48878
0.488671
0.488679
0.488568
0.488573
0.488459
0.488462
0.488345
0.488346
0.488227
0.488224
0.488103
0.488097
0.487973
0.487965
0.487839
0.487828
0.487699
0.487685
0.487554
0.487537
0.487404
0.487384
0.487249
0.487226
0.487088
0.487062
0.486922
0.486893
0.486751
0.486719
0.486575
0.48654
0.486394
0.486355
0.486207
0.486165
0.486015
0.48597
0.485818
0.48577
0.485615
0.485564
0.485408
0.485354
0.485195
0.485138
0.484978
0.484917
0.484755
0.484691
0.484527
0.48446
0.484295
0.484225
0.484057
0.483984
0.483814
0.483738
0.483567
0.483487
0.483315
0.483232
0.483058
0.482972
0.482796
0.482707
0.482529
0.482437
0.482258
0.482163
0.481983
0.481884
0.481703
0.481601
0.481418
0.481313
0.481129
0.481022
0.480836
0.480725
0.480539
0.480425
0.480238
0.480121
0.479932
0.479812
0.479623
0.4795
0.47931
0.479184
0.478993
0.478864
0.478672
0.47854
0.478348
0.478213
0.47802
0.477882
0.477689
0.477548
0.477354
0.477211
0.477017
0.476871
0.476676
0.476527
0.476332
0.476181
0.475986
0.475832
0.475636
0.47548
0.475284
0.475126
0.47493
0.474769
0.474573
0.474409
0.474214
0.474048
0.473853
0.473684
0.473489
0.473319
0.473124
0.472951
0.472757
0.472582
0.472388
0.472211
0.472018
0.471839
0.471646
0.471465
0.471274
0.471091
0.4709
0.470715
0.470525
0.470337
0.470148
0.469958
0.46977
0.469578
0.46939
0.469196
0.469009
0.468815
0.468629
0.468433
0.468248
0.468051
0.467868
0.46767
0.46749
0.467283
0.46711
0.466913
0.466737
0.466528
0.466359
0.46616
0.465987
0.465777
0.465611
0.465411
0.465241
0.46503
0.464867
0.464666
0.464501
0.464289
0.464129
0.463928
0.463764
0.463555
0.463395
0.463198
0.463033
0.462827
0.462667
0.462475
0.462309
0.462106
0.461945
0.461758
0.461589
0.461401
0.461231
0.461045
0.460875
0.460692
0.46052
0.46034
0.460168
0.459991
0.459818
0.459644
0.459471
0.459299
0.459126
0.458957
0.458784
0.458617
0.458444
0.45828
0.458107
0.457946
0.457772
0.457615
0.457441
0.457287
0.457113
0.456962
0.456787
0.456639
0.456465
0.45632
0.456146
0.456005
0.455831
0.455692
0.455518
0.455383
0.455209
0.455077
0.454903
0.454775
0.454601
0.454476
0.454303
0.454181
0.454007
0.453889
0.453716
0.453601
0.453428
0.453316
0.453144
0.453035
0.452863
0.452758
0.452586
0.452484
0.452313
0.452215
0.452043
0.451948
0.451777
0.451686
0.451515
0.451427
0.451256
0.451172
0.451002
0.45092
0.45075
0.450672
0.450503
0.450428
0.450259
0.450187
0.450019
0.44995
0.449782
0.449717
0.449549
0.449487
0.449319
0.44926
0.449093
0.449037
0.448871
0.448817
0.448651
0.448601
0.448435
0.448388
0.448222
0.448178
0.448013
0.447971
0.447806
0.447768
0.447603
0.447567
0.447403
0.447369
0.447205
0.447174
0.447011
0.446982
0.446819
0.446793
0.44663
0.446606
0.446444
0.446422
0.44626
0.44624
0.446078
0.446061
0.445899
0.445884
0.445722
0.445709
0.445547
0.445536
0.445374
0.445365
0.445204
0.445196
0.445035
0.445029
0.444867
0.444863
0.444702
0.444699
0.444537
0.444536
0.444375
0.444375
0.444213
0.444215
0.444053
0.444055
0.443894
0.443897
0.443735
0.44374
0.443578
0.443583
0.443421
0.443427
0.443265
0.443272
0.443109
0.443117
0.442954
0.442962
0.442799
0.442807
0.442644
0.442652
0.442489
0.442498
0.442334
0.442343
0.442179
0.442188
0.442023
0.442032
0.441867
0.441876
0.44171
0.441719
0.441553
0.441561
0.441395
0.441403
0.441236
0.441243
0.441076
0.441083
0.440915
0.440921
0.440753
0.440758
0.440589
0.440594
0.440424
0.440428
0.440258
0.44026
0.44009
0.440091
0.43992
0.43992
0.439749
0.439748
0.439575
0.439573
0.4394
0.439396
0.439222
0.439217
0.439043
0.439036
0.438861
0.438853
0.438677
0.438667
0.438491
0.438479
0.438302
0.438289
0.438111
0.438096
0.437917
0.4379
0.437721
0.437702
0.437522
0.4375
0.43732
0.437297
0.437115
0.43709
0.436908
0.43688
0.436698
0.436668
0.436484
0.436452
0.436268
0.436234
0.436049
0.436012
0.435827
0.435788
0.435602
0.43556
0.435373
0.435329
0.435142
0.435095
0.434907
0.434858
0.434669
0.434618
0.434429
0.434374
0.434184
0.434127
0.433937
0.433877
0.433686
0.433624
0.433433
0.433368
0.433176
0.433108
0.432915
0.432845
0.432652
0.432579
0.432385
0.43231
0.432115
0.432037
0.431842
0.431761
0.431566
0.431482
0.431286
0.4312
0.431004
0.430915
0.430718
0.430626
0.430429
0.430335
0.430137
0.43004
0.429842
0.429742
0.429544
0.429441
0.429242
0.429137
0.428938
0.42883
0.428631
0.42852
0.42832
0.428207
0.428007
0.427891
0.427691
0.427573
0.427372
0.427251
0.42705
0.426927
0.426725
0.4266
0.426398
0.42627
0.426068
0.425937
0.425735
0.425602
0.425399
0.425264
0.425061
0.424923
0.42472
0.42458
0.424377
0.424235
0.424031
0.423887
0.423683
0.423536
0.423332
0.423183
0.422979
0.422828
0.422623
0.42247
0.422265
0.42211
0.421905
0.421748
0.421543
0.421383
0.421178
0.421016
0.420811
0.420648
0.420442
0.420277
0.420071
0.419903
0.419697
0.419528
0.419322
0.419151
0.418945
0.418772
0.418565
0.418391
0.418184
0.418008
0.4178
0.417622
0.417415
0.417236
0.417028
0.416847
0.416639
0.416456
0.416248
0.416064
0.415855
0.415669
0.415461
0.415273
0.415065
0.414876
0.414666
0.414476
0.414267
0.414075
0.413865
0.413672
0.413462
0.413268
0.413057
0.412861
0.41265
0.412453
0.412242
0.412044
0.411832
0.411633
0.41142
0.41122
0.411007
0.410805
0.410592
0.410389
0.410175
0.409971
0.409757
0.409552
0.409337
0.409131
0.408916
0.408709
0.408492
0.408284
0.408068
0.407859
0.407641
0.407431
0.407213
0.407002
0.406783
0.406571
0.406352
0.406139
0.405919
0.405705
0.405484
0.405269
0.405047
0.404832
0.404609
0.404393
0.404169
0.403952
0.403727
0.403509
0.403284
0.403065
0.402839
0.402619
0.402391
0.402171
0.401943
0.401721
0.401492
0.40127
0.401039
0.400816
0.400585
0.400361
0.400128
0.399904
0.39967
0.399445
0.39921
0.398984
0.398747
0.398521
0.398283
0.398055
0.397817
0.397588
0.397348
0.397119
0.396878
0.396648
0.396405
0.396174
0.39593
0.395698
0.395453
0.395221
0.394974
0.39474
0.394492
0.394258
0.394008
0.393773
0.393522
0.393286
0.393033
0.392796
0.392542
0.392304
0.392048
0.39181
0.391552
0.391313
0.391054
0.390813
0.390553
0.390311
0.390049
0.389807
0.389542
0.389299
0.389033
0.388789
0.388521
0.388276
0.388007
0.38776
0.387489
0.387242
0.386969
0.386721
0.386446
0.386196
0.38592
0.385669
0.385391
0.385139
0.384859
0.384606
0.384323
0.384069
0.383785
0.38353
0.383244
0.382987
0.382699
0.382442
0.382152
0.381893
0.381601
0.38134
0.381047
0.380785
0.380489
0.380226
0.379928
0.379664
0.379364
0.379098
0.378796
0.378529
0.378225
0.377956
0.377651
0.37738
0.377073
0.3768
0.376491
0.376217
0.375906
0.37563
0.375317
0.37504
0.374724
0.374446
0.374128
0.373848
0.373528
0.373246
0.372925
0.372641
0.372317
0.372032
0.371706
0.371419
0.371091
0.370802
0.370472
0.370181
0.36985
0.369557
0.369223
0.368928
0.368593
0.368296
0.367959
0.36766
0.36732
0.367019
0.366678
0.366375
0.366032
0.365727
0.365382
0.365075
0.364728
0.364419
0.36407
0.363759
0.363408
0.363095
0.362743
0.362427
0.362073
0.361755
0.361399
0.361079
0.360721
0.360399
0.360039
0.359715
0.359354
0.359026
0.358664
0.358335
0.35797
0.357639
0.357273
0.356939
0.356571
0.356235
0.355866
0.355527
0.355157
0.354815
0.354444
0.3541
0.353727
0.353381
0.353006
0.352657
0.352282
0.351931
0.351553
0.3512
0.350821
0.350465
0.350086
0.349727
0.349346
0.348986
0.348603
0.34824
0.347857
0.347491
0.347107
0.346739
0.346353
0.345983
0.345597
0.345224
0.344836
0.344461
0.344073
0.343695
0.343306
0.342926
0.342536
0.342153
0.341763
0.341378
0.340987
0.340599
0.340207
0.339818
0.339425
0.339033
0.33864
0.338246
0.337852
0.337455
0.337062
0.336663
0.336268
0.335867
0.335473
0.335069
0.334674
0.334269
0.333874
0.333466
0.333071
0.332661
0.332265
0.331853
0.331458
0.331044
0.330648
0.330232
0.329837
0.329419
0.329024
0.328604
0.328211
0.327777
0.327392
0.326972
0.32658
0.326144
0.32576
0.325335
0.324943
0.324506
0.324121
0.323693
0.323301
0.322861
0.322477
0.322046
0.321655
0.321213
0.320829
0.320395
0.320005
0.319568
0.319175
0.318729
0.318343
0.317909
0.317515
0.31708
0.316683
0.316239
0.31585
0.315418
0.31502
0.314586
0.314186
0.313752
0.313352
0.312908
0.312516
0.312086
0.311684
0.311253
0.31085
0.310419
0.310015
0.309585
0.30918
0.30875
0.308345
0.307908
0.307514
0.307089
0.306683
0.306257
0.305851
0.305427
0.30502
0.304598
0.30419
0.303771
0.303363
0.302945
0.302537
0.302121
0.301713
0.301299
0.30089
0.300478
0.30007
0.299659
0.299251
0.298842
0.298433
0.298027
0.297618
0.297214
0.296805
0.296403
0.295994
0.295594
0.295185
0.294787
0.294379
0.293983
0.293575
0.293181
0.292773
0.292382
0.291974
0.291585
0.291178
0.290791
0.290384
0.289999
0.289593
0.289211
0.288805
0.288425
0.28802
0.287642
0.287237
0.286862
0.286458
0.286085
0.285682
0.285311
0.284908
0.28454
0.284138
0.283773
0.283371
0.283008
0.282607
0.282247
0.281847
0.281489
0.281089
0.280734
0.280335
0.279982
0.279585
0.279234
0.278837
0.278489
0.278093
0.277748
0.277353
0.277009
0.276615
0.276275
0.275881
0.275543
0.275151
0.274815
0.274424
0.27409
0.2737
0.273369
0.272979
0.272651
0.272262
0.271936
0.271549
0.271225
0.270838
0.270517
0.270131
0.269812
0.269427
0.26911
0.268727
0.268412
0.26803
0.267717
0.267335
0.267025
0.266644
0.266336
0.265957
0.265651
0.265272
0.264968
0.26459
0.264288
0.263911
0.263612
0.263236
0.262938
0.262563
0.262267
0.261893
0.261599
0.261226
0.260933
0.260561
0.26027
0.259899
0.25961
0.25924
0.258953
0.258583
0.258297
0.257929
0.257645
0.257277
0.256994
0.256627
0.256346
0.25598
0.2557
0.255335
0.255056
0.254691
0.254414
0.25405
0.253775
0.253411
0.253137
0.252774
0.2525
0.252138
0.251866
0.251504
0.251233
0.250872
0.250602
0.250241
0.249972
0.249612
0.249343
0.248984
0.248716
0.248357
0.24809
0.247732
0.247465
0.247107
0.246841
0.246483
0.246218
0.245861
0.245595
0.245239
0.244974
0.244618
0.244353
0.243997
0.243732
0.243377
0.243113
0.242757
0.242493
0.242138
0.241874
0.241519
0.241255
0.2409
0.240636
0.240281
0.240017
0.239662
0.239397
0.239043
0.238778
0.238424
0.238159
0.237804
0.237539
0.237184
0.236918
0.236564
0.236297
0.235943
0.235676
0.235321
0.235053
0.234699
0.23443
0.234076
0.233807
0.233452
0.233182
0.232826
0.232556
0.2322
0.231929
0.231573
0.231301
0.230945
0.230671
0.230315
0.23004
0.229684
0.229408
0.229051
0.228774
0.228417
0.228139
0.227781
0.227502
0.227144
0.226863
0.226505
0.226223
0.225864
0.22558
0.225221
0.224936
0.224576
0.22429
0.22393
0.223642
0.223281
0.222992
0.22263
0.222339
0.221977
0.221685
0.221322
0.221028
0.220664
0.220368
0.220004
0.219707
0.219342
0.219043
0.218678
0.218377
0.218011
0.217708
0.217341
0.217036
0.216669
0.216362
0.215994
0.215686
0.215317
0.215006
0.214637
0.214324
0.213954
0.21364
0.213269
0.212952
0.21258
0.212262
0.211889
0.211569
0.211196
0.210873
0.210499
0.210174
0.209799
0.209473
0.209097
0.208768
0.208392
0.208061
0.207683
0.20735
0.206972
0.206637
0.206258
0.205921
0.205541
0.205202
0.204821
0.20448
0.204098
0.203754
0.203372
0.203026
0.202643
0.202295
0.201911
0.201561
0.201176
0.200824
0.200438
0.200084
0.199697
0.199341
0.198953
0.198594
0.198206
0.197845
0.197456
0.197093
0.196703
0.196338
0.195947
0.195581
0.195189
0.19482
0.194427
0.194056
0.193663
0.193289
0.192895
0.19252
0.192125
0.191748
0.191352
0.190973
0.190576
0.190195
0.189797
0.189414
0.189016
0.188631
0.188232
0.187845
0.187445
0.187056
0.186655
0.186264
0.185863
0.18547
0.185068
0.184673
0.184271
0.183874
0.183471
0.183072
0.182668
0.182268
0.181863
0.181462
0.181056
0.180652
0.180246
0.179841
0.179434
0.179027
0.17862
0.178211
0.177803
0.177393
0.176984
0.176572
0.176163
0.17575
0.175339
0.174925
0.174514
0.174098
0.173687
0.173269
0.172857
0.172438
0.172026
0.171605
0.171192
0.170771
0.170357
0.169934
0.16952
0.169096
0.168681
0.168256
0.167841
0.167414
0.166998
0.16657
0.166155
0.165725
0.165309
0.164879
0.164462
0.164031
0.163614
0.163181
0.162764
0.16233
0.161913
0.161478
0.16106
0.160625
0.160206
0.15977
0.159351
0.158914
0.158494
0.158056
0.157637
0.157198
0.15678
0.15634
0.155921
0.155481
0.155062
0.154621
0.154201
0.15376
0.15334
0.152899
0.152478
0.152036
0.151616
0.151174
0.150753
0.15031
0.149889
0.149446
0.149025
0.148582
0.14816
0.147716
0.147295
0.14685
0.146428
0.145984
0.145561
0.145116
0.144693
0.144248
0.143825
0.143375
0.142954
0.14251
0.142088
0.141642
0.14122
0.140774
0.140351
0.139902
0.13948
0.139035
0.138613
0.138168
0.137745
0.137299
0.136875
0.136425
0.136002
0.135558
0.135135
0.13469
0.134266
0.133817
0.133395
0.13295
0.132527
0.132082
0.131658
0.131209
0.130786
0.130342
0.129919
0.129474
0.12905
0.128601
0.128178
0.127734
0.127311
0.126864
0.126441
0.125998
0.125575
0.125128
0.124705
0.124263
0.123839
0.123393
0.12297
0.122528
0.122105
0.121659
0.121236
0.120795
0.120371
0.119926
0.119503
0.119062
0.118639
0.118194
0.117771
0.117331
0.116907
0.116463
0.11604
0.115601
0.115178
0.114734
0.114311
0.113872
0.113449
0.113006
0.112583
0.112145
0.111722
0.11128
0.110857
0.11042
0.109997
0.109555
0.109133
0.108696
0.108274
0.107832
0.10741
0.106974
0.106552
0.106111
0.105689
0.105254
0.104831
0.104391
0.103969
0.103535
0.103113
0.102674
0.102251
0.101818
0.101396
0.100958
0.100535
0.100103
0.0996812
0.0992433
0.0988213
0.0983877
0.0979662
0.0975347
0.0971132
0.0966766
0.0962548
0.0958224
0.0954009
0.0949706
0.0945493
0.0941136
0.093692
0.0932607
0.0928393
0.0924083
0.091987
0.0915581
0.0911371
0.0907027
0.0902813
0.0898513
0.0894301
0.0890004
0.0885793
0.08815
0.0877289
0.0872999
0.0868788
0.0864502
0.0860291
0.0856007
0.0851796
0.0847515
0.0843304
0.0839026
0.0834815
0.0830539
0.0826328
0.0822055
0.0817844
0.0813573
0.0809362
0.0805093
0.0800882
0.0796616
0.0792404
0.078814
0.0783927
0.0779666
0.0775453
0.0771193
0.076698
0.0762723
0.0758509
0.0754253
0.0750038
0.0745785
0.0741569
0.0737318
0.0733102
0.0728851
0.0724634
0.0720386
0.0716168
0.0711921
0.0707702
0.0703457
0.0699237
0.0694993
0.0690772
0.068653
0.0682307
0.0678066
0.0673842
0.0669603
0.0665378
0.0661139
0.0656912
0.0652675
0.0648447
0.0644211
0.0639981
0.0635746
0.0631514
0.062728
0.0623046
0.0618813
0.0614577
0.0610345
0.0606108
0.0601876
0.0597637
0.0593406
0.0589164
0.0584935
0.058069
0.0576462
0.0572215
0.0567987
0.0563738
0.055951
0.0555258
0.0551037
0.0546775
0.0542559
0.0538287
0.0534067
0.0529795
0.0525573
0.0521299
0.0517077
0.0512802
0.0508579
0.0504301
0.0500078
0.0495798
0.0491574
0.0487293
0.0483068
0.0478784
0.0474559
0.0470273
0.0466047
0.0461759
0.0457532
0.0453242
0.0449012
0.0444718
0.0440491
0.0436194
0.0431967
0.0427666
0.0423438
0.0419135
0.0414903
0.0410594
0.0406366
0.0402054
0.0397824
0.0393508
0.0389278
0.0384957
0.0380726
0.0376401
0.0372169
0.0367839
0.0363607
0.0359272
0.035504
0.03507
0.0346467
0.0342121
0.0337888
0.0333538
0.0329304
0.0324949
0.0320715
0.0316354
0.031212
0.0307754
0.030352
0.0299149
0.0294915
0.0290539
0.0286305
0.0281923
0.0277689
0.0273302
0.0269069
0.0264676
0.0260443
0.0256045
0.0251812
0.0247408
0.0243177
0.0238767
0.0234536
0.0230121
0.0225891
0.022147
0.0217241
0.0212814
0.0208586
0.0204153
0.0199927
0.0195488
0.0191263
0.0186818
0.0182594
0.0178143
0.0173921
0.0169464
0.0165244
0.0160781
0.0156562
0.0152092
0.0147876
0.01434
0.0139185
0.0134703
0.013049
0.0126002
0.0121791
0.0117296
0.0113088
0.0108586
0.0104381
0.00998722
0.00956691
0.00911539
0.00869534
0.00824313
0.00782336
0.00737046
0.00695097
0.00649738
0.00607818
0.00562387
0.00520497
0.00474995
0.00433136
0.00387561
0.00345734
0.00300085
0.0025829
0.00212567
0.00170805
0.00125007
0.000832779
0.000374041
-4.29122e-05
-0.000502421
-0.00091903
-0.00137932
-0.00179558
-0.00225666
-0.00267257
-0.00313445
-0.00355001
-0.0040127
-0.0044279
-0.00489141
-0.00530626
-0.00577059
-0.00618509
-0.00665027
-0.00706441
-0.00753044
-0.00794422
-0.00841111
-0.00882455
-0.00929232
-0.00970541
-0.0101741
-0.0105868
-0.0110563
-0.0114688
-0.0119392
-0.0123513
-0.0128227
-0.0132344
-0.0137067
-0.0141182
-0.0145914
-0.0150026
-0.0154767
-0.0158876
-0.0163628
-0.0167733
-0.0172495
-0.0176598
-0.0181369
-0.018547
-0.0190251
-0.0194349
-0.019914
-0.0203237
-0.0208038
-0.0212132
-0.0216944
-0.0221036
-0.0225858
-0.0229949
-0.0234782
-0.0238872
-0.0243715
-0.0247803
-0.0252657
-0.0256745
-0.026161
-0.0265697
-0.0270573
-0.027466
-0.0279547
-0.0283634
-0.0288532
-0.0292619
-0.0297529
-0.0301616
-0.0306537
-0.0310626
-0.0315558
-0.0319648
-0.0324592
-0.0328683
-0.0333639
-0.0337732
-0.03427
-0.0346796
-0.0351775
-0.0355874
-0.0360865
-0.0364966
-0.036997
-0.0374075
-0.0379091
-0.03832
-0.0388228
-0.0392341
-0.0397381
-0.0401499
-0.0406552
-0.0410675
-0.041574
-0.0419869
-0.0424946
-0.0429081
-0.0434171
-0.0438313
-0.0443416
-0.0447564
-0.0452679
-0.0456835
-0.0461963
-0.0466127
-0.0471268
-0.0475441
-0.0481565
-0.0485891
-0.0491416
-0.0495647
-0.0501107
-0.0505297
-0.0510735
-0.0514904
-0.0520332
-0.052449
-0.0529919
-0.0534073
-0.0539507
-0.0543661
-0.0549103
-0.055326
-0.0558714
-0.0562876
-0.0568342
-0.057251
-0.0577989
-0.0582164
-0.0587657
-0.059184
-0.0597347
-0.060289
-0.0608613
-0.0613307
-0.061886
-0.0623526
-0.0629041
-0.0633624
-0.0639107
-0.0643666
-0.0649135
-0.0653678
-0.0659141
-0.0663678
-0.066914
-0.0673679
-0.0679144
-0.0683687
-0.0689158
-0.0693709
-0.0699188
-0.0703748
-0.0709234
-0.0713806
-0.07193
-0.0723884
-0.0729387
-0.0733983
-0.0739495
-0.0744104
-0.0749624
-0.0754165
-0.0759835
-0.0764398
-0.0770062
-0.077464
-0.0780313
-0.0784906
-0.0790586
-0.0795193
-0.0800881
-0.0805504
-0.0811199
-0.0815836
-0.0821537
-0.0826189
-0.0831897
-0.0836563
-0.0842277
-0.0846958
-0.0852678
-0.0857373
-0.0863098
-0.0867808
-0.0873537
-0.0878262
-0.0883996
-0.0888734
-0.0894472
-0.0899225
-0.0904966
-0.0909734
-0.0915478
-0.092026
-0.0926006
-0.0930802
-0.0936551
-0.094136
-0.0947111
-0.0951934
-0.0957686
-0.0962523
-0.0968276
-0.0973126
-0.0978879
-0.0983743
-0.0989495
-0.0994372
-0.100012
-0.100501
-0.101076
-0.101567
-0.102142
-0.102633
-0.103208
-0.1037
-0.104275
-0.104769
-0.105343
-0.105838
-0.106412
-0.106908
-0.107481
-0.107979
-0.108551
-0.10905
-0.109622
-0.110122
-0.110693
-0.111194
-0.111765
-0.112267
-0.112837
-0.11334
-0.113909
-0.114413
-0.114981
-0.115486
-0.116054
-0.116559
-0.117126
-0.117632
-0.118198
-0.118705
-0.11927
-0.119778
-0.120342
-0.120851
-0.121413
-0.121923
-0.122484
-0.122994
-0.123554
-0.124065
-0.124623
-0.125135
-0.125692
-0.126204
-0.12676
-0.127273
-0.127827
-0.12834
-0.128893
-0.129406
-0.129957
-0.130471
-0.131021
-0.131535
-0.132081
-0.132603
-0.133143
-0.133656
-0.134199
-0.13472
-0.135257
-0.13577
-0.136309
-0.136831
-0.137363
-0.137877
-0.138412
-0.138933
-0.139462
-0.139976
-0.140508
-0.141023
-0.141553
-0.142075
-0.142599
-0.143113
-0.143638
-0.144153
-0.144677
-0.145197
-0.145714
-0.146227
-0.146746
-0.14726
-0.147778
-0.148291
-0.148806
-0.14932
-0.149833
-0.150346
-0.150857
-0.151369
-0.151877
-0.152389
-0.152894
-0.153405
-0.153907
-0.154418
-0.154918
-0.155428
-0.155924
-0.156434
-0.156928
-0.157437
-0.157928
-0.158437
-0.158925
-0.159433
-0.159918
-0.160425
-0.160907
-0.161414
-0.161893
-0.162398
-0.162875
-0.163379
-0.163853
-0.164357
-0.164827
-0.16533
-0.165797
-0.166299
-0.166763
-0.167265
-0.167726
-0.168226
-0.168684
-0.169183
-0.169638
-0.170136
-0.170587
-0.171085
-0.171533
-0.172029
-0.172474
-0.172969
-0.173411
-0.173905
-0.174344
-0.174836
-0.175272
-0.175763
-0.176196
-0.176686
-0.177115
-0.177604
-0.17803
-0.178518
-0.17894
-0.179427
-0.179846
-0.180331
-0.180747
-0.181231
-0.181644
-0.182126
-0.182536
-0.183017
-0.183423
-0.183903
-0.184306
-0.184784
-0.185184
-0.185661
-0.186058
-0.186533
-0.186926
-0.187401
-0.187791
-0.188263
-0.18865
-0.189121
-0.189505
-0.189974
-0.190355
-0.190823
-0.1912
-0.191667
-0.192041
-0.192506
-0.192877
-0.19334
-0.193708
-0.19417
-0.194535
-0.194995
-0.195357
-0.195816
-0.196174
-0.196632
-0.196987
-0.197443
-0.197795
-0.198249
-0.198598
-0.199051
-0.199397
-0.199849
-0.200191
-0.200642
-0.200981
-0.20143
-0.201767
-0.202214
-0.202547
-0.202993
-0.203324
-0.203768
-0.204096
-0.204538
-0.204863
-0.205304
-0.205626
-0.206066
-0.206385
-0.206823
-0.20714
-0.207576
-0.20789
-0.208325
-0.208636
-0.209069
-0.209378
-0.20981
-0.210116
-0.210546
-0.210849
-0.211278
-0.211579
-0.212006
-0.212304
-0.212731
-0.213026
-0.213447
-0.213745
-0.214166
-0.214461
-0.214881
-0.215174
-0.215593
-0.215883
-0.216302
-0.216589
-0.217006
-0.217291
-0.217707
-0.217989
-0.218405
-0.218684
-0.219099
-0.219376
-0.21979
-0.220064
-0.220477
-0.220749
-0.221161
-0.22143
-0.221842
-0.222108
-0.222519
-0.222783
-0.223194
-0.223456
-0.223867
-0.224127
-0.224537
-0.224796
-0.225206
-0.225463
-0.225872
-0.226128
-0.226537
-0.226791
-0.2272
-0.227453
-0.22786
-0.228112
-0.228519
-0.22877
-0.229177
-0.229426
-0.229832
-0.23008
-0.230486
-0.230733
-0.231138
-0.231384
-0.231789
-0.232033
-0.232438
-0.232681
-0.233086
-0.233328
-0.233732
-0.233973
-0.234377
-0.234617
-0.23502
-0.235259
-0.235662
-0.2359
-0.236303
-0.23654
-0.236943
-0.237179
-0.237581
-0.237817
-0.238219
-0.238454
-0.238855
-0.239089
-0.239491
-0.239724
-0.240125
-0.240358
-0.240758
-0.240991
-0.241391
-0.241623
-0.242023
-0.242254
-0.242654
-0.242884
-0.243284
-0.243514
-0.243914
-0.244143
-0.244542
-0.244772
-0.245171
-0.2454
-0.245798
-0.246027
-0.246426
-0.246654
-0.247052
-0.247281
-0.247679
-0.247907
-0.248305
-0.248533
-0.24893
-0.249158
-0.249555
-0.249783
-0.25018
-0.250408
-0.250804
-0.251033
-0.25143
-0.251659
-0.252057
-0.252288
-0.252534
-0.252691
-0.25303
-0.253053
-0.25326
-0.253426
-0.253761
-0.253932
-0.254283
-0.254474
-0.25484
-0.255041
-0.255416
-0.255625
-0.256006
-0.256219
-0.256604
-0.25682
-0.257208
-0.257426
-0.257815
-0.258034
-0.258424
-0.258645
-0.259036
-0.259256
-0.259648
-0.259869
-0.26026
-0.260482
-0.260873
-0.261094
-0.261486
-0.261707
-0.262099
-0.26232
-0.262711
-0.262933
-0.263324
-0.263545
-0.263936
-0.264158
-0.264548
-0.26477
-0.26516
-0.265382
-0.265772
-0.265994
-0.266384
-0.266606
-0.266996
-0.267218
-0.267607
-0.267829
-0.268219
-0.268441
-0.26883
-0.269052
-0.269442
-0.269664
-0.270053
-0.270276
-0.270665
-0.270887
-0.271276
-0.271499
-0.271888
-0.272111
-0.272499
-0.272723
-0.273111
-0.273335
-0.273723
-0.273947
-0.274335
-0.274559
-0.274947
-0.275171
-0.275559
-0.275784
-0.276172
-0.276397
-0.276785
-0.27701
-0.277398
-0.277623
-0.278011
-0.278236
-0.278624
-0.27885
-0.279238
-0.279464
-0.279852
-0.280078
-0.280466
-0.280693
-0.28108
-0.281308
-0.281695
-0.281923
-0.28231
-0.282538
-0.282926
-0.283154
-0.283541
-0.28377
-0.284157
-0.284386
-0.284774
-0.285003
-0.28539
-0.28562
-0.286008
-0.286238
-0.286625
-0.286855
-0.287243
-0.287474
-0.287861
-0.288092
-0.28848
-0.288711
-0.289099
-0.289331
-0.289718
-0.289951
-0.290338
-0.290571
-0.290958
-0.291192
-0.291579
-0.291813
-0.2922
-0.292434
-0.292822
-0.293056
-0.293444
-0.293679
-0.294066
-0.294301
-0.294689
-0.294925
-0.295313
-0.295549
-0.295937
-0.296173
-0.296561
-0.296798
-0.297186
-0.297423
-0.297811
-0.298049
-0.298437
-0.298675
-0.299064
-0.299302
-0.29969
-0.299929
-0.300318
-0.300557
-0.300946
-0.301185
-0.301574
-0.301814
-0.302203
-0.302444
-0.302833
-0.303074
-0.303463
-0.303704
-0.304094
-0.304335
-0.304725
-0.304967
-0.305357
-0.305599
-0.305989
-0.306232
-0.306622
-0.306866
-0.307256
-0.3075
-0.30789
-0.308135
-0.308525
-0.30877
-0.309161
-0.309406
-0.309797
-0.310043
-0.310434
-0.31068
-0.311072
-0.311319
-0.31171
-0.311957
-0.31235
-0.312597
-0.312989
-0.313237
-0.31363
-0.313878
-0.314271
-0.31452
-0.314913
-0.315163
-0.315556
-0.315806
-0.3162
-0.31645
-0.316844
-0.317095
-0.317489
-0.317741
-0.318135
-0.318387
-0.318782
-0.319035
-0.31943
-0.319686
-0.320077
-0.320334
-0.320725
-0.320981
-0.321373
-0.32163
-0.322021
-0.322279
-0.322671
-0.322929
-0.323322
-0.32358
-0.323973
-0.324232
-0.324626
-0.324885
-0.325279
-0.325539
-0.325934
-0.326195
-0.32659
-0.326851
-0.327246
-0.327508
-0.327904
-0.328167
-0.328563
-0.328827
-0.329224
-0.329487
-0.329885
-0.33015
-0.330548
-0.330813
-0.331211
-0.331477
-0.331876
-0.332143
-0.332543
-0.33281
-0.33321
-0.333478
-0.333879
-0.334148
-0.334549
-0.334819
-0.335221
-0.335491
-0.335894
-0.336165
-0.336568
-0.33684
-0.337243
-0.337516
-0.33792
-0.338194
-0.338598
-0.338873
-0.339278
-0.339553
-0.339959
-0.340235
-0.340641
-0.340918
-0.341325
-0.341603
-0.342011
-0.342289
-0.342697
-0.342977
-0.343386
-0.343666
-0.344075
-0.344357
-0.344767
-0.345049
-0.345459
-0.345743
-0.346154
-0.346438
-0.346849
-0.347135
-0.347547
-0.347833
-0.348246
-0.348533
-0.348947
-0.349234
-0.349648
-0.349937
-0.35035
-0.35064
-0.351053
-0.351344
-0.351758
-0.352049
-0.352463
-0.352755
-0.353169
-0.353462
-0.353876
-0.354171
-0.354585
-0.35488
-0.355294
-0.35559
-0.356004
-0.356302
-0.356716
-0.357014
-0.357428
-0.357727
-0.358141
-0.358442
-0.358856
-0.359157
-0.359571
-0.359874
-0.360288
-0.360591
-0.361005
-0.36131
-0.361723
-0.36203
-0.362443
-0.36275
-0.363163
-0.363472
-0.363885
-0.364194
-0.364607
-0.364918
-0.36533
-0.365642
-0.366054
-0.366367
-0.366779
-0.367094
-0.367505
-0.367821
-0.368232
-0.368549
-0.36896
-0.369278
-0.369688
-0.370008
-0.370418
-0.370738
-0.371148
-0.37147
-0.371879
-0.372202
-0.37261
-0.372935
-0.373343
-0.373668
-0.374076
-0.374403
-0.374809
-0.375138
-0.375544
-0.375873
-0.376278
-0.376609
-0.377014
-0.377346
-0.37775
-0.378084
-0.378487
-0.378822
-0.379224
-0.37956
-0.379961
-0.380298
-0.380697
-0.381036
-0.381434
-0.381771
-0.382169
-0.382506
-0.382903
-0.383242
-0.383638
-0.383977
-0.384373
-0.384714
-0.385108
-0.385451
-0.385845
-0.386188
-0.386581
-0.386926
-0.387318
-0.387664
-0.388055
-0.388402
-0.388943
-0.389346
-0.389787
-0.390387
-0.390864
-0.391297
-0.391728
-0.39213
-0.392567
-0.392957
-0.393374
-0.393757
-0.394165
-0.394544
-0.394947
-0.395323
-0.395721
-0.396096
-0.396491
-0.396865
-0.397257
-0.397632
-0.398022
-0.398398
-0.398786
-0.399162
-0.399548
-0.399926
-0.40031
-0.400689
-0.401072
-0.401451
-0.401834
-0.402212
-0.402597
-0.402973
-0.403359
-0.403734
-0.40412
-0.404494
-0.404882
-0.405254
-0.405643
-0.406013
-0.406403
-0.406772
-0.407163
-0.40753
-0.407923
-0.408288
-0.408681
-0.409045
-0.409439
-0.409801
-0.410197
-0.410557
-0.410953
-0.411312
-0.411709
-0.412065
-0.412464
-0.412818
-0.413218
-0.41357
-0.413971
-0.414321
-0.414722
-0.415071
-0.415473
-0.41582
-0.416222
-0.416567
-0.416971
-0.417313
-0.417717
-0.418058
-0.418463
-0.418801
-0.419207
-0.419543
-0.419949
-0.420283
-0.42069
-0.421022
-0.42143
-0.421759
-0.422168
-0.422495
-0.422904
-0.423228
-0.423638
-0.423961
-0.424371
-0.424691
-0.425102
-0.425421
-0.425832
-0.426149
-0.426561
-0.426876
-0.427288
-0.427601
-0.428015
-0.428326
-0.428741
-0.429049
-0.429465
-0.429771
-0.430187
-0.43049
-0.430907
-0.431207
-0.431625
-0.431922
-0.43234
-0.432635
-0.433053
-0.433345
-0.433764
-0.434054
-0.434473
-0.434759
-0.435179
-0.435463
-0.435882
-0.436164
-0.436584
-0.436862
-0.437282
-0.437558
-0.437979
-0.438252
-0.438672
-0.438942
-0.439363
-0.439631
-0.440051
-0.440316
-0.440737
-0.440999
-0.44142
-0.441679
-0.4421
-0.442356
-0.442777
-0.443031
-0.443452
-0.443702
-0.444123
-0.444371
-0.444792
-0.445037
-0.445458
-0.4457
-0.44612
-0.44636
-0.44678
-0.447017
-0.447437
-0.447671
-0.448091
-0.448322
-0.448742
-0.44897
-0.44939
-0.449615
-0.450034
-0.450257
-0.450676
-0.450896
-0.451315
-0.451531
-0.45195
-0.452164
-0.452582
-0.452793
-0.453212
-0.45342
-0.453831
-0.454046
-0.454458
-0.454671
-0.455083
-0.455293
-0.455705
-0.455912
-0.456324
-0.456528
-0.45694
-0.457141
-0.457552
-0.457751
-0.458162
-0.458358
-0.458768
-0.458961
-0.459371
-0.459562
-0.459971
-0.460159
-0.460567
-0.460753
-0.461161
-0.461344
-0.461751
-0.461931
-0.462338
-0.462516
-0.462922
-0.463097
-0.463502
-0.463675
-0.464079
-0.46425
-0.464654
-0.464821
-0.465225
-0.46539
-0.465792
-0.465955
-0.466357
-0.466517
-0.466918
-0.467076
-0.467477
-0.467632
-0.468032
-0.468185
-0.468584
-0.468735
-0.469133
-0.469282
-0.469679
-0.469825
-0.470222
-0.470366
-0.470762
-0.470904
-0.471299
-0.471438
-0.471833
-0.47197
-0.472364
-0.472499
-0.472892
-0.473025
-0.473417
-0.473548
-0.473939
-0.474068
-0.474458
-0.474585
-0.474974
-0.475099
-0.475488
-0.475611
-0.475999
-0.47612
-0.476507
-0.476626
-0.477012
-0.477129
-0.477514
-0.47763
-0.478014
-0.478128
-0.478511
-0.478623
-0.479005
-0.479116
-0.479497
-0.479606
-0.479986
-0.480093
-0.480473
-0.480578
-0.480957
-0.48106
-0.481438
-0.48154
-0.481917
-0.482017
-0.482394
-0.482492
-0.482868
-0.482965
-0.483339
-0.483435
-0.483808
-0.483903
-0.484275
-0.484368
-0.48474
-0.484831
-0.485202
-0.485292
-0.485662
-0.48575
-0.486119
-0.486207
-0.486574
-0.486661
-0.487028
-0.487113
-0.487478
-0.487562
-0.487927
-0.48801
-0.488374
-0.488455
-0.488818
-0.488898
-0.48926
-0.48934
-0.489701
-0.489779
-0.490139
-0.490216
-0.490575
-0.490651
-0.491009
-0.491084
-0.491441
-0.491515
-0.491871
-0.491944
-0.492299
-0.492371
-0.492725
-0.492796
-0.493149
-0.49322
-0.493572
-0.493641
-0.493992
-0.49406
-0.49441
-0.494478
-0.494827
-0.494894
-0.495242
-0.495308
-0.495654
-0.49572
-0.496065
-0.49613
-0.496474
-0.496538
-0.496882
-0.496945
-0.497287
-0.497349
-0.497691
-0.497752
-0.498092
-0.498153
-0.498492
-0.498553
-0.498891
-0.49895
-0.499287
-0.499346
-0.499681
-0.49974
-0.500074
-0.500132
-0.500465
-0.500522
-0.500854
-0.500911
-0.501241
-0.501298
-0.501627
-0.501682
-0.50201
-0.502065
-0.502392
-0.502447
-0.502772
-0.502826
-0.50315
-0.503204
-0.503526
-0.503579
-0.5039
-0.503953
-0.504273
-0.504325
-0.504643
-0.504695
-0.505012
-0.505063
-0.505378
-0.505429
-0.505743
-0.505793
-0.506106
-0.506156
-0.506466
-0.506516
-0.506825
-0.506874
-0.507182
-0.50723
-0.507536
-0.507584
-0.507888
-0.507936
-0.508239
-0.508286
-0.508587
-0.508634
-0.508933
-0.508979
-0.509277
-0.509323
-0.509618
-0.509664
-0.509957
-0.510002
-0.510294
-0.510339
-0.510629
-0.510673
-0.510961
-0.511005
-0.51129
-0.511334
-0.511618
-0.511661
-0.511943
-0.511985
-0.512265
-0.512307
-0.512584
-0.512626
-0.512901
-0.512943
-0.513216
-0.513257
-0.513527
-0.513568
-0.513836
-0.513876
-0.514142
-0.514182
-0.514445
-0.514484
-0.514746
-0.514784
-0.515043
-0.515081
-0.515337
-0.515375
-0.515629
-0.515666
-0.515917
-0.515953
-0.516202
-0.516238
-0.516484
-0.516519
-0.516762
-0.516797
-0.517037
-0.517071
-0.517309
-0.517343
-0.517578
-0.51761
-0.517842
-0.517875
-0.518104
-0.518136
-0.518362
-0.518393
-0.518616
-0.518646
-0.518866
-0.518896
-0.519113
-0.519142
-0.519356
-0.519384
-0.519595
-0.519622
-0.51983
-0.519857
-0.520061
-0.520087
-0.520287
-0.520313
-0.52051
-0.520535
-0.520729
-0.520753
-0.520943
-0.520967
-0.521153
-0.521176
-0.521359
-0.521381
-0.521561
-0.521581
-0.521758
-0.521777
-0.52195
-0.521969
-0.522138
-0.522156
-0.522321
-0.522338
-0.5225
-0.522516
-0.522673
-0.522689
-0.522842
-0.522857
-0.523006
-0.52302
-0.523166
-0.523178
-0.52332
-0.523331
-0.523469
-0.52348
-0.523613
-0.523623
-0.523753
-0.523761
-0.523887
-0.523894
-0.524015
-0.524021
-0.524139
-0.524144
-0.524257
-0.524261
-0.52437
-0.524373
-0.524477
-0.524479
-0.52458
-0.52458
-0.524676
-0.524676
-0.524767
-0.524765
-0.524853
-0.52485
-0.524933
-0.524929
-0.525007
-0.525002
-0.525076
-0.525069
-0.525139
-0.525131
-0.525196
-0.525187
-0.525248
-0.525237
-0.525294
-0.525282
-0.525334
-0.525321
-0.525368
-0.525353
-0.525396
-0.52538
-0.525419
-0.525401
-0.525435
-0.525417
-0.525446
-0.525426
-0.525451
-0.525429
-0.525449
-0.525426
-0.525442
-0.525418
-0.525429
-0.525403
-0.525409
-0.525382
-0.525383
-0.525355
-0.525352
-0.525321
-0.525314
-0.52528
-0.525268
