0.00454545 
0.00532346 
0.00893505 
0.0107306 
0.0140855 
0.0163407 
0.0197268 
0.0222513 
0.0257532 
0.0284848 
0.0321273 
0.0350502 
0.0388403 
0.0419561 
0.045895 
0.0492108 
0.0532951 
0.056817 
0.0610389 
0.0647674 
0.069114 
0.0730412 
0.0774952 
0.0816043 
0.0861446 
0.0904098 
0.0950127 
0.0994014 
0.104042 
0.108517 
0.11317 
0.117693 
0.122334 
0.126866 
0.131472 
0.135977 
0.140527 
0.144972 
0.149449 
0.153834 
0.158211 
0.162461 
0.16674 
0.170847 
0.175019 
0.17897 
0.183024 
0.186808 
0.19074 
0.194348 
0.198157 
0.201585 
0.205273 
0.208522 
0.212094 
0.215169 
0.218635 
0.221546 
0.224917 
0.22768 
0.23097 
0.233603 
0.236829 
0.239355 
0.242534 
0.244979 
0.248129 
0.25052 
0.253658 
0.256023 
0.259166 
0.261532 
0.264694 
0.267085 
0.270278 
0.272717 
0.27595 
0.278455 
0.281734 
0.28432 
0.287648 
0.290324 
0.2937 
0.296472 
0.299892 
0.302759 
0.306216 
0.309173 
0.312657 
0.315693 
0.319191 
0.322288 
0.325784 
0.328922 
0.332396 
0.335549 
0.338982 
0.342119 
0.345488 
0.348577 
0.351861 
0.354871 
0.358049 
0.360947 
0.364003 
0.366763 
0.369683 
0.372281 
0.375056 
0.377478 
0.380105 
0.38234 
0.38482 
0.386869 
0.389207 
0.391074 
0.393281 
0.394977 
0.397065 
0.398609 
0.400592 
0.402003 
0.403898 
0.405201 
0.407025 
0.408244 
0.410013 
0.411177 
0.412908 
0.414042 
0.415749 
0.416879 
0.418575 
0.419725 
0.421422 
0.422611 
0.424317 
0.425561 
0.427282 
0.428594 
0.430331 
0.431715 
0.433467 
0.434926 
0.436687 
0.438215 
0.439978 
0.441564 
0.443317 
0.444947 
0.446676 
0.44833 
0.450018 
0.451671 
0.453299 
0.454924 
0.456475 
0.458039 
0.459488 
0.460957 
0.462281 
0.463618 
0.464792 
0.465958 
0.466959 
0.467913 
0.468716 
0.469419 
0.470002 
0.470416 
0.470759 
0.470851 
0.470943 
0.470685 
0.470519 
0.469893 
0.469468 
0.468469 
0.467793 
0.466428 
0.46552 
0.46381 
0.462695 
0.460678 
0.459393 
0.457119 
0.455703 
0.453235 
0.451734 
0.44914 
0.447601 
0.444954 
0.44342 
0.44079 
0.439299 
0.43675 
0.435332 
0.432915 
0.431592 
0.429346 
0.428128 
0.426075 
0.424964 
0.423112 
0.422099 
0.42044 
0.419509 
0.418026 
0.417157 
0.415821 
0.41499 
0.413769 
0.412949 
0.411805 
0.410971 
0.409867 
0.408993 
0.407891 
0.406953 
0.405818 
0.404795 
0.403593 
0.402466 
0.401166 
0.399916 
0.39849 
0.397102 
0.395524 
0.393986 
0.392234 
0.390535 
0.388589 
0.386721 
0.384566 
0.382526 
0.38015 
0.377935 
0.375333 
0.372945 
0.370116 
0.36756 
0.36451 
0.361794 
0.358534 
0.355671 
0.352218 
0.349223 
0.3456 
0.342491 
0.338725 
0.335521 
0.331643 
0.328365 
0.324408 
0.321076 
0.317073 
0.313707 
0.30969 
0.306308 
0.302306 
0.298924 
0.294962 
0.291592 
0.287686 
0.284338 
0.280502 
0.27718 
0.273421 
0.270126 
0.266444 
0.263176 
0.259566 
0.256322 
0.252775 
0.24955 
0.246055 
0.242841 
0.239385 
0.236175 
0.232743 
0.229528 
0.226105 
0.222875 
0.219445 
0.216188 
0.212734 
0.209438 
0.205944 
0.202596 
0.199043 
0.19563 
0.192001 
0.18851 
0.184788 
0.181208 
0.177379 
0.173699 
0.169753 
0.165967 
0.161895 
0.158002 
0.153801 
0.149802 
0.145475 
0.141376 
0.136932 
0.132744 
0.128194 
0.123931 
0.119293 
0.114972 
0.110266 
0.105905 
0.101156 
0.0967738 
0.0920057 
0.0876216 
0.0828597 
0.0784915 
0.0737601 
0.0694234 
0.0647449 
0.0604532 
0.0558471 
0.0516107 
0.0470927 
0.0429193 
0.0385009 
0.0343947 
0.0300829 
0.0260453 
0.0218421 
0.0178716 
0.0137745 
0.00986661 
0.00586863 
0.00201648 
-0.00189334 
-0.00569919 
-0.00953547 
-0.0133067 
-0.0170872 
-0.0208377 
-0.0246048 
-0.0283323 
-0.031988 
-0.035764 
-0.039516 
-0.0432877 
-0.0470949 
-0.0509105 
-0.0547818 
-0.0586742 
-0.0626265 
-0.0666243 
-0.0706755 
-0.0748062 
-0.0789549 
-0.0832482 
-0.0875034 
-0.0919832 
-0.0963503 
-0.101229 
-0.105635 
-0.11068 
-0.1152 
-0.120492 
-0.125098 
-0.130636 
-0.135306 
-0.141072 
-0.145783 
-0.151744 
-0.156467 
-0.162577 
-0.167281 
-0.173482 
-0.178136 
-0.184364 
-0.188936 
-0.195123 
-0.199586 
-0.205663 
-0.209997 
-0.215901 
-0.220092 
-0.22577 
-0.229813 
-0.235226 
-0.239122 
-0.244246 
-0.248001 
-0.252827 
-0.256453 
-0.260987 
-0.264499 
-0.26876 
-0.272172 
-0.276188 
-0.279515 
-0.283318 
-0.286576 
-0.290202 
-0.293403 
-0.296885 
-0.300041 
-0.303414 
-0.306535 
-0.309827 
-0.312921 
-0.316159 
-0.319234 
-0.322402 
-0.325467 
-0.328634 
-0.331715 
-0.33489 
-0.337967 
-0.34116 
-0.344241 
-0.347463 
-0.350552 
-0.353812 
-0.356912 
-0.360217 
-0.363328 
-0.366683 
-0.369803 
-0.373209 
-0.376334 
-0.379788 
-0.382911 
-0.386407 
-0.389519 
-0.393046 
-0.396135 
-0.399681 
-0.402735 
-0.406282 
-0.409288 
-0.412818 
-0.415763 
-0.419257 
-0.422128 
-0.425567 
-0.428355 
-0.43172 
-0.434418 
-0.437694 
-0.440295 
-0.443469 
-0.44597 
-0.449032 
-0.451433 
-0.454376 
-0.456677 
-0.459499 
-0.461701 
-0.4644 
-0.466507 
-0.469083 
-0.471096 
-0.473552 
-0.475474 
-0.477813 
-0.479646 
-0.481871 
-0.483618 
-0.485735 
-0.487397 
-0.48941 
-0.49099 
-0.492907 
-0.494408 
-0.496236 
-0.497662 
-0.49941 
-0.500764 
-0.502441 
-0.503727 
-0.505342 
-0.506563 
-0.508126 
-0.509286 
-0.510802 
-0.511903 
-0.513379 
-0.514422 
-0.515861 
-0.516847 
-0.51825 
-0.519179 
-0.520544 
-0.521414 
-0.522737 
-0.523546 
-0.52482 
-0.525564 
-0.526778 
-0.527453 
-0.528596 
