0.000454545 
0.000872736 
0.00126628 
0.00162782 
0.00196524 
0.00227767 
0.00257393 
0.00284886 
0.00311176 
0.00335709 
0.0035938 
0.00381605 
0.00403251 
0.00423705 
0.00443813 
0.00462942 
0.00481916 
0.00500084 
0.00518256 
0.00535765 
0.00553407 
0.00570505 
0.00587841 
0.0060473 
0.00621943 
0.00638789 
0.00656029 
0.00672966 
0.00690355 
0.00707491 
0.00725126 
0.00742551 
0.0076051 
0.00778293 
0.00796639 
0.00814836 
0.00833618 
0.00852272 
0.00871529 
0.00890673 
0.00910435 
0.00930096 
0.00950384 
0.00970582 
0.00991413 
0.0101216 
0.0103355 
0.0105486 
0.010768 
0.0109868 
0.011212 
0.0114364 
0.0116673 
0.0118975 
0.0121341 
0.0123701 
0.0126124 
0.0128541 
0.0131021 
0.0133495 
0.0136032 
0.0138563 
0.0141157 
0.0143744 
0.0146395 
0.0149038 
0.0151745 
0.0154445 
0.0157207 
0.0159962 
0.016278 
0.016559 
0.0168463 
0.0171328 
0.0174255 
0.0177175 
0.0180156 
0.0183131 
0.0186166 
0.0189194 
0.0192282 
0.0195363 
0.0198504 
0.0201638 
0.0204831 
0.0208018 
0.0211263 
0.0214502 
0.0217799 
0.0221088 
0.0224436 
0.0227777 
0.0231175 
0.0234566 
0.0238015 
0.0241456 
0.0244953 
0.0248444 
0.025199 
0.025553 
0.0259124 
0.0262712 
0.0266354 
0.026999 
0.0273679 
0.0277362 
0.0281098 
0.0284827 
0.0288609 
0.0292384 
0.0296211 
0.0300031 
0.0303903 
0.0307768 
0.0311684 
0.0315593 
0.0319553 
0.0323505 
0.0327508 
0.0331503 
0.0335547 
0.0339585 
0.0343671 
0.034775 
0.0351876 
0.0355996 
0.0360163 
0.0364323 
0.0368529 
0.0372729 
0.0376974 
0.0381212 
0.0385495 
0.0389772 
0.0394093 
0.0398406 
0.0402764 
0.0407115 
0.0411509 
0.0415895 
0.0420325 
0.0424747 
0.0429211 
0.0433668 
0.0438166 
0.0442657 
0.0447188 
0.0451712 
0.0456276 
0.0460833 
0.0465429 
0.0470018 
0.0474645 
0.0479265 
0.0483923 
0.0488574 
0.0493261 
0.0497942 
0.0502658 
0.0507368 
0.0512113 
0.0516851 
0.0521624 
0.052639 
0.053119 
0.0535982 
0.0540809 
0.0545628 
0.0550479 
0.0555324 
0.0560201 
0.056507 
0.0569971 
0.0574864 
0.0579789 
0.0584706 
0.0589653 
0.0594593 
0.0599562 
0.0604524 
0.0609514 
0.0614497 
0.0619508 
0.0624512 
0.0629543 
0.0634567 
0.0639617 
0.0644661 
0.0649729 
0.0654791 
0.0659878 
0.0664957 
0.0670061 
0.0675158 
0.0680278 
0.0685392 
0.0690528 
0.0695657 
0.0700808 
0.0705952 
0.0711118 
0.0716277 
0.0721456 
0.0726629 
0.0731822 
0.0737007 
0.0742213 
0.0747411 
0.0752628 
0.0757838 
0.0763066 
0.0768287 
0.0773526 
0.0778758 
0.0784007 
0.0789248 
0.0794506 
0.0799757 
0.0805024 
0.0810283 
0.0815558 
0.0820826 
0.0826108 
0.0831383 
0.0836672 
0.0841954 
0.0847249 
0.0852537 
0.0857838 
0.0863132 
0.0868438 
0.0873737 
0.0879047 
0.088435 
0.0889665 
0.0894972 
0.090029 
0.09056 
0.0910921 
0.0916234 
0.0921557 
0.0926872 
0.0932197 
0.0937514 
0.094284 
0.0948158 
0.0953485 
0.0958804 
0.096413 
0.0969449 
0.0974776 
0.0980094 
0.098542 
0.0990737 
0.0996062 
0.100138 
0.10067 
0.101201 
0.101733 
0.102265 
0.102796 
0.103327 
0.103859 
0.104389 
0.10492 
0.105451 
0.105981 
0.106511 
0.107041 
0.10757 
0.1081 
0.108629 
0.109158 
0.109686 
0.110215 
0.110743 
0.11127 
0.111797 
0.112325 
0.112851 
0.113378 
0.113903 
0.114429 
0.114954 
0.115479 
0.116003 
0.116527 
0.117051 
0.117574 
0.118097 
0.118619 
0.119141 
0.119662 
0.120183 
0.120703 
0.121223 
0.121743 
0.122261 
0.12278 
0.123298 
0.123815 
0.124332 
0.124848 
0.125364 
0.125879 
0.126394 
0.126908 
0.127421 
0.127934 
0.128446 
0.128958 
0.129469 
0.12998 
0.130489 
0.130999 
0.131507 
0.132015 
0.132522 
0.133029 
0.133535 
0.134041 
0.134545 
0.135049 
0.135553 
0.136055 
0.136557 
0.137059 
0.137559 
0.138059 
0.138558 
0.139057 
0.139554 
0.140051 
0.140547 
0.141043 
0.141538 
0.142032 
0.142525 
0.143018 
0.143509 
0.144 
0.14449 
0.14498 
0.145469 
0.145957 
0.146444 
0.14693 
0.147415 
0.1479 
0.148384 
0.148867 
0.14935 
0.149831 
0.150312 
0.150792 
0.151271 
0.151749 
0.152227 
0.152703 
0.153179 
0.153654 
0.154128 
0.154601 
0.155074 
0.155545 
0.156016 
0.156486 
0.156955 
0.157423 
0.15789 
0.158357 
0.158822 
0.159287 
0.159751 
0.160214 
0.160676 
0.161137 
0.161597 
0.162057 
0.162515 
0.162973 
0.16343 
0.163886 
0.164341 
0.164795 
0.165248 
0.165701 
0.166152 
0.166603 
0.167052 
0.167501 
0.167949 
0.168396 
0.168842 
0.169288 
0.169732 
0.170175 
0.170618 
0.17106 
0.1715 
0.17194 
0.172379 
0.172817 
0.173254 
0.17369 
0.174125 
0.17456 
0.174993 
0.175426 
0.175857 
0.176288 
0.176718 
0.177147 
0.177575 
0.178002 
0.178428 
0.178854 
0.179278 
0.179701 
0.180124 
0.180546 
0.180966 
0.181386 
0.181805 
0.182223 
0.18264 
0.183057 
0.183472 
0.183886 
0.1843 
0.184712 
0.185124 
0.185535 
0.185945 
0.186354 
0.186762 
0.187169 
0.187575 
0.187981 
0.188385 
0.188789 
0.189192 
0.189594 
0.189995 
0.190395 
0.190794 
0.191193 
0.19159 
0.191987 
0.192382 
0.192778 
0.193171 
0.193565 
0.193957 
0.194348 
0.194738 
0.195129 
0.195517 
0.195905 
0.196292 
0.196679 
0.197064 
0.197449 
0.197832 
0.198215 
0.198597 
0.198978 
0.199358 
0.199738 
0.200116 
0.200495 
0.200871 
0.201248 
0.201623 
0.201998 
0.202371 
0.202745 
0.203116 
0.203488 
0.203858 
0.204229 
0.204597 
0.204966 
0.205332 
0.2057 
0.206065 
0.206431 
0.206794 
0.207158 
0.20752 
0.207883 
0.208244 
0.208605 
0.208964 
0.209323 
0.209681 
0.210039 
0.210395 
0.210752 
0.211106 
0.211462 
0.211815 
0.212169 
0.21252 
0.212873 
0.213223 
0.213574 
0.213923 
0.214273 
0.21462 
0.214968 
0.215314 
0.215661 
0.216006 
0.216352 
0.216695 
0.21704 
0.217382 
0.217725 
0.218066 
0.218408 
0.218747 
0.219088 
0.219426 
0.219766 
0.220103 
0.220441 
0.220777 
0.221114 
0.221448 
0.221784 
0.222118 
0.222453 
0.222785 
0.223119 
0.22345 
0.223782 
0.224112 
0.224444 
0.224773 
0.225103 
0.225431 
0.225761 
0.226088 
0.226416 
0.226742 
0.22707 
0.227395 
0.227721 
0.228045 
0.228371 
0.228694 
0.229019 
0.229341 
0.229664 
0.229986 
0.230309 
0.230629 
0.230951 
0.231271 
0.231592 
0.231911 
0.232231 
0.232549 
0.232869 
0.233186 
0.233505 
0.233822 
0.23414 
0.234456 
0.234773 
0.235088 
0.235406 
0.23572 
0.236036 
0.23635 
0.236666 
0.236979 
0.237294 
0.237607 
0.237921 
0.238233 
0.238547 
0.238859 
0.239172 
0.239483 
0.239797 
0.240107 
0.24042 
0.24073 
0.241042 
0.241352 
0.241664 
0.241973 
0.242284 
0.242593 
0.242904 
0.243213 
0.243524 
0.243832 
0.244142 
0.24445 
0.24476 
0.245068 
0.245378 
0.245685 
0.245995 
0.246302 
0.246612 
0.246919 
0.247229 
0.247535 
0.247845 
0.248151 
0.248461 
0.248767 
0.249076 
0.249383 
0.249692 
0.249998 
0.250307 
0.250614 
0.250923 
0.251229 
0.251538 
0.251845 
0.252154 
0.25246 
0.252769 
0.253076 
0.253385 
0.253692 
0.254001 
0.254308 
0.254617 
0.254924 
0.255234 
0.255541 
0.255851 
0.256158 
0.256468 
0.256775 
0.257086 
0.257393 
0.257704 
0.258012 
0.258323 
0.258631 
0.258942 
0.25925 
0.259562 
0.259871 
0.260182 
0.260491 
0.260804 
0.261113 
0.261426 
0.261735 
0.262048 
0.262359 
0.262672 
0.262983 
0.263297 
0.263608 
0.263922 
0.264234 
0.264548 
0.26486 
0.265176 
0.265488 
0.265804 
0.266117 
0.266434 
0.266747 
0.267064 
0.267378 
0.267696 
0.26801 
0.268328 
0.268644 
0.268962 
0.269278 
0.269598 
0.269914 
0.270234 
0.270551 
0.270872 
0.27119 
0.271511 
0.271829 
0.272151 
0.27247 
0.272793 
0.273113 
0.273436 
0.273757 
0.274081 
0.274402 
0.274727 
0.275049 
0.275374 
0.275697 
0.276023 
0.276347 
0.276674 
0.276998 
0.277326 
0.277651 
0.277979 
0.278305 
0.278634 
0.278961 
0.279291 
0.279618 
0.279949 
0.280277 
0.280609 
0.280938 
0.28127 
0.2816 
0.281934 
0.282264 
0.282598 
0.28293 
0.283265 
0.283597 
0.283933 
0.284266 
0.284603 
0.284937 
0.285274 
0.285609 
0.285948 
0.286283 
0.286623 
0.286959 
0.287299 
0.287637 
0.287978 
0.288316 
0.288658 
0.288997 
0.28934 
0.28968 
0.290023 
0.290364 
0.290708 
0.29105 
0.291395 
0.291738 
0.292084 
0.292428 
0.292775 
0.293119 
0.293467 
0.293812 
0.294161 
0.294507 
0.294856 
0.295203 
0.295553 
0.295901 
0.296252 
0.296601 
0.296953 
0.297303 
0.297655 
0.298006 
0.298359 
0.298711 
0.299065 
0.299417 
0.299772 
0.300125 
0.300481 
0.300835 
0.301192 
0.301547 
0.301904 
0.30226 
0.302618 
0.302974 
0.303333 
0.30369 
0.30405 
0.304408 
0.304769 
0.305127 
0.305489 
0.305848 
0.30621 
0.30657 
0.306933 
0.307294 
0.307657 
0.308019 
0.308383 
0.308745 
0.309111 
0.309473 
0.309839 
0.310203 
0.310569 
0.310933 
0.311301 
0.311666 
0.312033 
0.312399 
0.312767 
0.313133 
0.313502 
0.313869 
0.314239 
0.314606 
0.314977 
0.315345 
0.315715 
0.316084 
0.316455 
0.316825 
0.317196 
0.317566 
0.317938 
0.318309 
0.318682 
0.319052 
0.319426 
0.319797 
0.320171 
0.320543 
0.320917 
0.321289 
0.321664 
0.322037 
0.322412 
0.322785 
0.323161 
0.323534 
0.32391 
0.324284 
0.32466 
0.325035 
0.325411 
0.325786 
0.326163 
0.326538 
0.326915 
0.32729 
0.327668 
0.328043 
0.328421 
0.328797 
0.329175 
0.329551 
0.329929 
0.330306 
0.330684 
0.33106 
0.331439 
0.331816 
0.332194 
0.332571 
0.33295 
0.333327 
0.333706 
0.334083 
0.334462 
0.334839 
0.335218 
0.335595 
0.335974 
0.336352 
0.336731 
0.337108 
0.337487 
0.337864 
0.338243 
0.33862 
0.338999 
0.339376 
0.339755 
0.340132 
0.340511 
0.340887 
0.341266 
0.341643 
0.342021 
0.342398 
0.342776 
0.343152 
0.34353 
0.343906 
0.344284 
0.344659 
0.345037 
0.345412 
0.345789 
0.346164 
0.346541 
0.346916 
0.347292 
0.347667 
0.348043 
0.348417 
0.348792 
0.349166 
0.349541 
0.349914 
0.350289 
0.350661 
0.351035 
0.351407 
0.351781 
0.352153 
0.352525 
0.352896 
0.353269 
0.353639 
0.354011 
0.354381 
0.354752 
0.355121 
0.355491 
0.35586 
0.356229 
0.356597 
0.356966 
0.357333 
0.357701 
0.358067 
0.358434 
0.358799 
0.359166 
0.35953 
0.359896 
0.36026 
0.360624 
0.360987 
0.361351 
0.361712 
0.362075 
0.362436 
0.362798 
0.363158 
0.363518 
0.363877 
0.364237 
0.364595 
0.364953 
0.36531 
0.365668 
0.366023 
0.36638 
0.366734 
0.36709 
0.367443 
0.367797 
0.368149 
0.368502 
0.368853 
0.369205 
0.369554 
0.369905 
0.370253 
0.370602 
0.370949 
0.371297 
0.371643 
0.371989 
0.372334 
0.372679 
0.373022 
0.373365 
0.373707 
0.374049 
0.37439 
0.37473 
0.375069 
0.375408 
0.375746 
0.376083 
0.376419 
0.376756 
0.37709 
0.377425 
0.377757 
0.37809 
0.378422 
0.378753 
0.379083 
0.379413 
0.379741 
0.380069 
0.380395 
0.380722 
0.381047 
0.381372 
0.381695 
0.382018 
0.382339 
0.382661 
0.382981 
0.3833 
0.383618 
0.383936 
0.384253 
0.384569 
0.384883 
0.385198 
0.38551 
0.385823 
0.386134 
0.386445 
0.386754 
0.387063 
0.38737 
0.387677 
0.387982 
0.388288 
0.388591 
0.388894 
0.389196 
0.389498 
0.389797 
0.390097 
0.390395 
0.390692 
0.390988 
0.391284 
0.391578 
0.391872 
0.392164 
0.392456 
0.392746 
0.393036 
0.393324 
0.393612 
0.393898 
0.394184 
0.394468 
0.394752 
0.395034 
0.395316 
0.395596 
0.395877 
0.396155 
0.396433 
0.396709 
0.396985 
0.397259 
0.397533 
0.397806 
0.398078 
0.398348 
0.398618 
0.398886 
0.399154 
0.39942 
0.399686 
0.39995 
0.400215 
0.400477 
0.400739 
0.400999 
0.401259 
0.401517 
0.401775 
0.402031 
0.402287 
0.402541 
0.402795 
0.403047 
0.4033 
0.403549 
0.4038 
0.404048 
0.404296 
0.404542 
0.404788 
0.405032 
0.405276 
0.405518 
0.40576 
0.406 
0.406241 
0.406479 
0.406717 
0.406953 
0.40719 
0.407424 
0.407658 
0.407891 
0.408123 
0.408354 
0.408584 
0.408813 
0.409041 
0.409268 
0.409495 
0.409719 
0.409944 
0.410167 
0.41039 
0.410611 
0.410832 
0.411051 
0.411271 
0.411488 
0.411706 
0.411921 
0.412137 
0.41235 
0.412564 
0.412776 
0.412988 
0.413198 
0.413409 
0.413617 
0.413826 
0.414032 
0.41424 
0.414444 
0.41465 
0.414853 
0.415056 
0.415258 
0.41546 
0.415659 
0.41586 
0.416058 
0.416257 
0.416453 
0.41665 
0.416845 
0.417041 
0.417234 
0.417428 
0.41762 
0.417812 
0.418002 
0.418193 
0.418382 
0.418572 
0.418759 
0.418947 
0.419132 
0.419319 
0.419503 
0.419688 
0.419871 
0.420055 
0.420236 
0.420419 
0.420599 
0.42078 
0.420958 
0.421138 
0.421316 
0.421494 
0.42167 
0.421847 
0.422022 
0.422198 
0.422372 
0.422546 
0.422719 
0.422892 
0.423063 
0.423236 
0.423406 
0.423577 
0.423746 
0.423916 
0.424084 
0.424253 
0.424419 
0.424588 
0.424753 
0.42492 
0.425085 
0.425251 
0.425414 
0.425579 
0.425742 
0.425906 
0.426068 
0.426231 
0.426392 
0.426554 
0.426714 
0.426875 
0.427034 
0.427195 
0.427353 
0.427513 
0.42767 
0.42783 
0.427986 
0.428145 
0.4283 
0.428458 
0.428613 
0.42877 
0.428925 
0.429081 
0.429235 
0.429391 
0.429544 
0.429699 
0.429852 
0.430007 
0.430159 
0.430313 
0.430464 
0.430618 
0.430769 
0.430922 
0.431072 
0.431225 
0.431375 
0.431528 
0.431677 
0.431829 
0.431978 
0.43213 
0.432279 
0.43243 
0.432579 
0.43273 
0.432878 
0.433029 
0.433177 
0.433327 
0.433475 
0.433625 
0.433773 
0.433923 
0.43407 
0.43422 
0.434368 
0.434517 
0.434664 
0.434814 
0.434961 
0.435111 
0.435258 
0.435407 
0.435554 
0.435704 
0.43585 
0.436 
0.436147 
0.436296 
0.436443 
0.436593 
0.43674 
0.43689 
0.437037 
0.437186 
0.437334 
0.437483 
0.437631 
0.437781 
0.437928 
0.438079 
0.438226 
0.438377 
0.438525 
0.438675 
0.438823 
0.438974 
0.439123 
0.439274 
0.439422 
0.439574 
0.439723 
0.439874 
0.440024 
0.440176 
0.440325 
0.440478 
0.440628 
0.440781 
0.440931 
0.441084 
0.441235 
0.441388 
0.44154 
0.441694 
0.441845 
0.442 
0.442152 
0.442306 
0.442459 
0.442614 
0.442768 
0.442923 
0.443077 
0.443233 
0.443387 
0.443544 
0.443699 
0.443856 
0.444011 
0.444169 
0.444325 
0.444483 
0.44464 
0.444799 
0.444956 
0.445115 
0.445273 
0.445433 
0.445591 
0.445752 
0.445911 
0.446072 
0.446232 
0.446394 
0.446554 
0.446716 
0.446877 
0.447041 
0.447202 
0.447366 
0.447528 
0.447693 
0.447855 
0.448021 
0.448184 
0.44835 
0.448514 
0.448681 
0.448846 
0.449013 
0.449178 
0.449346 
0.449512 
0.449681 
0.449848 
0.450017 
0.450185 
0.450355 
0.450523 
0.450694 
0.450863 
0.451034 
0.451204 
0.451376 
0.451547 
0.451719 
0.451891 
0.452064 
0.452236 
0.45241 
0.452583 
0.452757 
0.452931 
0.453106 
0.45328 
0.453456 
0.453631 
0.453807 
0.453983 
0.45416 
0.454336 
0.454514 
0.454691 
0.45487 
0.455047 
0.455226 
0.455404 
0.455584 
0.455763 
0.455944 
0.456123 
0.456304 
0.456484 
0.456666 
0.456846 
0.457029 
0.45721 
0.457393 
0.457574 
0.457758 
0.45794 
0.458124 
0.458307 
0.458492 
0.458675 
0.45886 
0.459044 
0.45923 
0.459414 
0.4596 
0.459785 
0.459972 
0.460157 
0.460344 
0.46053 
0.460718 
0.460904 
0.461092 
0.461279 
0.461467 
0.461655 
0.461843 
0.462031 
0.46222 
0.462408 
0.462598 
0.462786 
0.462976 
0.463165 
0.463355 
0.463544 
0.463734 
0.463924 
0.464114 
0.464304 
0.464495 
0.464685 
0.464876 
0.465066 
0.465258 
0.465448 
0.46564 
0.46583 
0.466022 
0.466213 
0.466405 
0.466596 
0.466788 
0.466979 
0.467171 
0.467362 
0.467554 
0.467745 
0.467938 
0.468129 
0.468321 
0.468513 
0.468705 
0.468896 
0.469088 
0.46928 
0.469472 
0.469663 
0.469855 
0.470046 
0.470238 
0.470429 
0.470621 
0.470812 
0.471004 
0.471195 
0.471386 
0.471577 
0.471768 
0.471958 
0.472149 
0.47234 
0.47253 
0.47272 
0.472911 
0.4731 
0.47329 
0.47348 
0.47367 
0.473859 
0.474048 
0.474237 
0.474425 
0.474614 
0.474802 
0.47499 
0.475178 
0.475366 
0.475553 
0.47574 
0.475927 
0.476113 
0.4763 
0.476486 
0.476671 
0.476857 
0.477042 
0.477227 
0.477411 
0.477595 
0.477779 
0.477963 
0.478146 
0.478329 
0.478511 
0.478693 
0.478875 
0.479056 
0.479237 
0.479417 
0.479597 
0.479777 
0.479956 
0.480135 
0.480314 
0.480492 
0.480669 
0.480846 
0.481023 
0.481199 
0.481375 
0.48155 
0.481724 
0.481898 
0.482072 
0.482245 
0.482418 
0.48259 
0.482761 
0.482932 
0.483103 
0.483273 
0.483442 
0.483611 
0.483779 
0.483947 
0.484114 
0.484281 
0.484446 
0.484611 
0.484776 
0.48494 
0.485103 
0.485265 
0.485427 
0.485588 
0.485749 
0.485909 
0.486068 
0.486226 
0.486384 
0.486541 
0.486697 
0.486853 
0.487008 
0.487162 
0.487316 
0.487468 
0.48762 
0.487771 
0.487922 
0.488071 
0.48822 
0.488368 
0.488515 
0.488662 
0.488807 
0.488952 
0.489096 
0.489239 
0.489381 
0.489523 
0.489663 
0.489803 
0.489942 
0.49008 
0.490217 
0.490353 
0.490488 
0.490623 
0.490756 
0.490888 
0.49102 
0.49115 
0.49128 
0.491409 
0.491536 
0.491663 
0.491789 
0.491914 
0.492038 
0.49216 
0.492282 
0.492403 
0.492523 
0.492642 
0.492759 
0.492876 
0.492992 
0.493106 
0.49322 
0.493332 
0.493444 
0.493554 
0.493663 
0.493771 
0.493878 
0.493984 
0.494089 
0.494193 
0.494295 
0.494397 
0.494497 
0.494596 
0.494694 
0.494791 
0.494887 
0.494981 
0.495074 
0.495167 
0.495257 
0.495347 
0.495436 
0.495523 
0.495609 
0.495694 
0.495777 
0.49586 
0.495941 
0.496021 
0.496099 
0.496177 
0.496253 
0.496328 
0.496401 
0.496474 
0.496544 
0.496614 
0.496682 
0.496749 
0.496815 
0.49688 
0.496943 
0.497004 
0.497065 
0.497124 
0.497181 
0.497238 
0.497293 
0.497346 
0.497399 
0.497449 
0.497499 
0.497547 
0.497593 
0.497639 
0.497682 
0.497725 
0.497766 
0.497805 
0.497843 
0.497879 
0.497915 
0.497949 
0.497982 
0.498012 
0.498042 
0.49807 
0.498097 
0.498122 
0.498146 
0.498168 
0.498189 
0.498208 
0.498226 
0.498242 
0.498257 
0.49827 
0.498282 
0.498292 
0.4983 
0.498307 
0.498313 
0.498317 
0.49832 
0.498321 
0.498321 
0.498318 
0.498315 
0.49831 
0.498303 
0.498295 
0.498286 
0.498274 
0.498261 
0.498247 
0.498231 
0.498213 
0.498195 
0.498174 
0.498152 
0.498128 
0.498103 
0.498075 
0.498047 
0.498017 
0.497986 
0.497952 
0.497918 
0.497881 
0.497843 
0.497803 
0.497763 
0.49772 
0.497676 
0.49763 
0.497583 
0.497533 
0.497483 
0.497431 
0.497378 
0.497322 
0.497266 
0.497207 
0.497147 
0.497085 
0.497023 
0.496957 
0.496892 
0.496823 
0.496755 
0.496683 
0.496611 
0.496537 
0.496462 
0.496384 
0.496306 
0.496225 
0.496144 
0.49606 
0.495976 
0.495889 
0.495802 
0.495712 
0.495622 
0.495529 
0.495436 
0.495339 
0.495244 
0.495144 
0.495045 
0.494943 
0.494841 
0.494736 
0.494631 
0.494523 
0.494416 
0.494305 
0.494194 
0.49408 
0.493967 
0.49385 
0.493734 
0.493615 
0.493496 
0.493373 
0.493252 
0.493127 
0.493002 
0.492874 
0.492748 
0.492617 
0.492488 
0.492354 
0.492222 
0.492086 
0.491952 
0.491813 
0.491676 
0.491535 
0.491395 
0.491251 
0.491109 
0.490963 
0.490819 
0.49067 
0.490524 
0.490373 
0.490224 
0.490071 
0.489919 
0.489764 
0.48961 
0.489452 
0.489297 
0.489137 
0.488979 
0.488817 
0.488657 
0.488493 
0.488331 
0.488165 
0.488001 
0.487833 
0.487668 
0.487498 
0.48733 
0.487158 
0.486989 
0.486815 
0.486644 
0.486469 
0.486296 
0.486119 
0.485945 
0.485766 
0.485591 
0.48541 
0.485233 
0.485051 
0.484873 
0.484689 
0.484509 
0.484325 
0.484144 
0.483958 
0.483775 
0.483588 
0.483405 
0.483216 
0.483032 
0.482842 
0.482656 
0.482466 
0.482279 
0.482088 
0.4819 
0.481708 
0.48152 
0.481327 
0.481138 
0.480944 
0.480754 
0.48056 
0.480369 
0.480174 
0.479983 
0.479787 
0.479596 
0.4794 
0.479208 
0.479012 
0.478819 
0.478622 
0.47843 
0.478233 
0.47804 
0.477843 
0.47765 
0.477453 
0.47726 
0.477063 
0.47687 
0.476673 
0.47648 
0.476283 
0.47609 
0.475893 
0.4757 
0.475504 
0.475312 
0.475115 
0.474923 
0.474727 
0.474536 
0.47434 
0.474149 
0.473954 
0.473764 
0.473569 
0.47338 
0.473186 
0.472997 
0.472803 
0.472615 
0.472423 
0.472235 
0.472044 
0.471857 
0.471667 
0.471481 
0.471291 
0.471107 
0.470918 
0.470734 
0.470547 
0.470364 
0.470178 
0.469997 
0.469811 
0.469631 
0.469447 
0.469268 
0.469086 
0.468908 
0.468727 
0.468551 
0.468371 
0.468196 
0.468018 
0.467845 
0.467668 
0.467496 
0.467321 
0.467151 
0.466977 
0.466809 
0.466636 
0.46647 
0.466299 
0.466134 
0.465966 
0.465802 
0.465635 
0.465474 
0.465309 
0.465149 
0.464986 
0.464828 
0.464667 
0.464511 
0.464351 
0.464198 
0.46404 
0.463888 
0.463732 
0.463583 
0.463429 
0.463281 
0.463129 
0.462984 
0.462834 
0.46269 
0.462543 
0.462401 
0.462256 
0.462116 
0.461973 
0.461835 
0.461694 
0.461559 
0.46142 
0.461287 
0.46115 
0.461019 
0.460885 
0.460756 
0.460623 
0.460497 
0.460366 
0.460242 
0.460114 
0.459992 
0.459866 
0.459746 
0.459622 
0.459504 
0.459383 
0.459267 
0.459148 
0.459034 
0.458917 
0.458806 
0.458691 
0.458582 
0.45847 
0.458363 
0.458252 
0.458148 
0.458039 
0.457937 
0.457831 
0.45773 
0.457627 
0.457528 
0.457426 
0.45733 
0.457231 
0.457136 
0.457039 
0.456947 
0.456852 
0.456762 
0.456668 
0.45658 
0.456489 
0.456403 
0.456314 
0.45623 
0.456143 
0.456061 
0.455976 
0.455896 
0.455813 
0.455734 
0.455653 
0.455577 
0.455498 
0.455423 
0.455346 
0.455273 
0.455197 
0.455126 
0.455053 
0.454984 
0.454912 
0.454844 
0.454774 
0.454708 
0.45464 
0.454575 
0.454509 
0.454446 
0.454381 
0.45432 
0.454256 
0.454197 
0.454135 
0.454076 
0.454016 
0.453959 
0.4539 
0.453845 
0.453787 
0.453734 
0.453677 
0.453625 
0.45357 
0.453518 
0.453465 
0.453415 
0.453362 
0.453313 
0.453262 
0.453214 
0.453164 
0.453118 
0.453069 
0.453023 
0.452975 
0.452931 
0.452884 
0.45284 
0.452794 
0.452751 
0.452706 
0.452664 
0.45262 
0.452579 
0.452535 
0.452495 
0.452452 
0.452413 
0.452371 
0.452332 
0.45229 
0.452252 
0.452211 
0.452173 
0.452133 
0.452096 
0.452056 
0.452019 
0.45198 
0.451944 
0.451905 
0.451869 
0.45183 
0.451795 
0.451757 
0.451721 
0.451683 
0.451648 
0.45161 
0.451575 
0.451537 
0.451502 
0.451465 
0.45143 
0.451393 
0.451357 
0.45132 
0.451285 
0.451248 
0.451212 
0.451175 
0.45114 
0.451102 
0.451067 
0.451029 
0.450993 
0.450955 
0.450919 
0.450881 
0.450844 
0.450806 
0.450769 
0.45073 
0.450693 
0.450654 
0.450616 
0.450576 
0.450538 
0.450498 
0.450459 
0.450418 
0.450379 
0.450337 
0.450297 
0.450255 
0.450215 
0.450172 
0.45013 
0.450087 
0.450045 
0.45 
0.449957 
0.449912 
0.449868 
0.449823 
0.449778 
0.449731 
0.449685 
0.449637 
0.449591 
0.449542 
0.449494 
0.449444 
0.449396 
0.449345 
0.449295 
0.449243 
0.449192 
0.449139 
0.449087 
0.449033 
0.448979 
0.448924 
0.448869 
0.448812 
0.448756 
0.448699 
0.448641 
0.448582 
0.448523 
0.448463 
0.448403 
0.448341 
0.44828 
0.448216 
0.448153 
0.448089 
0.448024 
0.447958 
0.447892 
0.447825 
0.447757 
0.447688 
0.447619 
0.447548 
0.447477 
0.447405 
0.447333 
0.447259 
0.447185 
0.447109 
0.447034 
0.446956 
0.446879 
0.4468 
0.446721 
0.44664 
0.44656 
0.446477 
0.446395 
0.44631 
0.446226 
0.44614 
0.446054 
0.445966 
0.445878 
0.445788 
0.445698 
0.445606 
0.445515 
0.445421 
0.445327 
0.445232 
0.445136 
0.445039 
0.444941 
0.444842 
0.444742 
0.444641 
0.444539 
0.444436 
0.444333 
0.444227 
0.444122 
0.444014 
0.443906 
0.443797 
0.443687 
0.443576 
0.443464 
0.44335 
0.443236 
0.443121 
0.443005 
0.442887 
0.442769 
0.442649 
0.442528 
0.442406 
0.442284 
0.44216 
0.442035 
0.441909 
0.441782 
0.441653 
0.441524 
0.441393 
0.441262 
0.441129 
0.440996 
0.44086 
0.440725 
0.440587 
0.440449 
0.440309 
0.440169 
0.440027 
0.439885 
0.439741 
0.439596 
0.439449 
0.439302 
0.439154 
0.439004 
0.438853 
0.438702 
0.438548 
0.438395 
0.438239 
0.438083 
0.437925 
0.437766 
0.437606 
0.437445 
0.437282 
0.437119 
0.436954 
0.436789 
0.436622 
0.436454 
0.436284 
0.436114 
0.435942 
0.43577 
0.435595 
0.435421 
0.435244 
0.435067 
0.434888 
0.434708 
0.434527 
0.434345 
0.434161 
0.433977 
0.433791 
0.433605 
0.433416 
0.433227 
0.433036 
0.432845 
0.432652 
0.432458 
0.432263 
0.432067 
0.431869 
0.431671 
0.43147 
0.43127 
0.431067 
0.430864 
0.430659 
0.430454 
0.430247 
0.430039 
0.429829 
0.429619 
0.429407 
0.429195 
0.42898 
0.428766 
0.428549 
0.428332 
0.428113 
0.427894 
0.427672 
0.427451 
0.427227 
0.427003 
0.426777 
0.426551 
0.426322 
0.426094 
0.425863 
0.425633 
0.425399 
0.425167 
0.424931 
0.424696 
0.424458 
0.424221 
0.423981 
0.423741 
0.423499 
0.423257 
0.423012 
0.422768 
0.422521 
0.422275 
0.422026 
0.421777 
0.421526 
0.421275 
0.421021 
0.420768 
0.420512 
0.420257 
0.419999 
0.419742 
0.419482 
0.419222 
0.41896 
0.418698 
0.418434 
0.41817 
0.417903 
0.417637 
0.417368 
0.4171 
0.416829 
0.416559 
0.416286 
0.416014 
0.415739 
0.415464 
0.415187 
0.414911 
0.414631 
0.414353 
0.414072 
0.413791 
0.413508 
0.413225 
0.41294 
0.412656 
0.412368 
0.412082 
0.411792 
0.411504 
0.411212 
0.410922 
0.410629 
0.410337 
0.410041 
0.409747 
0.40945 
0.409154 
0.408855 
0.408557 
0.408256 
0.407957 
0.407653 
0.407352 
0.407047 
0.406744 
0.406438 
0.406133 
0.405824 
0.405518 
0.405207 
0.404899 
0.404587 
0.404277 
0.403963 
0.403651 
0.403336 
0.403023 
0.402705 
0.40239 
0.402071 
0.401755 
0.401434 
0.401116 
0.400794 
0.400474 
0.400151 
0.399829 
0.399504 
0.399181 
0.398854 
0.39853 
0.398202 
0.397876 
0.397546 
0.397219 
0.396887 
0.396559 
0.396226 
0.395896 
0.395562 
0.39523 
0.394895 
0.394562 
0.394225 
0.393891 
0.393553 
0.393218 
0.392878 
0.392542 
0.392201 
0.391863 
0.391521 
0.391182 
0.390838 
0.390498 
0.390154 
0.389813 
0.389467 
0.389124 
0.388778 
0.388434 
0.388086 
0.387742 
0.387393 
0.387047 
0.386697 
0.386351 
0.386 
0.385652 
0.3853 
0.384952 
0.384599 
0.384249 
0.383895 
0.383545 
0.38319 
0.382839 
0.382484 
0.382132 
0.381775 
0.381423 
0.381065 
0.380712 
0.380354 
0.38 
0.379641 
0.379286 
0.378927 
0.378572 
0.378211 
0.377855 
0.377494 
0.377138 
0.376776 
0.376419 
0.376057 
0.3757 
0.375337 
0.374979 
0.374616 
0.374257 
0.373893 
0.373534 
0.37317 
0.372811 
0.372446 
0.372087 
0.371722 
0.371362 
0.370996 
0.370636 
0.37027 
0.36991 
0.369544 
0.369183 
0.368817 
0.368455 
0.368089 
0.367728 
0.367361 
0.367 
0.366633 
0.366271 
0.365904 
0.365543 
0.365176 
0.364814 
0.364447 
0.364085 
0.363718 
0.363356 
0.362989 
0.362627 
0.36226 
0.361898 
0.361531 
0.361169 
0.360802 
0.360441 
0.360074 
0.359712 
0.359346 
0.358984 
0.358618 
0.358256 
0.35789 
0.357529 
0.357163 
0.356802 
0.356436 
0.356076 
0.35571 
0.35535 
0.354985 
0.354625 
0.35426 
0.3539 
0.353536 
0.353176 
0.352812 
0.352453 
0.352089 
0.351731 
0.351368 
0.35101 
0.350647 
0.350289 
0.349927 
0.34957 
0.349207 
0.348851 
0.348489 
0.348133 
0.347772 
0.347417 
0.347056 
0.346701 
0.346342 
0.345987 
0.345628 
0.345274 
0.344915 
0.344562 
0.344204 
0.343852 
0.343494 
0.343142 
0.342786 
0.342434 
0.342078 
0.341728 
0.341372 
0.341023 
0.340668 
0.340319 
0.339965 
0.339616 
0.339263 
0.338915 
0.338563 
0.338216 
0.337864 
0.337518 
0.337167 
0.336822 
0.336472 
0.336127 
0.335778 
0.335434 
0.335085 
0.334742 
0.334395 
0.334052 
0.333705 
0.333364 
0.333018 
0.332677 
0.332332 
0.331992 
0.331648 
0.331309 
0.330965 
0.330627 
0.330284 
0.329947 
0.329605 
0.329269 
0.328928 
0.328592 
0.328252 
0.327917 
0.327578 
0.327244 
0.326906 
0.326572 
0.326235 
0.325903 
0.325566 
0.325234 
0.324899 
0.324568 
0.324233 
0.323903 
0.323569 
0.32324 
0.322907 
0.322579 
0.322247 
0.321919 
0.321588 
0.321261 
0.32093 
0.320605 
0.320275 
0.31995 
0.319621 
0.319297 
0.318969 
0.318645 
0.318318 
0.317995 
0.317669 
0.317347 
0.317021 
0.3167 
0.316375 
0.316055 
0.315731 
0.315411 
0.315088 
0.314769 
0.314446 
0.314128 
0.313806 
0.313488 
0.313167 
0.31285 
0.31253 
0.312214 
0.311894 
0.311579 
0.311259 
0.310945 
0.310626 
0.310312 
0.309994 
0.309681 
0.309363 
0.309051 
0.308734 
0.308422 
0.308106 
0.307794 
0.307479 
0.307167 
0.306853 
0.306542 
0.306228 
0.305917 
0.305604 
0.305294 
0.304981 
0.304672 
0.304359 
0.30405 
0.303738 
0.30343 
0.303118 
0.30281 
0.302499 
0.302191 
0.30188 
0.301573 
0.301263 
0.300956 
0.300646 
0.30034 
0.30003 
0.299724 
0.299414 
0.299109 
0.2988 
0.298494 
0.298185 
0.29788 
0.297572 
0.297266 
0.296958 
0.296653 
0.296346 
0.296041 
0.295733 
0.295429 
0.295121 
0.294817 
0.294509 
0.294205 
0.293898 
0.293594 
0.293287 
0.292983 
0.292676 
0.292372 
0.292065 
0.291761 
0.291454 
0.291151 
0.290844 
0.29054 
0.290233 
0.289929 
0.289622 
0.289319 
0.289012 
0.288708 
0.288401 
0.288097 
0.28779 
0.287486 
0.287179 
0.286874 
0.286567 
0.286263 
0.285956 
0.285651 
0.285344 
0.285039 
0.284731 
0.284426 
0.284119 
0.283813 
0.283505 
0.2832 
0.282892 
0.282586 
0.282278 
0.281972 
0.281663 
0.281356 
0.281047 
0.280741 
0.280431 
0.280124 
0.279815 
0.279507 
0.279197 
0.278889 
0.278579 
0.278271 
0.27796 
0.277651 
0.27734 
0.277031 
0.276719 
0.27641 
0.276098 
0.275788 
0.275475 
0.275165 
0.274852 
0.274541 
0.274227 
0.273916 
0.273602 
0.273289 
0.272975 
0.272662 
0.272347 
0.272034 
0.271718 
0.271404 
0.271088 
0.270773 
0.270456 
0.270141 
0.269824 
0.269508 
0.269189 
0.268873 
0.268554 
0.268237 
0.267917 
0.2676 
0.267279 
0.266961 
0.26664 
0.266321 
0.265999 
0.265679 
0.265356 
0.265036 
0.264712 
0.264391 
0.264067 
0.263745 
0.26342 
0.263097 
0.262771 
0.262447 
0.262121 
0.261796 
0.261469 
0.261143 
0.260815 
0.260489 
0.26016 
0.259833 
0.259503 
0.259175 
0.258844 
0.258515 
0.258183 
0.257853 
0.257521 
0.25719 
0.256857 
0.256525 
0.25619 
0.255858 
0.255522 
0.255189 
0.254852 
0.254518 
0.25418 
0.253845 
0.253507 
0.25317 
0.252831 
0.252493 
0.252153 
0.251814 
0.251473 
0.251133 
0.250791 
0.25045 
0.250107 
0.249765 
0.249421 
0.249078 
0.248732 
0.248388 
0.248042 
0.247697 
0.247349 
0.247003 
0.246655 
0.246307 
0.245958 
0.245609 
0.245258 
0.244909 
0.244557 
0.244206 
0.243853 
0.243502 
0.243147 
0.242794 
0.242439 
0.242085 
0.241728 
0.241373 
0.241015 
0.240659 
0.2403 
0.239943 
0.239583 
0.239224 
0.238862 
0.238503 
0.23814 
0.237779 
0.237415 
0.237053 
0.236688 
0.236324 
0.235958 
0.235593 
0.235226 
0.23486 
0.234491 
0.234124 
0.233754 
0.233385 
0.233014 
0.232644 
0.232272 
0.231901 
0.231527 
0.231154 
0.230779 
0.230406 
0.230029 
0.229654 
0.229277 
0.228901 
0.228522 
0.228144 
0.227764 
0.227385 
0.227003 
0.226623 
0.22624 
0.225859 
0.225475 
0.225092 
0.224706 
0.224322 
0.223935 
0.22355 
0.223162 
0.222775 
0.222386 
0.221998 
0.221607 
0.221217 
0.220825 
0.220434 
0.220041 
0.219649 
0.219253 
0.21886 
0.218464 
0.218069 
0.217671 
0.217275 
0.216876 
0.216479 
0.216078 
0.215679 
0.215278 
0.214878 
0.214474 
0.214073 
0.213668 
0.213265 
0.212859 
0.212455 
0.212048 
0.211642 
0.211234 
0.210827 
0.210417 
0.210009 
0.209597 
0.209188 
0.208775 
0.208364 
0.20795 
0.207537 
0.207122 
0.206708 
0.206291 
0.205877 
0.205458 
0.205042 
0.204622 
0.204205 
0.203784 
0.203365 
0.202943 
0.202523 
0.202099 
0.201677 
0.201252 
0.20083 
0.200403 
0.199979 
0.199552 
0.199126 
0.198697 
0.198271 
0.19784 
0.197413 
0.196981 
0.196552 
0.196119 
0.195689 
0.195254 
0.194823 
0.194387 
0.193954 
0.193518 
0.193084 
0.192646 
0.19221 
0.191771 
0.191335 
0.190894 
0.190457 
0.190015 
0.189576 
0.189133 
0.188693 
0.188249 
0.187808 
0.187363 
0.18692 
0.186474 
0.186031 
0.185583 
0.185139 
0.18469 
0.184244 
0.183795 
0.183348 
0.182897 
0.182449 
0.181997 
0.181549 
0.181096 
0.180646 
0.180192 
0.179741 
0.179286 
0.178834 
0.178378 
0.177925 
0.177468 
0.177014 
0.176556 
0.176101 
0.175642 
0.175187 
0.174727 
0.17427 
0.17381 
0.173352 
0.172891 
0.172432 
0.17197 
0.171511 
0.171047 
0.170588 
0.170123 
0.169663 
0.169198 
0.168736 
0.168271 
0.167808 
0.167342 
0.166879 
0.166412 
0.165948 
0.16548 
0.165016 
0.164548 
0.164083 
0.163614 
0.163148 
0.162678 
0.162212 
0.161742 
0.161275 
0.160804 
0.160337 
0.159866 
0.159398 
0.158926 
0.158458 
0.157985 
0.157517 
0.157044 
0.156575 
0.156101 
0.155632 
0.155158 
0.154689 
0.154214 
0.153744 
0.15327 
0.152799 
0.152324 
0.151854 
0.151379 
0.150908 
0.150432 
0.149961 
0.149486 
0.149014 
0.148538 
0.148067 
0.147591 
0.147119 
0.146643 
0.146171 
0.145695 
0.145223 
0.144747 
0.144275 
0.143799 
0.143327 
0.14285 
0.142379 
0.141902 
0.14143 
0.140954 
0.140482 
0.140006 
0.139534 
0.139058 
0.138586 
0.13811 
0.137639 
0.137163 
0.136692 
0.136216 
0.135745 
0.135269 
0.134799 
0.134323 
0.133853 
0.133378 
0.132907 
0.132433 
0.131963 
0.131488 
0.131019 
0.130545 
0.130075 
0.129602 
0.129133 
0.128659 
0.128191 
0.127718 
0.12725 
0.126778 
0.12631 
0.125838 
0.125371 
0.1249 
0.124433 
0.123963 
0.123497 
0.123026 
0.122561 
0.122091 
0.121626 
0.121157 
0.120693 
0.120225 
0.119761 
0.119293 
0.11883 
0.118363 
0.117901 
0.117435 
0.116973 
0.116508 
0.116047 
0.115582 
0.115122 
0.114658 
0.114198 
0.113735 
0.113276 
0.112814 
0.112356 
0.111894 
0.111438 
0.110977 
0.110521 
0.110061 
0.109605 
0.109146 
0.108692 
0.108234 
0.10778 
0.107323 
0.10687 
0.106414 
0.105962 
0.105507 
0.105056 
0.104602 
0.104152 
0.103698 
0.10325 
0.102797 
0.102349 
0.101898 
0.101451 
0.101 
0.100554 
0.100105 
0.0996601 
0.0992116 
0.0987678 
0.0983204 
0.0978776 
0.0974312 
0.0969894 
0.0965441 
0.0961033 
0.0956591 
0.0952194 
0.0947762 
0.0943375 
0.0938955 
0.0934579 
0.0930169 
0.0925803 
0.0921405 
0.091705 
0.0912662 
0.0908317 
0.0903941 
0.0899607 
0.0895242 
0.0890919 
0.0886564 
0.0882252 
0.0877909 
0.0873608 
0.0869276 
0.0864985 
0.0860664 
0.0856384 
0.0852075 
0.0847805 
0.0843507 
0.0839249 
0.0834961 
0.0830714 
0.0826438 
0.0822201 
0.0817936 
0.0813709 
0.0809456 
0.080524 
0.0800997 
0.0796792 
0.079256 
0.0788366 
0.0784145 
0.0779961 
0.0775751 
0.0771578 
0.0767379 
0.0763216 
0.0759028 
0.0754875 
0.0750697 
0.0746555 
0.0742388 
0.0738256 
0.0734099 
0.0729977 
0.0725831 
0.0721719 
0.0717584 
0.0713481 
0.0709357 
0.0705264 
0.0701149 
0.0697066 
0.0692962 
0.0688888 
0.0684794 
0.068073 
0.0676645 
0.067259 
0.0668515 
0.066447 
0.0660405 
0.0656368 
0.0652313 
0.0648285 
0.0644239 
0.064022 
0.0636183 
0.0632173 
0.0628145 
0.0624144 
0.0620125 
0.0616132 
0.0612122 
0.0608137 
0.0604136 
0.0600159 
0.0596166 
0.0592197 
0.0588212 
0.0584251 
0.0580275 
0.0576322 
0.0572353 
0.0568407 
0.0564447 
0.0560508 
0.0556555 
0.0552623 
0.0548678 
0.0544753 
0.0540815 
0.0536897 
0.0532966 
0.0529055 
0.052513 
0.0521225 
0.0517308 
0.0513409 
0.0509498 
0.0505606 
0.0501701 
0.0497814 
0.0493916 
0.0490035 
0.0486142 
0.0482266 
0.047838 
0.0474509 
0.0470628 
0.0466762 
0.0462887 
0.0459026 
0.0455156 
0.0451299 
0.0447434 
0.0443582 
0.0439721 
0.0435874 
0.0432018 
0.0428174 
0.0424322 
0.0420482 
0.0416635 
0.0412798 
0.0408955 
0.0405122 
0.0401282 
0.0397452 
0.0393615 
0.0389789 
0.0385955 
0.0382131 
0.0378301 
0.0374479 
0.0370652 
0.0366833 
0.0363008 
0.0359191 
0.0355369 
0.0351553 
0.0347733 
0.0343919 
0.0340101 
0.0336289 
0.0332473 
0.0328662 
0.0324847 
0.0321037 
0.0317223 
0.0313414 
0.0309601 
0.0305792 
0.0301981 
0.0298172 
0.0294361 
0.0290553 
0.0286742 
0.0282934 
0.0279123 
0.0275315 
0.0271504 
0.0267695 
0.0263884 
0.0260074 
0.0256263 
0.0252452 
0.024864 
0.0244828 
0.0241015 
0.0237201 
0.0233387 
0.0229572 
0.0225756 
0.0221939 
0.0218121 
0.0214302 
0.0210482 
0.020666 
0.0202838 
0.0199014 
0.0195188 
0.0191362 
0.0187534 
0.0183705 
0.0179874 
0.0176041 
0.0172208 
0.0168372 
0.0164535 
0.0160697 
0.0156856 
0.0153008 
0.0149161 
0.014531 
0.0141459 
0.0137604 
0.0133748 
0.0129888 
0.0126028 
0.0122164 
0.0118299 
0.0114429 
0.0110559 
0.0106685 
0.010281 
0.00989297 
0.0095049 
0.00911635 
0.00872772 
0.00833859 
0.00794937 
0.00755964 
0.00716982 
0.00677947 
0.00638903 
0.00599803 
0.00560695 
0.00521529 
0.00482354 
0.00443121 
0.00403878 
0.00364575 
0.00325261 
0.00285886 
0.002465 
0.00207052 
0.00167592 
0.00128068 
0.000885315 
0.000489301 
9.31617e-05 
-0.000303645 
-0.000700583 
-0.0010982 
-0.00149596 
-0.0018944 
-0.00229299 
-0.00269229 
-0.00309173 
-0.00349189 
-0.00389221 
-0.00429326 
-0.00469447 
-0.00509641 
-0.00549853 
-0.0059014 
-0.00630445 
-0.00670825 
-0.00711225 
-0.007517 
-0.00792197 
-0.00832769 
-0.00873364 
-0.00914036 
-0.00954731 
-0.00995503 
-0.010363 
-0.0107718 
-0.0111808 
-0.0115905 
-0.0120006 
-0.0124115 
-0.0128226 
-0.0132345 
-0.0136467 
-0.0140598 
-0.0144731 
-0.0148872 
-0.0153017 
-0.0157169 
-0.0161325 
-0.0165489 
-0.0169657 
-0.0173832 
-0.0178012 
-0.0182199 
-0.018639 
-0.0190589 
-0.0194793 
-0.0199004 
-0.020322 
-0.0207443 
-0.0211671 
-0.0215907 
-0.0220148 
-0.0224396 
-0.0228649 
-0.0232911 
-0.0237177 
-0.0241451 
-0.024573 
-0.0250017 
-0.025431 
-0.025861 
-0.0262915 
-0.0267229 
-0.0271548 
-0.0275875 
-0.0280208 
-0.0284549 
-0.0288895 
-0.029325 
-0.029761 
-0.0301978 
-0.0306353 
-0.0310735 
-0.0315124 
-0.0319521 
-0.0323924 
-0.0328335 
-0.0332753 
-0.0337179 
-0.0341613 
-0.0346054 
-0.0350502 
-0.0354958 
-0.0359423 
-0.0363894 
-0.0368368 
-0.0372852 
-0.0377342 
-0.0381841 
-0.0386346 
-0.0390861 
-0.0395381 
-0.0399911 
-0.0404447 
-0.0408993 
-0.0413544 
-0.0418106 
-0.0422673 
-0.042725 
-0.0431832 
-0.0436426 
-0.0441024 
-0.0445633 
-0.0450247 
-0.0454872 
-0.0459502 
-0.0464143 
-0.0468789 
-0.0473447 
-0.0478108 
-0.0482782 
-0.048746 
-0.049215 
-0.0496844 
-0.0501551 
-0.050626 
-0.0510984 
-0.051571 
-0.052045 
-0.0525192 
-0.0529948 
-0.0534707 
-0.053948 
-0.0544255 
-0.0549045 
-0.0553836 
-0.0558643 
-0.056345 
-0.0568274 
-0.0573098 
-0.0577938 
-0.0582779 
-0.0587635 
-0.0592528 
-0.0597419 
-0.0602313 
-0.0607221 
-0.0612133 
-0.0617059 
-0.0621988 
-0.062693 
-0.0631877 
-0.0636837 
-0.06418 
-0.0646777 
-0.0651758 
-0.0656752 
-0.066175 
-0.0666762 
-0.0671777 
-0.0676806 
-0.0681837 
-0.0686883 
-0.0691932 
-0.0696995 
-0.0702061 
-0.0707141 
-0.0712223 
-0.071732 
-0.0722419 
-0.0727533 
-0.0732649 
-0.073778 
-0.0742912 
-0.0748059 
-0.0753208 
-0.0758371 
-0.0763536 
-0.0768717 
-0.0773898 
-0.0779094 
-0.0784291 
-0.0789504 
-0.0794717 
-0.0799945 
-0.0805174 
-0.0810418 
-0.0815663 
-0.0820923 
-0.0826182 
-0.0831458 
-0.0836733 
-0.0842024 
-0.0847313 
-0.0852619 
-0.0857924 
-0.0863245 
-0.0868564 
-0.0873899 
-0.0879233 
-0.0884583 
-0.088993 
-0.0895295 
-0.0900656 
-0.0906034 
-0.0911409 
-0.0916801 
-0.092219 
-0.0927595 
-0.0932996 
-0.0938415 
-0.0943829 
-0.0949261 
-0.0954687 
-0.0960131 
-0.096557 
-0.0971027 
-0.0976477 
-0.0981945 
-0.0987408 
-0.0992888 
-0.0998361 
-0.100385 
-0.100934 
-0.101484 
-0.102033 
-0.102585 
-0.103135 
-0.103687 
-0.104239 
-0.104792 
-0.105344 
-0.105899 
-0.106452 
-0.107007 
-0.107561 
-0.108117 
-0.108672 
-0.109229 
-0.109785 
-0.110342 
-0.110899 
-0.111457 
-0.112014 
-0.112573 
-0.113131 
-0.11369 
-0.114249 
-0.114809 
-0.115368 
-0.115929 
-0.116488 
-0.117049 
-0.117609 
-0.118171 
-0.118731 
-0.119293 
-0.119854 
-0.120416 
-0.120977 
-0.12154 
-0.122101 
-0.122664 
-0.123225 
-0.123788 
-0.12435 
-0.124913 
-0.125475 
-0.126038 
-0.1266 
-0.127163 
-0.127724 
-0.128288 
-0.128849 
-0.129413 
-0.129974 
-0.130537 
-0.131098 
-0.131661 
-0.132222 
-0.132785 
-0.133345 
-0.133908 
-0.134468 
-0.13503 
-0.13559 
-0.136151 
-0.136711 
-0.137272 
-0.137831 
-0.138391 
-0.138949 
-0.139509 
-0.140067 
-0.140626 
-0.141183 
-0.141742 
-0.142298 
-0.142856 
-0.143411 
-0.143968 
-0.144522 
-0.145078 
-0.145632 
-0.146187 
-0.146739 
-0.147293 
-0.147845 
-0.148398 
-0.148948 
-0.1495 
-0.150049 
-0.1506 
-0.151147 
-0.151697 
-0.152243 
-0.152792 
-0.153337 
-0.153884 
-0.154427 
-0.154973 
-0.155515 
-0.156059 
-0.1566 
-0.157142 
-0.157682 
-0.158222 
-0.15876 
-0.159299 
-0.159835 
-0.160373 
-0.160907 
-0.161443 
-0.161975 
-0.162509 
-0.16304 
-0.163572 
-0.164101 
-0.164631 
-0.165158 
-0.165686 
-0.166211 
-0.166738 
-0.167261 
-0.167785 
-0.168306 
-0.168828 
-0.169347 
-0.169867 
-0.170383 
-0.170901 
-0.171416 
-0.171932 
-0.172444 
-0.172957 
-0.173467 
-0.173978 
-0.174486 
-0.174995 
-0.1755 
-0.176007 
-0.17651 
-0.177014 
-0.177514 
-0.178016 
-0.178514 
-0.179013 
-0.179509 
-0.180006 
-0.180499 
-0.180993 
-0.181483 
-0.181975 
-0.182463 
-0.182952 
-0.183438 
-0.183924 
-0.184407 
-0.184891 
-0.185371 
-0.185852 
-0.186329 
-0.186808 
-0.187283 
-0.187759 
-0.188231 
-0.188704 
-0.189173 
-0.189644 
-0.19011 
-0.190578 
-0.191042 
-0.191507 
-0.191968 
-0.19243 
-0.192889 
-0.193348 
-0.193804 
-0.19426 
-0.194713 
-0.195167 
-0.195617 
-0.196068 
-0.196516 
-0.196964 
-0.197408 
-0.197854 
-0.198296 
-0.198738 
-0.199177 
-0.199617 
-0.200053 
-0.20049 
-0.200924 
-0.201358 
-0.201788 
-0.20222 
-0.202648 
-0.203076 
-0.203502 
-0.203927 
-0.20435 
-0.204773 
-0.205193 
-0.205613 
-0.20603 
-0.206448 
-0.206862 
-0.207277 
-0.207688 
-0.2081 
-0.208509 
-0.208919 
-0.209325 
-0.209732 
-0.210135 
-0.21054 
-0.21094 
-0.211342 
-0.21174 
-0.212139 
-0.212535 
-0.212931 
-0.213325 
-0.213718 
-0.214109 
-0.2145 
-0.214889 
-0.215277 
-0.215663 
-0.216049 
-0.216433 
-0.216817 
-0.217197 
-0.217579 
-0.217957 
-0.218336 
-0.218713 
-0.219089 
-0.219463 
-0.219838 
-0.220209 
-0.220581 
-0.22095 
-0.22132 
-0.221687 
-0.222055 
-0.22242 
-0.222785 
-0.223148 
-0.223512 
-0.223872 
-0.224233 
-0.224592 
-0.224951 
-0.225308 
-0.225665 
-0.226019 
-0.226375 
-0.226727 
-0.22708 
-0.227431 
-0.227782 
-0.228131 
-0.228481 
-0.228828 
-0.229175 
-0.229521 
-0.229866 
-0.23021 
-0.230554 
-0.230896 
-0.231238 
-0.231578 
-0.231919 
-0.232258 
-0.232597 
-0.232934 
-0.233271 
-0.233607 
-0.233943 
-0.234277 
-0.234611 
-0.234944 
-0.235277 
-0.235608 
-0.23594 
-0.236269 
-0.2366 
-0.236928 
-0.237257 
-0.237584 
-0.237912 
-0.238238 
-0.238565 
-0.23889 
-0.239215 
-0.239538 
-0.239863 
-0.240185 
-0.240508 
-0.24083 
-0.241152 
-0.241472 
-0.241793 
-0.242113 
-0.242433 
-0.242752 
-0.243071 
-0.243388 
-0.243707 
-0.244023 
-0.244341 
-0.244657 
-0.244973 
-0.245289 
-0.245604 
-0.245919 
-0.246234 
-0.246548 
-0.246862 
-0.247176 
-0.247489 
-0.247802 
-0.248115 
-0.248427 
-0.24874 
-0.249051 
-0.249363 
-0.249674 
-0.249986 
-0.250296 
-0.250607 
-0.250917 
-0.251228 
-0.251538 
-0.251848 
-0.252157 
-0.252467 
-0.252776 
-0.253086 
-0.253394 
-0.253704 
-0.254012 
-0.254321 
-0.254629 
-0.254938 
-0.255246 
-0.255555 
-0.255862 
-0.256171 
-0.256479 
-0.256787 
-0.257095 
-0.257403 
-0.25771 
-0.258018 
-0.258326 
-0.258634 
-0.258941 
-0.259249 
-0.259557 
-0.259865 
-0.260172 
-0.260481 
-0.260788 
-0.261096 
-0.261404 
-0.261712 
-0.26202 
-0.262328 
-0.262636 
-0.262944 
-0.263252 
-0.263561 
-0.263869 
-0.264178 
-0.264486 
-0.264795 
-0.265104 
-0.265413 
-0.265722 
-0.266031 
-0.266341 
-0.26665 
-0.26696 
-0.26727 
-0.267579 
-0.267889 
-0.268199 
-0.26851 
-0.26882 
-0.269131 
-0.269442 
-0.269753 
-0.270064 
-0.270376 
-0.270687 
-0.270999 
-0.271311 
-0.271623 
-0.271935 
-0.272248 
-0.272561 
-0.272874 
-0.273187 
-0.2735 
-0.273814 
-0.274128 
-0.274442 
-0.274756 
-0.275071 
-0.275385 
-0.2757 
-0.276016 
-0.276331 
-0.276647 
-0.276963 
-0.277279 
-0.277596 
-0.277912 
-0.278229 
-0.278547 
-0.278864 
-0.279182 
-0.2795 
-0.279818 
-0.280137 
-0.280456 
-0.280775 
-0.281094 
-0.281414 
-0.281734 
-0.282054 
-0.282374 
-0.282695 
-0.283016 
-0.283337 
-0.283659 
-0.283981 
-0.284303 
-0.284626 
-0.284949 
-0.285271 
-0.285595 
-0.285918 
-0.286242 
-0.286567 
-0.286891 
-0.287216 
-0.287541 
-0.287866 
-0.288192 
-0.288518 
-0.288844 
-0.289171 
-0.289498 
-0.289825 
-0.290153 
-0.29048 
-0.290808 
-0.291137 
-0.291466 
-0.291794 
-0.292124 
-0.292453 
-0.292783 
-0.293113 
-0.293444 
-0.293775 
-0.294106 
-0.294437 
-0.294769 
-0.295101 
-0.295433 
-0.295766 
-0.296099 
-0.296432 
-0.296766 
-0.297099 
-0.297434 
-0.297768 
-0.298103 
-0.298438 
-0.298773 
-0.299109 
-0.299445 
-0.299781 
-0.300117 
-0.300454 
-0.300791 
-0.301129 
-0.301466 
-0.301804 
-0.302143 
-0.302481 
-0.30282 
-0.303159 
-0.303499 
-0.303839 
-0.304179 
-0.304519 
-0.30486 
-0.305201 
-0.305542 
-0.305883 
-0.306225 
-0.306567 
-0.30691 
-0.307252 
-0.307595 
-0.307938 
-0.308282 
-0.308626 
-0.30897 
-0.309314 
-0.309659 
-0.310004 
-0.310349 
-0.310694 
-0.31104 
-0.311386 
-0.311733 
-0.312079 
-0.312426 
-0.312773 
-0.313121 
-0.313468 
-0.313816 
-0.314164 
-0.314513 
-0.314861 
-0.315211 
-0.315559 
-0.315909 
-0.316259 
-0.316609 
-0.316959 
-0.31731 
-0.31766 
-0.318012 
-0.318362 
-0.318714 
-0.319066 
-0.319418 
-0.31977 
-0.320123 
-0.320475 
-0.320828 
-0.321181 
-0.321535 
-0.321888 
-0.322243 
-0.322596 
-0.322951 
-0.323305 
-0.32366 
-0.324015 
-0.324371 
-0.324726 
-0.325082 
-0.325437 
-0.325794 
-0.32615 
-0.326507 
-0.326863 
-0.32722 
-0.327577 
-0.327935 
-0.328292 
-0.32865 
-0.329008 
-0.329366 
-0.329724 
-0.330083 
-0.330441 
-0.330801 
-0.331159 
-0.331519 
-0.331878 
-0.332238 
-0.332597 
-0.332958 
-0.333317 
-0.333678 
-0.334038 
-0.334399 
-0.334759 
-0.33512 
-0.335481 
-0.335843 
-0.336203 
-0.336565 
-0.336926 
-0.337289 
-0.33765 
-0.338013 
-0.338374 
-0.338737 
-0.339099 
-0.339462 
-0.339824 
-0.340187 
-0.340549 
-0.340913 
-0.341275 
-0.341639 
-0.342002 
-0.342366 
-0.342729 
-0.343093 
-0.343456 
-0.34382 
-0.344183 
-0.344547 
-0.344911 
-0.345275 
-0.345639 
-0.346003 
-0.346367 
-0.346732 
-0.347095 
-0.34746 
-0.347824 
-0.348189 
-0.348553 
-0.348918 
-0.349281 
-0.349647 
-0.35001 
-0.350376 
-0.350739 
-0.351105 
-0.351468 
-0.351834 
-0.352197 
-0.352563 
-0.352926 
-0.353292 
-0.353655 
-0.35402 
-0.354384 
-0.354749 
-0.355113 
-0.355478 
-0.355841 
-0.356206 
-0.356569 
-0.356934 
-0.357297 
-0.357662 
-0.358025 
-0.35839 
-0.358752 
-0.359117 
-0.359479 
-0.359844 
-0.360206 
-0.36057 
-0.360932 
-0.361296 
-0.361658 
-0.362021 
-0.362383 
-0.362746 
-0.363108 
-0.363471 
-0.363832 
-0.364195 
-0.364555 
-0.364918 
-0.365278 
-0.36564 
-0.366 
-0.366362 
-0.366722 
-0.367083 
-0.367442 
-0.367803 
-0.368162 
-0.368523 
-0.368881 
-0.369241 
-0.369599 
-0.369959 
-0.370316 
-0.370675 
-0.371032 
-0.371391 
-0.371747 
-0.372106 
-0.372462 
-0.372819 
-0.373174 
-0.373531 
-0.373886 
-0.374243 
-0.374597 
-0.374953 
-0.375306 
-0.375662 
-0.376015 
-0.376369 
-0.376721 
-0.377075 
-0.377427 
-0.37778 
-0.378131 
-0.378484 
-0.378834 
-0.379186 
-0.379535 
-0.379886 
-0.380235 
-0.380585 
-0.380933 
-0.381283 
-0.38163 
-0.381979 
-0.382325 
-0.382673 
-0.383018 
-0.383366 
-0.38371 
-0.384056 
-0.3844 
-0.384746 
-0.385089 
-0.385433 
-0.385775 
-0.386119 
-0.38646 
-0.386802 
-0.387142 
-0.387484 
-0.387823 
-0.388164 
-0.388502 
-0.388842 
-0.389179 
-0.389518 
-0.389854 
-0.390192 
-0.390527 
-0.390864 
-0.391198 
-0.391534 
-0.391867 
-0.392202 
-0.392533 
-0.392867 
-0.393198 
-0.39353 
-0.39386 
-0.394192 
-0.39452 
-0.394851 
-0.395178 
-0.395507 
-0.395834 
-0.396162 
-0.396487 
-0.396814 
-0.397138 
-0.397463 
-0.397786 
-0.398111 
-0.398432 
-0.398756 
-0.399076 
-0.399398 
-0.399717 
-0.400038 
-0.400356 
-0.400676 
-0.400992 
-0.401311 
-0.401626 
-0.401943 
-0.402258 
-0.402573 
-0.402886 
-0.403201 
-0.403513 
-0.403826 
-0.404136 
-0.404448 
-0.404757 
-0.405068 
-0.405376 
-0.405685 
-0.405992 
-0.4063 
-0.406605 
-0.406912 
-0.407215 
-0.407521 
-0.407823 
-0.408127 
-0.408428 
-0.408731 
-0.409031 
-0.409332 
-0.409631 
-0.409931 
-0.410228 
-0.410527 
-0.410822 
-0.41112 
-0.411414 
-0.41171 
-0.412003 
-0.412298 
-0.412589 
-0.412882 
-0.413173 
-0.413465 
-0.413753 
-0.414044 
-0.414331 
-0.414621 
-0.414907 
-0.415194 
-0.415479 
-0.415766 
-0.416049 
-0.416334 
-0.416616 
-0.4169 
-0.41718 
-0.417463 
-0.417742 
-0.418023 
-0.418301 
-0.41858 
-0.418857 
-0.419135 
-0.41941 
-0.419687 
-0.419961 
-0.420236 
-0.420509 
-0.420783 
-0.421054 
-0.421327 
-0.421596 
-0.421868 
-0.422136 
-0.422406 
-0.422673 
-0.422942 
-0.423208 
-0.423475 
-0.42374 
-0.424006 
-0.424269 
-0.424533 
-0.424795 
-0.425059 
-0.425319 
-0.425581 
-0.42584 
-0.426101 
-0.426359 
-0.426618 
-0.426875 
-0.427133 
-0.427389 
-0.427645 
-0.427899 
-0.428155 
-0.428408 
-0.428662 
-0.428914 
-0.429167 
-0.429417 
-0.429669 
-0.429918 
-0.430168 
-0.430416 
-0.430665 
-0.430912 
-0.43116 
-0.431405 
-0.431652 
-0.431896 
-0.432142 
-0.432385 
-0.432629 
-0.432871 
-0.433114 
-0.433355 
-0.433597 
-0.433836 
-0.434077 
-0.434315 
-0.434555 
-0.434792 
-0.43503 
-0.435266 
-0.435504 
-0.435738 
-0.435975 
-0.436208 
-0.436443 
-0.436676 
-0.43691 
-0.437141 
-0.437374 
-0.437605 
-0.437836 
-0.438066 
-0.438296 
-0.438525 
-0.438754 
-0.438981 
-0.43921 
-0.439436 
-0.439663 
-0.439888 
-0.440115 
-0.440339 
-0.440564 
-0.440787 
-0.441011 
-0.441233 
-0.441457 
-0.441678 
-0.4419 
-0.44212 
-0.442341 
-0.44256 
-0.44278 
-0.442998 
-0.443218 
-0.443435 
-0.443653 
-0.443869 
-0.444086 
-0.444301 
-0.444518 
-0.444732 
-0.444947 
-0.445161 
-0.445375 
-0.445587 
-0.445801 
-0.446012 
-0.446225 
-0.446436 
-0.446647 
-0.446857 
-0.447068 
-0.447276 
-0.447486 
-0.447694 
-0.447903 
-0.44811 
-0.448318 
-0.448524 
-0.448732 
-0.448937 
-0.449143 
-0.449348 
-0.449553 
-0.449757 
-0.449962 
-0.450164 
-0.450368 
-0.45057 
-0.450773 
-0.450974 
-0.451176 
-0.451377 
-0.451578 
-0.451778 
-0.451978 
-0.452177 
-0.452377 
-0.452575 
-0.452774 
-0.452971 
-0.453169 
-0.453365 
-0.453563 
-0.453758 
-0.453955 
-0.45415 
-0.454346 
-0.45454 
-0.454735 
-0.454928 
-0.455123 
-0.455315 
-0.455509 
-0.455701 
-0.455894 
-0.456085 
-0.456277 
-0.456467 
-0.456659 
-0.456848 
-0.457039 
-0.457228 
-0.457418 
-0.457606 
-0.457796 
-0.457983 
-0.458172 
-0.458359 
-0.458547 
-0.458733 
-0.45892 
-0.459106 
-0.459292 
-0.459477 
-0.459663 
-0.459847 
-0.460032 
-0.460216 
-0.4604 
-0.460583 
-0.460767 
-0.460949 
-0.461132 
-0.461314 
-0.461496 
-0.461677 
-0.461859 
-0.462039 
-0.462221 
-0.4624 
-0.462581 
-0.46276 
-0.46294 
-0.463118 
-0.463298 
-0.463475 
-0.463654 
-0.463831 
-0.464009 
-0.464186 
-0.464363 
-0.464539 
-0.464716 
-0.464891 
-0.465068 
-0.465242 
-0.465418 
-0.465592 
-0.465767 
-0.465941 
-0.466115 
-0.466288 
-0.466462 
-0.466635 
-0.466808 
-0.46698 
-0.467153 
-0.467324 
-0.467496 
-0.467666 
-0.467838 
-0.468008 
-0.468179 
-0.468349 
-0.468519 
-0.468688 
-0.468858 
-0.469027 
-0.469196 
-0.469364 
-0.469533 
-0.4697 
-0.469868 
-0.470035 
-0.470203 
-0.470369 
-0.470536 
-0.470702 
-0.470869 
-0.471034 
-0.4712 
-0.471365 
-0.47153 
-0.471694 
-0.47186 
-0.472023 
-0.472188 
-0.472351 
-0.472515 
-0.472677 
-0.472841 
-0.473003 
-0.473166 
-0.473328 
-0.47349 
-0.473651 
-0.473813 
-0.473974 
-0.474136 
-0.474295 
-0.474457 
-0.474616 
-0.474777 
-0.474936 
-0.475096 
-0.475254 
-0.475414 
-0.475572 
-0.475731 
-0.475889 
-0.476048 
-0.476205 
-0.476363 
-0.476519 
-0.476677 
-0.476833 
-0.476991 
-0.477146 
-0.477303 
-0.477458 
-0.477615 
-0.477769 
-0.477925 
-0.478079 
-0.478235 
-0.478388 
-0.478543 
-0.478697 
-0.478851 
-0.479004 
-0.479158 
-0.47931 
-0.479464 
-0.479616 
-0.479769 
-0.479921 
-0.480073 
-0.480224 
-0.480377 
-0.480527 
-0.480679 
-0.480829 
-0.480981 
-0.48113 
-0.481281 
-0.48143 
-0.481581 
-0.481729 
-0.48188 
-0.482028 
-0.482178 
-0.482325 
-0.482475 
-0.482622 
-0.482771 
-0.482918 
-0.483066 
-0.483213 
-0.483361 
-0.483507 
-0.483654 
-0.4838 
-0.483947 
-0.484092 
-0.484239 
-0.484383 
-0.48453 
-0.484674 
-0.48482 
-0.484964 
-0.485109 
-0.485252 
-0.485397 
-0.48554 
-0.485685 
-0.485827 
-0.485972 
-0.486114 
-0.486257 
-0.486399 
-0.486542 
-0.486684 
-0.486826 
-0.486967 
-0.48711 
-0.48725 
-0.487392 
-0.487532 
-0.487673 
-0.487813 
-0.487954 
-0.488093 
-0.488234 
-0.488372 
-0.488513 
-0.488651 
-0.488791 
-0.488928 
-0.489068 
-0.489205 
-0.489344 
-0.489481 
-0.48962 
-0.489756 
-0.489894 
-0.49003 
-0.490168 
-0.490303 
-0.490441 
-0.490576 
-0.490712 
-0.490847 
-0.490983 
-0.491118 
-0.491254 
-0.491387 
-0.491523 
-0.491656 
-0.491791 
-0.491924 
-0.492059 
-0.492191 
-0.492325 
-0.492457 
-0.492591 
-0.492722 
-0.492855 
-0.492986 
-0.493119 
-0.493249 
-0.493382 
-0.493512 
-0.493643 
-0.493773 
-0.493904 
-0.494033 
-0.494164 
-0.494293 
-0.494423 
-0.494551 
-0.494681 
-0.494809 
-0.494938 
-0.495065 
-0.495194 
-0.495321 
-0.495449 
-0.495575 
-0.495703 
-0.495828 
-0.495956 
-0.496081 
-0.496208 
-0.496332 
-0.496458 
-0.496582 
-0.496708 
-0.496831 
-0.496957 
-0.497079 
-0.497204 
-0.497326 
-0.497451 
-0.497572 
-0.497696 
-0.497817 
-0.49794 
-0.498061 
-0.498183 
-0.498303 
-0.498425 
-0.498544 
-0.498665 
-0.498784 
-0.498905 
-0.499023 
-0.499143 
-0.499261 
-0.49938 
-0.499497 
-0.499616 
-0.499732 
-0.49985 
-0.499966 
-0.500083 
-0.500198 
-0.500315 
-0.500429 
-0.500545 
-0.500659 
-0.500774 
-0.500887 
-0.501002 
-0.501114 
-0.501228 
-0.50134 
-0.501453 
-0.501564 
-0.501677 
-0.501787 
-0.501898 
-0.502008 
-0.502119 
-0.502227 
-0.502338 
-0.502446 
-0.502555 
-0.502662 
-0.502771 
-0.502877 
-0.502985 
-0.50309 
-0.503197 
-0.503302 
-0.503408 
-0.503512 
-0.503617 
-0.50372 
-0.503825 
-0.503927 
-0.50403 
-0.504131 
-0.504234 
-0.504334 
-0.504436 
-0.504536 
-0.504637 
-0.504735 
-0.504835 
-0.504932 
-0.505031 
-0.505128 
-0.505226 
-0.505321 
-0.505419 
-0.505513 
-0.505609 
-0.505703 
