0.576923 
0.576885 
0.576769 
0.576577 
0.576309 
0.575963 
0.575541 
0.575042 
0.574467 
0.573815 
0.573087 
0.572282 
0.571402 
0.570445 
0.569412 
0.568304 
0.567119 
0.56586 
0.564525 
0.563114 
0.561629 
0.560069 
0.558435 
0.556726 
0.554943 
0.553086 
0.551156 
0.549152 
0.547075 
0.544925 
0.542703 
0.540408 
0.538041 
0.535603 
0.533094 
0.530513 
0.527862 
0.525141 
0.52235 
0.519489 
0.516559 
0.51356 
0.510493 
0.507358 
0.504155 
0.500885 
0.497549 
0.494146 
0.490678 
0.487144 
0.483545 
0.479882 
0.476155 
0.472365 
0.468512 
0.464596 
0.460619 
0.45658 
0.45248 
0.44832 
0.444101 
0.439822 
0.435485 
0.43109 
0.426638 
0.422128 
0.417563 
0.412942 
0.408265 
0.403535 
0.398751 
0.393914 
0.389024 
0.384082 
0.37909 
0.374047 
0.368954 
0.363812 
0.358621 
0.353383 
0.348098 
0.342766 
0.337389 
0.331967 
0.3265 
0.320991 
0.315438 
0.309843 
0.304208 
0.298531 
0.292815 
0.28706 
0.281267 
0.275436 
0.269569 
0.263666 
0.257727 
0.251755 
0.245748 
0.23971 
0.233639 
0.227537 
0.221405 
0.215243 
0.209053 
0.202834 
0.196589 
0.190318 
0.184021 
0.1777 
0.171355 
0.164987 
0.158598 
0.152187 
0.145756 
0.139306 
0.132837 
0.12635 
0.119847 
0.113327 
0.106793 
0.100244 
0.0936818 
0.0871073 
0.0805211 
0.0739243 
0.0673176 
0.0607019 
0.0540781 
0.0474472 
0.0408099 
0.0341672 
0.02752 
0.0208691 
0.0142154 
0.00755979 
0.000903206 
-0.0057535 
-0.0124094 
-0.0190637 
-0.0257155 
-0.0323638 
-0.0390078 
-0.0456467 
-0.0522794 
-0.0589052 
-0.0655232 
-0.0721324 
-0.078732 
-0.0853211 
-0.0918989 
-0.0984645 
-0.105017 
-0.111555 
-0.118079 
-0.124587 
-0.131078 
-0.137552 
-0.144008 
-0.150444 
-0.15686 
-0.163256 
-0.169629 
-0.17598 
-0.182308 
-0.188612 
-0.19489 
-0.201142 
-0.207368 
-0.213566 
-0.219735 
-0.225876 
-0.231986 
-0.238065 
-0.244113 
-0.250128 
-0.25611 
-0.262058 
-0.267971 
-0.273848 
-0.279688 
-0.285492 
-0.291257 
-0.296984 
-0.302671 
-0.308318 
-0.313924 
-0.319488 
-0.325009 
-0.330488 
-0.335922 
-0.341311 
-0.346655 
-0.351953 
-0.357204 
-0.362408 
-0.367563 
-0.372669 
-0.377726 
-0.382733 
-0.387688 
-0.392592 
-0.397443 
-0.402242 
-0.406987 
-0.411678 
-0.416314 
-0.420895 
-0.425419 
-0.429887 
-0.434298 
-0.438651 
-0.442946 
-0.447181 
-0.451357 
-0.455473 
-0.459529 
-0.463523 
-0.467455 
-0.471325 
-0.475133 
-0.478877 
-0.482557 
-0.486174 
-0.489725 
-0.493211 
-0.496632 
-0.499986 
-0.503274 
-0.506495 
-0.509649 
-0.512734 
-0.515752 
-0.5187 
-0.52158 
-0.52439 
-0.527131 
-0.529801 
-0.532401 
-0.534929 
-0.537387 
-0.539773 
-0.542087 
-0.544329 
-0.546499 
-0.548595 
-0.550619 
-0.55257 
-0.554446 
-0.556249 
-0.557978 
-0.559633 
-0.561213 
-0.562719 
-0.564149 
-0.565505 
-0.566785 
-0.56799 
-0.569119 
-0.570172 
-0.57115 
-0.572051 
-0.572876 
-0.573625 
-0.574298 
-0.574894 
-0.575413 
-0.575856 
-0.576223 
-0.576512 
-0.576725 
-0.576861 
-0.57692 
-0.576903 
-0.576808 
-0.576637 
-0.576389 
-0.576065 
-0.575663 
-0.575185 
-0.574631 
-0.574 
-0.573292 
-0.572508 
-0.571648 
-0.570712 
-0.5697 
-0.568612 
-0.567448 
-0.566209 
-0.564894 
-0.563505 
-0.56204 
-0.5605 
-0.558886 
-0.557197 
-0.555434 
-0.553597 
-0.551687 
-0.549703 
-0.547646 
-0.545516 
-0.543313 
-0.541038 
-0.538691 
-0.536272 
-0.533782 
-0.531221 
-0.528589 
-0.525886 
-0.523114 
-0.520272 
-0.517361 
-0.51438 
-0.511332 
-0.508215 
-0.505031 
-0.501779 
-0.498461 
-0.495076 
-0.491625 
-0.488109 
-0.484528 
-0.480882 
-0.477173 
-0.4734 
-0.469563 
-0.465665 
-0.461704 
-0.457682 
-0.453599 
-0.449455 
-0.445252 
-0.440989 
-0.436668 
-0.432288 
-0.427851 
-0.423357 
-0.418807 
-0.414201 
-0.40954 
-0.404824 
-0.400054 
-0.395231 
-0.390356 
-0.385428 
-0.380449 
-0.37542 
-0.370341 
-0.365212 
-0.360034 
-0.354809 
-0.349537 
-0.344217 
-0.338852 
-0.333442 
-0.327988 
-0.32249 
-0.316949 
-0.311366 
-0.305741 
-0.300076 
-0.29437 
-0.288626 
-0.282843 
-0.277022 
-0.271165 
-0.265271 
-0.259342 
-0.253379 
-0.247382 
-0.241351 
-0.235289 
-0.229196 
-0.223072 
-0.216918 
-0.210735 
-0.204524 
-0.198287 
-0.192022 
-0.185732 
-0.179418 
-0.173079 
-0.166718 
-0.160334 
-0.153929 
-0.147503 
-0.141058 
-0.134594 
-0.128112 
-0.121613 
-0.115098 
-0.108567 
-0.102022 
-0.0954638 
-0.0888925 
-0.0823095 
-0.0757154 
-0.0691113 
-0.062498 
-0.0558763 
-0.0492472 
-0.0426116 
-0.0359703 
-0.0293242 
-0.0226742 
-0.0160212 
-0.00936601 
-0.00270961 
0.00394716 
0.0106034 
0.0172582 
0.0239107 
0.0305601 
0.0372054 
0.0438457 
0.0504802 
0.0571079 
0.0637281 
0.0703398 
0.0769421 
0.0835342 
0.0901151 
0.0966841 
0.10324 
0.109782 
0.11631 
0.122822 
0.129318 
0.135797 
0.142258 
0.148699 
0.155121 
0.161522 
0.167902 
0.174259 
0.180593 
0.186904 
0.193189 
0.199448 
0.205681 
0.211887 
0.218064 
0.224212 
0.230331 
0.236419 
0.242475 
0.248499 
0.25449 
0.260447 
0.266369 
0.272256 
0.278107 
0.283921 
0.289697 
0.295434 
0.301132 
0.30679 
0.312407 
0.317982 
0.323515 
0.329005 
0.334452 
0.339853 
0.34521 
0.35052 
0.355784 
0.361001 
0.366169 
0.371289 
0.376359 
0.381379 
0.386348 
0.391266 
0.396132 
0.400945 
0.405705 
0.41041 
0.415062 
0.419657 
0.424197 
0.428681 
0.433107 
0.437476 
0.441786 
0.446038 
0.45023 
0.454362 
0.458434 
0.462445 
0.466394 
0.470281 
0.474106 
0.477867 
0.481565 
0.485199 
0.488768 
0.492272 
0.49571 
0.499083 
0.502389 
