0 
-0.0612087 
-0.16864 
-0.234783 
-0.243442 
-0.192498 
-0.0944244 
0.0267679 
-0.507252 
0.00251682 
0.218907 
0.247229 
0.212504 
0.12575 
0.00820867 
-0.111343 
-0.203633 
-0.246068 
-0.228256 
-0.154559 
-0.0430209 
0.0790503 
0.181767 
0.239981 
0.23944 
0.180275 
0.0769722 
-0.0451757 
-0.156263 
-0.229092 
-0.245831 
-0.202382 
-0.109383 
0.010397 
0.127631 
0.213617 
0.247302 
0.220438 
0.139604 
0.0245899 
-0.0964448 
-0.193866 
-0.243823 
-0.234083 
-0.167031 
-0.0590845 
0.0633281 
0.170236 
0.235464 
0.243042 
0.191115 
0.0923967 
-0.0289438 
-0.143198 
-0.222392 
-0.247137 
-0.211374 
-0.123859 
-0.0060197 
0.113294 
0.204869 
0.246285 
0.227402 
0.152843 
0.0408628 
-0.0811223 
-0.183246 
-0.240504 
-0.238879 
-0.178768 
-0.074888 
0.047327 
0.157955 
0.22991 
0.245575 
0.201114 
0.107414 
-0.0125845 
-0.129502 
-0.214713 
-0.247355 
-0.219436 
-0.137791 
-0.0224099 
0.0984577 
0.195219 
0.244185 
0.233365 
0.165409 
0.0569558 
-0.0654425 
-0.171818 
-0.236127 
-0.242623 
-0.189717 
-0.0903616 
0.0311175 
0.144978 
0.223343 
0.247026 
0.210228 
0.121959 
