0 
-0.229849 
-0.478225 
-0.286923 
0.168174 
0.468653 
0.338254 
-0.103134 
-0.449701 
-0.382815 
0.0360294 
0.421749 
0.419714 
0.0317964 
-0.385355 
-0.448213 
-0.0989858 
0.341248 
0.46774 
0.164194 
-0.290311 
-0.477906 
-0.226116 
0.233564 
0.478506 
0.283512 
-0.172142 
-0.469529 
-0.335234 
0.107274 
0.451154 
0.380245 
-0.0402595 
-0.42375 
-0.417647 
-0.027561 
0.387864 
0.446689 
0.0948298 
-0.344215 
-0.46679 
-0.160201 
0.293677 
0.477549 
0.222365 
-0.237261 
-0.47875 
-0.280079 
0.176096 
0.470368 
0.332187 
