0 
-0.0127081 
-7.49969e-05 
-0.0129201 
-0.000174964 
-0.013157 
-0.00027486 
-0.0133939 
-0.000374647 
-0.0136306 
-0.000474284 
-0.0138669 
-0.000573731 
-0.0141028 
-0.000672949 
-0.0143382 
-0.000771897 
-0.0145729 
-0.000870537 
-0.0148069 
-0.000968829 
-0.01504 
-0.00106673 
-0.0152722 
-0.00116421 
-0.0155033 
-0.00126122 
-0.0157332 
-0.00135773 
-0.0159618 
-0.00145369 
-0.0161891 
-0.00154908 
-0.0164148 
-0.00164384 
-0.016639 
-0.00173794 
-0.0168615 
-0.00183136 
-0.0170821 
-0.00192403 
-0.0173009 
-0.00201594 
-0.0175177 
-0.00210704 
-0.0177324 
-0.0021973 
-0.0179449 
-0.00228668 
-0.0181551 
-0.00237515 
-0.0183629 
-0.00246266 
-0.0185683 
-0.00254919 
-0.0187712 
-0.00263471 
-0.0189713 
-0.00271916 
-0.0191688 
-0.00280253 
-0.0193634 
-0.00288478 
-0.0195551 
-0.00296588 
-0.0197439 
-0.00304578 
-0.0199295 
-0.00312447 
-0.0201121 
-0.00320191 
-0.0202914 
-0.00327807 
-0.0204674 
-0.00335292 
-0.02064 
-0.00342643 
-0.0208092 
-0.00349857 
-0.0209749 
-0.0035693 
-0.021137 
-0.00363861 
-0.0212954 
-0.00370647 
-0.0214502 
-0.00377284 
-0.0216012 
-0.0038377 
-0.0217483 
-0.00390103 
-0.0218916 
-0.0039628 
-0.0220309 
-0.00402298 
-0.0221662 
-0.00408155 
-0.0222975 
-0.00413849 
-0.0224247 
-0.00419378 
-0.0225477 
-0.00424739 
-0.0226666 
-0.00429929 
-0.0227812 
-0.00434948 
-0.0228915 
-0.00439793 
-0.0229976 
-0.00444462 
-0.0230992 
-0.00448954 
-0.0231966 
-0.00453265 
-0.0232895 
-0.00457396 
-0.0233779 
-0.00461343 
-0.0234619 
-0.00465106 
-0.0235414 
-0.00468683 
-0.0236164 
-0.00472072 
-0.0236868 
-0.00475273 
-0.0237527 
-0.00478283 
-0.023814 
-0.00481102 
-0.0238707 
-0.00483729 
-0.0239228 
-0.00486162 
-0.0239703 
-0.00488401 
-0.0240132 
-0.00490444 
-0.0240514 
-0.00492292 
-0.0240851 
-0.00493942 
-0.024114 
-0.00495395 
-0.0241384 
-0.00496649 
-0.0241581 
-0.00497705 
-0.0241732 
-0.00498562 
-0.0241837 
-0.0049922 
-0.0241895 
-0.00499678 
-0.0241908 
-0.00499936 
-0.0241875 
-0.00499993 
-0.0241795 
-0.00499851 
-0.0241671 
-0.0049951 
-0.00499264 
-0.00498968 
-0.00498622 
-0.00498226 
-0.00497781 
-0.00497286 
-0.00496741 
-0.00496146 
-0.00495502 
-0.00494808 
-0.00494065 
-0.00493272 
-0.0049243 
-0.00491539 
-0.00490599 
-0.00489609 
-0.00488571 
-0.00487484 
-0.00486348 
-0.00485163 
-0.0048393 
-0.00482648 
-0.00481319 
-0.00479941 
-0.00478515 
-0.00477041 
-0.00475519 
-0.0047395 
-0.00472334 
-0.0047067 
-0.0046896 
-0.00467202 
-0.00465398 
-0.00463547 
-0.00461649 
-0.00459706 
-0.00457717 
-0.00455681 
-0.00453601 
-0.00451475 
-0.00449303 
-0.00447087 
-0.00444826 
-0.00442521 
-0.00440172 
-0.00437778 
-0.00435341 
-0.0043286 
-0.00430335 
-0.00427768 
-0.00425158 
-0.00422506 
-0.00419811 
-0.00417074 
-0.00414296 
-0.00411476 
-0.00408615 
-0.00405713 
-0.0040277 
-0.00399787 
-0.00396765 
-0.00393702 
-0.00390601 
-0.0038746 
-0.0038428 
-0.00381062 
-0.00377806 
-0.00374512 
-0.00371181 
-0.00367812 
-0.00364407 
-0.00360965 
-0.00357488 
-0.00353974 
-0.00350425 
-0.00346841 
-0.00343222 
-0.00339569 
-0.00335882 
-0.00332162 
-0.00328408 
-0.00324622 
-0.00320803 
-0.00316951 
-0.00313069 
-0.00309155 
-0.00305209 
-0.00301234 
-0.00297228 
-0.00293193 
-0.00289128 
-0.00285034 
-0.00280912 
-0.00276762 
-0.00272584 
-0.00268379 
-0.00264147 
-0.00259889 
-0.00255604 
-0.00251294 
-0.00246959 
-0.00242599 
-0.00238215 
-0.00233807 
-0.00229376 
-0.00224922 
-0.00220445 
-0.00215947 
-0.00211426 
-0.00206885 
-0.00202323 
-0.0019774 
-0.00193138 
-0.00188517 
-0.00183876 
-0.00179218 
-0.00174541 
-0.00169847 
-0.00165136 
-0.00160408 
-0.00155665 
-0.00150905 
-0.00146131 
-0.00141342 
-0.00136539 
-0.00131722 
-0.00126893 
-0.0012205 
-0.00117195 
-0.00112329 
-0.00107451 
-0.00102563 
-0.00097664 
-0.000927555 
-0.000878378 
-0.000829112 
-0.000779764 
-0.000730338 
-0.000680839 
-0.000631271 
-0.000581641 
-0.000531952 
-0.000482211 
-0.000432421 
-0.000382587 
-0.000332716 
-0.000282811 
-0.000232878 
-0.000182922 
-0.000132947 
-8.29591e-05 
-3.29629e-05 
1.70366e-05 
6.70344e-05 
0.000117026 
0.000167005 
0.000216968 
0.000266909 
0.000316823 
0.000366706 
0.000416552 
0.000466356 
0.000516114 
0.00056582 
0.000615469 
0.000665057 
0.000714579 
0.000764029 
0.000813402 
0.000862694 
0.0009119 
0.000961015 
0.00101003 
0.00105895 
0.00110776 
0.00115646 
0.00120505 
0.00125351 
0.00130185 
0.00135006 
0.00139814 
0.00144607 
0.00149386 
0.0015415 
0.00158899 
0.00163632 
0.00168348 
0.00173048 
0.0017773 
0.00182394 
0.00187041 
0.00191668 
0.00196276 
0.00200865 
0.00205434 
0.00209982 
0.00214509 
0.00219015 
0.00223498 
0.0022796 
0.00232398 
0.00236814 
0.00241205 
0.00245573 
0.00249916 
0.00254234 
0.00258527 
0.00262793 
0.00267034 
0.00271248 
0.00275434 
0.00279593 
0.00283725 
0.00287827 
0.00291901 
0.00295946 
0.00299961 
0.00303946 
0.00307901 
0.00311825 
0.00315718 
0.00319579 
0.00323409 
0.00327206 
0.0033097 
0.00334701 
0.00338399 
0.00342063 
0.00345692 
0.00349287 
0.00352847 
0.00356372 
0.00359861 
0.00363315 
0.00366732 
0.00370112 
0.00373455 
0.00376761 
0.00380029 
0.00383259 
0.00386451 
0.00389604 
0.00392719 
0.00395794 
0.00398829 
0.00401824 
0.0040478 
0.00407695 
0.00410569 
0.00413402 
0.00416194 
0.00418944 
0.00421652 
0.00424318 
0.00426941 
0.00429522 
0.0043206 
0.00434555 
0.00437006 
0.00439414 
0.00441777 
0.00444097 
0.00446372 
0.00448602 
0.00450788 
0.00452928 
0.00455024 
0.00457073 
0.00459077 
0.00461035 
0.00462947 
0.00464813 
0.00466632 
0.00468405 
0.0047013 
0.00471809 
0.00473441 
0.00475025 
0.00476561 
0.0047805 
0.00479492 
0.00480885 
0.0048223 
0.00483527 
0.00484776 
0.00485976 
0.00487127 
0.0048823 
0.00489284 
0.00490289 
0.00491245 
0.00492152 
0.0049301 
0.00493818 
0.00494577 
0.00495286 
0.00495946 
0.00496557 
0.00497118 
0.00497629 
0.0049809 
0.00498501 
0.00498863 
0.00499175 
0.00499437 
0.00499648 
0.0049981 
0.00499922 
0.00499984 
0.00499996 
0.00499958 
0.0049987 
0.00499732 
0.00499544 
0.00499306 
0.00499018 
0.0049868 
0.00498293 
0.00497855 
0.00497368 
0.00496831 
0.00496244 
0.00495608 
0.00494922 
0.00494187 
0.00493402 
0.00492568 
0.00491684 
0.00490752 
0.0048977 
0.0048874 
0.0048766 
0.00486532 
0.00485355 
0.0048413 
0.00482856 
0.00481534 
0.00480163 
0.00478745 
0.00477279 
0.00475765 
0.00474203 
0.00472595 
0.00470938 
0.00469235 
0.00467485 
0.00465688 
0.00463845 
0.00461955 
0.00460019 
0.00458037 
0.00456009 
0.00453935 
0.00451816 
0.00449652 
0.00447443 
0.0044519 
0.00442891 
0.00440549 
0.00438162 
0.00435732 
0.00433258 
0.0043074 
0.0042818 
0.00425577 
0.00422931 
0.00420243 
0.00417513 
0.00414741 
0.00411928 
0.00409073 
0.00406178 
0.00403242 
0.00400265 
0.00397249 
0.00394193 
0.00391097 
0.00387963 
0.00384789 
0.00381577 
0.00378327 
0.00375039 
0.00371714 
0.00368351 
0.00364952 
0.00361516 
0.00358044 
0.00354536 
0.00350993 
0.00347414 
0.00343801 
0.00340154 
0.00336472 
0.00332757 
0.00329008 
0.00325227 
0.00321413 
0.00317567 
0.00313689 
0.0030978 
0.0030584 
0.00301869 
0.00297868 
0.00293838 
0.00289777 
0.00285688 
0.00281571 
0.00277425 
0.00273251 
0.00269051 
0.00264823 
0.00260569 
0.00256288 
0.00251982 
0.00247651 
0.00243295 
0.00238915 
0.00234511 
0.00230083 
0.00225633 
0.0022116 
0.00216664 
0.00212148 
0.00207609 
0.00203051 
0.00198471 
0.00193872 
0.00189254 
0.00184617 
0.00179961 
0.00175287 
0.00170596 
0.00165887 
0.00161162 
0.00156421 
0.00151664 
0.00146892 
0.00142106 
0.00137305 
0.0013249 
0.00127663 
0.00122822 
0.00117969 
0.00113105 
0.00108229 
0.00103342 
0.000984448 
0.000935379 
0.000886216 
0.000836964 
0.000787629 
0.000738215 
0.000688727 
0.00063917 
0.000589549 
0.00053987 
0.000490136 
0.000440353 
0.000390527 
0.000340661 
0.000290761 
0.000240832 
0.000190879 
0.000140907 
9.09211e-05 
4.09259e-05 
-9.07342e-06 
-5.90718e-05 
-0.000109064 
-0.000159046 
-0.000209012 
-0.000258956 
-0.000308875 
-0.000358763 
-0.000408616 
-0.000458427 
-0.000508192 
-0.000557907 
-0.000607566 
-0.000657164 
-0.000706696 
-0.000756158 
-0.000805544 
-0.000854849 
-0.000904069 
-0.000953199 
-0.00100223 
-0.00105117 
-0.0011 
-0.00114872 
-0.00119732 
-0.0012458 
-0.00129416 
-0.00134239 
-0.00139049 
-0.00143845 
-0.00148626 
-0.00153393 
-0.00158144 
-0.00162879 
-0.00167598 
-0.001723 
-0.00176985 
-0.00181653 
-0.00186302 
-0.00190932 
-0.00195544 
-0.00200136 
-0.00204708 
-0.00209259 
-0.00213789 
-0.00218299 
-0.00222786 
-0.00227251 
-0.00231693 
-0.00236112 
-0.00240508 
-0.00244879 
-0.00249226 
-0.00253548 
-0.00257845 
-0.00262116 
-0.0026636 
-0.00270578 
-0.00274769 
-0.00278933 
-0.00283068 
-0.00287176 
-0.00291254 
-0.00295304 
-0.00299324 
-0.00303314 
-0.00307273 
-0.00311202 
-0.003151 
-0.00318967 
-0.00322801 
-0.00326603 
-0.00330373 
-0.00334109 
-0.00337812 
-0.00341481 
-0.00345116 
-0.00348717 
-0.00352283 
-0.00355813 
-0.00359308 
-0.00362767 
-0.0036619 
-0.00369576 
-0.00372925 
-0.00376237 
-0.00379511 
-0.00382747 
-0.00385945 
-0.00389105 
-0.00392225 
-0.00395306 
-0.00398348 
-0.0040135 
-0.00404312 
-0.00407233 
-0.00410114 
-0.00412953 
-0.00415752 
-0.00418508 
-0.00421223 
-0.00423896 
-0.00426526 
-0.00429114 
-0.00431659 
-0.00434161 
-0.00436619 
-0.00439033 
-0.00441404 
-0.00443731 
-0.00446013 
-0.0044825 
-0.00450443 
-0.00452591 
-0.00454693 
-0.0045675 
-0.00458761 
-0.00460727 
-0.00462646 
-0.00464519 
-0.00466346 
-0.00468126 
-0.00469859 
-0.00471545 
-0.00473184 
-0.00474776 
-0.0047632 
-0.00477816 
-0.00479265 
-0.00480666 
-0.00482019 
-0.00483324 
-0.0048458 
-0.00485788 
-0.00486947 
-0.00488058 
-0.00489119 
-0.00490132 
-0.00491096 
-0.00492011 
-0.00492876 
-0.00493692 
-0.00494459 
-0.00495177 
-0.00495845 
-0.00496463 
-0.00497032 
-0.00497551 
-0.0049802 
-0.00498439 
-0.00498809 
-0.00499128 
-0.00499398 
-0.00499618 
-0.00499788 
-0.00499908 
-0.00499978 
-0.00499998 
-0.00499968 
-0.00499887 
-0.00499757 
-0.00499577 
-0.00499347 
-0.00499067 
-0.00498738 
-0.00498358 
-0.00497928 
-0.00497449 
-0.0049692 
-0.00496341 
-0.00495713 
-0.00495035 
-0.00494307 
-0.0049353 
-0.00492704 
-0.00491828 
-0.00490904 
-0.0048993 
-0.00488907 
-0.00487835 
-0.00486715 
-0.00485546 
-0.00484328 
-0.00483062 
-0.00481747 
-0.00480385 
-0.00478974 
-0.00477516 
-0.00476009 
-0.00474455 
-0.00472854 
-0.00471205 
-0.0046951 
-0.00467767 
-0.00465977 
-0.00464141 
-0.00462259 
-0.0046033 
-0.00458355 
-0.00456335 
-0.00454268 
-0.00452157 
-0.0045 
-0.00447798 
-0.00445551 
-0.0044326 
-0.00440925 
-0.00438545 
-0.00436122 
-0.00433655 
-0.00431144 
-0.00428591 
-0.00425994 
-0.00423355 
-0.00420674 
-0.0041795 
-0.00415185 
-0.00412378 
-0.0040953 
-0.00406641 
-0.00403712 
-0.00400742 
-0.00397732 
-0.00394682 
-0.00391593 
-0.00388464 
-0.00385297 
-0.00382091 
-0.00378847 
-0.00375565 
-0.00372246 
-0.00368889 
-0.00365496 
-0.00362066 
-0.00358599 
-0.00355097 
-0.00351559 
-0.00347986 
-0.00344379 
-0.00340737 
-0.00337061 
-0.00333351 
-0.00329607 
-0.00325831 
-0.00322023 
-0.00318182 
-0.00314309 
-0.00310405 
-0.00306469 
-0.00302504 
-0.00298507 
-0.00294481 
-0.00290426 
-0.00286342 
-0.00282228 
-0.00278087 
-0.00273918 
-0.00269721 
-0.00265498 
-0.00261248 
-0.00256972 
-0.0025267 
-0.00248343 
-0.00243991 
-0.00239614 
-0.00235214 
-0.0023079 
-0.00226343 
-0.00221874 
-0.00217382 
-0.00212868 
-0.00208334 
-0.00203778 
-0.00199202 
-0.00194606 
-0.00189991 
-0.00185356 
-0.00180703 
-0.00176032 
-0.00171344 
-0.00166638 
-0.00161916 
-0.00157177 
-0.00152423 
-0.00147653 
-0.00142869 
-0.00138071 
-0.00133258 
-0.00128432 
-0.00123594 
-0.00118743 
-0.0011388 
-0.00109006 
-0.00104121 
-0.000992254 
-0.0009432 
-0.000894052 
-0.000844814 
-0.000795492 
-0.00074609 
-0.000696613 
-0.000647067 
-0.000597456 
-0.000547786 
-0.00049806 
-0.000448285 
-0.000398465 
-0.000348605 
-0.000298711 
-0.000248786 
-0.000198837 
-0.000148867 
-9.88829e-05 
-4.88888e-05 
1.11019e-06 
5.11091e-05 
0.000101103 
0.000151087 
0.000201055 
0.000251004 
0.000300927 
0.00035082 
0.000400678 
0.000450497 
0.00050027 
0.000549993 
0.000599661 
0.000649269 
0.000698812 
0.000748285 
0.000797684 
0.000847002 
0.000896236 
0.000945381 
0.000994431 
0.00104338 
0.00109223 
0.00114096 
0.00118959 
0.00123809 
0.00128647 
0.00133472 
0.00138284 
0.00143082 
0.00147866 
0.00152634 
0.00157388 
0.00162126 
0.00166848 
0.00171552 
0.0017624 
0.0018091 
0.00185563 
0.00190196 
0.00194811 
0.00199406 
0.00203981 
0.00208535 
0.00213069 
0.00217582 
0.00222073 
0.00226541 
0.00230987 
0.0023541 
0.00239809 
0.00244184 
0.00248535 
0.00252861 
0.00257162 
0.00261437 
0.00265686 
0.00269908 
0.00274104 
0.00278272 
0.00282412 
0.00286524 
0.00290607 
0.00294661 
0.00298686 
0.0030268 
0.00306645 
0.00310579 
0.00314482 
0.00318353 
0.00322192 
0.00326 
0.00329774 
0.00333516 
0.00337225 
0.00340899 
0.0034454 
0.00348146 
0.00351717 
0.00355253 
0.00358754 
0.00362219 
0.00365647 
0.00369039 
0.00372394 
0.00375712 
0.00378992 
0.00382234 
0.00385439 
0.00388604 
0.00391731 
0.00394818 
0.00397866 
0.00400875 
0.00403843 
0.00406771 
0.00409658 
0.00412504 
0.00415309 
0.00418072 
0.00420794 
0.00423473 
0.0042611 
0.00428705 
0.00431257 
0.00433765 
0.0043623 
0.00438652 
0.00441029 
0.00443363 
0.00445652 
0.00447897 
0.00450097 
0.00452252 
0.00454361 
0.00456425 
0.00458444 
0.00460417 
0.00462343 
0.00464224 
0.00466058 
0.00467845 
0.00469586 
0.0047128 
0.00472926 
0.00474525 
0.00476077 
0.00477581 
0.00479038 
0.00480446 
0.00481807 
0.00483119 
0.00484383 
0.00485599 
0.00486766 
0.00487884 
0.00488953 
0.00489974 
0.00490946 
0.00491868 
0.00492742 
0.00493566 
0.0049434 
0.00495066 
0.00495742 
0.00496368 
0.00496944 
0.00497471 
0.00497948 
0.00498376 
0.00498753 
0.00499081 
0.00499359 
0.00499586 
0.00499764 
0.00499892 
0.0049997 
0.00499998 
0.00499976 
0.00499904 
0.00499781 
0.00499609 
0.00499387 
0.00499115 
0.00498793 
0.00498422 
0.00498 
0.00497529 
0.00497007 
0.00496437 
0.00495816 
0.00495146 
0.00494426 
0.00493657 
0.00492839 
0.00491971 
0.00491054 
0.00490088 
0.00489073 
0.00488009 
0.00486897 
0.00485735 
0.00484525 
0.00483267 
0.0048196 
0.00480605 
0.00479202 
0.00477751 
0.00476252 
0.00474706 
0.00473112 
0.00471471 
0.00469783 
0.00468048 
0.00466265 
0.00464437 
0.00462562 
0.0046064 
0.00458673 
0.0045666 
0.00454601 
0.00452496 
0.00450346 
0.00448152 
0.00445912 
0.00443628 
0.004413 
0.00438927 
0.00436511 
0.0043405 
0.00431547 
0.00429 
0.00426411 
0.00423778 
0.00421104 
0.00418387 
0.00415628 
0.00412828 
0.00409987 
0.00407104 
0.00404181 
0.00401218 
0.00398214 
0.0039517 
0.00392087 
0.00388965 
0.00385804 
0.00382604 
0.00379366 
0.00376091 
0.00372777 
0.00369426 
0.00366039 
0.00362614 
0.00359154 
0.00355657 
0.00352125 
0.00348558 
0.00344956 
0.00341319 
0.00337648 
0.00333944 
0.00330206 
0.00326435 
0.00322631 
0.00318796 
0.00314928 
0.00311029 
0.00307098 
0.00303137 
0.00299146 
0.00295125 
0.00291074 
0.00286994 
0.00282885 
0.00278749 
0.00274584 
0.00270392 
0.00266172 
0.00261927 
0.00257654 
0.00253357 
0.00249034 
0.00244685 
0.00240313 
0.00235916 
0.00231496 
0.00227053 
0.00222587 
0.00218099 
0.00213589 
0.00209057 
0.00204505 
0.00199932 
0.00195339 
0.00190727 
0.00186096 
0.00181446 
0.00176778 
0.00172092 
0.00167389 
0.00162669 
0.00157933 
0.00153181 
0.00148414 
0.00143632 
0.00138836 
0.00134026 
0.00129202 
0.00124365 
0.00119516 
0.00114655 
0.00109783 
0.001049 
0.00100006 
0.000951019 
0.000901886 
0.000852662 
0.000803352 
0.000753963 
0.000704498 
0.000654963 
0.000605362 
0.0005557 
0.000505983 
0.000456216 
0.000406403 
0.000356549 
0.000306659 
0.000256739 
0.000206793 
0.000156827 
0.000106844 
5.68516e-05 
6.85304e-06 
-4.31462e-05 
-9.31412e-05 
-0.000143127 
-0.000193098 
-0.00024305 
-0.000292978 
-0.000342876 
-0.00039274 
-0.000442565 
-0.000492346 
-0.000542077 
-0.000591754 
-0.000641372 
-0.000690926 
-0.000740411 
-0.000789821 
-0.000839153 
-0.000888401 
-0.00093756 
-0.000986625 
-0.00103559 
-0.00108445 
-0.00113321 
-0.00118185 
-0.00123037 
-0.00127877 
-0.00132705 
-0.00137519 
-0.00142319 
-0.00147105 
-0.00151876 
-0.00156632 
-0.00161372 
-0.00166097 
-0.00170804 
-0.00175495 
-0.00180168 
-0.00184823 
-0.00189459 
-0.00194077 
-0.00198675 
-0.00203253 
-0.00207811 
-0.00212349 
-0.00216865 
-0.00221359 
-0.00225831 
-0.00230281 
-0.00234707 
-0.0023911 
-0.00243489 
-0.00247844 
-0.00252174 
-0.00256479 
-0.00260758 
-0.00265011 
-0.00269238 
-0.00273437 
-0.0027761 
-0.00281754 
-0.00285871 
-0.00289958 
-0.00294017 
-0.00298047 
-0.00302046 
-0.00306015 
-0.00309954 
-0.00313862 
-0.00317738 
-0.00321583 
-0.00325396 
-0.00329175 
-0.00332922 
-0.00336636 
-0.00340316 
-0.00343962 
-0.00347574 
-0.00351151 
-0.00354692 
-0.00358199 
-0.00361669 
-0.00365104 
-0.00368501 
-0.00371862 
-0.00375186 
-0.00378472 
-0.00381721 
-0.00384931 
-0.00388103 
-0.00391235 
-0.00394329 
-0.00397384 
-0.00400398 
-0.00403373 
-0.00406307 
-0.00409201 
-0.00412053 
-0.00414865 
-0.00417635 
-0.00420363 
-0.00423049 
-0.00425693 
-0.00428294 
-0.00430853 
-0.00433368 
-0.0043584 
-0.00438269 
-0.00440654 
-0.00442994 
-0.00445291 
-0.00447542 
-0.00449749 
-0.00451911 
-0.00454028 
-0.004561 
-0.00458126 
-0.00460106 
-0.0046204 
-0.00463927 
-0.00465769 
-0.00467564 
-0.00469312 
-0.00471013 
-0.00472667 
-0.00474274 
-0.00475833 
-0.00477345 
-0.00478809 
-0.00480225 
-0.00481593 
-0.00482913 
-0.00484185 
-0.00485408 
-0.00486583 
-0.00487709 
-0.00488786 
-0.00489815 
-0.00490794 
-0.00491725 
-0.00492606 
-0.00493438 
-0.0049422 
-0.00494954 
-0.00495637 
-0.00496271 
-0.00496856 
-0.00497391 
-0.00497876 
-0.00498311 
-0.00498696 
-0.00499032 
-0.00499318 
-0.00499553 
-0.00499739 
-0.00499875 
-0.00499961 
-0.00499997 
-0.00499983 
-0.00499918 
-0.00499804 
-0.0049964 
-0.00499426 
-0.00499162 
-0.00498848 
-0.00498484 
-0.00498071 
-0.00497607 
-0.00497094 
-0.00496531 
-0.00495918 
-0.00495256 
-0.00494544 
-0.00493783 
-0.00492972 
-0.00492113 
-0.00491204 
-0.00490245 
-0.00489238 
-0.00488182 
-0.00487077 
-0.00485923 
-0.00484721 
-0.0048347 
-0.00482171 
-0.00480824 
-0.00479429 
-0.00477985 
-0.00476494 
-0.00474955 
-0.00473369 
-0.00471736 
-0.00470055 
-0.00468327 
-0.00466552 
-0.00464731 
-0.00462863 
-0.00460949 
-0.00458989 
-0.00456983 
-0.00454932 
-0.00452834 
-0.00450692 
-0.00448504 
-0.00446272 
-0.00443995 
-0.00441673 
-0.00439308 
-0.00436898 
-0.00434445 
-0.00431948 
-0.00429409 
-0.00426826 
-0.004242 
-0.00421532 
-0.00418822 
-0.0041607 
-0.00413277 
-0.00410442 
-0.00407566 
-0.00404649 
-0.00401692 
-0.00398695 
-0.00395658 
-0.00392581 
-0.00389465 
-0.0038631 
-0.00383117 
-0.00379885 
-0.00376615 
-0.00373307 
-0.00369962 
-0.00366581 
-0.00363162 
-0.00359707 
-0.00356216 
-0.0035269 
-0.00349128 
-0.00345532 
-0.00341901 
-0.00338235 
-0.00334536 
-0.00330803 
-0.00327038 
-0.00323239 
-0.00319409 
-0.00315546 
-0.00311652 
-0.00307726 
-0.0030377 
-0.00299784 
-0.00295767 
-0.00291721 
-0.00287646 
-0.00283542 
-0.00279409 
-0.00275249 
-0.00271061 
-0.00266846 
-0.00262605 
-0.00258337 
-0.00254043 
-0.00249724 
-0.0024538 
-0.00241011 
-0.00236618 
-0.00232202 
-0.00227762 
-0.002233 
-0.00218815 
-0.00214308 
-0.0020978 
-0.00205231 
-0.00200662 
-0.00196072 
-0.00191463 
-0.00186835 
-0.00182188 
-0.00177522 
-0.00172839 
-0.00168139 
-0.00163422 
-0.00158688 
-0.00153939 
-0.00149174 
-0.00144395 
-0.00139601 
-0.00134793 
-0.00129971 
-0.00125136 
-0.00120289 
-0.0011543 
-0.0011056 
-0.00105678 
-0.00100786 
-0.000958836 
-0.000909717 
-0.000860507 
-0.000811211 
-0.000761834 
-0.000712381 
-0.000662856 
-0.000613266 
-0.000563614 
-0.000513905 
-0.000464145 
-0.000414339 
-0.000364491 
-0.000314607 
-0.000264691 
-0.000214749 
-0.000164786 
-0.000114806 
-6.48143e-05 
-1.48163e-05 
3.51832e-05 
8.51792e-05 
0.000135167 
0.000185141 
0.000235096 
0.000285028 
0.000334931 
0.000384801 
0.000434633 
0.000484421 
0.00053416 
0.000583846 
0.000633474 
0.000683038 
0.000732534 
0.000781957 
0.000831302 
0.000880563 
0.000929737 
0.000978817 
0.0010278 
0.00107668 
0.00112545 
0.00117411 
0.00122265 
0.00127107 
0.00131937 
0.00136753 
0.00141555 
0.00146343 
0.00151117 
0.00155876 
0.00160618 
0.00165345 
0.00170056 
0.00174749 
0.00179425 
0.00184083 
0.00188722 
0.00193343 
0.00197944 
0.00202526 
0.00207087 
0.00211627 
0.00216147 
0.00220645 
0.0022512 
0.00229573 
0.00234004 
0.0023841 
0.00242793 
0.00247152 
0.00251486 
0.00255795 
0.00260078 
0.00264336 
0.00268566 
0.0027277 
0.00276947 
0.00281096 
0.00285217 
0.00289309 
0.00293373 
0.00297407 
0.00301411 
0.00305385 
0.00309329 
0.00313242 
0.00317123 
0.00320973 
0.0032479 
0.00328576 
0.00332328 
0.00336047 
0.00339732 
0.00343384 
0.00347001 
0.00350583 
0.00354131 
0.00357643 
0.00361119 
0.00364559 
0.00367963 
0.00371329 
0.00374659 
0.00377951 
0.00381206 
0.00384422 
0.003876 
0.00390739 
0.00393839 
0.003969 
0.00399921 
0.00402902 
0.00405842 
0.00408743 
0.00411602 
0.0041442 
0.00417196 
0.00419931 
0.00422624 
0.00425275 
0.00427883 
0.00430448 
0.00432971 
0.0043545 
0.00437885 
0.00440277 
0.00442624 
0.00444928 
0.00447187 
0.00449401 
0.0045157 
0.00453694 
0.00455773 
0.00457806 
0.00459793 
0.00461735 
0.0046363 
0.00465479 
0.00467281 
0.00469037 
0.00470745 
0.00472407 
0.00474021 
0.00475588 
0.00477107 
0.00478579 
0.00480003 
0.00481379 
0.00482706 
0.00483986 
0.00485217 
0.00486399 
0.00487533 
0.00488618 
0.00489654 
0.00490642 
0.0049158 
0.00492469 
0.00493309 
0.00494099 
0.0049484 
0.00495532 
0.00496174 
0.00496766 
0.00497309 
0.00497802 
0.00498245 
0.00498638 
0.00498982 
0.00499276 
0.00499519 
0.00499713 
0.00499857 
0.00499951 
0.00499994 
0.00499988 
0.00499932 
0.00499826 
0.0049967 
0.00499463 
0.00499207 
0.00498901 
0.00498545 
0.0049814 
0.00497684 
0.00497179 
0.00496624 
0.00496019 
0.00495365 
0.00494661 
0.00493908 
0.00493105 
0.00492253 
0.00491352 
0.00490401 
0.00489402 
0.00488353 
0.00487256 
0.0048611 
0.00484916 
0.00483673 
0.00482381 
0.00481042 
0.00479654 
0.00478218 
0.00476735 
0.00475204 
0.00473625 
0.00471999 
0.00470326 
0.00468605 
0.00466838 
0.00465024 
0.00463164 
0.00461257 
0.00459305 
0.00457306 
0.00455261 
0.00453171 
0.00451036 
0.00448856 
0.0044663 
0.00444361 
0.00442046 
0.00439688 
0.00437285 
0.00434839 
0.00432349 
0.00429816 
0.0042724 
0.00424621 
0.0042196 
0.00419257 
0.00416512 
0.00413725 
0.00410896 
0.00408027 
0.00405117 
0.00402166 
0.00399175 
0.00396144 
0.00393074 
0.00389964 
0.00386815 
0.00383628 
0.00380402 
0.00377138 
0.00373837 
0.00370498 
0.00367122 
0.00363709 
0.0036026 
0.00356775 
0.00353254 
0.00349698 
0.00346107 
0.00342481 
0.00338821 
0.00335127 
0.003314 
0.0032764 
0.00323846 
0.00320021 
0.00316163 
0.00312274 
0.00308354 
0.00304402 
0.00300421 
0.00296409 
0.00292367 
0.00288297 
0.00284197 
0.00280069 
0.00275913 
0.0027173 
0.00267519 
0.00263282 
0.00259018 
0.00254728 
0.00250413 
0.00246073 
0.00241708 
0.00237319 
0.00232907 
0.00228471 
0.00224012 
0.00219531 
0.00215028 
0.00210503 
0.00205957 
0.00201391 
0.00196804 
0.00192198 
0.00187573 
0.00182929 
0.00178266 
0.00173586 
0.00168889 
0.00164174 
0.00159443 
0.00154696 
0.00149934 
0.00145157 
0.00140365 
0.00135559 
0.0013074 
0.00125907 
0.00121062 
0.00116205 
0.00111336 
0.00106456 
0.00101566 
0.00096665 
0.000917546 
0.000868351 
0.000819068 
0.000769703 
0.000720262 
0.000670749 
0.000621168 
0.000571525 
0.000521825 
0.000472073 
0.000422274 
0.000372433 
0.000322554 
0.000272643 
0.000222705 
0.000172745 
0.000122767 
7.27767e-05 
2.27794e-05 
-2.72201e-05 
-7.7217e-05 
-0.000127206 
-0.000177183 
-0.000227141 
-0.000277077 
-0.000326986 
-0.000376861 
-0.000426699 
-0.000476494 
-0.000526242 
-0.000575937 
-0.000625574 
-0.000675149 
-0.000724656 
-0.000774091 
-0.000823448 
-0.000872723 
-0.000921911 
-0.000971007 
-0.00102001 
-0.0010689 
-0.00111769 
-0.00116637 
-0.00121493 
-0.00126337 
-0.00131168 
-0.00135987 
-0.00140791 
-0.00145582 
-0.00150358 
-0.00155119 
-0.00159864 
-0.00164594 
-0.00169307 
-0.00174003 
-0.00178681 
-0.00183342 
-0.00187985 
-0.00192608 
-0.00197213 
-0.00201797 
-0.00206362 
-0.00210906 
-0.00215428 
-0.0021993 
-0.00224409 
-0.00228866 
-0.002333 
-0.0023771 
-0.00242097 
-0.0024646 
-0.00250798 
-0.0025511 
-0.00259398 
-0.00263659 
-0.00267894 
-0.00272103 
-0.00276284 
-0.00280437 
-0.00284562 
-0.00288659 
-0.00292727 
-0.00296766 
-0.00300775 
-0.00304754 
-0.00308703 
-0.00312621 
-0.00316507 
-0.00320362 
-0.00324185 
-0.00327975 
-0.00331733 
-0.00335457 
-0.00339148 
-0.00342805 
-0.00346427 
-0.00350015 
-0.00353568 
-0.00357086 
-0.00360568 
-0.00364014 
-0.00367423 
-0.00370796 
-0.00374131 
-0.0037743 
-0.0038069 
-0.00383912 
-0.00387096 
-0.00390242 
-0.00393348 
-0.00396415 
-0.00399442 
-0.0040243 
-0.00405377 
-0.00408283 
-0.00411149 
-0.00413974 
-0.00416757 
-0.00419499 
-0.00422198 
-0.00424856 
-0.00427471 
-0.00430043 
-0.00432572 
-0.00435058 
-0.004375 
-0.00439899 
-0.00442253 
-0.00444564 
-0.0044683 
-0.00449051 
-0.00451228 
-0.00453359 
-0.00455445 
-0.00457485 
-0.0045948 
-0.00461429 
-0.00463331 
-0.00465187 
-0.00466997 
-0.0046876 
-0.00470476 
-0.00472145 
-0.00473767 
-0.00475342 
-0.00476869 
-0.00478348 
-0.00479779 
-0.00481163 
-0.00482498 
-0.00483785 
-0.00485024 
-0.00486214 
-0.00487356 
-0.00488449 
-0.00489493 
-0.00490488 
-0.00491434 
-0.00492331 
-0.00493178 
-0.00493976 
-0.00494725 
-0.00495425 
-0.00496075 
-0.00496675 
-0.00497226 
-0.00497727 
-0.00498178 
-0.00498579 
-0.00498931 
-0.00499232 
-0.00499484 
-0.00499686 
-0.00499837 
-0.00499939 
-0.00499991 
-0.00499993 
-0.00499944 
-0.00499846 
-0.00499698 
-0.004995 
-0.00499252 
-0.00498953 
-0.00498605 
-0.00498208 
-0.0049776 
-0.00497263 
-0.00496716 
-0.00496119 
-0.00495472 
-0.00494776 
-0.00494031 
-0.00493236 
-0.00492392 
-0.00491498 
-0.00490556 
-0.00489564 
-0.00488524 
-0.00487434 
-0.00486296 
-0.00485109 
-0.00483874 
-0.0048259 
-0.00481258 
-0.00479878 
-0.0047845 
-0.00476974 
-0.00475451 
-0.0047388 
-0.00472261 
-0.00470595 
-0.00468882 
-0.00467123 
-0.00465316 
-0.00463463 
-0.00461564 
-0.00459619 
-0.00457627 
-0.0045559 
-0.00453507 
-0.00451379 
-0.00449206 
-0.00446988 
-0.00444725 
-0.00442418 
-0.00440066 
-0.00437671 
-0.00435231 
-0.00432748 
-0.00430222 
-0.00427653 
-0.00425041 
-0.00422387 
-0.0041969 
-0.00416952 
-0.00414171 
-0.00411349 
-0.00408487 
-0.00405583 
-0.00402639 
-0.00399654 
-0.0039663 
-0.00393565 
-0.00390462 
-0.00387319 
-0.00384138 
-0.00380918 
-0.0037766 
-0.00374365 
-0.00371032 
-0.00367662 
-0.00364255 
-0.00360812 
-0.00357332 
-0.00353817 
-0.00350267 
-0.00346681 
-0.00343061 
-0.00339406 
-0.00335718 
-0.00331996 
-0.00328241 
-0.00324453 
-0.00320632 
-0.0031678 
-0.00312895 
-0.0030898 
-0.00305034 
-0.00301057 
-0.0029705 
-0.00293013 
-0.00288947 
-0.00284852 
-0.00280729 
-0.00276577 
-0.00272398 
-0.00268192 
-0.00263958 
-0.00259699 
-0.00255413 
-0.00251102 
-0.00246766 
-0.00242405 
-0.0023802 
-0.00233611 
-0.00229179 
-0.00224724 
-0.00220246 
-0.00215746 
-0.00211225 
-0.00206683 
-0.0020212 
-0.00197536 
-0.00192933 
-0.00188311 
-0.0018367 
-0.0017901 
-0.00174333 
-0.00169638 
-0.00164926 
-0.00160198 
-0.00155454 
-0.00150694 
-0.00145919 
-0.00141129 
-0.00136326 
-0.00131508 
-0.00126678 
-0.00121835 
-0.00116979 
-0.00112112 
-0.00107234 
-0.00102345 
-0.000974462 
-0.000925373 
-0.000876192 
-0.000826923 
-0.000777571 
-0.000728141 
-0.000678639 
-0.000629069 
-0.000579436 
-0.000529745 
-0.000480001 
-0.000430208 
-0.000380373 
-0.0003305 
-0.000280594 
-0.00023066 
-0.000180703 
-0.000130727 
-8.0739e-05 
-3.07426e-05 
1.9257e-05 
6.92546e-05 
0.000119245 
0.000169224 
0.000219186 
0.000269126 
0.000319039 
0.00036892 
0.000418764 
0.000468567 
0.000518322 
0.000568026 
0.000617673 
0.000667258 
0.000716776 
0.000766223 
0.000815593 
0.000864881 
0.000914083 
0.000963194 
0.00101221 
0.00106112 
0.00110993 
0.00115862 
0.0012072 
0.00125566 
0.001304 
0.0013522 
0.00140027 
0.0014482 
0.00149598 
0.00154361 
0.00159109 
0.00163841 
0.00168557 
0.00173256 
0.00177937 
0.00182601 
0.00187246 
0.00191873 
0.00196481 
0.00201068 
0.00205636 
0.00210183 
0.0021471 
0.00219214 
0.00223697 
0.00228157 
0.00232595 
0.00237009 
0.002414 
0.00245766 
0.00250108 
0.00254425 
0.00258717 
0.00262982 
0.00267222 
0.00271434 
0.0027562 
0.00279777 
0.00283907 
0.00288009 
0.00292082 
0.00296125 
0.00300139 
0.00304123 
0.00308076 
0.00311999 
0.0031589 
0.0031975 
0.00323578 
0.00327373 
0.00331136 
0.00334866 
0.00338562 
0.00342224 
0.00345853 
0.00349446 
0.00353005 
0.00356528 
0.00360016 
0.00363467 
0.00366882 
0.00370261 
0.00373603 
0.00376907 
0.00380173 
0.00383402 
0.00386592 
0.00389743 
0.00392856 
0.00395929 
0.00398963 
0.00401957 
0.0040491 
0.00407823 
0.00410695 
0.00413527 
0.00416317 
0.00419065 
0.00421771 
0.00424435 
0.00427057 
0.00429636 
0.00432172 
0.00434665 
0.00437114 
0.0043952 
0.00441881 
0.00444199 
0.00446472 
0.004487 
0.00450884 
0.00453022 
0.00455116 
0.00457163 
0.00459165 
0.00461121 
0.00463031 
0.00464895 
0.00466712 
0.00468482 
0.00470206 
0.00471883 
0.00473512 
0.00475094 
0.00476629 
0.00478115 
0.00479555 
0.00480946 
0.00482289 
0.00483583 
0.0048483 
0.00486028 
0.00487177 
0.00488278 
0.0048933 
0.00490332 
0.00491286 
0.00492191 
0.00493046 
0.00493853 
0.00494609 
0.00495317 
0.00495975 
0.00496583 
0.00497141 
0.0049765 
0.00498109 
0.00498519 
0.00498878 
0.00499187 
0.00499447 
0.00499657 
0.00499816 
0.00499926 
0.00499986 
0.00499996 
0.00499955 
0.00499865 
0.00499725 
0.00499535 
0.00499294 
0.00499004 
0.00498664 
0.00498274 
0.00497835 
0.00497345 
0.00496806 
0.00496217 
0.00495579 
0.0049489 
0.00494153 
0.00493366 
0.0049253 
0.00491644 
0.00490709 
0.00489725 
0.00488693 
0.00487611 
0.00486481 
0.00485302 
0.00484074 
0.00482798 
0.00481474 
0.00480101 
0.00478681 
0.00477213 
0.00475697 
0.00474133 
0.00472522 
0.00470864 
0.00469158 
0.00467406 
0.00465607 
0.00463762 
0.0046187 
0.00459932 
0.00457947 
0.00455918 
0.00453842 
0.00451721 
0.00449555 
0.00447344 
0.00445088 
0.00442788 
0.00440444 
0.00438055 
0.00435623 
0.00433147 
0.00430628 
0.00428065 
0.0042546 
0.00422812 
0.00420122 
0.00417391 
0.00414617 
0.00411802 
0.00408945 
0.00406048 
0.0040311 
0.00400132 
0.00397114 
0.00394056 
0.00390959 
0.00387822 
0.00384647 
0.00381434 
0.00378182 
0.00374892 
0.00371565 
0.00368201 
0.003648 
0.00361362 
0.00357889 
0.00354379 
0.00350834 
0.00347254 
0.0034364 
0.00339991 
0.00336308 
0.00332591 
0.00328841 
0.00325058 
0.00321243 
0.00317395 
0.00313516 
0.00309606 
0.00305664 
0.00301692 
0.0029769 
0.00293658 
0.00289596 
0.00285506 
0.00281387 
0.0027724 
0.00273065 
0.00268863 
0.00264634 
0.00260379 
0.00256098 
0.00251791 
0.00247458 
0.00243101 
0.0023872 
0.00234315 
0.00229886 
0.00225435 
0.00220961 
0.00216464 
0.00211946 
0.00207407 
0.00202848 
0.00198268 
0.00193668 
0.00189048 
0.0018441 
0.00179754 
0.00175079 
0.00170387 
0.00165678 
0.00160952 
0.0015621 
0.00151453 
0.0014668 
0.00141893 
0.00137091 
0.00132276 
0.00127448 
0.00122607 
0.00117754 
0.00112888 
0.00108012 
0.00103125 
0.000982271 
0.000933198 
0.000884031 
0.000834775 
0.000785436 
0.000736019 
0.000686528 
0.000636968 
0.000587344 
0.000537662 
0.000487926 
0.000438142 
0.000388313 
0.000338446 
0.000288545 
0.000238614 
0.000188661 
0.000138688 
8.87011e-05 
3.87056e-05 
-1.12938e-05 
-6.12921e-05 
-0.000111284 
-0.000161265 
-0.00021123 
-0.000261174 
-0.000311091 
-0.000360978 
-0.000410828 
-0.000460638 
-0.000510401 
-0.000560113 
-0.00060977 
-0.000659365 
-0.000708894 
-0.000758353 
-0.000807735 
-0.000857037 
-0.000906253 
-0.000955379 
-0.00100441 
-0.00105334 
-0.00110216 
-0.00115088 
-0.00119948 
-0.00124795 
-0.00129631 
-0.00134453 
-0.00139262 
-0.00144057 
-0.00148838 
-0.00153604 
-0.00158354 
-0.00163089 
-0.00167807 
-0.00172509 
-0.00177193 
-0.00181859 
-0.00186508 
-0.00191138 
-0.00195748 
-0.00200339 
-0.0020491 
-0.00209461 
-0.0021399 
-0.00218498 
-0.00222985 
-0.00227449 
-0.0023189 
-0.00236308 
-0.00240702 
-0.00245073 
-0.00249418 
-0.00253739 
-0.00258035 
-0.00262305 
-0.00266548 
-0.00270765 
-0.00274955 
-0.00279117 
-0.00283251 
-0.00287357 
-0.00291435 
-0.00295483 
-0.00299502 
-0.0030349 
-0.00307449 
-0.00311376 
-0.00315273 
-0.00319137 
-0.0032297 
-0.00326771 
-0.00330539 
-0.00334274 
-0.00337976 
-0.00341643 
-0.00345277 
-0.00348876 
-0.0035244 
-0.00355969 
-0.00359462 
-0.0036292 
-0.00366341 
-0.00369725 
-0.00373073 
-0.00376383 
-0.00379656 
-0.0038289 
-0.00386086 
-0.00389244 
-0.00392363 
-0.00395442 
-0.00398482 
-0.00401482 
-0.00404442 
-0.00407362 
-0.00410241 
-0.00413079 
-0.00415875 
-0.0041863 
-0.00421343 
-0.00424014 
-0.00426642 
-0.00429228 
-0.00431771 
-0.00434271 
-0.00436727 
-0.0043914 
-0.00441508 
-0.00443833 
-0.00446113 
-0.00448349 
-0.00450539 
-0.00452685 
-0.00454785 
-0.0045684 
-0.00458849 
-0.00460813 
-0.0046273 
-0.00464601 
-0.00466426 
-0.00468204 
-0.00469935 
-0.00471619 
-0.00473256 
-0.00474845 
-0.00476387 
-0.00477882 
-0.00479329 
-0.00480727 
-0.00482078 
-0.0048338 
-0.00484635 
-0.0048584 
-0.00486997 
-0.00488106 
-0.00489165 
-0.00490176 
-0.00491138 
-0.0049205 
-0.00492914 
-0.00493728 
-0.00494492 
-0.00495207 
-0.00495873 
-0.00496489 
-0.00497056 
-0.00497572 
-0.00498039 
-0.00498457 
-0.00498824 
-0.00499142 
-0.00499409 
-0.00499627 
-0.00499794 
-0.00499912 
-0.0049998 
-0.00499997 
-0.00499965 
-0.00499883 
-0.0049975 
-0.00499568 
-0.00499336 
-0.00499054 
-0.00498722 
-0.0049834 
-0.00497908 
-0.00497426 
-0.00496895 
-0.00496314 
-0.00495684 
-0.00495003 
-0.00494274 
-0.00493495 
-0.00492666 
-0.00491788 
-0.00490861 
-0.00489885 
-0.0048886 
-0.00487787 
-0.00486664 
-0.00485493 
-0.00484273 
-0.00483004 
-0.00481688 
-0.00480323 
-0.0047891 
-0.0047745 
-0.00475941 
-0.00474385 
-0.00472782 
-0.00471131 
-0.00469433 
-0.00467688 
-0.00465897 
-0.00464059 
-0.00462174 
-0.00460243 
-0.00458267 
-0.00456244 
-0.00454176 
-0.00452062 
-0.00449903 
-0.00447699 
-0.00445451 
-0.00443157 
-0.0044082 
-0.00438438 
-0.00436013 
-0.00433544 
-0.00431032 
-0.00428476 
-0.00425878 
-0.00423237 
-0.00420554 
-0.00417828 
-0.00415061 
-0.00412253 
-0.00409403 
-0.00406512 
-0.00403581 
-0.00400609 
-0.00397597 
-0.00394546 
-0.00391455 
-0.00388325 
-0.00385156 
-0.00381948 
-0.00378702 
-0.00375419 
-0.00372098 
-0.00368739 
-0.00365344 
-0.00361912 
-0.00358444 
-0.00354941 
-0.00351401 
-0.00347827 
-0.00344218 
-0.00340574 
-0.00336897 
-0.00333185 
-0.0032944 
-0.00325663 
-0.00321853 
-0.0031801 
-0.00314136 
-0.00310231 
-0.00306294 
-0.00302327 
-0.00298329 
-0.00294302 
-0.00290245 
-0.00286159 
-0.00282045 
-0.00277903 
-0.00273732 
-0.00269534 
-0.0026531 
-0.00261059 
-0.00256781 
-0.00252478 
-0.0024815 
-0.00243797 
-0.00239419 
-0.00235018 
-0.00230593 
-0.00226145 
-0.00221675 
-0.00217182 
-0.00212667 
-0.00208132 
-0.00203575 
-0.00198998 
-0.00194402 
-0.00189785 
-0.0018515 
-0.00180496 
-0.00175825 
-0.00171135 
-0.00166429 
-0.00161706 
-0.00156966 
-0.00152211 
-0.00147441 
-0.00142656 
-0.00137857 
-0.00133044 
-0.00128218 
-0.00123379 
-0.00118527 
-0.00113664 
-0.00108789 
-0.00103904 
-0.000990078 
-0.00094102 
-0.000891867 
-0.000842625 
-0.0007933 
-0.000743894 
-0.000694415 
-0.000644865 
-0.000595252 
-0.000545579 
-0.000495851 
-0.000446074 
-0.000396252 
-0.00034639 
-0.000296494 
-0.000246568 
-0.000196618 
-0.000146648 
-9.6663e-05 
-4.66685e-05 
3.33057e-06 
5.33294e-05 
0.000103323 
0.000153306 
0.000203274 
0.000253221 
0.000303143 
0.000353035 
0.000402892 
0.000452708 
0.000502479 
0.0005522 
0.000601865 
0.00065147 
0.00070101 
0.000750481 
0.000799876 
0.000849191 
0.000898421 
0.000947561 
0.000996606 
0.00104555 
0.00109439 
0.00114313 
0.00119174 
0.00124024 
0.00128862 
0.00133686 
0.00138497 
0.00143295 
0.00148078 
0.00152846 
0.00157599 
0.00162336 
0.00167057 
0.00171761 
0.00176448 
0.00181117 
0.00185769 
0.00190401 
0.00195015 
0.00199609 
0.00204183 
0.00208737 
0.0021327 
0.00217782 
0.00222272 
0.00226739 
0.00231184 
0.00235606 
0.00240004 
0.00244378 
0.00248728 
0.00253053 
0.00257353 
0.00261626 
0.00265874 
0.00270095 
0.00274289 
0.00278456 
0.00282595 
0.00286705 
0.00290787 
0.0029484 
0.00298864 
0.00302857 
0.0030682 
0.00310753 
0.00314654 
0.00318524 
0.00322362 
0.00326168 
0.00329941 
0.00333682 
0.00337388 
0.00341062 
0.00344701 
0.00348305 
0.00351875 
0.00355409 
0.00358909 
0.00362372 
0.00365799 
0.00369189 
0.00372542 
0.00375858 
0.00379137 
0.00382378 
0.0038558 
0.00388744 
0.00391869 
0.00394955 
0.00398001 
0.00401007 
0.00403974 
0.004069 
0.00409785 
0.00412629 
0.00415432 
0.00418194 
0.00420914 
0.00423591 
0.00426226 
0.00428819 
0.00431369 
0.00433875 
0.00436339 
0.00438758 
0.00441134 
0.00443466 
0.00445753 
0.00447995 
0.00450193 
0.00452346 
0.00454454 
0.00456516 
0.00458533 
0.00460503 
0.00462428 
0.00464306 
0.00466138 
0.00467924 
0.00469662 
0.00471354 
0.00472998 
0.00474595 
0.00476145 
0.00477647 
0.00479101 
0.00480508 
0.00481866 
0.00483176 
0.00484438 
0.00485651 
0.00486816 
0.00487932 
0.00489 
0.00490018 
0.00490988 
0.00491908 
0.00492779 
0.00493601 
0.00494374 
0.00495097 
0.0049577 
0.00496394 
0.00496969 
0.00497494 
0.00497968 
0.00498394 
0.00498769 
0.00499094 
0.0049937 
0.00499595 
0.00499771 
0.00499897 
0.00499972 
0.00499998 
0.00499974 
0.00499899 
0.00499775 
0.00499601 
0.00499376 
0.00499102 
0.00498778 
0.00498404 
0.0049798 
0.00497507 
0.00496983 
0.0049641 
0.00495787 
0.00495115 
0.00494393 
0.00493622 
0.00492801 
0.00491931 
0.00491012 
0.00490044 
0.00489027 
0.00487961 
0.00486846 
0.00485682 
0.0048447 
0.0048321 
0.00481901 
0.00480544 
0.00479139 
0.00477685 
0.00476185 
0.00474636 
0.0047304 
0.00471397 
0.00469707 
0.00467969 
0.00466185 
0.00464355 
0.00462477 
0.00460554 
0.00458584 
0.00456569 
0.00454508 
0.00452402 
0.0045025 
0.00448053 
0.00445812 
0.00443526 
0.00441195 
0.00438821 
0.00436402 
0.0043394 
0.00431435 
0.00428886 
0.00426295 
0.0042366 
0.00420984 
0.00418265 
0.00415505 
0.00412703 
0.0040986 
0.00406975 
0.0040405 
0.00401085 
0.0039808 
0.00395034 
0.0039195 
0.00388826 
0.00385663 
0.00382461 
0.00379222 
0.00375944 
0.00372629 
0.00369277 
0.00365887 
0.00362461 
0.00358999 
0.00355501 
0.00351967 
0.00348399 
0.00344795 
0.00341157 
0.00337485 
0.00333778 
0.00330039 
0.00326267 
0.00322462 
0.00318624 
0.00314755 
0.00310855 
0.00306923 
0.00302961 
0.00298968 
0.00294945 
0.00290893 
0.00286812 
0.00282702 
0.00278564 
0.00274398 
0.00270205 
0.00265984 
0.00261737 
0.00257464 
0.00253165 
0.00248841 
0.00244492 
0.00240118 
0.00235721 
0.00231299 
0.00226855 
0.00222388 
0.00217899 
0.00213388 
0.00208856 
0.00204302 
0.00199729 
0.00195135 
0.00190522 
0.0018589 
0.00181239 
0.0017657 
0.00171883 
0.0016718 
0.00162459 
0.00157722 
0.0015297 
0.00148202 
0.00143419 
0.00138622 
0.00133812 
0.00128987 
0.0012415 
0.00119301 
0.00114439 
0.00109566 
0.00104683 
0.000997882 
0.000948839 
0.000899702 
0.000850474 
0.000801161 
0.000751768 
0.0007023 
0.000652761 
0.000603158 
0.000553494 
0.000503774 
0.000454005 
0.000404189 
0.000354334 
0.000304443 
0.000254522 
0.000204575 
0.000154607 
0.000104625 
5.46314e-05 
4.63266e-06 
-4.53665e-05 
-9.53611e-05 
-0.000145346 
-0.000195317 
-0.000245268 
-0.000295194 
-0.000345091 
-0.000394954 
-0.000444777 
-0.000494555 
-0.000544284 
-0.000593959 
-0.000643574 
-0.000693125 
-0.000742607 
-0.000792014 
-0.000841342 
-0.000890586 
-0.000939741 
-0.000988802 
-0.00103776 
-0.00108662 
-0.00113537 
-0.00118401 
-0.00123253 
-0.00128092 
-0.00132919 
-0.00137732 
-0.00142532 
-0.00147317 
-0.00152087 
-0.00156843 
-0.00161583 
-0.00166306 
-0.00171013 
-0.00175703 
-0.00180375 
-0.00185029 
-0.00189665 
-0.00194282 
-0.00198879 
-0.00203456 
-0.00208013 
-0.0021255 
-0.00217065 
-0.00221558 
-0.00226029 
-0.00230478 
-0.00234903 
-0.00239305 
-0.00243683 
-0.00248037 
-0.00252366 
-0.00256669 
-0.00260947 
-0.00265199 
-0.00269425 
-0.00273623 
-0.00277794 
-0.00281938 
-0.00286053 
-0.00290139 
-0.00294197 
-0.00298225 
-0.00302223 
-0.00306191 
-0.00310128 
-0.00314035 
-0.0031791 
-0.00321753 
-0.00325564 
-0.00329343 
-0.00333088 
-0.003368 
-0.00340479 
-0.00344123 
-0.00347733 
-0.00351309 
-0.00354849 
-0.00358354 
-0.00361823 
-0.00365255 
-0.00368651 
-0.00372011 
-0.00375333 
-0.00378617 
-0.00381864 
-0.00385072 
-0.00388243 
-0.00391374 
-0.00394466 
-0.00397518 
-0.00400531 
-0.00403504 
-0.00406436 
-0.00409328 
-0.00412179 
-0.00414989 
-0.00417757 
-0.00420483 
-0.00423168 
-0.0042581 
-0.00428409 
-0.00430966 
-0.00433479 
-0.00435949 
-0.00438376 
-0.00440759 
-0.00443097 
-0.00445391 
-0.00447641 
-0.00449846 
-0.00452006 
-0.00454121 
-0.00456191 
-0.00458214 
-0.00460192 
-0.00462124 
-0.0046401 
-0.0046585 
-0.00467642 
-0.00469388 
-0.00471087 
-0.00472739 
-0.00474344 
-0.00475901 
-0.00477411 
-0.00478873 
-0.00480287 
-0.00481653 
-0.00482971 
-0.0048424 
-0.00485461 
-0.00486634 
-0.00487758 
-0.00488833 
-0.00489859 
-0.00490837 
-0.00491765 
-0.00492644 
-0.00493474 
-0.00494254 
-0.00494985 
-0.00495666 
-0.00496298 
-0.00496881 
-0.00497413 
-0.00497896 
-0.00498329 
-0.00498712 
-0.00499046 
-0.00499329 
-0.00499563 
-0.00499746 
-0.0049988 
-0.00499964 
-0.00499997 
-0.00499981 
-0.00499914 
-0.00499798 
-0.00499632 
-0.00499415 
-0.00499149 
-0.00498833 
-0.00498467 
-0.00498051 
-0.00497585 
-0.0049707 
-0.00496505 
-0.0049589 
-0.00495225 
-0.00494511 
-0.00493748 
-0.00492935 
-0.00492073 
-0.00491162 
-0.00490202 
-0.00489192 
-0.00488134 
-0.00487027 
-0.00485871 
-0.00484667 
-0.00483414 
-0.00482112 
-0.00480763 
-0.00479366 
-0.0047792 
-0.00476427 
-0.00474886 
-0.00473298 
-0.00471662 
-0.00469979 
-0.00468249 
-0.00466473 
-0.00464649 
-0.00462779 
-0.00460863 
-0.00458901 
-0.00456893 
-0.00454839 
-0.0045274 
-0.00450596 
-0.00448406 
-0.00446172 
-0.00443893 
-0.00441569 
-0.00439202 
-0.0043679 
-0.00434335 
-0.00431837 
-0.00429295 
-0.0042671 
-0.00424083 
-0.00421413 
-0.00418701 
-0.00415947 
-0.00413152 
-0.00410315 
-0.00407437 
-0.00404519 
-0.0040156 
-0.00398561 
-0.00395522 
-0.00392444 
-0.00389326 
-0.00386169 
-0.00382974 
-0.0037974 
-0.00376469 
-0.0037316 
-0.00369813 
-0.0036643 
-0.00363009 
-0.00359553 
-0.00356061 
-0.00352533 
-0.00348969 
-0.00345371 
-0.00341739 
-0.00338072 
-0.00334371 
-0.00330637 
-0.0032687 
-0.0032307 
-0.00319238 
-0.00315374 
-0.00311478 
-0.00307551 
-0.00303594 
-0.00299606 
-0.00295588 
-0.00291541 
-0.00287464 
-0.00283359 
-0.00279225 
-0.00275064 
-0.00270874 
-0.00266658 
-0.00262416 
-0.00258146 
-0.00253852 
-0.00249531 
-0.00245186 
-0.00240816 
-0.00236423 
-0.00232005 
-0.00227564 
-0.00223101 
-0.00218615 
-0.00214108 
-0.00209579 
-0.00205029 
-0.00200458 
-0.00195868 
-0.00191258 
-0.00186629 
-0.00181981 
-0.00177315 
-0.00172631 
-0.0016793 
-0.00163212 
-0.00158478 
-0.00153728 
-0.00148962 
-0.00144182 
-0.00139387 
-0.00134579 
-0.00129757 
-0.00124922 
-0.00120074 
-0.00115214 
-0.00110343 
-0.00105461 
-0.00100568 
-0.000956657 
-0.000907534 
-0.00085832 
-0.00080902 
-0.00075964 
-0.000710183 
-0.000660656 
-0.000611062 
-0.000561407 
-0.000511696 
-0.000461934 
-0.000412126 
-0.000362277 
-0.000312391 
-0.000262474 
-0.000212531 
-0.000162567 
-0.000112586 
-6.25941e-05 
-1.25959e-05 
3.74035e-05 
8.73992e-05 
0.000137386 
0.000187359 
0.000237314 
0.000287245 
0.000337147 
0.000387015 
0.000436845 
0.00048663 
0.000536368 
0.000586051 
0.000635676 
0.000685238 
0.000734731 
0.00078415 
0.000833491 
0.000882749 
0.000931918 
0.000980995 
0.00102997 
0.00107885 
0.00112762 
0.00117627 
0.00122481 
0.00127322 
0.00132151 
0.00136966 
0.00141768 
0.00146556 
0.00151329 
0.00156086 
0.00160829 
0.00165555 
0.00170264 
0.00174957 
0.00179632 
0.00184289 
0.00188928 
0.00193548 
0.00198148 
0.00202729 
0.00207289 
0.00211829 
0.00216347 
0.00220844 
0.00225318 
0.00229771 
0.002342 
0.00238606 
0.00242988 
0.00247345 
0.00251678 
0.00255986 
0.00260268 
0.00264524 
0.00268754 
0.00272956 
0.00277132 
0.0028128 
0.00285399 
0.0028949 
0.00293552 
0.00297585 
0.00301588 
0.00305561 
0.00309503 
0.00313415 
0.00317295 
0.00321143 
0.00324959 
0.00328743 
0.00332494 
0.00336211 
0.00339895 
0.00343545 
0.00347161 
0.00350742 
0.00354287 
0.00357798 
0.00361272 
0.00364711 
0.00368113 
0.00371478 
0.00374806 
0.00378097 
0.00381349 
0.00384564 
0.0038774 
0.00390878 
0.00393976 
0.00397035 
0.00400054 
0.00403033 
0.00405972 
0.0040887 
0.00411728 
0.00414544 
0.00417319 
0.00420052 
0.00422743 
0.00425392 
0.00427998 
0.00430561 
0.00433082 
0.00435559 
0.00437992 
0.00440382 
0.00442728 
0.00445029 
0.00447286 
0.00449498 
0.00451665 
0.00453787 
0.00455864 
0.00457895 
0.0045988 
0.0046182 
0.00463713 
0.0046556 
0.0046736 
0.00469113 
0.0047082 
0.00472479 
0.00474092 
0.00475656 
0.00477174 
0.00478643 
0.00480065 
0.00481439 
0.00482764 
0.00484041 
0.0048527 
0.00486451 
0.00487582 
0.00488665 
0.00489699 
0.00490684 
0.0049162 
0.00492507 
0.00493345 
0.00494133 
0.00494872 
0.00495561 
0.00496201 
0.00496791 
0.00497332 
0.00497823 
0.00498264 
0.00498655 
0.00498996 
0.00499287 
0.00499529 
0.0049972 
0.00499862 
0.00499954 
0.00499995 
0.00499987 
0.00499928 
0.0049982 
0.00499662 
0.00499453 
0.00499195 
0.00498887 
0.00498529 
0.00498121 
0.00497663 
0.00497155 
0.00496598 
0.00495991 
0.00495335 
0.00494628 
0.00493873 
0.00493068 
0.00492214 
0.0049131 
0.00490358 
0.00489356 
0.00488306 
0.00487206 
0.00486058 
0.00484862 
0.00483616 
0.00482323 
0.00480981 
0.00479591 
0.00478154 
0.00476668 
0.00475135 
0.00473554 
0.00471926 
0.0047025 
0.00468528 
0.00466759 
0.00464943 
0.0046308 
0.00461172 
0.00459217 
0.00457216 
0.0045517 
0.00453078 
0.0045094 
0.00448758 
0.00446531 
0.00444259 
0.00441942 
0.00439582 
0.00437177 
0.00434729 
0.00432237 
0.00429703 
0.00427125 
0.00424504 
0.00421841 
0.00419136 
0.00416389 
0.004136 
0.0041077 
0.00407899 
0.00404987 
0.00402034 
0.00399041 
0.00396009 
0.00392936 
0.00389825 
0.00386674 
0.00383485 
0.00380258 
0.00376992 
0.00373689 
0.00370349 
0.00366971 
0.00363557 
0.00360106 
0.00356619 
0.00353097 
0.00349539 
0.00345947 
0.00342319 
0.00338658 
0.00334963 
0.00331234 
0.00327472 
0.00323677 
0.0031985 
0.00315991 
0.00312101 
0.00308179 
0.00304226 
0.00300243 
0.0029623 
0.00292187 
0.00288115 
0.00284014 
0.00279885 
0.00275728 
0.00271543 
0.00267332 
0.00263093 
0.00258828 
0.00254537 
0.00250221 
0.0024588 
0.00241514 
0.00237124 
0.0023271 
0.00228273 
0.00223813 
0.00219331 
0.00214827 
0.00210302 
0.00205755 
0.00201188 
0.001966 
0.00191993 
0.00187367 
0.00182722 
0.00178059 
0.00173378 
0.0016868 
0.00163964 
0.00159233 
0.00154485 
0.00149722 
0.00144944 
0.00140152 
0.00135345 
0.00130525 
0.00125692 
0.00120847 
0.00115989 
0.0011112 
0.00106239 
0.00101348 
0.000964472 
0.000915363 
0.000866164 
0.000816877 
0.000767509 
0.000718065 
0.000668548 
0.000618965 
0.000569319 
0.000519617 
0.000469863 
0.000420062 
0.000370219 
0.000320338 
0.000270426 
0.000220487 
0.000170525 
0.000120547 
7.05566e-05 
2.05591e-05 
-2.94405e-05 
-7.94371e-05 
-0.000129426 
-0.000179402 
-0.000229359 
-0.000279294 
-0.000329201 
-0.000379075 
-0.000428911 
-0.000478704 
-0.00052845 
-0.000578142 
-0.000627777 
-0.000677349 
-0.000726853 
-0.000776285 
-0.000825638 
-0.00087491 
-0.000924093 
-0.000973185 
-0.00102218 
-0.00107107 
-0.00111986 
-0.00116853 
-0.00121708 
-0.00126552 
-0.00131383 
-0.001362 
-0.00141004 
-0.00145794 
-0.00150569 
-0.0015533 
-0.00160074 
-0.00164803 
-0.00169515 
-0.00174211 
-0.00178889 
-0.00183549 
-0.0018819 
-0.00192813 
-0.00197417 
-0.00202 
-0.00206564 
-0.00211107 
-0.00215629 
-0.00220129 
-0.00224607 
-0.00229063 
-0.00233496 
-0.00237906 
-0.00242291 
-0.00246653 
-0.0025099 
-0.00255301 
-0.00259588 
-0.00263848 
-0.00268082 
-0.00272289 
-0.00276469 
-0.00280621 
-0.00284745 
-0.00288841 
-0.00292907 
-0.00296945 
-0.00300953 
-0.0030493 
-0.00308878 
-0.00312794 
-0.00316679 
-0.00320532 
-0.00324354 
-0.00328143 
-0.00331899 
-0.00335621 
-0.00339311 
-0.00342966 
-0.00346587 
-0.00350174 
-0.00353725 
-0.00357241 
-0.00360721 
-0.00364166 
-0.00367574 
-0.00370945 
-0.00374279 
-0.00377575 
-0.00380834 
-0.00384055 
-0.00387237 
-0.00390381 
-0.00393485 
-0.0039655 
-0.00399576 
-0.00402561 
-0.00405507 
-0.00408412 
-0.00411275 
-0.00414098 
-0.0041688 
-0.00419619 
-0.00422317 
-0.00424973 
-0.00427586 
-0.00430156 
-0.00432683 
-0.00435167 
-0.00437608 
-0.00440004 
-0.00442357 
-0.00444666 
-0.0044693 
-0.00449149 
-0.00451323 
-0.00453452 
-0.00455536 
-0.00457575 
-0.00459567 
-0.00461514 
-0.00463415 
-0.00465269 
-0.00467076 
-0.00468837 
-0.00470551 
-0.00472218 
-0.00473838 
-0.0047541 
-0.00476935 
-0.00478412 
-0.00479842 
-0.00481223 
-0.00482556 
-0.00483841 
-0.00485078 
-0.00486266 
-0.00487405 
-0.00488496 
-0.00489538 
-0.00490531 
-0.00491475 
-0.00492369 
-0.00493215 
-0.00494011 
-0.00494758 
-0.00495455 
-0.00496102 
-0.00496701 
-0.00497249 
-0.00497748 
-0.00498197 
-0.00498596 
-0.00498945 
-0.00499244 
-0.00499494 
-0.00499693 
-0.00499843 
-0.00499942 
-0.00499992 
-0.00499991 
-0.00499941 
-0.00499841 
-0.0049969 
-0.0049949 
-0.00499239 
-0.00498939 
-0.00498589 
-0.00498189 
-0.00497739 
-0.00497239 
-0.0049669 
-0.00496091 
-0.00495442 
-0.00494744 
-0.00493997 
-0.004932 
-0.00492353 
-0.00491458 
-0.00490513 
-0.00489519 
-0.00488476 
-0.00487385 
-0.00486244 
-0.00485056 
-0.00483818 
-0.00482532 
-0.00481198 
-0.00479816 
-0.00478386 
-0.00476908 
-0.00475382 
-0.00473809 
-0.00472188 
-0.0047052 
-0.00468805 
-0.00467044 
-0.00465235 
-0.0046338 
-0.00461479 
-0.00459531 
-0.00457538 
-0.00455499 
-0.00453414 
-0.00451284 
-0.00449108 
-0.00446888 
-0.00444624 
-0.00442314 
-0.00439961 
-0.00437563 
-0.00435122 
-0.00432637 
-0.00430109 
-0.00427538 
-0.00424924 
-0.00422268 
-0.00419569 
-0.00416829 
-0.00414047 
-0.00411223 
-0.00408359 
-0.00405453 
-0.00402507 
-0.00399521 
-0.00396494 
-0.00393428 
-0.00390323 
-0.00387179 
-0.00383996 
-0.00380774 
-0.00377515 
-0.00374218 
-0.00370883 
-0.00367511 
-0.00364103 
-0.00360658 
-0.00357177 
-0.0035366 
-0.00350108 
-0.00346521 
-0.00342899 
-0.00339243 
-0.00335553 
-0.0033183 
-0.00328073 
-0.00324284 
-0.00320462 
-0.00316608 
-0.00312722 
-0.00308805 
-0.00304858 
-0.00300879 
-0.00296871 
-0.00292833 
-0.00288766 
-0.0028467 
-0.00280545 
-0.00276392 
-0.00272212 
-0.00268004 
-0.0026377 
-0.00259509 
-0.00255222 
-0.0025091 
-0.00246573 
-0.00242211 
-0.00237825 
-0.00233415 
-0.00228981 
-0.00224525 
-0.00220047 
-0.00215546 
-0.00211024 
-0.0020648 
-0.00201916 
-0.00197332 
-0.00192728 
-0.00188105 
-0.00183463 
-0.00178803 
-0.00174125 
-0.00169429 
-0.00164717 
-0.00159987 
-0.00155242 
-0.00150482 
-0.00145706 
-0.00140916 
-0.00136112 
-0.00131294 
-0.00126463 
-0.00121619 
-0.00116764 
-0.00111896 
-0.00107017 
-0.00102128 
-0.000972284 
-0.000923191 
-0.000874006 
-0.000824733 
-0.000775377 
-0.000725944 
-0.000676439 
-0.000626866 
-0.00057723 
-0.000527537 
-0.00047779 
-0.000427996 
-0.000378159 
-0.000328285 
-0.000278377 
-0.000228442 
-0.000178484 
-0.000128508 
-7.85189e-05 
-2.85222e-05 
2.14774e-05 
7.14748e-05 
0.000121465 
0.000171443 
0.000221404 
0.000271343 
0.000321255 
0.000371134 
0.000420977 
0.000470777 
0.00052053 
0.000570232 
0.000619876 
0.000669458 
0.000718973 
0.000768417 
0.000817783 
0.000867068 
0.000916266 
0.000965373 
0.00101438 
0.00106329 
0.00111209 
0.00116078 
0.00120936 
0.00125781 
0.00130614 
0.00135434 
0.0014024 
0.00145032 
0.0014981 
0.00154573 
0.0015932 
0.00164051 
0.00168766 
0.00173464 
0.00178145 
0.00182808 
0.00187452 
0.00192078 
0.00196685 
0.00201272 
0.00205839 
0.00210385 
0.0021491 
0.00219414 
0.00223896 
0.00228355 
0.00232792 
0.00237205 
0.00241594 
0.0024596 
0.00250301 
0.00254616 
0.00258907 
0.00263171 
0.00267409 
0.00271621 
0.00275805 
0.00279961 
0.0028409 
0.0028819 
0.00292262 
0.00296304 
0.00300316 
0.00304299 
0.00308251 
0.00312172 
0.00316062 
0.00319921 
0.00323747 
0.00327541 
0.00331303 
0.00335031 
0.00338725 
0.00342386 
0.00346013 
0.00349605 
0.00353162 
0.00356684 
0.0036017 
0.0036362 
0.00367033 
0.0037041 
0.0037375 
0.00377053 
0.00380317 
0.00383544 
0.00386733 
0.00389882 
0.00392993 
0.00396065 
0.00399097 
0.00402089 
0.0040504 
0.00407952 
0.00410822 
0.00413651 
0.00416439 
0.00419186 
0.0042189 
0.00424553 
0.00427172 
0.00429749 
0.00432284 
0.00434774 
0.00437222 
0.00439626 
0.00441985 
0.00444301 
0.00446572 
0.00448798 
0.0045098 
0.00453116 
0.00455208 
0.00457253 
0.00459253 
0.00461207 
0.00463115 
0.00464976 
0.00466792 
0.0046856 
0.00470281 
0.00471956 
0.00473583 
0.00475163 
0.00476696 
0.0047818 
0.00479617 
0.00481006 
0.00482347 
0.0048364 
0.00484884 
0.0048608 
0.00487227 
0.00488326 
0.00489375 
0.00490376 
0.00491327 
0.0049223 
0.00493083 
0.00493887 
0.00494642 
0.00495347 
0.00496003 
0.00496609 
0.00497165 
0.00497672 
0.00498128 
0.00498536 
0.00498893 
0.004992 
0.00499457 
0.00499665 
0.00499822 
0.0049993 
0.00499987 
0.00499995 
0.00499952 
0.0049986 
0.00499717 
0.00499525 
0.00499283 
0.0049899 
0.00498648 
0.00498256 
0.00497814 
0.00497322 
0.00496781 
0.0049619 
0.00495549 
0.00494859 
0.00494119 
0.0049333 
0.00492491 
0.00491604 
0.00490667 
0.00489681 
0.00488646 
0.00487562 
0.00486429 
0.00485248 
0.00484018 
0.0048274 
0.00481414 
0.00480039 
0.00478617 
0.00477146 
0.00475628 
0.00474062 
0.00472449 
0.00470789 
0.00469082 
0.00467327 
0.00465526 
0.00463679 
0.00461785 
0.00459844 
0.00457858 
0.00455826 
0.00453749 
0.00451626 
0.00449458 
0.00447245 
0.00444987 
0.00442685 
0.00440338 
0.00437948 
0.00435514 
0.00433036 
0.00430515 
0.0042795 
0.00425343 
0.00422694 
0.00420002 
0.00417268 
0.00414493 
0.00411676 
0.00408818 
0.00405918 
0.00402979 
0.00399999 
0.00396979 
0.00393919 
0.0039082 
0.00387682 
0.00384505 
0.0038129 
0.00378037 
0.00374745 
0.00371417 
0.00368051 
0.00364648 
0.00361209 
0.00357734 
0.00354223 
0.00350676 
0.00347095 
0.00343478 
0.00339828 
0.00336143 
0.00332425 
0.00328674 
0.00324889 
0.00321073 
0.00317224 
0.00313343 
0.00309431 
0.00305488 
0.00301515 
0.00297511 
0.00293478 
0.00289415 
0.00285324 
0.00281204 
0.00277055 
0.00272879 
0.00268676 
0.00264446 
0.00260189 
0.00255907 
0.00251599 
0.00247265 
0.00242907 
0.00238525 
0.00234119 
0.00229689 
0.00225236 
0.00220761 
0.00216264 
0.00211745 
0.00207205 
0.00202645 
0.00198064 
0.00193463 
0.00188843 
0.00184204 
0.00179546 
0.00174871 
0.00170178 
0.00165468 
0.00160742 
0.00155999 
0.00151241 
0.00146468 
0.0014168 
0.00136878 
0.00132062 
0.00127233 
0.00122392 
0.00117538 
0.00112672 
0.00107795 
0.00102907 
0.000980094 
0.000931016 
0.000881845 
0.000832586 
0.000783243 
0.000733822 
0.000684328 
0.000634766 
0.000585139 
0.000535455 
0.000485717 
0.00043593 
0.000386099 
0.00033623 
0.000286328 
0.000236397 
0.000186442 
0.000136468 
8.64811e-05 
3.64853e-05 
-1.35142e-05 
-6.35123e-05 
-0.000113504 
-0.000163484 
-0.000213448 
-0.000263391 
-0.000313308 
-0.000363193 
-0.000413041 
-0.000462849 
-0.00051261 
-0.00056232 
-0.000611973 
-0.000661566 
-0.000711092 
-0.000760547 
-0.000809926 
-0.000859224 
-0.000908437 
-0.000957558 
-0.00100658 
-0.00105551 
-0.00110433 
-0.00115304 
-0.00120163 
-0.0012501 
-0.00129845 
-0.00134667 
-0.00139476 
-0.0014427 
-0.0014905 
-0.00153815 
-0.00158565 
-0.00163299 
-0.00168016 
-0.00172717 
-0.00177401 
-0.00182066 
-0.00186714 
-0.00191343 
-0.00195952 
-0.00200543 
-0.00205113 
-0.00209662 
-0.00214191 
-0.00218698 
-0.00223183 
-0.00227646 
-0.00232086 
-0.00236504 
-0.00240897 
-0.00245266 
-0.00249611 
-0.00253931 
-0.00258225 
-0.00262494 
-0.00266736 
-0.00270952 
-0.0027514 
-0.00279301 
-0.00283434 
-0.00287539 
-0.00291615 
-0.00295662 
-0.00299679 
-0.00303667 
-0.00307624 
-0.0031155 
-0.00315445 
-0.00319308 
-0.0032314 
-0.00326939 
-0.00330706 
-0.00334439 
-0.00338139 
-0.00341806 
-0.00345438 
-0.00349035 
-0.00352598 
-0.00356125 
-0.00359617 
-0.00363073 
-0.00366492 
-0.00369875 
-0.00373221 
-0.00376529 
-0.003798 
-0.00383033 
-0.00386227 
-0.00389383 
-0.003925 
-0.00395578 
-0.00398616 
-0.00401615 
-0.00404573 
-0.00407491 
-0.00410368 
-0.00413204 
-0.00415998 
-0.00418751 
-0.00421462 
-0.00424131 
-0.00426758 
-0.00429342 
-0.00431883 
-0.00434381 
-0.00436835 
-0.00439246 
-0.00441612 
-0.00443935 
-0.00446213 
-0.00448447 
-0.00450635 
-0.00452779 
-0.00454878 
-0.0045693 
-0.00458938 
-0.00460899 
-0.00462814 
-0.00464683 
-0.00466506 
-0.00468281 
-0.0047001 
-0.00471692 
-0.00473327 
-0.00474915 
-0.00476455 
-0.00477947 
-0.00479392 
-0.00480788 
-0.00482137 
-0.00483437 
-0.00484689 
-0.00485893 
-0.00487048 
-0.00488154 
-0.00489211 
-0.0049022 
-0.00491179 
-0.0049209 
-0.00492951 
-0.00493763 
-0.00494525 
-0.00495238 
-0.00495902 
-0.00496515 
-0.0049708 
-0.00497594 
-0.00498059 
-0.00498474 
-0.00498839 
-0.00499154 
-0.0049942 
-0.00499635 
-0.00499801 
-0.00499916 
-0.00499982 
-0.00499997 
-0.00499962 
-0.00499878 
-0.00499743 
-0.00499559 
-0.00499324 
-0.0049904 
-0.00498706 
-0.00498322 
-0.00497888 
-0.00497404 
-0.0049687 
-0.00496287 
-0.00495654 
-0.00494972 
-0.0049424 
-0.00493459 
-0.00492628 
-0.00491748 
-0.00490819 
-0.00489841 
-0.00488814 
-0.00487738 
-0.00486613 
-0.00485439 
-0.00484217 
-0.00482947 
-0.00481628 
-0.00480261 
-0.00478846 
-0.00477384 
-0.00475873 
-0.00474315 
-0.00472709 
-0.00471057 
-0.00469357 
-0.0046761 
-0.00465816 
-0.00463976 
-0.00462089 
-0.00460157 
-0.00458178 
-0.00456153 
-0.00454083 
-0.00451967 
-0.00449806 
-0.004476 
-0.0044535 
-0.00443055 
-0.00440715 
-0.00438332 
-0.00435904 
-0.00433433 
-0.00430919 
-0.00428362 
-0.00425761 
-0.00423119 
-0.00420434 
-0.00417706 
-0.00414937 
-0.00412127 
-0.00409275 
-0.00406383 
-0.0040345 
-0.00400476 
-0.00397463 
-0.00394409 
-0.00391317 
-0.00388185 
-0.00385014 
-0.00381805 
-0.00378557 
-0.00375272 
-0.00371949 
-0.00368589 
-0.00365192 
-0.00361759 
-0.0035829 
-0.00354784 
-0.00351243 
-0.00347667 
-0.00344057 
-0.00340412 
-0.00336732 
-0.0033302 
-0.00329273 
-0.00325494 
-0.00321683 
-0.00317839 
-0.00313963 
-0.00310056 
-0.00306118 
-0.0030215 
-0.00298151 
-0.00294122 
-0.00290064 
-0.00285977 
-0.00281862 
-0.00277718 
-0.00273546 
-0.00269347 
-0.00265122 
-0.00260869 
-0.00256591 
-0.00252287 
-0.00247957 
-0.00243603 
-0.00239224 
-0.00234822 
-0.00230396 
-0.00225947 
-0.00221476 
-0.00216982 
-0.00212466 
-0.0020793 
-0.00203372 
-0.00198795 
-0.00194197 
-0.0018958 
-0.00184944 
-0.00180289 
-0.00175617 
-0.00170927 
-0.00166219 
-0.00161496 
-0.00156756 
-0.00152 
-0.00147229 
-0.00142444 
-0.00137644 
-0.0013283 
-0.00128003 
-0.00123164 
-0.00118312 
-0.00113448 
-0.00108573 
-0.00103687 
-0.000987902 
-0.000938839 
-0.000889682 
-0.000840437 
-0.000791107 
-0.000741698 
-0.000692216 
-0.000642663 
-0.000593047 
-0.000543371 
-0.000493641 
-0.000443862 
-0.000394038 
-0.000344175 
-0.000294278 
-0.000244351 
-0.000194399 
-0.000144428 
-9.4443e-05 
-4.44482e-05 
5.55096e-06 
5.55496e-05 
0.000105543 
0.000155525 
0.000205492 
0.000255439 
0.00030536 
0.00035525 
0.000405105 
0.000454919 
0.000504688 
0.000554406 
0.000604069 
0.000653672 
0.000703209 
0.000752676 
0.000802067 
0.000851379 
0.000900605 
0.000949741 
0.000998782 
0.00104772 
0.00109656 
0.00114529 
0.0011939 
0.00124239 
0.00129076 
0.001339 
0.00138711 
0.00143507 
0.0014829 
0.00153057 
0.00157809 
0.00162546 
0.00167266 
0.0017197 
0.00176656 
0.00181324 
0.00185975 
0.00190607 
0.0019522 
0.00199813 
0.00204386 
0.00208939 
0.00213471 
0.00217982 
0.0022247 
0.00226937 
0.00231381 
0.00235802 
0.00240199 
0.00244572 
0.00248921 
0.00253244 
0.00257543 
0.00261816 
0.00266062 
0.00270282 
0.00274475 
0.0027864 
0.00282778 
0.00286887 
0.00290968 
0.0029502 
0.00299042 
0.00303034 
0.00306995 
0.00310927 
0.00314827 
0.00318695 
0.00322532 
0.00326336 
0.00330108 
0.00333847 
0.00337552 
0.00341224 
0.00344861 
0.00348464 
0.00352033 
0.00355566 
0.00359063 
0.00362525 
0.0036595 
0.00369339 
0.0037269 
0.00376005 
0.00379282 
0.00382521 
0.00385721 
0.00388883 
0.00392007 
0.00395091 
0.00398135 
0.0040114 
0.00404105 
0.00407029 
0.00409912 
0.00412755 
0.00415556 
0.00418316 
0.00421033 
0.00423709 
0.00426342 
0.00428933 
0.00431481 
0.00433986 
0.00436447 
0.00438865 
0.00441238 
0.00443568 
0.00445853 
0.00448094 
0.0045029 
0.00452441 
0.00454546 
0.00456607 
0.00458621 
0.0046059 
0.00462512 
0.00464389 
0.00466218 
0.00468002 
0.00469738 
0.00471428 
0.0047307 
0.00474665 
0.00476213 
0.00477713 
0.00479165 
0.00480569 
0.00481925 
0.00483233 
0.00484493 
0.00485704 
0.00486867 
0.00487981 
0.00489046 
0.00490062 
0.0049103 
0.00491948 
0.00492817 
0.00493637 
0.00494407 
0.00495128 
0.00495799 
0.00496421 
0.00496993 
0.00497516 
0.00497988 
0.00498411 
0.00498784 
0.00499108 
0.00499381 
0.00499604 
0.00499778 
0.00499901 
0.00499974 
0.00499998 
0.00499971 
0.00499895 
0.00499768 
0.00499592 
0.00499365 
0.00499089 
0.00498762 
0.00498386 
0.0049796 
0.00497484 
0.00496959 
0.00496383 
0.00495759 
0.00495084 
0.0049436 
0.00493587 
0.00492764 
0.00491892 
0.0049097 
0.0049 
0.00488981 
0.00487912 
0.00486795 
0.0048563 
0.00484415 
0.00483153 
0.00481842 
0.00480482 
0.00479075 
0.0047762 
0.00476117 
0.00474566 
0.00472968 
0.00471323 
0.00469631 
0.00467891 
0.00466105 
0.00464272 
0.00462393 
0.00460467 
0.00458496 
0.00456479 
0.00454416 
0.00452307 
0.00450153 
0.00447955 
0.00445711 
0.00443423 
0.00441091 
0.00438714 
0.00436294 
0.0043383 
0.00431322 
0.00428772 
0.00426178 
0.00423542 
0.00420864 
0.00418144 
0.00415381 
0.00412577 
0.00409732 
0.00406846 
0.0040392 
0.00400952 
0.00397945 
0.00394898 
0.00391812 
0.00388686 
0.00385521 
0.00382318 
0.00379077 
0.00375798 
0.00372481 
0.00369127 
0.00365736 
0.00362308 
0.00358845 
0.00355345 
0.0035181 
0.00348239 
0.00344634 
0.00340994 
0.00337321 
0.00333613 
0.00329872 
0.00326098 
0.00322292 
0.00318453 
0.00314583 
0.00310681 
0.00306748 
0.00302784 
0.0029879 
0.00294766 
0.00290713 
0.0028663 
0.00282519 
0.0027838 
0.00274213 
0.00270018 
0.00265796 
0.00261548 
0.00257274 
0.00252974 
0.00248648 
0.00244298 
0.00239923 
0.00235525 
0.00231103 
0.00226657 
0.00222189 
0.00217699 
0.00213187 
0.00208654 
0.002041 
0.00199525 
0.00194931 
0.00190317 
0.00185683 
0.00181032 
0.00176362 
0.00171675 
0.0016697 
0.00162249 
0.00157512 
0.00152758 
0.0014799 
0.00143207 
0.00138409 
