0 
4.996e-16 
3.05311e-16 
3.33067e-16 
-5.82867e-16 
5.13478e-16 
-3.747e-16 
4.51028e-16 
0.0150778 
1.75207e-16 
-3.29597e-16 
-1.38778e-16 
-3.53884e-16 
6.245e-17 
-4.57967e-16 
4.85723e-17 
-1.8735e-16 
-4.16334e-17 
-1.31839e-16 
-3.85109e-16 
3.95517e-16 
8.32667e-16 
-1.09288e-16 
-4.02456e-16 
1.58294e-16 
3.9118e-16 
1.14058e-16 
1.53523e-16 
-8.91214e-17 
-1.19045e-16 
-4.55582e-16 
-2.34838e-16 
-4.7011e-16 
2.60209e-17 
-1.2013e-16 
7.80626e-17 
-9.11814e-17 
6.7741e-16 
3.72966e-16 
3.19189e-16 
-2.81025e-16 
-4.59702e-16 
-4.64906e-16 
6.2797e-16 
-3.24068e-16 
1.95156e-17 
9.88792e-17 
1.70003e-16 
6.59195e-17 
-9.54098e-17 
3.71231e-16 
8.50015e-16 
4.71845e-16 
6.93889e-18 
8.32667e-16 
-5.89806e-16 
-2.15106e-16 
2.08167e-16 
5.68989e-16 
-6.245e-16 
-2.63678e-16 
-1.31839e-16 
-1.38778e-17 
2.63678e-16 
4.16334e-17 
-1.249e-16 
-5.55112e-17 
2.63678e-16 
2.498e-16 
1.11022e-16 
9.71445e-17 
-8.23994e-17 
-1.73472e-17 
1.10589e-17 
1.14492e-16 
8.39606e-16 
-1.52656e-16 
1.38778e-17 
-1.11022e-16 
3.88578e-16 
4.85723e-16 
2.08167e-16 
-4.23273e-16 
-2.77556e-16 
-2.81025e-16 
2.75821e-16 
2.48065e-16 
-4.16334e-17 
-3.08781e-16 
-2.60209e-16 
9.50628e-16 
6.59195e-17 
-8.67362e-17 
6.8695e-16 
4.71845e-16 
3.38271e-16 
-2.32453e-16 
-3.98986e-17 
4.16334e-17 
3.85109e-16 
-5.37764e-16 
2.98372e-16 
