-0.0166667 
-0.0152047 
-0.0144348 
-0.0132836 
-0.0122917 
-0.0111943 
-0.0101252 
-0.00902408 
-0.00792123 
-0.00680922 
-0.00569139 
-0.00457509 
-0.00345625 
-0.00234702 
-0.00124104 
-0.000152239 
0.000926625 
0.00198127 
0.00301939 
0.00402742 
0.00501327 
0.005965 
0.00689059 
0.00778032 
0.00864213 
0.00946882 
0.0102681 
0.0110354 
0.011778 
0.0124936 
0.013189 
0.0138638 
0.0145243 
0.0151712 
0.0158105 
0.0164435 
0.0170756 
0.0177084 
0.0183471 
0.0189929 
0.0196502 
0.02032 
0.0210066 
0.0217096 
0.0224334 
0.0231762 
0.0239423 
0.0247284 
0.0255388 
0.0263685 
0.0272217 
0.0280916 
0.0289825 
0.0298858 
0.0308057 
0.0317321 
0.0326692 
0.0336055 
0.034545 
0.0354754 
0.0364008 
0.037308 
0.0382015 
0.0390678 
0.0399115 
0.0407197 
0.041497 
0.0422314 
0.0429277 
0.0435752 
0.0441788 
0.0447296 
0.0452325 
0.0456805 
0.0460785 
0.0464214 
0.0467141 
0.0469536 
0.0471442 
0.047285 
0.0473797 
0.0474296 
0.0474371 
0.0474054 
0.0473362 
0.0472339 
0.0470991 
0.0469375 
0.0467485 
0.0465387 
0.0463064 
0.0460585 
0.0457923 
0.0455147 
0.0452222 
0.0449213 
0.0446076 
0.044287 
0.0439545 
0.0436152 
0.0432633 
0.0429036 
0.0425292 
0.0421449 
0.041743 
0.0413283 
0.0408923 
0.0404406 
0.0399638 
0.0394687 
0.0389448 
0.038401 
0.0378256 
0.0372297 
0.0366003 
0.0359515 
0.0352688 
0.0345692 
0.0338368 
0.0330916 
0.0323165 
0.031534 
0.0307258 
0.029917 
0.0290881 
0.0282661 
0.027431 
0.0266108 
0.025785 
0.0249825 
0.0241824 
0.0234136 
0.0226552 
0.0219354 
0.0212336 
0.0205766 
0.0199443 
0.0193615 
0.0188092 
0.0183093 
0.0178441 
0.0174324 
0.0170578 
0.016736 
0.0164522 
0.0162185 
0.0160218 
0.015871 
0.0157547 
0.0156784 
0.0156328 
0.0156204 
0.0156337 
0.0156727 
0.0157313 
0.0158077 
0.0158973 
0.0159967 
0.0161027 
0.0162111 
0.0163193 
0.0164232 
0.016521 
0.0166088 
0.0166851 
0.0167476 
0.0167946 
0.0168257 
0.0168389 
0.0168363 
0.0168155 
0.0167814 
0.0167308 
0.0166719 
0.0166006 
0.0165281 
0.0164495 
0.0163788 
0.0163099 
0.0162591 
0.0162192 
0.0162078 
0.016217 
0.0162641 
0.0163406 
0.0164627 
0.0166214 
0.0168306 
0.0170811 
0.0173832 
0.0177283 
0.0181226 
0.018558 
0.0190366 
0.0195513 
0.0201004 
0.0206779 
0.0212789 
0.0218989 
0.0225307 
0.0231714 
0.0238123 
0.0244523 
0.0250824 
0.0257029 
0.0263053 
0.0268914 
0.0274535 
0.0279948 
0.028509 
0.0290001 
0.0294634 
0.0299037 
0.0303175 
0.0307102 
0.0310797 
0.0314315 
0.0317648 
0.0320849 
0.032392 
0.0326914 
0.0329841 
0.033275 
0.0335655 
0.0338604 
0.0341614 
0.034473 
0.0347966 
0.0351368 
0.0354942 
0.0358737 
0.0362747 
0.036702 
0.037154 
0.0376354 
0.038143 
0.0386815 
0.0392457 
0.0398406 
0.040459 
0.0411057 
0.0417715 
0.0424615 
0.0431643 
0.0438853 
0.0446113 
0.0453478 
0.0460803 
0.0468145 
0.0475349 
0.0482478 
0.048937 
0.0496092 
0.0502484 
0.0508618 
0.051434 
0.0519726 
0.0524635 
0.0529145 
0.0533132 
0.0536677 
0.0539675 
0.0542206 
0.0544188 
0.0545699 
0.0546679 
0.0547203 
0.054723 
0.0546828 
0.0545979 
0.0544741 
0.0543112 
0.0541142 
0.0538841 
0.0536252 
0.0533392 
0.0530296 
0.0526987 
0.0523489 
0.051983 
0.0516024 
0.0512101 
0.0508063 
0.0503942 
0.0499727 
0.049545 
0.0491089 
0.0486674 
0.0482171 
0.047761 
0.0472945 
0.0468207 
0.0463338 
0.0458372 
0.0453241 
0.0447985 
0.0442526 
0.0436914 
0.0431061 
0.0425032 
0.041873 
0.0412239 
0.0405452 
0.0398474 
0.0391189 
0.0383728 
0.0375965 
0.0368054 
0.0359862 
0.0351568 
0.034303 
0.0334447 
0.0325673 
0.0316924 
0.0308049 
0.0299277 
0.0290453 
0.0281813 
0.0273203 
0.0264856 
0.0256622 
0.0248726 
0.0241024 
0.0233725 
0.0226693 
0.0220116 
0.0213867 
0.020811 
0.0202729 
0.0197858 
0.0193393 
0.0189439 
0.0185903 
0.018286 
0.0180229 
0.0178056 
0.0176273 
0.0174899 
0.0173876 
0.0173201 
0.0172825 
0.0172728 
0.0172868 
0.0173214 
0.0173724 
0.0174365 
0.0175099 
0.0175894 
0.0176707 
0.0177512 
0.017827 
0.0178958 
0.0179544 
0.018001 
0.0180333 
0.01805 
0.0180501 
0.0180326 
0.0179987 
0.017947 
0.0178812 
0.0177997 
0.0177118 
0.0176083 
0.0175055 
0.0173941 
0.0172926 
0.0171893 
0.0171068 
0.0170299 
0.0169853 
0.0169537 
0.0169654 
0.0169967 
0.0170804 
0.0171891 
0.0173567 
0.0175523 
0.01781 
0.018096 
0.0184435 
0.0188169 
0.0192473 
0.0196988 
0.0201995 
0.0207143 
0.021268 
0.0218277 
0.0224145 
0.0229986 
0.0235979 
0.0241864 
0.0247789 
0.0253537 
0.0259229 
0.0264695 
0.0270033 
0.0275113 
0.028002 
0.0284661 
0.0289108 
0.02933 
0.02973 
0.0301073 
0.0304676 
0.0308094 
0.0311376 
0.0314526 
0.0317586 
0.032057 
0.0323517 
0.0326448 
0.0329385 
0.0332377 
0.0335437 
0.0338614 
0.0341904 
0.0345361 
0.0348978 
0.0352808 
0.0356833 
0.0361109 
0.0365602 
0.0370371 
0.0375365 
0.0380644 
0.0386139 
0.0391912 
0.0397873 
0.0404087 
0.0410443 
0.0417008 
0.0423653 
0.0430449 
0.0437247 
0.0444122 
0.0450914 
0.04577 
0.0464312 
0.047083 
0.0477085 
0.0483159 
0.0488887 
0.0494352 
0.0499401 
0.0504117 
0.050836 
0.0512216 
0.0515563 
0.0518485 
0.0520881 
0.0522833 
0.0524262 
0.0525246 
0.052573 
0.0525783 
0.0525373 
0.0524562 
0.0523336 
0.052175 
0.0519805 
0.0517549 
0.0514994 
0.0512178 
0.0509125 
0.0505861 
0.0502417 
0.049881 
0.0495072 
0.049121 
0.0487256 
0.0483206 
0.0479091 
0.0474894 
0.0470643 
0.046631 
0.046192 
0.0457433 
0.0452871 
0.0448183 
0.0443392 
0.0438438 
0.0433344 
0.0428045 
0.0422569 
0.0416844 
0.0410909 
0.0404688 
0.0398234 
0.0391467 
0.0384454 
0.0377117 
0.0369537 
0.0361639 
0.035352 
0.0345105 
0.0336507 
0.0327653 
0.0318671 
0.0309491 
0.0300249 
