0 
-0.00362491 
-9.9702e-06 
-0.00336676 
-9.9702e-06 
-0.00319613 
-9.9702e-06 
-0.0030568 
-9.9702e-06 
-0.00291809 
-9.9702e-06 
-0.00276049 
-9.9702e-06 
-0.00257111 
-9.9702e-06 
-0.00234411 
-9.9702e-06 
-0.00208154 
-9.9702e-06 
-0.00179305 
-9.9702e-06 
-0.00149395 
-9.9702e-06 
-0.0012022 
-9.9702e-06 
-0.000935044 
-9.9702e-06 
-0.000706435 
-9.9702e-06 
-0.000525559 
-9.9702e-06 
-0.000396719 
-9.9702e-06 
-0.000320161 
-9.9702e-06 
-0.000293358 
-9.9702e-06 
-0.000312274 
-9.9702e-06 
-0.000342531 
-7.77405e-06 
-0.000466879 
-9.9702e-06 
-0.000597736 
-9.9702e-06 
-0.000754108 
-9.9702e-06 
-0.000933542 
-9.9702e-06 
-0.00113109 
-9.9702e-06 
-0.00134139 
-9.9702e-06 
-0.0015586 
-9.9702e-06 
-0.00177643 
-9.9702e-06 
-0.00198828 
-9.9702e-06 
-0.00218744 
-9.9702e-06 
-0.00236733 
-9.9702e-06 
-0.00252184 
-9.9702e-06 
-0.00264561 
-9.9702e-06 
-0.00273432 
-9.9702e-06 
-0.00278495 
-9.9702e-06 
-0.00279594 
-9.9702e-06 
-0.00276722 
-9.9702e-06 
-0.00270024 
-9.9702e-06 
-0.00259782 
-9.9702e-06 
-0.002464 
-9.9702e-06 
-0.0023039 
-9.9702e-06 
-0.00212349 
-9.9702e-06 
-0.00192948 
-9.9702e-06 
-0.00172924 
-9.9702e-06 
-0.00153069 
-9.9702e-06 
-0.00134212 
-9.9702e-06 
-0.00117194 
-9.9702e-06 
-0.00102824 
-9.9702e-06 
-0.000918237 
-9.9702e-06 
-0.000847634 
-9.9702e-06 
-0.000819993 
-9.9702e-06 
-0.000836263 
-9.9702e-06 
-0.000894571 
-9.9702e-06 
-0.0009903 
-9.9702e-06 
-0.00111648 
-9.9702e-06 
-0.0012644 
-9.9702e-06 
-0.00142432 
-9.9702e-06 
-0.0015862 
-9.9702e-06 
-0.00174033 
-9.9702e-06 
-0.00187782 
-9.9702e-06 
-0.00199096 
-9.9702e-06 
-0.00207346 
-9.9702e-06 
-0.00212052 
-9.9702e-06 
-0.00212899 
-9.9702e-06 
-0.00209734 
-9.9702e-06 
-0.00202575 
-9.9702e-06 
-0.00191608 
-9.9702e-06 
-0.00177178 
-9.9702e-06 
-0.00159775 
-9.9702e-06 
-0.00140017 
-9.9702e-06 
-0.00118614 
-9.9702e-06 
-0.000963343 
-9.9702e-06 
-0.000739723 
-9.9702e-06 
-0.000523128 
-9.9702e-06 
-0.000321082 
-9.9702e-06 
-0.000140631 
-9.9702e-06 
1.1698e-05 
-1.17124e-05 
0.000115 
-3.90319e-06 
0.000200546 
-2.85175e-06 
0.000236269 
-2.18351e-06 
0.000221753 
-1.89913e-06 
0.00015309 
-1.91948e-06 
2.75995e-05 
-9.82766e-06 
-0.000170477 
-9.9702e-06 
-0.000391125 
-9.9702e-06 
-0.000683814 
-9.9702e-06 
-0.00102273 
-9.9702e-06 
-0.00139744 
-9.9702e-06 
-0.00179387 
-9.9702e-06 
-0.00219475 
-9.9702e-06 
-0.00258041 
-9.9702e-06 
-0.00293024 
-9.9702e-06 
-0.00322431 
-9.9702e-06 
-0.00344539 
-9.9702e-06 
-0.0035807 
-9.9702e-06 
-0.00362335 
-9.9702e-06 
-0.00357309 
-9.9702e-06 
-0.00343626 
-9.9702e-06 
-0.0032249 
-9.9702e-06 
-0.00295531 
-9.9702e-06 
-0.00264608 
-9.9702e-06 
-0.00231625 
-9.9702e-06 
-0.0019835 
-9.9702e-06 
-0.00166301 
-9.9702e-06 
-0.00136666 
-9.9702e-06 
-0.00110298 
-9.9702e-06 
-0.000877369 
-9.9702e-06 
-0.000692727 
-9.9702e-06 
-0.00055016 
-9.9702e-06 
-0.000449641 
-9.9702e-06 
-0.00039054 
-9.9702e-06 
-0.00037193 
-9.9702e-06 
-0.00039268 
-9.9702e-06 
-0.000451352 
-9.9702e-06 
-0.00054597 
-9.9702e-06 
-0.00067373 
-9.9702e-06 
-0.000830731 
-9.9702e-06 
-0.00101179 
-9.9702e-06 
-0.00121039 
-9.9702e-06 
-0.00141877 
-9.9702e-06 
-0.0016282 
-9.9702e-06 
-0.00182935 
-9.9702e-06 
-0.00201284 
-9.9702e-06 
-0.00216979 
-9.9702e-06 
-0.00229247 
-9.9702e-06 
-0.0023749 
-9.9702e-06 
-0.00241338 
-9.9702e-06 
-0.00240683 
-9.9702e-06 
-0.00235701 
-9.9702e-06 
-0.00226831 
-9.9702e-06 
-0.00214746 
-9.9702e-06 
-0.0020028 
-9.9702e-06 
-0.00184346 
-9.9702e-06 
-0.00167847 
-9.9702e-06 
-0.0015159 
-9.9702e-06 
-0.00136232 
-9.9702e-06 
-0.00122243 
-9.9702e-06 
-0.00109913 
-9.9702e-06 
-0.000993878 
-9.9702e-06 
-0.000907124 
-9.9702e-06 
-0.0008389 
-9.9702e-06 
-0.000789241 
-9.9702e-06 
-0.000758431 
-9.9702e-06 
-0.000747013 
-9.9702e-06 
-0.000755599 
-9.9702e-06 
-0.00078454 
-9.9702e-06 
-0.000833572 
-9.9702e-06 
-0.000901515 
-9.9702e-06 
-0.000986085 
-9.9702e-06 
-0.00108386 
-9.9702e-06 
-0.00119035 
-9.9702e-06 
-0.00130023 
-9.9702e-06 
-0.00140754 
-9.9702e-06 
-0.00150606 
-9.9702e-06 
-0.00158958 
-9.9702e-06 
-0.00165231 
-9.9702e-06 
-0.00168922 
-9.9702e-06 
-0.00169642 
-9.9702e-06 
-0.00167145 
-9.9702e-06 
-0.00161352 
-9.9702e-06 
-0.00152368 
-9.9702e-06 
-0.00140475 
-9.9702e-06 
-0.00126118 
-9.9702e-06 
-0.0010987 
-9.9702e-06 
-0.000923938 
-9.9702e-06 
-0.000743918 
-9.9702e-06 
-0.000565635 
-9.9702e-06 
-0.00039567 
-9.9702e-06 
-0.000239929 
-9.9702e-06 
-0.000103516 
-9.9702e-06 
9.26921e-06 
9.42212e-05 
9.9702e-06 
0.000146501 
9.9702e-06 
0.000185559 
9.9702e-06 
0.000191148 
9.9702e-06 
0.000160459 
9.9702e-06 
9.15535e-05 
9.9702e-06 
-1.69286e-05 
-9.90959e-06 
-0.000185574 
-9.9702e-06 
-0.000374711 
-9.9702e-06 
-0.000603331 
-9.9702e-06 
-0.000972257 
-9.9702e-06 
-0.00123477 
-9.9702e-06 
-0.00157067 
-9.9702e-06 
-0.00191878 
-9.9702e-06 
-0.00226498 
-9.9702e-06 
-0.00259279 
-9.9702e-06 
-0.00288418 
-9.9702e-06 
-0.00312092 
-9.9702e-06 
-0.00328638 
-9.9702e-06 
-0.00336757 
-9.9702e-06 
-0.00335703 
-9.9702e-06 
-0.0032543 
-9.9702e-06 
-0.00306648 
-9.9702e-06 
-0.00280781 
-9.9702e-06 
-0.00249807 
-9.9702e-06 
-0.00216015 
-9.9702e-06 
-0.00181715 
-9.9702e-06 
-0.00148966 
-9.9702e-06 
-0.00119367 
-9.9702e-06 
-0.000939529 
-9.9702e-06 
-0.000732049 
-9.9702e-06 
-0.000571514 
-9.9702e-06 
-0.000455183 
-9.9702e-06 
-0.000378865 
-9.9702e-06 
-0.000338195 
-9.9702e-06 
-0.000295939 
4.27333e-07 
-0.000331804 
-9.9702e-06 
-0.000389442 
-9.9702e-06 
-0.00046154 
-9.9702e-06 
-0.000556908 
-9.9702e-06 
-0.00067353 
-9.9702e-06 
-0.000808669 
-9.9702e-06 
-0.000958676 
-9.9702e-06 
-0.00111891 
-9.9702e-06 
-0.00128378 
-9.9702e-06 
-0.001447 
-9.9702e-06 
-0.00160182 
-9.9702e-06 
-0.00174154 
-9.9702e-06 
-0.00185995 
-9.9702e-06 
-0.00195185 
-9.9702e-06 
-0.00201355 
-9.9702e-06 
-0.0020432 
-9.9702e-06 
-0.00204105 
-9.9702e-06 
-0.00200938 
-9.9702e-06 
-0.00195228 
-9.9702e-06 
-0.0018752 
-9.9702e-06 
-0.00178435 
-9.9702e-06 
-0.00168601 
-9.9702e-06 
-0.00158599 
-9.9702e-06 
-0.00148916 
-9.9702e-06 
-0.00139935 
-9.9702e-06 
-0.00131928 
-9.9702e-06 
-0.00125087 
-9.9702e-06 
-0.00119545 
-9.9702e-06 
-0.00115409 
-9.9702e-06 
-0.00112767 
-9.9702e-06 
-0.00111687 
-9.9702e-06 
-0.00112199 
-9.9702e-06 
-0.00114272 
-9.9702e-06 
-0.00117792 
-9.9702e-06 
-0.00122554 
-9.9702e-06 
-0.00128266 
-9.9702e-06 
-0.00134572 
-9.9702e-06 
-0.00141082 
-9.9702e-06 
-0.00147397 
-9.9702e-06 
-0.00153138 
-9.9702e-06 
-0.0015795 
-9.9702e-06 
-0.00161514 
-9.9702e-06 
-0.00163542 
-9.9702e-06 
-0.00163779 
