0 
-0.000249763 
-9.9702e-06 
-0.000239142 
-9.9702e-06 
-0.000224662 
-9.9702e-06 
-0.000212192 
-9.9702e-06 
-0.000199895 
-9.9702e-06 
-0.00018669 
-9.9702e-06 
-0.000171988 
-9.9702e-06 
-0.000155653 
-9.9702e-06 
-0.000137957 
-9.9702e-06 
-0.000119507 
-9.9702e-06 
-0.000101124 
-9.9702e-06 
-8.36976e-05 
-9.9702e-06 
-6.80494e-05 
-9.9702e-06 
-5.48309e-05 
-9.9702e-06 
-4.44676e-05 
-9.9702e-06 
-3.71492e-05 
-9.9702e-06 
-3.28564e-05 
-9.9702e-06 
-3.14077e-05 
-9.9702e-06 
-3.25114e-05 
-9.9702e-06 
-4.07323e-05 
-9.97371e-06 
-4.09228e-05 
-9.9702e-06 
-4.74706e-05 
-9.9702e-06 
-5.50649e-05 
-9.9702e-06 
-6.33334e-05 
-9.9702e-06 
-7.19186e-05 
-9.9702e-06 
-8.04756e-05 
-9.9702e-06 
-8.86763e-05 
-9.9702e-06 
-9.62146e-05 
-9.9702e-06 
-0.000102816 
-9.9702e-06 
-0.000108244 
-9.9702e-06 
-0.000112317 
-9.9702e-06 
-0.000114909 
-9.9702e-06 
-0.000115962 
-9.9702e-06 
-0.000115484 
-9.9702e-06 
-0.000113552 
-9.9702e-06 
-0.000110297 
-9.9702e-06 
-0.0001059 
-9.9702e-06 
-0.000100571 
-9.9702e-06 
-9.45331e-05 
-9.9702e-06 
-8.80078e-05 
-9.9702e-06 
-8.12017e-05 
-9.9702e-06 
-7.43003e-05 
-9.9702e-06 
-6.74673e-05 
-9.9702e-06 
-6.08491e-05 
-9.9702e-06 
-5.45814e-05 
-9.9702e-06 
-4.87956e-05 
-9.9702e-06 
-4.36204e-05 
-9.9702e-06 
-3.91782e-05 
-9.9702e-06 
-3.55751e-05 
-9.9702e-06 
-3.28875e-05 
-9.9702e-06 
-3.11482e-05 
-9.9702e-06 
-3.03365e-05 
-9.9702e-06 
-3.03746e-05 
-9.9702e-06 
-3.11326e-05 
-9.9702e-06 
-3.24406e-05 
-9.9702e-06 
-3.41067e-05 
-9.9702e-06 
-3.59356e-05 
-9.9702e-06 
-3.77466e-05 
-9.9702e-06 
-3.93866e-05 
-9.9702e-06 
-4.07367e-05 
-9.9702e-06 
-4.17145e-05 
-9.9702e-06 
-4.22707e-05 
-9.9702e-06 
-4.23842e-05 
-9.9702e-06 
-4.20568e-05 
-9.9702e-06 
-4.13079e-05 
-9.9702e-06 
-4.01714e-05 
-9.9702e-06 
-3.86936e-05 
-9.9702e-06 
-3.69314e-05 
-9.9702e-06 
-3.4951e-05 
-9.9702e-06 
-3.28258e-05 
-9.9702e-06 
-3.06328e-05 
-9.9702e-06 
-2.84498e-05 
-9.9702e-06 
-2.63511e-05 
-9.9702e-06 
-2.44036e-05 
-9.9702e-06 
-2.26644e-05 
-9.9702e-06 
-2.1178e-05 
-9.9702e-06 
-1.99745e-05 
-9.23602e-06 
-1.77379e-05 
-7.91392e-06 
-1.47302e-05 
-6.80066e-06 
-1.25604e-05 
-6.20099e-06 
-1.163e-05 
-6.45517e-06 
-1.22781e-05 
-7.90061e-06 
-1.48194e-05 
-9.9702e-06 
-1.86346e-05 
-9.9702e-06 
-1.89077e-05 
-9.9702e-06 
-1.91265e-05 
-9.9702e-06 
-1.92692e-05 
-9.9702e-06 
-1.93463e-05 
-9.9702e-06 
-1.9402e-05 
-9.9702e-06 
-1.95071e-05 
-9.9702e-06 
-1.97462e-05 
-9.9702e-06 
-2.01989e-05 
-9.9702e-06 
-2.09208e-05 
-9.9702e-06 
-2.19281e-05 
-9.9702e-06 
-2.31882e-05 
-9.9702e-06 
-2.462e-05 
-9.9702e-06 
-2.61029e-05 
-9.9702e-06 
-2.74933e-05 
-9.9702e-06 
-2.86449e-05 
-9.9702e-06 
-2.94297e-05 
-9.9702e-06 
-2.9756e-05 
-9.9702e-06 
-2.95802e-05 
-9.9702e-06 
-2.89116e-05 
-9.9702e-06 
-2.78102e-05 
-9.9702e-06 
-2.63785e-05 
-9.9702e-06 
-2.47508e-05 
-9.9702e-06 
-2.30819e-05 
-9.9702e-06 
-2.15378e-05 
-9.9702e-06 
-2.02894e-05 
-9.9702e-06 
-1.95088e-05 
-9.9702e-06 
-1.93669e-05 
-9.9702e-06 
-2.00306e-05 
-9.9702e-06 
-2.1658e-05 
-9.9702e-06 
-2.43895e-05 
-9.9702e-06 
-2.83363e-05 
-9.9702e-06 
-3.35664e-05 
-9.9702e-06 
-4.00903e-05 
-9.9702e-06 
-4.7848e-05 
-9.9702e-06 
-5.6701e-05 
-9.9702e-06 
-6.64299e-05 
-9.9702e-06 
-7.67391e-05 
-9.9702e-06 
-8.72685e-05 
-9.9702e-06 
-9.7612e-05 
-9.9702e-06 
-0.000107342 
-9.9702e-06 
-0.000116039 
-9.9702e-06 
-0.000123321 
-9.9702e-06 
-0.000128872 
-9.9702e-06 
-0.000132476 
-9.9702e-06 
-0.000134029 
-9.9702e-06 
-0.000133552 
-9.9702e-06 
-0.000131191 
-9.9702e-06 
-0.000127196 
-9.9702e-06 
-0.000121895 
-9.9702e-06 
-0.000115655 
-9.9702e-06 
-0.000108849 
-9.9702e-06 
-0.000101816 
-9.9702e-06 
-9.4844e-05 
-9.9702e-06 
-8.81645e-05 
-9.9702e-06 
-8.19617e-05 
-9.9702e-06 
-7.63957e-05 
-9.9702e-06 
-7.16286e-05 
-9.9702e-06 
-6.78462e-05 
-9.9702e-06 
-6.52645e-05 
-9.9702e-06 
-6.41195e-05 
-9.9702e-06 
-6.46384e-05 
-9.9702e-06 
-6.69987e-05 
-9.9702e-06 
-7.12846e-05 
-9.9702e-06 
-7.74515e-05 
-9.9702e-06 
-8.53054e-05 
-9.9702e-06 
-9.45037e-05 
-9.9702e-06 
-0.000104575 
-9.9702e-06 
-0.000114955 
-9.9702e-06 
-0.000125029 
-9.9702e-06 
-0.000134183 
-9.9702e-06 
-0.000141839 
-9.9702e-06 
-0.000147499 
-9.9702e-06 
-0.000150769 
-9.9702e-06 
-0.000151377 
-9.9702e-06 
-0.00014919 
-9.9702e-06 
-0.000144211 
-9.9702e-06 
-0.00013658 
-9.9702e-06 
-0.000126557 
-9.9702e-06 
-0.00011451 
-9.9702e-06 
-0.000100886 
-9.9702e-06 
-8.6188e-05 
-9.9702e-06 
-7.0949e-05 
-9.9702e-06 
-5.57074e-05 
-9.9702e-06 
-4.09881e-05 
-9.9702e-06 
-2.72895e-05 
-9.9702e-06 
-1.50763e-05 
-9.9702e-06 
-4.77746e-06 
8.97564e-06 
3.4212e-05 
7.02854e-05 
9.86699e-05 
0.000142794 
0.000194205 
0.000253283 
0.000313085 
0.000373036 
0.000425823 
0.000470019 
0.000499051 
0.000510629 
0.000499658 
0.000463145 
0.00039574 
0.000297617 
0.000162118 
-6.59904e-06 
-0.000216864 
-9.9702e-06 
-0.000100596 
-9.9702e-06 
-0.000127091 
-9.9702e-06 
-0.000153784 
-9.9702e-06 
-0.000179126 
-9.9702e-06 
-0.000201702 
-9.9702e-06 
-0.000220184 
-9.9702e-06 
-0.000233457 
-9.9702e-06 
-0.000240734 
-9.9702e-06 
-0.000241643 
-9.9702e-06 
-0.000236267 
-9.9702e-06 
-0.000225134 
-9.9702e-06 
-0.000209157 
-9.9702e-06 
-0.000189534 
-9.9702e-06 
-0.000167614 
-9.9702e-06 
-0.000144766 
-9.9702e-06 
-0.000122247 
-9.9702e-06 
-0.000101101 
-9.9702e-06 
-8.20969e-05 
-9.9702e-06 
-6.57119e-05 
-9.9702e-06 
-5.21488e-05 
-9.9702e-06 
-4.13884e-05 
-9.9702e-06 
-3.32558e-05 
-9.9702e-06 
-2.74884e-05 
-9.9702e-06 
-2.37946e-05 
-9.9702e-06 
-2.18951e-05 
-3.25851e-05 
-9.97317e-06 
-1.96876e-05 
-9.9702e-06 
-2.10156e-05 
-9.9702e-06 
-2.32556e-05 
-9.9702e-06 
-2.62467e-05 
-9.9702e-06 
-2.98175e-05 
-9.9702e-06 
-3.3774e-05 
-9.9702e-06 
-3.78972e-05 
-9.9702e-06 
-4.19476e-05 
-9.9702e-06 
-4.56761e-05 
-9.9702e-06 
-4.8841e-05 
-9.9702e-06 
-5.12262e-05 
-9.9702e-06 
-5.26603e-05 
-9.9702e-06 
-5.30327e-05 
-9.9702e-06 
-5.23042e-05 
-9.9702e-06 
-5.05126e-05 
-9.9702e-06 
-4.77706e-05 
-9.9702e-06 
-4.42566e-05 
-9.9702e-06 
-4.02009e-05 
-9.9702e-06 
-3.58656e-05 
-9.9702e-06 
-3.15237e-05 
-9.9702e-06 
-2.74368e-05 
-9.9702e-06 
-2.38351e-05 
-9.9702e-06 
-2.09013e-05 
-9.9702e-06 
-1.87596e-05 
-9.9702e-06 
-1.74711e-05 
-9.9702e-06 
-1.70341e-05 
-9.9702e-06 
-1.7391e-05 
-9.9702e-06 
-1.8438e-05 
-9.9702e-06 
-2.00378e-05 
-9.9702e-06 
-2.20341e-05 
-9.9702e-06 
-2.42663e-05 
-9.9702e-06 
-2.65843e-05 
-9.9702e-06 
-2.88621e-05 
-9.9702e-06 
-3.10096e-05 
-9.9702e-06 
-3.29796e-05 
-9.9702e-06 
-3.47707e-05 
-9.9702e-06 
-3.64217e-05 
-9.9702e-06 
-3.80004e-05 
-9.9702e-06 
-3.95855e-05 
-9.9702e-06 
-4.12471e-05 
-9.9702e-06 
-4.30268e-05 
-9.9702e-06 
-4.49236e-05 
-9.9702e-06 
-4.68861e-05 
-9.9702e-06 
-4.88136e-05 
