-0.005 
-0.00480034 
-0.00473927 
-0.00460614 
-0.00452526 
-0.00441944 
-0.00433591 
-0.00424361 
-0.00416392 
-0.00408103 
-0.00400826 
-0.00393432 
-0.00387047 
-0.00380632 
-0.00375294 
-0.00369982 
-0.00365822 
-0.00361747 
-0.00358881 
-0.00356172 
-0.00354707 
-0.00353487 
-0.00353523 
-0.00353901 
-0.00355523 
-0.00357586 
-0.00360857 
-0.00364654 
-0.00369598 
-0.00375123 
-0.00381712 
-0.00388895 
-0.00397033 
-0.00405729 
-0.00415246 
-0.00425233 
-0.00435886 
-0.0044687 
-0.00458347 
-0.00469949 
-0.00481888 
-0.00493736 
-0.00505719 
-0.00517359 
-0.00528944 
-0.0053992 
-0.00550663 
-0.00560521 
-0.00569987 
-0.00578297 
-0.00586079 
-0.00592452 
-0.00598192 
-0.006023 
-0.00605707 
-0.00607301 
-0.00608171 
-0.00607099 
-0.00605329 
-0.00601554 
-0.00597157 
-0.00590765 
-0.00583878 
-0.00575079 
-0.00565964 
-0.00555094 
-0.00544128 
-0.00531633 
-0.00519294 
-0.00505709 
-0.00492549 
-0.00478469 
-0.00465086 
-0.0045113 
-0.00438131 
-0.00424908 
-0.00412871 
-0.00400943 
-0.00390385 
-0.00380235 
-0.00371586 
-0.00363593 
-0.00357171 
-0.00351598 
-0.00347602 
-0.00344582 
-0.00343088 
-0.0034263 
-0.00343591 
-0.00345585 
-0.00348843 
-0.0035307 
-0.00358367 
-0.00364513 
-0.00371504 
-0.00379177 
-0.00387441 
-0.00396185 
-0.00405249 
-0.0041456 
-0.0042391 
-0.0043326 
-0.00442361 
-0.00451216 
-0.00459541 
-0.00467384 
-0.00474429 
-0.00480788 
-0.00486104 
-0.00490569 
-0.00493783 
-0.00496034 
-0.00496867 
-0.0049669 
-0.00494981 
-0.00492278 
-0.00487991 
-0.00482797 
-0.00476027 
-0.00468504 
-0.00459479 
-0.00449913 
-0.00438984 
-0.00427777 
-0.004154 
-0.00403045 
-0.00389762 
-0.00376822 
-0.0036323 
-0.00350305 
-0.00337024 
-0.0032472 
-0.00312358 
-0.00301252 
-0.00290372 
-0.00280979 
-0.00272069 
-0.00264815 
-0.00258259 
-0.00253461 
-0.00249526 
-0.00247375 
-0.00246196 
-0.00246756 
-0.00248337 
-0.00251545 
-0.00255767 
-0.00261445 
-0.00268076 
-0.00275947 
-0.00284663 
-0.00294367 
-0.0030477 
-0.00315886 
-0.00327525 
-0.00339593 
-0.00351983 
-0.00364523 
-0.00377167 
-0.00389692 
-0.00402098 
-0.0041414 
-0.00425839 
-0.00436959 
-0.00447523 
-0.00457334 
-0.00466395 
-0.00474579 
-0.00481846 
-0.00488169 
-0.00493449 
-0.00497774 
-0.00500978 
-0.00503276 
-0.00504431 
-0.00504781 
-0.00504021 
-0.00502601 
-0.00500156 
-0.00497222 
-0.00493392 
-0.00489249 
-0.00484369 
-0.00479337 
-0.00473745 
-0.00468125 
-0.00462121 
-0.00456169 
-0.00449999 
-0.00443907 
-0.00437745 
-0.00431645 
-0.00425604 
-0.00419578 
-0.00413722 
-0.00407825 
-0.00402203 
-0.00396493 
-0.00391161 
-0.00385721 
-0.00380767 
-0.00375727 
-0.00371286 
-0.00366822 
-0.00363074 
-0.00359405 
-0.00356569 
-0.00353939 
-0.00352246 
-0.00350897 
-0.00350571 
-0.0035072 
-0.00351948 
-0.00353759 
-0.0035667 
-0.00360238 
-0.00364887 
-0.00370224 
-0.00376587 
-0.0038362 
-0.00391588 
-0.00400163 
-0.00409551 
-0.00419441 
-0.00429998 
-0.0044091 
-0.00452329 
-0.0046392 
-0.00475846 
-0.00487733 
-0.0049978 
-0.00511548 
-0.00523302 
-0.00534519 
-0.00545556 
-0.00555783 
-0.00565673 
-0.0057448 
-0.00582813 
-0.00589795 
-0.00596191 
-0.00600991 
-0.00605126 
-0.00607458 
-0.00609085 
-0.00608752 
-0.00607721 
-0.00604639 
-0.00600918 
-0.00595129 
-0.00588812 
-0.00580494 
-0.00571807 
-0.00561268 
-0.00550566 
-0.00538238 
-0.00525986 
-0.00512401 
-0.00499152 
-0.00484913 
-0.00471277 
-0.00457023 
-0.00443629 
-0.00429993 
-0.00417449 
-0.00405023 
-0.00393882 
-0.0038318 
-0.00373904 
-0.00365335 
-0.00358278 
-0.00352129 
-0.00347517 
-0.00343944 
-0.00341873 
-0.00340903 
-0.00341344 
-0.00342879 
-0.00345688 
-0.00349525 
-0.00354453 
-0.00360292 
-0.00367006 
-0.00374469 
-0.00382562 
-0.00391211 
-0.00400221 
-0.00409568 
-0.00418993 
-0.00428522 
-0.00437837 
-0.0044702 
-0.00455698 
-0.00464018 
-0.00471549 
-0.0047852 
-0.00484436 
-0.00489629 
-0.00493529 
-0.00496591 
-0.00498163 
-0.00498843 
-0.00497882 
-0.00496042 
-0.0049247 
-0.00488102 
-0.00481973 
-0.00475197 
-0.00466701 
-0.00457771 
-0.00447226 
-0.00436514 
-0.00424354 
-0.00412332 
-0.00399085 
-0.00386303 
-0.00372562 
-0.00359617 
-0.00346006 
-0.00333507 
-0.0032065 
-0.00309187 
-0.00297669 
-0.00287775 
-0.00278111 
-0.0027024 
-0.00262847 
-0.00257346 
-0.00252525 
-0.00249619 
-0.00247544 
-0.00247331 
-0.00248042 
-0.00250495 
-0.00253905 
-0.00258877 
-0.00264784 
-0.00272027 
-0.00280129 
-0.00289306 
-0.00299224 
-0.00309933 
-0.00321216 
-0.00333025 
-0.00345183 
-0.00357747 
-0.00370206 
-0.00382852 
-0.00395248 
-0.00407546 
-0.00419399 
-0.00430907 
-0.00441787 
-0.00452099 
-0.00461638 
-0.00470411 
-0.00478311 
-0.00485291 
-0.00491331 
-0.00496349 
-0.00500408 
-0.00503394 
-0.00505315 
-0.00506381 
-0.00506432 
-0.0050564 
-0.00503941 
-0.00501518 
-0.00498318 
-0.00494547 
-0.00490142 
-0.00485334 
-0.0048004 
-0.00474505 
-0.00468618 
-0.00462639 
-0.00456416 
-0.00450225 
-0.00443867 
-0.00437638 
-0.00431288 
-0.00425145 
-0.00418901 
-0.00412926 
-0.00406861 
-0.00401126 
-0.00395313 
-0.00389895 
-0.0038443 
-0.00379435 
-0.00374453 
-0.00370029 
-0.00365707 
-0.0036204 
-0.00358593 
-0.00355902 
-0.00353562 
-0.00352076 
-0.00351075 
-0.00351008 
-0.00351547 
-0.00353076 
-0.00355304 
-0.00358544 
-0.00362538 
-0.00367531 
-0.00373287 
-0.00379989 
-0.00387415 
-0.00395698 
-0.00404623 
-0.00414281 
-0.00424445 
-0.00435206 
-0.00446319 
-0.00457863 
-0.00469559 
-0.00481505 
-0.00493389 
-0.00505334 
-0.00516987 
-0.00528511 
-0.005395 
-0.00550177 
-0.00560073 
-0.00569483 
-0.0057787 
-0.00585617 
-0.00592114 
-0.00597842 
-0.00602121 
-0.00605538 
-0.00607343 
-0.00608237 
-0.00607408 
-0.00605667 
-0.00602155 
-0.00597784 
-0.00591663 
-0.00584794 
-0.00576267 
-0.00567155 
-0.00556551 
-0.00545572 
-0.00533333 
-0.00520965 
-0.0050762 
-0.00494418 
-0.00480561 
-0.00467123 
-0.00453369 
-0.00440304 
-0.00427259 
-0.00415148 
-0.00403369 
-0.00392729 
-0.00382696 
-0.00373959 
-0.00366049 
-0.00359534 
-0.00354007 
-0.00349913 
-0.00346903 
-0.00345306 
-0.00344825 
-0.00345679 
-0.0034762 
-0.00350769 
-0.00354921 
-0.00360106 
-0.00366164 
-0.00373041 
-0.00380619 
-0.0038877 
-0.00397419 
-0.00406368 
-0.00415589 
-0.00424822 
-0.00434089 
-0.00443072 
-0.00451849 
-0.00460049 
-0.00467816 
-0.0047473 
-0.00481008 
-0.00486183 
-0.00490557 
-0.0049362 
-0.00495763 
-0.00496437 
-0.00496129 
-0.00494255 
-0.00491399 
-0.00486945 
-0.00481572 
-0.00474639 
-0.00466916 
-0.00457738 
-0.00447957 
-0.00436891 
-0.0042546 
