0 
-8.26245e-17 
-2.28301e-16 
-4.10626e-16 
-6.38483e-16 
-9.5357e-16 
-1.23321e-15 
-1.54757e-15 
-1.8327e-15 
-2.13721e-15 
-2.44242e-15 
-2.75774e-15 
-3.0353e-15 
-3.33848e-15 
-3.70499e-15 
-4.102e-15 
-4.53007e-15 
-4.82728e-15 
-5.05232e-15 
-5.38089e-15 
-5.79334e-15 
-6.28766e-15 
-6.74891e-15 
-7.22506e-15 
-7.54883e-15 
-7.93372e-15 
-8.43171e-15 
-8.84244e-15 
-9.14782e-15 
-9.3932e-15 
-9.61128e-15 
-9.83562e-15 
-1.01194e-14 
-1.04279e-14 
-1.08242e-14 
-1.12436e-14 
-1.16197e-14 
-1.20016e-14 
-1.22892e-14 
-1.25754e-14 
-1.29058e-14 
-1.32831e-14 
-1.3724e-14 
-1.41213e-14 
-1.46236e-14 
-1.50737e-14 
-1.54122e-14 
-1.57413e-14 
-1.60578e-14 
-1.6321e-14 
-1.65653e-14 
-1.68493e-14 
-1.72014e-14 
-1.76268e-14 
-1.80997e-14 
-1.86006e-14 
-1.91081e-14 
-1.9538e-14 
-2.00273e-14 
-2.05187e-14 
-2.10059e-14 
-2.1458e-14 
-2.1893e-14 
-2.23329e-14 
-2.27728e-14 
-2.32202e-14 
-2.36678e-14 
-2.41069e-14 
-2.4556e-14 
-2.4985e-14 
-2.53949e-14 
-2.57684e-14 
-2.60688e-14 
-2.63919e-14 
-2.67168e-14 
-2.70064e-14 
-2.71943e-14 
-2.72969e-14 
-2.73582e-14 
-2.72557e-14 
-2.71998e-14 
-2.72221e-14 
-2.7165e-14 
-2.71097e-14 
-2.70769e-14 
-2.70939e-14 
-2.71183e-14 
-2.72661e-14 
-2.73186e-14 
-2.74059e-14 
-2.76119e-14 
-2.77822e-14 
-2.78686e-14 
-2.80673e-14 
-2.81095e-14 
-2.80985e-14 
-2.79704e-14 
-2.78972e-14 
-2.76971e-14 
-2.76589e-14 
-2.76338e-14 
-2.76276e-14 
-2.75255e-14 
-2.74626e-14 
-2.74338e-14 
-2.75572e-14 
-2.78025e-14 
-2.81841e-14 
-2.85261e-14 
-2.89104e-14 
-2.9321e-14 
-2.96077e-14 
-2.99963e-14 
-3.03146e-14 
-3.06432e-14 
-3.09698e-14 
-3.12115e-14 
-3.14975e-14 
-3.17982e-14 
-3.20869e-14 
-3.23858e-14 
-3.2687e-14 
-3.29659e-14 
-3.32158e-14 
-3.34682e-14 
-3.37283e-14 
-3.39884e-14 
-3.424e-14 
-3.44812e-14 
-3.47274e-14 
-3.50015e-14 
-3.52415e-14 
-3.5532e-14 
-3.58673e-14 
-3.61576e-14 
-3.6434e-14 
-3.67391e-14 
-3.71812e-14 
-3.75678e-14 
-3.79361e-14 
-3.83116e-14 
-3.87749e-14 
-3.91803e-14 
-3.94816e-14 
-3.97638e-14 
-4.00631e-14 
-4.02397e-14 
-4.02625e-14 
-4.02391e-14 
-4.01968e-14 
-4.01557e-14 
-4.01722e-14 
-4.02353e-14 
-4.00578e-14 
-3.97716e-14 
-3.93913e-14 
-3.89627e-14 
-3.82763e-14 
-3.75794e-14 
-3.68669e-14 
-3.63607e-14 
-3.58319e-14 
-3.54197e-14 
-3.5036e-14 
-3.45854e-14 
-3.41291e-14 
-3.36704e-14 
-3.31613e-14 
-3.26837e-14 
-3.23372e-14 
-3.20117e-14 
-3.18662e-14 
-3.17316e-14 
-3.15879e-14 
-3.15109e-14 
-3.15597e-14 
-3.16868e-14 
-3.17553e-14 
-3.18196e-14 
-3.18938e-14 
-3.19145e-14 
-3.19258e-14 
-3.1905e-14 
-3.19305e-14 
-3.20026e-14 
-3.20939e-14 
-3.21896e-14 
-3.22677e-14 
-3.23436e-14 
-3.24231e-14 
-3.2503e-14 
-3.25861e-14 
-3.26632e-14 
-3.27457e-14 
-3.2852e-14 
-3.29468e-14 
-3.30719e-14 
-3.32457e-14 
-3.34758e-14 
-3.36915e-14 
-3.39376e-14 
-3.42634e-14 
-3.45537e-14 
-3.47822e-14 
-3.50504e-14 
-3.52074e-14 
-3.55338e-14 
-3.58944e-14 
-3.62206e-14 
-3.6598e-14 
-3.72199e-14 
-3.78817e-14 
-3.85306e-14 
-3.89653e-14 
-3.95152e-14 
-4.0101e-14 
-4.05376e-14 
-4.09633e-14 
-4.13409e-14 
-4.15399e-14 
-4.16042e-14 
-4.17847e-14 
-4.18081e-14 
-4.19874e-14 
-4.19381e-14 
-4.18942e-14 
-4.18633e-14 
-4.1881e-14 
-4.19221e-14 
-4.18066e-14 
-4.14774e-14 
-4.11693e-14 
-4.08607e-14 
-4.05986e-14 
-4.03238e-14 
-4.00759e-14 
-3.9905e-14 
-3.97479e-14 
-3.94861e-14 
-3.9211e-14 
-3.89791e-14 
-3.88053e-14 
-3.86983e-14 
-3.85403e-14 
-3.84347e-14 
-3.82819e-14 
-3.81528e-14 
-3.79973e-14 
-3.78584e-14 
-3.76988e-14 
-3.75414e-14 
-3.73842e-14 
-3.7228e-14 
-3.70639e-14 
-3.68915e-14 
-3.67088e-14 
-3.65246e-14 
-3.63336e-14 
-3.62472e-14 
-3.61711e-14 
-3.61223e-14 
-3.59502e-14 
-3.56801e-14 
-3.53887e-14 
-3.51516e-14 
-3.49728e-14 
-3.47708e-14 
-3.45423e-14 
-3.42837e-14 
-3.39914e-14 
-3.37913e-14 
-3.37217e-14 
-3.38222e-14 
-3.39905e-14 
-3.42893e-14 
-3.46309e-14 
-3.49855e-14 
-3.5338e-14 
-3.56191e-14 
-3.59484e-14 
-3.62204e-14 
-3.64454e-14 
-3.65972e-14 
-3.66603e-14 
-3.69021e-14 
-3.71156e-14 
-3.73854e-14 
-3.76125e-14 
-3.78034e-14 
-3.81658e-14 
-3.86217e-14 
-3.90231e-14 
-3.95556e-14 
-3.99502e-14 
-4.03036e-14 
-4.0812e-14 
-4.11831e-14 
-4.16618e-14 
-4.21378e-14 
-4.24845e-14 
-4.29497e-14 
-4.33547e-14 
-4.38506e-14 
-4.44367e-14 
-4.4948e-14 
-4.53996e-14 
-4.58661e-14 
-4.63727e-14 
-4.69159e-14 
-4.74839e-14 
-4.80251e-14 
-4.85571e-14 
-4.91096e-14 
-4.9656e-14 
-5.02137e-14 
-5.0771e-14 
-5.13238e-14 
-5.18775e-14 
-5.2462e-14 
-5.30606e-14 
-5.37126e-14 
-5.43998e-14 
-5.51432e-14 
-5.58083e-14 
-5.6425e-14 
-5.70102e-14 
-5.75017e-14 
-5.79354e-14 
-5.83109e-14 
-5.8737e-14 
-5.90373e-14 
-5.93611e-14 
-5.97498e-14 
-6.00089e-14 
-6.0192e-14 
-6.04107e-14 
-6.06236e-14 
-6.09997e-14 
-6.14168e-14 
-6.20387e-14 
-6.26502e-14 
-6.32631e-14 
-6.404e-14 
-6.48458e-14 
-6.57845e-14 
-6.69648e-14 
-6.80928e-14 
-6.89409e-14 
-6.97942e-14 
-7.05406e-14 
-7.1405e-14 
-7.22234e-14 
-7.30502e-14 
-7.40528e-14 
-7.4986e-14 
-7.57958e-14 
-7.65931e-14 
-7.74179e-14 
-7.85023e-14 
-7.95982e-14 
-8.07049e-14 
-8.17931e-14 
-8.27011e-14 
-8.36217e-14 
-8.46001e-14 
-8.55407e-14 
-8.64278e-14 
-8.7315e-14 
-8.82543e-14 
-8.91966e-14 
-9.01531e-14 
-9.11137e-14 
-9.20803e-14 
-9.30754e-14 
-9.40817e-14 
-9.50902e-14 
-9.60992e-14 
-9.71136e-14 
-9.81267e-14 
-9.91359e-14 
-1.0016e-13 
-1.01182e-13 
-1.02177e-13 
-1.03165e-13 
-1.04165e-13 
-1.05119e-13 
-1.06097e-13 
-1.07029e-13 
-1.07977e-13 
-1.08929e-13 
-1.09768e-13 
-1.10645e-13 
-1.11484e-13 
-1.1229e-13 
-1.13118e-13 
-1.13984e-13 
-1.14942e-13 
-1.15847e-13 
-1.16777e-13 
-1.17903e-13 
-1.19066e-13 
-1.20379e-13 
-1.21727e-13 
-1.23218e-13 
-1.24686e-13 
-1.26071e-13 
-1.2746e-13 
-1.29004e-13 
-1.3089e-13 
-1.32851e-13 
-1.34763e-13 
-1.36652e-13 
-1.38477e-13 
-1.40235e-13 
-1.42117e-13 
-1.43874e-13 
-1.45697e-13 
-1.47619e-13 
-1.49628e-13 
-1.51816e-13 
-1.5402e-13 
-1.56179e-13 
-1.58454e-13 
-1.60658e-13 
-1.6274e-13 
-1.64819e-13 
-1.66925e-13 
-1.69044e-13 
-1.71234e-13 
-1.73463e-13 
-1.75674e-13 
-1.78022e-13 
-1.803e-13 
-1.8259e-13 
-1.8485e-13 
-1.87104e-13 
-1.89347e-13 
-1.91607e-13 
-1.93886e-13 
-1.96176e-13 
-1.9846e-13 
-2.00744e-13 
-2.03036e-13 
-2.0531e-13 
-2.07588e-13 
-2.09855e-13 
-2.12133e-13 
-2.14363e-13 
-2.16595e-13 
-2.18874e-13 
-2.21161e-13 
-2.2345e-13 
-2.258e-13 
-2.28067e-13 
-2.30321e-13 
-2.32488e-13 
-2.34635e-13 
-2.36815e-13 
-2.38989e-13 
-2.41185e-13 
-2.43495e-13 
-2.45665e-13 
-2.47696e-13 
-2.49637e-13 
-2.51702e-13 
-2.53639e-13 
-2.55524e-13 
-2.57529e-13 
-2.59559e-13 
-2.61706e-13 
-2.63805e-13 
-2.65679e-13 
-2.67496e-13 
-2.69446e-13 
-2.71487e-13 
-2.73622e-13 
-2.75737e-13 
-2.77919e-13 
-2.80206e-13 
-2.82397e-13 
-2.84408e-13 
-2.86286e-13 
-2.88102e-13 
-2.89919e-13 
-2.91516e-13 
-2.93177e-13 
-2.94848e-13 
-2.96447e-13 
-2.98035e-13 
-2.99665e-13 
-3.01135e-13 
-3.025e-13 
-3.03867e-13 
-3.05239e-13 
-3.06626e-13 
-3.08004e-13 
-3.09383e-13 
-3.10799e-13 
-3.12252e-13 
-3.13715e-13 
-3.15199e-13 
