-0.00357143 
0.000878873 
0.00317048 
0.00592858 
0.00860271 
0.0106753 
0.0132498 
0.0149493 
0.0172961 
0.0187217 
0.0208077 
0.0219926 
0.0238075 
0.0247648 
0.0263041 
0.0270433 
0.0283069 
0.0288402 
0.0298342 
0.0301789 
0.0309176 
0.0310964 
0.0316032 
0.031643 
0.0319485 
0.0318784 
0.0320188 
0.0318679 
0.0318817 
0.0316776 
0.0316027 
0.0313697 
0.0312416 
0.0310002 
0.0308503 
0.0306169 
0.0304721 
0.0302593 
0.0301418 
0.0299404 
0.0298693 
0.0297189 
0.0297084 
0.0296034 
0.029661 
0.029602 
0.0297368 
0.0297251 
0.029943 
0.0299793 
0.0302834 
0.0303676 
0.0307587 
0.03089 
0.0313664 
0.0315428 
0.0321005 
0.0323193 
0.032952 
0.0332089 
0.0339081 
0.034198 
0.0349529 
0.0352697 
0.0360675 
0.0364039 
0.0372307 
0.0375787 
0.0384193 
0.0387704 
0.0396092 
0.0399546 
0.0407762 
0.0411073 
0.0418969 
0.0422055 
0.0429497 
0.0432283 
0.0439151 
0.0441571 
0.0447764 
0.0449762 
0.04552 
0.045673 
0.0461356 
0.0462387 
0.0466166 
0.0466683 
0.046961 
0.0469618 
0.0471721 
0.0471249 
0.0472592 
0.0471699 
0.0472388 
0.0471165 
0.0471347 
0.0469917 
0.0469779 
0.0468293 
0.0468051 
0.0466683 
0.0466573 
0.0465504 
0.0465761 
0.0465167 
0.0466013 
0.0466049 
0.046767 
0.0468459 
0.0470991 
0.047261 
0.0476131 
0.0478607 
0.0483129 
0.0486433 
0.0491902 
0.0495954 
0.0502251 
0.0506919 
0.0513873 
0.0518982 
0.0526372 
0.0531713 
0.0539283 
0.054462 
0.0552091 
0.0557176 
0.0564258 
0.056884 
0.0575249 
0.0579086 
0.0584554 
0.0587429 
0.0591722 
0.0593452 
0.0596378 
0.0596824 
0.0598245 
0.059732 
0.0597156 
0.0594828 
0.0593065 
0.058936 
0.0586044 
0.0581041 
0.057628 
0.057011 
0.0564066 
0.0556903 
0.0549784 
0.0541841 
0.0533897 
0.0525417 
0.0516932 
0.0508182 
0.0499466 
0.0490729 
0.0482098 
0.0473675 
0.0465468 
0.0457662 
0.045022 
0.044333 
0.043699 
0.04313 
0.0426379 
0.0422149 
0.0418941 
0.0416381 
0.0415098 
0.0414373 
0.0415182 
0.0416379 
0.0419363 
0.0422484 
0.0427628 
0.0432583 
0.0439765 
0.0446362 
0.0455356 
0.0463308 
0.0473781 
0.0482717 
0.049425 
0.0503733 
0.0515841 
0.0525397 
0.053756 
0.054671 
0.0558407 
0.0566702 
0.0577448 
0.0584498 
0.0593876 
0.059938 
0.0607068 
0.0610828 
0.0616617 
0.0618545 
0.0622341 
0.0622457 
0.0624279 
0.0622692 
0.0622655 
0.0619549 
0.061784 
0.0613446 
0.0610303 
0.0604875 
0.0600562 
0.0594357 
0.0589141 
0.0582402 
0.0576539 
0.0569481 
0.0563202 
0.0556008 
0.0549517 
0.0542334 
0.0535803 
0.0528743 
0.0522317 
0.0515464 
0.0509261 
0.0502672 
0.0496793 
0.0490504 
0.0485034 
0.0479069 
0.0474083 
0.0468454 
0.0464019 
0.0458736 
0.0454916 
0.0449984 
0.0446837 
0.0442266 
0.0439845 
0.0435647 
0.0433999 
0.0430189 
0.0429349 
0.0425946 
0.0425938 
0.042296 
0.042379 
0.0421255 
0.0422908 
0.0420827 
0.0423265 
0.042164 
0.0424799 
0.0423622 
0.0427411 
0.0426658 
0.0430965 
0.0430596 
0.043529 
0.0435252 
0.0440189 
0.0440414 
0.0445447 
0.0445858 
0.0450841 
0.0451355 
0.0456154 
0.0456684 
0.046118 
0.0461642 
0.0465735 
0.0466048 
0.0469658 
0.0469749 
0.0472819 
0.0472625 
0.0475118 
0.0474592 
0.0476498 
0.0475612 
0.0476947 
0.0475698 
0.0476512 
0.047493 
0.047531 
0.0473462 
0.0473535 
0.0471524 
0.0471462 
0.0469425 
0.0469436 
0.0467538 
0.0467856 
0.046628 
0.0467149 
0.0466079 
0.0467734 
0.0467339 
0.0469989 
0.0470406 
0.047421 
0.0475532 
0.0480587 
0.0482852 
0.0489179 
0.0492364 
0.0499905 
0.0503926 
0.0512544 
0.0517257 
0.0526738 
0.053195 
0.0542018 
0.054749 
0.0557816 
0.0563284 
0.0573507 
0.0578687 
0.0588428 
0.0593039 
0.0601926 
0.0605699 
0.0613383 
0.0616078 
0.0622253 
0.0623672 
0.0628089 
0.0628084 
0.0630565 
0.0629046 
0.0629494 
0.0626434 
0.062483 
0.0620264 
0.0616675 
0.0610699 
0.060527 
0.0598038 
0.0590987 
0.0582705 
0.0574315 
0.0565238 
0.0555938 
0.0546238 
0.0536518 
0.0525722 
0.0516306 
0.0506086 
0.0496835 
0.0487245 
0.0478693 
0.0470145 
0.0462719 
0.0455685 
0.044977 
0.0444703 
0.0440661 
0.0437904 
0.043608 
0.0435961 
0.0436619 
0.0439406 
0.0444015 
0.0449567 
0.0456506 
0.0465168 
0.0474966 
0.0486578 
0.0499076 
0.0513363 
0.0528222 
0.0544773 
0.0561503 
0.0579771 
0.0597754 
0.0617079 
0.0635608 
0.065525 
0.067357 
0.0692758 
0.0710118 
0.0728097 
0.0743808 
0.0759892 
0.0773367 
0.0786988 
0.0797784 
0.0808526 
0.0816363 
0.0823984 
0.0828753 
0.0833187 
0.0834942 
0.083629 
0.0835223 
0.0833726 
0.0830137 
0.0826143 
0.0820408 
0.0814331 
0.0806868 
0.0799155 
0.0790388 
0.0781486 
0.0771829 
0.0762163 
0.0751998 
0.0741952 
0.0731623 
0.0721538 
0.0711345 
0.0701513 
0.0691459 
0.0682102 
0.0672748 
0.0664293 
0.0655734 
0.0648176 
0.0640533 
0.0634035 
0.0627411 
0.0622102 
0.0616576 
0.0612555 
0.0608185 
0.0605521 
0.0602338 
0.0601068 
0.0599076 
0.0599202 
0.0598382 
0.059987 
0.060017 
0.0602949 
0.0604292 
0.0608251 
0.0610531 
0.0615525 
0.0618609 
0.0624459 
0.0628189 
0.0634687 
0.0638888 
0.0645806 
0.0650285 
0.0657379 
0.0661936 
0.0668962 
0.0673393 
0.0680109 
0.0684215 
0.0690396 
0.069399 
0.0699435 
0.0702346 
0.0706882 
0.0708964 
0.0712456 
0.0713591 
0.0715944 
0.071605 
0.0717212 
0.0716244 
0.0716211 
0.071417 
0.0712988 
0.0709925 
0.0707692 
0.0703711 
0.070058 
0.0695837 
0.0692015 
0.0686721 
0.0682462 
0.0676872 
0.0672468 
0.0666872 
0.0662639 
0.0657338 
0.0653595 
0.0648888 
0.0645935 
0.0642091 
0.0640187 
0.0637426 
0.0636768 
0.0635245 
0.0635956 
0.0635747 
0.0637867 
0.0638969 
0.0642455 
0.0644785 
0.0649514 
0.0652917 
0.0658698 
0.0662959 
0.0669544 
0.0674401 
0.0681496 
0.0686654 
