-0.00454545 
-0.000778068 
0.000155354 
0.00290412 
0.00409229 
0.00637874 
0.00753241 
0.00954545 
0.0105783 
0.0123786 
0.0132647 
0.0148665 
0.015597 
0.0169973 
0.0175697 
0.0187599 
0.019176 
0.0201485 
0.0204146 
0.0211675 
0.0212951 
0.0218345 
0.0218394 
0.022181 
0.0220829 
0.0222508 
0.0220718 
0.0220972 
0.0218609 
0.0217793 
0.0215094 
0.0213583 
0.0210778 
0.0208942 
0.0206245 
0.0204432 
0.0202035 
0.0200562 
0.0198632 
0.0197479 
0.0196266 
0.0196179 
0.0195637 
0.0196679 
0.0196905 
0.0199181 
0.0200258 
0.0203874 
0.0205835 
0.0210861 
0.0213702 
0.0220168 
0.0223852 
0.0231739 
0.0236196 
0.0245437 
0.0250568 
0.0261047 
0.026672 
0.0278273 
0.0284334 
0.0296757 
0.030303 
0.031608 
0.032238 
0.0335789 
0.0341923 
0.0355408 
0.0361188 
0.0374461 
0.0379712 
0.0392491 
0.0397057 
0.040908 
0.041283 
0.0423862 
0.0426694 
0.0436539 
0.0438382 
0.0446883 
0.0447699 
0.0454748 
0.0454531 
0.0460068 
0.0458846 
0.0462862 
0.0460693 
0.0463234 
0.046021 
0.0461374 
0.0457616 
0.0457558 
0.0453218 
0.0452144 
0.0447398 
0.044556 
0.0440607 
0.0438292 
0.0433339 
0.0430861 
0.0426115 
0.0423788 
0.041944 
0.0417566 
0.0413782 
0.0412627 
0.0409531 
0.040931 
0.0406981 
0.0407844 
0.040631 
0.0408337 
0.0407576 
0.0410774 
0.041072 
0.0415025 
0.0415574 
0.0420864 
0.0421882 
0.0427981 
0.0429314 
0.0436006 
0.0437486 
0.0444526 
0.0445979 
0.0453101 
0.0454354 
0.0461285 
0.046217 
0.0468638 
0.0468998 
0.0474744 
0.0474442 
0.0479226 
0.0478145 
0.0481761 
0.0479812 
0.0482093 
0.0479219 
0.0480046 
0.0476221 
0.0475526 
0.0470762 
0.0468535 
0.0462878 
0.0459163 
0.0452693 
0.0447588 
0.0440415 
0.0434069 
0.0426331 
0.0418942 
0.0410802 
0.0402608 
0.0394255 
0.0385527 
0.0377138 
0.03682 
0.0360011 
0.0351203 
0.0343445 
0.0335138 
0.0328051 
0.0320636 
0.0314463 
0.0308341 
0.0303324 
0.029889 
0.0295243 
0.0292879 
0.02908 
0.0290831 
0.0290439 
0.0293138 
0.0294508 
0.0300054 
0.0303186 
0.0311643 
0.0316453 
0.0327748 
0.033406 
0.0347973 
0.0355522 
0.0371684 
0.0380122 
0.0398028 
0.0406944 
0.0425977 
0.0434922 
0.0454387 
0.0462903 
0.0482081 
0.0489734 
0.0507925 
0.0514332 
0.0530908 
0.0535768 
0.0550212 
0.0553317 
0.056525 
0.0566496 
0.0575695 
0.0575077 
0.0581475 
0.0579078 
0.0582744 
0.0578727 
0.0579852 
0.0574429 
0.057329 
0.0566708 
0.0563645 
0.055617 
0.0551555 
0.0543453 
0.0537669 
0.0529199 
0.0522626 
0.051403 
0.0507031 
0.0498533 
0.0491449 
0.048325 
0.0476398 
0.0468679 
0.0462349 
0.0455268 
0.0449723 
0.0443416 
0.0438889 
0.0433468 
0.0430158 
0.0425706 
0.0423777 
0.042035 
0.0419919 
0.0417542 
0.0418677 
0.041734 
0.0420056 
0.0419715 
0.0423966 
0.0424543 
0.0430225 
0.0431607 
0.0438556 
0.0440601 
0.0448599 
0.045114 
0.0459924 
0.0462775 
0.0472045 
0.0475011 
0.0484448 
0.0487331 
0.0496614 
0.0499227 
0.0508046 
0.0510217 
0.0518295 
0.0519881 
0.0526986 
0.0527873 
0.053383 
0.053394 
0.0538636 
0.0537928 
0.0541312 
0.0539779 
0.0541859 
0.053952 
0.0540356 
0.0537258 
0.0536944 
0.0533152 
0.0531814 
0.0527408 
0.052519 
0.0520262 
0.051732 
0.0511972 
0.0508472 
0.0502819 
0.0498933 
0.0493098 
0.0489007 
0.0483124 
0.0479013 
0.0473226 
0.0469285 
0.0463739 
0.0460155 
0.0454994 
0.0451944 
0.0447296 
0.0444939 
0.0440912 
0.0439374 
0.0436046 
0.0435415 
0.0432821 
0.0433138 
0.0431275 
0.0432527 
0.0431345 
0.0433469 
0.0432876 
0.0435759 
0.0435631 
0.0439114 
0.0439296 
0.0443185 
0.0443508 
0.0447584 
0.044787 
0.0451898 
0.0451972 
0.0455716 
0.0455416 
0.0458646 
0.0457829 
0.0460335 
0.0458883 
0.0460486 
0.0458308 
0.0458865 
0.04559 
0.0455311 
0.045153 
0.0449741 
0.0445147 
0.0442151 
0.0436773 
0.0432611 
0.0426509 
0.0421264 
0.0414522 
0.040832 
0.0401047 
0.0394049 
0.0386376 
0.0378775 
0.0370857 
0.0363091 
0.035492 
0.0346025 
0.033833 
0.0330397 
0.0322667 
0.0315301 
0.0308032 
0.0301336 
0.0294871 
0.028903 
0.0283671 
0.0278879 
0.0274916 
0.0271173 
0.0268918 
0.0266329 
0.0266037 
0.0264671 
0.0268477 
0.0267626 
0.0273219 
0.0273639 
0.0281844 
0.0283267 
0.0294094 
0.0296324 
0.0309603 
0.0312415 
0.0327829 
0.0330958 
0.034806 
0.0351208 
0.0369444 
0.0372305 
0.0391039 
0.0393321 
0.041188 
0.0413329 
0.0431045 
0.0431467 
0.0447729 
0.0447003 
0.0461295 
0.0459376 
0.0471318 
0.0468232 
0.0477595 
0.0473427 
0.0480139 
0.0475019 
0.0479156 
0.0473238 
0.0474999 
0.0468448 
0.0468121 
0.0461104 
0.0459032 
0.0451705 
0.0448254 
0.0440762 
0.0436295 
0.0428764 
0.042362 
0.0416166 
0.0410652 
0.0403372 
0.039776 
0.0390742 
0.0384889 
0.0378239 
0.0372858 
0.0366842 
0.0362018 
0.0356458 
0.035231 
0.0347293 
0.0343941 
0.0339522 
0.0337071 
0.0333286 
0.0331819 
0.0328683 
0.0328257 
0.0325762 
0.0326399 
0.0324512 
0.0326198 
0.0324861 
0.0327542 
0.0326672 
0.0330258 
0.0329755 
0.0334119 
0.0333867 
0.0338854 
0.0338733 
0.0344169 
0.034406 
0.0349761 
0.0349556 
0.0355339 
0.0354945 
0.0360641 
0.0359989 
0.036545 
0.0364493 
0.0369598 
0.0368315 
0.0372975 
0.0371365 
0.0375524 
0.0373601 
0.0377232 
0.0375021 
0.037812 
0.0375654 
0.0378236 
0.0375547 
0.0377641 
0.0374759 
0.0376403 
0.0373359 
0.0374598 
0.0371418 
0.0372306 
0.0369021 
0.0369621 
0.0366263 
0.0366646 
0.0363251 
0.0363503 
0.0360111 
0.0360325 
0.0356979 
0.0357252 
0.0353995 
0.0354425 
0.0351297 
0.0351974 
0.0349011 
0.0350013 
0.0347243 
0.0348628 
0.0346072 
0.0347879 
0.0345549 
0.034779 
0.0345686 
0.0348347 
0.0346462 
0.0349503 
0.0347813 
0.0351167 
0.0349637 
0.0353211 
0.0351788 
0.0355464 
