0.357143 
0.313721 
0.357143 
0.31376 
0.357142 
0.313807 
0.357141 
0.313865 
0.357138 
0.313932 
0.357135 
0.31401 
0.357132 
0.314096 
0.357127 
0.314193 
0.357122 
0.314298 
0.357117 
0.314414 
0.35711 
0.314538 
0.357103 
0.314672 
0.357095 
0.314814 
0.357086 
0.314965 
0.357076 
0.315125 
0.357066 
0.315294 
0.357055 
0.315471 
0.357044 
0.315656 
0.357031 
0.315849 
0.357018 
0.31605 
0.357004 
0.316259 
0.35699 
0.316475 
0.356974 
0.316698 
0.356958 
0.316929 
0.356942 
0.317167 
0.356924 
0.317411 
0.356906 
0.317662 
0.356887 
0.317919 
0.356867 
0.318183 
0.356847 
0.318452 
0.356826 
0.318727 
0.356804 
0.319007 
0.356781 
0.319293 
0.356758 
0.319584 
0.356734 
0.319879 
0.356709 
0.320179 
0.356684 
0.320484 
0.356657 
0.320792 
0.35663 
0.321105 
0.356603 
0.321421 
0.356574 
0.32174 
0.356545 
0.322063 
0.356515 
0.322388 
0.356485 
0.322717 
0.356453 
0.323048 
0.356421 
0.323381 
0.356389 
0.323716 
0.356355 
0.324053 
0.356321 
0.324391 
0.356286 
0.324731 
0.35625 
0.325072 
0.356214 
0.325414 
0.356177 
0.325757 
0.356139 
0.3261 
0.3561 
0.326443 
0.356061 
0.326787 
0.356021 
0.32713 
0.35598 
0.327473 
0.355939 
0.327815 
0.355896 
0.328157 
0.355853 
0.328497 
0.35581 
0.328837 
0.355765 
0.329175 
0.35572 
0.329511 
0.355674 
0.329846 
0.355628 
0.330179 
0.35558 
0.33051 
0.355532 
0.330839 
0.355484 
0.331165 
0.355434 
0.331489 
0.355384 
0.33181 
0.355333 
0.332128 
0.355281 
0.332443 
0.355229 
0.332755 
0.355176 
0.333063 
0.355122 
0.333368 
0.355068 
0.33367 
0.355012 
0.333968 
0.354956 
0.334262 
0.354899 
0.334552 
0.354842 
0.334838 
0.354784 
0.354754 
0.354725 
0.354695 
0.354665 
0.354635 
0.354605 
0.354575 
0.354544 
0.354513 
0.354482 
0.354451 
0.35442 
0.354388 
0.354356 
0.354324 
0.354292 
0.35426 
0.354228 
0.354195 
0.354162 
0.354129 
0.354096 
0.354063 
0.354029 
0.353996 
0.353962 
0.353928 
0.353893 
0.353859 
0.353824 
0.35379 
0.353755 
0.353719 
0.353684 
0.353649 
0.353613 
0.353577 
0.353541 
0.353505 
0.353468 
0.353432 
0.353395 
0.353358 
0.353321 
0.353284 
0.353246 
0.353208 
0.353171 
0.353133 
0.353094 
0.353056 
0.353017 
0.352979 
0.35294 
0.352901 
0.352861 
0.352822 
0.352782 
0.352742 
0.352702 
0.352662 
0.352622 
0.352581 
0.35254 
0.3525 
0.352458 
0.352417 
0.352376 
0.352334 
0.352292 
0.35225 
0.352208 
0.352166 
0.352123 
0.352081 
0.352038 
0.351995 
0.351951 
0.351908 
0.351864 
0.35182 
0.351777 
0.351732 
0.351688 
0.351644 
0.351599 
0.351554 
0.351509 
0.351464 
0.351418 
0.351373 
0.351327 
0.351281 
0.351235 
0.351189 
0.351142 
0.351095 
0.351049 
0.351002 
0.350954 
0.350907 
0.35086 
0.350812 
0.350764 
0.350716 
0.350668 
0.350619 
0.35057 
0.350522 
0.350473 
0.350424 
0.350374 
0.350325 
0.350275 
0.350225 
0.350175 
0.350125 
0.350074 
0.350024 
0.349973 
0.349922 
0.349871 
0.34982 
0.349768 
0.349716 
0.349665 
0.349613 
0.34956 
0.349508 
0.349455 
0.349403 
0.34935 
0.349297 
0.349243 
0.34919 
0.349136 
0.349083 
0.349029 
0.348974 
0.34892 
0.348866 
0.348811 
0.348756 
0.348701 
0.348646 
0.34859 
0.348535 
0.348479 
0.348423 
0.348367 
0.348311 
0.348254 
0.348198 
0.348141 
0.348084 
0.348027 
0.347969 
0.347912 
0.347854 
0.347796 
0.347738 
0.34768 
0.347621 
0.347563 
0.347504 
0.347445 
0.347386 
0.347327 
0.347267 
0.347207 
0.347148 
0.347088 
0.347027 
0.346967 
0.346906 
0.346846 
0.346785 
0.346724 
0.346662 
0.346601 
0.346539 
0.346478 
0.346416 
0.346354 
0.346291 
0.346229 
0.346166 
0.346103 
0.34604 
0.345977 
0.345914 
0.34585 
0.345786 
0.345722 
0.345658 
0.345594 
0.34553 
0.345465 
0.3454 
0.345335 
0.34527 
0.345205 
0.345139 
0.345074 
0.345008 
0.344942 
0.344876 
0.344809 
0.344743 
0.344676 
0.344609 
0.344542 
0.344475 
0.344407 
0.34434 
0.344272 
0.344204 
0.344136 
0.344067 
0.343999 
0.34393 
0.343861 
0.343792 
0.343723 
0.343654 
0.343584 
0.343515 
0.343445 
0.343375 
0.343304 
0.343234 
0.343163 
0.343093 
0.343022 
0.342951 
0.342879 
0.342808 
0.342736 
0.342664 
0.342593 
0.34252 
0.342448 
0.342376 
0.342303 
0.34223 
0.342157 
0.342084 
0.34201 
0.341937 
0.341863 
0.341789 
0.341715 
0.341641 
0.341566 
0.341492 
0.341417 
0.341342 
0.341267 
0.341192 
0.341116 
0.34104 
0.340965 
0.340889 
0.340812 
0.340736 
0.34066 
0.340583 
0.340506 
0.340429 
0.340352 
0.340274 
0.340197 
0.340119 
0.340041 
0.339963 
0.339885 
0.339806 
0.339728 
0.339649 
0.33957 
0.339491 
0.339412 
0.339332 
0.339253 
0.339173 
0.339093 
0.339013 
0.338932 
0.338852 
0.338771 
0.33869 
0.338609 
0.338528 
0.338447 
0.338365 
0.338283 
0.338202 
0.338119 
0.338037 
0.337955 
0.337872 
0.33779 
0.337707 
0.337623 
0.33754 
0.337457 
0.337373 
0.337289 
0.337205 
0.337121 
0.337037 
0.336953 
0.336868 
0.336783 
0.336698 
0.336613 
0.336528 
0.336442 
0.336356 
0.336271 
0.336185 
0.336098 
0.336012 
0.335925 
0.335839 
0.335752 
0.335665 
0.335578 
0.33549 
0.335403 
0.335315 
0.335227 
0.335139 
0.335051 
0.334962 
0.334874 
0.334785 
0.334696 
0.334607 
0.334518 
0.334428 
0.334339 
0.334249 
0.334159 
0.334069 
0.333979 
0.333888 
0.333797 
0.333707 
0.333616 
0.333524 
0.333433 
0.333342 
0.33325 
0.333158 
0.333066 
0.332974 
0.332882 
0.332789 
0.332697 
0.332604 
0.332511 
0.332418 
0.332324 
0.332231 
0.332137 
0.332043 
0.331949 
0.331855 
0.33176 
0.331666 
0.331571 
0.331476 
0.331381 
0.331286 
0.331191 
0.331095 
0.330999 
0.330904 
0.330807 
0.330711 
0.330615 
0.330518 
0.330422 
0.330325 
0.330228 
0.33013 
0.330033 
0.329935 
0.329838 
0.32974 
0.329642 
0.329543 
0.329445 
0.329346 
0.329248 
0.329149 
0.32905 
0.32895 
0.328851 
0.328751 
0.328652 
0.328552 
0.328452 
0.328351 
0.328251 
0.32815 
0.328049 
0.327949 
0.327847 
0.327746 
0.327645 
0.327543 
0.327441 
0.327339 
0.327237 
0.327135 
0.327033 
0.32693 
0.326827 
0.326724 
0.326621 
0.326518 
0.326415 
0.326311 
0.326207 
0.326103 
0.325999 
0.325895 
0.32579 
0.325686 
0.325581 
0.325476 
0.325371 
0.325266 
0.32516 
0.325055 
0.324949 
0.324843 
0.324737 
0.324631 
0.324524 
0.324418 
0.324311 
0.324204 
0.324097 
0.32399 
0.323882 
0.323775 
0.323667 
0.323559 
0.323451 
0.323343 
0.323234 
0.323126 
0.323017 
0.322908 
0.322799 
0.32269 
0.32258 
0.322471 
0.322361 
0.322251 
0.322141 
0.322031 
0.32192 
0.32181 
0.321699 
0.321588 
0.321477 
0.321366 
0.321255 
0.321143 
0.321031 
0.32092 
0.320808 
0.320695 
0.320583 
0.32047 
0.320358 
0.320245 
0.320132 
0.320019 
0.319905 
0.319792 
0.319678 
0.319564 
0.31945 
0.319336 
0.319222 
0.319108 
0.318993 
0.318878 
0.318763 
0.318648 
0.318533 
0.318417 
0.318302 
0.318186 
0.31807 
0.317954 
0.317838 
0.317721 
0.317605 
0.317488 
0.317371 
0.317254 
0.317137 
0.317019 
0.316902 
0.316784 
0.316666 
0.316548 
0.31643 
0.316311 
0.316193 
0.316074 
0.315955 
0.315836 
0.315717 
0.315598 
0.315478 
0.315359 
0.315239 
0.315119 
0.314999 
0.314878 
0.314758 
0.314637 
0.314517 
0.314396 
0.314275 
0.314153 
0.314032 
0.31391 
0.313789 
0.313667 
0.313545 
0.313422 
0.3133 
0.313177 
0.313055 
0.312932 
0.312809 
0.312686 
0.312562 
0.312439 
0.312315 
0.312191 
0.312067 
0.311943 
0.311819 
0.311694 
0.31157 
0.311445 
0.31132 
0.311195 
0.31107 
0.310944 
0.310819 
0.310693 
0.310567 
0.310441 
0.310315 
0.310189 
0.310062 
0.309935 
0.309809 
0.309682 
0.309554 
0.309427 
0.3093 
0.309172 
0.309044 
0.308916 
0.308788 
0.30866 
0.308532 
0.308403 
0.308274 
0.308145 
0.308016 
0.307887 
0.307758 
0.307628 
0.307499 
0.307369 
0.307239 
0.307109 
0.306978 
0.306848 
0.306717 
0.306587 
0.306456 
0.306325 
0.306193 
0.306062 
0.30593 
0.305799 
0.305667 
0.305535 
0.305403 
0.30527 
0.305138 
0.305005 
0.304872 
0.304739 
0.304606 
0.304473 
0.30434 
0.304206 
0.304072 
0.303938 
0.303804 
0.30367 
0.303536 
0.303401 
0.303267 
0.303132 
0.302997 
0.302862 
0.302727 
0.302591 
0.302456 
0.30232 
0.302184 
0.302048 
0.301912 
0.301775 
0.301639 
0.301502 
0.301365 
0.301228 
0.301091 
0.300954 
0.300817 
0.300679 
0.300541 
0.300403 
0.300265 
0.300127 
0.299989 
0.29985 
0.299712 
0.299573 
0.299434 
0.299295 
0.299155 
0.299016 
0.298876 
0.298737 
0.298597 
0.298457 
0.298317 
0.298176 
0.298036 
0.297895 
0.297754 
0.297613 
0.297472 
0.297331 
0.29719 
0.297048 
0.296906 
0.296765 
0.296623 
0.29648 
0.296338 
0.296196 
0.296053 
0.29591 
0.295767 
0.295624 
0.295481 
0.295338 
0.295194 
0.295051 
0.294907 
0.294763 
0.294619 
0.294474 
0.29433 
0.294185 
0.294041 
0.293896 
0.293751 
0.293606 
0.29346 
0.293315 
0.293169 
0.293023 
0.292877 
0.292731 
0.292585 
0.292439 
0.292292 
0.292146 
0.291999 
0.291852 
0.291705 
0.291558 
0.29141 
0.291263 
0.291115 
0.290967 
0.290819 
0.290671 
0.290523 
0.290374 
0.290226 
0.290077 
0.289928 
0.289779 
0.28963 
0.28948 
0.289331 
0.289181 
0.289031 
0.288882 
0.288731 
0.288581 
0.288431 
0.28828 
0.28813 
0.287979 
0.287828 
0.287677 
0.287526 
0.287374 
0.287223 
0.287071 
0.286919 
0.286767 
0.286615 
0.286463 
0.28631 
0.286158 
0.286005 
0.285852 
0.285699 
0.285546 
0.285393 
0.285239 
0.285086 
0.284932 
0.284778 
0.284624 
0.28447 
0.284316 
0.284161 
0.284007 
0.283852 
0.283697 
0.283542 
0.283387 
0.283231 
0.283076 
0.28292 
0.282765 
0.282609 
0.282453 
0.282296 
0.28214 
0.281984 
0.281827 
0.28167 
0.281513 
0.281356 
0.281199 
0.281042 
0.280884 
0.280727 
0.280569 
0.280411 
0.280253 
0.280095 
0.279936 
0.279778 
0.279619 
0.27946 
0.279302 
0.279142 
0.278983 
0.278824 
0.278664 
0.278505 
0.278345 
0.278185 
0.278025 
0.277865 
0.277705 
0.277544 
0.277383 
0.277223 
0.277062 
0.276901 
0.27674 
0.276578 
0.276417 
0.276255 
0.276093 
0.275932 
0.275769 
0.275607 
0.275445 
0.275283 
0.27512 
0.274957 
0.274794 
0.274631 
0.274468 
0.274305 
0.274141 
0.273978 
0.273814 
0.27365 
0.273486 
0.273322 
0.273158 
0.272994 
0.272829 
0.272664 
0.272499 
0.272334 
0.272169 
0.272004 
0.271839 
0.271673 
0.271508 
0.271342 
0.271176 
0.27101 
0.270844 
0.270677 
0.270511 
0.270344 
0.270177 
0.27001 
0.269843 
0.269676 
0.269509 
0.269341 
0.269174 
0.269006 
0.268838 
0.26867 
0.268502 
0.268334 
0.268165 
0.267997 
0.267828 
0.267659 
0.26749 
0.267321 
0.267152 
0.266983 
0.266813 
0.266643 
0.266474 
0.266304 
0.266134 
0.265964 
0.265793 
0.265623 
0.265452 
0.265281 
0.265111 
0.26494 
0.264768 
0.264597 
0.264426 
0.264254 
0.264083 
0.263911 
0.263739 
0.263567 
0.263394 
0.263222 
0.26305 
0.262877 
0.262704 
0.262531 
0.262358 
0.262185 
0.262012 
0.261839 
0.261665 
0.261491 
0.261317 
0.261143 
0.260969 
0.260795 
0.260621 
0.260446 
0.260272 
0.260097 
0.259922 
0.259747 
0.259572 
0.259397 
0.259221 
0.259046 
0.25887 
0.258694 
0.258518 
0.258342 
0.258166 
0.25799 
0.257813 
0.257637 
0.25746 
0.257283 
0.257106 
0.256929 
0.256752 
0.256574 
0.256397 
0.256219 
0.256041 
0.255863 
0.255685 
0.255507 
0.255329 
0.25515 
0.254972 
0.254793 
0.254614 
0.254435 
0.254256 
0.254077 
0.253898 
0.253718 
0.253539 
0.253359 
0.253179 
0.252999 
0.252819 
0.252639 
0.252458 
0.252278 
0.252097 
0.251916 
0.251735 
0.251554 
0.251373 
0.251192 
0.251011 
0.250829 
0.250647 
0.250466 
0.250284 
0.250102 
0.24992 
0.249737 
0.249555 
0.249372 
0.24919 
0.249007 
0.248824 
0.248641 
0.248458 
0.248274 
0.248091 
0.247907 
0.247724 
0.24754 
0.247356 
0.247172 
0.246988 
0.246803 
0.246619 
0.246434 
0.246249 
0.246065 
0.24588 
0.245695 
0.245509 
0.245324 
0.245139 
0.244953 
0.244767 
0.244581 
0.244396 
0.244209 
0.244023 
0.243837 
0.24365 
0.243464 
0.243277 
0.24309 
0.242903 
0.242716 
0.242529 
0.242342 
0.242154 
0.241967 
0.241779 
0.241591 
0.241403 
0.241215 
0.241027 
0.240839 
0.24065 
0.240462 
0.240273 
0.240084 
0.239895 
0.239706 
0.239517 
0.239328 
0.239138 
0.238949 
0.238759 
0.238569 
0.23838 
0.23819 
0.237999 
0.237809 
0.237619 
0.237428 
0.237238 
0.237047 
0.236856 
0.236665 
0.236474 
0.236283 
0.236091 
0.2359 
0.235708 
0.235517 
0.235325 
0.235133 
0.234941 
0.234748 
0.234556 
0.234364 
0.234171 
0.233979 
0.233786 
0.233593 
0.2334 
0.233207 
0.233013 
0.23282 
0.232626 
0.232433 
0.232239 
0.232045 
0.231851 
0.231657 
0.231463 
0.231269 
0.231074 
0.23088 
0.230685 
0.23049 
0.230295 
0.2301 
0.229905 
0.22971 
0.229514 
0.229319 
0.229123 
0.228927 
0.228732 
0.228536 
0.22834 
0.228143 
0.227947 
0.227751 
0.227554 
0.227357 
0.227161 
0.226964 
0.226767 
0.226569 
0.226372 
0.226175 
0.225977 
0.22578 
0.225582 
0.225384 
0.225186 
0.224988 
0.22479 
0.224592 
0.224393 
0.224195 
0.223996 
0.223797 
0.223599 
0.2234 
0.2232 
0.223001 
0.222802 
0.222603 
0.222403 
0.222203 
0.222004 
0.221804 
0.221604 
0.221404 
0.221203 
0.221003 
0.220803 
0.220602 
0.220401 
0.220201 
0.22 
0.219799 
0.219597 
0.219396 
0.219195 
0.218993 
0.218792 
0.21859 
0.218388 
0.218186 
0.217984 
0.217782 
0.21758 
0.217378 
0.217175 
0.216973 
0.21677 
0.216567 
0.216364 
0.216161 
0.215958 
0.215755 
0.215552 
0.215348 
0.215145 
0.214941 
0.214737 
0.214533 
0.214329 
0.214125 
0.213921 
0.213717 
0.213512 
0.213308 
0.213103 
0.212898 
0.212693 
0.212488 
0.212283 
0.212078 
0.211873 
0.211667 
0.211462 
0.211256 
0.21105 
0.210845 
0.210639 
0.210433 
0.210226 
0.21002 
0.209814 
0.209607 
0.209401 
0.209194 
0.208987 
0.20878 
0.208573 
0.208366 
0.208159 
0.207951 
0.207744 
0.207536 
0.207329 
0.207121 
0.206913 
0.206705 
0.206497 
0.206289 
0.206081 
0.205872 
0.205664 
0.205455 
0.205246 
0.205037 
0.204829 
0.20462 
0.20441 
0.204201 
0.203992 
0.203782 
0.203573 
0.203363 
0.203153 
0.202944 
0.202734 
0.202524 
0.202313 
0.202103 
0.201893 
0.201682 
0.201472 
0.201261 
0.20105 
0.200839 
0.200628 
0.200417 
0.200206 
0.199995 
0.199783 
0.199572 
0.19936 
0.199148 
0.198937 
0.198725 
0.198513 
0.198301 
0.198088 
0.197876 
0.197664 
0.197451 
0.197238 
0.197026 
0.196813 
0.1966 
0.196387 
0.196174 
0.195961 
0.195747 
0.195534 
0.19532 
0.195107 
0.194893 
0.194679 
0.194465 
0.194251 
0.194037 
0.193823 
0.193609 
0.193394 
0.19318 
0.192965 
0.19275 
0.192536 
0.192321 
0.192106 
0.191891 
0.191675 
0.19146 
0.191245 
0.191029 
0.190814 
0.190598 
0.190382 
0.190166 
0.18995 
0.189734 
0.189518 
0.189302 
0.189085 
0.188869 
0.188652 
0.188436 
0.188219 
0.188002 
0.187785 
0.187568 
0.187351 
0.187134 
0.186916 
0.186699 
0.186481 
0.186264 
0.186046 
0.185828 
0.18561 
0.185392 
0.185174 
0.184956 
0.184738 
0.18452 
0.184301 
0.184083 
0.183864 
0.183645 
0.183426 
0.183207 
0.182988 
0.182769 
0.18255 
0.182331 
0.182111 
0.181892 
0.181672 
0.181453 
0.181233 
0.181013 
0.180793 
0.180573 
0.180353 
0.180133 
0.179912 
0.179692 
0.179471 
0.179251 
0.17903 
0.178809 
0.178588 
0.178367 
0.178146 
0.177925 
0.177704 
0.177483 
0.177261 
0.17704 
0.176818 
0.176596 
0.176375 
0.176153 
0.175931 
0.175709 
0.175487 
0.175264 
0.175042 
0.17482 
0.174597 
0.174375 
0.174152 
0.173929 
0.173706 
0.173483 
0.17326 
0.173037 
0.172814 
0.172591 
0.172367 
0.172144 
0.17192 
0.171697 
0.171473 
0.171249 
0.171025 
0.170801 
0.170577 
0.170353 
0.170129 
0.169904 
0.16968 
0.169455 
0.169231 
0.169006 
0.168781 
0.168557 
0.168332 
0.168107 
0.167881 
0.167656 
0.167431 
0.167206 
0.16698 
0.166755 
0.166529 
0.166303 
0.166077 
0.165852 
0.165626 
0.165399 
0.165173 
0.164947 
0.164721 
0.164494 
0.164268 
0.164041 
0.163815 
0.163588 
0.163361 
0.163134 
0.162907 
0.16268 
0.162453 
0.162226 
0.161999 
0.161771 
0.161544 
0.161316 
0.161089 
0.160861 
0.160633 
0.160405 
0.160177 
0.159949 
0.159721 
0.159493 
0.159265 
0.159036 
0.158808 
0.158579 
0.158351 
0.158122 
0.157893 
0.157664 
0.157435 
0.157206 
0.156977 
0.156748 
0.156519 
0.156289 
0.15606 
0.15583 
0.155601 
0.155371 
0.155141 
0.154912 
0.154682 
0.154452 
0.154222 
0.153992 
0.153761 
0.153531 
0.153301 
0.15307 
0.15284 
0.152609 
0.152379 
0.152148 
0.151917 
0.151686 
0.151455 
0.151224 
0.150993 
0.150762 
0.15053 
0.150299 
0.150067 
0.149836 
0.149604 
0.149373 
0.149141 
0.148909 
0.148677 
0.148445 
0.148213 
0.147981 
0.147749 
0.147516 
0.147284 
0.147052 
0.146819 
0.146587 
0.146354 
0.146121 
0.145888 
0.145655 
0.145423 
0.145189 
0.144956 
0.144723 
0.14449 
0.144257 
0.144023 
0.14379 
0.143556 
0.143323 
0.143089 
0.142855 
0.142621 
0.142387 
0.142153 
0.141919 
0.141685 
0.141451 
0.141217 
0.140982 
0.140748 
0.140513 
0.140279 
0.140044 
0.13981 
0.139575 
0.13934 
0.139105 
0.13887 
0.138635 
0.1384 
0.138165 
0.137929 
0.137694 
0.137459 
0.137223 
0.136987 
0.136752 
0.136516 
0.13628 
0.136045 
0.135809 
0.135573 
0.135337 
0.135101 
0.134864 
0.134628 
0.134392 
0.134155 
0.133919 
0.133682 
0.133446 
0.133209 
0.132972 
0.132736 
0.132499 
0.132262 
0.132025 
0.131788 
0.131551 
0.131313 
0.131076 
0.130839 
0.130601 
0.130364 
0.130126 
0.129889 
0.129651 
0.129413 
0.129176 
0.128938 
0.1287 
0.128462 
0.128224 
0.127986 
0.127748 
0.127509 
0.127271 
0.127033 
0.126794 
0.126556 
0.126317 
0.126078 
0.12584 
0.125601 
0.125362 
0.125123 
0.124884 
0.124645 
0.124406 
0.124167 
0.123928 
0.123688 
0.123449 
0.12321 
0.12297 
0.122731 
0.122491 
0.122251 
0.122012 
0.121772 
0.121532 
0.121292 
0.121052 
0.120812 
0.120572 
0.120332 
0.120092 
0.119851 
0.119611 
0.119371 
0.11913 
0.11889 
0.118649 
0.118408 
0.118168 
0.117927 
0.117686 
0.117445 
0.117204 
0.116963 
0.116722 
0.116481 
0.11624 
0.115999 
0.115757 
0.115516 
0.115275 
0.115033 
0.114792 
0.11455 
0.114308 
0.114067 
0.113825 
0.113583 
0.113341 
0.113099 
0.112857 
0.112615 
0.112373 
0.112131 
0.111889 
0.111646 
0.111404 
0.111162 
0.110919 
0.110677 
0.110434 
0.110191 
0.109949 
0.109706 
0.109463 
0.10922 
0.108977 
0.108734 
0.108491 
0.108248 
0.108005 
0.107762 
0.107519 
0.107276 
0.107032 
0.106789 
0.106545 
0.106302 
0.106058 
0.105815 
0.105571 
0.105327 
0.105083 
0.10484 
0.104596 
0.104352 
0.104108 
0.103864 
0.10362 
0.103375 
0.103131 
0.102887 
0.102643 
0.102398 
0.102154 
0.101909 
0.101665 
0.10142 
0.101176 
0.100931 
0.100686 
0.100441 
0.100197 
0.0999518 
0.0997068 
0.0994619 
0.0992168 
0.0989717 
0.0987266 
0.0984814 
0.0982362 
0.0979909 
0.0977456 
0.0975002 
0.0972547 
0.0970092 
0.0967637 
0.0965181 
0.0962725 
0.0960268 
0.0957811 
0.0955353 
0.0952895 
0.0950436 
0.0947977 
0.0945517 
0.0943057 
0.0940596 
0.0938135 
0.0935673 
0.0933211 
0.0930748 
0.0928285 
0.0925822 
0.0923357 
0.0920893 
0.0918428 
0.0915963 
0.0913497 
0.091103 
0.0908563 
0.0906096 
0.0903628 
0.090116 
0.0898691 
0.0896222 
0.0893752 
0.0891282 
0.0888812 
0.0886341 
0.0883869 
0.0881398 
0.0878925 
0.0876452 
0.0873979 
0.0871506 
0.0869031 
0.0866557 
0.0864082 
0.0861606 
0.085913 
0.0856654 
0.0854177 
0.08517 
0.0849223 
0.0846744 
0.0844266 
0.0841787 
0.0839308 
0.0836828 
0.0834348 
0.0831867 
0.0829386 
0.0826904 
0.0824423 
0.082194 
0.0819457 
0.0816974 
0.0814491 
0.0812007 
0.0809522 
0.0807037 
0.0804552 
0.0802067 
0.0799581 
0.0797094 
0.0794607 
0.079212 
0.0789632 
0.0787144 
0.0784656 
0.0782167 
0.0779677 
0.0777188 
0.0774698 
0.0772207 
0.0769716 
0.0767225 
0.0764733 
0.0762241 
0.0759749 
0.0757256 
0.0754763 
0.0752269 
0.0749775 
0.0747281 
0.0744786 
0.0742291 
0.0739796 
0.07373 
0.0734803 
0.0732307 
0.072981 
0.0727312 
0.0724815 
0.0722317 
0.0719818 
0.0717319 
0.071482 
0.071232 
0.070982 
0.070732 
0.070482 
0.0702318 
0.0699817 
0.0697315 
0.0694813 
0.0692311 
0.0689808 
0.0687305 
0.0684801 
0.0682297 
0.0679793 
0.0677289 
0.0674784 
0.0672279 
0.0669773 
0.0667267 
0.0664761 
0.0662254 
0.0659747 
0.065724 
0.0654732 
0.0652224 
0.0649716 
0.0647207 
0.0644698 
0.0642189 
0.063968 
0.063717 
0.0634659 
0.0632149 
0.0629638 
0.0627127 
0.0624615 
0.0622103 
0.0619591 
0.0617079 
0.0614566 
0.0612053 
0.0609539 
0.0607026 
0.0604511 
0.0601997 
0.0599482 
0.0596967 
0.0594452 
0.0591937 
0.0589421 
0.0586904 
0.0584388 
0.0581871 
0.0579354 
0.0576837 
0.0574319 
0.0571801 
0.0569283 
0.0566764 
0.0564245 
0.0561726 
0.0559207 
0.0556687 
0.0554167 
0.0551647 
0.0549126 
0.0546606 
0.0544085 
0.0541563 
0.0539041 
0.053652 
0.0533997 
0.0531475 
0.0528952 
0.0526429 
0.0523906 
0.0521382 
0.0518858 
0.0516334 
0.051381 
0.0511285 
0.050876 
0.0506235 
0.050371 
0.0501184 
0.0498658 
0.0496132 
0.0493606 
0.0491079 
0.0488552 
0.0486025 
0.0483498 
0.048097 
0.0478442 
0.0475914 
0.0473386 
0.0470857 
0.0468328 
0.0465799 
0.046327 
0.046074 
0.045821 
0.045568 
0.045315 
0.0450619 
0.0448089 
0.0445558 
0.0443026 
0.0440495 
0.0437963 
0.0435431 
0.0432899 
0.0430367 
0.0427834 
0.0425302 
0.0422769 
0.0420236 
0.0417702 
0.0415169 
0.0412635 
0.0410101 
0.0407566 
0.0405032 
0.0402497 
0.0399962 
0.0397427 
0.0394892 
0.0392357 
0.0389821 
0.0387285 
0.0384749 
0.0382213 
0.0379676 
0.037714 
0.0374603 
0.0372066 
0.0369528 
0.0366991 
0.0364453 
0.0361916 
0.0359378 
0.0356839 
0.0354301 
0.0351763 
0.0349224 
0.0346685 
0.0344146 
0.0341607 
0.0339067 
0.0336528 
0.0333988 
0.0331448 
0.0328908 
0.0326368 
0.0323827 
0.0321287 
0.0318746 
0.0316205 
0.0313664 
0.0311123 
0.0308581 
0.030604 
0.0303498 
0.0300956 
0.0298414 
0.0295872 
0.029333 
0.0290787 
0.0288244 
0.0285702 
0.0283159 
0.0280616 
0.0278073 
0.0275529 
0.0272986 
0.0270442 
0.0267898 
0.0265354 
0.026281 
0.0260266 
0.0257722 
0.0255177 
0.0252633 
0.0250088 
0.0247543 
0.0244998 
0.0242453 
0.0239908 
0.0237363 
0.0234817 
0.0232272 
0.0229726 
0.022718 
0.0224634 
0.0222088 
0.0219542 
0.0216996 
0.021445 
0.0211903 
0.0209357 
0.020681 
0.0204263 
0.0201716 
0.0199169 
0.0196622 
0.0194075 
0.0191528 
0.018898 
0.0186433 
0.0183885 
0.0181337 
0.017879 
0.0176242 
0.0173694 
0.0171146 
0.0168598 
0.0166049 
0.0163501 
0.0160953 
0.0158404 
0.0155856 
0.0153307 
0.0150758 
0.014821 
0.0145661 
0.0143112 
0.0140563 
0.0138014 
0.0135465 
0.0132915 
0.0130366 
0.0127817 
0.0125267 
0.0122718 
0.0120168 
0.0117619 
0.0115069 
0.0112519 
0.0109969 
0.010742 
0.010487 
0.010232 
0.00997698 
0.00972198 
0.00946697 
0.00921195 
0.00895693 
0.00870191 
0.00844688 
0.00819185 
0.00793681 
0.00768177 
0.00742672 
0.00717168 
0.00691662 
0.00666157 
0.00640651 
0.00615145 
0.00589638 
0.00564131 
0.00538624 
0.00513116 
0.00487609 
0.00462101 
0.00436593 
0.00411084 
0.00385576 
0.00360067 
0.00334558 
0.00309049 
0.00283539 
0.0025803 
0.0023252 
0.00207011 
0.00181501 
0.00155991 
0.00130481 
0.00104971 
0.000794606 
0.000539504 
0.000284402 
2.93004e-05 
-0.000225802 
-0.000480904 
-0.000736005 
-0.000991107 
-0.00124621 
-0.00150131 
-0.00175641 
-0.00201151 
-0.0022666 
-0.0025217 
-0.00277679 
-0.00303189 
-0.00328698 
-0.00354207 
-0.00379716 
-0.00405225 
-0.00430733 
-0.00456241 
-0.00481749 
-0.00507257 
-0.00532764 
-0.00558272 
-0.00583779 
-0.00609285 
-0.00634792 
-0.00660298 
-0.00685803 
-0.00711309 
-0.00736814 
-0.00762318 
-0.00787822 
-0.00813326 
-0.0083883 
-0.00864333 
-0.00889835 
-0.00915337 
-0.00940839 
-0.0096634 
-0.0099184 
-0.0101734 
-0.0104284 
-0.0106834 
-0.0109384 
-0.0111934 
-0.0114483 
-0.0117033 
-0.0119583 
-0.0122132 
-0.0124682 
-0.0127231 
-0.012978 
-0.013233 
-0.0134879 
-0.0137428 
-0.0139977 
-0.0142526 
-0.0145075 
-0.0147624 
-0.0150173 
-0.0152722 
-0.015527 
-0.0157819 
-0.0160367 
-0.0162916 
-0.0165464 
-0.0168012 
-0.017056 
-0.0173109 
-0.0175657 
-0.0178204 
-0.0180752 
-0.01833 
-0.0185848 
-0.0188395 
-0.0190942 
-0.019349 
-0.0196037 
-0.0198584 
-0.0201131 
-0.0203678 
-0.0206225 
-0.0208772 
-0.0211318 
-0.0213865 
-0.0216411 
-0.0218957 
-0.0221504 
-0.022405 
-0.0226596 
-0.0229141 
-0.0231687 
-0.0234233 
-0.0236778 
-0.0239323 
-0.0241869 
-0.0244414 
-0.0246959 
-0.0249504 
-0.0252048 
-0.0254593 
-0.0257137 
-0.0259682 
-0.0262226 
-0.026477 
-0.0267314 
-0.0269858 
-0.0272401 
-0.0274945 
-0.0277488 
-0.0280032 
-0.0282575 
-0.0285118 
-0.028766 
-0.0290203 
-0.0292746 
-0.0295288 
-0.029783 
-0.0300372 
-0.0302914 
-0.0305456 
-0.0307997 
-0.0310539 
-0.031308 
-0.0315621 
-0.0318162 
-0.0320703 
-0.0323244 
-0.0325784 
-0.0328324 
-0.0330865 
-0.0333404 
-0.0335944 
-0.0338484 
-0.0341023 
-0.0343563 
-0.0346102 
-0.0348641 
-0.0351179 
-0.0353718 
-0.0356256 
-0.0358795 
-0.0361333 
-0.036387 
-0.0366408 
-0.0368946 
-0.0371483 
-0.037402 
-0.0376557 
-0.0379094 
-0.038163 
-0.0384166 
-0.0386702 
-0.0389238 
-0.0391774 
-0.039431 
-0.0396845 
-0.039938 
-0.0401915 
-0.040445 
-0.0406984 
-0.0409519 
-0.0412053 
-0.0414587 
-0.041712 
-0.0419654 
-0.0422187 
-0.042472 
-0.0427253 
-0.0429785 
-0.0432318 
-0.043485 
-0.0437382 
-0.0439913 
-0.0442445 
-0.0444976 
-0.0447507 
-0.0450038 
-0.0452569 
-0.0455099 
-0.0457629 
-0.0460159 
-0.0462689 
-0.0465218 
-0.0467747 
-0.0470276 
-0.0472805 
-0.0475333 
-0.0477861 
-0.0480389 
-0.0482917 
-0.0485445 
-0.0487972 
-0.0490499 
-0.0493025 
-0.0495552 
-0.0498078 
-0.0500604 
-0.050313 
-0.0505655 
-0.050818 
-0.0510705 
-0.051323 
-0.0515754 
-0.0518279 
-0.0520802 
-0.0523326 
-0.0525849 
-0.0528373 
-0.0530895 
-0.0533418 
-0.053594 
-0.0538462 
-0.0540984 
-0.0543505 
-0.0546027 
-0.0548547 
-0.0551068 
-0.0553588 
-0.0556108 
-0.0558628 
-0.0561148 
-0.0563667 
-0.0566186 
-0.0568704 
-0.0571223 
-0.0573741 
-0.0576258 
-0.0578776 
-0.0581293 
-0.058381 
-0.0586326 
-0.0588843 
-0.0591359 
-0.0593874 
-0.059639 
-0.0598905 
-0.0601419 
-0.0603934 
-0.0606448 
-0.0608962 
-0.0611475 
-0.0613989 
-0.0616501 
-0.0619014 
-0.0621526 
-0.0624038 
-0.062655 
-0.0629061 
-0.0631572 
-0.0634083 
-0.0636593 
-0.0639103 
-0.0641613 
-0.0644122 
-0.0646631 
-0.064914 
-0.0651648 
-0.0654156 
-0.0656664 
-0.0659171 
-0.0661678 
-0.0664185 
-0.0666691 
-0.0669197 
-0.0671703 
-0.0674208 
-0.0676713 
-0.0679218 
-0.0681722 
-0.0684226 
-0.068673 
-0.0689233 
-0.0691736 
-0.0694238 
-0.0696741 
-0.0699242 
-0.0701744 
-0.0704245 
-0.0706746 
-0.0709246 
-0.0711746 
-0.0714246 
-0.0716745 
-0.0719244 
-0.0721743 
-0.0724241 
-0.0726739 
-0.0729236 
-0.0731733 
-0.073423 
-0.0736726 
-0.0739222 
-0.0741718 
-0.0744213 
-0.0746708 
-0.0749202 
-0.0751696 
-0.075419 
-0.0756683 
-0.0759176 
-0.0761669 
-0.0764161 
-0.0766653 
-0.0769144 
-0.0771635 
-0.0774126 
-0.0776616 
-0.0779106 
-0.0781595 
-0.0784084 
-0.0786573 
-0.0789061 
-0.0791548 
-0.0794036 
-0.0796523 
-0.0799009 
-0.0801496 
-0.0803981 
-0.0806467 
-0.0808952 
-0.0811436 
-0.081392 
-0.0816404 
-0.0818887 
-0.082137 
-0.0823852 
-0.0826334 
-0.0828816 
-0.0831297 
-0.0833778 
-0.0836258 
-0.0838738 
-0.0841218 
-0.0843697 
-0.0846175 
-0.0848653 
-0.0851131 
-0.0853608 
-0.0856085 
-0.0858562 
-0.0861038 
-0.0863513 
-0.0865988 
-0.0868463 
-0.0870937 
-0.0873411 
-0.0875884 
-0.0878357 
-0.088083 
-0.0883302 
-0.0885773 
-0.0888244 
-0.0890715 
-0.0893185 
-0.0895655 
-0.0898124 
-0.0900593 
-0.0903061 
-0.0905529 
-0.0907997 
-0.0910464 
-0.091293 
-0.0915396 
-0.0917862 
-0.0920327 
-0.0922791 
-0.0925256 
-0.0927719 
-0.0930182 
-0.0932645 
-0.0935107 
-0.0937569 
-0.0940031 
-0.0942491 
-0.0944952 
-0.0947412 
-0.0949871 
-0.095233 
-0.0954788 
-0.0957246 
-0.0959704 
-0.0962161 
-0.0964617 
-0.0967073 
-0.0969528 
-0.0971983 
-0.0974438 
-0.0976892 
-0.0979345 
-0.0981798 
-0.0984251 
-0.0986703 
-0.0989154 
-0.0991605 
-0.0994056 
-0.0996506 
-0.0998955 
-0.10014 
-0.100385 
-0.10063 
-0.100875 
-0.101119 
-0.101364 
-0.101609 
-0.101853 
-0.102098 
-0.102342 
-0.102587 
-0.102831 
-0.103075 
-0.103319 
-0.103564 
-0.103808 
-0.104052 
-0.104296 
-0.10454 
-0.104784 
-0.105027 
-0.105271 
-0.105515 
-0.105759 
-0.106002 
-0.106246 
-0.106489 
-0.106733 
-0.106976 
-0.10722 
-0.107463 
-0.107706 
-0.107949 
-0.108193 
-0.108436 
-0.108679 
-0.108922 
-0.109165 
-0.109407 
-0.10965 
-0.109893 
-0.110136 
-0.110378 
-0.110621 
-0.110863 
-0.111106 
-0.111348 
-0.111591 
-0.111833 
-0.112075 
-0.112317 
-0.11256 
-0.112802 
-0.113044 
-0.113286 
-0.113527 
-0.113769 
-0.114011 
-0.114253 
-0.114494 
-0.114736 
-0.114978 
-0.115219 
-0.115461 
-0.115702 
-0.115943 
-0.116185 
-0.116426 
-0.116667 
-0.116908 
-0.117149 
-0.11739 
-0.117631 
-0.117872 
-0.118112 
-0.118353 
-0.118594 
-0.118834 
-0.119075 
-0.119315 
-0.119556 
-0.119796 
-0.120036 
-0.120277 
-0.120517 
-0.120757 
-0.120997 
-0.121237 
-0.121477 
-0.121717 
-0.121957 
-0.122196 
-0.122436 
-0.122676 
-0.122915 
-0.123155 
-0.123394 
-0.123633 
-0.123873 
-0.124112 
-0.124351 
-0.12459 
-0.124829 
-0.125068 
-0.125307 
-0.125546 
-0.125785 
-0.126024 
-0.126262 
-0.126501 
-0.126739 
-0.126978 
-0.127216 
-0.127455 
-0.127693 
-0.127931 
-0.128169 
-0.128407 
-0.128645 
-0.128883 
-0.129121 
-0.129359 
-0.129597 
-0.129834 
-0.130072 
-0.130309 
-0.130547 
-0.130784 
-0.131022 
-0.131259 
-0.131496 
-0.131733 
-0.13197 
-0.132207 
-0.132444 
-0.132681 
-0.132918 
-0.133155 
-0.133391 
-0.133628 
-0.133865 
-0.134101 
-0.134338 
-0.134574 
-0.13481 
-0.135046 
-0.135282 
-0.135518 
-0.135754 
-0.13599 
-0.136226 
-0.136462 
-0.136698 
-0.136933 
-0.137169 
-0.137404 
-0.13764 
-0.137875 
-0.138111 
-0.138346 
-0.138581 
-0.138816 
-0.139051 
-0.139286 
-0.139521 
-0.139756 
-0.13999 
-0.140225 
-0.14046 
-0.140694 
-0.140928 
-0.141163 
-0.141397 
-0.141631 
-0.141866 
-0.1421 
-0.142334 
-0.142568 
-0.142801 
-0.143035 
-0.143269 
-0.143503 
-0.143736 
-0.14397 
-0.144203 
-0.144436 
-0.14467 
-0.144903 
-0.145136 
-0.145369 
-0.145602 
-0.145835 
-0.146068 
-0.1463 
-0.146533 
-0.146766 
-0.146998 
-0.147231 
-0.147463 
-0.147695 
-0.147928 
-0.14816 
-0.148392 
-0.148624 
-0.148856 
-0.149088 
-0.149319 
-0.149551 
-0.149783 
-0.150014 
-0.150246 
-0.150477 
-0.150708 
-0.15094 
-0.151171 
-0.151402 
-0.151633 
-0.151864 
-0.152095 
-0.152326 
-0.152556 
-0.152787 
-0.153017 
-0.153248 
-0.153478 
-0.153709 
-0.153939 
-0.154169 
-0.154399 
-0.154629 
-0.154859 
-0.155089 
-0.155318 
-0.155548 
-0.155778 
-0.156007 
-0.156237 
-0.156466 
-0.156695 
-0.156925 
-0.157154 
-0.157383 
-0.157612 
-0.15784 
-0.158069 
-0.158298 
-0.158527 
-0.158755 
-0.158984 
-0.159212 
-0.15944 
-0.159669 
-0.159897 
-0.160125 
-0.160353 
-0.160581 
-0.160809 
-0.161036 
-0.161264 
-0.161491 
-0.161719 
-0.161946 
-0.162174 
-0.162401 
-0.162628 
-0.162855 
-0.163082 
-0.163309 
-0.163536 
-0.163763 
-0.163989 
-0.164216 
-0.164442 
-0.164669 
-0.164895 
-0.165121 
-0.165348 
-0.165574 
-0.1658 
-0.166026 
-0.166251 
-0.166477 
-0.166703 
-0.166928 
-0.167154 
-0.167379 
-0.167604 
-0.16783 
-0.168055 
-0.16828 
-0.168505 
-0.16873 
-0.168955 
-0.169179 
-0.169404 
-0.169628 
-0.169853 
-0.170077 
-0.170301 
-0.170526 
-0.17075 
-0.170974 
-0.171198 
-0.171422 
-0.171645 
-0.171869 
-0.172093 
-0.172316 
-0.172539 
-0.172763 
-0.172986 
-0.173209 
-0.173432 
-0.173655 
-0.173878 
-0.174101 
-0.174323 
-0.174546 
-0.174769 
-0.174991 
-0.175213 
-0.175436 
-0.175658 
-0.17588 
-0.176102 
-0.176324 
-0.176545 
-0.176767 
-0.176989 
-0.17721 
-0.177432 
-0.177653 
-0.177874 
-0.178096 
-0.178317 
-0.178538 
-0.178758 
-0.178979 
-0.1792 
-0.179421 
-0.179641 
-0.179862 
-0.180082 
-0.180302 
-0.180522 
-0.180742 
-0.180962 
-0.181182 
-0.181402 
-0.181622 
-0.181841 
-0.182061 
-0.18228 
-0.1825 
-0.182719 
-0.182938 
-0.183157 
-0.183376 
-0.183595 
-0.183814 
-0.184032 
-0.184251 
-0.184469 
-0.184688 
-0.184906 
-0.185124 
-0.185342 
-0.18556 
-0.185778 
-0.185996 
-0.186214 
-0.186431 
-0.186649 
-0.186866 
-0.187084 
-0.187301 
-0.187518 
-0.187735 
-0.187952 
-0.188169 
-0.188386 
-0.188603 
-0.188819 
-0.189036 
-0.189252 
-0.189468 
-0.189685 
-0.189901 
-0.190117 
-0.190333 
-0.190548 
-0.190764 
-0.19098 
-0.191195 
-0.191411 
-0.191626 
-0.191841 
-0.192056 
-0.192271 
-0.192486 
-0.192701 
-0.192916 
-0.19313 
-0.193345 
-0.193559 
-0.193774 
-0.193988 
-0.194202 
-0.194416 
-0.19463 
-0.194844 
-0.195058 
-0.195271 
-0.195485 
-0.195698 
-0.195912 
-0.196125 
-0.196338 
-0.196551 
-0.196764 
-0.196977 
-0.19719 
-0.197402 
-0.197615 
-0.197827 
-0.19804 
-0.198252 
-0.198464 
-0.198676 
-0.198888 
-0.1991 
-0.199312 
-0.199523 
-0.199735 
-0.199946 
-0.200157 
-0.200369 
-0.20058 
-0.200791 
-0.201002 
-0.201213 
-0.201423 
-0.201634 
-0.201844 
-0.202055 
-0.202265 
-0.202475 
-0.202685 
-0.202895 
-0.203105 
-0.203315 
-0.203525 
-0.203734 
-0.203944 
-0.204153 
-0.204362 
-0.204572 
-0.204781 
-0.20499 
-0.205198 
-0.205407 
-0.205616 
-0.205824 
-0.206033 
-0.206241 
-0.206449 
-0.206657 
-0.206865 
-0.207073 
-0.207281 
-0.207489 
-0.207696 
-0.207904 
-0.208111 
-0.208318 
-0.208526 
-0.208733 
-0.20894 
-0.209146 
-0.209353 
-0.20956 
-0.209766 
-0.209973 
-0.210179 
-0.210385 
-0.210591 
-0.210797 
-0.211003 
-0.211209 
-0.211415 
-0.21162 
-0.211826 
-0.212031 
-0.212236 
-0.212441 
-0.212646 
-0.212851 
-0.213056 
-0.213261 
-0.213465 
-0.21367 
-0.213874 
-0.214078 
-0.214282 
-0.214486 
-0.21469 
-0.214894 
-0.215098 
-0.215301 
-0.215505 
-0.215708 
-0.215912 
-0.216115 
-0.216318 
-0.216521 
-0.216723 
-0.216926 
-0.217129 
-0.217331 
-0.217534 
-0.217736 
-0.217938 
-0.21814 
-0.218342 
-0.218544 
-0.218746 
-0.218947 
-0.219149 
-0.21935 
-0.219551 
-0.219752 
-0.219953 
-0.220154 
-0.220355 
-0.220556 
-0.220756 
-0.220957 
-0.221157 
-0.221358 
-0.221558 
-0.221758 
-0.221958 
-0.222157 
-0.222357 
-0.222557 
-0.222756 
-0.222956 
-0.223155 
-0.223354 
-0.223553 
-0.223752 
-0.223951 
-0.224149 
-0.224348 
-0.224546 
-0.224744 
-0.224943 
-0.225141 
-0.225339 
-0.225537 
-0.225734 
-0.225932 
-0.226129 
-0.226327 
-0.226524 
-0.226721 
-0.226918 
-0.227115 
-0.227312 
-0.227509 
-0.227705 
-0.227902 
-0.228098 
-0.228294 
-0.228491 
-0.228687 
-0.228882 
-0.229078 
-0.229274 
-0.229469 
-0.229665 
-0.22986 
-0.230055 
-0.23025 
-0.230445 
-0.23064 
-0.230835 
-0.231029 
-0.231224 
-0.231418 
-0.231613 
-0.231807 
-0.232001 
-0.232195 
-0.232388 
-0.232582 
-0.232776 
-0.232969 
-0.233162 
-0.233355 
-0.233548 
-0.233741 
-0.233934 
-0.234127 
-0.23432 
-0.234512 
-0.234704 
-0.234897 
-0.235089 
-0.235281 
-0.235472 
-0.235664 
-0.235856 
-0.236047 
-0.236239 
-0.23643 
-0.236621 
-0.236812 
-0.237003 
-0.237194 
-0.237384 
-0.237575 
-0.237765 
-0.237956 
-0.238146 
-0.238336 
-0.238526 
-0.238716 
-0.238905 
-0.239095 
-0.239284 
-0.239474 
-0.239663 
-0.239852 
-0.240041 
-0.24023 
-0.240418 
-0.240607 
-0.240795 
-0.240984 
-0.241172 
-0.24136 
-0.241548 
-0.241736 
-0.241924 
-0.242111 
-0.242299 
-0.242486 
-0.242673 
-0.24286 
-0.243047 
-0.243234 
-0.243421 
-0.243608 
-0.243794 
-0.24398 
-0.244167 
-0.244353 
-0.244539 
-0.244725 
-0.24491 
-0.245096 
-0.245281 
-0.245467 
-0.245652 
-0.245837 
-0.246022 
-0.246207 
-0.246392 
-0.246576 
-0.246761 
-0.246945 
-0.247129 
-0.247314 
-0.247497 
-0.247681 
-0.247865 
-0.248049 
-0.248232 
-0.248415 
-0.248599 
-0.248782 
-0.248965 
-0.249148 
-0.24933 
-0.249513 
-0.249695 
-0.249878 
-0.25006 
-0.250242 
-0.250424 
-0.250606 
-0.250787 
-0.250969 
-0.25115 
-0.251332 
-0.251513 
-0.251694 
-0.251875 
-0.252056 
-0.252236 
-0.252417 
-0.252597 
-0.252778 
-0.252958 
-0.253138 
-0.253318 
-0.253497 
-0.253677 
-0.253856 
-0.254036 
-0.254215 
-0.254394 
-0.254573 
-0.254752 
-0.254931 
-0.255109 
-0.255288 
-0.255466 
-0.255644 
-0.255822 
-0.256 
-0.256178 
-0.256356 
-0.256533 
-0.256711 
-0.256888 
-0.257065 
-0.257242 
-0.257419 
-0.257596 
-0.257773 
-0.257949 
-0.258125 
-0.258302 
-0.258478 
-0.258654 
-0.25883 
-0.259005 
-0.259181 
-0.259356 
-0.259532 
-0.259707 
-0.259882 
-0.260057 
-0.260232 
-0.260406 
-0.260581 
-0.260755 
-0.260929 
-0.261104 
-0.261278 
-0.261451 
-0.261625 
-0.261799 
-0.261972 
-0.262145 
-0.262319 
-0.262492 
-0.262665 
-0.262837 
-0.26301 
-0.263183 
-0.263355 
-0.263527 
-0.263699 
-0.263871 
-0.264043 
-0.264215 
-0.264386 
-0.264558 
-0.264729 
-0.2649 
-0.265071 
-0.265242 
-0.265413 
-0.265584 
-0.265754 
-0.265924 
-0.266095 
-0.266265 
-0.266435 
-0.266604 
-0.266774 
-0.266944 
-0.267113 
-0.267282 
-0.267451 
-0.26762 
-0.267789 
-0.267958 
-0.268127 
-0.268295 
-0.268463 
-0.268632 
-0.2688 
-0.268968 
-0.269135 
-0.269303 
-0.26947 
-0.269638 
-0.269805 
-0.269972 
-0.270139 
-0.270306 
-0.270472 
-0.270639 
-0.270805 
-0.270972 
-0.271138 
-0.271304 
-0.271469 
-0.271635 
-0.271801 
-0.271966 
-0.272131 
-0.272297 
-0.272462 
-0.272626 
-0.272791 
-0.272956 
-0.27312 
-0.273284 
-0.273449 
-0.273613 
-0.273777 
-0.27394 
-0.274104 
-0.274267 
-0.274431 
-0.274594 
-0.274757 
-0.27492 
-0.275083 
-0.275245 
-0.275408 
-0.27557 
-0.275732 
-0.275894 
-0.276056 
-0.276218 
-0.27638 
-0.276541 
-0.276703 
-0.276864 
-0.277025 
-0.277186 
-0.277347 
-0.277507 
-0.277668 
-0.277828 
-0.277988 
-0.278148 
-0.278308 
-0.278468 
-0.278628 
-0.278787 
-0.278947 
-0.279106 
-0.279265 
-0.279424 
-0.279583 
-0.279741 
-0.2799 
-0.280058 
-0.280217 
-0.280375 
-0.280533 
-0.28069 
-0.280848 
-0.281006 
-0.281163 
-0.28132 
-0.281477 
-0.281634 
-0.281791 
-0.281948 
-0.282104 
-0.282261 
-0.282417 
-0.282573 
-0.282729 
-0.282885 
-0.28304 
-0.283196 
-0.283351 
-0.283506 
-0.283661 
-0.283816 
-0.283971 
-0.284126 
-0.28428 
-0.284435 
-0.284589 
-0.284743 
-0.284897 
-0.28505 
-0.285204 
-0.285358 
-0.285511 
-0.285664 
-0.285817 
-0.28597 
-0.286123 
-0.286275 
-0.286428 
-0.28658 
-0.286732 
-0.286884 
-0.287036 
-0.287188 
-0.287339 
-0.287491 
-0.287642 
-0.287793 
-0.287944 
-0.288095 
-0.288246 
-0.288396 
-0.288547 
-0.288697 
-0.288847 
-0.288997 
-0.289147 
-0.289297 
-0.289446 
-0.289595 
-0.289745 
-0.289894 
-0.290043 
-0.290191 
-0.29034 
-0.290488 
-0.290637 
-0.290785 
-0.290933 
-0.291081 
-0.291229 
-0.291376 
-0.291524 
-0.291671 
-0.291818 
-0.291965 
-0.292112 
-0.292259 
-0.292405 
-0.292552 
-0.292698 
-0.292844 
-0.29299 
-0.293136 
-0.293281 
-0.293427 
-0.293572 
-0.293717 
-0.293862 
-0.294007 
-0.294152 
-0.294297 
-0.294441 
-0.294585 
-0.29473 
-0.294874 
-0.295017 
-0.295161 
-0.295305 
-0.295448 
-0.295591 
-0.295734 
-0.295877 
-0.29602 
-0.296163 
-0.296305 
-0.296448 
-0.29659 
-0.296732 
-0.296874 
-0.297016 
-0.297157 
-0.297299 
-0.29744 
-0.297581 
-0.297722 
-0.297863 
-0.298003 
-0.298144 
-0.298284 
-0.298425 
-0.298565 
-0.298705 
-0.298844 
-0.298984 
-0.299123 
-0.299263 
-0.299402 
-0.299541 
-0.29968 
-0.299818 
-0.299957 
-0.300095 
-0.300234 
-0.300372 
-0.30051 
-0.300647 
-0.300785 
-0.300922 
-0.30106 
-0.301197 
-0.301334 
-0.301471 
-0.301607 
-0.301744 
-0.30188 
-0.302017 
-0.302153 
-0.302289 
-0.302424 
-0.30256 
-0.302695 
-0.302831 
-0.302966 
-0.303101 
-0.303236 
-0.30337 
-0.303505 
-0.303639 
-0.303774 
-0.303908 
-0.304042 
-0.304175 
-0.304309 
-0.304442 
-0.304576 
-0.304709 
-0.304842 
-0.304975 
-0.305107 
-0.30524 
-0.305372 
-0.305504 
-0.305636 
-0.305768 
-0.3059 
-0.306032 
-0.306163 
-0.306294 
-0.306426 
-0.306556 
-0.306687 
-0.306818 
-0.306948 
-0.307079 
-0.307209 
-0.307339 
-0.307469 
-0.307599 
-0.307728 
-0.307857 
-0.307987 
-0.308116 
-0.308245 
-0.308373 
-0.308502 
-0.30863 
-0.308759 
-0.308887 
-0.309015 
-0.309143 
-0.30927 
-0.309398 
-0.309525 
-0.309652 
-0.309779 
-0.309906 
-0.310033 
-0.31016 
-0.310286 
-0.310412 
-0.310538 
-0.310664 
-0.31079 
-0.310916 
-0.311041 
-0.311166 
-0.311291 
-0.311416 
-0.311541 
-0.311666 
-0.31179 
-0.311915 
-0.312039 
-0.312163 
-0.312287 
-0.31241 
-0.312534 
-0.312657 
-0.312781 
-0.312904 
-0.313027 
-0.313149 
-0.313272 
-0.313394 
-0.313517 
-0.313639 
-0.313761 
-0.313882 
-0.314004 
-0.314125 
-0.314247 
-0.314368 
-0.314489 
-0.31461 
-0.31473 
-0.314851 
-0.314971 
-0.315091 
-0.315211 
-0.315331 
-0.315451 
-0.31557 
-0.31569 
-0.315809 
-0.315928 
-0.316047 
-0.316166 
-0.316284 
-0.316403 
-0.316521 
-0.316639 
-0.316757 
-0.316875 
-0.316992 
-0.31711 
-0.317227 
-0.317344 
-0.317461 
-0.317578 
-0.317694 
-0.317811 
-0.317927 
-0.318043 
-0.318159 
-0.318275 
-0.318391 
-0.318506 
-0.318622 
-0.318737 
-0.318852 
-0.318967 
-0.319081 
-0.319196 
-0.31931 
-0.319424 
-0.319538 
-0.319652 
-0.319766 
-0.319879 
-0.319993 
-0.320106 
-0.320219 
-0.320332 
-0.320445 
-0.320557 
-0.32067 
-0.320782 
-0.320894 
-0.321006 
-0.321117 
-0.321229 
-0.32134 
-0.321452 
-0.321563 
-0.321674 
-0.321784 
-0.321895 
-0.322005 
-0.322116 
-0.322226 
-0.322336 
-0.322445 
-0.322555 
-0.322665 
-0.322774 
-0.322883 
-0.322992 
-0.323101 
-0.323209 
-0.323318 
-0.323426 
-0.323534 
-0.323642 
-0.32375 
-0.323857 
-0.323965 
-0.324072 
-0.324179 
-0.324286 
-0.324393 
-0.3245 
-0.324606 
-0.324712 
-0.324819 
-0.324925 
-0.32503 
-0.325136 
-0.325242 
-0.325347 
-0.325452 
-0.325557 
-0.325662 
-0.325766 
-0.325871 
-0.325975 
-0.326079 
-0.326183 
-0.326287 
-0.326391 
-0.326494 
-0.326598 
-0.326701 
-0.326804 
-0.326906 
-0.327009 
-0.327112 
-0.327214 
-0.327316 
-0.327418 
-0.32752 
-0.327621 
-0.327723 
-0.327824 
-0.327925 
-0.328026 
-0.328127 
-0.328228 
-0.328328 
-0.328429 
-0.328529 
-0.328629 
-0.328728 
-0.328828 
-0.328928 
-0.329027 
-0.329126 
-0.329225 
-0.329324 
-0.329422 
-0.329521 
-0.329619 
-0.329717 
-0.329815 
-0.329913 
-0.330011 
-0.330108 
-0.330205 
-0.330302 
-0.330399 
-0.330496 
-0.330593 
-0.330689 
-0.330785 
-0.330881 
-0.330977 
-0.331073 
-0.331169 
-0.331264 
-0.331359 
-0.331455 
-0.331549 
-0.331644 
-0.331739 
-0.331833 
-0.331927 
-0.332021 
-0.332115 
-0.332209 
-0.332303 
-0.332396 
-0.332489 
-0.332582 
-0.332675 
-0.332768 
-0.33286 
-0.332953 
-0.333045 
-0.333137 
-0.333229 
-0.333321 
-0.333412 
-0.333504 
-0.333595 
-0.333686 
-0.333777 
-0.333867 
-0.333958 
-0.334048 
-0.334138 
-0.334228 
-0.334318 
-0.334408 
-0.334497 
-0.334586 
-0.334676 
-0.334765 
-0.334853 
-0.334942 
-0.33503 
-0.335119 
-0.335207 
-0.335295 
-0.335383 
-0.33547 
-0.335558 
-0.335645 
-0.335732 
-0.335819 
-0.335906 
-0.335992 
-0.336079 
-0.336165 
-0.336251 
-0.336337 
-0.336422 
-0.336508 
-0.336593 
-0.336679 
-0.336764 
-0.336848 
-0.336933 
-0.337018 
-0.337102 
-0.337186 
-0.33727 
-0.337354 
-0.337438 
-0.337521 
-0.337604 
-0.337688 
-0.33777 
-0.337853 
-0.337936 
-0.338018 
-0.338101 
-0.338183 
-0.338265 
-0.338346 
-0.338428 
-0.338509 
-0.338591 
-0.338672 
-0.338753 
-0.338833 
-0.338914 
-0.338994 
-0.339074 
-0.339154 
-0.339234 
-0.339314 
-0.339393 
-0.339473 
-0.339552 
-0.339631 
-0.33971 
-0.339788 
-0.339867 
-0.339945 
-0.340023 
-0.340101 
-0.340179 
-0.340257 
-0.340334 
-0.340411 
-0.340488 
-0.340565 
-0.340642 
-0.340719 
-0.340795 
-0.340871 
-0.340947 
-0.341023 
-0.341099 
-0.341174 
-0.34125 
-0.341325 
-0.3414 
-0.341475 
-0.341549 
-0.341624 
-0.341698 
-0.341772 
-0.341846 
-0.34192 
-0.341993 
-0.342067 
-0.34214 
-0.342213 
-0.342286 
-0.342359 
-0.342431 
-0.342504 
-0.342576 
-0.342648 
-0.34272 
-0.342792 
-0.342863 
-0.342934 
-0.343005 
-0.343076 
-0.343147 
-0.343218 
-0.343288 
-0.343359 
-0.343429 
-0.343499 
-0.343568 
-0.343638 
-0.343707 
-0.343777 
-0.343846 
-0.343915 
-0.343983 
-0.344052 
-0.34412 
-0.344188 
-0.344256 
-0.344324 
-0.344392 
-0.344459 
-0.344526 
-0.344594 
-0.344661 
-0.344727 
-0.344794 
-0.34486 
-0.344927 
-0.344993 
-0.345058 
-0.345124 
-0.34519 
-0.345255 
-0.34532 
-0.345385 
-0.34545 
-0.345515 
-0.345579 
-0.345644 
-0.345708 
-0.345772 
-0.345835 
-0.345899 
-0.345962 
-0.346026 
-0.346089 
-0.346152 
-0.346214 
-0.346277 
-0.346339 
-0.346401 
-0.346463 
-0.346525 
-0.346587 
-0.346648 
-0.34671 
-0.346771 
-0.346832 
-0.346892 
-0.346953 
-0.347013 
-0.347074 
-0.347134 
-0.347194 
-0.347253 
-0.347313 
-0.347372 
-0.347431 
-0.34749 
-0.347549 
-0.347608 
-0.347666 
-0.347725 
-0.347783 
-0.347841 
-0.347898 
-0.347956 
-0.348013 
-0.348071 
-0.348128 
-0.348185 
-0.348241 
-0.348298 
-0.348354 
-0.34841 
-0.348466 
-0.348522 
-0.348578 
-0.348633 
-0.348688 
-0.348743 
-0.348798 
-0.348853 
-0.348908 
-0.348962 
-0.349016 
-0.34907 
-0.349124 
-0.349178 
-0.349231 
-0.349285 
-0.349338 
-0.349391 
-0.349443 
-0.349496 
-0.349548 
-0.349601 
-0.349653 
-0.349705 
-0.349756 
-0.349808 
-0.349859 
-0.34991 
-0.349961 
-0.350012 
-0.350063 
-0.350113 
-0.350163 
-0.350214 
-0.350264 
-0.350313 
-0.350363 
-0.350412 
-0.350461 
-0.35051 
-0.350559 
-0.350608 
-0.350656 
-0.350705 
-0.350753 
-0.350801 
-0.350849 
-0.350896 
-0.350944 
-0.350991 
-0.351038 
-0.351085 
-0.351131 
-0.351178 
-0.351224 
-0.35127 
-0.351316 
-0.351362 
-0.351408 
-0.351453 
-0.351499 
-0.351544 
-0.351589 
-0.351633 
-0.351678 
-0.351722 
-0.351766 
-0.35181 
-0.351854 
-0.351898 
-0.351941 
-0.351985 
-0.352028 
-0.352071 
-0.352113 
-0.352156 
-0.352198 
-0.352241 
-0.352283 
-0.352324 
-0.352366 
-0.352408 
-0.352449 
-0.35249 
-0.352531 
-0.352572 
-0.352612 
-0.352653 
-0.352693 
-0.352733 
-0.352773 
-0.352813 
-0.352852 
-0.352892 
-0.352931 
-0.35297 
-0.353008 
-0.353047 
-0.353086 
-0.353124 
-0.353162 
-0.3532 
-0.353237 
-0.353275 
-0.353312 
-0.35335 
-0.353386 
-0.353423 
-0.35346 
-0.353496 
-0.353533 
-0.353569 
-0.353605 
-0.35364 
-0.353676 
-0.353711 
-0.353746 
-0.353782 
-0.353816 
-0.353851 
-0.353885 
-0.35392 
-0.353954 
-0.353988 
-0.354021 
-0.354055 
-0.354088 
-0.354122 
-0.354155 
-0.354188 
-0.35422 
-0.354253 
-0.354285 
-0.354317 
-0.354349 
-0.354381 
-0.354412 
-0.354444 
-0.354475 
-0.354506 
-0.354537 
-0.354567 
-0.354598 
-0.354628 
-0.354658 
-0.354688 
-0.354718 
-0.354748 
-0.354777 
-0.354806 
-0.354835 
-0.354864 
-0.354893 
-0.354921 
-0.35495 
-0.354978 
-0.355006 
-0.355034 
-0.355061 
-0.355089 
-0.355116 
-0.355143 
-0.35517 
-0.355196 
-0.355223 
-0.355249 
-0.355275 
-0.355301 
-0.355327 
-0.355353 
-0.355378 
-0.355403 
-0.355428 
-0.355453 
-0.355478 
-0.355503 
-0.355527 
-0.355551 
-0.355575 
-0.355599 
-0.355622 
-0.355646 
-0.355669 
-0.355692 
-0.355715 
-0.355738 
-0.35576 
-0.355783 
-0.355805 
-0.355827 
-0.355848 
-0.35587 
-0.355892 
-0.355913 
-0.355934 
-0.355955 
-0.355975 
-0.355996 
-0.356016 
-0.356036 
-0.356056 
-0.356076 
-0.356096 
-0.356115 
-0.356134 
-0.356154 
-0.356172 
-0.356191 
-0.35621 
-0.356228 
-0.356246 
-0.356264 
-0.356282 
-0.3563 
-0.356317 
-0.356334 
-0.356351 
-0.356368 
-0.356385 
-0.356401 
-0.356418 
-0.356434 
-0.35645 
-0.356466 
-0.356481 
-0.356497 
-0.356512 
-0.356527 
-0.356542 
-0.356557 
-0.356571 
-0.356585 
-0.3566 
-0.356614 
-0.356627 
-0.356641 
-0.356654 
-0.356668 
-0.356681 
-0.356694 
-0.356706 
-0.356719 
-0.356731 
-0.356743 
-0.356755 
-0.356767 
-0.356779 
-0.35679 
-0.356801 
-0.356812 
-0.356823 
-0.356834 
-0.356844 
-0.356855 
-0.356865 
-0.356875 
-0.356885 
-0.356894 
-0.356904 
-0.356913 
-0.356922 
-0.356931 
-0.35694 
-0.356948 
-0.356956 
-0.356965 
-0.356973 
-0.35698 
-0.356988 
-0.356995 
-0.357003 
-0.35701 
-0.357017 
-0.357023 
-0.35703 
-0.357036 
-0.357042 
-0.357048 
-0.357054 
-0.35706 
-0.357065 
-0.35707 
-0.357075 
-0.35708 
-0.357085 
-0.357089 
-0.357094 
-0.357098 
-0.357102 
-0.357106 
-0.357109 
-0.357113 
-0.357116 
-0.357119 
-0.357122 
-0.357124 
-0.357127 
-0.357129 
-0.357131 
-0.357133 
-0.357135 
-0.357137 
-0.357138 
-0.357139 
-0.35714 
-0.357141 
-0.357142 
-0.357142 
-0.357143 
-0.357143 
-0.357143 
-0.357143 
-0.357142 
-0.357142 
-0.357141 
-0.35714 
-0.357139 
-0.357137 
-0.357136 
-0.357134 
-0.357132 
-0.35713 
-0.357128 
-0.357126 
-0.357123 
-0.35712 
-0.357117 
-0.357114 
-0.357111 
-0.357107 
-0.357104 
-0.3571 
-0.357096 
-0.357091 
-0.357087 
-0.357082 
-0.357078 
-0.357073 
-0.357067 
-0.357062 
-0.357057 
-0.357051 
-0.357045 
-0.357039 
-0.357033 
-0.357026 
-0.35702 
-0.357013 
-0.357006 
-0.356999 
-0.356991 
-0.356984 
-0.356976 
-0.356968 
-0.35696 
-0.356952 
-0.356944 
-0.356935 
-0.356926 
-0.356917 
-0.356908 
-0.356899 
-0.356889 
-0.356879 
-0.35687 
-0.35686 
-0.356849 
-0.356839 
-0.356828 
-0.356817 
-0.356806 
-0.356795 
-0.356784 
-0.356772 
-0.356761 
-0.356749 
-0.356737 
-0.356724 
-0.356712 
-0.356699 
-0.356687 
-0.356674 
-0.356661 
-0.356647 
-0.356634 
-0.35662 
-0.356606 
-0.356592 
-0.356578 
-0.356563 
-0.356549 
-0.356534 
-0.356519 
-0.356504 
-0.356488 
-0.356473 
-0.356457 
-0.356441 
-0.356425 
-0.356409 
-0.356392 
-0.356376 
-0.356359 
-0.356342 
-0.356325 
-0.356308 
-0.35629 
-0.356272 
-0.356254 
-0.356236 
-0.356218 
-0.3562 
-0.356181 
-0.356162 
-0.356143 
-0.356124 
-0.356105 
-0.356085 
-0.356066 
-0.356046 
-0.356026 
-0.356005 
-0.355985 
-0.355964 
-0.355943 
-0.355922 
-0.355901 
-0.35588 
-0.355858 
-0.355837 
-0.355815 
-0.355793 
-0.355771 
-0.355748 
-0.355725 
-0.355703 
-0.35568 
-0.355657 
-0.355633 
-0.35561 
-0.355586 
-0.355562 
-0.355538 
-0.355514 
-0.355489 
-0.355465 
-0.35544 
-0.355415 
-0.35539 
-0.355364 
-0.355339 
-0.355313 
-0.355287 
-0.355261 
-0.355235 
-0.355209 
-0.355182 
-0.355155 
-0.355128 
-0.355101 
-0.355074 
-0.355046 
-0.355019 
-0.354991 
-0.354963 
-0.354934 
-0.354906 
-0.354877 
-0.354849 
-0.35482 
-0.354791 
-0.354761 
-0.354732 
-0.354702 
-0.354672 
-0.354642 
-0.354612 
-0.354582 
-0.354551 
-0.35452 
-0.354489 
-0.354458 
-0.354427 
-0.354395 
-0.354364 
-0.354332 
-0.3543 
-0.354268 
-0.354235 
-0.354203 
-0.35417 
-0.354137 
-0.354104 
-0.35407 
-0.354037 
-0.354003 
-0.353969 
-0.353935 
-0.353901 
-0.353867 
-0.353832 
-0.353798 
-0.353763 
-0.353727 
-0.353692 
-0.353657 
-0.353621 
-0.353585 
-0.353549 
-0.353513 
-0.353477 
-0.35344 
-0.353403 
-0.353367 
-0.353329 
-0.353292 
-0.353255 
-0.353217 
-0.353179 
-0.353141 
-0.353103 
-0.353065 
-0.353026 
-0.352988 
-0.352949 
-0.35291 
-0.35287 
-0.352831 
-0.352791 
-0.352751 
-0.352711 
-0.352671 
-0.352631 
-0.352591 
-0.35255 
-0.352509 
-0.352468 
-0.352427 
-0.352385 
-0.352344 
-0.352302 
-0.35226 
-0.352218 
-0.352176 
-0.352133 
-0.35209 
-0.352047 
-0.352004 
-0.351961 
-0.351918 
-0.351874 
-0.351831 
-0.351787 
-0.351743 
-0.351698 
-0.351654 
-0.351609 
-0.351564 
-0.351519 
-0.351474 
-0.351429 
-0.351383 
-0.351338 
-0.351292 
-0.351246 
-0.351199 
-0.351153 
-0.351106 
-0.351059 
-0.351012 
-0.350965 
-0.350918 
-0.35087 
-0.350823 
-0.350775 
-0.350727 
-0.350679 
-0.35063 
-0.350582 
-0.350533 
-0.350484 
-0.350435 
-0.350386 
-0.350336 
-0.350286 
-0.350237 
-0.350187 
-0.350136 
-0.350086 
-0.350035 
-0.349985 
-0.349934 
-0.349883 
-0.349831 
-0.34978 
-0.349728 
-0.349677 
-0.349625 
-0.349572 
-0.34952 
-0.349468 
-0.349415 
-0.349362 
-0.349309 
-0.349256 
-0.349202 
-0.349149 
-0.349095 
-0.349041 
-0.348987 
-0.348933 
-0.348878 
-0.348824 
-0.348769 
-0.348714 
-0.348658 
-0.348603 
-0.348548 
-0.348492 
-0.348436 
-0.34838 
-0.348324 
-0.348267 
-0.348211 
-0.348154 
-0.348097 
-0.34804 
-0.347982 
-0.347925 
-0.347867 
-0.347809 
-0.347751 
-0.347693 
-0.347635 
-0.347576 
-0.347517 
-0.347459 
-0.347399 
-0.34734 
-0.347281 
-0.347221 
-0.347161 
-0.347101 
-0.347041 
-0.346981 
-0.34692 
-0.34686 
-0.346799 
-0.346738 
-0.346677 
-0.346615 
-0.346554 
-0.346492 
-0.34643 
-0.346368 
-0.346306 
-0.346243 
-0.34618 
-0.346118 
-0.346055 
-0.345991 
-0.345928 
-0.345865 
-0.345801 
-0.345737 
-0.345673 
-0.345609 
-0.345544 
-0.34548 
-0.345415 
-0.34535 
-0.345285 
-0.34522 
-0.345154 
-0.345089 
-0.345023 
-0.344957 
-0.344891 
-0.344824 
-0.344758 
-0.344691 
-0.344624 
-0.344557 
-0.34449 
-0.344423 
-0.344355 
-0.344287 
-0.34422 
-0.344151 
-0.344083 
-0.344015 
-0.343946 
-0.343877 
-0.343808 
-0.343739 
-0.34367 
-0.3436 
-0.343531 
-0.343461 
-0.343391 
-0.343321 
-0.34325 
-0.34318 
-0.343109 
-0.343038 
-0.342967 
-0.342896 
-0.342824 
-0.342753 
-0.342681 
-0.342609 
-0.342537 
-0.342465 
-0.342392 
-0.34232 
-0.342247 
-0.342174 
-0.342101 
-0.342027 
-0.341954 
-0.34188 
-0.341806 
-0.341732 
-0.341658 
-0.341583 
-0.341509 
-0.341434 
-0.341359 
-0.341284 
-0.341209 
-0.341133 
-0.341058 
-0.340982 
-0.340906 
-0.34083 
-0.340754 
-0.340677 
-0.340601 
-0.340524 
-0.340447 
-0.34037 
-0.340292 
-0.340215 
-0.340137 
-0.340059 
-0.339981 
-0.339903 
-0.339824 
-0.339746 
-0.339667 
-0.339588 
-0.339509 
-0.33943 
-0.339351 
-0.339271 
-0.339191 
-0.339111 
-0.339031 
-0.338951 
-0.33887 
-0.33879 
-0.338709 
-0.338628 
-0.338547 
-0.338465 
-0.338384 
-0.338302 
-0.33822 
-0.338138 
-0.338056 
-0.337974 
-0.337891 
-0.337809 
-0.337726 
-0.337643 
-0.337559 
-0.337476 
-0.337392 
-0.337309 
-0.337225 
-0.337141 
-0.337056 
-0.336972 
-0.336887 
-0.336803 
-0.336718 
-0.336633 
-0.336547 
-0.336462 
-0.336376 
-0.33629 
-0.336204 
-0.336118 
-0.336032 
-0.335945 
-0.335859 
-0.335772 
-0.335685 
-0.335598 
-0.33551 
-0.335423 
-0.335335 
-0.335247 
-0.335159 
-0.335071 
-0.334983 
-0.334894 
-0.334805 
-0.334717 
-0.334627 
-0.334538 
-0.334449 
-0.334359 
-0.33427 
-0.33418 
-0.33409 
-0.333999 
-0.333909 
-0.333818 
-0.333727 
-0.333637 
-0.333545 
-0.333454 
-0.333363 
-0.333271 
-0.333179 
-0.333087 
-0.332995 
-0.332903 
-0.33281 
-0.332718 
-0.332625 
-0.332532 
-0.332439 
-0.332346 
-0.332252 
-0.332158 
-0.332065 
-0.331971 
-0.331877 
-0.331782 
-0.331688 
-0.331593 
-0.331498 
-0.331403 
-0.331308 
-0.331213 
-0.331117 
-0.331021 
-0.330926 
-0.33083 
-0.330733 
-0.330637 
-0.33054 
-0.330444 
-0.330347 
-0.33025 
-0.330153 
-0.330055 
-0.329958 
-0.32986 
-0.329762 
-0.329664 
-0.329566 
-0.329468 
-0.329369 
-0.32927 
-0.329171 
-0.329072 
-0.328973 
-0.328874 
-0.328774 
-0.328675 
-0.328575 
-0.328475 
-0.328374 
-0.328274 
-0.328173 
-0.328073 
-0.327972 
-0.327871 
-0.327769 
-0.327668 
-0.327567 
-0.327465 
-0.327363 
-0.327261 
-0.327159 
-0.327056 
-0.326954 
-0.326851 
-0.326748 
-0.326645 
-0.326542 
-0.326438 
-0.326335 
-0.326231 
-0.326127 
-0.326023 
-0.325919 
-0.325814 
-0.32571 
-0.325605 
-0.3255 
-0.325395 
-0.32529 
-0.325185 
-0.325079 
-0.324973 
-0.324867 
