-0.0227273 
0.0884806 
0.074705 
0.101455 
0.0896807 
0.164485 
0.115836 
0.0223717 
-0.0179875 
-0.00194322 
0.0147368 
0.022111 
0.0411415 
0.104608 
0.139453 
0.121329 
0.0579688 
0.0279026 
0.0327129 
0.0523342 
0.0407383 
0.0253234 
0.0234843 
0.0381787 
0.0464899 
0.0569198 
0.0617398 
0.0736819 
0.0655108 
0.05151 
0.0238708 
0.0022891 
-0.0122031 
-0.0163716 
-0.0065406 
0.0161906 
0.054249 
0.0896703 
0.128489 
0.132475 
0.133259 
0.0956186 
0.063917 
0.0232022 
0.00502152 
-0.00115444 
0.00678802 
0.016927 
0.033871 
0.0467678 
0.0707587 
0.0754342 
0.0898754 
0.0741799 
0.0700425 
0.0462843 
0.036864 
0.0220769 
0.0207793 
0.0181205 
0.0276067 
0.0330819 
0.0518185 
0.0544279 
0.0678624 
0.0549024 
0.0522654 
0.0291824 
0.0149073 
-0.00291454 
-0.0121253 
-0.0110707 
-0.000940865 
0.0175293 
0.045394 
0.0720267 
0.100534 
0.101119 
0.098029 
0.064237 
0.0396587 
0.0136853 
0.00450999 
0.00264822 
0.0076458 
0.0132223 
0.0225871 
0.0307047 
0.0448533 
0.0490415 
0.056693 
0.0481912 
0.0460399 
0.0334174 
0.0304941 
0.0239173 
0.0265002 
0.0266954 
0.0348698 
0.0376433 
0.0469491 
