-0.000454545
-0.000418313
-0.000364108
-0.0002882
-0.000186337
-8.1538e-05
4.1729e-05
0.000163093
0.000302437
0.000434286
0.000584682
0.000721505
0.000877359
0.00101764
0.00117655
0.00131876
0.00147914
0.0016221
0.00178293
0.00192586
0.0020865
0.00222888
0.00238891
0.00253044
0.0026896
0.00283006
0.00298818
0.00312744
0.00328443
0.00342241
0.00357819
0.00371485
0.00386939
0.00400467
0.00415795
0.00429185
0.00444384
0.00457635
0.00472705
0.00485816
0.00500756
0.00513726
0.00528537
0.00541366
0.00556047
0.00568735
0.00583286
0.00595833
0.00610254
0.0062266
0.00636951
0.00649216
0.00663377
0.00675501
0.00742853
0.007643
0.00787512
0.00805541
0.00830095
0.00845502
0.0086535
0.00880005
0.00898365
0.00911925
0.0092922
0.00941962
0.009585
0.00970634
0.00986616
0.00998284
0.0101384
0.0102514
0.0104037
0.0105136
0.0106631
0.0107704
0.0109175
0.0110224
0.0111674
0.0112702
0.0114133
0.0115139
0.0116552
0.0117539
0.0118934
0.0119901
0.012128
0.0122228
0.012359
0.0124519
0.0125864
0.0126774
0.0128103
0.0128994
0.0130306
0.0131179
0.0132474
0.0133328
0.0134607
0.0135441
0.0136703
0.0137519
0.0138764
0.013956
0.0140789
0.0141566
0.0142778
0.0143535
0.014473
0.0145468
0.0146645
0.0147363
0.0148524
0.0149222
0.0150366
0.0151044
0.015217
0.0152829
0.0153937
0.0154576
0.0155666
0.0156285
0.0157358
0.0157956
0.0159011
0.0159589
0.0160626
0.0161184
0.0162203
0.016274
0.0163741
0.0164258
0.016524
0.0165737
0.01667
0.0167177
0.0168122
0.0168577
0.0169503
0.0169939
0.0170846
0.017126
0.0172149
0.0172543
0.0173412
0.0173785
0.0174635
0.0174988
0.0175819
0.017615
0.0176962
0.0177273
0.0178065
0.0178355
0.0179128
0.0179397
0.018015
0.0180399
0.0181132
0.0181361
0.0182074
0.0182282
0.0182975
0.0183162
0.0183835
0.0184002
0.0184655
0.0184801
0.0185434
0.018556
0.0186173
0.0186278
0.0186871
0.0186956
0.0187528
0.0187594
0.0188145
0.0188191
0.0188722
0.0188747
0.0189258
0.0189264
0.0189754
0.018974
0.019021
0.0190177
0.0190626
0.0190573
0.0191002
0.019093
0.0191338
0.0191247
0.0191635
0.0191525
0.0191893
0.0191764
0.0192111
0.0191964
0.0192291
0.0192126
0.0192432
0.0192249
0.0192535
0.0192334
0.0192599
0.0192381
0.0192626
0.0192391
0.0192616
0.0192364
0.0192569
0.0192301
0.0192485
0.01922
0.0192365
0.0192064
0.019221
0.0191893
0.0192019
0.0191687
0.0191793
0.0191446
0.0191533
0.0191171
0.0191239
0.0190862
0.0190911
0.0190521
0.0190551
0.0190147
0.0190159
0.0189742
0.0189735
0.0189305
0.018928
0.0188837
0.0188794
0.018834
0.0188279
0.0187813
0.0187735
0.0187335
0.0187103
0.0186691
0.0186423
0.0186001
0.0185712
0.018528
0.0184972
0.018453
0.0184205
0.0183754
0.0183411
0.0182952
0.0182592
0.0182125
0.0181748
0.0181275
0.0180881
0.0180401
0.0179992
0.0179505
0.0179081
0.0178588
0.0178149
0.0177651
0.0177198
0.0176695
0.0176227
0.0175721
0.0175239
0.0174729
0.0174234
0.017372
0.0173213
0.0172697
0.0172178
0.0171659
0.0171128
0.0170607
0.0170065
0.0169543
0.0168991
0.0168468
0.0167906
0.0167383
0.0166811
0.0166288
0.0165707
0.0165185
0.0164595
0.0164075
0.0163477
0.0162958
0.0162354
0.0161837
0.0161225
0.0160711
0.0160093
0.0159583
0.0158959
0.0158452
0.0157824
0.0157321
0.0156688
0.015619
0.0155553
0.015506
0.015442
0.0153932
0.0153289
0.0152808
0.0152163
0.0151688
0.0151041
0.0150574
0.0149926
0.0149466
0.0148818
0.0148365
0.0147718
0.0147274
0.0146627
0.0146191
0.0145546
0.0145119
0.0144476
0.0144059
0.0143418
0.0143011
0.0142373
0.0141977
0.0141342
0.0140957
0.0140327
0.0139952
0.0139327
0.0138964
0.0138344
0.0137992
0.0137378
0.0137039
0.0136431
0.0136104
0.0135504
0.013519
0.0134596
0.0134295
0.013371
0.0133422
0.0132846
0.0132571
0.0132004
0.0131743
0.0131186
0.0130939
0.0130391
0.0130159
0.0129622
0.0129404
0.0128878
0.0128675
0.012816
0.0127972
0.0127469
0.0127295
0.0126805
0.0126647
0.0126169
0.0126026
0.0125561
0.0125434
0.0124983
0.0124871
0.0124434
0.0124338
0.0123915
0.0123835
0.0123426
0.0123362
0.0122969
0.012292
0.0122542
0.012251
0.0122147
0.0122131
0.0121784
0.0121783
0.0121453
0.0121468
0.0121154
0.0121186
0.0120888
0.0120936
0.0120655
0.0120719
0.0120455
0.0120534
0.0120288
0.0120383
0.0120155
0.0120265
0.0120055
0.0120181
0.0119988
0.012013
0.0119955
0.0120112
0.0119956
0.0120128
0.0119989
0.0120177
0.0120057
0.0120259
0.0120157
0.0120374
0.0120291
0.0120523
0.0120458
0.0120704
0.0120658
0.0120918
0.0120891
0.0121165
0.0121157
0.0121444
0.0121454
0.0121755
0.0121784
0.0122098
0.0122146
0.0122472
0.0122539
0.0122878
0.0122963
0.0123315
0.0123418
0.0123782
0.0123903
0.0124279
0.0124418
0.0124806
0.0124964
0.0125362
0.0125538
0.0125947
0.0126141
0.0126561
0.0126772
0.0127202
0.0127431
0.0127871
0.0128117
0.0128567
0.012883
0.0129289
0.0129569
0.0130037
0.0130334
0.0130811
0.0131124
0.0131609
0.0131938
0.0132431
0.0132777
0.0133277
0.0133638
0.0134146
0.0134523
0.0135037
0.0135429
0.013595
0.0136357
0.0136883
0.0137306
0.0137838
0.0138274
0.0138812
0.0139263
0.0139805
0.014027
0.0140817
0.0141295
0.0141847
0.0142338
0.0142894
0.0143398
0.0143957
0.0144474
0.0145036
0.0145566
0.014613
0.0146672
0.0147239
0.0147793
0.0148362
0.0148927
0.0149498
0.0150074
0.0150646
0.0151233
0.0151806
0.0152403
0.0152977
0.0153585
0.0154159
0.0154776
0.015535
0.0155977
0.0156551
0.0157187
0.015776
0.0158405
0.0158977
0.0159631
0.0160202
0.0160863
0.0161433
0.0162102
0.016267
0.0163346
0.0163912
0.0164596
0.0165159
0.016585
0.0166411
0.0167108
0.0167666
0.0168369
0.0168924
0.0169633
0.0170184
0.0170899
0.0171447
0.0172167
0.0172711
0.0173436
0.0173975
0.0174705
0.017524
0.0175977
0.0176506
0.0177244
0.0177765
0.0178505
0.0179021
0.0179762
0.0180272
0.0181016
0.0181521
0.0182267
0.0182767
0.0183516
0.0184012
0.0184764
0.0185257
0.0186013
0.01865
0.0187303
0.0187743
0.0188483
0.0188946
0.0189694
0.0190156
0.019091
0.0191371
0.0192171
0.0192588
0.0193325
0.019376
0.0194508
0.0194943
0.0195736
0.0196134
0.0196868
0.0197281
0.0198026
0.0198441
0.0199232
0.0199614
0.0200344
0.0200734
0.0201476
0.020187
0.0202658
0.0203023
0.0203746
0.0204115
0.0204851
0.0205223
0.0206008
0.0206355
0.0207071
0.0207417
0.0208147
0.0208497
0.0209277
0.0209605
0.0210314
0.0210637
0.0211394
0.0211699
0.0212404
0.0212713
0.0213465
0.0213756
0.0214456
0.0214751
0.0215498
0.0215776
0.0216471
0.0216752
0.0217494
0.0217759
0.0218448
0.0218715
0.0219453
0.0219704
0.0220387
0.0220641
0.0221373
0.0221611
0.0222288
0.0222528
0.0223254
0.022348
0.0224149
0.0224376
0.0225097
0.0225309
0.0225971
0.0226185
0.02269
0.0227099
0.0227754
0.0227955
0.0228663
0.0228849
0.0229497
0.0229685
0.0230387
0.023056
0.0231201
0.0231376
0.0232071
0.0232232
0.0232865
0.0233028
0.0233716
0.0233865
0.023449
0.0234641
0.0235322
0.0235458
0.0236077
0.0236216
0.0236888
0.0237013
0.0237624
0.0237751
0.0238417
0.023853
0.0239133
0.0239249
0.0239906
0.0240009
0.0240604
0.0240709
0.0241359
0.024145
0.0242037
0.0242131
0.0242773
0.0242853
0.0243433
0.0243516
0.0244151
0.024422
0.0244792
0.0244865
0.0245491
0.0245551
0.0246115
0.0246178
0.0246796
0.0246845
0.0247401
0.0247454
0.0248065
0.0248104
0.0248652
0.0248696
0.0249298
0.0249328
0.0249868
0.0249902
0.0250497
0.0250516
0.0251049
0.0251074
0.025166
0.025167
0.0252196
0.0252211
0.025279
0.025279
0.0253308
0.0253314
0.0253885
0.0253876
0.0254386
0.0254383
0.0254946
0.0254928
0.0255431
0.0255418
0.0255974
0.0255946
0.0256442
0.025642
0.0256968
0.0256931
0.0257419
0.0257388
0.0257929
0.0257882
0.0258363
0.0258323
0.0258856
0.02588
0.0259274
0.0259224
0.025975
0.0259684
0.0260151
0.0260092
0.026061
0.0260535
0.0260994
0.0260925
0.0261436
0.0261352
0.0261804
0.0261725
0.0262228
0.0262134
0.0262579
0.026249
0.0262986
0.0262882
0.0263319
0.0263221
0.0263709
0.0263595
0.0264025
0.0263916
0.0264397
0.0264272
0.0264695
0.0264575
0.0265049
0.0264913
0.0265329
0.0265198
0.0265664
0.0265517
0.0265926
0.0265783
0.0266243
0.0266084
0.0266485
0.0266331
0.0266783
0.0266613
0.0267006
0.0266839
0.0267284
0.0267102
0.0267487
0.0267308
0.0267746
0.026755
0.0267929
0.0267736
0.0268166
0.0267958
0.0268328
0.0268122
0.0268545
0.0268323
0.0268685
0.0268465
0.026888
0.0268644
0.0268998
0.0268763
0.0269171
0.026892
0.0269266
0.0269016
0.0269416
0.026915
0.0269488
0.0269221
0.0269614
0.0269332
0.0269684
0.0269384
0.0269733
0.0269424
0.0269769
0.0269451
0.0269792
0.0269466
0.0269802
0.0269466
0.0269799
0.0269454
0.0269782
0.0269428
0.0269751
0.0269388
0.0269707
0.0269334
0.0269648
0.0269266
0.0269575
0.0269183
0.0269487
0.0269086
0.0269385
0.0268973
0.0269268
0.0268846
0.0269136
0.0268703
0.0268988
0.0268545
0.0268825
0.0268371
0.0268646
0.0268181
0.0268451
0.0267975
0.026824
0.0267752
0.0268012
0.0267513
0.0267767
0.0267257
0.0267506
0.0266983
0.0267227
0.0266692
0.0266931
0.0266384
0.0266618
0.0266058
0.0266286
0.0265714
0.0265937
0.0265352
0.026557
0.0264971
0.0265184
0.0264572
0.0264779
0.0264154
0.0264356
0.0263717
0.0263913
0.0263261
0.0263452
0.0262786
0.0262971
0.0262291
0.0262471
0.0261777
0.0261951
0.0261243
0.0261412
0.0260689
0.0260852
0.0260115
0.0260272
0.025952
0.0259673
0.0258906
0.0259053
0.0258271
0.0258412
0.0257616
0.0257751
0.025694
0.025707
0.0256243
0.0256368
0.0255526
0.0255645
0.0254787
0.0254901
0.0254029
0.0254137
0.0253249
0.0253352
0.0252448
0.0252546
0.0251627
0.0251719
0.0250784
0.0250871
0.0249921
0.0250003
0.0249037
0.0249114
0.0248133
0.0248205
0.0247208
0.0247275
0.0246262
0.0246324
0.0245296
0.0245353
0.0244309
0.0244362
0.0243303
0.0243351
0.0242276
0.0242319
0.024123
0.0241268
0.0240163
0.0240198
0.0239078
0.0239108
0.0237973
0.0237999
0.0236849
0.0236871
0.0235706
0.0235725
0.0234545
0.023456
0.0233366
0.0233377
0.0232169
0.0232177
0.0230955
0.023096
0.0229723
0.0229726
0.0228476
0.0228476
0.0227212
0.0227078
0.0225979
0.0225888
0.0224771
0.022469
0.0223561
0.0223485
0.0222344
0.0222271
0.0221116
0.0221046
0.0219877
0.021981
0.0218626
0.0218562
0.0217363
0.0217302
0.0216088
0.021603
0.0214802
0.0214747
0.0213505
0.0213454
0.0212198
0.021215
0.021088
0.0210836
0.0209554
0.0209513
0.0208218
0.0208181
0.0206875
0.0206842
0.0205524
0.0205496
0.0204167
0.0204144
0.0202804
0.0202786
0.0201436
0.0201423
0.0200064
0.0200057
0.0198689
0.0198688
0.0197311
0.0197316
0.0195931
0.0195943
0.0194551
0.0194569
0.0193171
0.0193196
0.0191791
0.0191824
0.0190414
0.0190454
0.0189039
0.0189087
0.0187668
0.0187724
0.0186302
0.0186366
0.0184941
0.0185014
0.0183587
0.0183669
0.0182241
0.0182331
0.0180902
0.0181002
0.0179574
0.0179683
0.0178255
0.0178375
0.0176949
0.0177078
0.0175654
0.0175794
0.0174373
0.0174524
0.0173107
0.0173268
0.0171855
0.0172028
0.0170621
0.0170805
0.0169403
0.0169599
0.0168204
0.0168412
0.0167025
0.0167245
0.0165865
0.0166098
0.0164727
0.0164972
0.0163612
0.0163869
0.0162519
0.016279
0.0161451
0.0161735
0.0160408
0.0160705
0.0159391
0.0159701
0.0158401
0.0158725
0.0157439
0.0157776
0.0156506
0.0156857
0.0155602
0.0155967
0.0154729
0.0155108
0.0153888
0.0154281
0.0153078
0.0153485
0.0152302
0.0152723
0.0151559
0.0151995
0.0150851
0.0151301
0.0150178
0.0150642
0.014954
0.0150019
0.014894
0.0149433
0.0148377
0.0148884
0.0147851
0.0148373
0.0147365
0.0147901
0.0146917
0.0147467
0.0146508
0.0147073
0.014614
0.0146719
0.0145813
0.0146405
0.0145526
0.0146132
0.014528
0.01459
0.0145077
0.014571
0.0144915
0.0145561
0.0144795
0.0145455
0.0144718
0.0145391
0.0144684
0.0145369
0.0144693
0.014539
0.0144744
0.0145454
0.0144839
0.014556
0.0144977
0.014571
0.0145158
0.0145902
0.0145383
0.0146137
0.014565
0.0146415
0.014596
0.0146735
0.0146313
0.0147098
0.0146708
0.0147502
0.0147146
0.0147949
0.0147626
0.0148437
0.0148147
0.0148966
0.014871
0.0149536
0.0149313
0.0150147
0.0149957
0.0150797
0.0150641
0.0151487
0.0151364
0.0152216
0.0152126
0.0152982
0.0152926
0.0153787
0.0153763
0.0154628
0.0154637
0.0155506
0.0155547
0.0156418
0.0156493
0.0157366
0.0157472
0.0158347
0.0158486
0.0159361
0.0159531
0.0160408
0.0160609
0.0161485
0.0161718
0.0162593
0.0162856
0.0163729
0.0164023
0.0164894
0.0165217
0.0166086
0.0166439
0.0167303
0.0167686
0.0168546
0.0168957
0.0169812
0.0170251
0.0171101
0.0171568
0.0172411
0.0172905
0.0173742
0.0174262
0.0175091
0.0175638
0.0176458
0.017703
0.0177841
0.0178438
0.017924
0.0179861
0.0180652
0.0181297
0.0182077
0.0182745
0.0183513
0.0184204
0.0184959
0.0185671
0.0186413
0.0187147
0.0187875
0.0188629
0.0189343
0.0190117
0.0190815
0.0191608
0.0192277
0.0193148
0.0193771
0.0194576
0.0195218
0.0196108
0.01967
0.0197539
0.0198152
0.0199022
0.0199622
0.0200552
0.0201123
0.0201972
0.0202584
0.020343
0.0204059
0.0204894
0.0205534
0.0206403
0.0207002
0.0207795
0.0208452
0.0209236
0.0209903
0.0210671
0.0211346
0.0212094
0.0212777
0.0213503
0.0214191
0.0214896
0.0215591
0.0216274
0.0216973
0.0217634
0.0218338
0.0218976
0.0219683
0.0220298
0.0221009
0.02216
0.0222313
0.0222881
0.0223595
0.0224138
0.0224854
0.0225372
0.0226088
0.0226581
0.0227297
0.0227764
0.022848
0.0228921
0.0229635
0.0230051
0.0230763
0.0231152
0.0231862
0.0232224
0.0232931
0.0233266
0.023397
0.0234277
0.0234977
0.0235258
0.0235953
0.0236206
0.0236896
0.0237122
0.0237807
0.0238004
0.0238683
0.0238853
0.0239526
0.0239667
0.0240333
0.0240447
0.0241106
0.0241191
0.0241842
0.02419
0.0242543
0.0242572
0.0243208
0.0243209
0.0243835
0.0243808
0.0244426
0.0244371
0.0244979
0.0244897
0.0245496
0.0245385
0.0245974
0.0245836
0.0246414
0.0246249
0.0246817
0.0246624
0.0247182
0.0246962
0.0247509
0.0247262
0.0247797
0.0247524
0.0248048
0.0247748
0.0248261
0.0247935
0.0248436
0.0248084
0.0248574
0.0248196
0.0248673
0.0248271
0.0248736
0.0248308
0.0248761
0.0248309
0.024875
0.0248273
0.0248701
0.0248201
0.0248617
0.0248093
0.0248496
0.024795
0.024834
0.0247771
0.0248148
0.0247557
0.0247922
0.0247309
0.0247661
0.0247026
0.0247365
0.024671
0.0247037
0.0246361
0.0246675
0.0245979
0.024628
0.0245565
0.0245853
0.024512
0.0245395
0.0244643
0.0244905
0.0244135
0.0244385
0.0243598
0.0243835
0.0243031
0.0243256
0.0242435
0.0242648
0.0241811
0.0242011
0.0241159
0.0241348
0.024048
0.0240657
0.0239775
0.0239939
0.0239044
0.0239196
0.0238288
0.0238428
0.0237507
0.0237636
0.0236702
0.023682
0.0235874
0.0235981
0.0235024
0.0235119
0.0234152
0.0234236
0.0233258
0.0233331
0.0232344
0.0232406
0.023141
0.0231462
0.0230456
0.0230498
0.0229484
0.0229516
0.0228494
0.0228516
0.0227487
0.0227499
0.0226463
0.0226465
0.0225423
0.0225416
0.0224368
0.0224351
0.0223298
0.0223272
0.0222214
0.0222179
0.0221117
0.0221073
0.0220007
0.0219954
0.0218884
0.0218824
0.021775
0.0217682
0.0216605
0.0216529
0.021545
0.0215365
0.0214285
0.0214193
0.0213111
0.0213011
0.0211928
0.0211821
0.0210736
0.0210623
0.0209538
0.0209417
0.0208332
0.0208205
0.020712
0.0206987
0.0205902
0.0205762
0.0204679
0.0204533
0.020345
0.0203299
0.0202217
0.020206
0.020098
0.0200818
0.019974
0.0199573
0.0198497
0.0198324
0.0197251
0.0197074
0.0196003
0.0195821
0.0194753
0.0194567
0.0193502
0.0193312
0.019225
0.0192056
0.0190998
0.01908
0.0189745
0.0189544
0.0188493
0.0188288
0.0187242
0.0187033
0.0185991
0.018578
0.0184742
0.0184528
0.0183494
0.0183278
0.0182249
0.018203
0.0181005
0.0180784
0.0179765
0.0179542
0.0178527
0.0178302
0.0177292
0.0177066
0.0176061
0.0175834
0.0174834
0.0174605
0.0173611
0.0173381
0.0172391
0.0172161
0.0171177
0.0170946
0.0169967
0.0169736
0.0168762
0.016853
0.0167562
0.0167331
0.0166368
0.0166137
0.0165179
0.0164948
0.0163996
0.0163766
0.016282
0.016259
0.0161649
0.016142
0.0160484
0.0160257
0.0159327
0.0159101
0.0158175
0.0157951
0.0157031
0.0156809
0.0155894
0.0155673
0.0154764
0.0154546
0.0153641
0.0153425
0.0152526
0.0152313
0.0151418
0.0151208
0.0150318
0.0150111
0.0149226
0.0149022
0.0148143
0.0147941
0.0147067
0.0146869
0.0145999
0.0145806
0.014494
0.014475
0.014389
0.0143704
0.0142848
0.0142666
0.0141814
0.0141638
0.014079
0.0140618
0.0139775
0.0139608
0.0138769
0.0138607
0.0137772
0.0137615
0.0136784
0.0136633
0.0135806
0.0135661
0.0134838
0.0134699
0.0133879
0.0133746
0.013293
0.0132803
0.0131991
0.0131871
0.0131062
0.0130949
0.0130143
0.0130037
0.0129235
0.0129135
0.0128337
0.0128245
0.012745
0.0127365
0.0126573
0.0126496
0.0125707
0.0125638
0.0124852
0.0124791
0.0124008
0.0123955
0.0123176
0.0123131
0.0122355
0.0122319
0.0121545
0.0121518
0.0120747
0.0120729
0.0119961
0.0119952
0.0119187
0.0119188
0.0118426
0.0118435
0.0117676
0.0117696
0.011694
0.0116969
0.0116216
0.0116255
0.0115504
0.0115554
0.0114807
0.0114867
0.0114122
0.0114193
0.0113451
0.0113532
0.0112794
0.0112886
0.011215
0.0112254
0.0111521
0.0111636
0.0110906
0.0111033
0.0110306
0.0110444
0.0109721
0.0109871
0.0109151
0.0109313
0.0108596
0.010877
0.0108057
0.0108244
0.0107534
0.0107733
0.0107028
0.0107239
0.0106537
0.0106762
0.0106064
0.0106301
0.0105607
0.0105858
0.0105168
0.0105432
0.0104747
0.0105024
0.0104344
0.0104635
0.0103959
0.0104263
0.0103593
0.0103911
0.0103245
0.0103578
0.0102917
0.0103264
0.0102609
0.010297
0.0102321
0.0102696
0.0102053
0.0102443
0.0101805
0.010221
0.0101579
0.0101999
0.0101375
0.0101809
0.0101192
0.0101641
0.0101031
0.0101496
0.0100893
0.0101374
0.0100779
0.0101274
0.0100687
0.0101198
0.0100619
0.0101146
0.0100576
0.0101118
0.0100557
0.0101115
0.0100563
0.0101137
0.0100594
0.0101184
0.0100651
0.0101257
0.0100734
0.0101357
0.0100844
0.0101483
0.0100981
0.0101636
0.0101145
0.0101817
0.0101337
0.0102025
0.0101558
0.0102262
0.0101807
0.0102528
0.0102084
0.0102822
0.0102392
0.0103146
0.0102728
0.0103499
0.0103095
0.0103883
0.0103493
0.0104297
0.0103921
0.0104742
0.0104381
0.0105219
0.0104872
0.0105727
0.0105395
0.0106266
0.0105951
0.0106839
0.0106539
0.0107443
0.010716
0.0108081
0.0107814
0.0108751
0.0108502
0.0109456
0.0109223
0.0110193
0.0109979
0.0110965
0.0110769
0.0111771
0.0111593
0.0112612
0.0112452
0.0113487
0.0113346
0.0114398
0.0114276
0.0115343
0.0115241
0.0116323
0.0116241
0.0117339
0.0117277
0.0118391
0.0118349
0.0119478
0.0119457
0.0120601
0.0120601
0.0121759
0.0121781
0.0122954
0.0122997
0.0124184
0.0124249
0.0125451
0.0125537
0.0126753
0.0126861
0.0128091
0.0128222
0.0129465
0.0129618
0.0130875
0.013105
0.013232
0.0132518
0.01338
0.0134022
0.0135316
0.0135561
0.0136868
0.0137135
0.0138454
0.0138745
0.0140074
0.0140389
0.0141729
0.0142067
0.0143418
0.014378
0.0145141
0.0145526
0.0146897
0.0147306
0.0148687
0.0149119
0.0150509
0.0150965
0.0152363
0.0152842
0.0154249
0.0154752
0.0156166
0.0156692
0.0158114
0.0158664
0.0160092
0.0160665
0.0162099
0.0162696
0.0164136
0.0164755
0.01662
0.0166843
0.0168293
0.0168958
0.0170412
0.0171101
0.0172558
0.0173269
0.0174729
0.0175462
0.0176925
0.017768
0.0179144
0.0179921
0.0181387
0.0182186
0.0183652
0.0184472
0.0185938
0.0186779
0.0188245
0.0189106
0.0190571
0.0191453
0.0192915
0.0193817
0.0195277
0.0196199
0.0197656
0.0198597
0.020005
0.020101
0.0202458
0.0203437
0.0204879
0.0205876
0.0207313
0.0208328
0.0209758
0.021079
0.0212213
0.0213262
0.0214676
0.0215742
0.0217148
0.0218229
0.0219625
0.0220722
0.0222108
0.0223219
0.0224594
0.0225721
0.0227084
0.0228224
0.0229575
0.0230728
0.0232066
0.0233232
0.0234556
0.0235734
0.0237044
0.0238233
0.0239526
0.0240728
0.0242005
0.0243219
0.0244478
0.0245707
0.0246948
0.0248193
0.024942
0.0250677
0.0251896
0.0253158
0.0254357
0.0255625
0.0256803
0.0258074
0.025923
0.0260505
0.0261639
0.0262916
0.0264013
0.0265376
0.0266385
0.0267636
0.026868
0.0270038
0.0271001
0.0272251
0.0273246
0.02746
0.0275516
0.0276765
0.0277706
0.0279056
0.0279921
0.0281167
0.0282052
0.0283395
0.028421
0.0285437
0.0286288
0.0287588
0.0288392
0.0289559
0.0290403
0.0291656
0.0292451
0.0293554
0.029439
0.0295594
0.0296378
0.0297417
0.0298271
0.0299308
0.0300165
0.030117
0.0302025
0.0302997
0.0303849
0.0304787
0.0305636
0.0306539
0.0307384
0.0308251
0.0309093
0.0309924
0.031076
0.0311554
0.0312386
0.0313143
0.0313969
0.0314688
0.0315508
0.031619
0.0317003
0.0317646
0.0318453
0.0319057
0.0319856
0.0320421
0.0321213
0.0321738
0.0322522
0.0323008
0.0323784
0.0324229
0.0324997
0.0325401
0.032616
0.0326524
0.0327274
0.0327597
0.0328337
0.0328619
0.0329349
0.032959
0.0330311
0.033051
0.0331221
0.0331378
0.0332079
0.0332195
0.0332885
0.0332959
0.0333638
0.033367
0.0334339
0.033433
0.0334987
0.0334936
0.0335582
0.0335489
0.0336124
0.033599
0.0336614
0.0336438
0.033705
0.0336832
0.0337433
0.0337174
0.0337763
0.0337464
0.0338041
0.03377
0.0338266
0.0337885
0.0338438
0.0338017
0.0338559
0.0338098
0.0338627
0.0338127
0.0338645
0.0338105
0.0338611
0.0338032
0.0338526
0.0337909
0.0338392
0.0337736
0.0338207
0.0337514
0.0337973
0.0337243
0.0337691
0.0336925
0.0337361
0.0336558
0.0336983
0.0336145
0.0336559
0.0335686
0.0336089
0.0335181
0.0335573
0.0334632
0.0335013
0.0334039
0.0334409
0.0333403
0.0333763
0.0332725
0.0333075
0.0332006
0.0332345
0.0331246
0.0331576
0.0330447
0.0330767
0.032961
0.032992
0.0328735
0.0329036
0.0327824
0.0328116
0.0326877
0.032716
0.0325896
0.0326171
0.0324882
0.0325148
0.0323836
0.0324093
0.0322758
0.0323008
0.0321651
0.0321893
0.0320515
0.0320749
0.0319351
0.0319578
0.031816
0.031838
0.0316944
0.0317158
0.0315704
0.0315911
0.0314441
0.0314642
0.0313156
0.0313351
0.031185
0.0312039
0.0310525
0.0310708
0.0309181
0.0309359
0.030782
0.0307994
0.0306443
0.0306612
0.0305052
0.0305216
0.0303646
0.0303806
0.0302228
0.0302384
0.0300799
0.0300951
0.0299359
0.0299507
0.0297911
0.0298055
0.0296454
0.0296595
0.029499
0.0295129
0.0293521
0.0293656
0.0292047
0.029218
0.0290569
0.0290699
0.0289089
0.0289216
0.0287606
0.0287732
0.0286124
0.0286247
0.0284641
0.0284763
0.028316
0.028328
0.0281681
0.0281799
0.0280205
0.0280322
0.0278733
0.0278849
0.0277266
0.0277381
0.0275805
0.0275918
0.027435
0.0274462
0.0272903
0.0273014
0.0271463
0.0271573
0.0270033
0.0270141
0.0268611
0.0268719
0.02672
0.0267307
0.0265799
0.0265906
0.026441
0.0264516
0.0263033
0.0263138
0.0261668
0.0261773
0.0260317
0.026042
0.0258978
0.0259081
0.0257654
0.0257756
0.0256344
0.0256445
0.0255049
0.0255149
0.0253768
0.0253868
0.0252504
0.0252602
0.0251255
0.0251352
0.0250022
0.0250118
0.0248805
0.02489
0.0247605
0.0247699
0.0246422
0.0246514
0.0245255
0.0245346
0.0244105
0.0244195
0.0242973
0.0243061
0.0241857
0.0241943
0.0240759
0.0240843
0.0239678
0.0239761
0.0238615
0.0238695
0.0237568
0.0237646
0.0236539
0.0236615
0.0235527
0.0235601
0.0234532
0.0234603
0.0233554
0.0233622
0.0232593
0.0232658
0.0231649
0.0231711
0.0230721
0.023078
0.0229809
0.0229865
0.0228913
0.0228966
0.0228034
0.0228083
0.022717
0.0227215
0.0226321
0.0226363
0.0225488
0.0225526
0.0224669
0.0224703
0.0223865
0.0223895
0.0223075
0.0223101
0.02223
0.0222321
0.0221538
0.0221555
0.0220789
0.0220802
0.0220053
0.0220061
0.021933
0.0219334
0.021862
0.0218618
0.0217921
0.0217915
0.0217234
0.0217223
0.0216558
0.0216542
0.0215893
0.0215872
0.0215239
0.0215212
0.0214594
0.0214563
0.021396
0.0213923
0.0213335
0.0213293
0.0212719
0.0212672
0.0212112
0.0212059
0.0211513
0.0211455
0.0210922
0.0210859
0.0210339
0.0210271
0.0209764
0.020969
0.0209195
0.0209116
0.0208633
0.0208549
0.0208078
0.0207989
0.0207528
0.0207434
0.0206985
0.0206885
0.0206447
0.0206342
0.0205914
0.0205804
0.0205386
0.0205271
0.0204862
0.0204743
0.0204343
0.0204219
0.0203828
0.02037
0.0203317
0.0203184
0.020281
0.0202673
0.0202306
0.0202165
0.0201806
0.020166
0.0201309
0.0201159
0.0200814
0.020066
0.0200323
0.0200165
0.0199834
0.0199673
0.0199347
0.0199183
0.0198863
0.0198696
0.0198382
0.0198211
0.0197902
0.0197729
0.0197425
0.0197249
0.019695
0.0196771
0.0196476
0.0196296
0.0196005
0.0195822
0.0195536
0.0195351
0.0195068
0.0194882
0.0194603
0.0194416
0.019414
0.0193952
0.0193679
0.019349
0.0193219
0.019303
0.0192762
0.0192573
0.0192308
0.0192118
0.0191855
0.0191666
0.0191405
0.0191216
0.0190958
0.019077
0.0190513
0.0190326
0.0190072
0.0189886
0.0189633
0.0189449
0.0189197
0.0189015
0.0188765
0.0188585
0.0188336
0.0188159
0.0187912
0.0187737
0.0187491
0.0187319
0.0187074
0.0186906
0.0186662
0.0186498
0.0186255
0.0186094
0.0185852
0.0185696
0.0185455
0.0185304
0.0185063
0.0184917
0.0184678
0.0184536
0.0184298
0.0184162
0.0183925
0.0183795
0.0183558
0.0183434
0.0183199
0.0183081
0.0182847
0.0182736
0.0182503
0.0182399
0.0182167
0.018207
0.018184
0.018175
0.0181522
0.018144
0.0181212
0.0181138
0.0180913
0.0180847
0.0180623
0.0180566
0.0180344
0.0180295
0.0180075
0.0180036
0.0179818
0.0179788
0.0179572
0.0179551
0.0179338
0.0179327
0.0179117
0.0179116
0.0178908
0.0178918
0.0178713
0.0178733
0.0178531
0.0178561
0.0178364
0.0178405
0.0178211
0.0178262
0.0178072
0.0178135
0.0177949
0.0178024
0.0177842
0.0177928
0.0177751
0.0177849
0.0177676
0.0177786
0.0177619
0.017774
0.0177578
0.0177712
0.0177556
0.0177702
0.0177552
0.0177711
0.0177566
0.0177738
0.01776
0.0177784
0.0177653
0.017785
0.0177725
0.0177936
0.0177818
0.0178042
0.0177932
0.0178168
0.0178067
0.0178316
0.0178222
0.0178485
0.01784
0.0178676
0.01786
0.0178889
0.0178822
0.0179125
0.0179067
0.0179383
0.0179335
0.0179665
0.0179626
0.0179969
0.0179941
0.0180298
0.0180281
0.0180651
0.0180644
0.0181028
0.0181032
0.018143
0.0181446
0.0181856
0.0181884
0.0182308
0.0182348
0.0182785
0.0182837
0.0183288
0.0183353
0.0183817
0.0183894
0.0184371
0.0184462
0.0184952
0.0185056
0.0185559
0.0185677
0.0186193
0.0186325
0.0186853
0.0186999
0.018754
0.0187701
0.0188254
0.018843
0.0188995
0.0189186
0.0189763
0.0189969
0.0190558
0.019078
0.019138
0.0191618
0.019223
0.0192484
0.0193106
0.0193377
0.019401
0.0194297
0.019494
0.0195244
0.0195898
0.0196219
0.0196883
0.019722
0.0197894
0.0198249
0.0198932
0.0199305
0.0199997
0.0200387
0.0201088
0.0201495
0.0202205
0.0202631
0.0203348
0.0203792
0.0204517
0.0204978
0.0205711
0.0206191
0.020693
0.0207429
0.0208175
0.0208691
0.0209444
0.0209978
0.0210737
0.021129
0.0212053
0.0212625
0.0213394
0.0213983
0.0214757
0.0215365
0.0216142
0.0216769
0.021755
0.0218195
0.0218979
0.0219642
0.022043
0.0221111
0.02219
0.02226
0.0223391
0.0224108
0.0224901
0.0225636
0.022643
0.0227182
0.0227977
0.0228747
0.0229541
0.0230328
0.0231122
0.0231926
0.0232719
0.023354
0.0234331
0.023517
0.0235958
0.0236813
0.0237598
0.023847
0.0239252
0.0240139
0.0240918
0.0241821
0.0242595
0.0243514
0.0244283
0.0245217
0.024598
0.0246929
0.0247686
0.024865
0.0249401
0.0250378
0.0251122
0.0252113
0.0252824
0.0253947
0.0254577
0.025556
0.0256257
0.0257383
0.0258
0.0259009
0.0259694
0.0260831
0.0261435
0.0262468
0.0263135
0.0264284
0.0264874
0.026593
0.0266576
0.0267737
0.026831
0.0269384
0.0270016
0.0271107
0.027176
0.0272937
0.0273518
0.0274569
0.0275223
0.0276287
0.0276958
0.0278102
0.027869
0.0279714
0.0280387
0.0281418
0.0282102
0.0283132
0.0283821
0.0284938
0.028553
0.0286507
0.0287199
0.0288178
0.0288875
0.0289848
0.0290547
0.0291511
0.0292211
0.0293164
0.0293865
0.0294886
0.0295467
0.0296359
0.0297055
0.0297948
0.0298647
0.0299517
0.0300216
0.0301061
0.0301758
0.0302571
0.0303265
0.0304055
0.0304747
0.0305514
0.0306202
0.0306945
0.030763
0.030835
0.030903
0.0309725
0.0310401
0.0311072
0.0311742
0.0312388
0.0313053
0.0313673
0.0314332
0.0314926
0.0315578
0.0316147
0.0316792
0.0317333
0.0317971
0.0318486
0.0319116
0.0319603
0.0320225
0.0320685
0.0321299
0.032173
0.0322335
0.0322738
0.0323334
0.0323709
0.0324294
0.032464
0.0325216
0.0325533
0.0326099
0.0326387
0.0326941
0.03272
0.0327744
0.0327973
0.0328505
0.0328705
0.0329225
0.0329395
0.0329904
0.0330044
0.033054
0.033065
0.0331134
0.0331214
0.0331685
0.0331735
0.0332194
0.0332213
0.0332659
0.0332648
0.033308
0.033304
0.0333458
0.0333387
0.0333792
0.0333691
0.0334082
0.0333952
0.0334328
0.0334168
0.033453
0.033434
0.0334689
0.0334469
0.0334803
0.0334554
0.0334873
0.0334595
0.0334899
0.0334592
0.0334882
0.0334546
0.0334821
0.0334456
0.0334716
0.0334323
0.0334569
0.0334148
0.0334379
0.033393
0.0334146
0.0333669
0.033387
0.0333367
0.0333553
0.0333023
0.0333194
0.0332638
0.0332794
0.0332212
0.0332354
0.0331745
0.0331873
0.0331239
0.0331352
0.0330694
0.0330792
0.0330109
0.0330194
0.0329487
0.0329557
0.0328827
0.0328883
0.0328129
0.0328171
0.0327396
0.0327424
0.0326626
0.0326641
0.0325822
0.0325823
0.0324983
0.0324971
0.032411
0.0324085
0.0323205
0.0323167
0.0322267
0.0322217
0.0321298
0.0321235
0.0320298
0.0320223
0.0319269
0.0319182
0.031821
0.0318111
0.0317124
0.0317013
0.031601
0.0315888
0.0314869
0.0314737
0.0313703
0.031356
0.0312513
0.0312359
0.0311298
0.0311134
0.0310061
0.0309887
0.0308802
0.0308618
0.0307522
0.0307329
0.0306221
0.0306019
0.0304902
0.0304691
0.0303564
0.0303344
0.0302208
0.0301981
0.0300837
0.0300601
0.029945
0.0299207
0.0298048
0.0297798
0.0296633
0.0296376
0.0295205
0.0294941
0.0293766
0.0293495
0.0292315
0.0292039
0.0290855
0.0290573
0.0289386
0.0289099
0.028791
0.0287616
0.0286426
0.0286128
0.0284936
0.0284633
0.028344
0.0283133
0.0281941
0.028163
0.0280438
0.0280123
0.0278932
0.0278614
0.0277425
0.0277104
0.0275917
0.0275593
0.0274409
0.0274082
0.0272902
0.0272573
0.0271397
0.0271066
0.0269895
0.0269562
0.0268396
0.0268061
0.0266901
0.0266565
0.0265411
0.0265074
0.0263926
0.0263589
0.0262449
0.0262111
0.0260978
0.026064
0.0259516
0.0259177
0.0258062
0.0257724
0.0256618
0.025628
0.0255183
0.0254846
0.025376
0.0253424
0.0252348
0.0252013
0.0250948
0.0250614
0.024956
0.0249228
0.0248186
0.0247856
0.0246826
0.0246497
0.024548
0.0245153
0.0244149
0.0243824
0.0242833
0.0242511
0.0241533
0.0241214
0.024025
0.0239934
0.0238984
0.0238671
0.0237735
0.0237425
0.0236504
0.0236197
0.0235292
0.0234988
0.0234097
0.0233797
0.0232922
0.0232625
0.0231767
0.0231473
0.023063
0.0230341
0.0229514
0.0229229
0.0228419
0.0228137
0.0227344
0.0227066
0.0226289
0.0226016
0.0225256
0.0224987
0.0224244
0.022398
0.0223254
0.0222994
0.0222285
0.022203
0.0221339
0.0221088
0.0220414
0.0220167
0.0219511
0.021927
0.0218631
0.0218394
0.0217773
0.0217541
0.0216937
0.021671
0.0216124
0.0215901
0.0215333
0.0215115
0.0214565
0.0214352
0.021382
0.0213611
0.0213097
0.0212893
0.0212396
0.0212197
0.0211718
0.0211524
0.0211062
0.0210872
0.0210428
0.0210243
0.0209816
0.0209636
0.0209227
0.0209052
0.0208659
0.0208489
0.0208113
0.0207947
0.0207589
0.0207427
0.0207086
0.0206929
0.0206604
0.0206451
0.0206143
0.0205995
0.0205703
0.0205559
0.0205283
0.0205144
0.0204884
0.0204748
0.0204504
0.0204373
0.0204144
0.0204017
0.0203804
0.0203681
0.0203483
0.0203364
0.020318
0.0203065
0.0202896
0.0202785
0.020263
0.0202522
0.0202382
0.0202278
0.0202151
0.0202051
0.0201938
0.020184
0.0201741
0.0201646
0.020156
0.0201469
0.0201395
0.0201307
0.0201246
0.0201161
0.0201112
0.0201029
0.0200992
0.0200912
0.0200887
0.020081
0.0200795
0.0200721
0.0200717
0.0200645
0.0200652
0.0200582
0.02006
0.0200531
0.0200559
0.0200493
0.020053
0.0200466
0.0200512
0.020045
0.0200505
0.0200444
0.0200509
0.0200449
0.0200522
0.0200463
0.0200544
0.0200487
0.0200575
0.0200519
0.0200615
0.020056
0.0200662
0.0200608
0.0200717
0.0200664
0.0200779
0.0200727
0.0200848
0.0200796
0.0200923
0.0200871
0.020101
0.0200947
0.0201089
0.0201025
0.020117
0.0201106
0.0201253
0.0201189
0.0201338
0.0201274
0.0201425
0.0201361
0.0201514
0.020145
0.0201603
0.0201539
0.0201694
0.020163
0.0201785
0.020172
0.0201875
0.020181
0.0201967
0.0201901
0.0202059
0.0201993
0.0202153
0.0202088
0.0202248
0.0202185
0.0202346
0.0202287
0.020245
0.0202389
0.0202586
0.0202505
0.0202651
0.0202572
0.0202724
0.0202649
0.0202802
0.0202733
0.0202917
0.0202829
0.0202967
0.0202881
0.0203025
0.0202944
0.020309
0.0203014
0.0203195
0.0203106
0.0203234
0.020314
0.0203272
0.0203189
0.0203352
0.0203255
0.0203374
0.0203275
0.0203398
0.0203309
0.0203465
0.0203364
0.0203473
0.0203368
0.0203481
0.0203385
0.0203536
0.0203431
0.0203525
0.0203416
0.0203541
0.0203425
0.0203511
0.0203398
0.0203514
0.0203393
0.0203469
0.0203352
0.0203459
0.0203334
0.02034
0.0203279
0.0203377
0.0203248
0.0203302
0.0203177
0.0203265
0.0203132
0.0203175
0.0203045
0.0203123
0.0202985
0.0203017
0.0202881
0.0202951
0.0202808
0.0202828
0.0202686
0.0202746
0.0202598
0.0202607
0.0202458
0.0202509
0.0202356
0.0202353
0.0202198
0.0202238
0.020208
0.0202065
0.0201905
0.0201934
0.0201771
0.0201744
0.0201578
0.0201597
0.0201428
0.0201389
0.0201217
0.0201225
0.0201051
0.0201
0.0200822
0.0200819
0.020064
0.0200577
0.0200393
0.0200379
0.0200196
0.0200121
0.019993
0.0199906
0.0199717
0.0199631
0.0199435
0.01994
0.0199205
0.0199125
0.0198923
0.019882
0.0198616
0.0198562
0.019836
0.0198262
0.0198054
0.0197934
0.0197722
0.0197653
0.0197443
0.0197329
0.0197114
0.0196995
0.0196778
0.0196636
0.0196414
0.0196325
0.0196105
0.019597
0.0195747
0.0195607
0.0195381
0.0195235
0.0195007
0.0194857
0.0194627
0.0194471
0.0194239
0.0194079
0.0193846
0.0193681
0.0193446
0.0193277
0.019304
0.0192867
0.0192629
0.0192451
0.0192211
0.019203
0.0191788
0.0191603
0.019136
0.019117
0.0190926
0.0190733
0.0190487
0.019029
0.0190044
0.0189843
0.0189595
0.0189391
0.0189142
0.0188934
0.0188684
0.0188473
0.0188223
0.0188008
0.0187757
0.0187539
0.0187287
0.0187066
0.0186813
0.0186589
0.0186336
0.0186109
0.0185855
0.0185625
0.0185372
0.0185138
0.0184885
0.0184649
0.0184395
0.0184156
0.0183903
0.0183661
0.0183408
0.0183164
0.018291
0.0182664
0.0182411
0.0182162
0.0181909
0.0181658
0.0181406
0.0181152
0.01809
0.0180645
0.0180394
0.0180136
0.0179886
0.0179626
0.0179376
0.0179114
0.0178866
0.0178602
0.0178355
0.0178089
0.0177843
0.0177575
0.0177331
0.0177056
0.0176821
0.0176539
0.0176312
0.0176033
0.0175805
0.0175526
0.0175299
0.017502
0.0174794
0.0174514
0.0174289
0.0174008
0.0173784
0.0173503
0.0173279
0.0172998
0.0172775
0.0172494
0.0172272
0.017199
0.0171769
0.0171487
0.0171267
0.0170987
0.0170771
0.0170486
0.0170272
0.0169988
0.0169775
0.016949
0.016928
0.0168998
0.0168792
0.0168505
0.0168302
0.0168015
0.0167815
0.0167528
0.0167332
0.0167044
0.0166852
0.0166564
0.0166375
0.0166087
0.0165903
0.0165614
0.0165434
0.0165145
0.0164969
0.016468
0.0164507
0.0164218
0.016405
0.016376
0.0163596
0.0163306
0.0163146
0.0162855
0.01627
0.0162408
0.0162258
0.0161965
0.0161819
0.0161525
0.0161385
0.016109
0.0160954
0.0160657
0.0160526
0.0160229
0.0160102
0.0159804
0.0159682
0.0159382
0.0159266
0.0158964
0.0158853
0.0158549
0.0158444
0.0158138
0.0158038
0.0157731
0.0157636
0.0157327
0.0157237
0.0156926
0.0156841
0.0156528
0.015645
0.0156134
0.0156061
0.0155743
0.0155676
0.0155356
0.0155294
0.0154972
0.0154916
0.0154591
0.0154541
0.0154213
0.015417
0.0153839
0.0153802
0.0153468
0.0153437
0.0153101
0.0153076
0.0152736
0.0152718
0.0152375
0.0152363
0.0152017
0.0152012
0.0151663
0.0151665
0.0151312
0.015132
0.0150964
0.015098
0.015062
0.0150643
0.015028
0.0150309
0.0149943
0.0149979
0.0149609
0.0149653
0.0149279
0.0149331
0.0148954
0.0149013
0.0148631
0.0148698
0.0148313
0.0148388
0.0147999
0.0148082
0.0147689
0.014778
0.0147384
0.0147483
0.0147083
0.014719
0.0146786
0.0146902
0.0146494
0.0146618
0.0146208
0.014634
0.0145926
0.0146067
0.0145649
0.0145799
0.0145378
0.0145537
0.0145113
0.0145281
0.0144853
0.0145031
0.01446
0.0144786
0.0144353
0.0144549
0.0144112
0.0144318
0.0143879
0.0144094
0.0143652
0.0143878
0.0143433
0.0143669
0.0143222
0.0143468
0.0143019
0.0143276
0.0142825
0.0143092
0.0142639
0.0142916
0.0142463
0.014275
0.0142295
0.0142594
0.0142138
0.0142448
0.0141991
0.0142312
0.0141855
0.0142187
0.014173
0.0142073
0.0141616
0.0141971
0.0141514
0.0141881
0.0141425
0.0141803
0.0141348
0.0141738
0.0141285
0.0141687
0.0141236
0.014165
0.0141201
0.0141627
0.0141181
0.0141619
0.0141176
0.0141626
0.0141186
0.0141649
0.0141213
0.0141689
0.0141257
0.0141746
0.0141319
0.014182
0.0141398
0.0141912
0.0141496
0.0142022
0.0141612
0.0142152
0.0141748
0.0142301
0.0141904
0.014247
0.0142081
0.014266
0.0142279
0.0142871
0.0142499
0.0143104
0.0142741
0.014433
0.0144121
0.0145111
0.0144808
0.0145734
0.014539
0.0146294
0.014593
0.0146826
0.0146451
0.0147347
0.0146969
0.0147871
0.0147494
0.0148406
0.0148032
0.0148955
0.0148587
0.0149524
0.0149162
0.0150113
0.0149759
0.0150724
0.0150378
0.0151358
0.0152374
0.0153571
0.0153738
0.0154764
0.0154906
0.0155895
0.0155954
0.0156912
0.0156947
0.0157892
0.0157912
0.0158851
0.0158867
0.0159807
0.0159824
0.0160768
0.016079
0.0161741
0.0161772
0.0162731
0.0162772
0.016374
0.0163793
0.016477
0.0164836
0.0165823
0.0165903
0.0166899
0.0166992
0.0167998
0.0168025
0.0169181
0.0169231
0.0170382
0.0170448
0.0171608
0.0171689
0.0172859
0.0172956
0.0174134
0.0174247
0.0175433
0.0175562
0.0176756
0.01769
0.0178102
0.0178262
0.017947
0.0179646
0.0180861
0.0181052
0.0182274
0.0182481
0.0183708
0.0183931
0.0185163
0.0185402
0.0186639
0.0186893
0.0188136
0.0188405
0.0189651
0.0189936
0.0191186
0.0191486
0.019274
0.0193055
0.0194311
0.0194642
0.0195901
0.0196246
0.0197507
0.0197866
0.0199129
0.0199503
0.0200767
0.0201155
0.020242
0.0202823
0.0204087
0.0204504
0.0205768
0.0206199
0.0207462
0.0207906
0.0209168
0.0209626
0.0210886
0.0211357
0.0212615
0.0213099
0.0214354
0.021485
0.0216102
0.0216611
0.0217858
0.0218379
0.0219622
0.0220156
0.0221393
0.0221938
0.022317
0.0223727
0.0224953
0.022552
0.0226739
0.0227318
0.022853
0.0229119
0.0230323
0.0230922
0.0232118
0.0232727
0.0233913
0.0234532
0.0235709
0.0236337
0.0237504
0.0238141
0.0239297
0.0239943
0.0241088
0.0241742
0.0242875
0.0243537
0.0244658
0.0245327
0.0246435
0.0247111
0.0248206
0.0248889
0.024997
0.0250659
0.0251726
0.0252421
0.0253473
0.0254174
0.025519
0.0255976
0.0256935
0.0257625
0.025861
0.0259392
0.0260318
0.0261017
0.0261972
0.0262754
0.0263646
0.0264352
0.0265276
0.0266058
0.0266914
0.0267626
0.0268516
0.0269246
0.027012
0.0270919
0.0271729
0.0272446
0.0273282
0.027401
0.0274829
0.0275613
0.0276359
0.0277079
0.0277855
0.027858
0.0279339
0.0280065
0.0280804
0.0281531
0.0282248
0.0282973
0.0283669
0.0284391
0.0285063
0.0285779
0.0286423
0.0287136
0.0287754
0.0288464
0.0289057
0.0289764
0.029033
0.0291034
0.0291574
0.0292274
0.0292788
0.0293483
0.0293971
0.0294662
0.0295123
0.0295808
0.0296242
0.0296922
0.0297329
0.0298003
0.0298382
0.029905
0.0299402
0.0300064
0.0300387
0.0301042
0.0301338
0.0301986
0.0302253
0.0302894
0.0303132
0.0303765
0.0303974
0.03046
0.030478
0.0305398
0.0305549
0.0306158
0.0306279
0.030688
0.0306972
0.0307563
0.0307626
0.0308208
0.0308241
0.0308814
0.0308818
0.0309381
0.0309354
0.0309908
0.0309851
0.0310395
0.0310308
0.0310841
0.0310725
0.0311248
0.0311101
0.0311613
0.0311436
0.0311938
0.031173
0.0312221
0.0311984
0.0312463
0.0312196
0.0312664
0.0312366
0.0312823
0.0312496
0.0312941
0.0312583
0.0313017
0.031263
0.0313052
0.0312634
0.0313044
0.0312597
0.0312995
0.0312518
0.0312904
0.0312397
0.0312771
0.0312235
0.0312597
0.0312031
0.0312381
0.0311786
0.0312123
0.0311499
0.0311824
0.0311171
0.0311483
0.0310802
0.0311102
0.0310392
0.0310679
0.0309941
0.0310215
0.0309449
0.0309711
0.0308917
0.0309166
0.0308344
0.0308581
0.0307732
0.0307956
0.0307079
0.0307291
0.0306388
0.0306587
0.0305657
0.0305844
0.0304887
0.0305062
0.0304078
0.0304241
0.0303232
0.0303382
0.0302347
0.0302485
0.0301425
0.0301551
0.0300466
0.030058
0.029947
0.0299572
0.0298437
0.0298528
0.0297369
0.0297448
0.0296266
0.0296333
0.0295127
0.0295182
0.0293954
0.0293998
0.0292746
0.0292779
0.0291505
0.0291493
0.0290243
0.0290231
0.028896
0.0288943
0.0287649
0.0287627
0.0286309
0.0286281
0.028494
0.0284906
0.028354
0.02835
0.0282112
0.0282066
0.0280654
0.0280602
0.0279167
0.027911
0.0277653
0.027759
0.0276113
0.0276046
0.0274546
0.0274476
0.0272951
0.0272878
0.0271334
0.027126
0.0269702
0.0269627
0.0268056
0.0267979
0.0266396
0.0266317
0.0264722
0.0264642
0.0263035
0.0262954
0.0261336
0.0261254
0.0259625
0.0259542
0.0257902
0.0257819
0.0256169
0.0256085
0.0254425
0.025434
0.0252671
0.0252586
0.0250907
0.0250822
0.0249135
0.0249049
0.0247353
0.0247268
0.0245564
0.0245478
0.0243767
0.0243681
0.0241963
0.0241877
0.0240153
0.0240066
0.0238336
0.023825
0.0236514
0.0236428
0.0234686
0.02346
0.0232854
0.0232769
0.0231018
0.0230933
0.0229178
0.0229094
0.0227336
0.0227252
0.022549
0.0225407
0.0223643
0.022356
0.0221794
0.0221712
0.0219944
0.0219862
0.0218093
0.0218013
0.0216242
0.0216163
0.0214391
0.0214313
0.0212542
0.0212464
0.0210693
0.0210617
0.0208846
0.0208771
0.0207002
0.0206928
0.020516
0.0205087
0.0203321
0.020325
0.0201485
0.0201416
0.0199654
0.0199586
0.0197827
0.019776
0.0196001
0.0195936
0.0194181
0.0194116
0.0192374
0.0192316
0.0190588
0.0190544
0.018883
0.0187271
0.0184823
0.0184202
0.0180412
0.0178481
0.0176125
0.0175472
0.0173175
0.0172683
0.0170594
0.0170246
0.0168265
0.0168021
0.0166113
0.0165932
0.0164073
0.0163935
0.016211
0.0162002
0.0160201
0.0160113
0.015833
0.0158257
0.0156486
0.0156423
0.0154661
0.0154606
0.0152852
0.0152803
0.0151054
0.015101
0.0149267
0.0149225
0.0147487
0.0147448
0.0145715
0.0145679
0.0143949
0.0143916
0.014219
0.0142159
0.0140438
0.014041
0.0138693
0.0138667
0.0136955
0.0136931
0.0135223
0.0135201
0.0133499
0.013348
0.0131782
0.0131765
0.0130073
0.0130059
0.0128371
0.012836
0.0126678
0.012667
0.0124994
0.0124988
0.0123318
0.0123315
0.0121651
0.0121651
0.0119992
0.0119996
0.0118344
0.011835
0.0116705
0.0116714
0.0115075
0.0115088
0.0113456
0.0113472
0.0111846
0.0111866
0.0110247
0.011027
0.0108659
0.0108685
0.0107081
0.0107111
0.0105514
0.0105548
0.0103958
0.0103996
0.0102413
0.0102455
0.010088
0.0100925
0.00993578
0.00994074
0.00978475
0.00979011
0.00963489
0.00964066
0.00948622
0.00949241
0.00933876
0.00934537
0.00919251
0.00919954
0.00904748
0.00905495
0.00890369
0.0089116
0.00876116
0.00876951
0.00861988
0.00862868
0.00847988
0.00848914
0.00834116
0.00835088
0.00820373
0.00821391
0.0080676
0.00807826
0.00793278
0.00794392
0.00779929
0.00781091
0.00766713
0.00767924
0.0075363
0.00754892
0.00740683
0.00741995
0.00727872
0.00729234
0.00715198
0.00716611
0.00702661
0.00704126
0.00690263
0.00691781
0.00678004
0.00679575
0.00665886
0.00667511
0.00653909
0.00655589
0.00642074
0.00643809
0.00630383
0.00632173
0.00618835
0.00620682
0.00607433
0.00609337
0.00596176
0.00598138
0.00585067
0.00587087
0.00574105
0.00576184
0.00563292
0.0056543
0.00552629
0.00554828
0.00542117
0.00544377
0.00531756
0.00534078
0.00521549
0.00523933
0.00511495
0.00513943
0.00501597
0.00504109
0.00491855
0.00494432
0.00482271
0.00484913
0.00472845
0.00475553
0.00463579
0.00466355
0.00454474
0.00457317
0.00445531
0.00448443
0.00436752
0.00439734
0.00428138
0.0043119
0.0041969
0.00422813
0.0041141
0.00414605
0.00403299
0.00406567
0.00395359
0.003987
0.0038759
0.00391006
0.00379995
0.00383486
0.00372575
0.00376141
0.00365331
0.00368975
0.00358265
0.00361987
0.00351379
0.0035518
0.00344675
0.00348554
0.00338153
0.00342113
0.00331817
0.00335857
0.00325666
0.00329789
0.00319704
0.00323909
0.00313931
0.0031822
0.00308652
0.00312596
0.00303072
0.00307074
0.00297635
0.00301717
0.00292374
0.00296544
0.00287301
0.00291563
0.00282423
0.0028678
0.00277746
0.00282201
0.00273274
0.00277828
0.0026901
0.00273665
0.00264959
0.00269716
0.00261121
0.00265981
0.00257501
0.00262464
0.002541
0.00259168
0.00250919
0.00256093
0.00247963
0.00253242
0.00245231
0.00250617
0.00242727
0.00248221
0.00240452
0.00246054
0.00238409
0.00244118
0.00236598
0.00242417
0.00235022
0.0024095
0.00233684
0.00239721
0.00232583
0.00238731
0.00231724
0.00237982
0.00231106
0.00237476
0.00230733
0.00237213
0.00230605
0.00237197
0.00230725
0.00237428
0.00231094
0.00237909
0.00231714
0.00238641
0.00232586
0.00239625
0.00233712
0.00240863
0.00235093
0.00242356
0.00236732
0.00244106
0.00238629
0.00246115
0.00240786
0.00248383
0.00243204
0.00250913
0.00245884
0.002537
0.00248822
0.00256746
0.00252016
0.00260056
0.00255471
0.00263653
0.00259211
0.00267544
0.00263245
0.00271705
0.00267551
0.00276081
0.00272071
0.0028067
0.00276806
0.00285472
0.00281756
0.00290489
0.00286921
0.0029572
0.00292304
0.00301167
0.00297903
0.00306831
0.00303721
0.00312711
0.00309757
0.00318809
0.00316012
0.00325124
0.00322487
0.00331659
0.00329182
0.00338411
0.00336098
0.00345383
0.00343234
0.00352574
0.0035059
0.00359984
0.00358167
0.00367612
0.00365964
0.00375459
0.00373981
0.00383524
0.00382218
0.00391806
0.00390673
0.00400305
0.00399347
0.0040902
0.00408238
0.0041795
0.00417345
0.00427095
0.00426667
0.00436452
0.00436204
0.00446021
0.00445953
0.004558
0.00455914
0.00465788
0.00466085
0.00475983
0.00476464
0.00486384
0.0048705
0.00496988
0.0049784
0.00507794
0.00508833
0.005188
0.00520027
0.00530003
0.00531418
0.00541402
0.00543006
0.00552993
0.00554788
0.00564775
0.00566761
0.00576746
0.00578923
0.00588901
0.0059127
0.00601239
0.00603801
0.00613757
0.00616512
0.00626458
0.00629408
0.00639338
0.00642487
0.0065237
0.00655718
0.00665521
0.0066907
0.00678759
0.00682457
0.00692139
0.00695797
0.00705472
0.00709181
0.00718845
0.00722729
0.00732388
0.00736453
0.00746106
0.00750352
0.00759996
0.00764424
0.00774057
0.00778665
0.00788284
0.00793071
0.00802673
0.00807638
0.00817221
0.00822363
0.00846994
0.00857778
0.00872488
0.00903075
0.00921366
0.00935312
0.00949122
0.00960046
0.0097443
0.00984257
0.00996695
0.0100591
0.0101757
0.0102638
0.0103753
0.0104614
0.0105692
0.0106547
0.0107599
0.0108457
0.0109489
0.0110355
0.0111371
0.0112249
0.0113253
0.0114146
0.0115139
0.0116049
0.0117033
0.0117961
0.0118935
0.0119874
0.0120858
0.0121792
0.0122794
0.012372
0.012474
0.0125657
0.0126695
0.0127603
0.0128659
0.0129558
0.0130632
0.0131522
0.0132613
0.0133493
0.0134602
0.0135472
0.0136599
0.0137459
0.0138602
0.0139451
0.0140612
0.014145
0.0142627
0.0143454
0.0144648
0.0145463
0.0146673
0.0147476
0.0148702
0.0149493
0.0150735
0.0151513
0.0152771
0.0153536
0.0154809
0.015556
0.0156848
0.0157587
0.015889
0.0159614
0.0160931
0.0161641
0.0162973
0.0163668
0.0165015
0.0165695
0.0167055
0.016772
0.0169094
0.0169744
0.0171131
0.0171765
0.0173165
0.0173782
0.0175196
0.0175796
0.0177223
0.0177807
0.0179247
0.0179816
0.0181267
0.0181824
0.0183287
0.0183832
0.0185306
0.0185839
0.0187328
0.0187849
0.0189353
0.018986
0.0191383
0.0191874
0.0193416
0.0193888
0.0195443
0.0195896
0.0197463
0.0197898
0.0199476
0.0199891
0.0201481
0.0201877
0.0203478
0.0203853
0.0205465
0.0205821
0.0207444
0.0207779
0.0209412
0.0209728
0.021137
0.0211665
0.0213318
0.0213592
0.0215254
0.0215508
0.0217179
0.0217413
0.0219093
0.0219305
0.0220994
0.0221185
0.0222882
0.0223053
0.0224758
0.0224908
0.0226621
0.0226749
0.022847
0.0228577
0.0230305
0.0230391
0.0232126
0.023219
0.0233932
0.0233975
0.0235724
0.0235746
0.0237501
0.0237501
0.0239263
0.0239241
0.0241009
0.0240966
0.0242739
0.0242675
0.0244454
0.0244368
0.0246152
0.0246045
0.0247834
0.0247706
0.02495
0.024935
0.0251148
0.0250978
0.025278
0.0252589
0.0254395
0.0254183
0.0255993
0.025576
0.0257575
0.025732
0.0259139
0.0258862
0.0260615
0.0260419
0.0262195
0.0261973
0.0263756
0.0263515
0.0265303
0.0265043
0.0266834
0.0266554
0.0268349
0.0268049
0.0269846
0.0269527
0.0271326
0.0270987
0.0272789
0.027243
0.0274233
0.0273855
0.027566
0.0275262
0.0277069
0.0276651
0.0278459
0.0278023
0.0279832
0.0279377
0.0281187
0.0280713
0.0282525
0.0282032
0.0283844
0.0283333
0.0285146
0.0284617
0.028643
0.0285884
0.0287697
0.0287133
0.0288947
0.0288366
0.029018
0.0289581
0.0291395
0.029078
0.0292594
0.0291962
0.0293776
0.0293128
0.0294942
0.0294277
0.0296091
0.0295411
0.0297224
0.0296528
0.0298341
0.029763
0.0299443
0.0298717
0.0300528
0.0299788
0.0301599
0.0300844
0.0302654
0.0301885
0.0303694
0.0302912
0.030472
0.0303924
0.0305732
0.0304922
0.0306729
0.0305907
0.0307712
0.0306877
0.0308681
0.0307835
0.0309637
0.0308779
0.031058
0.030971
0.031151
0.0310629
0.0312428
0.0311535
0.0313333
0.0312429
0.0314225
0.0313312
0.0315106
0.0314183
0.0315976
0.0315042
0.0316834
0.0315891
0.0317681
0.0316729
0.0318517
0.0317556
0.0319343
0.0318374
0.0320159
0.0319181
0.0320965
0.0319979
0.0321761
0.0320767
0.0322547
0.0321547
0.0323325
0.0322317
0.0324094
0.0323079
0.0324854
0.0323833
0.0325606
0.0324579
0.032635
0.0325317
0.0327086
0.0326048
0.0327815
0.0326771
0.0328536
0.0327487
0.0329251
0.0328197
0.0329958
0.03289
0.0330659
0.0329597
0.0331354
0.0330288
0.0332043
0.0330973
0.0332726
0.0331653
0.0333403
0.0332327
0.0334075
0.0332996
0.0334742
0.033366
0.0335403
0.0334319
0.033606
0.0334974
0.0336713
0.0335625
0.0337361
0.0336271
0.0338004
0.0336913
0.0338644
0.0337551
0.0339279
0.0338186
0.0339911
0.0338817
0.0340539
0.0339445
0.0341164
0.0340069
0.0341785
0.034069
0.0342403
0.0341308
0.0343017
0.0341923
0.0343629
0.0342535
0.0344237
0.0343144
0.0344843
0.034375
0.0345445
0.0344354
0.0346045
0.0344954
0.0346642
0.0345553
0.0347236
0.0346148
0.0347827
0.0346741
0.0348416
0.0347332
0.0349002
0.0347919
0.0349585
0.0348504
0.0350165
0.0349087
0.0350742
0.0349667
0.0351317
0.0350243
0.0351888
0.0350817
0.0352457
0.0351388
0.0353022
0.0351956
0.0353584
0.0352521
0.0354143
0.0353083
0.0354698
0.0353641
0.0355249
0.0354196
0.0355797
0.0354747
0.0356341
0.0355294
0.0356881
0.0355837
0.0357416
0.0356376
0.0357947
0.035691
0.0358474
0.035744
0.0358995
0.0357965
0.0359511
0.0358485
0.0360022
0.0358999
0.0360527
0.0359508
0.0361026
0.0360011
0.0361519
0.0360507
0.0362006
0.0360997
0.0362486
0.0361481
0.0362958
0.0361957
0.0363423
0.0362425
0.036388
0.0362886
0.0364329
0.0363339
0.036477
0.0363783
0.0365201
0.0364218
0.0365623
0.0364643
0.0366036
0.0365059
0.0366438
0.0365465
0.036683
0.036586
0.0367211
0.0366244
0.036758
0.0366617
0.0367938
0.0366978
0.0368283
0.0367326
0.0368616
0.0367661
0.0368935
0.0367984
0.036924
0.0368292
0.0369531
0.0368586
0.0369808
0.0368865
0.0370069
0.0369129
0.0370315
0.0369377
0.0370544
0.0369609
0.0370756
0.0369823
0.0370951
0.037002
0.0371129
0.03702
0.0371287
0.037036
0.0371427
0.0370502
0.0371548
0.0370624
0.0371648
0.0370726
0.0371727
0.0370807
0.0371786
0.0370867
0.0371823
0.0370905
0.0371837
0.037092
0.0371828
0.0370912
0.0371796
0.0370881
0.037174
0.0370825
0.0371659
0.0370745
0.0371553
0.037064
0.0371422
0.0370508
0.0371264
0.037035
0.0371079
0.0370165
0.0370867
0.0369953
0.0370626
0.0369712
0.0370357
0.0369442
0.0370059
0.0369143
0.0369731
0.0368815
0.0369373
0.0368456
0.0368984
0.0368065
0.0368564
0.0367644
0.0368112
0.036719
0.0367628
0.0366704
0.036711
0.0366185
0.0366559
0.0365632
0.0365975
0.0365045
0.0365355
0.0364424
0.0364701
0.0363767
0.0364012
0.0363075
0.0363286
0.0362347
0.0362525
0.0361582
0.0361726
0.0360781
0.036089
0.0359942
0.0360017
0.0359065
0.0359105
0.035815
0.0358155
0.0357196
0.0357166
0.0356204
0.0356138
0.0355171
0.035507
0.03541
0.0353962
0.0352988
0.0352814
0.0351835
0.0351625
0.0350642
0.0350396
0.0349407
0.0349125
0.0348131
0.0347812
0.0346814
0.0346458
0.0345454
0.0345061
0.0344052
0.0343622
0.0342608
0.0342141
0.0341121
0.0340617
0.0339592
0.033905
0.0338019
0.033744
0.0336403
0.0335787
0.0334744
0.033409
0.033304
0.0332349
0.0331292
0.0330562
0.0329498
0.0328728
0.0327658
0.032685
0.032577
0.0324927
0.0323827
0.0322948
