0 
0.0166636 
0.0333086 
0.0499167 
0.0664693 
0.0829481 
0.0993347 
0.115611 
0.131759 
0.14776 
0.163597 
0.179253 
0.194709 
0.209949 
0.224956 
0.239713 
0.254203 
0.268411 
0.282321 
0.295917 
0.309185 
0.322109 
0.334675 
0.346869 
0.358678 
0.370088 
0.381088 
0.391663 
0.401804 
0.411498 
0.420735 
0.429505 
0.437798 
0.445604 
0.452915 
0.459722 
0.46602 
0.471799 
0.477054 
0.481779 
0.485969 
0.489619 
0.492725 
0.495283 
0.497292 
0.498747 
0.499649 
0.499996 
0.499787 
0.499023 
0.497704 
0.495832 
0.49341 
0.490439 
0.486924 
0.482867 
0.478274 
0.47315 
0.4675 
0.461331 
0.454649 
0.447462 
0.439777 
0.431605 
0.422952 
0.41383 
0.404248 
0.394217 
0.383748 
0.372853 
0.361543 
0.349832 
0.337732 
0.325256 
0.31242 
0.299236 
0.28572 
0.271886 
0.257751 
0.243329 
0.228636 
0.21369 
0.198506 
0.183102 
0.167494 
0.1517 
0.135738 
0.119625 
0.103379 
0.0870176 
0.07056 
0.054024 
0.037428 
0.0207903 
0.00412961 
-0.0125357 
-0.0291871 
-0.045806 
-0.0623741 
-0.0788728 
-0.095284 
-0.111589 
-0.127771 
-0.14381 
-0.159689 
-0.175392 
-0.190899 
-0.206194 
-0.22126 
-0.236081 
-0.250639 
-0.264918 
-0.278903 
-0.292579 
-0.305929 
-0.318939 
-0.331595 
-0.343883 
-0.355789 
-0.367299 
-0.378401 
-0.389083 
-0.399333 
-0.409139 
-0.41849 
-0.427376 
-0.435788 
-0.443715 
-0.45115 
-0.458083 
-0.464507 
-0.470415 
-0.475801 
-0.480658 
-0.484981 
-0.488765 
-0.492006 
-0.494701 
-0.496846 
-0.498438 
-0.499477 
-0.499962 
-0.49989 
-0.499264 
-0.498082 
-0.496348 
-0.494061 
-0.491226 
-0.487845 
-0.483923 
-0.479462 
-0.474469 
-0.468949 
-0.462907 
-0.456352 
-0.449289 
-0.441727 
-0.433675 
-0.42514 
-0.416134 
-0.406665 
-0.396744 
-0.386382 
-0.375591 
-0.364383 
-0.35277 
-0.340765 
-0.328382 
-0.315633 
-0.302534 
-0.289099 
-0.275343 
-0.261281 
-0.246928 
-0.232301 
-0.217416 
-0.20229 
-0.186938 
-0.171379 
-0.15563 
-0.139708 
-0.12363 
-0.107415 
-0.0910813 
-0.0746459 
-0.0581276 
-0.0415447 
-0.0249157 
-0.00825894 
0.00840695 
0.0250635 
0.0416922 
0.0582746 
0.0747922 
0.0912268 
0.10756 
0.123774 
0.13985 
0.155771 
0.171518 
0.187076 
0.202425 
0.217549 
0.232432 
0.247057 
0.261407 
0.275466 
0.28922 
0.302652 
0.315748 
0.328493 
0.340874 
0.352875 
0.364485 
0.375689 
0.386476 
0.396834 
0.406751 
0.416216 
0.425218 
0.433748 
0.441797 
0.449354 
0.456412 
0.462963 
0.469 
0.474516 
0.479504 
0.48396 
0.487878 
0.491254 
0.494084 
0.496365 
0.498095 
0.499272 
0.499893 
0.49996 
0.499471 
0.498427 
0.496829 
0.494679 
0.49198 
0.488734 
0.484945 
0.480617 
0.475756 
0.470365 
0.464452 
0.458024 
0.451086 
0.443647 
0.435715 
0.427299 
0.418409 
0.409053 
0.399244 
0.38899 
0.378304 
0.367199 
0.355685 
0.343776 
0.331485 
0.318825 
0.305812 
0.292459 
0.27878 
0.264793 
0.25051 
0.23595 
0.221127 
0.206059 
0.190762 
0.175253 
0.159549 
0.143668 
0.127627 
0.111445 
0.0951387 
0.0787267 
0.0622272 
0.0456586 
0.0290393 
0.0123877 
-0.00427763 
-0.0209382 
-0.0375756 
-0.0541711 
-0.0707065 
-0.0871634 
-0.103523 
-0.119768 
-0.13588 
-0.151841 
-0.167634 
-0.18324 
-0.198642 
-0.213824 
-0.228768 
-0.243458 
-0.257878 
-0.272011 
-0.285841 
-0.299355 
-0.312535 
-0.325369 
-0.337841 
-0.349937 
-0.361645 
-0.372951 
-0.383843 
-0.394308 
-0.404335 
-0.413913 
-0.423031 
-0.431679 
-0.439848 
-0.447528 
-0.45471 
-0.461388 
-0.467553 
-0.473198 
-0.478318 
-0.482906 
-0.486957 
-0.490468 
-0.493434 
-0.495851 
-0.497718 
-0.499032 
-0.499791 
-0.499995 
-0.499644 
-0.498737 
-0.497276 
-0.495263 
-0.4927 
-0.489589 
-0.485934 
-0.481739 
-0.47701 
-0.47175 
-0.465966 
-0.459664 
-0.452852 
-0.445537 
-0.437726 
-0.429429 
-0.420655 
-0.411414 
-0.401716 
-0.391571 
-0.380992 
-0.369989 
-0.358575 
-0.346763 
-0.334565 
-0.321996 
-0.309069 
-0.295798 
-0.282199 
-0.268286 
-0.254076 
-0.239583 
-0.224824 
-0.209815 
-0.194573 
-0.179115 
-0.163457 
-0.147619 
-0.131616 
-0.115467 
-0.0991896 
-0.0828021 
-0.0663226 
-0.0497694 
-0.0331609 
-0.0165156 
0.000148026 
0.0168115 
0.0334563 
0.050064 
0.066616 
0.083094 
0.0994797 
0.115755 
0.131901 
0.147902 
0.163737 
0.179391 
0.194846 
0.210084 
0.225088 
0.239843 
0.254331 
0.268536 
0.282443 
0.296037 
0.309301 
0.322222 
0.334785 
0.346976 
0.358781 
0.370188 
0.381183 
0.391755 
0.401892 
0.411582 
0.420815 
0.429581 
0.437869 
0.445671 
0.452977 
0.459781 
0.466073 
0.471848 
0.477098 
0.481819 
0.486004 
0.489649 
0.49275 
0.495304 
0.497307 
0.498758 
0.499655 
0.499996 
0.499782 
0.499013 
0.49769 
0.495813 
0.493386 
0.49041 
0.48689 
0.482829 
0.478231 
0.473102 
0.467448 
0.461274 
0.454587 
0.447396 
0.439707 
0.43153 
0.422873 
0.413747 
0.404161 
0.394126 
0.383653 
0.372754 
0.361441 
0.349726 
0.337622 
0.325144 
0.312304 
0.299117 
0.285598 
0.271762 
0.257624 
0.243199 
0.228505 
0.213556 
0.19837 
0.182964 
0.167355 
0.151559 
0.135595 
0.119481 
0.103234 
0.0868719 
0.0704135 
0.0538768 
0.0372803 
0.0206424 
0.00398159 
-0.0126837 
-0.0293348 
-0.0459534 
-0.062521 
-0.079019 
-0.0954293 
-0.111734 
-0.127914 
-0.143952 
-0.15983 
-0.17553 
-0.191036 
-0.206329 
-0.221393 
-0.236211 
-0.250767 
-0.265044 
-0.279026 
-0.292699 
-0.306046 
-0.319053 
-0.331706 
-0.343991 
-0.355893 
-0.367399 
-0.378498 
-0.389176 
-0.399422 
-0.409224 
