0 
0.00499167 
0.00993347 
0.014776 
0.0194709 
0.0239713 
0.0282321 
0.0322109 
0.0358678 
0.0391663 
0.0420735 
0.0445604 
0.046602 
0.0481779 
0.0492725 
0.0498747 
0.0499787 
0.0495832 
0.0486924 
0.047315 
0.0454649 
0.0431605 
0.0404248 
0.0372853 
0.0337732 
0.0299236 
0.0257751 
0.021369 
0.0167494 
0.0119625 
0.007056 
0.00207903 
-0.00291871 
-0.00788728 
-0.0127771 
-0.0175392 
-0.022126 
-0.0264918 
-0.0305929 
-0.0343883 
-0.0378401 
-0.0409139 
-0.0435788 
-0.0458083 
-0.0475801 
-0.0488765 
-0.0496846 
-0.0499962 
-0.0498082 
-0.0491226 
-0.0479462 
-0.0462907 
-0.0441727 
-0.0416134 
-0.0386382 
-0.035277 
-0.0315633 
-0.0275343 
-0.0232301 
-0.0186938 
-0.0139708 
-0.00910813 
-0.00415447 
0.000840695 
0.00582746 
0.010756 
0.0155771 
0.0202425 
0.0247057 
0.028922 
0.0328493 
0.0364485 
0.0396834 
0.0425218 
0.0449354 
0.0469 
0.048396 
0.0494084 
0.0499272 
0.0499471 
0.0494679 
0.0484945 
0.0470365 
0.0451086 
0.0427299 
0.0399244 
0.0367199 
0.0331485 
0.0292459 
0.025051 
0.0206059 
0.0159549 
0.0111445 
0.00622272 
0.00123877 
-0.00375756 
-0.00871634 
-0.013588 
-0.018324 
-0.0228768 
-0.0272011 
-0.0312535 
-0.0349937 
-0.0383843 
-0.0413913 
-0.0439848 
-0.0461388 
-0.0478318 
-0.0490468 
-0.0497718 
-0.0499995 
-0.0497276 
-0.0489589 
-0.047701 
-0.0459664 
-0.0437726 
-0.0411414 
-0.0380992 
-0.0346763 
-0.0309069 
-0.0268286 
-0.0224824 
-0.0179115 
-0.0131616 
-0.00828021 
-0.00331609 
0.00168115 
0.0066616 
0.0115755 
0.0163737 
0.0210084 
0.0254331 
0.0296037 
0.0334785 
0.0370188 
0.0401892 
0.0429581 
0.0452977 
0.0471848 
0.0486004 
0.0495304 
0.0499655 
0.0499013 
0.0493386 
0.0482829 
0.0467448 
0.0447396 
0.0422873 
0.0394126 
0.0361441 
0.0325144 
0.0285598 
0.0243199 
0.019837 
0.0151559 
0.0103234 
0.00538768 
0.000398159 
-0.00459534 
-0.00954293 
-0.0143952 
-0.0191036 
-0.0236211 
-0.0279026 
-0.0319053 
-0.0355893 
-0.0389176 
-0.0418571 
-0.0443784 
-0.0464562 
-0.0480699 
-0.0492033 
-0.049845 
-0.0499887 
-0.049633 
-0.0487813 
-0.0474422 
-0.0456291 
-0.0433601 
-0.0406579 
-0.0375494 
-0.0340657 
-0.0302416 
-0.0261154 
-0.0217283 
-0.017124 
-0.0123487 
-0.00744995 
-0.00247678 
0.00252113 
0.00749386 
0.0123917 
0.0171657 
0.0217683 
0.0261533 
0.030277 
0.0340982 
0.0375787 
0.0406837 
0.0433822 
0.0456473 
0.0474562 
0.048791 
0.0496383 
0.0499896 
0.0498415 
0.0491953 
0.0480576 
0.0464398 
0.0443579 
0.0418328 
0.0388897 
0.0355581 
0.0318711 
0.0278658 
0.023582 
0.0190625 
0.0143526 
0.00949933 
0.00455112 
-0.000442565 
-0.00543183 
-0.0103668 
-0.0151982 
-0.0198778 
-0.0243587 
-0.0285963 
-0.0325481 
-0.0361747 
-0.0394399 
-0.042311 
-0.0447594 
-0.0467605 
-0.0482944 
-0.0493458 
-0.0499041 
-0.0499638 
-0.0495243 
-0.0485899 
-0.0471701 
-0.0452789 
-0.0429354 
-0.0401628 
-0.0369889 
-0.0334455 
-0.0295679 
-0.0253948 
-0.020968 
-0.0163318 
-0.0115323 
-0.00661759 
-0.00163677 
0.0033604 
0.008324 
0.0132044 
0.0179529 
0.022522 
0.0268661 
0.0309418 
0.0347082 
0.0381279 
0.0411667 
0.0437941 
0.0459839 
0.0477143 
0.0489679 
0.0497322 
0.0499997 
0.0497676 
0.0490382 
0.0478188 
0.0461216 
0.0439637 
0.0413664 
0.0383558 
0.034962 
0.0312189 
0.0271638 
0.0228373 
0.0182826 
0.0135453 
0.00867261 
0.00371327 
-0.00128316 
-0.00626678 
-0.0111878 
-0.015997 
-0.0206464 
-0.0250895 
-0.0292819 
-0.0331817 
-0.03675 
-0.0399511 
-0.042753 
-0.0451277 
-0.0470516 
-0.0485053 
-0.0494744 
-0.0499491 
-0.0499248 
-0.0494016 
-0.0483848 
-0.0468846 
-0.0449159 
-0.0424985 
-0.0396564 
-0.036418 
-0.0328158 
-0.0288858 
-0.024667 
-0.0202019 
-0.0155349 
-0.0107126 
-0.00578335 
-0.000796293 
0.00419872 
0.00915179 
0.0140134 
0.018735 
0.0232694 
0.0275713 
0.0315978 
0.0353085 
0.0386664 
0.041638 
0.0441935 
0.0463075 
0.0479588 
0.0491309 
0.0498121 
0.0499956 
0.0496796 
0.0488671 
0.0475664 
0.0457905 
0.043557 
0.0408883 
0.0378111 
0.0343561 
0.0305578 
0.0264541 
0.0220862 
0.0174976 
0.0127341 
0.00784343 
0.00287437 
-0.0021234 
-0.00709996 
-0.0120056 
-0.0167912 
-0.0214091 
-0.0258131 
-0.0299592 
-0.0338059 
-0.0373148 
-0.0404509 
-0.0431829 
-0.0454833 
-0.0473293 
-0.0487025 
-0.0495889 
-0.04998 
-0.0498716 
-0.0492649 
-0.048166 
-0.0465858 
-0.0445402 
-0.0420495 
-0.0391387 
-0.0358369 
-0.0321769 
-0.0281955 
-0.0239323 
-0.01943 
-0.0147336 
-0.00988994 
-0.00494748 
4.44078e-05 
0.00503585 
0.00997699 
0.0148184 
0.0195118 
0.0240102 
0.0282688 
0.0322448 
0.0358987 
0.0391939 
0.0420975 
0.0445805 
0.046618 
0.0481898 
0.04928 
0.0498779 
0.0499774 
0.0495775 
0.0486823 
0.0473006 
0.0454464 
0.043138 
0.0403987 
0.0372557 
0.0337404 
0.029888 
0.025737 
0.0213288 
0.0167076 
0.0119193 
0.00701203 
0.00203466 
-0.00296304 
-0.00793113 
-0.01282 
-0.0175807 
-0.0221658 
-0.0265295 
-0.030628 
-0.0344205 
-0.0378691 
-0.0409394 
-0.0436005 
-0.0458261 
-0.0475937 
-0.0488858 
-0.0496895 
-0.0499967 
-0.0498043 
-0.0491143 
-0.0479336 
-0.0462739 
-0.0441519 
-0.0415887 
-0.03861 
-0.0352455 
-0.0315289 
-0.0274972 
-0.0231908 
-0.0186526 
-0.0139281 
-0.00906446 
-0.00411021 
0.000885096 
0.00587156 
0.0107994 
0.0156193 
0.0202831 
0.0247443 
0.0289582 
0.0328828 
0.0364788 
0.0397104 
0.0425452 
0.0449549 
0.0469154 
0.0484071 
0.0494152 
0.0499295 
0.049945 
0.0494614 
0.0484837 
0.0470214 
0.0450894 
0.0427069 
0.0398976 
0.0366897 
0.0331152 
0.0292098 
0.0250126 
0.0205655 
0.0159128 
0.0111012 
0.00617866 
0.00119438 
-0.00380184 
-0.00876006 
-0.0136308 
-0.0183653 
-0.0229163 
-0.0272383 
-0.0312882 
-0.0350254 
-0.0384127 
-0.0414162 
-0.0440059 
-0.0461559 
-0.0478447 
-0.0490554 
-0.049776 
-0.0499993 
-0.049723 
-0.0489499 
-0.0476876 
-0.0459489 
-0.0437511 
-0.0411162 
-0.0380704 
-0.0346442 
-0.0308719 
-0.0267912 
-0.0224427 
-0.01787 
-0.0131187 
