0 
0.0249896 
0.0499167 
0.0747191 
0.0993347 
0.123702 
0.14776 
0.171449 
0.194709 
0.217483 
0.239713 
0.261344 
0.282321 
0.302593 
0.322109 
0.340819 
0.358678 
0.37564 
0.391663 
0.406708 
0.420735 
0.433712 
0.445604 
0.456382 
0.46602 
0.474492 
0.481779 
0.487862 
0.492725 
0.496356 
0.498747 
0.499892 
0.499787 
0.498433 
0.495832 
0.491993 
0.486924 
0.480638 
0.47315 
0.46448 
0.454649 
0.443681 
0.431605 
0.418449 
0.404248 
0.389037 
0.372853 
0.355737 
0.337732 
0.318882 
0.299236 
0.278842 
0.257751 
0.236015 
0.21369 
0.19083 
0.167494 
0.143739 
0.119625 
0.0952113 
0.07056 
0.0457323 
0.0207903 
-0.00420362 
-0.0291871 
-0.0540976 
-0.0788728 
-0.103451 
-0.127771 
-0.151771 
-0.175392 
-0.198574 
-0.22126 
-0.243393 
-0.264918 
-0.285781 
-0.305929 
-0.325313 
-0.343883 
-0.361594 
-0.378401 
-0.394263 
-0.409139 
-0.422992 
-0.435788 
-0.447495 
-0.458083 
-0.467526 
-0.475801 
-0.482887 
-0.488765 
-0.493422 
-0.496846 
-0.499027 
-0.499962 
-0.499646 
-0.498082 
-0.495273 
-0.491226 
-0.485952 
-0.479462 
-0.471774 
-0.462907 
-0.452883 
-0.441727 
-0.429467 
-0.416134 
-0.40176 
-0.386382 
-0.370039 
-0.35277 
-0.33462 
-0.315633 
-0.295858 
-0.275343 
-0.25414 
-0.232301 
-0.209882 
-0.186938 
-0.163527 
-0.139708 
-0.115539 
-0.0910813 
-0.066396 
-0.0415447 
-0.0165896 
0.00840695 
0.0333825 
0.0582746 
0.0830211 
0.10756 
0.13183 
0.155771 
0.179322 
0.202425 
0.225022 
0.247057 
0.268474 
0.28922 
0.309243 
0.328493 
0.346922 
0.364485 
0.381136 
0.396834 
0.41154 
0.425218 
0.437833 
0.449354 
0.459752 
0.469 
0.477076 
0.48396 
0.489634 
0.494084 
0.497299 
0.499272 
0.499996 
0.499471 
0.497697 
0.494679 
0.490425 
0.484945 
0.478253 
0.470365 
0.461302 
0.451086 
0.439742 
0.427299 
0.413789 
0.399244 
0.383701 
0.367199 
0.349779 
0.331485 
0.312362 
0.292459 
0.271824 
0.25051 
0.22857 
0.206059 
0.183033 
0.159549 
0.135667 
0.111445 
0.0869447 
0.0622272 
0.0373541 
0.0123877 
-0.0126097 
-0.0375756 
-0.0624475 
-0.0871634 
-0.111661 
-0.13588 
-0.15976 
-0.18324 
-0.206262 
-0.228768 
-0.250703 
-0.272011 
-0.292639 
-0.312535 
-0.331651 
-0.349937 
-0.367349 
-0.383843 
-0.399377 
-0.413913 
-0.427415 
-0.439848 
-0.451182 
-0.461388 
-0.470441 
-0.478318 
-0.484999 
-0.490468 
-0.494711 
-0.497718 
-0.499481 
-0.499995 
-0.49926 
-0.497276 
-0.49405 
-0.489589 
-0.483904 
-0.47701 
-0.468923 
-0.459664 
-0.449257 
-0.437726 
-0.425101 
-0.411414 
-0.396699 
-0.380992 
-0.364332 
-0.346763 
-0.328326 
-0.309069 
-0.289039 
-0.268286 
-0.246864 
-0.224824 
-0.202222 
-0.179115 
-0.15556 
-0.131616 
-0.107343 
-0.0828021 
-0.0580541 
-0.0331609 
-0.00818494 
0.0168115 
0.041766 
0.066616 
0.0912996 
0.115755 
0.139921 
0.163737 
0.187144 
0.210084 
0.232498 
0.254331 
0.275528 
0.296037 
0.315805 
0.334785 
0.352927 
0.370188 
0.386523 
0.401892 
0.416257 
0.429581 
0.441831 
0.452977 
0.462991 
0.471848 
0.479525 
0.486004 
0.491268 
0.495304 
0.498102 
0.499655 
0.499959 
0.499013 
0.496821 
0.493386 
0.488718 
0.482829 
0.475733 
0.467448 
0.457994 
0.447396 
0.435679 
0.422873 
0.409011 
0.394126 
0.378256 
0.361441 
0.343722 
0.325144 
0.305753 
0.285598 
0.26473 
0.243199 
0.221061 
0.19837 
0.175184 
0.151559 
0.127556 
0.103234 
0.0786536 
0.0538768 
0.0289654 
0.00398159 
-0.0210122 
-0.0459534 
-0.0707798 
-0.0954293 
-0.11984 
-0.143952 
-0.167703 
-0.191036 
-0.213891 
-0.236211 
-0.257941 
-0.279026 
-0.299414 
-0.319053 
-0.337895 
-0.355893 
-0.373001 
-0.389176 
-0.404379 
-0.418571 
-0.431717 
-0.443784 
-0.454741 
-0.464562 
-0.473222 
-0.480699 
-0.486974 
-0.492033 
-0.495861 
-0.49845 
-0.499793 
-0.499887 
-0.498732 
-0.49633 
-0.492687 
-0.487813 
-0.48172 
-0.474422 
-0.465939 
-0.456291 
-0.445503 
-0.433601 
-0.420615 
-0.406579 
-0.391525 
-0.375494 
-0.358523 
-0.340657 
-0.321939 
-0.302416 
-0.282138 
-0.261154 
-0.239518 
-0.217283 
-0.194505 
-0.17124 
-0.147548 
-0.123487 
-0.099117 
-0.0744995 
-0.0496958 
-0.0247678 
0.000222039 
0.0252113 
0.0501376 
0.0749386 
0.0995523 
0.123917 
0.147972 
0.171657 
0.194914 
0.217683 
0.239908 
0.261533 
0.282504 
0.30277 
0.322279 
0.340982 
0.358833 
0.375787 
0.391801 
0.406837 
0.420855 
0.433822 
0.445704 
0.456473 
0.4661 
0.474562 
0.481838 
0.48791 
0.492763 
0.496383 
0.498763 
0.499896 
0.49978 
0.498415 
0.495804 
0.491953 
0.486873 
0.480576 
0.473078 
0.464398 
0.454556 
0.443579 
0.431493 
0.418328 
0.404117 
0.388897 
0.372705 
0.355581 
0.337568 
0.318711 
0.299058 
0.278658 
0.25756 
0.23582 
0.213489 
0.190625 
0.167285 
0.143526 
0.119409 
0.0949933 
0.0703402 
0.0455112 
0.0205685 
-0.00442565 
-0.0294087 
-0.0543183 
-0.0790921 
-0.103668 
-0.127985 
-0.151982 
-0.1756 
-0.198778 
-0.221459 
-0.243587 
-0.265106 
-0.285963 
-0.306105 
-0.325481 
-0.344044 
-0.361747 
-0.378546 
-0.394399 
-0.409266 
-0.42311 
-0.435897 
-0.447594 
-0.458172 
-0.467605 
-0.475869 
-0.482944 
-0.488812 
-0.493458 
-0.49687 
-0.499041 
-0.499964 
-0.499638 
-0.498063 
-0.495243 
-0.491185 
-0.485899 
-0.479399 
-0.471701 
-0.462823 
-0.452789 
-0.441623 
-0.429354 
-0.416011 
-0.401628 
-0.386241 
-0.369889 
-0.352613 
-0.334455 
-0.315461 
-0.295679 
-0.275157 
-0.253948 
-0.232104 
-0.20968 
-0.186732 
-0.163318 
-0.139495 
-0.115323 
-0.0908629 
-0.0661759 
