0 
8.26245e-17 
2.28301e-16 
4.10626e-16 
6.38595e-16 
8.90459e-16 
1.09577e-15 
1.34398e-15 
1.61899e-15 
1.91736e-15 
2.25727e-15 
2.65015e-15 
3.03484e-15 
3.45451e-15 
3.8108e-15 
4.20672e-15 
4.63875e-15 
5.00711e-15 
5.41056e-15 
5.79089e-15 
6.09789e-15 
6.4626e-15 
6.83929e-15 
7.43008e-15 
7.79565e-15 
8.29017e-15 
8.79206e-15 
9.19236e-15 
9.65308e-15 
1.00589e-14 
1.06097e-14 
1.13085e-14 
1.19906e-14 
1.2755e-14 
1.37413e-14 
1.46436e-14 
1.55961e-14 
1.63487e-14 
1.69384e-14 
1.73774e-14 
1.79311e-14 
1.841e-14 
1.88296e-14 
1.93616e-14 
1.99306e-14 
2.05583e-14 
2.11275e-14 
2.16883e-14 
2.23351e-14 
2.29311e-14 
2.35178e-14 
2.4052e-14 
2.4592e-14 
2.50007e-14 
2.53297e-14 
2.56863e-14 
2.60001e-14 
2.63033e-14 
2.66215e-14 
2.69427e-14 
2.72827e-14 
2.76502e-14 
2.8024e-14 
2.84031e-14 
2.87829e-14 
2.91705e-14 
2.9551e-14 
2.99358e-14 
3.03161e-14 
3.06911e-14 
3.10596e-14 
3.14117e-14 
3.17771e-14 
3.21196e-14 
3.24572e-14 
3.27941e-14 
3.32577e-14 
3.38091e-14 
3.44088e-14 
3.4946e-14 
3.53646e-14 
3.59166e-14 
3.64114e-14 
3.68767e-14 
3.73235e-14 
3.77642e-14 
3.81744e-14 
3.85247e-14 
3.90403e-14 
3.94577e-14 
3.98993e-14 
4.01875e-14 
4.06969e-14 
4.11725e-14 
4.16319e-14 
4.20936e-14 
4.26904e-14 
4.32079e-14 
4.38924e-14 
4.42972e-14 
4.48387e-14 
4.53578e-14 
4.58537e-14 
4.63441e-14 
4.68224e-14 
4.72e-14 
4.76042e-14 
4.81587e-14 
4.88035e-14 
4.94514e-14 
5.00843e-14 
5.08389e-14 
5.14325e-14 
5.21633e-14 
5.29973e-14 
5.37499e-14 
5.45903e-14 
5.5521e-14 
5.64708e-14 
5.73944e-14 
5.83813e-14 
5.94119e-14 
6.04509e-14 
6.14572e-14 
6.2473e-14 
6.34884e-14 
6.45039e-14 
6.55107e-14 
6.65002e-14 
6.75098e-14 
6.85294e-14 
6.95183e-14 
7.05357e-14 
7.15883e-14 
7.25888e-14 
7.36359e-14 
7.47173e-14 
7.58318e-14 
7.69681e-14 
7.80753e-14 
7.92894e-14 
8.05943e-14 
8.19828e-14 
8.34398e-14 
8.49844e-14 
8.63172e-14 
8.77247e-14 
8.91738e-14 
9.05034e-14 
9.17646e-14 
9.30313e-14 
9.41636e-14 
9.54148e-14 
9.66255e-14 
9.77692e-14 
9.89947e-14 
1.0025e-13 
1.01516e-13 
1.02756e-13 
1.04025e-13 
1.054e-13 
1.06896e-13 
1.0827e-13 
1.0963e-13 
1.10924e-13 
1.12273e-13 
1.13558e-13 
1.14842e-13 
1.16231e-13 
1.17571e-13 
1.18919e-13 
1.20242e-13 
1.21493e-13 
1.22743e-13 
1.23968e-13 
1.2509e-13 
1.26287e-13 
1.27428e-13 
1.28675e-13 
1.29929e-13 
1.31258e-13 
1.32616e-13 
1.33952e-13 
1.35343e-13 
1.36685e-13 
1.38025e-13 
1.39343e-13 
1.40685e-13 
1.42052e-13 
1.43419e-13 
1.44786e-13 
1.46154e-13 
1.47542e-13 
1.48907e-13 
1.5029e-13 
1.51702e-13 
1.53171e-13 
1.54645e-13 
1.56062e-13 
1.57546e-13 
1.59025e-13 
1.60561e-13 
1.62168e-13 
1.63718e-13 
1.6517e-13 
1.66489e-13 
1.67803e-13 
1.69063e-13 
1.70382e-13 
1.71614e-13 
1.72799e-13 
1.73879e-13 
1.74992e-13 
1.76151e-13 
1.77434e-13 
1.7871e-13 
1.79863e-13 
1.80982e-13 
1.82103e-13 
1.83366e-13 
1.84628e-13 
1.85975e-13 
1.87387e-13 
1.88705e-13 
1.8994e-13 
1.91158e-13 
1.92353e-13 
1.93545e-13 
1.94994e-13 
1.96602e-13 
1.98301e-13 
1.99985e-13 
2.01693e-13 
2.03427e-13 
2.05168e-13 
2.07035e-13 
2.08811e-13 
2.10644e-13 
2.1241e-13 
2.14194e-13 
2.16026e-13 
2.17923e-13 
2.19722e-13 
2.21577e-13 
2.2344e-13 
2.25276e-13 
2.27098e-13 
2.28924e-13 
2.30785e-13 
2.32615e-13 
2.3444e-13 
2.36268e-13 
2.38096e-13 
2.39931e-13 
2.41767e-13 
2.43603e-13 
2.45473e-13 
2.47336e-13 
2.49138e-13 
2.50991e-13 
2.52921e-13 
2.54895e-13 
2.56898e-13 
2.58875e-13 
2.60853e-13 
2.62827e-13 
2.64687e-13 
2.66659e-13 
2.6876e-13 
2.70793e-13 
2.72913e-13 
2.7492e-13 
2.77017e-13 
2.79073e-13 
2.81336e-13 
2.83702e-13 
2.8618e-13 
2.88452e-13 
2.90671e-13 
2.93025e-13 
2.95493e-13 
2.97795e-13 
2.99951e-13 
3.02393e-13 
3.04999e-13 
3.07629e-13 
3.10363e-13 
3.13193e-13 
3.16017e-13 
3.18718e-13 
3.21288e-13 
3.23848e-13 
3.26463e-13 
3.28795e-13 
3.31144e-13 
3.33632e-13 
3.35883e-13 
3.38197e-13 
3.40604e-13 
3.42984e-13 
3.45324e-13 
3.47675e-13 
3.49967e-13 
3.52407e-13 
3.54875e-13 
3.57335e-13 
3.59814e-13 
3.62207e-13 
3.64565e-13 
3.66932e-13 
3.69288e-13 
3.71625e-13 
3.73953e-13 
3.76302e-13 
3.78646e-13 
3.80991e-13 
3.83332e-13 
3.85661e-13 
3.87993e-13 
3.90296e-13 
3.92615e-13 
3.94947e-13 
3.9719e-13 
3.99451e-13 
4.01622e-13 
4.03743e-13 
4.0584e-13 
4.07993e-13 
4.10099e-13 
4.12263e-13 
4.14447e-13 
4.16575e-13 
4.18818e-13 
4.2102e-13 
4.2317e-13 
4.25284e-13 
4.27514e-13 
4.29617e-13 
4.31735e-13 
4.33975e-13 
4.36301e-13 
4.38675e-13 
4.41074e-13 
4.43459e-13 
4.46001e-13 
4.48538e-13 
4.50998e-13 
4.53419e-13 
4.55811e-13 
4.58188e-13 
4.60347e-13 
4.62456e-13 
4.64449e-13 
4.66422e-13 
4.68221e-13 
4.70035e-13 
4.71758e-13 
4.73512e-13 
4.75225e-13 
4.76841e-13 
4.78456e-13 
4.80078e-13 
4.81748e-13 
4.8329e-13 
4.84727e-13 
4.86075e-13 
4.87429e-13 
4.88731e-13 
4.90059e-13 
4.91416e-13 
4.92792e-13 
4.94166e-13 
4.95614e-13 
4.97011e-13 
4.9837e-13 
4.99737e-13 
5.01125e-13 
5.02519e-13 
5.03913e-13 
5.05306e-13 
5.06685e-13 
5.08065e-13 
5.09423e-13 
5.10721e-13 
5.12085e-13 
5.13476e-13 
5.14923e-13 
5.16368e-13 
5.17897e-13 
5.1947e-13 
5.2108e-13 
5.22672e-13 
5.24286e-13 
5.25923e-13 
5.27492e-13 
5.29167e-13 
5.3062e-13 
5.32297e-13 
5.34052e-13 
5.35723e-13 
5.37473e-13 
5.3916e-13 
5.40816e-13 
5.42533e-13 
5.44318e-13 
5.46127e-13 
5.48075e-13 
5.50084e-13 
5.52085e-13 
5.54075e-13 
5.56049e-13 
5.58171e-13 
5.60316e-13 
5.62443e-13 
5.64636e-13 
5.6689e-13 
5.69251e-13 
5.71689e-13 
5.74141e-13 
5.76646e-13 
5.79269e-13 
5.81953e-13 
5.84495e-13 
5.8712e-13 
5.89809e-13 
5.92565e-13 
5.95279e-13 
5.98053e-13 
6.00828e-13 
6.03566e-13 
6.0633e-13 
6.09122e-13 
6.11936e-13 
6.14747e-13 
6.17526e-13 
6.20364e-13 
6.23193e-13 
6.2604e-13 
6.28904e-13 
6.31766e-13 
6.34633e-13 
6.375e-13 
6.40374e-13 
6.43252e-13 
6.46164e-13 
6.49074e-13 
6.51985e-13 
6.54913e-13 
6.57859e-13 
6.60792e-13 
6.63698e-13 
6.66607e-13 
6.69538e-13 
6.72393e-13 
6.75227e-13 
6.77965e-13 
6.80666e-13 
6.83237e-13 
6.85885e-13 
6.88577e-13 
6.91206e-13 
6.9401e-13 
6.96975e-13 
6.99918e-13 
7.02891e-13 
7.05927e-13 
7.09052e-13 
7.12164e-13 
7.15321e-13 
7.18414e-13 
7.21439e-13 
7.24402e-13 
7.27096e-13 
7.2992e-13 
7.32624e-13 
7.35366e-13 
7.38269e-13 
7.41142e-13 
7.44127e-13 
7.47026e-13 
7.49822e-13 
7.52452e-13 
7.55116e-13 
7.57895e-13 
7.60716e-13 
7.63632e-13 
7.66532e-13 
7.69344e-13 
7.72361e-13 
7.75258e-13 
7.78058e-13 
7.80949e-13 
7.83829e-13 
7.8667e-13 
7.89552e-13 
7.92449e-13 
7.95341e-13 
7.98249e-13 
8.0114e-13 
8.04024e-13 
8.0692e-13 
