0 
0.0035714 
0.00714261 
0.0107135 
0.0142838 
0.0178533 
0.021422 
0.0249896 
0.0285559 
0.0321207 
0.0356839 
0.0392453 
0.0428047 
0.0463619 
0.0499167 
0.053469 
0.0570185 
0.0605652 
0.0641087 
0.067649 
0.0711859 
0.0747191 
0.0782485 
0.0817739 
0.0852951 
0.088812 
0.0923243 
0.0958319 
0.0993347 
0.102832 
0.106325 
0.109812 
0.113293 
0.116769 
0.120238 
0.123702 
0.127159 
0.13061 
0.134054 
0.137491 
0.140921 
0.144344 
0.14776 
0.151168 
0.154569 
0.157961 
0.161346 
0.164722 
0.16809 
0.171449 
0.174799 
0.178141 
0.181473 
0.184797 
0.188111 
0.191415 
0.194709 
0.197994 
0.201268 
0.204532 
0.207786 
0.211029 
0.214261 
0.217483 
0.220693 
0.223892 
0.22708 
0.230256 
0.23342 
0.236572 
0.239713 
0.242841 
0.245957 
0.24906 
0.25215 
0.255228 
0.258292 
0.261344 
0.264382 
0.267406 
0.270417 
0.273414 
0.276397 
0.279366 
0.282321 
0.285262 
0.288187 
0.291099 
0.293995 
0.296876 
0.299742 
0.302593 
0.305429 
0.308248 
0.311053 
0.313841 
0.316613 
0.319369 
0.322109 
0.324832 
0.327539 
0.330229 
0.332902 
0.335558 
0.338198 
0.340819 
0.343424 
0.346011 
0.34858 
0.351132 
0.353665 
0.356181 
0.358678 
0.361157 
0.363618 
0.36606 
0.368483 
0.370888 
0.373274 
0.37564 
0.377988 
0.380316 
0.382625 
0.384914 
0.387184 
0.389433 
0.391663 
0.393873 
0.396063 
0.398233 
0.400383 
0.402512 
0.40462 
0.406708 
0.408775 
0.410821 
0.412846 
0.41485 
0.416833 
0.418795 
0.420735 
0.422654 
0.424552 
0.426427 
0.428281 
0.430113 
0.431924 
0.433712 
0.435478 
0.437221 
0.438943 
0.440642 
0.442318 
0.443972 
0.445604 
0.447212 
0.448798 
0.450361 
0.451901 
0.453418 
0.454911 
0.456382 
0.457829 
0.459253 
0.460654 
0.46203 
0.463384 
0.464714 
0.46602 
0.467302 
0.46856 
0.469795 
0.471005 
0.472192 
0.473354 
0.474492 
0.475606 
0.476696 
0.477762 
0.478803 
0.479819 
0.480811 
0.481779 
0.482722 
0.483641 
0.484534 
0.485403 
0.486248 
0.487067 
0.487862 
0.488631 
0.489376 
0.490096 
0.490791 
0.491461 
0.492105 
0.492725 
0.493319 
0.493889 
0.494433 
0.494952 
0.495445 
0.495913 
0.496356 
0.496774 
0.497167 
0.497534 
0.497875 
0.498191 
0.498482 
0.498747 
0.498987 
0.499202 
0.499391 
0.499554 
0.499692 
0.499805 
0.499892 
0.499953 
0.499989 
0.5 
0.499985 
0.499944 
0.499878 
0.499787 
0.49967 
0.499527 
0.499359 
0.499166 
0.498947 
0.498702 
0.498433 
0.498137 
0.497817 
0.49747 
0.497099 
0.496702 
0.49628 
0.495832 
0.49536 
0.494862 
0.494338 
0.49379 
0.493216 
0.492617 
0.491993 
0.491344 
0.49067 
0.48997 
0.489246 
0.488497 
0.487723 
0.486924 
0.4861 
0.485251 
0.484378 
0.48348 
0.482557 
0.48161 
0.480638 
0.479641 
0.47862 
0.477575 
0.476505 
0.475411 
0.474293 
0.47315 
0.471983 
0.470793 
0.469578 
0.468339 
0.467077 
0.46579 
0.46448 
0.463146 
0.461788 
0.460407 
0.459003 
0.457575 
0.456123 
0.454649 
0.453151 
0.45163 
0.450086 
0.448519 
0.446929 
0.445317 
0.443681 
0.442023 
0.440343 
0.43864 
0.436914 
0.435167 
0.433397 
0.431605 
0.429791 
0.427955 
0.426097 
0.424217 
0.422316 
0.420394 
0.418449 
0.416484 
0.414497 
0.412489 
0.41046 
0.40841 
0.40634 
0.404248 
0.402136 
0.400004 
0.397851 
0.395677 
0.393484 
0.39127 
0.389037 
0.386783 
0.38451 
0.382217 
0.379905 
0.377574 
0.375223 
0.372853 
0.370464 
0.368056 
0.365629 
0.363183 
0.36072 
0.358237 
0.355737 
0.353218 
0.350681 
0.348127 
0.345554 
0.342964 
0.340357 
0.337732 
0.335089 
0.33243 
0.329754 
0.327061 
0.324351 
0.321625 
0.318882 
0.316123 
0.313348 
0.310557 
0.30775 
0.304928 
0.30209 
0.299236 
0.296367 
0.293483 
0.290584 
0.287671 
0.284742 
0.281799 
0.278842 
0.27587 
0.272885 
0.269885 
0.266872 
0.263845 
0.260804 
0.257751 
0.254684 
0.251604 
0.248511 
0.245406 
0.242288 
0.239158 
0.236015 
0.232861 
0.229694 
0.226516 
0.223327 
0.220126 
0.216913 
0.21369 
0.210456 
0.207211 
0.203955 
0.200689 
0.197413 
0.194127 
0.19083 
0.187525 
0.184209 
0.180884 
0.17755 
0.174207 
0.170855 
0.167494 
0.164125 
0.160747 
0.157361 
0.153967 
0.150565 
0.147156 
0.143739 
0.140315 
0.136883 
0.133445 
0.13 
0.126548 
0.123089 
0.119625 
0.116154 
0.112677 
0.109195 
0.105707 
0.102214 
0.0987149 
0.0952113 
0.0917028 
0.0881897 
0.084672 
0.0811501 
0.0776239 
0.0740939 
0.07056 
0.0670225 
0.0634817 
0.0599376 
0.0563904 
0.0528403 
0.0492876 
0.0457323 
0.0421747 
0.038615 
0.0350533 
0.0314898 
0.0279246 
0.0243581 
0.0207903 
0.0172215 
0.0136518 
0.0100814 
0.00651043 
0.00293917 
-0.000632244 
-0.00420362 
-0.00777479 
-0.0113456 
-0.0149157 
-0.0184852 
-0.0220537 
-0.025621 
-0.0291871 
-0.0327516 
-0.0363145 
-0.0398756 
-0.0434346 
-0.0469914 
-0.0505458 
-0.0540976 
-0.0576466 
-0.0611927 
-0.0647357 
-0.0682754 
-0.0718116 
-0.0753442 
-0.0788728 
-0.0823975 
-0.085918 
-0.0894341 
-0.0929456 
-0.0964524 
-0.0999542 
-0.103451 
-0.106942 
-0.110428 
-0.113909 
-0.117383 
-0.120852 
-0.124314 
-0.127771 
-0.13122 
-0.134663 
-0.138099 
-0.141528 
-0.14495 
-0.148364 
-0.151771 
-0.15517 
-0.158561 
-0.161944 
-0.165319 
-0.168685 
-0.172043 
-0.175392 
-0.178732 
-0.182062 
-0.185384 
-0.188696 
-0.191999 
-0.195291 
-0.198574 
-0.201847 
-0.205109 
-0.208361 
