0 
0.00454539 
0.00909041 
0.0136347 
0.0181778 
0.0227194 
0.0272592 
0.0317967 
0.0363316 
0.0408635 
0.045392 
0.0499167 
0.0544373 
0.0589535 
0.0634647 
0.0679707 
0.0724711 
0.0769655 
0.0814535 
0.0859348 
0.090409 
0.0948758 
0.0993347 
0.103785 
0.108227 
0.112661 
0.117084 
0.121499 
0.125903 
0.130296 
0.134679 
0.139051 
0.143412 
0.14776 
0.152096 
0.15642 
0.160731 
0.165028 
0.169312 
0.173582 
0.177838 
0.182078 
0.186304 
0.190515 
0.194709 
0.198888 
0.20305 
0.207195 
0.211323 
0.215434 
0.219527 
0.223602 
0.227658 
0.231696 
0.235714 
0.239713 
0.243692 
0.247651 
0.251589 
0.255507 
0.259403 
0.263278 
0.267132 
0.270963 
0.274772 
0.278558 
0.282321 
0.286061 
0.289777 
0.293469 
0.297137 
0.300781 
0.304399 
0.307993 
0.311561 
0.315103 
0.318619 
0.322109 
0.325572 
0.329008 
0.332417 
0.335799 
0.339153 
0.342479 
0.345776 
0.349045 
0.352285 
0.355496 
0.358678 
0.36183 
0.364952 
0.368044 
0.371106 
0.374136 
0.377136 
0.380105 
0.383042 
0.385948 
0.388822 
0.391663 
0.394473 
0.397249 
0.399993 
0.402704 
0.405382 
0.408026 
0.410636 
0.413212 
0.415754 
0.418262 
0.420735 
0.423174 
0.425578 
0.427946 
0.430279 
0.432576 
0.434838 
0.437064 
0.439253 
0.441407 
0.443523 
0.445604 
0.447647 
0.449653 
0.451623 
0.453554 
0.455449 
0.457306 
0.459125 
0.460906 
0.462649 
0.464353 
0.46602 
0.467647 
0.469236 
0.470787 
0.472298 
0.473771 
0.475204 
0.476598 
0.477953 
0.479268 
0.480543 
0.481779 
0.482975 
0.484131 
0.485247 
0.486323 
0.487359 
0.488354 
0.48931 
0.490224 
0.491098 
0.491932 
0.492725 
0.493477 
0.494188 
0.494859 
0.495489 
0.496077 
0.496625 
0.497132 
0.497598 
0.498022 
0.498405 
0.498747 
0.499048 
0.499308 
0.499526 
0.499704 
0.499839 
0.499934 
0.499987 
0.499999 
0.49997 
0.499899 
0.499787 
0.499633 
0.499439 
0.499203 
0.498926 
0.498607 
0.498248 
0.497847 
0.497405 
0.496922 
0.496398 
0.495832 
0.495226 
0.494579 
0.493891 
0.493163 
0.492393 
0.491583 
0.490732 
0.489841 
0.488909 
0.487936 
0.486924 
0.485871 
0.484778 
0.483645 
0.482472 
0.481259 
0.480006 
0.478714 
0.477382 
0.476011 
0.4746 
0.47315 
0.471661 
0.470133 
0.468566 
0.466961 
0.465316 
0.463634 
0.461913 
0.460154 
0.458357 
0.456521 
0.454649 
0.452738 
0.450791 
0.448806 
0.446784 
0.444724 
0.442629 
0.440496 
0.438328 
0.436123 
0.433882 
0.431605 
0.429292 
0.426944 
0.424561 
0.422142 
0.419689 
0.417201 
0.414679 
0.412122 
0.409531 
0.406906 
0.404248 
0.401557 
0.398832 
0.396074 
0.393283 
0.39046 
0.387605 
0.384718 
0.381798 
0.378848 
0.375866 
0.372853 
0.369809 
0.366734 
0.363629 
0.360495 
0.35733 
0.354136 
0.350913 
0.34766 
0.344379 
0.341069 
0.337732 
0.334366 
0.330973 
0.327552 
0.324104 
0.32063 
0.317129 
0.313601 
0.310048 
0.306469 
0.302865 
0.299236 
0.295582 
0.291904 
0.288201 
0.284475 
0.280725 
0.276952 
0.273157 
0.269338 
0.265498 
0.261635 
0.257751 
0.253845 
0.249919 
0.245971 
0.242004 
0.238016 
0.234009 
0.229983 
0.225937 
0.221873 
0.21779 
0.21369 
0.209572 
0.205436 
0.201284 
0.197115 
0.192929 
0.188728 
0.184511 
0.180279 
0.176032 
0.17177 
0.167494 
0.163204 
0.158901 
0.154585 
0.150256 
0.145914 
0.141561 
0.137195 
0.132819 
0.128431 
0.124033 
0.119625 
0.115206 
0.110778 
0.106341 
0.101896 
0.0974415 
0.0929792 
0.0885093 
0.084032 
0.0795478 
0.075057 
0.07056 
0.0660572 
0.0615489 
0.0570355 
0.0525175 
0.047995 
0.0434687 
0.0389387 
0.0344055 
0.0298694 
0.0253309 
0.0207903 
0.016248 
0.0117043 
0.00715972 
0.0026145 
-0.00193094 
-0.00647622 
-0.011021 
-0.0155648 
-0.0201073 
-0.0246482 
-0.0291871 
-0.0337235 
-0.0382572 
-0.0427876 
-0.0473146 
-0.0518376 
-0.0563564 
-0.0608705 
-0.0653796 
-0.0698832 
-0.0743811 
-0.0788728 
-0.0833581 
-0.0878364 
-0.0923075 
-0.0967709 
-0.101226 
-0.105673 
-0.110112 
-0.114541 
-0.118961 
-0.123371 
-0.127771 
-0.13216 
-0.136538 
-0.140905 
-0.14526 
-0.149604 
-0.153935 
-0.158253 
-0.162558 
-0.16685 
-0.171128 
-0.175392 
-0.179641 
-0.183875 
-0.188095 
-0.192298 
-0.196486 
-0.200658 
-0.204813 
-0.208951 
-0.213072 
-0.217175 
-0.22126 
-0.225327 
-0.229376 
-0.233405 
-0.237415 
-0.241406 
-0.245376 
-0.249326 
-0.253256 
-0.257165 
-0.261052 
-0.264918 
-0.268762 
-0.272584 
-0.276383 
-0.28016 
-0.283913 
-0.287643 
-0.291349 
-0.295031 
-0.298688 
-0.302321 
-0.305929 
-0.309512 
-0.313069 
-0.3166 
-0.320105 
-0.323583 
-0.327035 
-0.33046 
-0.333857 
-0.337227 
-0.340569 
-0.343883 
-0.347169 
-0.350425 
-0.353653 
-0.356852 
-0.360021 
-0.36316 
-0.366269 
-0.369348 
-0.372397 
-0.375415 
-0.378401 
-0.381357 
-0.384281 
-0.387173 
-0.390033 
-0.392861 
-0.395656 
-0.398419 
-0.401149 
-0.403846 
-0.406509 
-0.409139 
-0.411734 
-0.414296 
-0.416824 
-0.419317 
-0.421776 
-0.424199 
-0.426588 
-0.428941 
-0.431259 
-0.433541 
-0.435788 
-0.437998 
-0.440173 
-0.44231 
-0.444412 
-0.446476 
-0.448504 
-0.450494 
-0.452448 
-0.454364 
-0.456242 
-0.458083 
-0.459886 
-0.461651 
-0.463377 
-0.465066 
-0.466716 
-0.468327 
-0.4699 
-0.471434 
-0.472929 
-0.474384 
-0.475801 
-0.477178 
-0.478516 
-0.479814 
-0.481073 
-0.482292 
-0.483471 
-0.48461 
-0.485709 
-0.486768 
-0.487787 
-0.488765 
-0.489703 
-0.4906 
-0.491457 
-0.492274 
-0.493049 
