0.00357143 
0.00269252 
0.00397214 
0.00478489 
0.00568107 
0.00717809 
0.00817217 
0.0100403 
0.0112598 
0.013399 
0.0148762 
0.0172527 
0.0189972 
0.0215971 
0.0236126 
0.0264257 
0.0287116 
0.031725 
0.0342746 
0.0374701 
0.0402682 
0.0436226 
0.0466453 
0.0501309 
0.0533466 
0.0569336 
0.0603055 
0.063964 
0.067453 
0.0711547 
0.0747221 
0.078442 
0.0820516 
0.0857686 
0.0893881 
0.0930851 
0.0966871 
0.100351 
0.103912 
0.107551 
0.111052 
0.114626 
0.118052 
0.121565 
0.124908 
0.128359 
0.131609 
0.134997 
0.138147 
0.14147 
0.144516 
0.147773 
0.150715 
0.153907 
0.156744 
0.159872 
0.162609 
0.165674 
0.168316 
0.171323 
0.173878 
0.176831 
0.179309 
0.182213 
0.184626 
0.187488 
0.189849 
0.192677 
0.195001 
0.197802 
0.200104 
0.202886 
0.20518 
0.207952 
0.210253 
0.213022 
0.215343 
0.218115 
0.220467 
0.223249 
0.225641 
0.228438 
0.230877 
0.233693 
0.236186 
0.239023 
0.241571 
0.24443 
0.247034 
0.249914 
0.25257 
0.255468 
0.258169 
0.261079 
0.263814 
0.266724 
0.269478 
0.272377 
0.275131 
0.278003 
0.280734 
0.283561 
0.286245 
0.289008 
0.291621 
0.294303 
0.296823 
0.299406 
0.301813 
0.304286 
0.306566 
0.30892 
0.311065 
0.313296 
0.315305 
0.317416 
0.319293 
0.321293 
0.323048 
0.324948 
0.3266 
0.328418 
0.329987 
0.331743 
0.333255 
0.334971 
0.336454 
0.338156 
0.339638 
0.341349 
0.342858 
0.344603 
0.346165 
0.347965 
0.349603 
0.351476 
0.353208 
0.355168 
0.357009 
0.359063 
0.36102 
0.363172 
0.365245 
0.367491 
0.369677 
0.372009 
0.374296 
0.376701 
0.379071 
0.381531 
0.383964 
0.386458 
0.388929 
0.391431 
0.393911 
0.396394 
0.398852 
0.401288 
0.403691 
0.40605 
0.408365 
0.410616 
0.412807 
0.41492 
0.416955 
0.4189 
0.420746 
0.422499 
0.424125 
0.425664 
0.42705 
0.428357 
0.429487 
0.430554 
0.431418 
0.432244 
0.432844 
0.433438 
0.433785 
0.434166 
0.434284 
0.434481 
0.434401 
0.43445 
0.434216 
0.434161 
0.433819 
0.433708 
0.433311 
0.433191 
0.432791 
0.432706 
0.432351 
0.432341 
0.432073 
0.432167 
0.432018 
0.432237 
0.432227 
0.432578 
0.432717 
0.433199 
0.433486 
0.434087 
0.434509 
0.435212 
0.43575 
0.436531 
0.437161 
0.437995 
0.438691 
0.439552 
0.440288 
0.441151 
0.4419 
0.442744 
0.443485 
0.444291 
0.445002 
0.445756 
0.44642 
0.447111 
0.447713 
0.448332 
0.448861 
0.449403 
0.449848 
0.450309 
0.450662 
0.45104 
0.451294 
0.451587 
0.451735 
0.451943 
0.451979 
0.452101 
0.452018 
0.452053 
0.451848 
0.451795 
0.451462 
0.451319 
0.450855 
0.450621 
0.450023 
0.449697 
0.448965 
0.448544 
0.44768 
0.447163 
0.44617 
0.445559 
0.444444 
0.443738 
0.44251 
0.441712 
0.440383 
0.439497 
0.438081 
0.437112 
0.435622 
0.434579 
0.43303 
0.431919 
0.430327 
0.429157 
0.427535 
0.426315 
0.424675 
0.423414 
0.421766 
0.420472 
0.418824 
0.417505 
0.415864 
0.414526 
0.412895 
0.411543 
0.409925 
0.408562 
0.406954 
0.405581 
0.403979 
0.402593 
0.400988 
0.399583 
0.397963 
0.396529 
0.394877 
0.3934 
0.391696 
0.39016 
0.388381 
0.386769 
0.38489 
0.383183 
0.381181 
0.379363 
0.377219 
0.375276 
0.372973 
0.370896 
0.368425 
0.366212 
0.363571 
0.361224 
0.35842 
0.355947 
0.352994 
0.35041 
0.34733 
0.344656 
0.341475 
0.338735 
0.335488 
0.332708 
0.329433 
0.326641 
0.323375 
0.320601 
0.317381 
0.314653 
0.311514 
0.308856 
0.30583 
0.303262 
0.300375 
0.297911 
0.295181 
0.292832 
0.290269 
0.288038 
0.285644 
0.283528 
0.281297 
0.279287 
0.277205 
0.275286 
0.273332 
0.271483 
0.26963 
0.267827 
0.266031 
0.264259 
0.262472 
0.260776 
0.258927 
0.257142 
0.255244 
0.253365 
0.251367 
0.249353 
0.247211 
0.245016 
0.242694 
0.240272 
0.237733 
0.235051 
0.232262 
0.229289 
0.226223 
0.222931 
0.219443 
0.215848 
0.2121 
0.208167 
0.204107 
0.199854 
0.195498 
0.190952 
0.186336 
0.181538 
0.176711 
0.171717 
0.166741 
0.161619 
0.156565 
0.151388 
0.146333 
0.14118 
0.136199 
0.131145 
0.126308 
0.121424 
0.11679 
0.112132 
0.107746 
0.103356 
0.0992479 
0.0951517 
0.0913316 
0.0875361 
0.0839999 
0.0804958 
0.0772248 
0.0739886 
0.0709535 
0.0679512 
0.0651151 
0.0623059 
0.0596279 
0.0569677 
0.054406 
0.0518509 
0.0493648 
0.046873 
0.0444249 
0.0419587 
0.039515 
0.0370411 
0.0345724 
0.0320622 
0.0295691 
0.0270011 
0.024428 
0.0217604 
0.0190986 
0.0163324 
0.0135706 
0.0106904 
0.00781894 
0.00481238 
0.00182407 
-0.00131799 
-0.00442811 
-0.00771182 
-0.0109462 
-0.0143745 
-0.0177329 
-0.0213053 
-0.0247849 
-0.0284972 
-0.0320924 
-0.0359368 
-0.0396388 
-0.0436036 
-0.0474013 
-0.0514712 
-0.0553505 
-0.0595067 
-0.0634512 
-0.0676724 
-0.0716636 
-0.0759261 
-0.0799443 
-0.0842231 
-0.0882473 
-0.0925172 
-0.0965264 
-0.100763 
-0.104736 
-0.108915 
-0.112834 
-0.116935 
-0.12078 
-0.124786 
-0.128543 
-0.132438 
-0.136095 
-0.13987 
-0.143417 
-0.147065 
-0.150497 
-0.154019 
-0.157335 
-0.160733 
-0.163938 
-0.167222 
-0.170325 
-0.173509 
-0.176526 
-0.17963 
-0.182581 
-0.18563 
-0.188539 
-0.191561 
-0.194458 
-0.197484 
-0.200397 
-0.203459 
-0.206417 
-0.209543 
-0.212573 
-0.215789 
-0.218912 
-0.222238 
-0.225468 
-0.228914 
-0.23226 
-0.235829 
-0.239289 
-0.242977 
-0.246541 
-0.250335 
-0.253988 
-0.257868 
-0.261587 
-0.265528 
-0.269287 
-0.273259 
-0.277026 
