0 
0.0057691 
0.0115374 
0.0173042 
0.0230687 
0.0288302 
0.0345877 
0.0403407 
0.0460883 
0.0518298 
0.0575644 
0.0632913 
0.0690098 
0.0747191 
0.0804184 
0.0861071 
0.0917842 
0.0974492 
0.103101 
0.108739 
0.114363 
0.119972 
0.125564 
0.13114 
0.136699 
0.142239 
0.14776 
0.153262 
0.158743 
0.164203 
0.169641 
0.175057 
0.180449 
0.185817 
0.191161 
0.196479 
0.201771 
0.207036 
0.212274 
0.217483 
0.222663 
0.227814 
0.232934 
0.238023 
0.243081 
0.248106 
0.253098 
0.258057 
0.262981 
0.26787 
0.272724 
0.277541 
0.282321 
0.287064 
0.291768 
0.296434 
0.30106 
0.305646 
0.310191 
0.314695 
0.319158 
0.323577 
0.327954 
0.332287 
0.336576 
0.340819 
0.345018 
0.34917 
0.353277 
0.357336 
0.361347 
0.36531 
0.369225 
0.373091 
0.376907 
0.380672 
0.384387 
0.388051 
0.391663 
0.395224 
0.398731 
0.402185 
0.405586 
0.408933 
0.412225 
0.415463 
0.418645 
0.421771 
0.424842 
0.427855 
0.430812 
0.433712 
0.436553 
0.439337 
0.442062 
0.444728 
0.447335 
0.449883 
0.45237 
0.454797 
0.457164 
0.45947 
0.461715 
0.463898 
0.46602 
0.468079 
0.470076 
0.472011 
0.473882 
0.475691 
0.477436 
0.479118 
0.480736 
0.48229 
0.48378 
0.485205 
0.486566 
0.487862 
0.489093 
0.490259 
0.491359 
0.492394 
0.493364 
0.494268 
0.495106 
0.495878 
0.496585 
0.497225 
0.497799 
0.498306 
0.498747 
0.499122 
0.499431 
0.499673 
0.499848 
0.499957 
0.499999 
0.499975 
0.499884 
0.499727 
0.499503 
0.499213 
0.498856 
0.498433 
0.497943 
0.497387 
0.496765 
0.496077 
0.495322 
0.494502 
0.493616 
0.492664 
0.491647 
0.490564 
0.489415 
0.488202 
0.486924 
0.485581 
0.484173 
0.482701 
0.481164 
0.479563 
0.477899 
0.476171 
0.474379 
0.472525 
0.470607 
0.468627 
0.466585 
0.46448 
0.462313 
0.460085 
0.457796 
0.455446 
0.453035 
0.450563 
0.448032 
0.445441 
0.442791 
0.440082 
0.437314 
0.434488 
0.431605 
0.428663 
0.425665 
0.42261 
0.419499 
0.416332 
0.413109 
0.409832 
0.4065 
0.403113 
0.399674 
0.396181 
0.392635 
0.389037 
0.385387 
0.381685 
0.377933 
0.374131 
0.370279 
0.366378 
0.362427 
0.358429 
0.354383 
0.350289 
0.346149 
0.341963 
0.337732 
0.333455 
0.329134 
0.324769 
0.320361 
0.315911 
0.311418 
0.306884 
0.302309 
0.297693 
0.293038 
0.288344 
0.283612 
0.278842 
0.274035 
0.269191 
0.264311 
0.259397 
0.254447 
0.249464 
0.244448 
0.239399 
0.234318 
0.229206 
0.224064 
0.218891 
0.21369 
0.20846 
0.203202 
0.197918 
0.192607 
0.18727 
0.181908 
0.176522 
0.171113 
0.165681 
0.160227 
0.154751 
0.149255 
0.143739 
0.138204 
0.13265 
0.127079 
0.121491 
0.115887 
0.110267 
0.104633 
0.0989842 
0.0933227 
0.0876488 
0.0819632 
0.0762667 
0.07056 
0.0648439 
0.0591192 
0.0533867 
0.047647 
0.041901 
0.0361494 
0.030393 
0.0246325 
0.0188688 
0.0131025 
0.00733453 
0.00156556 
-0.00420362 
-0.00997224 
-0.0157395 
-0.0215047 
-0.0272671 
-0.0330258 
-0.0387801 
-0.0445292 
-0.0502724 
-0.056009 
-0.061738 
-0.0674589 
-0.0731707 
-0.0788728 
-0.0845645 
-0.0902448 
-0.0959132 
-0.101569 
-0.107211 
-0.112839 
-0.118451 
-0.124048 
-0.129629 
-0.135192 
-0.140737 
-0.146264 
-0.151771 
-0.157258 
-0.162723 
-0.168168 
-0.173589 
-0.178988 
-0.184363 
-0.189713 
-0.195038 
-0.200338 
-0.20561 
-0.210855 
-0.216072 
-0.22126 
-0.226419 
-0.231548 
-0.236645 
-0.241712 
-0.246746 
-0.251747 
-0.256715 
-0.261648 
-0.266547 
-0.27141 
-0.276237 
-0.281028 
-0.285781 
-0.290496 
-0.295172 
-0.299809 
-0.304406 
-0.308962 
-0.313477 
-0.317951 
-0.322382 
-0.326771 
-0.331115 
-0.335416 
-0.339672 
-0.343883 
-0.348048 
-0.352167 
-0.356239 
-0.360263 
-0.36424 
-0.368168 
-0.372047 
-0.375876 
-0.379655 
-0.383384 
-0.387062 
-0.390688 
-0.394263 
-0.397784 
-0.401253 
-0.404669 
-0.40803 
-0.411337 
-0.41459 
-0.417787 
-0.420929 
-0.424014 
-0.427043 
-0.430015 
-0.432931 
-0.435788 
-0.438587 
-0.441328 
-0.44401 
-0.446634 
-0.449197 
-0.451701 
-0.454145 
-0.456528 
-0.45885 
-0.461112 
-0.463312 
-0.46545 
-0.467526 
-0.46954 
-0.471492 
-0.473381 
-0.475206 
-0.476969 
-0.478668 
-0.480303 
-0.481875 
-0.483382 
-0.484825 
-0.486203 
-0.487516 
-0.488765 
-0.489949 
-0.491067 
-0.49212 
-0.493107 
-0.494029 
-0.494885 
-0.495675 
-0.496399 
-0.497058 
-0.497649 
-0.498175 
-0.498634 
-0.499027 
-0.499354 
-0.499614 
-0.499807 
-0.499934 
-0.499994 
-0.499988 
-0.499916 
-0.499776 
-0.49957 
-0.499298 
-0.498959 
-0.498554 
-0.498082 
-0.497544 
-0.49694 
-0.49627 
-0.495533 
-0.494731 
-0.493863 
-0.492929 
-0.491929 
-0.490864 
-0.489734 
-0.488538 
-0.487277 
-0.485952 
-0.484561 
-0.483106 
-0.481587 
-0.480004 
-0.478357 
-0.476646 
-0.474872 
-0.473034 
-0.471134 
-0.469171 
-0.467145 
-0.465057 
-0.462907 
-0.460696 
-0.458423 
-0.456089 
-0.453695 
-0.45124 
-0.448725 
-0.44615 
-0.443516 
-0.440823 
-0.438071 
-0.435261 
-0.432393 
-0.429467 
-0.426484 
-0.423445 
-0.420349 
-0.417197 
-0.413989 
-0.410727 
-0.407409 
-0.404038 
-0.400612 
-0.397134 
-0.393602 
-0.390018 
-0.386382 
-0.382695 
-0.378957 
-0.375168 
-0.371329 
-0.367441 
-0.363504 
-0.359519 
-0.355485 
-0.351405 
-0.347277 
-0.343104 
-0.338884 
-0.33462 
-0.330311 
-0.325958 
-0.321562 
-0.317122 
-0.312641 
-0.308118 
-0.303554 
-0.29895 
-0.294305 
-0.289622 
-0.2849 
-0.28014 
-0.275343 
-0.270509 
-0.265639 
-0.260734 
-0.255794 
-0.25082 
-0.245812 
