0
-2.31461e-06
-9.52785e-06
-2.26234e-05
-4.05922e-05
-6.81901e-05
-0.000103066
-0.000148882
-0.000202798
-0.000268847
-0.000343475
-0.000431098
-0.000527601
-0.000637578
-0.000756645
-0.00088948
-0.00103154
-0.00118754
-0.00135285
-0.00153222
-0.00172092
-0.00192376
-0.00213595
-0.00236231
-0.00259802
-0.00284792
-0.00310716
-0.00338061
-0.00366337
-0.00396034
-0.00426661
-0.0045871
-0.00491685
-0.00526081
-0.00561401
-0.00598141
-0.00635803
-0.00674884
-0.00714884
-0.00756302
-0.00798636
-0.00842388
-0.00887053
-0.00933134
-0.00980125
-0.0102853
-0.0107784
-0.0112857
-0.011802
-0.0123324
-0.0128719
-0.0134254
-0.013988
-0.0145646
-0.014
-0.0140288
-0.014
-0.0140205
-0.0139992
-0.0140188
-0.014
-0.0140182
-0.014
-0.0140175
-0.014
-0.014017
-0.014
-0.0140167
-0.014
-0.0140165
-0.014
-0.0140164
-0.014
-0.0140163
-0.014
-0.0140162
-0.014
-0.0140162
-0.014
-0.0140162
-0.014
-0.0140162
-0.014
-0.0140162
-0.014
-0.0140162
-0.014
-0.0140162
-0.014
-0.0140162
-0.014
-0.0140162
-0.014
-0.0140162
-0.014
-0.0140162
-0.014
-0.0140163
-0.014
-0.0140163
-0.014
-0.0140163
-0.014
-0.0140163
-0.014
-0.0140163
-0.014
-0.0140162
-0.014
-0.0140162
-0.014
-0.0140162
-0.014
-0.0140162
-0.014
-0.0140162
-0.014
-0.0140162
-0.014
-0.0140162
-0.014
-0.0140161
-0.014
-0.0140161
-0.014
-0.0140161
-0.014
-0.0140161
-0.014
-0.014016
-0.014
-0.014016
-0.014
-0.014016
-0.014
-0.0140159
-0.014
-0.0140159
-0.014
-0.0140159
-0.014
-0.0140158
-0.014
-0.0140158
-0.014
-0.0140157
-0.014
-0.0140157
-0.014
-0.0140156
-0.014
-0.0140156
-0.014
-0.0140155
-0.014
-0.0140155
-0.014
-0.0140154
-0.014
-0.0140154
-0.014
-0.0140153
-0.014
-0.0140153
-0.014
-0.0140152
-0.014
-0.0140151
-0.014
-0.0140151
-0.014
-0.014015
-0.014
-0.0140149
-0.014
-0.0140149
-0.014
-0.0140148
-0.014
-0.0140147
-0.014
-0.0140147
-0.014
-0.0140146
-0.014
-0.0140145
-0.014
-0.0140144
-0.014
-0.0140144
-0.014
-0.0140143
-0.014
-0.0140142
-0.014
-0.0140141
-0.014
-0.0140141
-0.014
-0.014014
-0.014
-0.0140139
-0.014
-0.0140138
-0.014
-0.0140137
-0.014
-0.0140137
-0.014
-0.0140136
-0.014
-0.0140135
-0.014
-0.0140134
-0.014
-0.0140133
-0.014
-0.0140133
-0.014
-0.0140132
-0.014
-0.0140131
-0.014
-0.014013
-0.014
-0.014013
-0.014
-0.0140129
-0.014
-0.0140128
-0.014
-0.0140127
-0.014
-0.0140127
-0.014
-0.0140126
-0.014
-0.0140125
-0.014
-0.0140124
-0.014
-0.014012
-0.014
-0.0140118
-0.014
-0.0140117
-0.014
-0.0140117
-0.014
-0.0140116
-0.014
-0.0140115
-0.014
-0.0140115
-0.014
-0.0140114
-0.014
-0.0140113
-0.014
-0.0140113
-0.014
-0.0140112
-0.014
-0.0140112
-0.014
-0.0140111
-0.014
-0.0140111
-0.014
-0.014011
-0.014
-0.014011
-0.014
-0.0140109
-0.014
-0.0140109
-0.014
-0.0140108
-0.014
-0.0140108
-0.014
-0.0140108
-0.014
-0.0140107
-0.014
-0.0140107
-0.014
-0.0140107
-0.014
-0.0140106
-0.014
-0.0140106
-0.014
-0.0140106
-0.014
-0.0140106
-0.014
-0.0140105
-0.014
-0.0140105
-0.014
-0.0140105
-0.014
-0.0140105
-0.014
-0.0140105
-0.014
-0.0140105
-0.014
-0.0140105
-0.014
-0.0140105
-0.014
-0.0140105
-0.014
-0.0140105
-0.014
-0.0140105
-0.014
-0.0140105
-0.014
-0.0140105
-0.014
-0.0140106
-0.014
-0.0140106
-0.014
-0.0140106
-0.014
-0.0140106
-0.014
-0.0140106
-0.014
-0.0140107
-0.014
-0.0140107
-0.014
-0.0140107
-0.014
-0.0140107
-0.014
-0.0140108
-0.014
-0.0140108
-0.014
-0.0140108
-0.014
-0.0140109
-0.014
-0.0140109
-0.014
-0.014011
-0.014
-0.014011
-0.014
-0.014011
-0.014
-0.0140111
-0.014
-0.0140111
-0.014
-0.0140112
-0.014
-0.0140112
-0.014
-0.0140113
-0.014
-0.0140113
-0.014
-0.0140114
-0.014
-0.0140114
-0.014
-0.0140115
-0.014
-0.0140115
-0.014
-0.0140116
-0.014
-0.0140116
-0.014
-0.0140117
-0.014
-0.0140117
-0.014
-0.0140118
-0.014
-0.0140119
-0.014
-0.0140119
-0.014
-0.014012
-0.014
-0.014012
-0.014
-0.0140121
-0.014
-0.0140121
-0.014
-0.0140122
-0.014
-0.0140122
-0.014
-0.0140123
-0.014
-0.0140123
-0.014
-0.0140124
-0.014
-0.0140124
-0.014
-0.0140125
-0.014
-0.0140125
-0.014
-0.0140126
-0.014
-0.0140126
-0.014
-0.0140127
-0.014
-0.0140127
-0.014
-0.0140127
-0.014
-0.0140128
-0.014
-0.0140128
-0.014
-0.0140129
-0.014
-0.0140129
-0.014
-0.0140129
-0.014
-0.014013
-0.014
-0.014013
-0.014
-0.014013
-0.014
-0.0140131
-0.014
-0.0140131
-0.014
-0.0140131
-0.014
-0.0140132
-0.014
-0.0140132
-0.014
-0.0140132
-0.014
-0.0140132
-0.014
-0.0140133
-0.014
-0.0140133
-0.014
-0.0140133
-0.014
-0.0140133
-0.014
-0.0140133
-0.014
-0.0140133
-0.014
-0.0140134
-0.014
-0.0140134
-0.014
-0.0140134
-0.014
-0.0140134
-0.014
-0.0140134
-0.014
-0.0140134
-0.014
-0.0140134
-0.014
-0.0140134
-0.014
-0.0140134
-0.014
-0.0140134
-0.014
-0.0140134
-0.014
-0.0140134
-0.014
-0.0140134
-0.014
-0.0140134
-0.014
-0.0140134
-0.014
-0.0140134
-0.014
-0.0140134
-0.014
-0.0140134
-0.014
-0.0140133
-0.014
-0.0140133
-0.014
-0.0140133
-0.014
-0.0140133
-0.014
-0.0140133
-0.014
-0.0140133
-0.014
-0.0140133
-0.014
-0.0140133
-0.014
-0.0140132
-0.014
-0.0140132
-0.014
-0.0140132
-0.014
-0.0140132
-0.014
-0.0140132
-0.014
-0.0140132
-0.014
-0.0140131
-0.014
-0.0140131
-0.014
-0.0140131
-0.014
-0.0140131
-0.014
-0.0140131
-0.014
-0.0140131
-0.014
-0.014013
-0.014
-0.014013
-0.014
-0.014013
-0.014
-0.014013
-0.014
-0.014013
-0.014
-0.014013
-0.014
-0.0140129
-0.014
-0.0140129
-0.0139996
-0.0140125
-0.014
-0.0140129
-0.014
-0.0140129
-0.014
-0.0140129
-0.0139996
-0.0140124
-0.014
-0.0140128
-0.014
-0.0140128
-0.0139996
-0.0140124
-0.014
-0.0140128
-0.014
-0.0140128
-0.0139996
-0.0140123
-0.014
-0.0140128
-0.014
-0.0140128
-0.0139996
-0.0140123
-0.014
-0.0140128
-0.014
-0.0140128
-0.0139996
-0.0140122
-0.014
-0.0140128
-0.014
-0.0140128
-0.0139995
-0.0140122
-0.014
-0.0140128
-0.0139997
-0.0140125
-0.014
-0.0140129
-0.0139997
-0.0140125
-0.014
-0.0140129
-0.0139996
-0.0140125
-0.014
-0.0140129
-0.0139996
-0.0140125
-0.014
-0.014013
-0.0139996
-0.0140125
-0.014
-0.014013
-0.0139996
-0.0140126
-0.014
-0.0140131
-0.0139996
-0.0140126
-0.014
-0.0140131
-0.0139996
-0.0140126
-0.014
-0.0140132
-0.0139996
-0.0140127
-0.014
-0.0140132
-0.0139996
-0.0140127
-0.014
-0.0140133
-0.0139996
-0.0140128
-0.014
-0.0140134
-0.0139996
-0.0140129
-0.014
-0.0140135
-0.0139996
-0.014013
-0.014
-0.0140136
-0.0139996
-0.014013
-0.014
-0.0140136
-0.0139996
-0.0140131
-0.014
-0.0140137
-0.0139996
-0.0140132
-0.014
-0.0140138
-0.0139996
-0.0140133
-0.014
-0.0140139
-0.0139996
-0.0140134
-0.014
-0.014014
-0.0139996
-0.0140135
-0.014
-0.0140142
-0.0139996
-0.0140137
-0.014
-0.0140143
-0.0139996
-0.0140138
-0.014
-0.0140144
-0.0139996
-0.0140139
-0.014
-0.0140145
-0.0139996
-0.014014
-0.014
-0.0140146
-0.0139996
-0.0140141
-0.014
-0.0140147
-0.0139996
-0.0140142
-0.014
-0.0140148
-0.0139996
-0.0140143
-0.014
-0.0140149
-0.0139996
-0.0140145
-0.014
-0.014015
-0.0139996
-0.0140146
-0.014
-0.0140151
-0.0139996
-0.0140147
-0.014
-0.0140152
-0.0139996
-0.0140148
-0.014
-0.0140153
-0.0139996
-0.0140149
-0.014
-0.0140154
-0.0139996
-0.014015
-0.014
-0.0140155
-0.0139996
-0.0140151
-0.014
-0.0140156
-0.0139996
-0.0140152
-0.014
-0.0140156
-0.0139996
-0.0140152
-0.014
-0.0140157
-0.0139996
-0.0140153
-0.014
-0.0140158
-0.0139996
-0.0140154
-0.014
-0.0140158
-0.0139996
-0.0140154
-0.014
-0.0140159
-0.0139996
-0.0140154
-0.014
-0.0140159
-0.0139996
-0.0140155
-0.014
-0.0140159
-0.0139996
-0.0140155
-0.014
-0.0140159
-0.0139996
-0.0140155
-0.014
-0.014016
-0.0139996
-0.0140155
-0.014
-0.0140159
-0.0139996
-0.0140155
-0.014
-0.0140159
-0.0139996
-0.0140154
-0.014
-0.0140159
-0.0139996
-0.0140154
-0.014
-0.0140159
-0.0139996
-0.0140153
-0.014
-0.0140158
-0.0139996
-0.0140153
-0.014
-0.0140157
-0.0139996
-0.0140152
-0.014
-0.0140157
-0.0139996
-0.0140151
-0.014
-0.0140156
-0.0139996
-0.0140149
-0.014
-0.0140155
-0.0139995
-0.0140148
-0.0139997
-0.0140151
-0.0139997
-0.0140151
-0.0139997
-0.014015
-0.0139997
-0.0140149
-0.0139997
-0.0140148
-0.0139997
-0.0140147
-0.0139997
-0.0140146
-0.0139997
-0.0140145
-0.0139997
-0.0140144
-0.0139997
-0.0140143
-0.0139997
-0.0140142
-0.0139997
-0.0140141
-0.0139997
-0.014014
-0.0139997
-0.0140139
-0.0139997
-0.0140137
-0.0139997
-0.0140136
-0.0139997
-0.0140135
-0.0139997
-0.0140133
-0.0139997
-0.0140132
-0.0139997
-0.014013
-0.0139997
-0.0140129
-0.0139997
-0.0140127
-0.0139997
-0.0140126
-0.0139997
-0.0140124
-0.0139997
-0.0140122
-0.0139997
-0.0140121
-0.0139997
-0.0140119
-0.0139996
-0.0140117
-0.0139996
-0.0140115
-0.0139996
-0.0140113
-0.0139996
-0.0140111
-0.0139996
-0.0140109
-0.0139996
-0.0140107
-0.0139996
-0.0140105
-0.0139996
-0.0140103
-0.0139996
-0.0140101
-0.0139996
-0.0140099
-0.0139996
-0.0140097
-0.0139996
-0.0140095
-0.0139996
-0.0140093
-0.0139996
-0.014009
-0.0139996
-0.0140088
-0.0139996
-0.0140086
-0.0139996
-0.0140083
-0.0139995
-0.0140081
-0.0139995
-0.0140079
-0.0139995
-0.0140076
-0.0139995
-0.0140074
-0.0139995
-0.0140071
-0.0139995
-0.0140069
-0.0139995
-0.0140066
-0.0139995
-0.0140064
-0.0139995
-0.0140061
-0.0139995
-0.0140058
-0.0139995
-0.0140056
-0.0139994
-0.0140053
-0.0139994
-0.014005
-0.0139994
-0.0140047
-0.0139994
-0.0140044
-0.0139994
-0.0140042
-0.0139993
-0.0140039
-0.0139993
-0.0140036
-0.0139993
-0.0140033
-0.0139993
-0.014003
-0.0139992
-0.0140027
-0.0139992
-0.0140024
-0.0139992
-0.0140021
-0.0139991
-0.0140018
-0.0139991
-0.0140015
-0.013999
-0.0140012
-0.013999
-0.0140008
-0.0139989
-0.0140005
-0.0139987
-0.014
-0.0139985
-0.0139995
-0.0140135
-0.014
-0.0140125
-0.014
-0.0140124
-0.014
-0.0140123
-0.014
-0.0140122
-0.014
-0.0140121
-0.014
-0.014012
-0.014
-0.0140119
-0.014
-0.0140117
-0.014
-0.0140116
-0.014
-0.0140115
-0.014
-0.0140114
-0.014
-0.0140112
-0.014
-0.0140111
-0.014
-0.014011
-0.014
-0.0140109
-0.014
-0.0140108
-0.014
-0.0140106
-0.014
-0.0140105
-0.014
-0.0140104
-0.014
-0.0140103
-0.014
-0.0140102
-0.014
-0.0140101
-0.014
-0.01401
-0.014
-0.0140099
-0.014
-0.0140098
-0.014
-0.0140097
-0.014
-0.0140096
-0.014
-0.0140095
-0.014
-0.0140094
-0.014
-0.0140093
-0.014
-0.0140092
-0.014
-0.0140092
-0.014
-0.0140091
-0.014
-0.014009
-0.014
-0.0140089
-0.014
-0.0140089
-0.014
-0.0140088
-0.014
-0.0140087
-0.014
-0.0140087
-0.014
-0.0140086
-0.014
-0.0140086
-0.014
-0.0140085
-0.014
-0.0140085
-0.014
-0.0140085
-0.014
-0.0140084
-0.014
-0.0140084
-0.014
-0.0140084
-0.014
-0.0140083
-0.014
-0.0140083
-0.014
-0.0140083
-0.014
-0.0140083
-0.014
-0.0140083
-0.014
-0.0140083
-0.014
-0.0140083
-0.014
-0.0140083
-0.014
-0.0140083
-0.014
-0.0140083
-0.014
-0.0140084
-0.014
-0.0140084
-0.014
-0.0140084
-0.014
-0.0140085
-0.014
-0.0140085
-0.014
-0.0140085
-0.014
-0.0140086
-0.014
-0.0140086
-0.014
-0.0140087
-0.014
-0.0140087
-0.014
-0.0140088
-0.014
-0.0140089
-0.014
-0.0140089
-0.014
-0.014009
-0.014
-0.0140091
-0.014
-0.0140092
-0.014
-0.0140093
-0.014
-0.0140094
-0.014
-0.0140094
-0.014
-0.0140095
-0.014
-0.0140096
-0.014
-0.0140097
-0.014
-0.0140098
-0.014
-0.01401
-0.014
-0.0140101
-0.014
-0.0140102
-0.014
-0.0140103
-0.014
-0.0140104
-0.014
-0.0140105
-0.014
-0.0140106
-0.014
-0.0140108
-0.014
-0.0140109
-0.014
-0.014011
-0.014
-0.0140112
-0.014
-0.0140113
-0.014
-0.0140114
-0.014
-0.0140115
-0.014
-0.0140117
-0.014
-0.0140118
-0.014
-0.014012
-0.014
-0.0140121
-0.014
-0.0140122
-0.014
-0.0140124
-0.014
-0.0140125
-0.014
-0.0140126
-0.014
-0.0140128
-0.014
-0.0140129
-0.014
-0.014013
-0.014
-0.0140132
-0.014
-0.0140133
-0.014
-0.0140134
-0.014
-0.0140135
-0.014
-0.0140137
-0.014
-0.0140138
-0.014
-0.0140139
-0.014
-0.014014
-0.014
-0.0140142
-0.014
-0.0140143
-0.014
-0.0140144
-0.014
-0.0140145
-0.014
-0.0140146
-0.014
-0.0140147
-0.014
-0.0140148
-0.014
-0.0140149
-0.014
-0.014015
-0.014
-0.0140151
-0.014
-0.0140152
-0.014
-0.0140153
-0.014
-0.0140154
-0.014
-0.0140155
-0.014
-0.0140155
-0.014
-0.0140156
-0.014
-0.0140157
-0.014
-0.0140158
-0.0139994
-0.014015
-0.014
-0.0140158
-0.0139995
-0.0140152
-0.014
-0.0140158
-0.014
-0.0140158
-0.0139995
-0.0140155
-0.014
-0.0140164
-0.014
-0.0140167
-0.014
-0.0140169
-0.0139995
-0.0140168
-0.014
-0.0140175
-0.014
-0.0140178
-0.014
-0.014018
-0.014
-0.0140183
-0.014
-0.0140185
-0.014
-0.0140188
-0.014
-0.014019
-0.014
-0.0140193
-0.014
-0.0140195
-0.014
-0.0140197
-0.014
-0.0140199
-0.014
-0.0140201
-0.014
-0.0140203
-0.014
-0.0140205
-0.014
-0.0140207
-0.014
-0.0140209
-0.014
-0.0140211
-0.014
-0.0140212
-0.014
-0.0140214
-0.014
-0.0140215
-0.014
-0.0140217
-0.014
-0.0140218
-0.014
-0.014022
-0.014
-0.0140221
-0.014
-0.0140222
-0.014
-0.0140223
-0.014
-0.0140224
-0.014
-0.0140225
-0.014
-0.0140226
-0.014
-0.0140227
-0.014
-0.0140228
-0.014
-0.0140229
-0.014
-0.014023
-0.014
-0.014023
-0.014
-0.0140231
-0.014
-0.0140232
-0.014
-0.0140232
-0.014
-0.0140232
-0.014
-0.0140233
-0.014
-0.0140233
-0.014
-0.0140233
-0.014
-0.0140234
-0.014
-0.0140234
-0.014
-0.0140234
-0.014
-0.0140234
-0.014
-0.0140234
-0.014
-0.0140234
-0.014
-0.0140234
-0.014
-0.0140234
-0.014
-0.0140234
-0.014
-0.0140234
-0.014
-0.0140233
-0.014
-0.0140233
-0.014
-0.0140233
-0.014
-0.0140232
-0.014
-0.0140232
-0.014
-0.0140232
-0.014
-0.0140231
-0.014
-0.0140231
-0.014
-0.014023
-0.014
-0.014023
-0.014
-0.0140229
-0.014
-0.0140228
-0.014
-0.0140228
-0.014
-0.0140227
-0.014
-0.0140226
-0.014
-0.0140225
-0.014
-0.0140225
-0.014
-0.0140224
-0.014
-0.0140223
-0.014
-0.0140222
-0.014
-0.0140221
-0.014
-0.014022
-0.014
-0.0140219
-0.014
-0.0140218
-0.014
-0.0140217
-0.014
-0.0140216
-0.014
-0.0140215
-0.014
-0.0140214
-0.014
-0.0140213
-0.014
-0.0140212
-0.014
-0.0140211
-0.014
-0.014021
-0.014
-0.0140209
-0.014
-0.0140208
-0.014
-0.0140207
-0.014
-0.0140205
-0.014
-0.0140204
-0.014
-0.0140203
-0.014
-0.0140202
-0.014
-0.0140201
-0.014
-0.0140199
-0.014
-0.0140198
-0.014
-0.0140197
-0.014
-0.0140196
-0.014
-0.0140194
-0.014
-0.0140193
-0.014
-0.0140192
-0.014
-0.0140191
-0.014
-0.0140189
-0.014
-0.0140188
-0.014
-0.0140187
-0.014
-0.0140185
-0.014
-0.0140184
-0.014
-0.0140183
-0.014
-0.0140182
-0.014
-0.014018
-0.014
-0.0140179
-0.014
-0.0140178
-0.014
-0.0140176
-0.014
-0.0140175
-0.014
-0.0140174
-0.014
-0.0140172
-0.014
-0.0140171
-0.014
-0.014017
-0.014
-0.0140168
-0.014
-0.0140167
-0.014
-0.0140166
-0.014
-0.0140164
-0.014
-0.0140163
-0.014
-0.0140162
-0.014
-0.0140161
-0.014
-0.0140159
-0.014
-0.0140158
-0.014
-0.0140157
-0.014
-0.0140156
-0.014
-0.0140154
-0.014
-0.0140153
-0.014
-0.0140152
-0.014
-0.0140151
-0.014
-0.0140149
-0.014
-0.0140148
-0.014
-0.0140147
-0.014
-0.0140146
-0.014
-0.0140145
-0.014
-0.0140143
-0.014
-0.0140142
-0.014
-0.0140141
-0.014
-0.014014
-0.014
-0.0140139
-0.014
-0.0140138
-0.014
-0.0140137
-0.014
-0.0140136
-0.014
-0.0140135
-0.014
-0.0140134
-0.014
-0.0140133
-0.014
-0.0140132
-0.014
-0.0140131
-0.014
-0.014013
-0.014
-0.0140129
-0.014
-0.0140128
-0.014
-0.0140127
-0.014
-0.0140126
-0.014
-0.0140125
-0.014
-0.0140124
-0.014
-0.0140124
-0.014
-0.0140123
-0.014
-0.0140122
-0.014
-0.0140121
-0.014
-0.0140121
-0.014
-0.014012
-0.014
-0.0140119
-0.014
-0.0140118
-0.014
-0.0140118
-0.014
-0.0140117
-0.014
-0.0140117
-0.014
-0.0140116
-0.014
-0.0140115
-0.014
-0.0140115
-0.014
-0.0140114
-0.014
-0.0140114
-0.014
-0.0140114
-0.014
-0.0140113
-0.014
-0.0140113
-0.014
-0.0140112
-0.014
-0.0140112
-0.014
-0.0140112
-0.014
-0.0140111
-0.014
-0.0140111
-0.014
-0.0140111
-0.014
-0.0140111
-0.014
-0.014011
-0.014
-0.014011
-0.014
-0.014011
-0.014
-0.014011
-0.014
-0.014011
-0.014
-0.014011
-0.014
-0.014011
-0.014
-0.014011
-0.014
-0.014011
-0.014
-0.014011
-0.014
-0.014011
-0.014
-0.014011
-0.014
-0.014011
-0.014
-0.0140111
-0.014
-0.0140111
-0.014
-0.0140111
-0.014
-0.0140111
-0.014
-0.0140112
-0.014
-0.0140112
-0.014
-0.0140112
-0.014
-0.0140113
-0.014
-0.0140113
-0.014
-0.0140113
-0.014
-0.0140114
-0.014
-0.0140114
-0.014
-0.0140115
-0.014
-0.0140115
-0.014
-0.0140116
-0.014
-0.0140117
-0.014
-0.0140117
-0.014
-0.0140118
-0.014
-0.0140119
-0.014
-0.0140119
-0.014
-0.014012
-0.014
-0.0140121
-0.014
-0.0140122
-0.014
-0.0140122
-0.014
-0.0140123
-0.014
-0.0140124
-0.014
-0.0140125
-0.014
-0.0140126
-0.014
-0.0140127
-0.014
-0.0140128
-0.014
-0.0140129
-0.014
-0.014013
-0.014
-0.0140131
-0.014
-0.0140132
-0.014
-0.0140133
-0.014
-0.0140134
-0.014
-0.0140135
-0.014
-0.0140136
-0.014
-0.0140138
-0.014
-0.0140139
-0.014
-0.014014
-0.014
-0.0140141
-0.014
-0.0140143
-0.014
-0.0140144
-0.014
-0.0140145
-0.014
-0.0140147
-0.014
-0.0140148
-0.014
-0.0140149
-0.014
-0.0140151
-0.014
-0.0140152
-0.014
-0.0140153
-0.014
-0.0140155
-0.014
-0.0140156
-0.014
-0.0140158
-0.014
-0.0140159
-0.014
-0.0140161
-0.014
-0.0140162
-0.014
-0.0140164
-0.014
-0.0140165
-0.014
-0.0140167
-0.014
-0.0140168
-0.014
-0.014017
-0.014
-0.0140171
-0.014
-0.0140173
-0.014
-0.0140174
-0.014
-0.0140176
-0.014
-0.0140177
-0.014
-0.0140179
-0.014
-0.014018
-0.014
-0.0140182
-0.014
-0.0140183
-0.014
-0.0140185
-0.014
-0.0140187
-0.014
-0.0140188
-0.014
-0.014019
-0.014
-0.0140191
-0.014
-0.0140193
-0.014
-0.0140194
-0.014
-0.0140196
-0.014
-0.0140197
-0.014
-0.0140198
-0.014
-0.01402
-0.014
-0.0140201
-0.014
-0.0140203
-0.014
-0.0140204
-0.014
-0.0140205
-0.014
-0.0140207
-0.014
-0.0140208
-0.014
-0.0140209
-0.014
-0.0140211
-0.014
-0.0140212
-0.014
-0.0140213
-0.014
-0.0140214
-0.014
-0.0140215
-0.014
-0.0140216
-0.014
-0.0140218
-0.014
-0.0140219
-0.014
-0.014022
-0.014
-0.0140221
-0.014
-0.0140221
-0.014
-0.0140222
-0.014
-0.0140223
-0.014
-0.0140224
-0.014
-0.0140225
-0.014
-0.0140226
-0.014
-0.0140226
-0.014
-0.0140227
-0.014
-0.0140227
-0.014
-0.0140228
-0.014
-0.0140228
-0.014
-0.0140229
-0.014
-0.0140229
-0.014
-0.014023
-0.014
-0.014023
-0.014
-0.014023
-0.014
-0.014023
-0.014
-0.014023
-0.014
-0.014023
-0.014
-0.014023
-0.014
-0.014023
-0.014
-0.014023
-0.014
-0.014023
-0.014
-0.014023
-0.014
-0.014023
-0.014
-0.0140229
-0.014
-0.0140229
-0.014
-0.0140228
-0.014
-0.0140228
-0.014
-0.0140227
-0.014
-0.0140226
-0.014
-0.0140226
-0.014
-0.0140224
-0.014
-0.0140223
-0.014
-0.0140222
-0.014
-0.0140221
-0.014
-0.014022
-0.014
-0.0140219
-0.014
-0.0140219
-0.0139991
-0.0140207
-0.014
-0.0140216
-0.0139991
-0.0140205
-0.014
-0.0140213
-0.0139991
-0.0140201
-0.014
-0.014021
-0.0139992
-0.0140198
-0.014
-0.0140206
-0.0139992
-0.0140195
-0.014
-0.0140206
-0.0139991
-0.0140196
-0.014
-0.0140208
-0.013999
-0.0140197
-0.014
-0.014021
-0.013999
-0.0140198
-0.014
-0.0140211
-0.014
-0.0140212
-0.014
-0.0140212
-0.014
-0.0140213
-0.014
-0.0140213
-0.014
-0.0140214
-0.014
-0.0140214
-0.014
-0.0140214
-0.014
-0.0140215
-0.014
-0.0140215
-0.014
-0.0140215
-0.014
-0.0140215
-0.014
-0.0140215
-0.014
-0.0140215
-0.014
-0.0140215
-0.014
-0.0140215
-0.014
-0.0140215
-0.014
-0.0140215
-0.014
-0.0140215
-0.014
-0.0140215
-0.014
-0.0140215
-0.014
-0.0140214
-0.014
-0.0140214
-0.014
-0.0140213
-0.014
-0.0140213
-0.014
-0.0140213
-0.014
-0.0140212
-0.014
-0.0140211
-0.014
-0.0140211
-0.014
-0.014021
-0.014
-0.014021
-0.014
-0.0140209
-0.014
-0.0140208
-0.014
-0.0140207
-0.014
-0.0140207
-0.014
-0.0140206
-0.014
-0.0140205
-0.014
-0.0140204
-0.014
-0.0140203
-0.014
-0.0140202
-0.014
-0.0140201
-0.014
-0.01402
-0.014
-0.01402
-0.014
-0.0140199
-0.014
-0.0140198
-0.014
-0.0140196
-0.014
-0.0140195
-0.014
-0.0140194
-0.014
-0.0140193
-0.014
-0.0140192
-0.014
-0.0140191
-0.014
-0.014019
-0.014
-0.0140189
-0.014
-0.0140188
-0.014
-0.0140187
-0.014
-0.0140186
-0.014
-0.0140184
-0.014
-0.0140183
-0.014
-0.0140182
-0.014
-0.0140181
-0.014
-0.014018
-0.014
-0.0140179
-0.014
-0.0140178
-0.014
-0.0140176
-0.014
-0.0140175
-0.014
-0.0140174
-0.014
-0.0140173
-0.014
-0.0140172
-0.014
-0.0140171
-0.014
-0.014017
-0.014
-0.0140168
-0.014
-0.0140167
-0.014
-0.0140166
-0.014
-0.0140165
-0.014
-0.0140164
-0.014
-0.0140163
-0.014
-0.0140162
-0.014
-0.0140161
-0.014
-0.014016
-0.014
-0.0140159
-0.014
-0.0140158
-0.014
-0.0140157
-0.014
-0.0140156
-0.014
-0.0140155
-0.014
-0.0140154
-0.014
-0.0140153
-0.014
-0.0140152
-0.014
-0.0140151
-0.014
-0.014015
-0.014
-0.0140149
-0.014
-0.0140148
-0.014
-0.0140147
-0.014
-0.0140146
-0.014
-0.0140145
-0.014
-0.0140144
-0.014
-0.0140143
-0.014
-0.0140142
-0.014
-0.0140142
-0.014
-0.0140141
-0.014
-0.014014
-0.014
-0.0140139
-0.014
-0.0140138
-0.014
-0.0140137
-0.014
-0.0140137
-0.014
-0.0140136
-0.014
-0.0140135
-0.014
-0.0140134
-0.014
-0.0140134
-0.014
-0.0140133
-0.014
-0.0140132
-0.014
-0.0140131
-0.014
-0.0140131
-0.014
-0.014013
-0.014
-0.0140129
-0.014
-0.0140128
-0.014
-0.0140128
-0.014
-0.0140127
-0.014
-0.0140126
-0.014
-0.0140126
-0.014
-0.0140125
-0.014
-0.0140124
-0.014
-0.0140124
-0.014
-0.0140123
-0.014
-0.0140122
-0.014
-0.0140122
-0.014
-0.0140121
-0.014
-0.014012
-0.014
-0.014012
-0.014
-0.0140119
-0.014
-0.0140118
-0.014
-0.0140118
-0.014
-0.0140117
-0.014
-0.0140116
-0.014
-0.0140116
-0.014
-0.0140115
-0.014
-0.0140114
-0.014
-0.0140114
-0.014
-0.0140113
-0.014
-0.0140112
-0.014
-0.0140112
-0.014
-0.0140111
-0.014
-0.014011
-0.014
-0.014011
-0.014
-0.0140109
-0.014
-0.0140108
-0.014
-0.0140108
-0.014
-0.0140107
-0.014
-0.0140107
-0.014
-0.0140106
-0.014
-0.0140105
-0.014
-0.0140105
-0.014
-0.0140104
-0.014
-0.0140103
-0.014
-0.0140103
-0.014
-0.0140102
-0.014
-0.0140101
-0.014
-0.0140101
-0.014
-0.01401
-0.014
-0.0140099
-0.014
-0.0140099
-0.014
-0.0140098
-0.014
-0.0140098
-0.014
-0.0140097
-0.014
-0.0140096
-0.014
-0.0140096
-0.014
-0.0140095
-0.014
-0.0140094
-0.014
-0.0140094
-0.014
-0.0140093
-0.014
-0.0140092
-0.014
-0.0140092
-0.014
-0.0140091
-0.014
-0.0140091
-0.014
-0.014009
-0.014
-0.0140089
-0.014
-0.0140089
-0.014
-0.0140088
-0.014
-0.0140088
-0.014
-0.0140087
-0.014
-0.0140087
-0.014
-0.0140086
-0.014
-0.0140086
-0.014
-0.0140085
-0.014
-0.0140084
-0.014
-0.0140084
-0.014
-0.0140083
-0.014
-0.0140083
-0.014
-0.0140082
-0.014
-0.0140082
-0.014
-0.0140082
-0.014
-0.0140081
-0.014
-0.0140081
-0.014
-0.014008
-0.014
-0.014008
-0.014
-0.0140079
-0.014
-0.0140079
-0.014
-0.0140079
-0.014
-0.0140078
-0.014
-0.0140078
-0.014
-0.0140078
-0.014
-0.0140077
-0.014
-0.0140077
-0.014
-0.0140077
-0.014
-0.0140076
-0.014
-0.0140076
-0.014
-0.0140076
-0.014
-0.0140076
-0.014
-0.0140076
-0.014
-0.0140075
-0.014
-0.0140075
-0.014
-0.0140075
-0.014
-0.0140075
-0.014
-0.0140075
-0.014
-0.0140075
-0.014
-0.0140075
-0.014
-0.0140075
-0.014
-0.0140075
-0.014
-0.0140075
-0.014
-0.0140075
-0.014
-0.0140075
-0.014
-0.0140075
-0.014
-0.0140075
-0.014
-0.0140075
-0.014
-0.0140075
-0.014
-0.0140075
-0.014
-0.0140075
-0.014
-0.0140076
-0.014
-0.0140076
-0.014
-0.0140076
-0.014
-0.0140076
-0.014
-0.0140077
-0.014
-0.0140077
-0.014
-0.0140077
-0.014
-0.0140078
-0.014
-0.0140078
-0.014
-0.0140078
-0.014
-0.0140079
-0.014
-0.0140079
-0.014
-0.014008
-0.014
-0.014008
-0.014
-0.0140081
-0.014
-0.0140081
-0.014
-0.0140082
-0.014
-0.0140083
-0.014
-0.0140083
-0.014
-0.0140084
-0.014
-0.0140084
-0.014
-0.0140085
-0.014
-0.0140086
-0.014
-0.0140087
-0.014
-0.0140087
-0.014
-0.0140088
-0.014
-0.0140089
-0.014
-0.014009
-0.014
-0.0140091
-0.014
-0.0140092
-0.014
-0.0140093
-0.014
-0.0140093
-0.014
-0.0140094
-0.014
-0.0140095
-0.014
-0.0140096
-0.014
-0.0140097
-0.014
-0.0140098
-0.014
-0.01401
-0.014
-0.0140101
-0.014
-0.0140102
-0.014
-0.0140103
-0.014
-0.0140104
-0.014
-0.0140105
-0.014
-0.0140106
-0.014
-0.0140108
-0.014
-0.0140109
-0.014
-0.014011
-0.014
-0.0140111
-0.014
-0.0140113
-0.014
-0.0140114
-0.014
-0.0140115
-0.014
-0.0140116
-0.014
-0.0140118
-0.014
-0.0140119
-0.014
-0.014012
-0.014
-0.0140122
-0.014
-0.0140123
-0.014
-0.0140125
-0.014
-0.0140126
-0.014
-0.0140128
-0.014
-0.0140129
-0.014
-0.014013
-0.014
-0.0140132
-0.014
-0.0140133
-0.014
-0.0140135
-0.014
-0.0140136
-0.014
-0.0140138
-0.014
-0.0140139
-0.014
-0.0140141
-0.014
-0.0140142
-0.014
-0.0140144
-0.014
-0.0140145
-0.014
-0.0140147
-0.014
-0.0140148
-0.014
-0.014015
-0.014
-0.0140151
-0.014
-0.0140153
-0.014
-0.0140154
-0.014
-0.0140156
-0.014
-0.0140157
-0.014
-0.0140159
-0.014
-0.014016
-0.014
-0.0140162
-0.014
-0.0140163
-0.014
-0.0140165
-0.014
-0.0140166
-0.014
-0.0140168
-0.014
-0.0140169
-0.014
-0.014017
-0.014
-0.0140172
-0.014
-0.0140173
-0.014
-0.0140174
-0.014
-0.0140176
-0.014
-0.0140177
-0.014
-0.0140178
-0.014
-0.014018
-0.014
-0.0140181
-0.014
-0.0140182
-0.014
-0.0140183
-0.014
-0.0140184
-0.014
-0.0140185
-0.014
-0.0140187
-0.014
-0.0140188
-0.014
-0.0140189
-0.014
-0.0140191
-0.0139989
-0.0140179
-0.014
-0.0140192
-0.013999
-0.0140182
-0.014
-0.0140193
-0.0139991
-0.0140184
-0.014
-0.0140194
-0.0139992
-0.0140186
-0.014
-0.0140195
-0.0139993
-0.0140188
-0.014
-0.0140196
-0.014
-0.0140198
-0.0139991
-0.014019
-0.014
-0.0140201
-0.014
-0.0140203
-0.0139992
-0.0140196
-0.014
-0.0140205
-0.014
-0.0140207
-0.014
-0.0140208
-0.0139991
-0.0140201
-0.014
-0.0140211
-0.014
-0.0140212
-0.014
-0.0140214
-0.014
-0.0140215
-0.014
-0.0140216
-0.0139991
-0.014021
-0.014
-0.0140217
-0.014
-0.0140219
-0.014
-0.014022
-0.014
-0.014022
-0.014
-0.0140221
-0.014
-0.0140222
-0.014
-0.0140222
-0.014
-0.0140223
-0.014
-0.0140223
-0.014
-0.0140224
-0.014
-0.0140224
-0.014
-0.0140225
-0.014
-0.0140225
-0.014
-0.0140225
-0.014
-0.0140225
-0.014
-0.0140225
-0.014
-0.0140225
-0.014
-0.0140225
-0.014
-0.0140225
-0.014
-0.0140225
-0.014
-0.0140225
-0.014
-0.0140224
-0.014
-0.0140224
-0.014
-0.0140224
-0.014
-0.0140223
-0.014
-0.0140223
-0.014
-0.0140222
-0.014
-0.0140222
-0.014
-0.0140221
-0.014
-0.014022
-0.014
-0.014022
-0.014
-0.0140219
-0.014
-0.0140218
-0.014
-0.0140217
-0.014
-0.0140216
-0.014
-0.0140215
-0.014
-0.0140214
-0.014
-0.0140213
-0.014
-0.0140212
-0.014
-0.0140211
-0.014
-0.014021
-0.014
-0.0140208
-0.014
-0.0140207
-0.014
-0.0140206
-0.014
-0.0140205
-0.014
-0.0140203
-0.014
-0.0140202
-0.014
-0.01402
-0.014
-0.0140199
-0.014
-0.0140198
-0.014
-0.0140196
-0.014
-0.0140195
-0.014
-0.0140193
-0.014
-0.0140191
-0.014
-0.014019
-0.014
-0.0140188
-0.014
-0.0140187
-0.014
-0.0140185
-0.014
-0.0140183
-0.014
-0.0140182
-0.014
-0.014018
-0.014
-0.0140179
-0.014
-0.0140177
-0.014
-0.0140175
-0.014
-0.0140174
-0.014
-0.0140172
-0.014
-0.014017
-0.014
-0.0140168
-0.014
-0.0140167
-0.014
-0.0140165
-0.014
-0.0140163
-0.014
-0.0140162
-0.014
-0.014016
-0.014
-0.0140159
-0.014
-0.0140157
-0.014
-0.0140155
-0.014
-0.0140154
-0.014
-0.0140152
-0.014
-0.014015
-0.014
-0.0140149
-0.014
-0.0140147
-0.014
-0.0140146
-0.014
-0.0140144
-0.014
-0.0140143
-0.014
-0.0140141
-0.014
-0.014014
-0.014
-0.0140138
-0.014
-0.0140137
-0.014
-0.0140135
-0.014
-0.0140134
-0.014
-0.0140133
-0.014
-0.0140131
-0.014
-0.014013
-0.014
-0.0140129
-0.014
-0.0140128
-0.014
-0.0140126
-0.014
-0.0140125
-0.014
-0.0140124
-0.014
-0.0140123
-0.014
-0.0140122
-0.014
-0.014012
-0.014
-0.0140119
-0.014
-0.0140118
-0.014
-0.0140117
-0.014
-0.0140116
-0.014
-0.0140115
-0.014
-0.0140114
-0.014
-0.0140114
-0.014
-0.0140113
-0.014
-0.0140112
-0.014
-0.0140111
-0.014
-0.014011
-0.014
-0.0140109
-0.014
-0.0140109
-0.014
-0.0140108
-0.014
-0.0140107
-0.014
-0.0140107
-0.014
-0.0140106
-0.014
-0.0140105
-0.014
-0.0140105
-0.014
-0.0140104
-0.014
-0.0140104
-0.014
-0.0140103
-0.014
-0.0140103
-0.014
-0.0140102
-0.014
-0.0140102
-0.014
-0.0140102
-0.014
-0.0140101
-0.014
-0.0140101
-0.014
-0.0140101
-0.014
-0.01401
-0.014
-0.01401
-0.014
-0.01401
-0.014
-0.0140099
-0.014
-0.0140099
-0.014
-0.0140099
-0.014
-0.0140099
-0.014
-0.0140099
-0.014
-0.0140099
-0.014
-0.0140098
-0.014
-0.0140098
-0.014
-0.0140098
-0.014
-0.0140098
-0.014
-0.0140098
-0.014
-0.0140098
-0.014
-0.0140098
-0.014
-0.0140098
-0.014
-0.0140098
-0.014
-0.0140098
-0.014
-0.0140098
-0.014
-0.0140098
-0.014
-0.0140098
-0.014
-0.0140098
-0.014
-0.0140098
-0.014
-0.0140098
-0.014
-0.0140098
-0.014
-0.0140098
-0.014
-0.0140098
-0.014
-0.0140098
-0.014
-0.0140098
-0.014
-0.0140098
-0.014
-0.0140098
-0.014
-0.0140098
-0.014
-0.0140098
-0.014
-0.0140098
-0.014
-0.0140098
-0.014
-0.0140098
-0.014
-0.0140098
-0.014
-0.0140099
-0.014
-0.0140099
-0.014
-0.0140099
-0.014
-0.0140099
-0.014
-0.0140099
-0.014
-0.0140099
-0.014
-0.0140099
-0.014
-0.0140099
-0.014
-0.0140099
-0.014
-0.0140099
-0.014
-0.0140099
-0.014
-0.0140099
-0.014
-0.0140099
-0.014
-0.0140099
-0.014
-0.0140099
-0.014
-0.0140098
-0.014
-0.0140098
-0.014
-0.0140098
-0.014
-0.0140098
-0.014
-0.0140098
-0.014
-0.0140098
-0.014
-0.0140098
-0.014
-0.0140098
-0.014
-0.0140098
-0.014
-0.0140097
-0.014
-0.0140097
-0.014
-0.0140097
-0.014
-0.0140097
-0.014
-0.0140097
-0.014
-0.0140096
-0.014
-0.0140096
-0.014
-0.0140096
-0.014
-0.0140096
-0.014
-0.0140095
-0.014
-0.0140095
-0.014
-0.0140095
-0.014
-0.0140094
-0.014
-0.0140094
-0.014
-0.0140094
-0.014
-0.0140094
-0.014
-0.0140093
-0.014
-0.0140093
-0.014
-0.0140092
-0.014
-0.0140092
-0.014
-0.0140092
-0.014
-0.0140091
-0.014
-0.0140091
-0.014
-0.014009
-0.014
-0.0140089
-0.014
-0.0140089
-0.014
-0.0140088
-0.014
-0.0140088
-0.014
-0.0140087
-0.014
-0.0140087
-0.014
-0.0140086
-0.0139997
-0.0140082
-0.014
-0.0140085
-0.014
-0.0140084
-0.014
-0.0140084
-0.0139997
-0.014008
-0.014
-0.0140082
-0.014
-0.0140082
-0.014
-0.0140081
-0.0139997
-0.0140076
-0.014
-0.014008
-0.014
-0.0140079
-0.0139997
-0.0140075
-0.014
-0.0140078
-0.014
-0.0140077
-0.0139997
-0.0140072
-0.014
-0.0140075
-0.014
-0.0140075
-0.0139997
-0.0140069
-0.014
-0.0140073
-0.0139997
-0.0140069
-0.014
-0.0140071
-0.0139997
-0.0140067
-0.014
-0.014007
-0.0139997
-0.0140066
-0.014
-0.0140068
-0.0139997
-0.0140064
-0.014
-0.0140067
-0.0139997
-0.0140062
-0.014
-0.0140065
-0.0139997
-0.014006
-0.014
-0.0140063
-0.0139997
-0.0140058
-0.014
-0.0140061
-0.0139997
-0.0140056
-0.014
-0.014006
-0.0139997
-0.0140054
-0.014
-0.0140058
-0.0139997
-0.0140053
-0.014
-0.0140056
-0.0139997
-0.0140051
-0.014
-0.0140054
-0.0139997
-0.0140049
-0.014
-0.0140053
-0.0139997
-0.0140047
-0.014
-0.0140051
-0.0139997
-0.0140045
-0.014
-0.0140049
-0.0139997
-0.0140043
-0.014
-0.0140047
-0.0139997
-0.0140041
-0.014
-0.0140045
-0.0139997
-0.014004
-0.0139998
-0.0140041
-0.014
-0.0140043
-0.0139997
-0.0140037
-0.0139998
-0.0140038
-0.014
-0.014004
-0.0139997
-0.0140034
-0.0139998
-0.0140036
-0.0139998
-0.0140035
-0.014
-0.0140036
-0.0139997
-0.0140031
-0.0139998
-0.0140032
-0.0139998
-0.0140031
-0.0139998
-0.014003
-0.0139998
-0.0140029
-0.0139998
-0.0140029
-0.0139998
-0.0140028
-0.0139998
-0.0140027
-0.0139998
-0.0140026
-0.0139998
-0.0140025
-0.0139998
-0.0140024
-0.0139998
-0.0140023
-0.0139998
-0.0140023
-0.0139998
-0.0140022
-0.0139998
-0.0140021
-0.0139998
-0.014002
-0.0139998
-0.0140019
-0.0139998
-0.0140018
-0.0139998
-0.0140018
-0.0139998
-0.0140017
-0.0139998
-0.0140016
-0.0139998
-0.0140015
-0.0139998
-0.0140014
-0.0139998
-0.0140013
-0.0139998
-0.0140013
-0.0139998
-0.0140012
-0.0139998
-0.0140011
-0.0139998
-0.014001
-0.0139998
-0.014001
-0.0139998
-0.0140009
-0.0139998
-0.0140008
-0.0139998
-0.0140007
-0.0139998
-0.0140007
-0.0139998
-0.0140006
-0.0139998
-0.0140005
-0.0139998
-0.0140004
-0.0139997
-0.0140003
-0.0139997
-0.0140003
-0.0139997
-0.0140002
-0.0139997
-0.0140001
-0.0139997
-0.014
-0.0139997
-0.0139999
-0.0140008
-0.014
-0.0140005
-0.014
-0.0140005
-0.014
-0.0140004
-0.014
-0.0140004
-0.014
-0.0140003
-0.014
-0.0140003
-0.014
-0.0140002
-0.014
-0.0140001
-0.014
-0.0140001
-0.014
-0.014
-0.014
-0.014
-0.0140001
-0.0139995
-0.013999
-0.0139986
-0.0139981
-0.0139977
-0.0139971
-0.0139964
-0.0139956
-0.0139947
-0.0139937
-0.0139925
-0.0139911
-0.0139896
-0.0139878
-0.0139859
-0.0139836
-0.0139812
-0.0139785
-0.0139755
-0.0139722
-0.0139687
-0.0139648
-0.0139606
-0.013956
-0.0139511
-0.0139458
-0.0139402
-0.0139341
-0.0139277
-0.0139209
-0.0139136
-0.013906
-0.0138978
-0.0138893
-0.0138803
-0.0138708
-0.0138609
-0.0138505
-0.0138396
-0.0138283
-0.0138164
-0.013804
-0.0137911
-0.0137777
-0.0137638
-0.0137493
-0.0137343
-0.0137188
-0.0137028
-0.0136862
-0.013669
-0.0136513
-0.013633
-0.0136142
-0.0135948
-0.0135749
-0.0135544
-0.0135333
-0.0135117
-0.0134895
-0.0134667
-0.0134434
-0.0134194
-0.013395
-0.0133698
-0.0133443
-0.013318
-0.0132913
-0.0132639
-0.0132361
-0.0132076
-0.0131787
-0.013149
-0.013119
-0.0130883
-0.0130572
-0.0130254
-0.0129932
-0.0129603
-0.0129271
-0.0128932
-0.0128589
-0.012824
-0.0127887
-0.0127528
-0.0127166
-0.0126797
-0.0126425
-0.0126047
-0.0125667
-0.012528
-0.012489
-0.0124495
-0.0124097
-0.0123693
-0.0123288
-0.0122876
-0.0122464
-0.0122045
-0.0121625
-0.01212
-0.0120774
-0.0120342
-0.011991
-0.0119472
-0.0119035
-0.0118593
-0.0118151
-0.0117704
-0.0117257
-0.0116807
-0.0116357
-0.0115903
-0.0115451
-0.0114994
-0.011454
-0.0114081
-0.0113626
-0.0113166
-0.011271
-0.0112251
-0.0111795
-0.0111336
-0.0110881
-0.0110424
-0.0109971
-0.0109516
-0.0109066
-0.0108614
-0.0108168
-0.010772
-0.0107279
-0.0106836
-0.0106401
-0.0105965
-0.0105536
-0.0105107
-0.0104686
-0.0104265
-0.0103853
-0.0103442
-0.010304
-0.0102639
-0.0102249
-0.010186
-0.0101481
-0.0101105
-0.010074
-0.0100378
-0.0100029
-0.00996819
-0.00993483
-0.00990184
-0.00987022
-0.00983903
-0.00980929
-0.00978004
-0.00975232
-0.00972514
-0.00969959
-0.00967463
-0.00965138
-0.00962878
-0.00960798
-0.0095879
-0.0095697
-0.00955228
-0.00953684
-0.00952223
-0.0095097
-0.00949807
-0.00948862
-0.00948012
-0.0094739
-0.00946871
-0.00946588
-0.00946415
-0.0094649
-0.00946681
-0.00947129
-0.009477
-0.0094854
-0.0094951
-0.00950759
-0.00952145
-0.0095382
-0.0095564
-0.00957762
-0.00960034
-0.00962619
-0.00965362
-0.0096843
-0.00971663
-0.00975232
-0.00978974
-0.00983064
-0.00987334
-0.00991964
-0.00996782
-0.0100197
-0.0100736
-0.0101313
-0.010191
-0.0102547
-0.0103205
-0.0103905
-0.0104625
-0.0105389
-0.0106174
-0.0107004
-0.0107857
-0.01086
-0.0109466
-0.0110372
-0.0111327
-0.0112322
-0.0113363
-0.0114442
-0.0115566
-0.0116728
-0.0117934
-0.011918
-0.0120469
-0.0121797
-0.012317
-0.0124584
-0.0126042
-0.0127542
-0.0129088
-0.0130676
-0.0132311
-0.0133989
-0.0135715
-0.0137486
-0.0139305
-0.014117
-0.014
-0.0140106
-0.013999
-0.014007
-0.0139991
-0.0140073
-0.0139992
-0.0140073
-0.0139992
-0.0140072
-0.0139992
-0.0140073
-0.0139993
-0.0140074
-0.0139993
-0.0140075
-0.0139993
-0.0140077
-0.0139993
-0.0140079
-0.0139993
-0.014008
-0.0139993
-0.0140082
-0.0139993
-0.0140084
-0.0139993
-0.0140086
-0.0139993
-0.0140088
-0.014
-0.0140093
-0.014
-0.0140097
-0.014
-0.0140099
-0.014
-0.0140101
-0.014
-0.0140103
-0.014
-0.0140105
-0.014
-0.0140107
-0.014
-0.0140108
-0.014
-0.014011
-0.014
-0.0140112
-0.014
-0.0140114
-0.014
-0.0140116
-0.014
-0.0140117
-0.014
-0.0140119
-0.014
-0.0140121
-0.014
-0.0140123
-0.014
-0.0140124
-0.014
-0.0140126
-0.014
-0.0140128
-0.014
-0.0140129
-0.014
-0.0140131
-0.014
-0.0140132
-0.014
-0.0140134
-0.014
-0.0140135
-0.014
-0.0140137
-0.014
-0.0140138
-0.014
-0.0140139
-0.014
-0.0140141
-0.014
-0.0140142
-0.014
-0.0140143
-0.014
-0.0140145
-0.014
-0.0140146
-0.014
-0.0140147
-0.014
-0.0140148
-0.014
-0.0140149
-0.014
-0.014015
-0.014
-0.0140151
-0.014
-0.0140152
-0.014
-0.0140153
-0.014
-0.0140154
-0.014
-0.0140155
-0.014
-0.0140155
-0.014
-0.0140156
-0.014
-0.0140157
-0.014
-0.0140157
-0.014
-0.0140158
-0.014
-0.0140159
-0.014
-0.0140159
-0.014
-0.0140159
-0.014
-0.014016
-0.014
-0.014016
-0.014
-0.014016
-0.014
-0.0140161
-0.014
-0.0140162
-0.0139994
-0.0140154
-0.014
-0.0140161
-0.0139995
-0.0140155
-0.014
-0.0140161
-0.0139995
-0.0140155
-0.014
-0.014016
-0.0139995
-0.0140155
-0.014
-0.014016
-0.014
-0.0140159
-0.0139995
-0.0140153
-0.014
-0.0140158
-0.014
-0.0140158
-0.0139996
-0.0140153
-0.014
-0.0140156
-0.014
-0.0140156
-0.014
-0.0140155
-0.014
-0.0140154
-0.014
-0.0140153
-0.014
-0.0140152
-0.014
-0.0140151
-0.014
-0.014015
-0.014
-0.0140149
-0.014
-0.0140148
-0.014
-0.0140147
-0.014
-0.0140146
-0.014
-0.0140144
-0.014
-0.0140143
-0.014
-0.0140142
-0.014
-0.014014
-0.014
-0.0140139
-0.014
-0.0140137
-0.014
-0.0140136
-0.014
-0.0140134
-0.014
-0.0140132
-0.014
-0.0140131
-0.014
-0.0140129
-0.014
-0.0140127
-0.014
-0.0140125
-0.014
-0.0140123
-0.014
-0.0140122
-0.014
-0.014012
-0.014
-0.0140118
-0.014
-0.0140116
-0.014
-0.0140114
-0.014
-0.0140112
-0.014
-0.0140109
-0.014
-0.0140107
-0.014
-0.0140105
-0.014
-0.0140103
-0.014
-0.0140101
-0.014
-0.0140098
-0.014
-0.0140096
-0.014
-0.0140094
-0.014
-0.0140091
-0.014
-0.0140089
-0.014
-0.0140086
-0.014
-0.0140084
-0.014
-0.0140082
-0.014
-0.0140079
-0.014
-0.0140077
-0.014
-0.0140074
-0.014
-0.0140071
-0.014
-0.0140069
-0.014
-0.0140066
-0.014
-0.0140064
-0.014
-0.0140061
-0.014
-0.0140058
-0.014
-0.0140056
-0.014
-0.0140053
-0.014
-0.014005
-0.014
-0.0140048
-0.014
-0.0140045
-0.014
-0.0140042
-0.014
-0.014004
-0.014
-0.0140037
-0.014
-0.0140034
-0.014
-0.0140031
-0.014
-0.0140029
-0.014
-0.0140026
-0.014
-0.0140023
-0.014
-0.014002
-0.014
-0.0140018
-0.014
-0.0140015
-0.014
-0.0140012
-0.014
-0.0140009
-0.014
-0.0140007
-0.014
-0.0140004
-0.014
-0.0140001
-0.014
-0.0139999
-0.0140041
-0.014
-0.0140042
-0.014
-0.0140041
-0.014
-0.0140039
-0.014
-0.0140037
-0.014
-0.0140035
-0.014
-0.0140033
-0.014
-0.0140031
-0.014
-0.0140029
-0.014
-0.0140027
-0.0139999
-0.0140024
-0.0139995
-0.0140013
-0.0139986
-0.0139994
-0.013997
-0.0139963
-0.0139923
-0.0139899
-0.0139838
-0.0139792
-0.0139708
-0.0139636
-0.0139524
-0.0139424
-0.0139281
-0.0139148
-0.0138971
-0.0138802
-0.0138587
-0.0138379
-0.0138122
-0.0137872
-0.0137571
-0.0137274
-0.0136926
-0.0136581
-0.0136181
-0.0135784
-0.0135331
-0.0134878
-0.0134368
-0.0133857
-0.0133287
-0.0132715
-0.0132082
-0.0131446
-0.0130748
-0.0130045
-0.0129278
-0.0128505
-0.0127667
-0.0126822
-0.012591
-0.012499
-0.0124001
-0.0123004
-0.0121936
-0.0120859
-0.011971
-0.011855
-0.0117317
-0.0116072
-0.0114753
-0.0113421
-0.0112013
-0.0110592
-0.0109093
-0.010758
-0.0105988
-0.0104382
-0.0102695
-0.0100993
-0.00992092
-0.00974094
-0.00955269
-0.00936276
-0.00916443
-0.00896436
-0.00875577
-0.00854539
-0.00832639
-0.00810552
-0.00787593
-0.00764442
-0.00740408
-0.00716178
-0.00691055
-0.0066573
-0.00639503
-0.0061307
-0.00585726
-0.00558171
-0.00529697
-0.00501008
-0.00471392
-0.00441557
-0.00410787
-0.00379795
-0.00347861
-0.00315702
-0.00282595
-0.00249259
-0.00214968
-0.00180447
-0.00144961
-0.00109245
-0.000725552
-0.000356323
2.2682e-05
9.9702e-06
2.79221e-05
9.9702e-06
-4.51289e-06
-2.15655e-05
-3.79421e-06
1.92811e-05
9.9702e-06
1.53155e-05
9.9702e-06
1.44046e-05
9.9702e-06
1.40304e-05
9.9702e-06
1.376e-05
9.9702e-06
1.3586e-05
9.9702e-06
1.34778e-05
9.9702e-06
1.34139e-05
9.9702e-06
1.33798e-05
9.9702e-06
1.33655e-05
9.9702e-06
1.33642e-05
9.9702e-06
1.33712e-05
9.9702e-06
1.33833e-05
9.9702e-06
1.33983e-05
9.9702e-06
1.34147e-05
9.9702e-06
1.34314e-05
9.9702e-06
1.34477e-05
9.9702e-06
1.34631e-05
9.9702e-06
1.34773e-05
9.9702e-06
1.34902e-05
9.9702e-06
1.35014e-05
9.9702e-06
1.35111e-05
9.9702e-06
1.3519e-05
9.9702e-06
1.35252e-05
9.9702e-06
1.35296e-05
9.9702e-06
1.35323e-05
9.9702e-06
1.35332e-05
9.9702e-06
1.35324e-05
9.9702e-06
1.35299e-05
9.9702e-06
1.35257e-05
9.9702e-06
1.35198e-05
9.9702e-06
1.35123e-05
9.9702e-06
1.35031e-05
9.9702e-06
1.34924e-05
9.9702e-06
1.348e-05
9.9702e-06
1.34661e-05
9.9702e-06
1.34507e-05
9.9702e-06
1.34338e-05
9.9702e-06
1.34154e-05
9.9702e-06
1.33956e-05
9.9702e-06
1.33744e-05
9.9702e-06
1.33517e-05
9.9702e-06
1.33277e-05
9.9702e-06
1.33024e-05
9.9702e-06
1.32757e-05
9.9702e-06
1.32478e-05
9.9702e-06
1.32186e-05
9.9702e-06
1.31882e-05
9.9702e-06
1.31565e-05
9.9702e-06
1.31237e-05
9.9702e-06
1.30897e-05
9.9702e-06
1.30546e-05
9.9702e-06
1.30183e-05
9.9702e-06
1.2981e-05
9.9702e-06
1.29427e-05
9.9702e-06
1.29032e-05
9.9702e-06
1.28628e-05
9.9702e-06
1.28214e-05
9.9702e-06
1.2779e-05
9.9702e-06
1.27357e-05
9.9702e-06
1.26914e-05
9.9702e-06
1.26463e-05
9.9702e-06
1.26002e-05
9.9702e-06
1.25533e-05
9.9702e-06
1.25056e-05
9.9702e-06
1.2457e-05
9.9702e-06
1.24076e-05
9.9702e-06
1.23575e-05
9.9702e-06
1.23066e-05
9.9702e-06
1.22549e-05
9.9702e-06
1.22025e-05
9.9702e-06
1.21494e-05
9.9702e-06
1.20956e-05
9.9702e-06
1.20411e-05
9.9702e-06
1.1986e-05
9.9702e-06
1.19302e-05
9.9702e-06
1.18738e-05
9.9702e-06
1.18167e-05
9.9702e-06
1.17591e-05
9.9702e-06
1.17008e-05
9.9702e-06
1.1642e-05
9.9702e-06
1.15827e-05
9.9702e-06
1.15227e-05
9.9702e-06
1.14623e-05
9.9702e-06
1.14013e-05
9.9702e-06
1.13398e-05
9.9702e-06
1.12778e-05
9.9702e-06
1.12153e-05
9.9702e-06
1.11523e-05
9.9702e-06
1.10888e-05
9.9702e-06
1.10249e-05
9.9702e-06
1.09606e-05
9.9702e-06
1.08958e-05
9.9702e-06
1.08305e-05
9.9702e-06
1.07649e-05
9.9702e-06
1.06988e-05
9.9702e-06
1.06323e-05
9.9702e-06
1.05654e-05
9.9702e-06
1.04982e-05
9.9702e-06
1.04305e-05
9.9702e-06
1.03625e-05
9.9702e-06
1.02942e-05
9.9702e-06
1.02255e-05
9.9702e-06
1.01564e-05
9.9702e-06
1.0087e-05
9.9702e-06
1.00173e-05
9.9702e-06
9.94726e-06
1.73901e-05
9.9702e-06
1.73295e-05
9.9702e-06
1.72388e-05
9.9702e-06
1.71403e-05
9.9702e-06
1.70383e-05
9.9702e-06
1.69339e-05
9.9702e-06
1.68277e-05
9.9702e-06
1.67202e-05
9.9702e-06
1.66116e-05
9.9702e-06
1.65019e-05
9.9702e-06
1.63914e-05
9.9702e-06
1.62801e-05
9.9702e-06
1.61681e-05
9.9702e-06
1.60553e-05
9.9702e-06
1.59418e-05
9.9702e-06
1.58276e-05
9.9702e-06
1.57127e-05
9.9702e-06
1.55972e-05
9.9702e-06
1.54809e-05
9.9702e-06
1.5364e-05
9.9702e-06
1.52463e-05
9.9702e-06
1.5128e-05
9.9702e-06
1.50089e-05
9.9702e-06
1.48892e-05
9.9702e-06
1.47687e-05
9.9702e-06
1.46475e-05
9.9702e-06
1.45255e-05
9.9702e-06
1.44028e-05
9.9702e-06
1.42794e-05
9.9702e-06
1.41553e-05
9.9702e-06
1.40304e-05
9.9702e-06
1.39048e-05
9.9702e-06
1.37784e-05
9.9702e-06
1.36512e-05
9.9702e-06
1.35234e-05
9.9702e-06
1.33947e-05
9.9702e-06
1.32654e-05
9.9702e-06
1.31352e-05
9.9702e-06
1.30063e-05
9.91318e-06
1.27661e-05
9.64275e-06
1.21033e-05
9.16676e-06
1.10316e-05
8.48978e-06
9.559e-06
7.61493e-06
7.69152e-06
4.68142e-06
3.57057e-06
-7.051e-07
-3.19638e-06
-8.92951e-06
-1.29928e-05
-2.03739e-05
-2.61994e-05
-3.54179e-05
-4.31948e-05
-5.44389e-05
-6.43553e-05
-7.78122e-05
-9.00551e-05
-0.000105911
-0.000120666
-0.000139106
-0.000156559
-0.000177767
-0.000198101
-0.00022226
-0.000245659
-0.000272951
-0.000299595
-0.000330201
-0.00036027
-0.00039437
-0.000428045
-0.000465816
-0.000503274
-0.000544894
-0.000586312
-0.000631956
-0.00067751
-0.000727352
-0.000777215
-0.000831429
-0.000885774
-0.000944532
-0.00100353
-0.001067
-0.00113082
-0.00119917
-0.00126798
-0.00134138
-0.00141535
-0.00149397
-0.00157325
-0.00165725
-0.00174202
-0.00183155
-0.00192197
-0.0020172
-0.00211342
-0.00221451
-0.0023167
-0.0024238
-0.0025321
-0.00264537
-0.00275995
-0.00287954
-0.00300054
-0.0031266
-0.00325418
-0.00338686
-0.00352115
-0.0036606
-0.00380176
-0.00394812
-0.00409629
-0.0042497
-0.00440502
-0.00456562
-0.00472823
-0.00489616
-0.00506619
-0.00524158
-0.00541918
-0.00560217
-0.00578746
-0.00597817
-0.00617128
-0.00636984
-0.00657089
-0.00677744
-0.00698655
-0.00720122
-0.00741852
-0.00764145
-0.00786708
-0.00809833
-0.00833249
-0.00857218
-0.00881496
-0.0090632
-0.00931464
-0.00957155
-0.00983176
-0.0100974
-0.0103665
-0.010641
-0.0109191
-0.0112026
-0.0114897
-0.0117822
-0.0120785
-0.0123802
-0.0126858
-0.0129967
-0.0133116
-0.0136057
-0.0139128
-0.014226
-0.014
-0.0140143
-0.0139995
-0.0140102
-0.014
-0.0140056
-0.014
-0.0140072
-0.014
-0.0140068
-0.014
-0.0140065
-0.014
-0.0140063
-0.014
-0.0140062
-0.014
-0.0140061
-0.014
-0.014006
-0.014
-0.0140059
-0.014
-0.0140059
-0.014
-0.0140059
-0.014
-0.0140058
-0.014
-0.0140059
-0.014
-0.014006
-0.014
-0.0140061
-0.014
-0.0140062
-0.014
-0.0140063
-0.014
-0.0140065
-0.014
-0.0140066
-0.014
-0.0140067
-0.014
-0.0140068
-0.014
-0.0140069
-0.014
-0.014007
-0.014
-0.0140071
-0.014
-0.0140072
-0.014
-0.0140073
-0.014
-0.0140074
-0.014
-0.0140075
-0.014
-0.0140076
-0.014
-0.0140077
-0.014
-0.0140078
-0.014
-0.0140079
-0.014
-0.014008
-0.014
-0.0140081
-0.014
-0.0140082
-0.014
-0.0140083
-0.014
-0.0140084
-0.014
-0.0140085
-0.014
-0.0140086
-0.014
-0.0140087
-0.014
-0.0140087
-0.014
-0.0140088
-0.014
-0.0140089
-0.014
-0.014009
-0.014
-0.0140091
-0.014
-0.0140091
-0.014
-0.0140092
-0.014
-0.0140092
-0.014
-0.0140092
-0.014
-0.0140093
-0.014
-0.0140094
-0.014
-0.0140094
-0.014
-0.0140095
-0.014
-0.0140095
-0.014
-0.0140096
-0.014
-0.0140097
-0.014
-0.0140097
-0.014
-0.0140098
-0.014
-0.0140098
-0.014
-0.0140099
-0.014
-0.0140099
-0.014
-0.01401
-0.014
-0.01401
-0.014
-0.01401
-0.014
-0.0140101
-0.014
-0.0140101
-0.014
-0.0140101
-0.014
-0.0140101
-0.014
-0.0140102
-0.014
-0.0140102
-0.014
-0.0140102
-0.014
-0.0140103
-0.014
-0.0140103
-0.014
-0.0140103
-0.014
-0.0140104
-0.014
-0.0140104
-0.014
-0.0140104
-0.014
-0.0140104
-0.014
-0.0140105
-0.014
-0.0140105
-0.014
-0.0140105
-0.014
-0.0140106
-0.014
-0.0140106
-0.014
-0.0140106
-0.014
-0.0140105
-0.014
-0.0140116
-0.014
-0.0140117
-0.014
-0.0140117
-0.014
-0.0140117
-0.014
-0.0140117
-0.014
-0.0140118
-0.014
-0.0140118
-0.014
-0.0140118
-0.014
-0.0140118
-0.014
-0.0140118
-0.014
-0.0140118
-0.014
-0.0140119
-0.014
-0.0140119
-0.014
-0.0140119
-0.014
-0.0140119
-0.014
-0.0140119
-0.014
-0.0140119
-0.014
-0.014012
-0.014
-0.014012
-0.014
-0.014012
-0.014
-0.014012
-0.014
-0.0140121
-0.014
-0.0140121
-0.014
-0.0140121
-0.014
-0.0140121
-0.014
-0.0140122
-0.014
-0.0140122
-0.014
-0.0140122
-0.014
-0.0140122
-0.014
-0.0140123
-0.014
-0.0140123
-0.014
-0.0140123
-0.014
-0.0140124
-0.014
-0.0140124
-0.014
-0.0140124
-0.014
-0.0140125
-0.014
-0.0140125
-0.014
-0.0140126
-0.014
-0.0140126
-0.014
-0.0140126
-0.014
-0.0140127
-0.014
-0.0140127
-0.014
-0.0140128
-0.014
-0.0140128
-0.014
-0.0140129
-0.014
-0.0140129
-0.014
-0.014013
-0.014
-0.014013
-0.014
-0.0140131
-0.014
-0.0140131
-0.014
-0.0140132
-0.014
-0.0140133
-0.014
-0.0140133
-0.014
-0.0140134
-0.014
-0.0140134
-0.014
-0.0140135
-0.014
-0.0140136
-0.014
-0.0140136
-0.014
-0.0140137
-0.014
-0.0140138
-0.014
-0.0140139
-0.014
-0.0140139
-0.014
-0.014014
-0.014
-0.0140141
-0.014
-0.0140141
-0.014
-0.0140142
-0.014
-0.0140143
-0.014
-0.0140144
-0.014
-0.0140145
-0.014
-0.0140145
-0.014
-0.0140146
-0.014
-0.0140147
-0.014
-0.0140148
-0.014
-0.0140149
-0.014
-0.0140149
-0.014
-0.014015
-0.014
-0.0140151
-0.014
-0.0140152
-0.014
-0.0140153
-0.014
-0.0140154
-0.014
-0.0140154
-0.014
-0.0140155
-0.014
-0.0140156
-0.014
-0.0140157
-0.014
-0.0140158
-0.014
-0.0140159
-0.014
-0.0140159
-0.014
-0.014016
-0.014
-0.0140161
-0.014
-0.0140162
-0.014
-0.0140163
-0.014
-0.0140164
-0.014
-0.0140164
-0.014
-0.0140165
-0.014
-0.0140166
-0.014
-0.0140167
-0.014
-0.0140168
-0.014
-0.0140168
-0.014
-0.0140169
-0.014
-0.014017
-0.014
-0.0140171
-0.014
-0.0140171
-0.014
-0.0140172
-0.014
-0.0140173
-0.014
-0.0140173
-0.014
-0.0140174
-0.014
-0.0140175
-0.014
-0.0140175
-0.014
-0.0140176
-0.014
-0.0140176
-0.014
-0.0140177
-0.014
-0.0140178
-0.014
-0.0140178
-0.014
-0.0140179
-0.014
-0.0140179
-0.014
-0.0140179
-0.014
-0.014018
-0.014
-0.014018
-0.014
-0.0140181
-0.014
-0.0140181
-0.014
-0.0140181
-0.014
-0.0140182
-0.014
-0.0140182
-0.014
-0.0140182
-0.014
-0.0140182
-0.014
-0.0140182
-0.014
-0.0140182
-0.014
-0.0140183
-0.014
-0.0140183
-0.014
-0.0140183
-0.014
-0.0140183
-0.014
-0.0140183
-0.014
-0.0140182
-0.014
-0.0140182
-0.014
-0.0140182
-0.014
-0.0140182
-0.014
-0.0140182
-0.014
-0.0140181
-0.014
-0.0140181
-0.014
-0.0140181
-0.014
-0.014018
-0.014
-0.014018
-0.014
-0.0140179
-0.014
-0.0140179
-0.014
-0.0140178
-0.014
-0.0140177
-0.014
-0.0140177
-0.014
-0.0140176
-0.014
-0.0140175
-0.014
-0.0140174
-0.014
-0.0140174
-0.014
-0.0140173
-0.014
-0.0140172
-0.014
-0.0140171
-0.014
-0.014017
-0.014
-0.0140169
-0.014
-0.0140167
-0.014
-0.0140166
-0.014
-0.0140165
-0.014
-0.0140164
-0.014
-0.0140162
-0.014
-0.0140161
-0.014
-0.014016
-0.014
-0.0140158
-0.014
-0.0140157
-0.014
-0.0140155
-0.014
-0.0140153
-0.014
-0.0140152
-0.014
-0.014015
-0.014
-0.0140148
-0.014
-0.0140147
-0.014
-0.0140145
-0.014
-0.0140143
-0.014
-0.0140141
-0.014
-0.0140139
-0.014
-0.0140137
-0.014
-0.0140135
-0.014
-0.0140133
-0.014
-0.0140131
-0.014
-0.0140128
-0.014
-0.0140126
-0.014
-0.0140124
-0.014
-0.0140122
-0.014
-0.0140119
-0.014
-0.0140117
-0.014
-0.0140114
-0.014
-0.0140112
-0.014
-0.014011
-0.014
-0.0140107
-0.014
-0.0140104
-0.014
-0.0140102
-0.014
-0.0140099
-0.014
-0.0140096
-0.014
-0.0140094
-0.014
-0.0140091
-0.014
-0.0140088
-0.014
-0.0140085
-0.014
-0.0140082
-0.014
-0.0140079
-0.014
-0.0140077
-0.014
-0.0140074
-0.014
-0.0140071
-0.014
-0.0140068
-0.014
-0.0140065
-0.014
-0.0140062
-0.014
-0.0140059
-0.014
-0.0140056
-0.014
-0.0140052
