-0.0005
-0.000511246
-0.000531059
-0.000557763
-0.000590252
-0.000627818
-0.000669926
-0.000716212
-0.000766371
-0.000820184
-0.000877445
-0.000937998
-0.00100169
-0.00106839
-0.00113796
-0.00121031
-0.00128531
-0.00136287
-0.00144287
-0.00152523
-0.00160985
-0.00169663
-0.0017855
-0.00187637
-0.00196915
-0.00206375
-0.00216011
-0.00225813
-0.00235776
-0.0024589
-0.00256149
-0.00266545
-0.00277073
-0.00287723
-0.00298491
-0.00309369
-0.00320351
-0.00331431
-0.00342602
-0.00353858
-0.00365195
-0.00376604
-0.00388083
-0.00399623
-0.00411222
-0.00422871
-0.00434568
-0.00446306
-0.00458082
-0.00469888
-0.00481724
-0.00493581
-0.00505458
-0.00517347
-0.00529344
-0.0054139
-0.00553478
-0.00565562
-0.00577632
-0.00589673
-0.00601686
-0.00613657
-0.00625595
-0.00637488
-0.00649346
-0.00661158
-0.00672933
-0.00684661
-0.0069635
-0.00707989
-0.00719587
-0.00731131
-0.00742631
-0.00754073
-0.00765468
-0.00776802
-0.00788084
-0.00799302
-0.00810465
-0.00821559
-0.00832596
-0.00843559
-0.00854462
-0.00865288
-0.00876051
-0.00886733
-0.0089735
-0.00907882
-0.00918347
-0.00928724
-0.00939031
-0.00949247
-0.00959392
-0.00969443
-0.00979421
-0.00989303
-0.00999109
-0.0100882
-0.0101845
-0.0102798
-0.0103743
-0.0104678
-0.0105606
-0.0106522
-0.0107431
-0.0108329
-0.010922
-0.0110099
-0.0110971
-0.0111831
-0.0112684
-0.0113525
-0.0114358
-0.011518
-0.0115994
-0.0116797
-0.0117592
-0.0118375
-0.0119151
-0.0119915
-0.0120671
-0.0121415
-0.0122152
-0.0122876
-0.0123594
-0.0124299
-0.0124997
-0.0125683
-0.0126361
-0.0127028
-0.0127687
-0.0128334
-0.0128974
-0.0129602
-0.0130223
-0.0130832
-0.0131434
-0.0132024
-0.0132607
-0.0133178
-0.0133742
-0.0134294
-0.013484
-0.0135374
-0.0135901
-0.0136416
-0.0136926
-0.0137422
-0.0137914
-0.0138393
-0.0138866
-0.0139327
-0.0139783
-0.0140226
-0.0140664
-0.014109
-0.0141511
-0.014192
-0.0142324
-0.0142715
-0.0143103
-0.0143477
-0.0143848
-0.0144206
-0.0144561
-0.0144902
-0.0145241
-0.0145566
-0.0145889
-0.0146199
-0.0146506
-0.01468
-0.0147092
-0.014737
-0.0147647
-0.014791
-0.0148172
-0.014842
-0.0148668
-0.0148902
-0.0149135
-0.0149354
-0.0149573
-0.0149778
-0.0149983
-0.0150174
-0.0150366
-0.0150543
-0.0150722
-0.0150886
-0.0151051
-0.0151202
-0.0151354
-0.0151492
-0.0151632
-0.0151757
-0.0151885
-0.0151997
-0.0152113
-0.0152213
-0.0152317
-0.0152405
-0.0152497
-0.0152574
-0.0152654
-0.0152719
-0.0152789
-0.0152842
-0.0152901
-0.0152943
-0.0152991
-0.0153023
-0.015306
-0.0153081
-0.0153108
-0.0153119
-0.0153135
-0.0153136
-0.0153143
-0.0153133
-0.015313
-0.0153111
-0.0153099
-0.0153069
-0.0153048
-0.0153009
-0.0152979
-0.0152931
-0.0152891
-0.0152834
-0.0152786
-0.015272
-0.0152663
-0.0152589
-0.0152524
-0.015244
-0.0152367
-0.0152275
-0.0152194
-0.0152094
-0.0152005
-0.0151896
-0.01518
-0.0151683
-0.0151579
-0.0151455
-0.0151344
-0.0151212
-0.0151094
-0.0150954
-0.0150828
-0.0150682
-0.0150549
-0.0150395
-0.0150255
-0.0150094
-0.0149947
-0.0149779
-0.0149626
-0.014945
-0.0149291
-0.0149109
-0.0148942
-0.0148754
-0.0148581
-0.0148386
-0.0148207
-0.0148005
-0.014782
-0.0147612
-0.014742
-0.0147206
-0.0147009
-0.0146788
-0.0146585
-0.0146358
-0.0146149
-0.0145916
-0.0145702
-0.0145463
-0.0145242
-0.0144997
-0.0144772
-0.0144521
-0.014429
-0.0144033
-0.0143796
-0.0143534
-0.0143292
-0.0143024
-0.0142777
-0.0142503
-0.014225
-0.0141972
-0.0141714
-0.0141429
-0.0141166
-0.0140876
-0.0140608
-0.0140313
-0.014004
-0.013974
-0.0139461
-0.0139156
-0.0138873
-0.0138562
-0.0138274
-0.0137958
-0.0137665
-0.0137344
-0.0137046
-0.0136721
-0.0136418
-0.0136087
-0.013578
-0.0135445
-0.0135133
-0.0134792
-0.0134476
-0.013413
-0.0133809
-0.0133459
-0.0133133
-0.0132779
-0.0132449
-0.0132089
-0.0131755
-0.0131391
-0.0131052
-0.0130684
-0.013034
-0.0129968
-0.012962
-0.0129243
-0.0128891
-0.0128509
-0.0128153
-0.0127768
-0.0127407
-0.0127018
-0.0126653
-0.0126259
-0.0125891
-0.0125493
-0.0125121
-0.0124719
-0.0124342
-0.0123936
-0.0123556
-0.0123147
-0.0122763
-0.0122349
-0.0121962
-0.0121545
-0.0121154
-0.0120733
-0.0120338
-0.0119914
-0.0119516
-0.0119088
-0.0118686
-0.0118255
-0.0117851
-0.0117416
-0.0117008
-0.0116571
-0.011616
-0.0115719
-0.0115305
-0.0114862
-0.0114445
-0.0113999
-0.0113579
-0.011313
-0.0112707
-0.0112256
-0.0111831
-0.0111376
-0.0110949
-0.0110492
-0.0110062
-0.0109604
-0.0109171
-0.0108711
-0.0108276
-0.0107813
-0.0107377
-0.0106912
-0.0106474
-0.0106008
-0.0105568
-0.01051
-0.0104658
-0.0104189
-0.0103745
-0.0103275
-0.010283
-0.0102358
-0.0101913
-0.010144
-0.0100993
-0.0100519
-0.0100072
-0.00995974
-0.00991487
-0.00986741
-0.00982248
-0.00977499
-0.00973001
-0.0096825
-0.00963749
-0.00958998
-0.00954496
-0.00949747
-0.00945245
-0.00940499
-0.00935999
-0.00931259
-0.00926762
-0.00922029
-0.00917538
-0.00912813
-0.00908329
-0.00903616
-0.00899141
-0.0089444
-0.00889975
-0.00885289
-0.00880837
-0.00876166
-0.00871729
-0.00867077
-0.00862655
-0.00858023
-0.00853619
-0.0084901
-0.00844626
-0.0084004
-0.00835678
-0.00831118
-0.0082678
-0.00822248
-0.00817935
-0.00813433
-0.00809147
-0.00804677
-0.00800421
-0.00795984
-0.0079176
-0.00787359
-0.00783167
-0.00778804
-0.00774648
-0.00770324
-0.00766205
-0.00761923
-0.00757843
-0.00753604
-0.00749565
-0.00745372
-0.00741376
-0.00737231
-0.00733279
-0.00729183
-0.00725278
-0.00721234
-0.00717377
-0.00713386
-0.0070958
-0.00705644
-0.0070189
-0.00698012
-0.00694312
-0.00690492
-0.00686849
-0.0068309
-0.00679504
-0.00675808
-0.00672282
-0.0066865
-0.00665186
-0.00661621
-0.0065822
-0.00654722
-0.00651387
-0.00647959
-0.0064469
-0.00641334
-0.00638134
-0.00634851
-0.00631721
-0.00628513
-0.00625454
-0.00622323
-0.00619338
-0.00616285
-0.00613375
-0.00610402
-0.00607569
-0.00604677
-0.00601922
-0.00599113
-0.00596438
-0.00593713
-0.0059112
-0.0058848
-0.0058597
-0.00583417
-0.00580991
-0.00578527
-0.00576186
-0.00573812
-0.00571557
-0.00569274
-0.00567108
-0.00564917
-0.00562841
-0.00560743
-0.00558757
-0.00556755
-0.0055486
-0.00552953
-0.00551151
-0.00549342
-0.00547634
-0.00545922
-0.00544309
-0.00542695
-0.00541179
-0.00539665
-0.00538245
-0.00536832
-0.0053551
-0.00534198
-0.00532974
-0.00531765
-0.00530641
-0.00529534
-0.0052851
-0.00527507
-0.00526583
-0.00525684
-0.00524863
-0.00524069
-0.00523349
-0.00522661
-0.00522044
-0.00521461
-0.00520947
-0.0052047
-0.0052006
-0.0051969
-0.00519383
-0.0051912
-0.00518918
-0.0051876
-0.00518663
-0.00518613
-0.00518617
-0.00518677
-0.0051879
-0.00518955
-0.00519173
-0.00519445
-0.00519768
-0.00520147
-0.00520572
-0.00521061
-0.00521594
-0.00522189
-0.00522826
-0.00523528
-0.00524268
-0.00525077
-0.00525924
-0.00526839
-0.0052779
-0.0052881
-0.00529863
-0.00530989
-0.00532148
-0.0053338
-0.00534641
-0.00535977
-0.00537338
-0.00538778
-0.00540245
-0.00541788
-0.00543356
-0.00545001
-0.00546667
-0.00548414
-0.00550183
-0.00552032
-0.005539
-0.00555848
-0.00557812
-0.0055986
-0.00561924
-0.00564071
-0.0056623
-0.00568474
-0.00570731
-0.00573072
-0.00575422
-0.00577858
-0.00580303
-0.00582833
-0.00585368
-0.00587991
-0.00590621
-0.00593335
-0.00596052
-0.00598857
-0.00601665
-0.0060456
-0.00607453
-0.00610435
-0.00613417
-0.00616485
-0.0061955
-0.00622703
-0.00625853
-0.00629089
-0.0063232
-0.00635638
-0.00638951
-0.00642349
-0.00645738
-0.00649215
-0.00652685
-0.00656238
-0.00659781
-0.0066341
-0.00667029
-0.00670732
-0.00674421
-0.00678195
-0.00681957
-0.00685802
-0.0068963
-0.00693543
-0.00697441
-0.0070142
-0.0070538
-0.00709424
-0.0071345
-0.00717556
-0.00721641
-0.00725808
-0.00729955
-0.0073418
-0.00738382
-0.00742664
-0.00746924
-0.0075126
-0.00755571
-0.0075996
-0.00764325
-0.00768764
-0.00773176
-0.00777664
-0.00782126
-0.00786659
-0.00791164
-0.00795742
-0.00800292
-0.00804911
-0.008095
-0.00814159
-0.00818789
-0.00823486
-0.0082815
-0.00832883
-0.00837584
-0.00842349
-0.0084708
-0.00851876
-0.00856639
-0.00861464
-0.00866252
-0.00871104
-0.0087592
-0.00880795
-0.00885633
-0.0089053
-0.00895391
-0.00900307
-0.00905185
-0.00910119
-0.00915015
-0.00919963
-0.00924871
-0.00929833
-0.00934755
-0.00939727
-0.00944656
-0.00949637
-0.00954576
-0.00959562
-0.00964503
-0.00969493
-0.00974439
-0.0097943
-0.00984375
-0.00989365
-0.0099431
-0.00999297
-0.0100424
-0.0100922
-0.0101415
-0.0101912
-0.0102405
-0.0102901
-0.0103393
-0.0103888
-0.0104378
-0.0104871
-0.010536
-0.0105852
-0.0106338
-0.0106828
-0.0107313
-0.0107801
-0.0108284
-0.0108769
-0.0109249
-0.0109732
-0.011021
-0.011069
-0.0111164
-0.0111642
-0.0112113
-0.0112587
-0.0113055
-0.0113526
-0.011399
-0.0114457
-0.0114918
-0.0115382
-0.0115838
-0.0116298
-0.0116751
-0.0117205
-0.0117654
-0.0118104
-0.0118548
-0.0118994
-0.0119433
-0.0119874
-0.0120308
-0.0120744
-0.0121173
-0.0121604
-0.0122028
-0.0122453
-0.0122871
-0.0123291
-0.0123704
-0.0124118
-0.0124524
-0.0124932
-0.0125333
-0.0125735
-0.0126129
-0.0126524
-0.0126913
-0.0127301
-0.0127683
-0.0128065
-0.012844
-0.0128815
-0.0129183
-0.0129551
-0.0129912
-0.0130273
-0.0130627
-0.0130981
-0.0131327
-0.0131673
-0.0132012
-0.013235
-0.0132681
-0.0133012
-0.0133335
-0.0133659
-0.0133974
-0.0134289
-0.0134596
-0.0134902
-0.0135201
-0.01355
-0.013579
-0.013608
-0.0136362
-0.0136644
-0.0136917
-0.013719
-0.0137454
-0.0137718
-0.0137973
-0.0138229
-0.0138475
-0.0138721
-0.0138959
-0.0139196
-0.0139424
-0.0139652
-0.013987
-0.0140089
-0.0140298
-0.0140508
-0.0140707
-0.0140907
-0.0141097
-0.0141287
-0.0141468
-0.0141648
-0.0141819
-0.0141989
-0.014215
-0.0142311
-0.0142462
-0.0142613
-0.0142754
-0.0142895
-0.0143026
-0.0143156
-0.0143277
-0.0143398
-0.0143509
-0.0143619
-0.0143719
-0.0143819
-0.014391
-0.0143999
-0.0144079
-0.0144159
-0.0144228
-0.0144297
-0.0144356
-0.0144415
-0.0144464
-0.0144512
-0.014455
-0.0144588
-0.0144616
-0.0144643
-0.014466
-0.0144677
-0.0144683
-0.014469
-0.0144686
-0.0144681
-0.0144667
-0.0144652
-0.0144626
-0.0144601
-0.0144565
-0.0144529
-0.0144483
-0.0144436
-0.0144379
-0.0144322
-0.0144254
-0.0144186
-0.0144108
-0.014403
-0.0143941
-0.0143852
-0.0143753
-0.0143654
-0.0143544
-0.0143434
-0.0143314
-0.0143193
-0.0143063
-0.0142932
-0.0142791
-0.0142649
-0.0142498
-0.0142346
-0.0142184
-0.0142022
-0.014185
-0.0141678
-0.0141496
-0.0141313
-0.0141121
-0.0140928
-0.0140725
-0.0140522
-0.0140309
-0.0140096
-0.0139874
-0.0139651
-0.0139418
-0.0139185
-0.0138942
-0.0138699
-0.0138447
-0.0138194
-0.0137932
-0.013767
-0.0137398
-0.0137126
-0.0136844
-0.0136563
-0.0136272
-0.0135981
-0.0135681
-0.013538
-0.013507
-0.0134761
-0.0134442
-0.0134123
-0.0133795
-0.0133467
-0.013313
-0.0132793
-0.0132447
-0.0132101
-0.0131747
-0.0131392
-0.0131029
-0.0130666
-0.0130294
-0.0129922
-0.0129542
-0.0129162
-0.0128774
-0.0128385
-0.0127989
-0.0127591
-0.0127187
-0.0126782
-0.012637
-0.0125957
-0.0125537
-0.0125116
-0.0124689
-0.0124261
-0.0123826
-0.012339
-0.0122948
-0.0122505
-0.0122056
-0.0121605
-0.0121149
-0.0120691
-0.0120229
-0.0119764
-0.0119295
-0.0118824
-0.0118348
-0.0117869
-0.0117387
-0.0116902
-0.0116413
-0.0115922
-0.0115427
-0.011493
-0.011443
-0.0113927
-0.0113422
-0.0112913
-0.0112402
-0.0111888
-0.0111372
-0.0110853
-0.0110332
-0.0109808
-0.0109282
-0.0108753
-0.0108223
-0.0107689
-0.0107155
-0.0106616
-0.0106078
-0.0105535
-0.0104992
-0.0104446
-0.01039
-0.0103349
-0.0102799
-0.0102245
-0.0101692
-0.0101134
-0.0100578
-0.0100017
-0.00994586
-0.00988947
-0.00983332
-0.00977666
-0.00972027
-0.00966335
-0.00960676
-0.00954961
-0.00949282
-0.00943546
-0.00937851
-0.00932096
-0.00926387
-0.00920617
-0.00914895
-0.00909111
-0.00903381
-0.00897585
-0.00891848
-0.00886044
-0.00880302
-0.00874492
-0.00868748
-0.00862934
-0.00857191
-0.00851376
-0.00845636
-0.00839823
-0.00834089
-0.00828279
-0.00822553
-0.0081675
-0.00811035
-0.00805241
-0.0079954
-0.00793758
-0.00788073
-0.00782305
-0.00776639
-0.00770888
-0.00765243
-0.00759512
-0.00753891
-0.00748182
-0.00742589
-0.00736905
-0.00731341
-0.00725685
-0.00720153
-0.00714527
-0.0070903
-0.00703437
-0.00697977
-0.00692421
-0.00687001
-0.00681483
-0.00676106
-0.00670629
-0.00665298
-0.00659865
-0.00654581
-0.00649195
-0.00643963
-0.00638626
-0.00633446
-0.00628162
-0.00623038
-0.00617808
-0.00612743
-0.0060757
-0.00602567
-0.00597454
-0.00592514
-0.00587464
-0.0058259
-0.00577605
-0.00572801
-0.00567884
-0.0056315
-0.00558303
-0.00553644
-0.0054887
-0.00544286
-0.00539588
-0.00535083
-0.00530462
-0.00526038
-0.00521498
-0.00517157
-0.005127
-0.00508445
-0.00504072
-0.00499905
-0.0049562
-0.00491543
-0.00487348
-0.00483363
-0.0047926
-0.0047537
-0.00471361
-0.00467567
-0.00463654
-0.00459959
-0.00456144
-0.00452549
-0.00448835
-0.00445343
-0.00441731
-0.00438343
-0.00434836
-0.00431554
-0.00428153
-0.00424978
-0.00421685
-0.0041862
-0.00415437
-0.00412483
-0.00409412
-0.0040657
-0.00403612
-0.00400884
-0.0039804
-0.00395428
-0.00392701
-0.00390205
-0.00387595
-0.00385218
-0.00382726
-0.00380468
-0.00378097
-0.00375959
-0.00373709
-0.00371692
-0.00369564
-0.0036767
-0.00365665
-0.00363893
-0.00362013
-0.00360365
-0.00358611
-0.00357087
-0.00355458
-0.00354059
-0.00352557
-0.00351284
-0.00349908
-0.00348761
-0.00347514
-0.00346493
-0.00345373
-0.00344478
-0.00343487
-0.00342719
-0.00341857
-0.00341216
-0.00340482
-0.00339967
-0.00339362
-0.00338975
-0.00338498
-0.00338237
-0.00337889
-0.00337754
-0.00337535
-0.00337525
-0.00337434
-0.0033755
-0.00337587
-0.00337827
-0.00337991
-0.00338356
-0.00338646
-0.00339134
-0.00339551
-0.00340162
-0.00340704
-0.00341436
-0.00342103
-0.00342956
-0.00343746
-0.00344719
-0.00345632
-0.00346723
-0.00347758
-0.00348967
-0.00350121
-0.00351446
-0.0035272
-0.0035416
-0.00355552
-0.00357105
-0.00358614
-0.00360279
-0.00361902
-0.00363677
-0.00365415
-0.00367298
-0.00369148
-0.00371139
-0.00373098
-0.00375194
-0.00377263
-0.00379462
-0.00381638
-0.00383939
-0.00386219
-0.0038862
-0.00391003
-0.00393502
-0.00395987
-0.00398581
-0.00401165
-0.00403853
-0.00406534
-0.00409313
-0.0041209
-0.00414958
-0.00417828
-0.00420783
-0.00423744
-0.00426784
-0.00429833
-0.00432957
-0.00436092
-0.00439296
-0.00442515
-0.00445796
-0.00449101
-0.00452456
-0.00455836
-0.00459266
-0.00462727
-0.00466226
-0.00469758
-0.00473328
-0.00476934
-0.0048057
-0.00484247
-0.00487949
-0.00491684
-0.00495455
-0.00499251
-0.00503086
-0.0050694
-0.00510836
-0.00514748
-0.00518699
-0.00522661
-0.00526672
-0.00530684
-0.00534749
-0.00538809
-0.00542926
-0.00547031
-0.00551196
-0.00555344
-0.00559556
-0.00563744
-0.00568001
-0.00572227
-0.00576525
-0.00580786
-0.00585124
-0.00589419
-0.00593793
-0.00598118
-0.00602527
-0.00606881
-0.00611322
-0.00615702
-0.00620173
-0.00624577
-0.00629075
-0.006335
-0.00638024
-0.00642468
-0.00647015
-0.00651476
-0.00656043
-0.00660519
-0.00665105
-0.00669593
-0.00674195
-0.00678694
-0.0068331
-0.00687816
-0.00692444
-0.00696957
-0.00701595
-0.00706112
-0.00710757
-0.00715276
-0.00719926
-0.00724445
-0.00729099
-0.00733616
-0.00738272
-0.00742785
-0.0074744
-0.00751947
-0.007566
-0.00761099
-0.00765747
-0.00770237
-0.00774879
-0.00779358
-0.00783991
-0.00788457
-0.0079308
-0.00797531
-0.00802143
-0.00806577
-0.00811175
-0.00815591
-0.00820173
-0.00824569
-0.00829135
-0.00833509
-0.00838056
-0.00842408
-0.00846934
-0.00851261
-0.00855766
-0.00860066
-0.00864548
-0.00868821
-0.00873277
-0.00877521
-0.0088195
-0.00886163
-0.00890565
-0.00894746
-0.00899118
-0.00903266
-0.00907607
-0.0091172
-0.00916029
-0.00920107
-0.00924381
-0.00928422
-0.00932661
-0.00936663
-0.00940866
-0.00944829
-0.00948994
-0.00952915
-0.00957041
-0.00960921
-0.00965007
-0.00968843
-0.00972887
-0.0097668
-0.00980681
-0.00984428
-0.00988385
-0.00992086
-0.00995998
-0.00999651
-0.0100352
-0.0100712
-0.0101094
-0.010145
-0.0101827
-0.0102177
-0.0102549
-0.0102894
-0.0103261
-0.0103601
-0.0103963
-0.0104298
-0.0104655
-0.0104984
-0.0105335
-0.0105659
-0.0106005
-0.0106323
-0.0106663
-0.0106975
-0.010731
-0.0107617
-0.0107945
-0.0108246
-0.0108569
-0.0108864
-0.0109181
-0.010947
-0.0109781
-0.0110064
-0.0110369
-0.0110645
-0.0110944
-0.0111214
-0.0111507
-0.0111771
-0.0112057
-0.0112314
-0.0112594
-0.0112845
-0.0113118
-0.0113363
-0.011363
-0.0113868
-0.0114128
-0.0114359
-0.0114612
-0.0114837
-0.0115083
-0.0115301
-0.011554
-0.0115751
-0.0115984
-0.0116188
-0.0116413
-0.011661
-0.0116829
-0.0117019
-0.011723
-0.0117413
-0.0117617
-0.0117793
-0.011799
-0.0118158
-0.0118348
-0.0118509
-0.0118691
-0.0118845
-0.011902
-0.0119167
-0.0119334
-0.0119473
-0.0119633
-0.0119765
-0.0119917
-0.0120041
-0.0120185
-0.0120302
-0.0120439
-0.0120548
-0.0120677
-0.0120778
-0.01209
-0.0120993
-0.0121107
-0.0121193
-0.0121298
-0.0121377
-0.0121475
-0.0121545
-0.0121635
-0.0121698
-0.0121779
-0.0121834
-0.0121908
-0.0121955
-0.0122021
-0.012206
-0.0122118
-0.0122149
-0.0122199
-0.0122222
-0.0122263
-0.0122279
-0.0122312
-0.012232
-0.0122345
-0.0122344
-0.0122361
-0.0122353
-0.0122361
-0.0122345
-0.0122345
-0.0122321
-0.0122313
-0.0122281
-0.0122265
-0.0122224
-0.01222
-0.0122151
-0.0122119
-0.0122062
-0.0122022
-0.0121957
-0.0121908
-0.0121835
-0.0121778
-0.0121697
-0.0121632
-0.0121543
-0.012147
-0.0121373
-0.0121291
-0.0121186
-0.0121096
-0.0120984
-0.0120886
-0.0120765
-0.0120659
-0.012053
-0.0120415
-0.0120279
-0.0120156
-0.0120012
-0.0119881
-0.0119729
-0.011959
-0.011943
-0.0119283
-0.0119115
-0.011896
-0.0118784
-0.0118622
-0.0118438
-0.0118268
-0.0118076
-0.0117898
-0.0117699
-0.0117513
-0.0117306
-0.0117112
-0.0116898
-0.0116696
-0.0116475
-0.0116265
-0.0116036
-0.0115819
-0.0115583
-0.0115358
-0.0115114
-0.0114882
-0.0114631
-0.0114392
-0.0114133
-0.0113887
-0.0113621
-0.0113367
-0.0113094
-0.0112833
-0.0112553
-0.0112285
-0.0111998
-0.0111723
-0.011143
-0.0111148
-0.0110847
-0.0110558
-0.0110251
-0.0109955
-0.0109641
-0.0109339
-0.0109019
-0.010871
-0.0108383
-0.0108068
-0.0107734
-0.0107413
-0.0107073
-0.0106745
-0.0106399
-0.0106065
-0.0105714
-0.0105373
-0.0105016
-0.010467
-0.0104306
-0.0103954
-0.0103585
-0.0103227
-0.0102852
-0.0102489
-0.0102108
-0.010174
-0.0101354
-0.010098
-0.0100589
-0.0100209
-0.00998133
-0.00994288
-0.00990276
-0.00986382
-0.00982321
-0.00978379
-0.00974271
-0.00970282
-0.00966127
-0.00962092
-0.00957893
-0.00953815
-0.00949572
-0.00945451
-0.00941166
-0.00937004
-0.00932679
-0.00928476
-0.00924113
-0.00919872
-0.00915471
-0.00911194
-0.00906756
-0.00902444
-0.00897972
-0.00893627
-0.00889122
-0.00884745
-0.00880209
-0.00875801
-0.00871235
-0.00866799
-0.00862205
-0.00857742
-0.00853122
-0.00848634
-0.00843989
-0.00839478
-0.00834809
-0.00830276
-0.00825587
-0.00821034
-0.00816325
-0.00811754
-0.00807027
-0.00802439
-0.00797696
-0.00793094
-0.00788337
-0.00783722
-0.00778952
-0.00774327
-0.00769546
-0.00764911
-0.00760123
-0.00755481
-0.00750685
-0.00746037
-0.00741237
-0.00736586
-0.00731782
-0.0072713
-0.00722325
-0.00717673
-0.00712869
-0.0070822
-0.00703418
-0.00698773
-0.00693976
-0.00689338
-0.00684547
-0.00679917
-0.00675135
-0.00670515
-0.00665744
-0.00661137
-0.00656378
-0.00651785
-0.00647041
-0.00642464
-0.00637736
-0.00633178
-0.00628469
-0.00623931
-0.00619243
-0.00614727
-0.00610061
-0.0060557
-0.00600929
-0.00596464
-0.0059185
-0.00587414
-0.00582829
-0.00578423
-0.00573869
-0.00569495
-0.00564974
-0.00560635
-0.00556149
-0.00551847
-0.00547398
-0.00543135
-0.00538725
-0.00534502
-0.00530134
-0.00525954
-0.00521629
-0.00517493
-0.00513213
-0.00509125
-0.00504892
-0.00500852
-0.0049667
-0.0049268
-0.00488549
-0.00484612
-0.00480535
-0.00476653
-0.0047263
-0.00468805
-0.0046484
-0.00461074
-0.00457169
-0.00453463
-0.00449619
-0.00445976
-0.00442195
-0.00438616
-0.00434901
-0.00431389
-0.00427741
-0.00424296
-0.00420718
-0.00417344
-0.00413836
-0.00410533
-0.00407099
-0.0040387
-0.0040051
-0.00397357
-0.00394074
-0.00390998
-0.00387793
-0.00384796
-0.00381671
-0.00378754
-0.00375712
-0.00372878
-0.00369918
-0.00367168
-0.00364294
-0.0036163
-0.00358843
-0.00356265
-0.00353567
-0.00351078
-0.0034847
-0.00346071
-0.00343554
-0.00341247
-0.00338824
-0.00336609
-0.00334281
-0.00332161
-0.00329928
-0.00327904
-0.00325769
-0.00323842
-0.00321806
-0.00319977
-0.00318041
-0.00316312
-0.00314477
-0.00312848
-0.00311115
-0.00309589
-0.0030796
-0.00306536
-0.00305012
-0.00303692
-0.00302273
-0.00301058
-0.00299746
-0.00298637
-0.00297433
-0.0029643
-0.00295335
-0.00294439
-0.00293453
-0.00292666
-0.0029179
-0.00291111
-0.00290347
-0.00289777
-0.00289124
-0.00288665
-0.00288124
-0.00287775
-0.00287346
-0.00287108
-0.00286793
-0.00286666
-0.00286464
-0.00286449
-0.00286361
-0.00286458
-0.00286484
-0.00286693
-0.00286834
-0.00287155
-0.0028741
-0.00287843
-0.00288213
-0.00288758
-0.00289242
-0.002899
-0.00290498
-0.00291268
-0.00291981
-0.00292863
-0.0029369
-0.00294683
-0.00295624
-0.00296728
-0.00297783
-0.00298998
-0.00300166
-0.00301491
-0.00302771
-0.00304207
-0.00305599
-0.00307144
-0.00308648
-0.00310301
-0.00311916
-0.00313677
-0.00315401
-0.0031727
-0.00319103
-0.00321078
-0.0032302
-0.00325099
-0.00327149
-0.00329333
-0.00331488
-0.00333775
-0.00336036
-0.00338425
-0.00340791
-0.0034328
-0.00345749
-0.00348338
-0.00350908
-0.00353595
-0.00356265
-0.0035905
-0.00361819
-0.00364699
-0.00367565
-0.0037054
-0.00373502
-0.00376568
-0.00379625
-0.00382782
-0.00385931
-0.00389178
-0.00392418
-0.00395752
-0.00399082
-0.00402502
-0.00405918
-0.00409422
-0.00412925
-0.00416511
-0.00420097
-0.00423763
-0.00427431
-0.00431176
-0.00434923
-0.00438744
-0.00442569
-0.00446465
-0.00450366
-0.00454334
-0.00458308
-0.00462346
-0.00466391
-0.00470498
-0.00474612
-0.00478784
-0.00482966
-0.00487202
-0.00491448
-0.00495746
-0.00500055
-0.00504412
-0.00508781
-0.00513195
-0.00517621
-0.0052209
-0.00526572
-0.00531094
-0.00535629
-0.00540201
-0.00544787
-0.00549406
-0.00554041
-0.00558706
-0.00563386
-0.00568094
-0.00572818
-0.00577568
-0.00582332
-0.0058712
-0.00591923
-0.00596748
-0.00601587
-0.00606445
-0.00611319
-0.00616208
-0.00621113
-0.00626032
-0.00630965
-0.00635911
-0.00640871
-0.00645841
-0.00650825
-0.00655818
-0.00660823
-0.00665836
-0.0067086
-0.00675891
-0.00680932
-0.00685978
-0.00691034
-0.00696094
-0.00701162
-0.00706233
-0.00711311
-0.00716391
-0.00721477
-0.00726564
-0.00731656
-0.00736747
-0.00741841
-0.00746935
-0.00752031
-0.00757126
-0.0076222
-0.00767312
-0.00772404
-0.00777493
-0.00782578
-0.00787662
-0.00792742
-0.00797816
-0.00802886
-0.00807951
-0.00813012
-0.00818063
-0.0082311
-0.00828148
-0.00833183
-0.00838204
-0.00843221
-0.00848225
-0.00853226
-0.0085821
-0.00863192
-0.00868153
-0.00873114
-0.00878052
-0.00882991
-0.00887904
-0.00892819
-0.00897706
-0.00902596
-0.00907455
-0.00912319
-0.00917148
-0.00921985
-0.00926783
-0.0093159
-0.00936357
-0.00941134
-0.00945867
-0.00950613
-0.00955311
-0.00960024
-0.00964686
-0.00969366
-0.00973991
-0.00978636
-0.00983222
-0.00987831
-0.00992379
-0.00996951
-0.0100146
-0.0100599
-0.0101046
-0.0101496
-0.0101938
-0.0102384
-0.0102822
-0.0103263
-0.0103697
-0.0104135
-0.0104564
-0.0104997
-0.0105422
-0.0105851
-0.0106271
-0.0106696
-0.0107111
-0.0107532
-0.0107942
-0.0108359
-0.0108764
-0.0109176
-0.0109577
-0.0109985
-0.011038
-0.0110783
-0.0111174
-0.0111573
-0.0111958
-0.0112352
-0.0112733
-0.0113122
-0.0113498
-0.0113882
-0.0114253
-0.0114632
-0.0114998
-0.0115373
-0.0115733
-0.0116103
-0.0116458
-0.0116823
-0.0117173
-0.0117534
-0.0117878
-0.0118234
-0.0118573
-0.0118924
-0.0119257
-0.0119603
-0.0119931
-0.0120273
-0.0120595
-0.0120932
-0.0121249
-0.012158
-0.0121892
-0.0122219
-0.0122525
-0.0122847
-0.0123148
-0.0123464
-0.0123759
-0.0124071
-0.0124361
-0.0124667
-0.0124951
-0.0125252
-0.0125531
-0.0125827
-0.01261
-0.0126391
-0.0126659
-0.0126945
-0.0127207
-0.0127487
-0.0127743
-0.0128019
-0.0128269
-0.012854
-0.0128784
-0.0129049
-0.0129288
-0.0129548
-0.0129781
-0.0130035
-0.0130262
-0.0130511
-0.0130733
-0.0130976
-0.0131191
-0.0131429
-0.0131639
-0.0131871
-0.0132075
-0.0132301
-0.0132499
-0.013272
-0.0132912
-0.0133127
-0.0133312
-0.0133522
-0.0133701
-0.0133905
-0.0134078
-0.0134276
-0.0134442
-0.0134634
-0.0134795
-0.0134981
-0.0135135
-0.0135314
-0.0135462
-0.0135636
-0.0135777
-0.0135944
-0.0136078
-0.013624
-0.0136367
-0.0136522
-0.0136643
-0.0136792
-0.0136906
-0.0137048
-0.0137155
-0.0137291
-0.0137391
-0.013752
-0.0137613
-0.0137735
-0.0137821
-0.0137936
-0.0138015
-0.0138124
-0.0138196
-0.0138297
-0.0138361
-0.0138455
-0.0138513
-0.01386
-0.0138649
-0.0138729
-0.0138771
-0.0138844
-0.0138878
-0.0138943
-0.013897
-0.0139027
-0.0139047
-0.0139097
-0.0139108
-0.013915
-0.0139154
-0.0139188
-0.0139184
-0.013921
-0.0139198
-0.0139216
-0.0139196
-0.0139206
-0.0139178
-0.013918
-0.0139144
-0.0139138
-0.0139093
-0.0139079
-0.0139026
-0.0139004
-0.0138943
-0.0138912
-0.0138842
-0.0138803
-0.0138725
-0.0138677
-0.0138591
-0.0138534
-0.013844
-0.0138375
-0.0138271
-0.0138198
-0.0138086
-0.0138004
-0.0137883
-0.0137792
-0.0137663
-0.0137564
-0.0137426
-0.0137318
-0.0137171
-0.0137054
-0.01369
-0.0136774
-0.013661
-0.0136476
-0.0136304
-0.013616
-0.013598
-0.0135828
-0.0135638
-0.0135478
-0.013528
-0.013511
-0.0134904
-0.0134726
-0.0134511
-0.0134324
-0.0134101
-0.0133905
-0.0133674
-0.0133469
-0.013323
-0.0133017
-0.0132769
-0.0132547
-0.0132291
-0.0132061
-0.0131797
-0.0131559
-0.0131286
-0.013104
-0.013076
-0.0130505
-0.0130217
-0.0129954
-0.0129658
-0.0129387
-0.0129084
-0.0128805
-0.0128494
-0.0128207
-0.0127889
-0.0127595
-0.0127269
-0.0126967
-0.0126634
-0.0126325
-0.0125985
-0.0125668
-0.0125321
-0.0124997
-0.0124644
-0.0124313
-0.0123953
-0.0123615
-0.0123248
-0.0122904
-0.0122531
-0.012218
-0.0121801
-0.0121443
-0.0121058
-0.0120695
-0.0120304
-0.0119934
-0.0119538
-0.0119162
-0.0118761
-0.0118379
-0.0117973
-0.0117586
-0.0117174
-0.0116782
-0.0116366
-0.0115968
-0.0115547
-0.0115145
-0.011472
-0.0114313
-0.0113884
-0.0113472
-0.0113039
-0.0112623
-0.0112186
-0.0111767
-0.0111326
-0.0110902
-0.0110459
-0.0110031
-0.0109584
-0.0109154
-0.0108704
-0.0108271
-0.0107818
-0.0107382
-0.0106927
-0.0106488
-0.0106031
-0.010559
-0.0105131
-0.0104687
-0.0104226
-0.0103781
-0.0103319
-0.0102871
-0.0102408
-0.0101959
-0.0101495
-0.0101045
-0.010058
-0.0100129
-0.00996634
-0.00992114
-0.00987457
-0.00982933
-0.00978275
-0.00973748
-0.00969092
-0.00964564
-0.00959913
-0.00955387
-0.00950742
-0.00946221
-0.00941585
-0.0093707
-0.00932445
-0.00927938
-0.00923327
-0.00918832
-0.00914236
-0.00909755
-0.00905177
-0.00900712
-0.00896153
-0.00891706
-0.00887171
-0.00882744
-0.00878232
-0.00873829
-0.00869344
-0.00864965
-0.00860508
-0.00856156
-0.00851731
-0.00847408
-0.00843015
-0.00838724
-0.00834365
-0.00830108
-0.00825786
-0.00821564
-0.00817281
-0.00813096
-0.00808854
-0.00804709
-0.00800509
-0.00796406
-0.00792251
-0.0078819
-0.00784081
-0.00780066
-0.00776005
-0.00772038
-0.00768026
-0.00764108
-0.00760148
-0.0075628
-0.00752373
-0.00748558
-0.00744706
-0.00740945
-0.00737149
-0.00733444
-0.00729706
-0.00726058
-0.00722379
-0.00718791
-0.00715173
-0.00711645
-0.00708089
-0.00704624
-0.00701131
-0.00697729
-0.00694302
-0.00690965
-0.00687604
-0.00684333
-0.0068104
-0.00677837
-0.00674612
-0.00671478
-0.00668323
-0.00665259
-0.00662175
-0.00659182
-0.0065617
-0.00653251
-0.00650311
-0.00647465
-0.006446
-0.00641829
-0.00639039
-0.00636343
-0.00633629
-0.0063101
-0.00628372
-0.00625831
-0.00623271
-0.00620808
-0.00618326
-0.00615943
-0.0061354
-0.00611237
-0.00608914
-0.00606692
-0.0060445
-0.00602309
-0.00600147
-0.00598089
-0.00596009
-0.00594033
-0.00592036
-0.00590143
-0.00588228
-0.0058642
-0.00584588
-0.00582864
-0.00581116
-0.00579477
-0.00577812
-0.00576258
-0.00574678
-0.0057321
-0.00571714
-0.00570332
-0.00568921
-0.00567625
-0.00566299
-0.00565089
-0.00563848
-0.00562726
-0.00561569
-0.00560534
-0.00559463
-0.00558514
-0.00557529
-0.00556667
-0.00555767
-0.00554993
-0.00554178
-0.00553491
-0.00552762
-0.00552161
-0.00551517
-0.00551004
-0.00550445
-0.00550019
-0.00549545
-0.00549205
-0.00548816
-0.00548563
-0.00548258
-0.00548091
-0.00547871
-0.0054779
-0.00547654
-0.00547659
-0.00547607
-0.00547697
-0.00547728
-0.00547903
-0.00548017
-0.00548277
-0.00548474
-0.00548818
-0.00549097
-0.00549525
-0.00549885
-0.00550396
-0.00550838
-0.00551432
-0.00551954
-0.0055263
-0.00553232
-0.0055399
-0.00554672
-0.0055551
-0.00556271
-0.00557189
-0.00558028
-0.00559026
-0.00559942
-0.00561019
-0.00562013
-0.00563167
-0.00564237
-0.00565469
-0.00566614
-0.00567922
-0.00569142
-0.00570526
-0.00571819
-0.00573278
-0.00574644
-0.00576177
-0.00577615
-0.00579221
-0.0058073
-0.00582408
-0.00583988
-0.00585736
-0.00587386
-0.00589204
-0.00590922
-0.0059281
-0.00594595
-0.00596551
-0.00598403
-0.00600425
-0.00602342
-0.00604431
-0.00606413
-0.00608566
-0.00610611
-0.00612828
-0.00614936
-0.00617215
-0.00619384
-0.00621724
-0.00623954
-0.00626354
-0.00628643
-0.00631102
-0.00633449
-0.00635966
-0.00638369
-0.00640943
-0.00643402
-0.00646031
-0.00648545
-0.00651228
-0.00653795
-0.00656531
-0.00659149
-0.00661937
-0.00664607
-0.00667445
-0.00670164
-0.00673051
-0.00675819
-0.00678753
-0.00681569
-0.00684549
-0.00687411
-0.00690437
-0.00693343
-0.00696412
-0.00699362
-0.00702474
-0.00705466
-0.00708619
-0.00711652
-0.00714844
-0.00717918
-0.00721148
-0.0072426
-0.00727528
-0.00730677
-0.0073398
-0.00737166
-0.00740503
-0.00743723
-0.00747093
-0.00750347
-0.00753749
-0.00757036
-0.00760467
-0.00763785
-0.00767246
-0.00770593
-0.00774082
-0.00777458
-0.00780973
-0.00784376
-0.00787916
-0.00791346
-0.00794909
-0.00798364
-0.0080195
-0.00805428
-0.00809035
-0.00812536
-0.00816163
-0.00819685
-0.0082333
-0.00826873
-0.00830536
-0.00834097
-0.00837776
-0.00841356
-0.00845049
-0.00848646
-0.00852353
-0.00855965
-0.00859685
-0.00863311
-0.00867042
-0.00870682
-0.00874424
-0.00878076
-0.00881826
-0.00885489
-0.00889248
-0.00892921
-0.00896686
-0.00900369
-0.00904139
-0.0090783
-0.00911606
-0.00915303
-0.00919082
-0.00922786
-0.00926568
-0.00930277
-0.0093406
-0.00937773
-0.00941557
-0.00945273
-0.00949056
-0.00952775
-0.00956556
-0.00960276
-0.00964056
-0.00967776
-0.00971552
-0.00975272
-0.00979044
-0.00982763
-0.00986529
-0.00990246
-0.00994007
-0.00997721
-0.0100147
-0.0100518
-0.0100893
-0.0101264
-0.0101637
-0.0102008
-0.0102381
-0.010275
-0.0103122
-0.010349
-0.0103861
-0.0104229
-0.0104598
-0.0104966
-0.0105334
-0.01057
-0.0106067
-0.0106432
-0.0106798
-0.0107162
-0.0107526
-0.0107888
-0.0108251
-0.0108612
-0.0108974
-0.0109333
-0.0109694
-0.0110051
-0.011041
-0.0110766
-0.0111123
-0.0111477
-0.0111833
-0.0112185
-0.0112539
-0.0112889
-0.0113241
-0.0113589
-0.011394
-0.0114285
-0.0114634
-0.0114977
-0.0115325
-0.0115665
-0.011601
-0.0116349
-0.0116692
-0.0117028
-0.0117368
-0.0117702
-0.0118041
-0.0118372
-0.0118708
-0.0119036
-0.011937
-0.0119695
-0.0120027
-0.0120349
-0.0120678
-0.0120998
-0.0121324
-0.0121641
-0.0121964
-0.0122278
-0.0122599
-0.0122909
-0.0123227
-0.0123534
-0.0123849
-0.0124152
-0.0124464
-0.0124764
-0.0125073
-0.0125369
-0.0125674
-0.0125968
-0.0126269
-0.0126559
-0.0126857
-0.0127142
-0.0127436
-0.0127718
-0.0128009
-0.0128286
-0.0128573
-0.0128846
-0.0129129
-0.0129398
-0.0129677
-0.0129941
-0.0130216
-0.0130476
-0.0130746
-0.0131001
-0.0131267
-0.0131518
-0.0131778
-0.0132024
-0.013228
-0.0132521
-0.0132772
-0.0133008
-0.0133254
-0.0133485
-0.0133725
-0.0133951
-0.0134186
-0.0134406
-0.0134635
-0.013485
-0.0135074
-0.0135282
-0.01355
-0.0135703
-0.0135915
-0.0136111
-0.0136317
-0.0136507
-0.0136707
-0.0136891
-0.0137084
-0.0137261
-0.0137448
-0.0137619
-0.0137799
-0.0137962
-0.0138135
-0.0138292
-0.0138458
-0.0138607
-0.0138766
-0.0138908
-0.013906
-0.0139194
-0.0139338
-0.0139465
-0.0139601
-0.0139721
-0.0139849
-0.013996
-0.014008
-0.0140183
-0.0140295
-0.014039
-0.0140494
-0.014058
-0.0140675
-0.0140753
-0.0140839
-0.0140909
-0.0140986
-0.0141046
-0.0141115
-0.0141166
-0.0141225
-0.0141268
-0.0141317
-0.014135
-0.0141391
-0.0141414
-0.0141445
-0.0141459
-0.014148
-0.0141484
-0.0141495
-0.0141489
-0.0141491
-0.0141475
-0.0141466
-0.014144
-0.0141421
-0.0141385
-0.0141355
-0.0141309
-0.0141268
-0.0141212
-0.0141161
-0.0141093
-0.0141032
-0.0140954
-0.0140881
-0.0140792
-0.0140709
-0.0140609
-0.0140515
-0.0140404
-0.0140299
-0.0140177
-0.014006
-0.0139928
-0.01398
-0.0139656
-0.0139517
-0.0139362
-0.0139211
-0.0139045
-0.0138883
-0.0138706
-0.0138531
-0.0138343
-0.0138158
-0.0137958
-0.0137761
-0.013755
-0.0137341
-0.0137119
-0.0136899
-0.0136665
-0.0136433
-0.0136188
-0.0135945
-0.0135688
-0.0135433
-0.0135166
-0.0134899
-0.013462
-0.0134342
-0.0134052
-0.0133763
-0.0133461
-0.013316
-0.0132848
-0.0132536
-0.0132213
-0.0131889
-0.0131555
-0.013122
-0.0130875
-0.0130529
-0.0130173
-0.0129816
-0.0129449
-0.0129081
-0.0128704
-0.0128325
-0.0127938
-0.0127548
-0.012715
-0.012675
-0.0126342
-0.0125932
-0.0125514
-0.0125093
-0.0124665
-0.0124234
-0.0123797
-0.0123356
-0.0122909
-0.0122459
-0.0122002
-0.0121542
-0.0121076
-0.0120607
-0.0120133
-0.0119654
-0.0119171
-0.0118684
-0.0118192
-0.0117696
-0.0117196
-0.0116691
-0.0116183
-0.011567
-0.0115154
-0.0114634
-0.011411
-0.0113582
-0.0113051
-0.0112515
-0.0111977
-0.0111434
-0.0110889
-0.0110339
-0.0109787
-0.0109231
-0.0108673
-0.010811
-0.0107547
-0.0106978
-0.0106409
-0.0105834
-0.0105259
-0.0104679
-0.01041
-0.0103514
-0.010293
-0.010234
-0.0101751
-0.0101157
-0.0100564
-0.00999649
-0.00993682
-0.00987656
-0.00981654
-0.00975593
-0.00969561
-0.00963468
-0.00957407
-0.00951286
-0.00945201
-0.00939055
-0.00932949
-0.00926782
-0.00920658
-0.00914473
-0.00908334
-0.00902135
-0.00895985
-0.00889775
-0.00883618
-0.00877401
-0.0087124
-0.00865019
-0.00858858
-0.00852636
-0.00846478
-0.0084026
-0.00834109
-0.00827897
-0.00821756
-0.00815555
-0.00809427
-0.0080324
-0.00797129
-0.0079096
-0.00784869
-0.00778721
-0.00772654
-0.0076653
-0.00760491
-0.00754395
-0.00748387
-0.00742322
-0.00736348
-0.00730318
-0.00724381
-0.0071839
-0.00712493
-0.00706544
-0.00700691
-0.00694787
-0.00688982
-0.00683126
-0.00677371
-0.00671566
-0.00665865
-0.00660115
-0.00654471
-0.00648779
-0.00643194
-0.00637563
-0.00632041
-0.00626474
-0.00621019
-0.00615519
-0.00610131
-0.00604702
-0.00599386
-0.00594029
-0.00588788
-0.00583506
-0.00578342
-0.00573139
-0.00568055
-0.00562933
-0.00557931
-0.00552893
-0.00547976
-0.00543024
-0.00538194
-0.00533332
-0.00528591
-0.0052382
-0.00519172
-0.00514494
-0.0050994
-0.00505358
-0.005009
-0.00496416
-0.00492057
-0.00487673
-0.00483415
-0.00479133
-0.00474977
-0.00470799
-0.00466747
-0.00462676
-0.0045873
-0.00454766
-0.00450927
-0.00447073
-0.00443344
-0.00439601
-0.00435982
-0.00432352
-0.00428846
-0.00425329
-0.00421936
-0.00418535
-0.00415257
-0.00411973
-0.00408811
-0.00405644
-0.004026
-0.00399551
-0.00396625
-0.00393697
-0.0039089
-0.00388082
-0.00385395
-0.00382709
-0.00380142
-0.00377578
-0.00375133
-0.00372693
-0.00370369
-0.00368052
-0.00365852
-0.00363659
-0.00361581
-0.00359512
-0.00357558
-0.00355614
-0.00353783
-0.00351965
-0.00350257
-0.00348564
-0.00346981
-0.00345413
-0.00343953
-0.00342511
-0.00341175
-0.00339858
-0.00338646
-0.00337454
-0.00336365
-0.00335298
-0.00334333
-0.00333391
-0.00332549
-0.00331731
-0.00331011
-0.00330317
-0.0032972
-0.00329149
-0.00328673
-0.00328226
-0.00327871
-0.00327546
-0.00327311
-0.00327108
-0.00326993
-0.0032691
-0.00326914
-0.00326952
-0.00327074
-0.0032723
-0.0032747
-0.00327745
-0.003281
-0.00328493
-0.00328964
-0.00329473
-0.00330057
-0.00330681
-0.00331379
-0.00332117
-0.00332927
-0.00333778
-0.00334699
-0.00335662
-0.00336692
-0.00337766
-0.00338905
-0.00340087
-0.00341333
-0.00342624
-0.00343976
-0.00345372
-0.00346829
-0.00348331
-0.0034989
-0.00351495
-0.00353156
-0.00354864
-0.00356625
-0.00358434
-0.00360293
-0.00362201
-0.00364158
-0.00366163
-0.00368215
-0.00370317
-0.00372463
-0.00374659
-0.00376898
-0.00379187
-0.00381516
-0.00383895
-0.00386313
-0.00388782
-0.00391288
-0.00393844
-0.00396436
-0.00399079
-0.00401754
-0.00404481
-0.00407238
-0.00410047
-0.00412886
-0.00415776
-0.00418693
-0.00421664
-0.00424657
-0.00427703
-0.00430773
-0.00433894
-0.00437037
-0.00440234
-0.00443448
-0.00446715
-0.00449999
-0.00453336
-0.00456689
-0.00460095
-0.00463514
-0.00466986
-0.00470469
-0.00474005
-0.00477552
-0.00481152
-0.00484759
-0.00488418
-0.00492084
-0.00495803
-0.00499526
-0.00503301
-0.0050708
-0.00510911
-0.00514743
-0.00518627
-0.00522512
-0.00526448
-0.00530382
-0.00534366
-0.00538349
-0.00542382
-0.00546411
-0.00550489
-0.00554563
-0.00558686
-0.00562802
-0.00566966
-0.00571123
-0.0057533
-0.00579525
-0.00583769
-0.00588002
-0.00592283
-0.00596551
-0.00600866
-0.00605168
-0.00609518
-0.00613851
-0.00618231
-0.00622594
-0.00627005
-0.00631396
-0.00635832
-0.0064025
-0.00644714
-0.00649156
-0.00653643
-0.00658108
-0.00662618
-0.00667104
-0.00671633
-0.00676138
-0.00680688
-0.0068521
-0.00689775
-0.00694313
-0.00698894
-0.00703446
-0.00708039
-0.00712604
-0.0071721
-0.00721784
-0.00726398
-0.00730982
-0.00735606
-0.00740196
-0.00744825
-0.0074942
-0.00754055
-0.00758654
-0.0076329
-0.00767891
-0.0077253
-0.0077713
-0.00781767
-0.00786366
-0.00791
-0.00795596
-0.00800228
-0.00804819
-0.00809444
-0.00814028
-0.00818645
-0.0082322
-0.0082783
-0.00832396
-0.00836994
-0.00841548
-0.00846133
-0.00850674
-0.00855244
-0.0085977
-0.00864327
-0.00868836
-0.00873375
-0.00877866
-0.00882385
-0.00886856
-0.00891355
-0.00895804
-0.00900282
-0.00904708
-0.00909161
-0.00913563
-0.00917991
-0.00922366
-0.00926768
-0.00931115
-0.00935489
-0.00939807
-0.0094415
-0.00948437
-0.00952749
-0.00957003
-0.00961282
-0.00965503
-0.00969747
-0.00973932
-0.00978141
-0.00982289
-0.0098646
-0.0099057
-0.00994702
-0.00998771
-0.0100286
-0.0100689
-0.0101094
-0.0101493
-0.0101893
-0.0102287
-0.0102684
-0.0103073
-0.0103465
-0.0103849
-0.0104236
-0.0104616
-0.0104998
-0.0105373
-0.010575
-0.010612
-0.0106491
-0.0106856
-0.0107222
-0.0107581
-0.0107943
-0.0108296
-0.0108652
-0.0108999
-0.0109349
-0.0109691
-0.0110035
-0.0110371
-0.011071
-0.011104
-0.0111372
-0.0111695
-0.0112021
-0.0112339
-0.0112658
-0.011297
-0.0113283
-0.0113587
-0.0113894
-0.0114192
-0.0114492
-0.0114783
-0.0115076
-0.011536
-0.0115647
-0.0115924
-0.0116204
-0.0116474
-0.0116746
-0.0117009
-0.0117274
-0.011753
-0.0117788
-0.0118036
-0.0118286
-0.0118527
-0.011877
-0.0119003
-0.0119238
-0.0119464
-0.0119691
-0.0119909
-0.0120129
-0.0120339
-0.0120551
-0.0120752
-0.0120957
-0.012115
-0.0121346
-0.0121532
-0.012172
-0.0121897
-0.0122077
-0.0122246
-0.0122418
-0.0122578
-0.0122742
-0.0122893
-0.0123049
-0.0123192
-0.0123339
-0.0123473
-0.0123611
-0.0123738
-0.0123867
-0.0123985
-0.0124105
-0.0124214
-0.0124326
-0.0124426
-0.0124529
-0.012462
-0.0124715
-0.0124797
-0.0124882
-0.0124955
-0.0125032
-0.0125096
-0.0125164
-0.0125219
-0.0125278
-0.0125323
-0.0125373
-0.012541
-0.012545
-0.0125478
-0.0125509
-0.0125527
-0.012555
-0.0125559
-0.0125572
-0.0125572
-0.0125576
-0.0125566
-0.0125561
-0.0125542
-0.0125528
-0.01255
-0.0125476
-0.0125439
-0.0125406
-0.0125359
-0.0125317
-0.0125261
-0.012521
-0.0125144
-0.0125084
-0.0125009
-0.012494
-0.0124855
-0.0124777
-0.0124683
-0.0124596
-0.0124493
-0.0124396
-0.0124283
-0.0124177
-0.0124056
-0.0123941
-0.012381
-0.0123686
-0.0123546
-0.0123413
-0.0123264
-0.0123121
-0.0122963
-0.0122812
-0.0122645
-0.0122485
-0.0122308
-0.0122139
-0.0121954
-0.0121776
-0.0121582
-0.0121395
-0.0121192
-0.0120996
-0.0120784
-0.012058
-0.012036
-0.0120147
-0.0119917
-0.0119696
-0.0119458
-0.0119228
-0.0118982
-0.0118744
-0.0118489
-0.0118242
-0.0117979
-0.0117724
-0.0117452
-0.011719
-0.011691
-0.0116639
-0.0116351
-0.0116072
-0.0115776
-0.0115489
-0.0115185
-0.011489
-0.0114579
-0.0114276
-0.0113957
-0.0113647
-0.011332
-0.0113003
-0.0112668
-0.0112344
-0.0112002
-0.011167
-0.0111321
-0.0110982
-0.0110626
-0.011028
-0.0109917
-0.0109564
-0.0109194
-0.0108835
-0.0108458
-0.0108093
-0.0107709
-0.0107337
-0.0106947
-0.0106569
-0.0106173
-0.0105788
-0.0105386
-0.0104996
-0.0104588
-0.0104191
-0.0103778
-0.0103376
-0.0102956
-0.0102549
-0.0102124
-0.0101711
-0.0101281
-0.0100863
-0.0100428
-0.0100005
-0.00995651
-0.00991372
-0.00986926
-0.00982601
-0.0097811
-0.0097374
-0.00969205
-0.00964793
-0.00960217
-0.00955765
-0.00951149
-0.00946658
-0.00942005
-0.00937477
-0.00932788
-0.00928225
-0.00923503
-0.00918908
-0.00914154
-0.00909528
-0.00904745
-0.00900091
-0.00895281
-0.008906
-0.00885764
-0.00881059
-0.00876201
-0.00871474
-0.00866595
-0.00861848
-0.0085695
-0.00852185
-0.00847272
-0.00842491
-0.00837564
-0.0083277
-0.00827831
-0.00823025
-0.00818077
-0.00813263
-0.00808307
-0.00803487
-0.00798526
-0.00793701
-0.00788739
-0.00783912
-0.00778949
-0.00774122
-0.00769162
-0.00764338
-0.00759382
-0.00754563
-0.00749614
-0.00744803
-0.00739863
-0.00735061
-0.00730133
-0.00725344
-0.0072043
-0.00715654
-0.00710757
-0.00705999
-0.0070112
-0.00696381
-0.00691524
-0.00686806
-0.00681894
-0.00677149
-0.00672298
-0.00667585
-0.00662768
-0.00658088
-0.00653304
-0.00648656
-0.00643906
-0.00639292
-0.00634578
-0.00629999
-0.00625323
-0.00620781
-0.00616145
-0.00611644
-0.0060705
-0.00602592
-0.00598043
-0.00593628
-0.00589126
-0.00584758
-0.00580305
-0.00575986
-0.00571585
-0.00567213
-0.00562796
-0.00558519
-0.00554171
-0.00549952
-0.00545662
-0.00541501
-0.00537272
-0.00533171
-0.00529005
-0.00524966
-0.00520865
-0.00516889
-0.00512854
-0.00508944
-0.00504977
-0.00501134
-0.00497238
-0.00493465
-0.0048964
-0.00485939
-0.00482189
-0.00478561
-0.00474887
-0.00471334
-0.00467737
-0.00464261
-0.00460743
-0.00457346
-0.00453909
-0.0045059
-0.0044724
-0.00444002
-0.00440736
-0.00437581
-0.004344
-0.00431329
-0.00428235
-0.0042525
-0.00422244
-0.00419347
-0.00416431
-0.00413621
-0.00410796
-0.00408077
-0.00405343
-0.00402715
-0.00400074
-0.00397538
-0.00394992
-0.00392548
-0.00390098
-0.00387748
-0.00385394
-0.00383139
-0.00380882
-0.00378724
-0.00376565
-0.00374503
-0.00372442
-0.00370478
-0.00368518
-0.00366652
-0.00364791
-0.00363024
-0.00361265
-0.00359598
-0.00357939
-0.00356372
-0.00354816
-0.0035335
-0.00351896
-0.0035053
-0.0034918
-0.00347916
-0.00346668
-0.00345506
-0.00344362
-0.00343302
-0.00342261
-0.00341303
-0.00340367
-0.00339512
-0.00338679
-0.00337926
-0.00337198
-0.00336548
-0.00335923
-0.00335376
-0.00334856
-0.00334411
-0.00333995
-0.00333653
-0.0033334
-0.003331
-0.00332891
-0.00332754
-0.00332648
-0.00332612
-0.0033261
-0.00332676
-0.00332776
-0.00332944
-0.00333146
-0.00333414
-0.00333719
-0.00334088
-0.00334494
-0.00334962
-0.00335469
-0.00336038
-0.00336645
-0.00337312
-0.00338019
-0.00338785
-0.00339591
-0.00340455
-0.00341359
-0.0034232
-0.00343322
-0.00344379
-0.00345478
-0.00346631
-0.00347826
-0.00349073
-0.00350364
-0.00351706
-0.00353091
-0.00354526
-0.00356004
-0.00357531
-0.00359103
-0.00360721
-0.00362385
-0.00364094
-0.00365848
-0.00367646
-0.0036949
-0.00371378
-0.00373309
-0.00375284
-0.00377304
-0.00379367
-0.00381472
-0.0038362
-0.00385812
-0.00388044
-0.0039032
-0.00392635
-0.00394995
-0.00397393
-0.00399834
-0.00402313
-0.00404837
-0.00407396
-0.00409999
-0.00412637
-0.00415318
-0.00418033
-0.00420793
-0.00423585
-0.00426421
-0.00429288
-0.00432198
-0.0043514
-0.00438125
-0.0044114
-0.00444197
-0.00447283
-0.00450412
-0.00453569
-0.00456768
-0.00459994
-0.00463262
-0.00466557
-0.00469891
-0.00473253
-0.00476654
-0.00480082
-0.00483548
-0.0048704
-0.0049057
-0.00494125
-0.00497718
-0.00501335
-0.00504989
-0.00508667
-0.0051238
-0.00516118
-0.0051989
-0.00523686
-0.00527515
-0.00531368
-0.00535253
-0.00539162
-0.00543102
-0.00547065
-0.00551059
-0.00555075
-0.00559121
-0.00563189
-0.00567286
-0.00571404
-0.00575551
-0.00579719
-0.00583914
-0.0058813
-0.00592372
-0.00596635
-0.00600923
-0.00605232
-0.00609564
-0.00613917
-0.00618293
-0.00622689
-0.00627107
-0.00631545
-0.00636004
-0.00640483
-0.00644981
-0.00649499
-0.00654035
-0.00658591
-0.00663164
-0.00667757
-0.00672366
-0.00676995
-0.00681638
-0.00686301
-0.00690978
-0.00695674
-0.00700382
-0.00705111
-0.00709849
-0.00714608
-0.00719376
-0.00724165
-0.00728961
-0.00733777
-0.007386
-0.00743444
-0.00748292
-0.00753162
-0.00758034
-0.00762928
-0.00767824
-0.0077274
-0.00777658
-0.00782597
-0.00787535
-0.00792494
-0.00797451
-0.0080243
-0.00807405
-0.00812402
-0.00817394
-0.00822407
-0.00827414
-0.00832444
-0.00837465
-0.00842509
-0.00847543
-0.008526
-0.00857645
-0.00862714
-0.00867769
-0.00872848
-0.00877913
-0.00883001
-0.00888073
-0.00893169
-0.00898248
-0.00903351
-0.00908434
-0.00913542
-0.00918629
-0.00923741
-0.00928831
-0.00933945
-0.00939036
-0.00944152
-0.00949242
-0.00954358
-0.00959447
-0.00964561
-0.00969647
-0.00974759
-0.0097984
-0.00984948
-0.00990023
-0.00995126
-0.0100019
-0.0100529
-0.0101035
-0.0101544
-0.0102049
-0.0102557
-0.010306
-0.0103567
-0.010407
-0.0104575
-0.0105076
-0.0105581
-0.010608
-0.0106583
-0.0107081
-0.0107582
-0.0108078
-0.0108577
-0.0109071
-0.0109569
-0.0110061
-0.0110556
-0.0111046
-0.0111539
-0.0112026
-0.0112516
-0.0113001
-0.0113489
-0.0113972
-0.0114457
-0.0114936
-0.0115419
-0.0115895
-0.0116375
-0.0116848
-0.0117325
-0.0117795
-0.0118268
-0.0118735
-0.0119205
-0.0119668
-0.0120135
-0.0120594
-0.0121057
-0.0121512
-0.0121971
-0.0122423
-0.0122878
-0.0123325
-0.0123776
-0.0124219
-0.0124665
-0.0125104
-0.0125546
-0.012598
-0.0126417
-0.0126847
-0.0127279
-0.0127704
-0.0128131
-0.0128551
-0.0128974
-0.0129388
-0.0129805
-0.0130214
-0.0130626
-0.0131029
-0.0131436
-0.0131833
-0.0132234
-0.0132626
-0.0133021
-0.0133406
-0.0133795
-0.0134174
-0.0134557
-0.013493
-0.0135307
-0.0135674
-0.0136044
-0.0136404
-0.0136767
-0.013712
-0.0137477
-0.0137823
-0.0138173
-0.0138512
-0.0138855
-0.0139187
-0.0139523
-0.0139848
-0.0140176
-0.0140493
-0.0140814
-0.0141124
-0.0141437
-0.0141739
-0.0142045
-0.0142339
-0.0142637
-0.0142923
-0.0143213
-0.0143491
-0.0143772
-0.0144042
-0.0144316
-0.0144577
-0.0144843
-0.0145096
-0.0145353
-0.0145597
-0.0145845
-0.0146081
-0.0146321
-0.0146548
-0.0146779
-0.0146997
-0.0147219
-0.0147428
-0.0147642
-0.0147842
-0.0148046
-0.0148237
-0.0148432
-0.0148613
-0.0148799
-0.0148971
-0.0149148
-0.0149311
-0.0149478
-0.0149631
-0.0149789
-0.0149932
-0.015008
-0.0150215
-0.0150353
-0.0150477
-0.0150606
-0.015072
-0.0150839
-0.0150944
-0.0151053
-0.0151148
-0.0151247
-0.0151331
-0.0151414
-0.0151476
-0.0151543
-0.015159
-0.0151633
-0.015167
-0.0151714
-0.0151748
-0.015179
-0.0151822
-0.0151861
-0.0151888
-0.0151923
-0.0151945
-0.0151972
-0.0151987
-0.0152007
-0.0152014
-0.0152026
-0.0152023
-0.0152025
-0.0152013
-0.0152005
-0.0151983
-0.0151965
-0.0151932
-0.0151903
-0.015186
-0.0151821
-0.0151767
-0.0151717
-0.0151652
-0.0151591
-0.0151516
-0.0151444
-0.0151358
-0.0151276
-0.0151179
-0.0151086
-0.0150978
-0.0150874
-0.0150756
-0.0150642
-0.0150513
-0.0150388
-0.0150248
-0.0150113
-0.0149963
-0.0149817
-0.0149657
-0.0149501
-0.014933
-0.0149164
-0.0148983
-0.0148807
-0.0148616
-0.014843
-0.0148229
-0.0148032
-0.0147821
-0.0147615
-0.0147395
-0.0147179
-0.0146948
-0.0146723
-0.0146483
-0.0146248
-0.0145999
-0.0145755
-0.0145496
-0.0145242
-0.0144975
-0.0144712
-0.0144436
-0.0144164
-0.0143878
-0.0143598
-0.0143304
-0.0143015
-0.0142712
-0.0142414
-0.0142103
-0.0141797
-0.0141477
-0.0141163
-0.0140835
-0.0140513
-0.0140177
-0.0139847
-0.0139504
-0.0139166
-0.0138815
-0.013847
-0.0138111
-0.0137758
-0.0137392
-0.0137032
-0.013666
-0.0136293
-0.0135913
-0.0135539
-0.0135152
-0.0134772
-0.0134379
-0.0133992
-0.0133592
-0.0133199
-0.0132793
-0.0132394
-0.0131982
-0.0131577
-0.013116
-0.0130749
-0.0130326
-0.012991
-0.0129481
-0.0129059
-0.0128626
-0.0128199
-0.0127761
-0.0127329
-0.0126886
-0.0126449
-0.0126001
-0.012556
-0.0125108
-0.0124663
-0.0124207
-0.0123757
-0.0123297
-0.0122844
-0.012238
-0.0121923
-0.0121456
-0.0120996
-0.0120525
-0.0120062
-0.0119588
-0.0119121
-0.0118645
-0.0118175
-0.0117696
-0.0117224
-0.0116743
-0.0116269
-0.0115784
-0.0115308
-0.0114822
-0.0114344
-0.0113856
-0.0113377
-0.0112887
-0.0112406
-0.0111915
-0.0111433
-0.0110941
-0.0110458
-0.0109965
-0.010948
-0.0108987
-0.0108502
-0.0108008
-0.0107523
-0.0107028
-0.0106543
-0.0106049
-0.0105563
-0.0105069
-0.0104584
-0.010409
-0.0103606
-0.0103112
-0.0102628
-0.0102136
-0.0101653
-0.0101161
-0.0100679
-0.0100189
-0.00997084
-0.00992197
-0.00987404
-0.00982533
-0.00977758
-0.00972905
-0.00968148
-0.00963316
-0.00958581
-0.0095377
-0.00949058
-0.00944272
-0.00939585
-0.00934825
-0.00930165
-0.00925433
-0.00920802
-0.009161
-0.009115
-0.0090683
-0.00902263
-0.00897627
-0.00893094
-0.00888494
-0.00883997
-0.00879434
-0.00874976
-0.00870452
-0.00866033
-0.00861551
-0.00857174
-0.00852735
-0.00848401
-0.00844006
-0.00839717
-0.00835369
-0.00831127
-0.00826826
-0.00822633
-0.00818381
-0.00814238
-0.00810039
-0.00805947
-0.00801801
-0.00797762
-0.00793669
-0.00789685
-0.00785648
-0.00781719
-0.00777738
-0.00773866
-0.00769944
-0.00766131
-0.00762268
-0.00758515
-0.00754713
-0.00751022
-0.00747283
-0.00743655
-0.0073998
-0.00736417
-0.00732807
-0.00729309
-0.00725765
-0.00722334
-0.00718859
-0.00715496
-0.00712089
-0.00708795
-0.00705459
-0.00702235
-0.0069897
-0.00695818
-0.00692625
-0.00689545
-0.00686425
-0.00683419
-0.00680374
-0.00677442
-0.00674471
-0.00671615
-0.00668721
-0.0066594
-0.00663123
-0.0066042
-0.0065768
-0.00655055
-0.00652394
-0.00649847
-0.00647265
-0.00644798
-0.00642297
-0.00639909
-0.00637489
-0.00635182
-0.00632843
-0.00630617
-0.0062836
-0.00626217
-0.00624043
-0.00621982
-0.0061989
-0.00617912
-0.00615905
-0.0061401
-0.00612087
-0.00610276
-0.00608438
-0.00606711
-0.00604958
-0.00603316
-0.00601648
-0.00600091
-0.00598508
-0.00597037
-0.0059554
-0.00594154
-0.00592744
-0.00591444
-0.00590119
-0.00588905
-0.00587667
-0.00586539
-0.00585388
-0.00584346
-0.00583281
-0.00582325
-0.00581346
-0.00580477
-0.00579585
-0.00578801
-0.00577996
-0.00577299
-0.00576581
-0.00575969
-0.00575338
-0.00574813
-0.00574269
-0.00573829
-0.00573372
-0.00573019
-0.00572649
-0.00572382
-0.00572098
-0.00571917
-0.0057172
-0.00571625
-0.00571514
-0.00571504
-0.0057148
-0.00571556
-0.00571617
-0.00571778
-0.00571925
-0.00572171
-0.00572404
-0.00572734
-0.00573052
-0.00573466
-0.00573868
-0.00574366
-0.00574853
-0.00575435
-0.00576005
-0.00576669
-0.00577324
-0.0057807
-0.00578807
-0.00579635
-0.00580455
-0.00581364
-0.00582266
-0.00583256
-0.00584238
-0.00585309
-0.00586372
-0.00587522
-0.00588665
-0.00589894
-0.00591116
-0.00592423
-0.00593724
-0.00595108
-0.00596487
-0.00597948
-0.00599404
-0.00600941
-0.00602473
-0.00604085
-0.00605693
-0.0060738
-0.00609063
-0.00610822
-0.00612579
-0.00614412
-0.00616242
-0.00618146
-0.00620048
-0.00622023
-0.00623997
-0.00626042
-0.00628086
-0.006302
-0.00632314
-0.00634496
-0.00636679
-0.00638928
-0.00641178
-0.00643494
-0.0064581
-0.00648191
-0.00650573
-0.00653019
-0.00655465
-0.00657974
-0.00660485
-0.00663056
-0.00665629
-0.00668262
-0.00670898
-0.00673591
-0.00676289
-0.0067904
-0.00681797
-0.00684607
-0.00687422
-0.00690288
-0.00693161
-0.00696082
-0.00699011
-0.00701986
-0.0070497
-0.00707999
-0.00711037
-0.00714118
-0.00717208
-0.0072034
-0.00723482
-0.00726698
-0.00729992
-0.0073333
-0.00736728
-0.00740175
-0.00743611
-0.00747054
-0.00750462
-0.00753866
-0.00757246
-0.00760624
-0.00763984
-0.00767348
-0.00770703
-0.00774068
-0.00777432
-0.0078081
-0.00784193
-0.00787594
-0.00791004
-0.00794433
-0.00797875
-0.00801337
-0.00804813
-0.0080831
-0.00811823
-0.00815356
-0.00818907
-0.00822477
-0.00826065
-0.00829671
-0.00833296
-0.00836938
-0.00840598
-0.00844276
-0.00847971
-0.00851684
-0.00855412
-0.00859159
-0.00862919
-0.00866699
-0.0087049
-0.00874301
-0.00878121
-0.00881961
-0.0088581
-0.00889678
-0.00893553
-0.00897449
-0.00901349
-0.0090527
-0.00909194
-0.00913139
-0.00917085
-0.00921053
-0.00925019
-0.00929008
-0.00932994
-0.00937002
-0.00941006
-0.00945032
-0.00949052
-0.00953095
-0.0095713
-0.00961188
-0.00965236
-0.00969307
-0.00973367
-0.00977451
-0.00981521
-0.00985615
-0.00989694
-0.00993797
-0.00997884
-0.0100199
-0.0100609
-0.010102
-0.010143
-0.0101842
-0.0102252
-0.0102664
-0.0103075
-0.0103487
-0.0103897
-0.010431
-0.010472
-0.0105132
-0.0105542
-0.0105954
-0.0106363
-0.0106774
-0.0107183
-0.0107594
-0.0108002
-0.0108412
-0.0108819
-0.0109228
-0.0109633
-0.0110042
-0.0110446
-0.0110853
-0.0111256
-0.0111661
-0.0112063
-0.0112466
-0.0112866
-0.0113268
-0.0113666
-0.0114066
-0.0114462
-0.0114861
-0.0115254
-0.011565
-0.0116042
-0.0116435
-0.0116824
-0.0117216
-0.0117602
-0.011799
-0.0118374
-0.011876
-0.011914
-0.0119523
-0.01199
-0.012028
-0.0120654
-0.0121031
-0.0121401
-0.0121774
-0.0122142
-0.0122511
-0.0122874
-0.012324
-0.01236
-0.0123961
-0.0124317
-0.0124674
-0.0125025
-0.0125379
-0.0125726
-0.0126075
-0.0126417
-0.0126761
-0.0127099
-0.0127439
-0.0127771
-0.0128106
-0.0128434
-0.0128763
-0.0129086
-0.0129411
-0.0129728
-0.0130047
-0.0130359
-0.0130672
-0.0130978
-0.0131286
-0.0131587
-0.0131888
-0.0132183
-0.0132479
-0.0132767
-0.0133057
-0.0133339
-0.0133622
-0.0133898
-0.0134175
-0.0134444
-0.0134714
-0.0134976
-0.013524
-0.0135495
-0.0135752
-0.0136
-0.0136249
-0.0136491
-0.0136733
-0.0136967
-0.0137201
-0.0137427
-0.0137655
-0.0137873
-0.0138093
-0.0138303
-0.0138515
-0.0138718
-0.0138922
-0.0139117
-0.0139313
-0.0139499
-0.0139687
-0.0139865
-0.0140044
-0.0140214
-0.0140385
-0.0140546
-0.0140708
-0.0140861
-0.0141014
-0.0141158
-0.0141302
-0.0141436
-0.0141571
-0.0141697
-0.0141823
-0.0141939
-0.0142056
-0.0142163
-0.014227
-0.0142367
-0.0142465
-0.0142553
-0.0142641
-0.0142719
-0.0142797
-0.0142866
-0.0142934
-0.0142992
-0.0143051
-0.0143099
-0.0143148
-0.0143186
-0.0143224
-0.0143252
-0.014328
-0.0143298
-0.0143316
-0.0143324
-0.0143331
-0.0143328
-0.0143325
-0.0143312
-0.0143298
-0.0143274
-0.014325
-0.0143216
-0.0143181
-0.0143136
-0.014309
-0.0143034
-0.0142978
-0.0142911
-0.0142844
-0.0142767
-0.0142689
-0.0142601
-0.0142512
-0.0142413
-0.0142313
-0.0142203
-0.0142092
-0.0141972
-0.014185
-0.0141718
-0.0141585
-0.0141443
-0.0141299
-0.0141145
-0.0140991
-0.0140826
-0.0140661
-0.0140485
-0.0140309
-0.0140122
-0.0139935
-0.0139737
-0.0139539
-0.0139331
-0.0139122
-0.0138902
-0.0138682
-0.0138452
-0.0138221
-0.0137981
-0.0137739
-0.0137488
-0.0137235
-0.0136973
-0.013671
-0.0136437
-0.0136164
-0.013588
-0.0135596
-0.0135303
-0.0135008
-0.0134704
-0.0134399
-0.0134084
-0.0133769
-0.0133444
-0.0133119
-0.0132784
-0.0132448
-0.0132104
-0.0131758
-0.0131403
-0.0131048
-0.0130684
-0.0130318
-0.0129944
-0.0129569
-0.0129186
-0.0128801
-0.0128408
-0.0128014
-0.0127612
-0.0127209
-0.0126798
-0.0126386
-0.0125965
-0.0125544
-0.0125115
-0.0124685
-0.0124248
-0.0123809
-0.0123363
-0.0122916
-0.0122461
-0.0122006
-0.0121544
-0.012108
-0.012061
-0.0120139
-0.011966
-0.0119182
-0.0118696
-0.0118209
-0.0117716
-0.0117222
-0.0116722
-0.0116221
-0.0115714
-0.0115206
-0.0114692
-0.0114178
-0.0113657
-0.0113137
-0.011261
-0.0112083
-0.011155
-0.0111017
-0.0110478
-0.010994
-0.0109396
-0.0108851
-0.0108302
-0.0107752
-0.0107198
-0.0106643
-0.0106084
-0.0105524
-0.010496
-0.0104396
-0.0103828
-0.010326
-0.0102687
-0.0102115
-0.0101539
-0.0100963
-0.0100383
-0.0099804
-0.00992207
-0.00986384
-0.00980521
-0.00974668
-0.00968778
-0.00962899
-0.00956984
-0.00951081
-0.00945145
-0.00939221
-0.00933266
-0.00927324
-0.00921352
-0.00915395
-0.0090941
-0.00903441
-0.00897446
-0.00891467
-0.00885464
-0.00879478
-0.00873471
-0.00867482
-0.00861473
-0.00855482
-0.00849475
-0.00843487
-0.00837483
-0.008315
-0.00825503
-0.00819528
-0.00813542
-0.00807577
-0.00801604
-0.00795653
-0.00789695
-0.00783762
-0.00777822
-0.00771908
-0.00765991
-0.007601
-0.00754207
-0.00748341
-0.00742475
-0.00736638
-0.00730803
-0.00724997
-0.00719195
-0.00713423
-0.00707658
-0.00701923
-0.00696196
-0.00690502
-0.00684817
-0.00679165
-0.00673525
-0.00667918
-0.00662326
-0.00656768
-0.00651225
-0.00645718
-0.00640229
-0.00634776
-0.00629342
-0.00623946
-0.00618571
-0.00613234
-0.0060792
-0.00602644
-0.00597394
-0.00592183
-0.00587
-0.00581856
-0.00576741
-0.00571667
-0.00566624
-0.00561622
-0.00556652
-0.00551726
-0.00546832
-0.00541983
-0.00537168
-0.00532398
-0.00527665
-0.00522976
-0.00518326
-0.00513722
-0.00509158
-0.0050464
-0.00500164
-0.00495735
-0.00491349
-0.00487011
-0.00482717
-0.00478471
-0.00474272
-0.00470121
-0.00466018
-0.00461964
-0.00457959
-0.00454004
-0.004501
-0.00446245
-0.00442443
-0.00438691
-0.00434992
-0.00431345
-0.00427751
-0.0042421
-0.00420723
-0.0041729
-0.00413912
-0.00410587
-0.0040732
-0.00404106
-0.0040095
-0.00397849
-0.00394806
-0.00391818
-0.0038889
-0.00386016
-0.00383204
-0.00380446
-0.00377751
-0.0037511
-0.00372533
-0.00370011
-0.00367552
-0.00365149
-0.00362811
-0.00360529
-0.00358311
-0.0035615
-0.00354054
-0.00352015
-0.00350042
-0.00348125
-0.00346276
-0.00344482
-0.00342756
-0.00341087
-0.00339486
-0.00337941
-0.00336464
-0.00335044
-0.00333693
-0.00332399
-0.00331173
-0.00330004
-0.00328904
-0.00327861
-0.00326888
-0.00325971
-0.00325123
-0.00324332
-0.00323611
-0.00322946
-0.00322351
-0.00321813
-0.00321344
-0.00320931
-0.00320588
-0.00320301
-0.00320084
-0.00319922
-0.0031983
-0.00319794
-0.00319827
-0.00319915
-0.00320073
-0.00320285
-0.00320567
-0.00320903
-0.00321308
-0.00321767
-0.00322295
-0.00322877
-0.00323527
-0.0032423
-0.00325001
-0.00325825
-0.00326717
-0.00327661
-0.00328672
-0.00329735
-0.00330865
-0.00332046
-0.00333293
-0.00334591
-0.00335955
-0.00337369
-0.00338847
-0.00340376
-0.00341969
-0.00343611
-0.00345317
-0.00347071
-0.00348888
-0.00350753
-0.0035268
-0.00354655
-0.00356691
-0.00358774
-0.00360916
-0.00363106
-0.00365354
-0.00367649
-0.00370001
-0.00372399
-0.00374854
-0.00377354
-0.0037991
-0.0038251
-0.00385165
-0.00387863
-0.00390615
-0.0039341
-0.00396258
-0.00399148
-0.0040209
-0.00405073
-0.00408106
-0.0041118
-0.00414304
-0.00417467
-0.00420679
-0.0042393
-0.00427227
-0.00430564
-0.00433945
-0.00437365
-0.00440828
-0.00444329
