-0.000576923
-0.00059581
-0.000604513
-0.00060234
-0.00061039
-0.000595866
-0.000592872
-0.000572649
-0.00056558
-0.000542267
-0.000532842
-0.000509291
-0.000498962
-0.000475056
-0.000464961
-0.000441133
-0.000431835
-0.000408504
-0.000400245
-0.000377704
-0.000370602
-0.000349031
-0.00034314
-0.000322643
-0.000317983
-0.000298611
-0.000295182
-0.000276957
-0.000274746
-0.000257669
-0.000256659
-0.00024072
-0.000240887
-0.00022607
-0.000227392
-0.000213675
-0.000216128
-0.00020349
-0.000207052
-0.000195468
-0.000200116
-0.000189564
-0.000195277
-0.000185734
-0.000192491
-0.000183933
-0.000191714
-0.000184121
-0.000192908
-0.000186257
-0.00019603
-0.000190302
-0.000201043
-0.000196216
-0.00054846
-0.00051145
-0.000506202
-0.000469167
-0.000486048
-0.000466927
-0.000476411
-0.000455757
-0.000471844
-0.000454369
-0.000472917
-0.00045827
-0.00047819
-0.000465581
-0.000486421
-0.000475202
-0.000496704
-0.000486414
-0.00050841
-0.000498728
-0.000521101
-0.000511805
-0.000534474
-0.000525408
-0.000548312
-0.000539367
-0.000562463
-0.000553557
-0.000576812
-0.000567886
-0.000591275
-0.000582284
-0.000605786
-0.000596696
-0.000620295
-0.000611075
-0.00063476
-0.000625387
-0.000649146
-0.000639599
-0.000663424
-0.000653685
-0.00067757
-0.000667622
-0.00069156
-0.00068139
-0.000705377
-0.00069497
-0.000719003
-0.000708347
-0.000732423
-0.000721505
-0.000745624
-0.000734432
-0.000758592
-0.000747116
-0.000771318
-0.000759548
-0.000783792
-0.000771717
-0.000796006
-0.000783617
-0.000807951
-0.000795239
-0.000819623
-0.000806579
-0.000831015
-0.00081763
-0.000842123
-0.000828389
-0.000852943
-0.000838851
-0.000863471
-0.000849015
-0.000873707
-0.000858878
-0.000883648
-0.000868438
-0.000893293
-0.000877696
-0.000902642
-0.00088665
-0.000911695
-0.000895301
-0.000920452
-0.000903649
-0.000928916
-0.000911697
-0.000937087
-0.000919446
-0.000944968
-0.000926897
-0.000952562
-0.000934055
-0.00095987
-0.000940921
-0.000966897
-0.000947498
-0.000973645
-0.000953792
-0.00098012
-0.000959804
-0.000986324
-0.00096554
-0.000992262
-0.000971004
-0.000997939
-0.0009762
-0.00100336
-0.000981134
-0.00100853
-0.00098581
-0.00101345
-0.000990233
-0.00101813
-0.000994409
-0.00102258
-0.000998344
-0.0010268
-0.00100204
-0.00103079
-0.00100551
-0.00103456
-0.00100875
-0.00103812
-0.00101178
-0.00104148
-0.00101459
-0.00104463
-0.00101719
-0.00104759
-0.0010196
-0.00105036
-0.0010218
-0.00105295
-0.00102382
-0.00105535
-0.00102566
-0.00105759
-0.00102732
-0.00105966
-0.00102881
-0.00106158
-0.00103013
-0.00106334
-0.00103129
-0.00106495
-0.0010323
-0.00106642
-0.00103316
-0.00106776
-0.00103389
-0.00106896
-0.00103447
-0.00107004
-0.00103492
-0.00107099
-0.00103525
-0.00107184
-0.00103546
-0.00107257
-0.00103555
-0.0010732
-0.00103554
-0.00107373
-0.00103542
-0.00107417
-0.0010352
-0.00107451
-0.00103489
-0.00107477
-0.00103448
-0.00107495
-0.00103399
-0.00107505
-0.00103342
-0.00107507
-0.00103277
-0.00107503
-0.00103205
-0.00107492
-0.00103126
-0.00107475
-0.0010304
-0.00107452
-0.00102948
-0.00107424
-0.00102567
-0.00108088
-0.0010261
-0.00108406
-0.0010274
-0.00108652
-0.00102886
-0.00108879
-0.00103027
-0.00109095
-0.00103162
-0.00109302
-0.00103288
-0.001095
-0.00103405
-0.00109691
-0.00103515
-0.00109873
-0.00103616
-0.00110047
-0.0010371
-0.00110213
-0.00103796
-0.00110371
-0.00103874
-0.00110522
-0.00103946
-0.00110665
-0.00104011
-0.00110802
-0.00104068
-0.0011093
-0.0010412
-0.00111052
-0.00104164
-0.00111167
-0.00104203
-0.00111275
-0.00104234
-0.00111375
-0.0010426
-0.00111469
-0.00104279
-0.00111555
-0.00104291
-0.00111634
-0.00104298
-0.00111706
-0.00104297
-0.0011177
-0.0010429
-0.00111827
-0.00104276
-0.00111875
-0.00104256
-0.00111916
-0.00104228
-0.00111948
-0.00104193
-0.00111971
-0.0010415
-0.00111986
-0.001041
-0.00111992
-0.00104042
-0.00111988
-0.00103976
-0.00111975
-0.00103901
-0.00111951
-0.00103818
-0.00111918
-0.00103725
-0.00111873
-0.00103624
-0.00111817
-0.00103512
-0.0011175
-0.00103391
-0.00111671
-0.0010326
-0.0011158
-0.00103117
-0.00111477
-0.00102964
-0.0011136
-0.001028
-0.0011123
-0.00102624
-0.00111086
-0.00102435
-0.00110928
-0.00102235
-0.00110756
-0.00102021
-0.00110568
-0.00101795
-0.00110366
-0.00101555
-0.00110147
-0.00101302
-0.00109912
-0.00101034
-0.00109661
-0.00100751
-0.00109393
-0.00100454
-0.00109108
-0.00100142
-0.00108805
-0.000998142
-0.00108484
-0.000994707
-0.00108145
-0.00099111
-0.00107788
-0.00098735
-0.00107411
-0.000983423
-0.00107016
-0.000979327
-0.00106601
-0.000975059
-0.00106166
-0.000970617
-0.00105711
-0.000965999
-0.00105237
-0.000961202
-0.00104741
-0.000956226
-0.00104226
-0.000951067
-0.00103689
-0.000945726
-0.00103132
-0.000940199
-0.00102554
-0.000934487
-0.00101954
-0.000928589
-0.00101334
-0.000922503
-0.00100692
-0.000916229
-0.00100029
-0.000909767
-0.000993446
-0.000903118
-0.000986391
-0.00089628
-0.000979124
-0.000889255
-0.000971645
-0.000882044
-0.000963956
-0.000874646
-0.000956058
-0.000867064
-0.000947952
-0.000859299
-0.00093964
-0.000851352
-0.000931124
-0.000843225
-0.000922406
-0.000834921
-0.000913489
-0.000826441
-0.000904375
-0.000817789
-0.000895067
-0.000808966
-0.000885568
-0.000799977
-0.000875883
-0.000790824
-0.000866014
-0.000781511
-0.000855966
-0.000772041
-0.000845743
-0.000762419
-0.000835349
-0.000752649
-0.000824789
-0.000742735
-0.000814068
-0.000732682
-0.000803191
-0.000722495
-0.000792164
-0.000712178
-0.000780992
-0.000701738
-0.00076968
-0.000691178
-0.000758235
-0.000680505
-0.000746663
-0.000669725
-0.000734971
-0.000658844
-0.000723164
-0.000647867
-0.000711249
-0.000636801
-0.000699234
-0.000625653
-0.000687125
-0.000614428
-0.000674929
-0.000603134
-0.000662655
-0.000591777
-0.000650308
-0.000580364
-0.000637897
-0.000568902
-0.000625429
-0.000557399
-0.000612912
-0.000545861
-0.000600354
-0.000534295
-0.000587762
-0.00052271
-0.000575145
-0.000511111
-0.00056251
-0.000499508
-0.000549866
-0.000487907
-0.000537221
-0.000476316
-0.000524583
-0.000464741
-0.00051196
-0.000453192
-0.000499359
-0.000441675
-0.00048679
-0.000430198
-0.000474261
-0.000418768
-0.000461779
-0.000407392
-0.000449352
-0.00039608
-0.000436989
-0.000384836
-0.000424698
-0.00037367
-0.000412487
-0.000362588
-0.000400363
-0.000351598
-0.000388334
-0.000340706
-0.000376408
-0.00032992
-0.000364593
-0.000319247
-0.000352896
-0.000308693
-0.000341325
-0.000298266
-0.000329886
-0.000287972
-0.000318588
-0.000277817
-0.000307436
-0.000267809
-0.000296439
-0.000257953
-0.000285603
-0.000248255
-0.000274934
-0.000238721
-0.000264438
-0.000229358
-0.000254123
-0.00022017
-0.000243995
-0.000211164
-0.000234058
-0.000202345
-0.00022432
-0.000193718
-0.000214785
-0.000185288
-0.000205459
-0.000177059
-0.000196348
-0.000169037
-0.000187456
-0.000161226
-0.000178788
-0.00015363
-0.000170255
-0.0001464
-0.000162279
-0.000139518
-0.000154637
-0.000132885
-0.000147285
-0.00012652
-0.000140176
-0.000120366
-0.000133268
-0.000114382
-0.000126521
-0.000108526
-0.000119898
-0.000102763
-0.000113363
-9.71393e-05
-0.000105871
-9.39205e-05
-0.000101949
-8.83216e-05
-9.70839e-05
-8.3804e-05
-9.19423e-05
-7.9291e-05
-8.56409e-05
-7.70301e-05
-8.29111e-05
-7.27171e-05
-7.91087e-05
-6.91772e-05
-7.39621e-05
-6.7575e-05
-7.20448e-05
-6.42427e-05
-6.9014e-05
-6.14232e-05
-6.45772e-05
-6.04395e-05
-6.34916e-05
-5.79634e-05
-6.12454e-05
-5.58542e-05
-5.75228e-05
-5.5498e-05
-5.72663e-05
-5.38648e-05
-5.58053e-05
-5.24672e-05
-5.2793e-05
-5.27464e-05
-5.33687e-05
-5.19418e-05
-5.2689e-05
-5.12533e-05
-5.03842e-05
-5.22074e-05
-5.17247e-05
-5.20945e-05
-5.09673e-05
-5.35493e-05
-5.27172e-05
-5.41264e-05
-5.23812e-05
-5.60263e-05
-5.45583e-05
-5.69835e-05
-5.46369e-05
-5.93001e-05
-5.7239e-05
-6.0617e-05
-5.77268e-05
-6.33454e-05
-6.07595e-05
-6.50238e-05
-6.16533e-05
-6.81604e-05
-6.51175e-05
-7.02015e-05
-6.64141e-05
-7.37414e-05
-7.03071e-05
-7.61447e-05
-7.20023e-05
-8.0081e-05
-7.63182e-05
-8.28439e-05
-7.84066e-05
-8.7168e-05
-8.31372e-05
-9.02859e-05
-8.56117e-05
-9.49877e-05
-9.07461e-05
-9.84541e-05
-9.35982e-05
-0.000103522
-9.91236e-05
-0.000107328
-0.000102343
-0.000112749
-0.000108245
-0.000116885
-0.00011182
-0.000122644
-0.000118082
-0.0001271
-0.000122
-0.00013318
-0.000128605
-0.000137942
-0.000132851
-0.000144328
-0.000139781
-0.000149382
-0.000144338
-0.000156056
-0.000151573
-0.000161387
-0.000156426
-0.00016833
-0.000163944
-0.000173922
-0.000169074
-0.000181114
-0.000176856
-0.00018695
-0.000182244
-0.000194372
-0.000190266
-0.000200435
-0.000195892
-0.000208066
-0.000204133
-0.000214335
-0.000209977
-0.000222154
-0.000218413
-0.000228612
-0.000224452
-0.000236598
-0.000233061
-0.000243224
-0.000239274
-0.000251356
-0.000248032
-0.00025813
-0.000254397
-0.000266385
-0.000263278
-0.000273286
-0.000269772
-0.000281643
-0.000278755
-0.000288651
-0.000285354
-0.000297087
-0.000294413
-0.00030418
-0.000301095
-0.000312675
-0.000310207
-0.000319831
-0.000316947
-0.000328362
-0.000326088
-0.000335561
-0.000332862
-0.000344106
-0.000342009
-0.000351325
-0.000348794
-0.000359864
-0.000357923
-0.000367083
-0.000364696
-0.000375593
-0.000373783
-0.000382789
-0.00038052
-0.000391251
-0.000389543
-0.000398404
-0.000396221
-0.000406796
-0.000405157
-0.000413885
-0.000411752
-0.000422188
-0.00042058
-0.000429191
-0.000427071
-0.000437385
-0.000435767
-0.000444282
-0.000442132
-0.000452349
-0.000450676
-0.00045912
-0.000456893
-0.000467041
-0.000465265
-0.000473666
-0.000471312
-0.000481424
-0.000479491
-0.000487883
-0.000485349
-0.000495461
-0.000493316
-0.000501736
-0.000498965
-0.000509116
-0.0005067
-0.00051519
-0.000512122
-0.000522357
-0.000519607
-0.000528211
-0.000524783
-0.000535151
-0.000532002
-0.000540767
-0.000536913
-0.000547466
-0.000543849
-0.000552829
-0.00054848
-0.000559273
-0.000555118
-0.000564368
-0.000559451
-0.000570544
-0.000565776
-0.000575355
-0.000569797
-0.000581252
-0.000575796
-0.000585765
-0.000579489
-0.000591374
-0.00058515
-0.000595575
-0.000588503
-0.000600884
-0.000593814
-0.000604763
-0.000596812
-0.000609763
-0.000601763
-0.000613307
-0.000604397
-0.000617991
-0.000608978
-0.000621189
-0.000611235
-0.00062555
-0.000615438
-0.000628392
-0.000617307
-0.000632423
-0.000621126
-0.000634901
-0.000622599
-0.000638598
-0.000625598
-0.000641559
-0.000628318
-0.000644673
-0.000630781
-0.00064762
-0.000633015
-0.000650377
-0.000635028
-0.000652936
-0.000636819
-0.000655295
-0.000638396
-0.000657453
-0.000639756
-0.000659411
-0.000640893
-0.000661168
-0.000641805
-0.000662724
-0.000642495
-0.000664079
-0.000642961
-0.000665235
-0.000643205
-0.000666192
-0.000643228
-0.00066695
-0.000643031
-0.00066751
-0.000642614
-0.000667874
-0.000641978
-0.000668043
-0.000641125
-0.000668017
-0.000640057
-0.000667797
-0.000638773
-0.000667385
-0.000637275
-0.000666781
-0.000635564
-0.000665988
-0.000633643
-0.000665007
-0.000631513
-0.000663838
-0.000629175
-0.000662484
-0.000626631
-0.000660945
-0.000623883
-0.000659224
-0.000620932
-0.000657323
-0.000617781
-0.000655242
-0.000614432
-0.000652984
-0.000610887
-0.00065055
-0.000607147
-0.000647942
-0.000603215
-0.000645163
-0.000599094
-0.000642214
-0.000594785
-0.000639096
-0.000590292
-0.000635814
-0.000585615
-0.000632367
-0.000580759
-0.000628759
-0.000575726
-0.000624991
-0.000570517
-0.000621067
-0.000565137
-0.000616987
-0.000559587
-0.000612755
-0.00055387
-0.000608372
-0.00054799
-0.000603842
-0.000541949
-0.000599166
-0.00053575
-0.000594347
-0.000529396
-0.000589387
-0.000522889
-0.000584289
-0.000516234
-0.000579056
-0.000509433
-0.000573689
-0.00050249
-0.000568192
-0.000495406
-0.000562566
-0.000488186
-0.000556815
-0.000480834
-0.000550943
-0.000473355
-0.000544954
-0.000465749
-0.000538847
-0.000458016
-0.000532622
-0.000450166
-0.000526287
-0.000442202
-0.000519846
-0.000434124
-0.000513295
-0.000425934
-0.000506639
-0.000417637
-0.00049988
-0.000409236
-0.000493022
-0.000400736
-0.000486068
-0.000392141
-0.00047902
-0.000383454
-0.000471882
-0.000374679
-0.000464658
-0.00036582
-0.000457349
-0.000356882
-0.000449959
-0.000347868
-0.000442493
-0.000338786
-0.000434955
-0.000329643
-0.000427353
-0.000320453
-0.000419699
-0.000311255
-0.00041203
-0.000293821
-0.000414813
-0.000292471
-0.000414628
-0.000290375
-0.000413568
-0.000287808
-0.000411941
-0.00028479
-0.000409864
-0.000281383
-0.000407407
-0.00027764
-0.000404621
-0.000273602
-0.000401543
-0.000269299
-0.0003982
-0.000264756
-0.000394613
-0.000259993
-0.000390799
-0.000255025
-0.000386774
-0.000249868
-0.000382551
-0.000244532
-0.000378139
-0.000239031
-0.000373551
-0.000233373
-0.000368794
-0.000227569
-0.000363878
-0.000221627
-0.000358811
-0.000215556
-0.0003536
-0.000209364
-0.000348252
-0.000203059
-0.000342774
-0.000196647
-0.000337173
-0.000190137
-0.000331454
-0.000183534
-0.000325624
-0.000176844
-0.000319688
-0.000170075
-0.000313651
-0.000163232
-0.00030752
-0.000156321
-0.000301297
-0.000149347
-0.00029499
-0.000142316
-0.000288601
-0.000135232
-0.000282135
-0.000128101
-0.000275597
-0.000120927
-0.00026899
-0.000113716
-0.000262319
-0.000106471
-0.000255587
-9.91968e-05
-0.000248799
-9.18982e-05
-0.000241956
-8.45789e-05
-0.000235064
-7.72431e-05
-0.000228126
-6.98946e-05
-0.000221144
-6.25372e-05
-0.000214122
-5.51747e-05
-0.000207062
-4.78106e-05
-0.000199969
-4.04486e-05
-0.000192845
-3.30922e-05
-0.000185693
-2.57447e-05
-0.000178515
-1.84095e-05
-0.000171315
-1.10899e-05
-0.000164095
-3.78911e-06
-0.000156859
3.48963e-06
-0.000149608
1.07432e-05
-0.000142346
1.79685e-05
-0.000135074
2.51625e-05
-0.000127797
3.23221e-05
-0.000120515
3.94444e-05
-0.000113233
4.65263e-05
-0.000105952
5.35651e-05
-9.86746e-05
6.05576e-05
-9.14042e-05
6.75011e-05
-8.4143e-05
7.43927e-05
-7.68936e-05
8.12296e-05
-6.96585e-05
8.80088e-05
-6.24403e-05
9.47276e-05
-5.52416e-05
0.000101383
-4.80649e-05
0.000107973
-4.0913e-05
0.000114493
-3.37884e-05
0.000120943
-2.66938e-05
0.000127317
-1.96317e-05
0.000133615
-1.26049e-05
0.000139833
-5.61612e-06
0.000145968
1.33206e-06
0.000152018
8.23688e-06
0.00015798
1.50956e-05
0.000163851
2.19055e-05
0.000169629
2.86638e-05
0.00017531
3.53677e-05
0.000180893
4.20144e-05
0.000186374
4.86011e-05
0.000191751
5.5125e-05
0.000197021
6.15832e-05
0.000202182
6.79729e-05
0.000207231
7.42912e-05
0.000212164
8.05353e-05
0.000216981
8.67022e-05
0.000221678
9.27891e-05
0.000226252
9.87931e-05
0.000230702
0.000104711
0.000235024
0.000110541
0.000239216
0.000116279
0.000243277
0.000121922
0.000247202
0.000127468
0.00025099
0.000132914
0.000254639
0.000138257
0.000258147
0.000143493
0.00026151
0.000148621
0.000264727
0.000153638
0.000267796
0.00015854
0.000270715
0.000163324
0.000273481
0.000167989
0.000276093
0.000172529
0.000278548
0.000176944
0.000280845
0.000181232
0.000282982
0.000185388
0.000284957
0.000189412
0.000286768
0.000193301
0.000288415
0.000197051
0.000289895
0.000200662
0.000291207
0.00020413
0.000292349
0.000207452
0.000293321
0.000210628
0.00029412
0.000213655
0.000294747
0.00021653
0.000295199
0.000219251
0.000295476
0.000221818
0.000295577
0.000224227
0.000295502
0.000226477
0.000295248
0.000228566
0.000294817
0.000230493
0.000294207
0.000232256
0.000293418
0.000233854
0.000292449
0.000235285
0.000291301
0.000236548
0.000289973
0.000237642
0.000288466
0.000238566
0.000286779
0.000239318
0.000284912
0.000239899
0.000282867
0.000240306
0.000280643
0.00024054
0.000278241
0.0002406
0.000275661
0.000240485
0.000272904
0.000240194
0.000269802
0.000240504
0.000265554
0.000239481
0.000263574
0.000239176
0.000259174
0.000237761
0.00025667
0.000236638
0.00025313
0.000235271
0.000249979
0.000231138
0.000249359
0.000226657
0.000247677
0.000222008
0.000245645
0.000217513
0.000242047
0.000211922
0.000240535
0.000206268
0.000237643
0.000200423
0.000234383
0.000194309
0.000230835
0.000187923
0.000227016
0.000181321
0.000222941
0.000174494
0.000218613
0.000167447
0.000214038
0.000160189
0.000209225
0.000152725
0.000204177
0.000145063
0.000198903
0.000137212
0.000193409
0.000129177
0.000187701
0.000120967
0.000181785
0.00011259
0.000175668
0.000104051
0.000169357
9.53578e-05
0.000162857
8.65181e-05
0.000156174
7.75383e-05
0.000149316
6.84254e-05
0.000142287
5.91859e-05
0.000135094
4.98266e-05
0.000127743
4.03541e-05
0.00012024
3.07748e-05
0.00011259
2.10952e-05
0.0001048
1.13216e-05
9.68751e-05
1.4603e-06
8.88215e-05
-8.48247e-06
8.06448e-05
-1.85005e-05
7.23507e-05
-2.85878e-05
6.39449e-05
-3.87383e-05
5.54331e-05
-4.8946e-05
4.68209e-05
-5.92049e-05
3.8114e-05
-6.95093e-05
2.93178e-05
-7.98534e-05
2.0438e-05
-9.02313e-05
1.148e-05
-0.000100637
2.44951e-06
-0.000111066
-6.64812e-06
-0.000121512
-1.58074e-05
-0.000131969
-2.50229e-05
-0.000142432
-3.42892e-05
-0.000152896
-4.3601e-05
-0.000163355
-5.29528e-05
-0.000173804
-6.23394e-05
-0.000184238
-7.17555e-05
-0.000194651
-8.11958e-05
-0.000205039
-9.0655e-05
-0.000215397
-0.000100128
-0.000225718
-0.00010961
-0.000235999
-0.000119095
-0.000246235
-0.000128578
-0.000256421
-0.000138055
-0.000266551
-0.00014752
-0.000276622
-0.000156968
-0.000286629
-0.000166395
-0.000296567
-0.000175795
-0.000306431
-0.000185163
-0.000316218
-0.000194496
-0.000325923
-0.000203787
-0.000335541
-0.000213033
-0.000345069
-0.000222229
-0.000354503
-0.000231369
-0.000363838
-0.000240451
-0.00037307
-0.000249468
-0.000382195
-0.000258417
-0.00039121
-0.000267293
-0.000400111
-0.000276092
-0.000408895
-0.000284809
-0.000417557
-0.000293441
-0.000426094
-0.000301984
-0.000434503
-0.000310433
-0.00044278
-0.000318784
-0.000450923
-0.000327034
-0.000458928
-0.000335178
-0.000466792
-0.000343214
-0.000474512
-0.000351136
-0.000482085
-0.000358942
-0.000489508
-0.000366629
-0.00049678
-0.000374192
-0.000503896
-0.000381628
-0.000510856
-0.000388935
-0.000517655
-0.000396108
-0.000524293
-0.000403145
-0.000530766
-0.000410043
-0.000537074
-0.0004168
-0.000543212
-0.000423411
-0.000549181
-0.000429874
-0.000554978
-0.000436188
-0.000560601
-0.000442349
-0.000566049
-0.000448354
-0.000571319
-0.000454202
-0.000576412
-0.000459891
-0.000581326
-0.000465417
-0.000586058
-0.00047078
-0.000590609
-0.000475977
-0.000594977
-0.000481006
-0.000599162
-0.000485866
-0.000603162
-0.000490554
-0.000606977
-0.00049507
-0.000610606
-0.000499412
-0.00061405
-0.000503579
-0.000617306
-0.000507569
-0.000620376
-0.000511381
-0.000623259
-0.000515015
-0.000625955
-0.000518469
-0.000628464
-0.000521742
-0.000630786
-0.000524834
-0.000632922
-0.000527744
-0.00063487
-0.000530472
-0.000636633
-0.000533017
-0.000638211
-0.000535379
-0.000639604
-0.000537558
-0.000640812
-0.000539553
-0.000641837
-0.000541365
-0.000642679
-0.000542993
-0.00064334
-0.000544437
-0.00064382
-0.000545699
-0.000644121
-0.000546778
-0.000644243
-0.000547675
-0.000644188
-0.00054839
-0.000643958
-0.000548924
-0.000643553
-0.000549278
-0.000642976
-0.000549452
-0.000642228
-0.000549447
-0.00064131
-0.000549265
-0.000640224
-0.000548905
-0.000638973
-0.000548371
-0.000637557
-0.000547662
-0.00063598
-0.00054678
-0.000634242
-0.000545726
-0.000632347
-0.000544502
-0.000630295
-0.000543109
-0.00062809
-0.00054155
-0.000625733
-0.000539824
-0.000623227
-0.000537936
-0.000620574
-0.000535885
-0.000617777
-0.000533675
-0.000614838
-0.000531306
-0.00061176
-0.000528782
-0.000608544
-0.000526103
-0.000605194
-0.000523273
-0.000601713
-0.000520293
-0.000598102
-0.000517166
-0.000594366
-0.000513894
-0.000590505
-0.00051048
-0.000586524
-0.000506925
-0.000582425
-0.000503232
-0.000578211
-0.000499404
-0.000573884
-0.000495444
-0.000569449
-0.000491354
-0.000564906
-0.000487136
-0.000560261
-0.000482794
-0.000555515
-0.000478329
-0.000550671
-0.000473746
-0.000545733
-0.000469047
-0.000540704
-0.000464234
-0.000535586
-0.000459311
-0.000530383
-0.00045428
-0.000525098
-0.000449145
-0.000519733
-0.000443909
-0.000514293
-0.000438574
-0.00050878
-0.000433143
-0.000503196
-0.000427621
-0.000497546
-0.000422009
-0.000491833
-0.000416311
-0.000486059
-0.00041053
-0.000480228
-0.00040467
-0.000474342
-0.000398733
-0.000468405
-0.000392723
-0.000462421
-0.000386644
-0.000456391
-0.000380497
-0.00045032
-0.000374287
-0.000444209
-0.000368017
-0.000438064
-0.00036169
-0.000431885
-0.000355309
-0.000425678
-0.000348878
-0.000419443
-0.000342401
-0.000413186
-0.000335879
-0.000406907
-0.000329318
-0.000400612
-0.000322719
-0.000394302
-0.000316087
-0.00038798
-0.000309424
-0.00038165
-0.000302734
-0.000375314
-0.000296021
-0.000368976
-0.000289287
-0.000362637
-0.000282536
-0.000356301
-0.00027577
-0.000349971
-0.000268995
-0.000343649
-0.000262212
-0.000337339
-0.000255424
-0.000331042
-0.000248636
-0.000324762
-0.00024185
-0.000318501
-0.00023507
-0.000312262
-0.000228298
-0.000306047
-0.000221537
-0.000299859
-0.000214791
-0.0002937
-0.000208064
-0.000287573
-0.000201357
-0.00028148
-0.000194673
-0.000275423
-0.000188017
-0.000269405
-0.00018139
-0.000263428
-0.000174796
-0.000257495
-0.000168238
-0.000251606
-0.000161717
-0.000245765
-0.000155238
-0.000239974
-0.000148802
-0.000234234
-0.000142413
-0.000228548
-0.000136074
-0.000222917
-0.000129785
-0.000217344
-0.000123551
-0.000211829
-0.000117374
-0.000206375
-0.000111256
-0.000200983
-0.0001052
-0.000195656
-9.92068e-05
-0.000190394
-9.32802e-05
-0.000185199
-8.74219e-05
-0.000180073
-8.1634e-05
-0.000175016
-7.59187e-05
-0.000170031
-7.0278e-05
-0.000165118
-6.47139e-05
-0.000160279
-5.92281e-05
-0.000155514
-5.38226e-05
-0.000150825
-4.84992e-05
-0.000146213
-4.32594e-05
-0.000141679
-3.8105e-05
-0.000137223
-3.30375e-05
-0.000132847
-2.80584e-05
-0.000128551
-2.31691e-05
-0.000124335
-1.8371e-05
-0.000120201
-1.36653e-05
-0.000116148
-9.05322e-06
-0.000112178
-4.53592e-06
-0.000108291
-1.14462e-07
-0.000104487
4.21019e-06
-0.000100766
8.43711e-06
-9.71287e-05
1.25655e-05
-9.35751e-05
1.65945e-05
-9.01052e-05
2.05235e-05
-8.67192e-05
2.43518e-05
-8.34168e-05
2.8079e-05
-8.01981e-05
3.17044e-05
-7.70628e-05
3.52278e-05
-7.40108e-05
3.86488e-05
-7.10416e-05
4.19671e-05
-6.81551e-05
4.51826e-05
-6.53507e-05
4.82951e-05
-6.2628e-05
5.13045e-05
-5.99865e-05
5.4211e-05
-5.74256e-05
5.70144e-05
-5.49446e-05
5.97152e-05
-5.2543e-05
6.23133e-05
-5.02198e-05
6.48091e-05
-4.79745e-05
6.7203e-05
-4.58061e-05
6.94954e-05
-4.37137e-05
7.16866e-05
-4.16965e-05
7.37773e-05
-3.97534e-05
7.57681e-05
-3.78835e-05
7.76594e-05
-3.60856e-05
7.94521e-05
-3.43588e-05
8.11469e-05
-3.27019e-05
8.27446e-05
-3.11136e-05
8.4246e-05
-2.95929e-05
8.56521e-05
-2.81385e-05
8.69636e-05
-2.67491e-05
8.81818e-05
-2.54234e-05
8.93075e-05
-2.41602e-05
9.03419e-05
-2.2958e-05
9.1286e-05
-2.18155e-05
9.2141e-05
-2.07314e-05
9.29081e-05
-1.97041e-05
9.35886e-05
-1.87324e-05
9.41835e-05
-1.78146e-05
9.46943e-05
-1.69495e-05
9.51223e-05
-1.61354e-05
9.54687e-05
-1.5371e-05
9.5735e-05
-1.46547e-05
9.59225e-05
-1.39851e-05
9.60326e-05
-1.33606e-05
9.60668e-05
-1.27797e-05
9.60265e-05
-1.22409e-05
9.59132e-05
-1.17427e-05
9.57283e-05
-1.12836e-05
9.54734e-05
-1.08621e-05
9.51499e-05
-1.04766e-05
9.47593e-05
-1.01257e-05
9.43032e-05
-9.80783e-06
9.37831e-05
-9.52157e-06
9.32006e-05
-9.26541e-06
9.2557e-05
-9.03788e-06
9.18541e-05
-8.83754e-06
9.10933e-05
-8.66294e-06
9.02762e-05
-8.51266e-06
8.94044e-05
-8.38528e-06
8.84792e-05
-8.27941e-06
8.75024e-05
-8.19369e-06
8.64753e-05
-8.12675e-06
8.53996e-05
-8.07725e-06
8.42767e-05
-8.0439e-06
8.31081e-05
-8.02539e-06
8.18954e-05
-8.02046e-06
8.064e-05
-8.02787e-06
7.93434e-05
-8.04641e-06
7.80071e-05
-8.07487e-06
7.66324e-05
-8.1121e-06
7.52209e-05
-8.15696e-06
7.3774e-05
-8.20835e-06
7.2293e-05
-8.26519e-06
7.07793e-05
-8.32642e-06
6.92344e-05
-8.39103e-06
6.76595e-05
-8.45805e-06
6.6056e-05
-8.5265e-06
6.44252e-05
-8.59548e-06
6.27685e-05
-8.66409e-06
6.1087e-05
-8.73147e-06
5.93821e-05
-8.79682e-06
5.76549e-05
-8.85935e-06
5.59068e-05
-8.91829e-06
5.41388e-05
-8.97295e-06
5.23521e-05
-9.02264e-06
5.0548e-05
-9.06672e-06
4.87275e-05
-9.11774e-06
4.69064e-05
-9.12315e-06
4.51168e-05
-9.04446e-06
4.33914e-05
-8.84964e-06
4.17618e-05
-8.50745e-06
4.03067e-05
-8.05441e-06
3.90087e-05
-7.64365e-06
3.7559e-05
-7.2949e-06
3.60137e-05
-7.00718e-06
3.4386e-05
-6.78247e-06
3.26779e-05
-6.62119e-06
3.07242e-05
-5.46969e-06
2.68057e-05
-6.34396e-06
2.6643e-05
-5.49401e-06
2.28348e-05
-6.52809e-06
2.24535e-05
-5.7509e-06
1.86133e-05
-6.89869e-06
1.80492e-05
-6.16442e-06
1.42065e-05
-7.40417e-06
1.34633e-05
-6.6976e-06
9.76204e-06
-8.65442e-06
1.03475e-05
-9.88214e-06
8.26977e-06
-1.34525e-05
9.1882e-06
-1.49717e-05
6.74596e-06
-1.89124e-05
7.55029e-06
-2.05387e-05
4.77234e-06
-2.47913e-05
5.86658e-06
-2.82059e-05
4.86026e-06
-3.1515e-05
3.60015e-06
-3.4843e-05
2.26139e-06
-3.82141e-05
8.62148e-07
-4.16336e-05
-5.9682e-07
-4.51029e-05
-2.1156e-06
-4.86211e-05
-3.69353e-06
-5.21868e-05
-5.32934e-06
-5.57979e-05
-7.02136e-06
-5.94518e-05
-8.76773e-06
-6.31461e-05
-1.05665e-05
-6.6878e-05
-1.24157e-05
-7.0645e-05
-1.43133e-05
-7.44443e-05
-1.62575e-05
-7.82735e-05
-1.82464e-05
-8.21301e-05
-2.02784e-05
-8.60117e-05
-2.23516e-05
-8.99161e-05
-2.44647e-05
-9.3841e-05
-2.6616e-05
-9.77845e-05
-2.88042e-05
-0.000101744
-3.1028e-05
-0.000105719
-3.32861e-05
-0.000109706
-3.55773e-05
-0.000113704
-3.79006e-05
-0.000117712
-4.02549e-05
-0.000121727
-4.26392e-05
-0.000125748
-4.50525e-05
-0.000129774
-4.74941e-05
-0.000133803
-4.9963e-05
-0.000137834
-5.24584e-05
-0.000141865
-5.49797e-05
-0.000145896
-5.7526e-05
-0.000149925
-6.00967e-05
-0.00015395
-6.26911e-05
-0.000157971
-6.53085e-05
-0.000161987
-6.79484e-05
-0.000165996
-7.061e-05
-0.000169997
-7.32929e-05
-0.00017399
-7.59963e-05
-0.000177972
-7.87197e-05
-0.000181945
-8.14625e-05
-0.000185905
-8.42241e-05
-0.000189852
-8.70039e-05
-0.000193786
-8.98012e-05
-0.000197705
-9.26155e-05
-0.000201609
-9.54462e-05
-0.000205495
-9.82925e-05
-0.000209364
-0.000101154
-0.000213215
-0.000104029
-0.000217046
-0.000106919
-0.000220856
-0.000109821
-0.000224644
-0.000112735
-0.000228411
-0.00011566
-0.000232153
-0.000118596
-0.000235871
-0.000121542
-0.000239563
-0.000124496
-0.000243228
-0.000127458
-0.000246865
-0.000130427
-0.000250473
-0.000133402
-0.000254051
-0.000136381
-0.000257598
-0.000139364
-0.000261112
-0.00014235
-0.000264593
-0.000145338
-0.000268039
-0.000148325
-0.000271448
-0.000151312
-0.000274821
-0.000154297
-0.000278154
-0.000157278
-0.000281448
-0.000160254
-0.0002847
-0.000163224
-0.00028791
-0.000166186
-0.000291076
-0.00016914
-0.000294197
-0.000172082
-0.00029727
-0.000175013
-0.000300296
-0.00017793
-0.000303272
-0.000180832
-0.000306197
-0.000183716
-0.00030907
-0.000186583
-0.000311888
-0.000189429
-0.000314651
-0.000192253
-0.000317358
-0.000195054
-0.000320006
-0.000197829
-0.000322594
-0.000200578
-0.00032512
-0.000203298
-0.000327584
-0.000205987
-0.000329984
-0.000208643
-0.000332318
-0.000211266
-0.000334584
-0.000213852
-0.000336782
-0.000216401
-0.000338909
-0.00021891
-0.000340965
-0.000221377
-0.000342949
-0.000223802
-0.000344857
-0.000226181
-0.00034669
-0.000228514
-0.000348446
-0.000230798
-0.000350123
-0.000233032
-0.000351721
-0.000235214
-0.000353238
-0.000237342
-0.000354673
-0.000239415
-0.000356024
-0.000241431
-0.000357291
-0.000243388
-0.000358473
-0.000245285
-0.000359568
-0.00024712
-0.000360575
-0.000248892
-0.000361494
-0.000250599
-0.000362324
-0.00025224
-0.000363064
-0.000253813
-0.000363713
-0.000255318
-0.00036427
-0.000256752
-0.000364735
-0.000258116
-0.000365108
-0.000259406
-0.000365387
-0.000260624
-0.000365572
-0.000261766
-0.000365664
-0.000262833
-0.000365661
-0.000263824
-0.000365564
-0.000264737
-0.000365371
-0.000265573
-0.000365085
-0.000266329
-0.000364703
-0.000267006
-0.000364227
-0.000267603
-0.000363656
-0.00026812
-0.000362991
-0.000268555
-0.000362232
-0.00026891
-0.00036138
-0.000269183
-0.000360435
-0.000269374
-0.000359397
-0.000269484
-0.000358267
-0.000269511
-0.000357046
-0.000269457
-0.000355735
-0.000269321
-0.000354335
-0.000269104
-0.000352846
-0.000268805
-0.000351269
-0.000268426
-0.000349607
-0.000267966
-0.000347859
-0.000267425
-0.000346027
-0.000266806
-0.000344112
-0.000266107
-0.000342117
-0.00026533
-0.000340041
-0.000264475
-0.000337887
-0.000263544
-0.000335657
-0.000262537
-0.000333351
-0.000261455
-0.000330972
-0.000260299
-0.000328522
-0.00025907
-0.000326001
-0.000257769
-0.000323413
-0.000256398
-0.000320759
-0.000254957
-0.00031804
-0.000253448
-0.000315259
-0.000251872
-0.000312418
-0.000250231
-0.000309519
-0.000248525
-0.000306565
-0.000246757
-0.000303556
-0.000244927
-0.000300495
-0.000243037
-0.000297385
-0.000241089
-0.000294228
-0.000239085
-0.000291025
-0.000237025
-0.00028778
-0.000234911
-0.000284495
-0.000232745
-0.000281173
-0.00023053
-0.000277813
-0.000228265
-0.00027442
-0.000225953
-0.000270995
-0.000223595
-0.000267541
-0.000221193
-0.000264059
-0.000218749
-0.000260552
-0.000216265
-0.000257022
-0.000213741
-0.000253471
-0.00021118
-0.000249902
-0.000208584
-0.000246317
-0.000205953
-0.000242717
-0.00020329
-0.000239105
-0.000200596
-0.000235483
-0.000197873
-0.000231853
-0.000195122
-0.000228217
-0.000192345
-0.000224576
-0.000189543
-0.000220934
-0.000186719
-0.000217291
-0.000183873
-0.00021365
-0.000181007
-0.000210012
-0.000178122
-0.00020638
-0.000175221
-0.000202754
-0.000172303
-0.000199138
-0.000169372
-0.000195531
-0.000166427
-0.000191936
-0.000163471
-0.000188355
-0.000160504
-0.000184789
-0.000157528
-0.000181239
-0.000154545
-0.000177707
-0.000151555
-0.000174194
-0.00014856
-0.000170702
-0.00014556
-0.000167231
-0.000142558
-0.000163784
-0.000139554
-0.000160361
-0.000136549
-0.000156963
-0.000133544
-0.000153593
-0.000130541
-0.000150249
-0.000127541
-0.000146935
-0.000124544
-0.00014365
-0.000121551
-0.000140396
-0.000118564
-0.000137174
-0.000115584
-0.000133984
-0.000112612
-0.000130827
-0.000109647
-0.000127705
-0.000106693
-0.000124618
-0.000103748
-0.000121567
-0.000100815
-0.000118552
-9.78949e-05
-0.000115575
-9.49876e-05
-0.000112635
-9.20944e-05
-0.000109735
-8.92164e-05
-0.000106873
-8.63545e-05
-0.000104052
-8.35096e-05
-0.000101272
-8.06827e-05
-9.85323e-05
-7.78746e-05
-9.58351e-05
-7.50865e-05
-9.31803e-05
-7.23191e-05
-9.05688e-05
-6.95737e-05
-8.8001e-05
-6.6851e-05
-8.54775e-05
-6.41522e-05
-8.2999e-05
-6.14783e-05
-8.0566e-05
-5.88303e-05
-7.81791e-05
-5.62092e-05
-7.5839e-05
-5.36163e-05
-7.35462e-05
-5.10525e-05
-7.13013e-05
-4.8519e-05
-6.91051e-05
-4.60169e-05
-6.6958e-05
-4.35475e-05
-6.48607e-05
-4.11118e-05
-6.28139e-05
-3.87113e-05
-6.08182e-05
-3.6347e-05
-5.88744e-05
-3.40202e-05
-5.69831e-05
-3.17324e-05
-5.51449e-05
-2.94847e-05
-5.33608e-05
-2.72786e-05
-5.16312e-05
-2.51154e-05
-4.99571e-05
-2.29965e-05
-4.83393e-05
-2.09235e-05
-4.67784e-05
-1.88976e-05
-4.52753e-05
-1.69206e-05
-4.38308e-05
-1.49938e-05
-4.24459e-05
-1.31188e-05
-4.11213e-05
-1.12972e-05
-3.98579e-05
-9.53062e-06
-3.86568e-05
-7.82063e-06
-3.75187e-05
-6.16891e-06
-3.64446e-05
-4.57713e-06
-3.54355e-05
-3.04698e-06
-3.44924e-05
-1.58018e-06
-3.36163e-05
-1.7847e-07
-3.28082e-05
1.1564e-06
-3.20692e-05
2.42265e-06
-3.14002e-05
3.61849e-06
-3.08023e-05
4.74211e-06
-3.02767e-05
5.7917e-06
-2.98244e-05
6.7654e-06
-2.94466e-05
7.66139e-06
-2.91443e-05
8.47781e-06
-2.89186e-05
9.21278e-06
-2.87707e-05
9.86445e-06
-2.87018e-05
1.04309e-05
-2.8713e-05
1.09104e-05
-2.88054e-05
1.13008e-05
-2.89802e-05
1.16005e-05
-2.92386e-05
1.18074e-05
-2.95825e-05
1.19197e-05
-3.00158e-05
1.1935e-05
-3.05362e-05
1.18522e-05
-3.11447e-05
1.16693e-05
-3.18427e-05
1.13845e-05
-3.26311e-05
1.0996e-05
-3.35112e-05
1.05021e-05
-3.44841e-05
9.90077e-06
-3.55509e-05
9.19041e-06
-3.67128e-05
8.3692e-06
-3.79708e-05
7.43542e-06
-3.93261e-05
6.38737e-06
-4.07797e-05
5.22335e-06
-4.23326e-05
3.94173e-06
-4.3986e-05
2.54087e-06
-4.57408e-05
1.01918e-06
-4.75981e-05
-6.24875e-07
-4.95587e-05
-2.39283e-06
-5.16238e-05
-4.28617e-06
-5.37941e-05
-6.30633e-06
-5.60706e-05
-8.45472e-06
-5.84541e-05
-1.07327e-05
-6.09456e-05
-1.31416e-05
-6.35458e-05
-1.56826e-05
-6.62555e-05
-1.8357e-05
-6.90754e-05
-2.1166e-05
-7.20062e-05
-2.41107e-05
-7.50487e-05
-2.71921e-05
-7.82035e-05
-3.04113e-05
-8.14711e-05
-3.37693e-05
-8.48521e-05
-3.72669e-05
-8.83471e-05
-4.09049e-05
-9.19565e-05
-4.46843e-05
-9.56808e-05
-4.86056e-05
-9.95204e-05
-5.26697e-05
-0.000103476
-5.6877e-05
-0.000107547
-6.12281e-05
-0.000111734
-6.57236e-05
-0.000116037
-7.03637e-05
-0.000120458
-7.51489e-05
-0.000124995
-8.00795e-05
-0.000129648
-8.51555e-05
-0.000134419
-9.03773e-05
-0.000139306
-9.57448e-05
-0.000144309
-0.000101258
-0.00014943
-0.000106917
-0.000154666
-0.000112721
-0.000160019
-0.000118671
-0.000165487
-0.000124766
-0.000171071
-0.000131005
-0.00017677
-0.000137389
-0.000182583
-0.000143916
-0.000188511
-0.000150586
-0.000194551
-0.000157399
-0.000200705
-0.000164353
-0.000206971
-0.000171449
-0.000213348
-0.000178684
-0.000219836
-0.000186058
-0.000226433
-0.000193569
-0.000233139
-0.000201218
-0.000239953
-0.000209002
-0.000246874
-0.00021692
-0.0002539
-0.00022497
-0.000261031
-0.000233153
-0.000268265
-0.000241464
-0.000275601
-0.000249904
-0.000283037
-0.000258471
-0.000290573
-0.000267853
-0.000294836
-0.00027986
-0.00030576
-0.000286242
-0.000311155
-0.000298194
-0.000322103
-0.000304846
-0.000327863
-0.000316966
-0.000338783
-0.000323961
-0.000344878
-0.000336109
-0.000355745
-0.000343484
-0.000362168
-0.00035559
-0.000373087
-0.000362805
-0.000382395
-0.000370359
-0.000389155
-0.000381541
-0.000401688
-0.000387734
-0.000411729
-0.000395517
-0.000419023
-0.000407362
-0.000431744
-0.00041341
-0.000442066
-0.000421487
-0.000451739
-0.000429626
-0.000458901
-0.000442025
-0.000472008
-0.000447715
-0.000482694
-0.000456167
-0.000492892
-0.000464755
-0.000502946
-0.000473286
-0.000512975
-0.000481798
-0.000520957
-0.000495451
-0.000534207
-0.000500976
-0.000545293
-0.000509626
-0.000556206
-0.000518831
-0.000567313
-0.000528327
-0.000578876
-0.000538075
-0.00059037
-0.0005479
-0.000601907
-0.000557791
-0.0006135
-0.00056774
-0.000625144
-0.000577738
-0.000636832
-0.000587782
-0.000648558
-0.000597863
-0.000660316
-0.000607977
-0.000672098
-0.000618117
-0.000683898
-0.000628278
-0.000695709
-0.000638453
-0.000707524
-0.000648636
-0.000719337
-0.000658822
-0.00073114
-0.000669004
-0.000742928
-0.000679176
-0.000754693
-0.000689332
-0.000766429
-0.000699467
-0.000778128
-0.000709574
-0.000789785
-0.000719646
-0.000801392
-0.000729679
-0.000812943
-0.000739666
-0.000824431
-0.000749601
-0.000835849
-0.000759477
-0.00084719
-0.000769289
-0.000858449
-0.00077903
-0.000869617
-0.000788694
-0.000880688
-0.000798276
-0.000891656
-0.000807768
-0.000902514
-0.000817165
-0.000913255
-0.000826461
-0.000923872
-0.000835649
-0.000934359
-0.000844724
-0.000944709
-0.000853678
-0.000954916
-0.000862507
-0.000964972
-0.000871203
-0.000974872
-0.000879762
-0.000984609
-0.000888176
-0.000994176
-0.00089644
-0.00100357
-0.000904547
-0.00101277
-0.000912492
-0.00102179
-0.000920269
-0.00103062
-0.000927872
-0.00103924
-0.000935294
-0.00104766
-0.000942531
-0.00105586
-0.000949577
-0.00106384
-0.000956425
-0.00107159
-0.00096307
-0.00107912
-0.000969507
-0.00108641
-0.000975731
-0.00109345
-0.000981735
-0.00110025
-0.000987515
-0.00110679
-0.000993066
-0.00111307
-0.000998382
-0.00111909
-0.00100346
-0.00112484
-0.00100829
-0.00113032
-0.00101288
-0.00113551
-0.00101721
-0.00114042
-0.00102128
-0.00114505
-0.00102509
-0.00114938
-0.00102863
-0.00115341
-0.0010319
-0.00115714
-0.0010349
-0.00116057
-0.00103763
-0.00116369
-0.00104007
-0.0011665
-0.00104222
-0.00116899
-0.00104409
-0.00117116
-0.00104567
-0.00117302
-0.00104695
-0.00117455
-0.00104794
-0.00117575
-0.00104862
-0.00117662
-0.00104901
-0.00117716
-0.0010491
-0.00117737
-0.00104888
-0.00117725
-0.00104835
-0.00117679
-0.00104752
-0.00117599
-0.00104638
-0.00117485
-0.00104493
-0.00117338
-0.00104317
-0.00117157
-0.0010411
-0.00116941
-0.00103872
-0.00116692
-0.00103603
-0.00116409
-0.00103303
-0.00116092
-0.00102972
-0.00115741
-0.0010261
-0.00115357
-0.00102218
-0.00114939
-0.00101794
-0.00114488
-0.0010134
-0.00114003
-0.00100856
-0.00113485
-0.00100342
-0.00112935
-0.000997978
-0.00112352
-0.00099224
-0.00111737
-0.000986207
-0.00111089
-0.000979884
-0.0011041
-0.000973273
-0.001097
-0.000966378
-0.00108959
-0.000959202
-0.00108187
-0.00095175
-0.00107385
-0.000944024
-0.00106554
-0.000936031
-0.00105693
-0.000927774
-0.00104804
-0.000919257
-0.00103886
-0.000910487
-0.00102941
-0.000901468
-0.00101969
-0.000892205
-0.0010097
-0.000882705
-0.000999449
-0.000872972
-0.000988948
-0.000863014
-0.000978199
-0.000852836
-0.00096721
-0.000842444
-0.000955988
-0.000831845
-0.000944538
-0.000821045
-0.000932869
-0.000810052
-0.000920988
-0.000798873
-0.000908902
-0.000787514
-0.000896618
-0.000775983
-0.000884144
-0.000764287
-0.000871489
-0.000752433
-0.000858659
-0.000740431
-0.000845664
-0.000728286
-0.00083251
-0.000716007
-0.000819207
-0.000703602
-0.000805763
-0.000691079
-0.000792186
-0.000678446
-0.000778485
-0.000665711
-0.000764668
-0.000652882
-0.000750744
-0.000639968
-0.000736723
-0.000626977
-0.000722611
-0.000613917
-0.00070842
-0.000600797
-0.000694156
-0.000587625
-0.00067983
-0.00057441
-0.000665449
-0.000561159
-0.000651024
-0.000547882
-0.000636562
-0.000534587
-0.000622073
-0.000521281
-0.000607566
-0.000507974
-0.000593048
-0.000494674
-0.00057853
-0.000481388
-0.00056402
-0.000468126
-0.000549527
-0.000454896
-0.000535058
-0.000441704
-0.000520624
-0.00042856
-0.000506232
-0.000415472
-0.00049189
-0.000402446
-0.000477608
-0.000389492
-0.000463393
-0.000376616
-0.000449253
-0.000363826
-0.000435196
-0.00035113
-0.000421231
-0.000338534
-0.000407366
-0.000326047
-0.000393606
-0.000313674
-0.000379962
-0.000301423
-0.000366439
-0.0002893
-0.000353044
-0.000277313
-0.000339786
-0.000265467
-0.000326671
-0.000253769
-0.000313705
-0.000242225
-0.000300896
-0.000230841
-0.000288249
-0.000219623
-0.000275771
-0.000208575
-0.000263469
-0.000197705
-0.000251347
-0.000187016
-0.000239412
-0.000176514
-0.000227669
-0.000166204
-0.000216124
-0.00015609
-0.000204781
-0.000146177
-0.000193645
-0.00013647
-0.000182722
-0.000126971
-0.000172016
-0.000117686
-0.000161531
-0.000108618
-0.000151271
-9.97698e-05
-0.000141241
-9.11454e-05
-0.000131443
-8.27478e-05
-0.000121882
-7.45798e-05
-0.000112561
-6.66441e-05
-0.000103482
-5.89432e-05
-9.46493e-05
-5.14794e-05
-8.60648e-05
-4.42549e-05
-7.77313e-05
-3.72715e-05
-6.96509e-05
-3.05309e-05
-6.18258e-05
-2.40347e-05
-5.42577e-05
-1.77842e-05
-4.69485e-05
-1.17806e-05
-3.98995e-05
-6.02468e-06
-3.3112e-05
-5.17363e-07
-2.6587e-05
4.74081e-06
-2.03256e-05
9.74942e-06
-1.43282e-05
1.45082e-05
-8.59558e-06
1.90172e-05
-3.12788e-06
2.32764e-05
2.07471e-06
2.72862e-05
7.01225e-06
3.10469e-05
1.1685e-05
3.45593e-05
1.60932e-05
3.78239e-05
2.02376e-05
4.08418e-05
2.41188e-05
4.3614e-05
2.77378e-05
4.61416e-05
3.10956e-05
4.84261e-05
3.41934e-05
5.04689e-05
3.70325e-05
5.22716e-05
3.96144e-05
5.3836e-05
4.19409e-05
5.51638e-05
4.43296e-05
5.56072e-05
4.5819e-05
5.60092e-05
4.69021e-05
5.62031e-05
4.76732e-05
5.61403e-05
4.81573e-05
5.5817e-05
4.83643e-05
5.52375e-05
4.83011e-05
5.44178e-05
4.79726e-05
5.33464e-05
4.73878e-05
5.20343e-05
4.65508e-05
5.04748e-05
4.54868e-05
4.87027e-05
4.42408e-05
4.67851e-05
4.28593e-05
4.47721e-05
4.13884e-05
4.27087e-05
3.98243e-05
4.0639e-05
3.82266e-05
3.85957e-05
3.67323e-05
3.64714e-05
3.62678e-05
3.27605e-05
3.22589e-05
2.9949e-05
2.91041e-05
2.66982e-05
2.61817e-05
2.36486e-05
2.46626e-05
1.92015e-05
1.9828e-05
1.54725e-05
1.5975e-05
1.16526e-05
1.25501e-05
8.08154e-06
1.06221e-05
3.30627e-06
5.21664e-06
-9.20477e-07
7.08976e-07
-5.12245e-06
-2.06695e-06
-1.04668e-05
-7.83802e-06
-1.50782e-05
-1.26474e-05
-1.95668e-05
-1.56205e-05
-2.51557e-05
-2.17191e-05
-2.99623e-05
-2.6817e-05
-3.47551e-05
-2.99206e-05
-4.05029e-05
-3.64513e-05
-4.54935e-05
-4.09149e-05
-5.17332e-05
-4.75988e-05
-5.70841e-05
-5.22158e-05
-6.35041e-05
-5.90871e-05
-6.89716e-05
-6.37929e-05
-7.55355e-05
-7.08539e-05
-8.10959e-05
-7.56393e-05
-8.77937e-05
-8.28841e-05
-9.34425e-05
-8.77447e-05
-0.000100267
-9.51646e-05
-0.000106042
-0.000100107
-0.000112942
-0.00010768
-0.000118866
-0.000112701
-0.000125807
-0.00012041
-0.000131868
-0.000125503
-0.000138846
-0.000133328
-0.000145022
-0.000138498
-0.000152046
-0.000146432
-0.000158329
-0.000151669
-0.00016539
-0.000159702
-0.000171772
-0.000164998
-0.000178861
-0.000173117
-0.000185333
-0.000178462
-0.00019244
-0.000186657
-0.000198992
-0.00019204
-0.000206107
-0.000200298
-0.00021273
-0.000205709
-0.000219843
-0.000214017
-0.000226526
-0.000219446
-0.000233627
-0.000227792
-0.000240361
-0.000233227
-0.000247453
-0.000241598
-0.000254211
-0.000247027
-0.000261298
-0.000254791
-0.000268501
-0.000262991
-0.00027555
-0.000268421
-0.000282659
-0.000276156
-0.000289787
-0.000284257
-0.000296822
-0.000289599
-0.000303848
-0.000297294
-0.000310901
-0.000304697
-0.000318189
-0.00031266
-0.000325188
-0.000317836
-0.000332064
-0.000325401
-0.000338992
-0.000332671
-0.000346139
-0.000339858
-0.000353288
-0.000346981
-0.000360396
-0.000354037
-0.000367443
-0.000361023
-0.000374422
-0.000367936
-0.000381329
-0.000374773
-0.000388163
-0.000381535
-0.000394923
-0.000388219
-0.000401607
-0.000394824
-0.000408214
-0.000401348
-0.000414744
-0.000407791
-0.000421193
-0.000414149
-0.000427561
-0.000420422
-0.000433847
-0.000426608
-0.000440047
-0.000432705
-0.000446162
-0.000438711
-0.000452188
-0.000444625
-0.000458125
-0.000450445
-0.000463971
-0.000456169
-0.000469724
-0.000461795
-0.000475381
-0.000467321
-0.000480943
-0.000472747
-0.000486406
-0.000478069
-0.000491768
-0.000483287
-0.000497029
-0.000488397
-0.000502186
-0.0004934
-0.000507238
-0.000498294
-0.000512184
-0.000503077
-0.000517021
-0.000507747
-0.000521748
-0.000512302
-0.000526363
-0.000516741
-0.000530865
-0.000521062
-0.000535251
-0.000525264
-0.000539521
-0.000529346
-0.000543673
-0.000533306
-0.000547705
-0.000537144
-0.000551617
-0.000540857
-0.000555406
-0.000544446
-0.000559073
-0.000547913
-0.00056262
-0.000550999
-0.000566369
-0.000554159
-0.000570078
-0.000557672
-0.000573532
-0.000560948
-0.000576808
-0.000564079
-0.000579936
-0.000567065
-0.000582919
-0.000569906
-0.000585759
-0.000572603
-0.000588458
-0.000575156
-0.000591016
-0.000577564
-0.000593431
-0.000579828
-0.000595704
-0.000581947
-0.000597805
-0.000584038
-0.000599919
-0.000585838
-0.000601744
-0.000587473
-0.000603437
-0.000589001
-0.000604975
-0.000590545
-0.000606572
-0.000591783
-0.000607843
-0.000592844
-0.000608988
-0.00059381
-0.000610012
-0.000594651
-0.000610902
-0.000595355
-0.000611648
-0.000595912
-0.000612242
-0.000596313
-0.000612676
-0.000596554
-0.000612944
-0.000596628
-0.000613041
-0.000596531
-0.000612962
-0.000596258
-0.000612701
-0.000595803
-0.000612254
-0.000595164
-0.000611616
-0.000594336
-0.000610783
-0.000593314
-0.000609751
-0.000592095
-0.000608516
-0.000590675
-0.000607073
-0.000589051
-0.00060542
-0.00058722
-0.000603553
-0.000585179
-0.000601469
-0.000582925
-0.000599166
-0.000580456
-0.00059664
-0.000577771
-0.00059389
-0.000574866
-0.000590914
-0.000571742
-0.00058771
-0.000568396
-0.000584278
-0.000564829
-0.000580617
-0.000561041
-0.000576726
-0.000557031
-0.000572606
-0.0005528
-0.000568257
-0.000548348
-0.00056368
-0.000543679
-0.000558877
-0.000538792
-0.000553849
-0.000533691
-0.000548598
-0.000528378
-0.000543127
-0.000522855
-0.000537439
-0.000517127
-0.000531537
-0.000511197
-0.000525426
-0.00050507
-0.000519108
-0.000498749
-0.000512589
-0.00049224
-0.000505874
-0.000485547
-0.000498968
-0.000478678
-0.000491878
-0.000471637
-0.000484607
-0.000464432
-0.000477165
-0.000457068
-0.000469556
-0.000449553
-0.000461789
-0.000441894
-0.00045387
-0.000434098
-0.000445807
-0.000426174
-0.000437608
-0.00041813
-0.000429282
-0.000409973
-0.000420836
-0.000401712
-0.00041228
-0.000393357
-0.000403622
-0.000384915
-0.000394872
-0.000376396
-0.000386037
-0.00036781
-0.000377129
-0.000359164
-0.000368157
-0.00035047
-0.000359129
-0.000341736
-0.000350056
-0.000332971
-0.000340947
-0.000324187
-0.000331813
-0.000315391
-0.000322662
-0.000306593
-0.000313506
-0.000297804
-0.000304353
-0.000289032
-0.000295214
-0.000280288
-0.000286099
-0.00027158
-0.000277016
-0.000262918
-0.000267976
-0.00025431
-0.000258988
-0.000245767
-0.000250063
-0.000237297
-0.000241207
-0.000228909
-0.000232433
-0.000220611
-0.000223747
-0.000212412
-0.000215159
-0.00020432
-0.000206677
-0.000196343
-0.000198311
-0.000188489
-0.000190067
-0.000180765
-0.000181955
-0.000173179
-0.000173982
-0.000165738
-0.000166156
-0.000158448
-0.000158484
-0.000151317
-0.000150973
-0.000144351
-0.00014363
-0.000137555
-0.000136462
-0.000130937
-0.000129475
-0.000124501
-0.000122675
-0.000118252
-0.000116069
-0.000112197
-0.000109663
-0.00010634
-0.000103461
-0.000100685
-9.74686e-05
-9.52373e-05
-9.16919e-05
-9.0001e-05
-8.61354e-05
-8.49801e-05
-8.08038e-05
-8.01786e-05
-7.57019e-05
-7.56001e-05
-7.08341e-05
-7.12482e-05
-6.62046e-05
-6.71263e-05
-6.18176e-05
-6.32376e-05
-5.76773e-05
-5.95853e-05
-5.37876e-05
-5.61726e-05
-0.000108436
-0.000106676
-9.08023e-05
-9.77832e-05
-7.77804e-05
-8.79691e-05
-6.81012e-05
-8.01059e-05
-6.05075e-05
-7.37817e-05
-5.42777e-05
-6.85588e-05
-4.89996e-05
-6.41346e-05
-4.44203e-05
-6.03136e-05
-4.0382e-05
-5.69721e-05
-3.67861e-05
-5.40329e-05
-3.35719e-05
-5.14484e-05
-3.07026e-05
-4.91897e-05
-2.81563e-05
-0.000128055
-9.53262e-05
-0.000104711
-8.1977e-05
-9.54147e-05
-7.51277e-05
-8.92225e-05
-6.90094e-05
-8.45229e-05
-6.47616e-05
-8.14368e-05
-6.17372e-05
-7.94271e-05
-5.95733e-05
-7.81473e-05
-5.80057e-05
-7.73717e-05
-5.68604e-05
-7.6954e-05
-5.6024e-05
-7.67999e-05
-5.5424e-05
-7.68488e-05
-5.50144e-05
-7.70623e-05
-5.47666e-05
-7.74161e-05
-5.46636e-05
-7.78953e-05
-5.46955e-05
-8.15837e-05
-4.7091e-05
-8.16365e-05
-4.5381e-05
-8.09164e-05
-4.41194e-05
-8.01842e-05
-4.30355e-05
-7.95637e-05
-4.21085e-05
-7.90791e-05
-4.13399e-05
-7.87386e-05
-4.07335e-05
-7.85468e-05
-4.0293e-05
-7.85067e-05
-4.00211e-05
-7.86205e-05
-3.99198e-05
-7.88899e-05
-3.99909e-05
-7.9316e-05
-4.02355e-05
-7.98995e-05
-4.06546e-05
-8.06411e-05
-4.12488e-05
-8.15411e-05
-4.20187e-05
-8.25994e-05
-4.29643e-05
-8.3816e-05
-4.40857e-05
-8.51906e-05
-4.53829e-05
-8.67227e-05
-4.68554e-05
-8.84117e-05
-4.85027e-05
-9.02568e-05
-5.03243e-05
-9.22602e-05
-5.23194e-05
-9.4422e-05
-5.44871e-05
-9.67364e-05
-5.6826e-05
-9.92021e-05
-5.93347e-05
-0.000101818
-6.2012e-05
-0.000104581
-6.48562e-05
-0.000107492
-6.78657e-05
-0.000110547
-7.10388e-05
-0.000113744
-7.43735e-05
-0.000117083
-7.78677e-05
-0.00012056
-8.15194e-05
-0.000124173
-8.53263e-05
-0.00012792
-8.92859e-05
-0.000131799
-9.33958e-05
-0.000135807
-9.76533e-05
-0.000139941
-0.000102056
-0.000144198
-0.000106601
-0.000148577
-0.000111285
-0.000153073
-0.000116105
-0.000157684
-0.000121059
-0.000162407
-0.000126143
-0.00016724
-0.000131354
-0.000172178
-0.000136689
-0.000177218
-0.000142144
-0.000182358
-0.000147716
-0.000187594
-0.000153402
-0.000192923
-0.000159198
-0.000198341
-0.000165101
-0.000203846
-0.000171106
-0.000209433
-0.000177211
-0.000215099
-0.000183412
-0.000220841
-0.000189705
-0.000226656
-0.00019689
-0.000229069
-0.00020619
-0.000238313
-0.000210862
-0.000242017
-0.000220076
-0.0002513
-0.000224846
-0.000255294
-0.000234209
-0.000264498
-0.000239071
-0.000268735
-0.00024856
-0.000277845
-0.0002535
-0.000284172
-0.000259714
-0.000287568
-0.000268991
-0.000296475
-0.000273939
-0.000303076
-0.000280455
-0.000307168
-0.000290097
-0.000315924
-0.000295306
-0.000322713
-0.000302026
-0.000328984
-0.000308863
-0.000335103
-0.00031566
-0.00034122
-0.000322492
-0.000347436
-0.000329522
-0.00035383
-0.000336906
-0.000360307
-0.000344305
-0.000366814
-0.000351687
-0.000373328
-0.000359072
-0.000379841
-0.000366462
-0.000386349
-0.000373854
-0.000392848
-0.000381246
-0.000399335
-0.000388634
-0.000405808
-0.000396015
-0.000412264
-0.000403387
-0.000418701
-0.000410745
-0.000425127
-0.000418092
-0.000431523
-0.000425422
-0.000437892
-0.000432732
-0.000444231
-0.000440018
-0.00045054
-0.000447279
-0.000456816
-0.000454512
-0.000463058
-0.000461715
-0.000469264
-0.000468887
-0.000475431
-0.000476024
-0.000481559
-0.000483126
-0.000487646
-0.00049019
-0.00049369
-0.000497215
-0.00049969
-0.000504198
-0.000505645
-0.000511137
-0.000511553
-0.000518032
-0.000517412
-0.000524881
-0.000523223
-0.000531682
-0.000528982
-0.000538433
-0.000534691
-0.000545134
-0.000540347
-0.000551783
-0.00054595
-0.000558379
-0.000551498
-0.000564921
-0.000556992
-0.000571407
-0.00056243
-0.000577837
-0.000567811
-0.000584209
-0.000573135
-0.000590524
-0.000578402
-0.000596779
-0.00058361
-0.000602974
-0.00058876
-0.000609108
-0.000593851
-0.000615181
-0.000598883
-0.000621193
-0.000603855
-0.000627141
-0.000608767
-0.000633027
-0.000613618
-0.000638848
-0.00061841
-0.000644606
-0.00062314
-0.000650299
-0.00062781
-0.000655928
-0.00063242
-0.000661491
-0.000636968
-0.000666989
-0.000641456
-0.000672421
-0.000645883
-0.000677787
-0.000650249
-0.000683087
-0.000654554
-0.000688321
-0.000658799
-0.000693488
-0.000662983
-0.000698589
-0.000667107
-0.000703623
-0.000671171
-0.00070859
-0.000675174
-0.00071349
-0.000679118
-0.000718324
-0.000683002
-0.00072309
-0.000686826
-0.00072779
-0.000690591
-0.000732422
-0.000694296
-0.000736988
-0.000697943
-0.000741487
-0.000701531
-0.000745919
-0.00070506
-0.000750284
-0.000708531
-0.000754582
-0.000711944
-0.000758813
-0.000715298
-0.000762977
-0.000716458
-0.000769659
-0.000722147
-0.000776046
-0.000727933
-0.000782169
-0.000733542
-0.000788085
-0.000738977
-0.000793824
-0.000744256
-0.000799407
-0.000749395
-0.000804847
-0.000754405
-0.000810152
-0.000759293
-0.000815332
-0.000764067
-0.000820402
-0.000768738
-0.000825482
-0.000773379
-0.000830267
-0.000777704
-0.000834378
-0.000781364
-0.000838271
-0.000784798
-0.000842213
-0.000788267
-0.000846159
-0.000791733
-0.000850073
-0.000795161
-0.000853921
-0.000798516
-0.000857668
-0.000801765
-0.000861278
-0.00080487
-0.000864715
-0.000807797
-0.000867941
-0.000810506
-0.000870918
-0.000812958
-0.000873603
-0.000815112
-0.000875957
-0.000816926
-0.000877935
-0.000818356
-0.000879492
-0.000819358
-0.000880584
-0.000819886
-0.000881164
-0.000819893
-0.000881184
-0.000819333
-0.000880595
-0.000818156
-0.00087935
-0.000816315
-0.000877399
-0.00081376
-0.000874691
-0.000810442
-0.000871178
-0.000806312
-0.000866808
-0.000801319
-0.000861531
-0.000795415
-0.000855299
-0.00078855
-0.00084806
-0.000780676
-0.000839765
-0.000771743
-0.000830366
-0.000761706
-0.000819814
-0.000750515
-0.000808062
-0.000738126
-0.000795062
-0.000724494
-0.000780771
-0.000709574
-0.000765142
-0.000693323
-0.000748134
-0.000675701
-0.000729704
-0.000656666
-0.000709811
-0.000636182
-0.000688418
-0.000614212
-0.000665488
-0.00059072
-0.000640984
-0.000565674
-0.000614876
-0.000539043
-0.000587131
-0.000510798
-0.00055772
-0.000480913
-0.00052669
-0.000449316
-0.000493834
-0.000415858
-0.000458901
-0.000380207
-0.000421722
-0.000342164
-0.000382153
-0.000176294
-0.000263476
-0.000175501
-0.00010982
6.36438e-06
-6.16527e-05
-1.54749e-06
-5.33236e-05
9.15055e-06
-4.50779e-05
2.30833e-05
-2.9447e-05
4.15168e-05
-9.88933e-06
6.24649e-05
1.1722e-05
8.47473e-05
3.42581e-05
0.000107512
5.6992e-05
0.00013019
7.94544e-05
0.000152412
0.000101346
0.000173945
0.00012248
0.000194647
0.000142747
0.00021444
0.00016209
0.000233286
0.000180484
0.000251174
0.00019793
0.000268113
0.000214441
0.000284123
0.000230042
0.000299232
0.000244762
0.000313471
0.000258634
0.000326875
0.000271692
0.000339479
0.000283973
0.000351319
0.000295512
0.00036243
0.000306342
0.000372846
0.000316497
0.0003826
0.00032601
0.000391723
0.000334911
0.000400246
0.00034323
0.000408199
0.000350996
0.000415609
0.000358236
0.000422503
0.000364975
0.000428905
0.000371238
0.000434841
0.000377048
0.000440333
0.000382427
0.000445402
0.000387397
0.00045007
0.000391977
0.000454356
0.000396187
0.000458279
0.000400046
0.000461856
0.000403569
0.000465105
0.000406773
0.000468042
0.000409675
0.000470683
0.000412289
0.000473041
0.000414629
0.000475131
0.000416709
0.000476965
0.000418541
0.000478558
0.000420138
0.000479919
0.000421511
0.000481062
0.000422671
0.000481997
0.000423629
0.000482734
0.000424395
0.000483284
0.000424978
0.000483655
0.000425388
0.000483856
0.000425633
0.000483897
0.000425722
0.000483786
0.000425662
0.000483529
0.000425461
0.000483136
0.000425126
0.000482612
0.000424664
0.000481965
0.000424082
0.0004812
0.000423386
0.000480326
0.000422581
0.000479346
0.000421674
0.000478268
0.000420671
0.000477095
0.000419575
0.000475834
0.000418393
0.00047449
0.000417129
0.000473067
0.000415787
0.00047157
0.000414373
0.000470002
0.00041289
0.000468369
0.000411342
0.000466674
0.000409733
0.000464921
0.000408066
0.000463114
0.000406347
0.000461255
0.000404576
0.00045935
0.000402759
0.000457399
0.000400898
0.000455408
0.000398996
0.000453378
0.000397056
0.000451313
0.00039508
0.000449214
0.000393072
0.000447086
0.000391034
0.00044493
0.000388968
0.000442748
0.000386877
0.000440544
0.000384763
0.000438318
0.000382628
0.000436074
0.000380474
0.000433813
0.000378303
0.000431537
0.000376117
0.000429249
0.000373919
0.000426949
0.000371709
0.00042464
0.00036949
0.000422323
0.000367264
0.00042
0.000365031
0.000417673
0.000362794
0.000415342
0.000360553
0.00041301
0.000358312
0.000410677
0.00035607
0.000408345
0.000353829
0.000406016
0.000351591
0.00040369
0.000349357
0.000401368
0.000347128
0.000399053
0.000344905
0.000396744
0.000342689
0.000394443
0.000340483
0.000392152
0.000338286
0.00038987
0.0003361
0.000387598
0.000333926
0.000385339
0.000331764
0.000383092
0.000327354
0.000383923
0.000327542
0.000384168
0.000327774
0.000384149
0.000327852
0.000383951
0.000327781
0.000383609
0.000327585
0.000383148
0.000327281
0.000382583
0.000326882
0.000381927
0.0003264
0.00038119
0.000325844
0.000380379
0.000325222
0.000379503
0.00032454
0.000378567
0.000323805
0.000377578
0.000323021
0.000376539
0.000322194
0.000375456
0.000321328
0.000374333
0.000320428
0.000373173
0.000319496
0.000371981
0.000318538
0.00037076
0.000317557
0.000369512
0.000316555
0.000368242
0.000315536
0.000366952
0.000314503
0.000365644
0.000313458
0.000364322
0.000312405
0.000362987
0.000311346
0.000361642
0.000310284
0.00036029
0.000309219
0.000358931
0.000308156
0.000357569
0.000307096
0.000356205
0.00030604
0.000354841
0.000304992
0.000353479
0.000303952
0.00035212
0.000302923
0.000350765
0.000301905
0.000349417
0.000300902
0.000348077
0.000299913
0.000346745
0.000298941
0.000345457
0.000298006
0.000344176
0.000297067
0.000342782
0.000295999
0.000341009
0.000294561
0.000338778
0.00029268
0.000336262
0.000290524
0.000333915
0.00028853
0.00033172
0.000286688
0.000329662
0.000284984
0.000327729
0.000283406
0.000325908
0.000281942
0.000324189
0.000280581
0.000322561
0.000279311
0.00032101
0.000278122
0.000319527
0.000277001
0.000318099
0.000275938
0.000316714
0.000274918
0.00031536
0.000273931
0.000314023
0.000272962
0.00031269
0.000271999
0.000311347
0.000271026
0.000309979
0.000270029
0.000308571
0.000268993
0.000307107
0.000267902
0.000305571
0.000266739
0.000303945
0.000265487
0.000302211
0.000264127
0.000300351
0.00026264
0.000298345
0.000261008
0.000296172
0.000259208
0.00029381
0.000257221
0.000291239
0.000255023
0.000288434
0.000252591
0.000285372
0.000249902
0.000282028
0.000246929
0.000278374
0.000243648
0.000274385
0.00024003
0.000270032
0.000236048
0.000265287
0.000231672
0.000260118
0.000226873
0.000254494
0.000221618
0.000248383
0.000215875
0.000241751
0.000209612
0.000234564
0.000202792
0.000226786
0.000195381
0.000218379
0.000187341
0.00020932
0.000178625
0.000199547
0.000169158
0.000188927
0.000158842
0.000177346
0.000147568
0.000164689
0.000135088
0.000151068
0.000121146
0.000136271
0.000106189
0.000120431
9.04841e-05
0.000103636
7.38566e-05
8.58593e-05
5.62432e-05
6.70593e-05
3.75933e-05
4.71878e-05
1.78553e-05
2.61933e-05
-3.02391e-06
4.0223e-06
-2.50991e-05
-1.938e-05
-4.84265e-05
-0.000132876
-0.000141855
-0.00013729
-0.000287742
-0.000246617
-0.000262805
-0.00024045
-0.000253006
-0.0002499
-0.000263256
-0.000255988
-0.000271808
-0.000266631
-0.000283195
-0.000279971
-0.000296558
-0.000294937
-0.000311125
-0.000310853
-0.000326368
-0.000327275
-0.000341935
-0.000343909
-0.00035759
-0.000360562
-0.000373181
-0.000377107
-0.000388608
-0.000393465
-0.000403808
-0.000409584
-0.00041884
-0.000424955
-0.000434256
-0.000439622
-0.000449687
-0.000453986
-0.000464921
-0.000468103
-0.000479931
-0.000481985
-0.000494716
-0.000495639
-0.000509281
-0.000509071
-0.000523634
-0.000522288
-0.000537782
-0.0005353
-0.000551732
-0.000548112
-0.000565492
-0.000560733
-0.000579068
-0.00057317
-0.000592469
-0.00058543
-0.0006057
-0.000597519
-0.000618767
-0.000609444
-0.000631676
-0.00062121
-0.000644432
-0.000632823
-0.00065704
-0.000644287
-0.000669504
-0.000655606
-0.000681829
-0.000666786
-0.000694017
-0.000677829
-0.000706073
-0.000688739
-0.000717999
-0.000699518
-0.000729798
-0.000710171
-0.000741471
-0.000720699
-0.000753022
-0.000731104
-0.000764451
-0.000741388
-0.000775771
-0.00075154
-0.000786968
-0.000761525
-0.000797978
-0.000771359
-0.000808757
-0.000780964
-0.000819263
-0.000790301
-0.000829457
-0.000799303
-0.0008393
-0.000807889
-0.000848758
-0.000816037
-0.000857799
-0.000823656
-0.000866568
-0.000830975
-0.000875105
-0.00083825
-0.000883499
-0.000845429
-0.000891777
-0.000852501
-0.000899942
-0.000859466
-0.000907995
-0.000866322
-0.000915936
-0.000873071
-0.000923764
-0.000879709
-0.000931478
-0.000886238
-0.000939075
-0.000892655
-0.000946556
-0.000898959
-0.000953919
-0.00090515
-0.000961162
-0.000911226
-0.000968283
-0.000917186
-0.000975281
-0.000923031
-0.000982155
-0.000928757
-0.000988902
-0.000934362
-0.000995522
-0.000939845
-0.00100201
-0.000945205
-0.00100837
-0.00095044
-0.0010146
-0.000955549
-0.00102069
-0.00096053
-0.00102664
-0.000965382
-0.00103246
-0.000970104
-0.00103814
-0.000974693
-0.00104368
-0.00097915
-0.00104907
-0.000983471
-0.00105432
-0.000987656
-0.00105943
-0.000991704
-0.00106439
-0.000995612
-0.0010692
-0.00099938
-0.00107386
-0.00100301
-0.00107837
-0.00100649
-0.00108272
-0.00100983
-0.00108693
-0.00101303
-0.00109098
-0.0010161
-0.00109487
-0.00101905
-0.00109861
-0.00101854
-0.00110605
-0.00102427
-0.00111227
-0.00102924
-0.00111797
-0.0010339
-0.00112332
-0.00103825
-0.00112836
-0.00104231
-0.0011331
-0.0010461
-0.00113757
-0.00104963
-0.00114178
-0.00105292
-0.00114573
-0.00105596
-0.00114943
-0.00105876
-0.00115288
-0.00106134
-0.0011561
-0.00106368
-0.00115908
-0.0010658
-0.00116182
-0.00106769
-0.00116433
-0.00106937
-0.00116661
-0.00107082
-0.00116866
-0.00107205
-0.00117048
-0.00107307
-0.00117208
-0.00107387
-0.00117345
-0.00107446
-0.0011746
-0.00107484
-0.00117553
-0.001075
-0.00117624
-0.00107496
-0.00117673
-0.00107471
-0.001177
-0.00107425
-0.00117705
-0.00107358
-0.0011769
-0.00107271
-0.00117652
-0.00107163
-0.00117594
-0.00107035
-0.00117514
-0.00106887
-0.00117413
-0.00106719
-0.00117291
-0.00106531
-0.00117148
-0.00106323
-0.00116985
-0.00106096
-0.00116801
-0.00105848
-0.00116596
-0.00105582
-0.00116372
-0.00105295
-0.00116127
-0.0010499
-0.00115862
-0.00104665
-0.00115576
-0.00104322
-0.00115271
-0.00103959
-0.00114947
-0.00103578
-0.00114603
-0.00103178
-0.00114239
-0.0010276
-0.00113856
-0.00102323
-0.00113454
-0.00101868
-0.00113033
-0.00101395
-0.00112594
-0.00100904
-0.00112135
-0.00100396
-0.00111659
-0.0009987
-0.00111164
-0.000993267
-0.00110651
-0.000987663
-0.0011012
-0.000981889
-0.00109571
-0.000975947
-0.00109005
-0.000969839
-0.00108421
-0.000963568
-0.00107821
-0.000957136
-0.00107203
-0.000950544
-0.00106569
-0.000943795
-0.00105919
-0.000936892
-0.00105252
-0.000929836
-0.0010457
-0.00092263
-0.00103872
-0.000915277
-0.00103158
-0.00090778
-0.00102429
-0.00090014
-0.00101685
-0.000892361
-0.00100927
-0.000884445
-0.00100154
-0.000876396
-0.000993677
-0.000868215
-0.000985672
-0.000859907
-0.000977532
-0.000851474
-0.00096926
-0.00084292
-0.000960859
-0.000834247
-0.000952333
-0.000825458
-0.000943684
-0.000816558
-0.000934916
-0.000807549
-0.000926032
-0.000798435
-0.000917036
-0.000789219
-0.00090793
-0.000779905
-0.000898719
-0.000770496
-0.000889406
-0.000760996
-0.000879994
-0.000751409
-0.000870487
-0.000741739
-0.000860889
-0.000731989
-0.000851203
-0.000722163
-0.000841433
-0.000712265
-0.000831583
-0.000702299
-0.000821657
-0.00069227
-0.000811658
-0.00068218
-0.000801591
-0.000672035
-0.00079146
-0.000661838
-0.000781268
-0.000651594
-0.00077102
-0.000641307
-0.000760719
-0.000630981
-0.00075037
-0.00062062
-0.000739977
-0.000610229
-0.000729544
-0.000599812
-0.000719075
-0.000589373
-0.000708575
-0.000578918
-0.000698047
-0.000568449
-0.000687496
-0.000557973
-0.000676927
-0.000547493
-0.000666342
-0.000537014
-0.000655748
-0.00052654
-0.000645148
-0.000516077
-0.000634546
-0.000505628
-0.000623947
-0.000495197
-0.000613355
-0.000484791
-0.000602775
-0.000474413
-0.00059221
-0.000464068
-0.000581666
-0.00045376
-0.000571146
-0.000443494
-0.000560655
-0.000433275
-0.000550198
-0.000423106
-0.000539778
-0.000412994
-0.0005294
-0.000402942
-0.000519069
-0.000392955
-0.000508788
-0.000383036
-0.000498561
-0.000373192
-0.000488394
-0.000363426
-0.00047829
-0.000353743
-0.000468254
-0.000344147
-0.000458289
-0.000334642
-0.000448401
-0.000325233
-0.000438592
-0.000315924
-0.000428867
-0.000306719
-0.000419231
-0.000297624
-0.000409686
-0.00028864
-0.000400237
-0.000279774
-0.000390889
-0.000271028
-0.000381644
-0.000262408
-0.000372507
-0.000253916
-0.000363481
-0.000245557
-0.00035457
-0.000237334
-0.000345778
-0.000229252
-0.000337108
-0.000221313
-0.000328564
-0.000213522
-0.000320149
-0.000205882
-0.000311867
-0.000198397
-0.00030372
-0.000191069
-0.000295713
-0.000183902
-0.000287847
-0.0001769
-0.000280127
-0.000170064
-0.000272555
-0.0001634
-0.000265134
-0.000156908
-0.000257867
-0.000150592
-0.000250756
-0.000144455
-0.000243805
-0.000138499
-0.000237015
-0.000132727
-0.00023039
-0.000127141
-0.00022393
-0.000121743
-0.00021764
-0.000116535
-0.00021152
-0.00011152
-0.000205573
-0.0001067
-0.000199801
-0.000102075
-0.000194205
-9.76482e-05
-0.000188787
-9.34206e-05
-0.000183549
-8.93937e-05
-0.000178491
-8.55688e-05
-0.000173617
-8.19469e-05
-0.000168926
-7.85291e-05
-0.000164419
-7.53163e-05
-0.000160098
-7.23091e-05
-0.000155964
-6.95083e-05
-0.000152017
-6.69142e-05
-0.000148258
-6.45273e-05
-0.000144687
-6.23476e-05
-0.000141305
-6.03753e-05
-0.000138112
-5.86102e-05
-0.000135107
-5.70523e-05
-0.000132292
-5.57009e-05
-0.000129665
-5.45558e-05
-0.000127227
-5.36163e-05
-0.000124977
-5.28815e-05
-0.000122914
-5.23506e-05
-0.000121038
-5.20226e-05
-0.000119348
-5.18962e-05
-0.000117844
-5.19701e-05
-0.000116523
-5.22429e-05
-0.000115385
-5.2713e-05
-0.000114429
-5.33786e-05
-0.000113653
-5.4238e-05
-0.000113056
-5.52892e-05
-0.000112636
-5.653e-05
-0.000112391
-5.79582e-05
-0.000112319
-5.95716e-05
-0.000112419
-6.13676e-05
-0.000112688
-6.33436e-05
-0.000113124
-6.5497e-05
-0.000113732
-6.78257e-05
-0.000114505
-7.03262e-05
-0.000115439
-7.2995e-05
-0.000116529
-7.58291e-05
-0.000117774
-7.88252e-05
-0.00011917
-8.19799e-05
-0.000120715
-8.529e-05
-0.000122405
-8.87518e-05
-0.000124238
-9.23619e-05
-0.00012621
-9.61166e-05
-0.000128318
-0.0001
-0.000130575
-0.00010404
-0.000133009
-0.000108272
-0.000135649
-0.000112728
-0.000138508
-0.000117433
-0.000141555
-0.000122284
-0.000144895
-0.000127357
-0.000148735
-0.000132786
