-0.000357143
-0.000314171
-0.000230101
-0.000117654
3.25355e-05
0.000195312
0.000381987
0.000574375
0.000784271
0.000994189
0.0012171
0.00143742
0.0016677
0.00189279
0.00212625
0.00235276
0.00258676
0.00281269
0.00304558
0.00326967
0.00350041
0.00372188
0.00394982
0.0041682
0.00439294
0.00460795
0.00482928
0.00504076
0.00525854
0.00546641
0.00568058
0.0058848
0.00609535
0.00629592
0.00650286
0.0066998
0.00690314
0.00709647
0.00729625
0.00748601
0.00768226
0.00786849
0.00806126
0.00824399
0.00843332
0.0086126
0.00879853
0.00897439
0.00915696
0.00932944
0.00950869
0.00967784
0.00985381
0.0100197
0.0105312
0.0108717
0.011187
0.0114538
0.0117286
0.0119714
0.0122143
0.0124245
0.0126431
0.0128333
0.0130345
0.0132105
0.0133989
0.0135645
0.0137434
0.013901
0.0140725
0.0142237
0.0143893
0.0145351
0.0146957
0.014837
0.0149934
0.0151306
0.0152831
0.0154167
0.0155656
0.0156957
0.0158413
0.0159681
0.0161106
0.0162342
0.0163737
0.0164942
0.0166306
0.0167482
0.0168817
0.0169963
0.0171269
0.0172385
0.0173664
0.0174751
0.0176002
0.017706
0.0178283
0.0179313
0.0180508
0.018151
0.0182678
0.0183651
0.0184792
0.0185737
0.0186851
0.0187769
0.0188856
0.0189745
0.0190806
0.0191668
0.0192702
0.0193536
0.0194544
0.0195351
0.0196332
0.0197111
0.0198067
0.0198818
0.0199748
0.0200472
0.0201375
0.0202073
0.020295
0.020362
0.0204472
0.0205114
0.020594
0.0206556
0.0207356
0.0207945
0.020872
0.0209281
0.021003
0.0210565
0.0211288
0.0211796
0.0212494
0.0212974
0.0213648
0.0214101
0.0214749
0.0215175
0.0215798
0.0216198
0.0216796
0.0217168
0.0217741
0.0218086
0.0218634
0.0218952
0.0219476
0.0219767
0.0220265
0.022053
0.0221003
0.0221241
0.022169
0.0221901
0.0222325
0.0222509
0.0222909
0.0223066
0.0223442
0.0223572
0.0223923
0.0224026
0.0224354
0.022443
0.0224733
0.0224783
0.0225062
0.0225085
0.022534
0.0225337
0.0225569
0.0225538
0.0225746
0.022569
0.0225874
0.0225791
0.0225952
0.0225843
0.0225981
0.0225845
0.022596
0.0225798
0.022589
0.0225702
0.0225772
0.0225557
0.0225604
0.0225364
0.0225389
0.0225123
0.0225126
0.0224835
0.0224816
0.0224499
0.0224458
0.0224116
0.0224054
0.0223687
0.0223603
0.0223211
0.0223107
0.022269
0.0222566
0.0222124
0.0221979
0.0221513
0.0221348
0.0220858
0.0220674
0.022016
0.0219956
0.0219419
0.0219195
0.0218635
0.0218393
0.0217809
0.0217549
0.0216943
0.0216664
0.0216036
0.021574
0.0215089
0.0214776
0.0214103
0.0213773
0.0213079
0.0212733
0.0212018
0.0211655
0.021092
0.0210542
0.0209786
0.0209393
0.0208618
0.020821
0.0207386
0.0207028
0.0206183
0.0205818
0.0204952
0.0204574
0.0203688
0.0203298
0.0202394
0.0201991
0.020107
0.0200656
0.0199717
0.0199292
0.0198337
0.0197902
0.0196931
0.0196487
0.01955
0.0195047
0.0194046
0.0193584
0.0192569
0.0192099
0.019107
0.0190593
0.0189552
0.0189068
0.0188014
0.0187525
0.0186459
0.0185964
0.0184887
0.0184387
0.01833
0.0182796
0.0181699
0.0181191
0.0180085
0.0179574
0.0178459
0.0177946
0.0176823
0.0176308
0.0175179
0.0174662
0.0173526
0.0173009
0.0171867
0.0171351
0.0170204
0.0169687
0.0168536
0.0168021
0.0166866
0.0166353
0.0165195
0.0164684
0.0163524
0.0163017
0.0161855
0.0161351
0.0160188
0.0159689
0.0158526
0.0158032
0.0156869
0.0156381
0.0155219
0.0154737
0.0153577
0.0153102
0.0151945
0.0151477
0.0150323
0.0149863
0.0148714
0.0148262
0.0147118
0.0146675
0.0145536
0.0145103
0.014397
0.0143548
0.0142421
0.014201
0.0140891
0.014049
0.013938
0.0138991
0.0137889
0.0137513
0.0136421
0.0136057
0.0134975
0.0134625
0.0133554
0.0133218
0.0132158
0.0131836
0.0130788
0.0130481
0.0129446
0.0129154
0.0128132
0.0127855
0.0126847
0.0126587
0.0125593
0.0125349
0.0124371
0.0124143
0.012318
0.012297
0.0122023
0.012183
0.01209
0.0120725
0.0119812
0.0119655
0.011876
0.0118621
0.0117744
0.0117624
0.0116765
0.0116664
0.0115825
0.0115743
0.0114923
0.011486
0.011406
0.0114017
0.0113237
0.0113215
0.0112455
0.0112452
0.0111714
0.0111731
0.0111014
0.0111052
0.0110357
0.0110415
0.0109742
0.010982
0.0109169
0.0109269
0.010864
0.010876
0.0108154
0.0108295
0.0107713
0.0107874
0.0107315
0.0107497
0.0106962
0.0107165
0.0106653
0.0106876
0.0106388
0.0106633
0.0106169
0.0106434
0.0105994
0.010628
0.0105864
0.010617
0.0105779
0.0106105
0.0105738
0.0106085
0.0105743
0.010611
0.0105792
0.0106178
0.0105885
0.0106292
0.0106023
0.0106449
0.0106205
0.010665
0.010643
0.0106895
0.01067
0.0107184
0.0107012
0.0107515
0.0107368
0.0107889
0.0107766
0.0108306
0.0108207
0.0108764
0.0108689
0.0109264
0.0109213
0.0109805
0.0109778
0.0110387
0.0110383
0.0111009
0.0111028
0.011167
0.0111712
0.011237
0.0112436
0.0113109
0.0113197
0.0113886
0.0113996
0.01147
0.0114832
0.011555
0.0115704
0.0116436
0.0116612
0.0117358
0.0117555
0.0118314
0.0118532
0.0119304
0.0119543
0.0120327
0.0120586
0.0121383
0.0121662
0.012247
0.0122769
0.0123588
0.0123906
0.0124736
0.0125073
0.0125913
0.0126269
0.0127119
0.0127493
0.0128352
0.0128744
0.0129613
0.0130022
0.0130899
0.0131325
0.0132211
0.0132654
0.0133547
0.0134006
0.0134906
0.0135381
0.0136289
0.0136779
0.0137693
0.0138198
0.0139118
0.0139638
0.0140564
0.0141098
0.0142028
0.0142577
0.0143512
0.0144073
0.0145013
0.0145587
0.0146531
0.0147118
0.0148064
0.0148664
0.0149614
0.0150225
0.0151177
0.0151799
0.0152754
0.0153387
0.0154344
0.0154988
0.0155946
0.01566
0.0157559
0.0158222
0.0159182
0.0159855
0.0160815
0.0161497
0.0162457
0.0163147
0.0164107
0.0164805
0.0165765
0.016647
0.0167429
0.0168142
0.0169099
0.0169819
0.0170775
0.0171501
0.0172454
0.0173187
0.0174138
0.0174876
0.0175825
0.0176569
0.0177514
0.0178264
0.0179207
0.0179962
0.0180904
0.0181663
0.0182602
0.0183365
0.0184301
0.0185067
0.0185998
0.0186768
0.0187695
0.0188466
0.0189388
0.0190161
0.0191077
0.0191852
0.019275
0.0193547
0.0194457
0.0195241
0.0196147
0.0196928
0.0197827
0.0198607
0.0199487
0.0200287
0.0201178
0.0201965
0.020285
0.0203633
0.0204499
0.0205298
0.0206173
0.020696
0.0207827
0.0208609
0.0209457
0.0210252
0.021111
0.0211894
0.0212744
0.0213522
0.0214351
0.0215141
0.021598
0.021676
0.0217591
0.0218364
0.0219172
0.0219956
0.0220776
0.022155
0.0222361
0.0223127
0.0223915
0.022469
0.022549
0.0226257
0.0227038
0.0227808
0.0228596
0.0229356
0.0230124
0.0230887
0.0231661
0.0232413
0.0233167
0.0233922
0.0234682
0.0235426
0.0236166
0.0236914
0.023766
0.0238396
0.0239122
0.0239861
0.0240594
0.0241321
0.0242034
0.0242764
0.0243483
0.0244201
0.02449
0.0245621
0.0246327
0.0247036
0.0247722
0.0248433
0.0249126
0.0249826
0.0250498
0.02512
0.0251879
0.0252569
0.0253229
0.025392
0.0254587
0.0255267
0.0255914
0.0256595
0.025725
0.0257919
0.0258553
0.0259224
0.0259867
0.0260525
0.0261148
0.0261808
0.0262439
0.0263087
0.0263697
0.0264347
0.0264966
0.0265603
0.0266202
0.0266841
0.0267448
0.0268074
0.0268662
0.026929
0.0269887
0.0270502
0.0271079
0.0271696
0.0272282
0.0272886
0.0273452
0.0274058
0.0274633
0.0275226
0.0275782
0.0276377
0.0276942
0.0277524
0.027807
0.0278654
0.0279209
0.027978
0.0280316
0.0280889
0.0281434
0.0281994
0.028252
0.0283082
0.0283618
0.0284167
0.0284684
0.0285235
0.0285761
0.02863
0.0286807
0.0287348
0.0287865
0.0288393
0.0288891
0.0289421
0.0289929
0.0290446
0.0290936
0.0291455
0.0291954
0.0292461
0.0292942
0.029345
0.0293941
0.0294437
0.0294909
0.0295408
0.0295889
0.0296375
0.0296839
0.0297327
0.02978
0.0298276
0.0298731
0.029921
0.0299674
0.030014
0.0300587
0.0301055
0.0301511
0.0301967
0.0302405
0.0302864
0.0303311
0.0303758
0.0304187
0.0304637
0.0305075
0.0305513
0.0305933
0.0306373
0.0306803
0.0307231
0.0307643
0.0308074
0.0308494
0.0308914
0.0309317
0.0309739
0.031015
0.0310561
0.0310954
0.0311368
0.031177
0.0312172
0.0312556
0.0312961
0.0313354
0.0313747
0.0314122
0.0314518
0.0314901
0.0315286
0.0315651
0.0316039
0.0316412
0.0316789
0.0317144
0.0317524
0.0317886
0.0318256
0.03186
0.0318972
0.0319324
0.0319685
0.0320018
0.0320383
0.0320724
0.0321078
0.03214
0.0321757
0.0322086
0.0322432
0.0322742
0.0323092
0.0323409
0.0323748
0.0324046
0.0324389
0.0324693
0.0325025
0.032531
0.0325646
0.0325937
0.0326263
0.0326534
0.0326863
0.0327141
0.0327459
0.0327717
0.0328039
0.0328302
0.0328614
0.0328857
0.0329172
0.0329421
0.0329726
0.0329954
0.0330263
0.0330496
0.0330795
0.0331007
0.0331309
0.0331521
0.0331821
0.0332027
0.0332323
0.0332521
0.0332814
0.0333002
0.0333292
0.0333471
0.0333758
0.0333928
0.0334211
0.0334372
0.0334652
0.0334803
0.033508
0.0335222
0.0335496
0.0335628
0.0335899
0.0336021
0.0336288
0.03364
0.0336664
0.0336766
0.0337027
0.0337118
0.0337376
0.0337457
0.0337711
0.0337781
0.0338032
0.0338091
0.0338339
0.0338386
0.0338632
0.0338667
0.0338909
0.0338933
0.0339172
0.0339184
0.033942
0.0339419
0.0339652
0.0339639
0.0339869
0.0339844
0.034007
0.0340032
0.0340256
0.0340205
0.0340425
0.0340361
0.0340578
0.0340501
0.0340715
0.0340624
0.0340835
0.034073
0.0340938
0.0340819
0.0341024
0.0340891
0.0341092
0.0340945
0.0341144
0.0340982
0.0341178
0.0341001
0.0341194
0.0341002
0.0341192
0.0340986
0.0341172
0.034095
0.0341134
0.0340897
0.0341077
0.0340825
0.0341002
0.0340734
0.0340908
0.0340625
0.0340796
0.0340497
0.0340664
0.0340349
0.0340514
0.0340183
0.0340344
0.0339997
0.0340156
0.0339792
0.0339948
0.0339568
0.0339721
0.0339324
0.0339474
0.0339061
0.0339208
0.0338779
0.0338923
0.0338476
0.0338618
0.0338155
0.0338294
0.0337814
0.033795
0.0337453
0.0337587
0.0337073
0.0337204
0.0336674
0.0336803
0.0336255
0.0336381
0.0335817
0.0335941
0.033536
0.0335482
0.0334884
0.0335004
0.0334389
0.0334506
0.0333875
0.033399
0.0333343
0.0333456
0.0332792
0.0332903
0.0332222
0.0332333
0.0331635
0.0331744
0.033103
0.0331137
0.0330408
0.0330514
0.0329768
0.0329873
0.0329112
0.0329215
0.0328439
0.0328541
0.032775
0.0327851
0.0327045
0.0327146
0.0326241
0.0326425
0.0325519
0.0325708
0.0324799
0.0324994
0.0324079
0.0324277
0.0323355
0.0323555
0.0322624
0.0322824
0.0321884
0.0322084
0.0321134
0.0321334
0.0320374
0.0320573
0.0319603
0.0319802
0.0318822
0.031902
0.0318031
0.0318229
0.0317231
0.0317428
0.0316421
0.0316619
0.0315603
0.0315801
0.0314777
0.0314975
0.0313943
0.0314142
0.0313103
0.0313303
0.0312257
0.0312458
0.0311405
0.0311608
0.0310549
0.0310753
0.0309689
0.0309896
0.0308826
0.0309035
0.0307961
0.0308172
0.0307094
0.0307308
0.0306226
0.0306444
0.0305359
0.030558
0.0304492
0.0304718
0.0303628
0.0303857
0.0302765
0.0302999
0.0301907
0.0302146
0.0301052
0.0301296
0.0300203
0.0300453
0.029936
0.0299615
0.0298524
0.0298785
0.0297695
0.0297963
0.0296876
0.029715
0.0296066
0.0296347
0.0295266
0.0295555
0.0294478
0.0294775
0.0293702
0.0294007
0.029294
0.0293252
0.0292191
0.0292512
0.0291457
0.0291787
0.0290739
0.0291079
0.0290038
0.0290387
0.0289355
0.0289713
0.0288689
0.0289058
0.0288043
0.0288422
0.0287417
0.0287806
0.0286812
0.0287212
0.0286229
0.0286639
0.0285668
0.028609
0.028513
0.0285563
0.0284617
0.0285061
0.0284128
0.0284584
0.0283664
0.0284132
0.0283227
0.0283707
0.0282816
0.0283308
0.0282433
0.0282937
0.0282078
0.0282595
0.0281751
0.0282281
0.0281454
0.0281996
0.0281186
0.0281741
0.0280949
0.0281516
0.0280742
0.0281322
0.0280566
0.0281159
0.0280422
0.0281028
0.028031
0.0280929
0.028023
0.0280861
0.0280182
0.0280826
0.0280168
0.0280824
0.0280186
0.0280855
0.0280237
0.0280919
0.0280322
0.0281015
0.028044
0.0281146
0.0280591
0.0281309
0.0280776
0.0281505
0.0280994
0.0281735
0.0281246
0.0281998
0.028153
0.0282293
0.0281848
0.0282622
0.0282198
0.0282983
0.0282581
0.0283376
0.0282997
0.02838
0.0283444
0.0284257
0.0283922
0.0284744
0.0284432
0.0285262
0.0284972
0.028581
0.0285541
0.0286388
0.0286141
0.0286995
0.0286769
0.0287629
0.0287425
0.0288292
0.0288109
0.0288981
0.0288819
0.0289696
0.0289555
0.0290436
0.0290315
0.0291201
0.02911
0.0291989
0.0291908
0.02928
0.0292738
0.0293632
0.0293589
0.0294484
0.0294461
0.0295356
0.0295351
0.0296246
0.0296259
0.0297153
0.0297183
0.0298076
0.0298123
0.0299014
0.0299077
0.0299965
0.0300044
0.0300929
0.0301023
0.0301903
0.0302012
0.0302887
0.030301
0.0303879
0.0304016
0.0304878
0.0305028
0.0305882
0.0306045
0.030689
0.0307065
0.0307901
0.0308087
0.0308913
0.0309109
0.0309925
0.0310131
0.0310934
0.031115
0.0311941
0.0312165
0.0312942
0.0313174
0.0313938
0.0314176
0.0314925
0.031517
0.0315903
0.0316154
0.031687
0.0317126
0.0317825
0.0318085
0.0318766
0.031903
0.0319691
0.0319958
0.03206
0.0320869
0.032149
0.0321761
0.0322361
0.0322632
0.032321
0.0323484
0.0324028
0.0324315
0.0324846
0.0325116
0.0325614
0.0325895
0.0326377
0.032664
0.0327096
0.0327353
0.032778
0.032803
0.0328463
0.0328672
0.0329101
0.032928
0.0329704
0.0329852
0.0330263
0.03304
0.0330814
0.0330904
0.0331313
0.0331372
0.0331776
0.0331804
0.0332201
0.0332198
0.0332589
0.0332555
0.0332939
0.0332873
0.0333248
0.0333149
0.0333516
0.0333385
0.0333742
0.0333578
0.0333925
0.0333728
0.0334064
0.0333834
0.033416
0.0333896
0.0334209
0.0333912
0.0334214
0.0333882
0.0334172
0.0333806
0.0334083
0.0333683
0.0333947
0.0333513
0.0333763
0.0333295
0.0333531
0.0333029
0.0333251
0.0332715
0.0332922
0.0332353
0.0332545
0.0331941
0.0332118
0.0331481
0.0331643
0.0330972
0.0331118
0.0330414
0.0330545
0.0329807
0.0329922
0.0329152
0.032925
0.0328448
0.032853
0.0327695
0.0327761
0.0326894
0.0326944
0.0326046
0.0326079
0.032515
0.0325167
0.0324206
0.0324207
0.0323216
0.0323201
0.032218
0.0322148
0.0321098
0.032105
0.0319971
0.0319907
0.03188
0.0318719
0.0317584
0.0317488
0.0316325
0.0316213
0.0315024
0.0314897
0.0313681
0.0313539
0.0312298
0.031214
0.0310874
0.0310701
0.0309411
0.0309223
0.030791
0.0307708
0.0306372
0.0306155
0.0304797
0.0304566
0.0303187
0.0302942
0.0301542
0.0301285
0.0299864
0.0299594
0.0298154
0.0297871
0.0296413
0.0296117
0.0294641
0.0294334
0.0292841
0.0292522
0.0291013
0.0290682
0.0289158
0.0288816
0.0287277
0.0286925
0.0285372
0.028501
0.0283444
0.0283072
0.0281494
0.0281113
0.0279523
0.0279133
0.0277532
0.0277134
0.0275523
0.0275117
0.0273497
0.0273083
0.0271454
0.0271033
0.0269397
0.0268969
0.0267326
0.0266891
0.0265242
0.0264801
0.0263148
0.0262701
0.0261042
0.0260591
0.0258928
0.0258472
0.0256806
0.0256345
0.0254677
0.0254212
0.0252543
0.0252074
0.0250403
0.0249932
0.0248261
0.0247786
0.0246116
0.0245639
0.0243969
0.024349
0.0241823
0.0241342
0.0239676
0.0239195
0.0237532
0.0237049
0.023539
0.0234907
0.0233252
0.0232768
0.0231118
0.0230635
0.0228989
0.0228506
0.0226867
0.0226385
0.0224752
0.0224271
0.0222644
0.0222165
0.0220546
0.0220067
0.0218456
0.021798
0.0216377
0.0215903
0.0214309
0.0213837
0.0212252
0.0211783
0.0210207
0.0209741
0.0208175
0.0207712
0.0206156
0.0205696
0.0204151
0.0203695
0.020216
0.0201708
0.0200185
0.0199736
0.0198224
0.019778
0.019628
0.019584
0.0194351
0.0193916
0.0192439
0.0192008
0.0190544
0.0190118
0.0188666
0.0188244
0.0186806
0.0186389
0.0184963
0.0184551
0.0183138
0.0182731
0.0181331
0.0180929
0.0179542
0.0179145
0.0177772
0.017738
0.017602
0.0175633
0.0174286
0.0173905
0.0172572
0.0172196
0.0170875
0.0170505
0.0169198
0.0168832
0.0167538
0.0167178
0.0165898
0.0165543
0.0164276
0.0163926
0.0162672
0.0162327
0.0161086
0.0160747
0.0159518
0.0159184
0.0157969
0.015764
0.0156437
0.0156113
0.0154922
0.0154603
0.0153425
0.0153111
0.0151944
0.0151635
0.0150481
0.0150176
0.0149033
0.0148734
0.0147603
0.0147307
0.0146187
0.0145897
0.0144788
0.0144501
0.0143403
0.0143121
0.0142034
0.0141756
0.0140679
0.0140405
0.0139338
0.0139068
0.0138011
0.0137744
0.0136697
0.0136434
0.0135396
0.0135137
0.0134108
0.0133852
0.0132831
0.0132579
0.0131567
0.0131318
0.0130314
0.0130068
0.0129071
0.0128828
0.0127839
0.0127599
0.0126617
0.012638
0.0125405
0.0125171
0.0124202
0.012397
0.0123007
0.0122778
0.0121821
0.0121594
0.0120643
0.0120418
0.0119472
0.0119249
0.0118308
0.0118087
0.0117151
0.0116932
0.0116
0.0115783
0.0114855
0.011464
0.0113715
0.0113502
0.0112581
0.0112369
0.0111451
0.011124
0.0110325
0.0110116
0.0109203
0.0108996
0.0108085
0.0107879
0.010697
0.0106765
0.0105858
0.0105655
0.0104749
0.0104547
0.0103642
0.0103441
0.0102537
0.0102337
0.0101434
0.0101236
0.0100333
0.0100136
0.00992332
0.00990369
0.00981345
0.00979394
0.00970367
0.00968428
0.00959398
0.00957471
0.00948435
0.00946521
0.00937477
0.00935577
0.00926523
0.00924638
0.00915573
0.00913702
0.00904625
0.0090277
0.0089368
0.00891841
0.00882736
0.00880915
0.00871795
0.00869992
0.00860855
0.00859072
0.00849918
0.00848156
0.00838984
0.00837244
0.00828055
0.00826338
0.0081713
0.00815439
0.00806213
0.00804548
0.00795304
0.00793668
0.00784405
0.007828
0.00773519
0.00771946
0.00762648
0.0076111
0.00751795
0.00750293
0.00740962
0.007395
0.00730153
0.00728732
0.00719372
0.00717995
0.00708622
0.00707291
0.00697906
0.00696625
0.00687231
0.00686001
0.00676599
0.00675424
0.00666016
0.00664899
0.00655486
0.00654431
0.00645016
0.00644025
0.0063461
0.00633686
0.00624275
0.00623422
0.00614016
0.00613238
0.00603841
0.0060314
0.00593754
0.00593135
0.00583764
0.0058323
0.00573877
0.00573432
0.005641
0.00563748
0.00554442
0.00554187
0.00544909
0.00544755
0.00535511
0.00535461
0.00526254
0.00526314
0.00517147
0.00517321
0.00508199
0.0050849
0.00499419
0.00499832
0.00490815
0.00491355
0.00482397
0.00483069
0.00474174
0.00474981
0.00466156
0.00467103
0.00458351
0.00459444
0.00450771
0.00452013
0.00443424
0.00444821
0.00436322
0.00437877
0.00429473
0.00431192
0.00422889
0.00424776
0.00416579
0.0041864
0.00410555
0.00412793
0.00404826
0.00407247
0.00399403
0.00402012
0.00394298
0.00397099
0.0038952
0.00392518
0.00385081
0.0038828
0.00380991
0.00384397
0.00377261
0.00380878
0.00373902
0.00377734
0.00370924
0.00374976
0.00368338
0.00372615
0.00366155
0.00370661
0.00364386
0.00369125
0.0036304
0.00368017
0.00362129
0.00367348
0.00361663
0.00367128
0.00361651
0.00367367
0.00362105
0.00368074
0.00363034
0.00369261
0.00364448
0.00370937
0.00366356
0.00373111
0.00368769
0.00375792
0.00371694
0.0037899
0.00375143
0.00382713
0.00379122
0.00386971
0.00383641
0.00391772
0.00388708
0.00397123
0.00394331
0.00403034
0.00400519
0.00409511
0.00407278
0.00416562
0.00414616
0.00424194
0.0042254
0.00432413
0.00431055
0.00441227
0.0044017
0.00450641
0.00449889
0.0046066
0.00460218
0.00471291
0.00471162
0.00482538
0.00482726
0.00494405
0.00494914
0.00506898
0.0050773
0.00520019
0.00521178
0.00533771
0.00535262
0.00548159
0.00549983
0.00563184
0.00565344
0.00578849
0.00581346
0.00595154
0.00597992
0.00612102
0.00615282
0.00629692
0.00633216
0.00647925
0.00651795
0.00666801
0.00671018
0.00686319
0.00690883
0.00706478
0.0071139
0.00727275
0.00732537
0.00748709
0.0075432
0.00770777
0.00776738
0.00793476
0.00799786
0.00816802
0.00823461
0.00840751
0.00847758
0.00865318
0.00872672
0.00890497
0.00898198
0.00916284
0.00924329
0.00942672
0.0095106
0.00969654
0.00978383
0.00997223
0.0100629
0.0102537
0.0103478
0.0105409
0.0106383
0.0108337
0.0109344
0.0111321
0.011236
0.0114359
0.0115431
0.011745
0.0118554
0.0120594
0.0121729
0.0123789
0.0124956
0.0127033
0.0128231
0.0130327
0.0131555
0.0133669
0.0134927
0.0137057
0.0138344
0.014049
0.0141806
0.0143966
0.0145311
0.0147485
0.0148858
0.0151045
0.0152445
0.0154645
0.0156071
0.0158282
0.0159734
0.0161956
0.0163433
0.0165665
0.0167167
0.0169407
0.0170933
0.0173181
0.017473
0.0176984
0.0178556
0.0180816
0.018241
0.0184675
0.018629
0.0188559
0.0190194
0.0192466
0.019412
0.0196394
0.0198068
0.0200342
0.0202034
0.0204308
0.0206017
0.0208289
0.0210014
0.0212282
0.0214023
0.0216286
0.021804
0.0220298
0.0222064
0.0224318
0.0226097
0.0228346
0.0230138
0.0232381
0.0234185
0.023642
0.0238235
0.0240462
0.024229
0.0244492
0.0246353
0.0248558
0.0250403
0.0252582
0.0254455
0.0256635
0.0258492
0.0260644
0.0262527
0.0264678
0.0266545
0.0268666
0.0270556
0.0272675
0.0274548
0.0276636
0.0278528
0.0280619
0.0282477
0.0284553
0.0286411
0.0288501
0.0290319
0.0292392
0.029421
0.0296297
0.0298073
0.0300138
0.0301914
0.0303995
0.0305719
0.0307798
0.0309497
0.0311572
0.0313247
0.0315316
0.0316966
0.0319029
0.0320653
0.032271
0.0324306
0.0326355
0.0327924
0.0329964
0.0331505
0.0333535
0.0335047
0.0337067
0.0338549
0.0340558
0.0342009
0.0344007
0.0345427
0.0347412
0.0348801
0.0350773
0.035213
0.0354088
0.0355412
0.0357356
0.0358647
0.0360576
0.0361833
0.0363746
0.036497
0.0366867
0.0368056
0.0369936
0.0371091
0.0372954
0.0374073
0.0375918
0.0377003
0.0378829
0.0379878
0.0381685
0.0382698
0.0384486
0.0385463
0.0387231
0.0388171
0.0389919
0.0390823
0.0392551
0.0393418
0.0395124
0.0395955
0.039764
0.0398433
0.0400097
0.0400853
0.0402494
0.0403214
0.0404833
0.0405515
0.0407112
0.0407757
0.0409331
0.0409939
0.0411489
0.041206
0.0413588
0.0414122
0.0415626
0.0416123
0.0417604
0.0418064
0.0419521
0.0419945
0.0421377
0.0421765
0.0423173
0.0423525
0.0424909
0.0425224
0.0426585
0.0426864
0.04282
0.0428444
0.0429756
0.0429965
0.0431252
0.0431426
0.0432689
0.0432828
0.0434067
0.0434172
0.0435387
0.0435457
0.0436648
0.0436685
0.0437851
0.0437855
0.0438997
0.0438968
0.0440086
0.0440025
0.0441119
0.0441026
0.0442096
0.0441972
0.0443018
0.0442863
0.0443885
0.0443699
0.0444699
0.0444482
0.0445458
0.0445213
0.0446165
0.0445891
0.044682
0.0446517
0.0447424
0.0447092
0.0447976
0.0447618
0.0448479
0.0448093
0.0448933
0.0448521
0.0449338
0.04489
0.0449695
0.0449232
0.0450005
0.0449517
0.0450269
0.0449757
0.0450487
0.0449952
0.0450661
0.0450102
0.0450791
0.0450209
0.0450877
0.0450274
0.0450921
0.0450297
0.0450924
0.0450279
0.0450886
0.045022
0.0450808
0.0450122
0.045069
0.0449986
0.0450534
0.0449811
0.045034
0.0449599
0.0450109
0.0449351
0.0449842
0.0449067
0.044954
0.0448748
0.0449203
0.0448395
0.0448831
0.0448008
0.0448426
0.0447589
0.0447989
0.0447137
0.044752
0.0446654
0.0447019
0.044614
0.0446488
0.0445596
0.0445926
0.0445022
0.0445336
0.0444419
0.0444716
0.0443788
0.0444069
0.044313
0.0443393
0.0442444
0.0442691
0.0441731
0.0441962
0.0440993
0.0441208
0.0440229
0.0440428
0.043944
0.0439623
0.0438626
0.0438793
0.0437789
0.043794
0.0436928
0.0437063
0.0436043
0.0436164
0.0435136
0.0435241
0.0434207
0.0434296
0.0433256
0.043333
0.0432283
0.0432342
0.0431289
0.0431333
0.0430275
0.0430303
0.042924
0.0429253
0.0428184
0.0428183
0.0427109
0.0427093
0.0426015
0.0425983
0.0424901
0.0424855
0.0423768
0.0423707
0.0422617
0.0422541
0.0421447
0.0421357
0.0420259
0.0420154
0.0419053
0.0418934
0.041783
0.0417695
0.0416589
0.041644
0.041533
0.0415167
0.0414055
0.0413877
0.0412763
0.0412571
0.0411454
0.0411248
0.0410129
0.0409908
0.0408787
0.0408552
0.040743
0.0407181
0.0406056
0.0405793
0.0404667
0.040439
0.0403263
0.0402971
0.0401843
0.0401537
0.0400407
0.0400088
0.0398957
0.0398624
0.0397492
0.0397145
0.0396013
0.0395652
0.0394519
0.0394145
0.0393011
0.0392623
0.0391489
0.0391087
0.0389953
0.0389538
0.0388403
0.0387975
0.038684
0.0386399
0.0385264
0.038481
0.0383675
0.0383208
0.0382073
0.0381594
0.0380459
0.0379967
0.0378832
0.0378328
0.0377194
0.0376678
0.0375543
0.0375015
0.0373882
0.0373342
0.0372209
0.0371657
0.0370525
0.0369962
0.0368831
0.0368257
0.0367126
0.0366541
0.0365412
0.0364816
0.0363688
0.0363082
0.0361955
0.0361338
0.0360212
0.0359586
0.0358462
0.0357826
0.0356703
0.0356057
0.0354936
0.0354281
0.0353162
0.0352499
0.0351381
0.0350709
0.0349594
0.0348913
0.03478
0.0347112
0.0346001
0.0345305
0.0344197
0.0343493
0.0342388
0.0341677
0.0340574
0.0339857
0.0338757
0.0338034
0.0336937
0.0336207
0.0335114
0.0334379
0.0333289
0.0332548
0.0331462
0.0330716
0.0329634
0.0328884
0.0327805
0.0327051
0.0325976
0.0325219
0.0324148
0.0323387
0.0322321
0.0321557
0.0320495
0.0319729
0.0318672
0.0317904
0.0316852
0.0316082
0.0315035
0.0314264
0.0313222
0.0312451
0.0311414
0.0310642
0.0309611
0.030884
0.0307815
0.0307044
0.0306025
0.0305255
0.0304242
0.0303474
0.0302467
0.0301701
0.0300701
0.0299937
0.0298944
0.0298183
0.0297197
0.0296439
0.029546
0.0294706
0.0293735
0.0292985
0.0292021
0.0291277
0.029032
0.0289581
0.0288633
0.0287899
0.0286959
0.0286231
0.02853
0.0284578
0.0283655
0.0282941
0.0282027
0.028132
0.0280415
0.0279717
0.0278821
0.0278131
0.0277244
0.0276563
0.0275686
0.0275014
0.0274147
0.0273485
0.0272628
0.0271976
0.0271129
0.0270487
0.0269651
0.0269021
0.0268195
0.0267576
0.0266761
0.0266154
0.0265351
0.0264756
0.0263963
0.0263382
0.02626
0.0262032
0.0261262
0.0260707
0.0259949
0.0259408
0.0258662
0.0258135
0.0257402
0.025689
0.0256168
0.0255671
0.0254963
0.0254481
0.0253785
0.0253319
0.0252636
0.0252186
0.0251516
0.0251083
0.0250426
0.025001
0.0249366
0.0248967
0.0248337
0.0247956
0.0247339
0.0246975
0.0246373
0.0246027
0.0245439
0.0245111
0.0244537
0.0244228
0.0243668
0.0243378
0.0242833
0.0242562
0.0242031
0.024178
0.0241264
0.0241032
0.0240531
0.0240319
0.0239833
0.0239641
0.023917
0.0238998
0.0238542
0.0238391
0.0237951
0.023782
0.0237395
0.0237286
0.0236876
0.0236787
0.0236394
0.0236326
0.0235948
0.0235902
0.023554
0.0235515
0.0235169
0.0235165
0.0234835
0.0234854
0.023454
0.023458
0.0234282
0.0234343
0.0234062
0.0234146
0.023388
0.0233986
0.0233737
0.0233864
0.0233632
0.0233782
0.0233566
0.0233737
0.0233538
0.0233731
0.0233549
0.0233764
0.0233598
0.0233835
0.0233686
0.0233945
0.0233812
0.0234094
0.0233978
0.0234281
0.0234181
0.0234506
0.0234424
0.023477
0.0234704
0.0235072
0.0235023
0.0235413
0.0235381
0.0235792
0.0235776
0.0236208
0.0236209
0.0236663
0.023668
0.0237155
0.0237189
0.0237684
0.0237735
0.0238251
0.0238318
0.0238854
0.0238938
0.0239495
0.0239595
0.0240171
0.0240288
0.0240884
0.0241017
0.0241633
0.0241782
0.0242417
0.0242583
0.0243237
0.0243418
0.0244091
0.0244289
0.024498
0.0245193
0.0245902
0.0246131
0.0246859
0.0247103
0.0247848
0.0248108
0.024887
0.0249146
0.0249924
0.0250215
0.025101
0.0251316
0.0252127
0.0252449
0.0253275
0.0253611
0.0254453
0.0254804
0.0255661
0.0256026
0.0256897
0.0257277
0.0258162
0.0258555
0.0259454
0.0259862
0.0260774
0.0261195
0.026212
0.0262555
0.0263492
0.026394
0.0264888
0.0265349
0.0266309
0.0266783
0.0267754
0.026824
0.0269221
0.026972
0.027071
0.0271221
0.0272221
0.0272744
0.0273752
0.0274286
0.0275303
0.0275848
0.0276872
0.0277429
0.0278459
0.0279027
0.0280064
0.0280641
0.0281684
0.0282272
0.028332
0.0283917
0.028497
0.0285577
0.0286634
0.0287249
0.028831
0.0288934
0.0289997
0.029063
0.0291695
0.0292336
0.0293402
0.0294051
0.0295118
0.0295774
0.0296841
0.0297504
0.0298571
0.0299241
0.0300306
0.0300982
0.0302046
0.0302727
0.0303788
0.0304475
0.0305533
0.0306225
0.0307279
0.0307976
0.0309025
0.0309726
0.031077
0.0311474
0.0312513
0.031322
0.0314252
0.0314962
0.0315987
0.03167
0.0317717
0.0318431
0.0319439
0.0320163
0.0321125
0.0321887
0.0322875
0.0323599
0.0324545
0.0325303
0.0326268
0.0326989
0.0327915
0.0328668
0.0329608
0.0330324
0.0331226
0.0331973
0.0332885
0.0333597
0.0334472
0.033521
0.0336094
0.0336793
0.0337669
0.0338344
0.0339188
0.0339884
0.0340752
0.0341397
0.034226
0.0342881
0.0343712
0.0344354
0.0345206
0.0345791
0.0346637
0.0347197
0.0348033
0.0348571
0.0349371
0.0349934
0.0350757
0.0351253
0.035207
0.0352541
0.0353347
0.0353795
0.035459
0.0355014
0.0355798
0.0356198
0.0356948
0.0357375
0.035814
0.035849
0.0359244
0.0359567
0.0360313
0.0360609
0.0361346
0.0361616
0.0362346
0.0362588
0.0363307
0.0363521
0.0364227
0.0364413
0.0365106
0.0365263
0.0365942
0.036607
0.0366736
0.0366834
0.0367485
0.0367553
0.036819
0.0368228
0.036885
0.0368857
0.0369463
0.036944
0.037003
0.0369975
0.0370549
0.0370463
0.037102
0.0370903
0.0371443
0.0371294
0.0371817
0.0371635
0.0372141
0.0371927
0.0372415
0.0372168
0.0372638
0.0372359
0.0372811
0.0372499
0.0372932
0.0372588
0.0373001
0.0372624
0.0373019
0.0372609
0.0372984
0.0372541
0.0372897
0.0372421
0.0372758
0.0372249
0.0372565
0.0372024
0.037232
0.0371745
0.0372022
0.0371414
0.0371671
0.0371031
0.0371267
0.0370594
0.037081
0.0370105
0.03703
0.0369562
0.0369737
0.0368968
0.0369122
0.0368321
0.0368455
0.0367622
0.0367736
0.0366871
0.0366964
0.0366069
0.0366142
0.0365215
0.0365268
0.0364311
0.0364343
0.0363356
0.0363369
0.0362352
0.0362344
0.0361297
0.036127
0.0360194
0.0360147
0.0359043
0.0358976
0.0357844
0.0357758
0.0356598
0.0356493
0.0355305
0.0355181
0.0353966
0.0353824
0.0352583
0.0352422
0.0351155
0.0350976
0.0349684
0.0349487
0.034817
0.0347956
0.0346615
0.0346383
0.0345018
0.034477
0.0343382
0.0343117
0.0341706
0.0341425
0.0339993
0.0339696
0.0338242
0.033793
0.0336456
0.0336128
0.0334634
0.0334292
0.0332779
0.0332423
0.0330891
0.0330521
0.0328971
0.0328587
0.0327021
0.0326624
0.0325041
0.0324632
0.0323033
0.0322611
0.0320997
0.0320565
0.0318936
0.0318493
0.0316851
0.0316396
0.0314742
0.0314277
0.031261
0.0312136
0.0310458
0.0309975
0.0308286
0.0307794
0.0306096
0.0305596
0.0303889
0.0303381
0.0301665
0.030115
0.0299428
0.0298906
0.0297177
0.0296649
0.0294913
0.029438
0.029264
0.0292101
0.0290357
0.0289814
0.0288066
0.0287519
0.0285768
0.0285217
0.0283465
0.0282911
0.0281157
0.0280601
0.0278847
0.0278289
0.0276535
0.0275976
0.0274223
0.0273663
0.0271911
0.0271351
0.0269602
0.0269042
0.0267297
0.0266737
0.0264996
0.0264438
0.0262701
0.0262145
0.0260414
0.0259859
0.0258135
0.0257583
0.0255865
0.0255316
0.0253606
0.0253061
0.0251359
0.0250818
0.0249126
0.0248589
0.0246906
0.0246375
0.0244702
0.0244176
0.0242515
0.0241994
0.0240345
0.023983
0.0238193
0.0237686
0.0236062
0.0235561
0.0233951
0.0233458
0.0231861
0.0231376
0.0229795
0.0229318
0.0227752
0.0227283
0.0225733
0.0225274
0.022374
0.022329
0.0221773
0.0221333
0.0219834
0.0219404
0.0217922
0.0217503
0.021604
0.0215631
0.0214187
0.0213789
0.0212365
0.0211978
0.0210573
0.0210198
0.0208814
0.020845
0.0207087
0.0206735
0.0205393
0.0205053
0.0203733
0.0203406
0.0202107
0.0201792
0.0200516
0.0200214
0.0198961
0.0198672
0.0197441
0.0197166
0.0195958
0.0195696
0.0194512
0.0194264
0.0193103
0.0192868
0.0191732
0.0191511
0.0190399
0.0190192
0.0189104
0.0188911
0.0187848
0.0187669
0.018663
0.0186466
0.0185452
0.0185302
0.0184313
0.0184177
0.0183214
0.0183092
0.0182155
0.0182047
0.0181135
0.0181041
0.0180155
0.0180075
0.0179215
0.0179149
0.0178314
0.0178263
0.0177454
0.0177417
0.0176634
0.0176611
0.0175853
0.0175845
0.0175112
0.0175118
0.0174411
0.017443
0.017375
0.0173782
0.0173127
0.0173174
0.0172544
0.0172604
0.0171999
0.0172073
0.0171493
0.017158
0.0171026
0.0171125
0.0170596
0.0170709
0.0170204
0.0170329
0.0169849
0.0169987
0.0169531
0.0169681
0.016925
0.0169412
0.0169005
0.0169179
0.0168795
0.0168981
0.016862
0.0168817
0.016848
0.0168689
0.0168374
0.0168594
0.0168302
0.0168532
0.0168263
0.0168503
0.0168255
0.0168506
0.016828
0.016854
0.0168336
0.0168605
0.0168422
0.0168701
0.0168538
0.0168826
0.0168683
0.0168979
0.0168857
0.0169161
0.0169058
0.0169371
0.0169287
0.0169607
0.0169541
0.0169869
0.0169822
0.0170156
0.0170127
0.0170468
0.0170456
0.0170803
0.0170808
0.0171161
0.0171183
0.0171541
0.0171579
0.0171943
0.0171996
0.0172365
0.0172433
0.0172807
0.017289
0.0173267
0.0173364
0.0173746
0.0173857
0.0174241
0.0174366
0.0174754
0.017489
0.0175281
0.017543
0.0175823
0.0175984
0.0176379
0.0176552
0.0176948
0.0177131
0.017753
0.0177723
0.0178122
0.0178325
0.0178725
0.0178937
0.0179338
0.0179559
0.0179959
0.0180188
0.0180588
0.0180825
0.0181225
0.0181469
0.0181867
0.0182119
0.0182516
0.0182773
0.0183169
0.0183432
0.0183822
0.0184097
0.0184486
0.0184767
0.0185154
0.0185439
0.0185824
0.0186112
0.0186495
0.0186787
0.0187167
0.0187462
0.0187839
0.0188136
0.0188509
0.0188808
0.0189178
0.0189479
0.0189845
0.0190146
0.0190508
0.019081
0.0191167
0.019147
0.0191821
0.0192123
0.0192468
0.0192768
0.0193107
0.0193406
0.0193738
0.0194034
0.0194359
0.0194652
0.0194958
0.0195263
0.0195579
0.0195876
0.0196186
0.0196478
0.0196779
0.0197063
0.0197346
0.0197638
0.0197928
0.0198212
0.0198493
0.019877
0.0199041
0.019931
0.0199559
0.0199833
0.0200091
0.0200358
0.0200608
0.0200863
0.0201091
0.020135
0.0201584
0.0201834
0.0202058
0.0202295
0.0202496
0.0202737
0.0202943
0.0203174
0.0203371
0.020359
0.0203761
0.0203981
0.0204161
0.0204371
0.0204531
0.0204738
0.0204901
0.0205095
0.0205237
0.0205429
0.0205573
0.0205752
0.0205875
0.0206051
0.0206175
0.0206338
0.0206441
0.0206601
0.0206707
0.0206852
0.0206936
0.020708
0.0207166
0.0207295
0.0207359
0.0207485
0.0207553
0.0207665
0.0207709
0.0207817
0.0207866
0.0207961
0.0207985
0.0208076
0.0208105
0.0208183
0.0208187
0.020826
0.020827
0.020833
0.0208315
0.0208371
0.0208361
0.0208404
0.0208369
0.0208407
0.0208379
0.0208405
0.020835
0.0208371
0.0208324
0.0208332
0.0208259
0.0208262
0.0208196
0.0208188
0.0208095
0.0208081
0.0207997
0.0207972
0.0207861
0.0207829
0.0207728
0.0207685
0.0207556
0.0207508
0.0207389
0.020733
0.0207183
0.0207118
0.0206976
0.0206903
0.020676
0.0206677
0.0206505
0.0206416
0.0206249
0.0206152
0.0205984
0.0205877
0.020568
0.0205568
0.0205377
0.0205256
0.0205059
0.0204931
0.0204732
0.0204595
0.0204367
0.0204225
0.0204003
0.0203854
0.0203626
0.020347
0.0203235
0.0203072
0.020283
0.020266
0.0202411
0.0202235
0.0201979
0.0201796
0.0201533
0.0201344
0.0201074
0.0200879
0.0200603
0.0200402
0.0200119
0.0199912
0.0199622
0.019941
0.0199114
0.0198897
0.0198594
0.0198372
0.0198063
0.0197835
0.0197521
0.0197288
0.0196968
0.019673
0.0196404
0.0196162
0.0195831
0.0195584
0.0195247
0.0194995
0.0194653
0.0194398
0.0194051
0.0193791
0.0193438
0.0193175
0.0192818
0.019255
0.0192188
0.0191917
0.019155
0.0191276
0.0190904
0.0190627
0.0190251
0.018997
0.0189589
0.0189305
0.0188921
0.0188634
0.0188245
0.0187956
0.0187563
0.0187271
0.0186874
0.0186579
0.0186179
0.0185882
0.0185477
0.0185178
0.018477
0.0184469
0.0184057
0.0183754
0.0183339
0.0183034
0.0182616
0.0182309
0.0181888
0.018158
0.0181155
0.0180845
0.0180418
0.0180106
0.0179673
0.0179363
0.0178925
0.0178616
0.0178176
0.0177866
0.0177424
0.0177113
0.017667
0.0176357
0.0175912
0.0175598
0.0175151
0.0174837
0.0174388
0.0174072
0.0173622
0.0173305
0.0172854
0.0172536
0.0172082
0.0171764
0.0171309
0.0170989
0.0170534
0.0170216
0.0169759
0.0169439
0.016898
0.0168661
0.01682
0.016788
0.016742
0.0167102
0.016664
0.0166322
0.0165859
0.0165541
0.0165077
0.0164759
0.0164295
0.0163978
0.0163513
0.0163198
0.0162733
0.0162418
0.0161953
0.0161639
0.0161174
0.0160861
0.0160396
0.0160084
0.0159618
0.0159308
0.0158842
0.0158533
0.0158067
0.0157758
0.0157293
0.0156985
0.0156519
0.0156213
0.0155747
0.0155441
0.0154975
0.015467
0.0154204
0.0153901
0.0153435
0.0153132
0.0152666
0.0152364
0.0151898
0.0151597
0.0151131
0.0150831
0.0150365
0.0150065
0.01496
0.0149301
0.0148836
0.0148538
0.0148073
0.0147776
0.0147311
0.0147014
0.014655
0.0146254
0.014579
0.0145495
0.0145032
0.0144737
0.0144274
0.0143981
0.0143518
0.0143226
0.0142764
0.0142472
0.014201
0.0141719
0.0141259
0.0140968
0.0140509
0.0140219
0.0139761
0.0139472
0.0139014
0.0138726
0.013827
0.0137982
0.0137527
0.0137241
0.0136787
0.0136501
0.013605
0.0135765
0.0135314
0.013503
0.0134582
0.0134298
0.0133852
0.013357
0.0133125
0.0132844
0.0132402
0.0132121
0.0131681
0.0131402
0.0130965
0.0130687
0.0130252
0.0129975
0.0129543
0.0129268
0.0128839
0.0128565
0.0128139
0.0127867
0.0127444
0.0127173
0.0126754
0.0126485
0.012607
0.0125802
0.0125391
0.0125125
0.0124718
0.0124454
0.0124051
0.0123789
0.0123391
0.0123131
0.0122737
0.012248
0.0122091
0.0121836
0.0121453
0.0121201
0.0120823
0.0120573
0.01202
0.0119954
0.0119587
0.0119343
0.0118983
0.0118742
0.0118388
0.0118151
0.0117803
0.011757
0.0117229
0.0116999
0.0116665
0.0116439
0.0116113
0.0115891
0.0115572
0.0115355
0.0115044
0.0114831
0.0114528
0.0114319
0.0114025
0.0113821
0.0113535
0.0113337
0.011306
0.0112867
0.0112599
0.0112412
0.0112153
0.0111972
0.0111723
0.0111548
0.0111308
0.011114
0.011091
0.0110748
0.0110529
0.0110374
0.0110166
0.0110018
0.0109821
0.010968
0.0109494
0.0109361
0.0109186
0.0109061
0.0108898
0.0108781
0.0108629
0.0108522
0.0108382
0.0108283
0.0108155
0.0108066
0.0107951
0.010787
0.0107768
0.0107697
0.0107608
0.0107547
0.0107471
0.0107421
0.0107358
0.0107318
0.0107268
0.0107239
0.0107204
0.0107186
0.0107164
0.0107158
0.010715
0.0107156
0.0107162
0.0107792
0.0108188
0.0108484
0.010881
0.010902
0.0109292
0.0109453
0.0109694
0.010983
0.0110058
0.0110184
0.0110411
0.0110535
0.0110768
0.0110898
0.0111141
0.0111279
0.0111536
0.0111686
0.0111958
0.0112121
0.0112411
0.0112588
0.0112895
0.0113087
0.0114283
0.0115028
0.0115791
0.0116384
0.011707
0.0117605
0.0118239
0.0118716
0.0119309
0.0119754
0.0120328
0.0120757
0.0121327
0.0121752
0.0122327
0.0122756
0.0123342
0.0123779
0.0124381
0.0124829
0.0125449
0.0125911
0.012655
0.0127027
0.0127686
0.012818
0.012886
0.012937
0.0130073
0.01306
0.0131354
0.013183
0.0132612
0.0133112
0.0133919
0.0134438
0.0135267
0.0135805
0.0136656
0.0137212
0.0138085
0.0138659
0.0139553
0.0140144
0.014106
0.0141669
0.0142605
0.0143232
0.0144188
0.0144832
0.0145809
0.014647
0.0147467
0.0148145
0.0149162
0.0149856
0.0150892
0.0151603
0.0152659
0.0153386
0.015446
0.0155203
0.0156295
0.0157054
0.0158164
0.0158939
0.0160066
0.0160856
0.0162001
0.0162806
0.0163967
0.0164787
0.0165964
0.0166798
0.0167992
0.016884
0.0170048
0.017091
0.0172133
0.0173009
0.0174246
0.0175134
0.0176386
0.0177286
0.0178551
0.0179464
0.0180741
0.0181666
0.0182955
0.0183892
0.0185192
0.018614
0.0187451
0.018841
0.0189731
0.01907
0.0192031
0.0193009
0.019435
0.0195337
0.0196686
0.0197682
0.0199039
0.0200043
0.0201407
0.020242
0.020379
0.020481
0.0206185
0.0207212
0.0208593
0.0209626
0.0211012
0.0212051
0.021344
0.0214484
0.0215876
0.0216925
0.0218319
0.0219373
0.0220769
0.0221826
0.0223223
0.0224283
0.022568
0.0226743
0.022814
0.0229205
0.02306
0.0231667
0.023306
0.0234128
0.0235518
0.0236587
0.0237973
0.0239042
0.0240424
0.02415
0.0242847
0.0243947
0.0245319
0.0246391
0.0247729
0.0248824
0.0250182
0.0251247
0.0252572
0.0253659
0.0255001
0.0256056
0.0257367
0.0258443
0.0259766
0.026081
0.026212
0.0263156
0.026443
0.0265486
0.0266775
0.0267798
0.0269075
0.0270088
0.0271332
0.0272365
0.0273615
0.0274613
0.027585
0.0276836
0.0278058
0.0279034
0.0280239
0.0281204
0.0282393
0.0283348
0.028452
0.0285465
0.028662
0.0287555
0.0288693
0.0289616
0.0290735
0.0291646
0.0292745
0.0293644
0.0294722
0.0295607
0.0296664
0.0297536
0.0298572
0.029943
0.0300444
0.0301287
0.0302278
0.0303107
0.0304075
0.0304888
0.0305833
0.030663
0.0307551
0.0308332
0.0309228
0.0309993
0.0310864
0.0311612
0.0312458
0.0313189
0.0314008
0.0314722
0.0315515
0.0316211
0.0316977
0.0317654
0.0318394
0.0319053
0.0319765
0.0320404
0.0321089
0.0321709
0.0322365
0.0322966
0.0323594
0.0324175
0.0324774
0.0325335
0.0325904
0.0326445
0.0326985
0.0327506
0.0328016
0.0328516
0.0328996
0.0329475
0.0329925
0.0330383
0.0330803
0.0331239
0.0331628
0.0332043
0.0332401
0.0332795
0.0333122
0.0333493
0.0333789
0.0334139
0.0334403
0.0334731
0.0334964
0.0335269
0.033547
0.0335754
0.0335923
0.0336184
0.0336322
0.033656
0.0336666
0.0336882
0.0336956
0.0337149
0.0337191
0.0337362
0.0337372
0.033752
0.0337498
0.0337624
0.0337569
0.0337673
0.0337586
0.0337667
0.0337549
0.0337607
0.0337456
0.0337492
0.033731
0.0337323
0.0337109
0.0337099
0.0336854
0.0336822
0.0336545
0.0336491
0.0336182
0.0336106
0.0335766
0.0335667
0.0335296
0.0335176
0.0334773
0.0334631
0.0334198
0.0334034
0.033357
0.0333385
0.033289
0.0332684
0.0332159
0.0331931
0.0331376
0.0331127
0.0330543
0.0330273
0.0329659
0.0329368
0.0328725
0.0328414
0.0327741
0.032741
0.0326709
0.0326357
0.0325628
0.0325257
0.0324499
0.0324108
0.0323323
0.0322913
0.03221
0.0321671
0.0320807
0.0320382
0.0319496
0.0319055
0.0318148
0.0317689
0.0316761
0.0316283
0.0315334
0.0314837
0.0313866
0.031335
0.0312357
0.0311823
0.0310808
0.0310255
0.0309219
0.0308648
0.030759
0.0307001
0.0305923
0.0305317
0.030422
0.0303597
0.0302483
0.030184
0.0300711
0.0300055
0.0298911
0.0298245
0.0297088
0.0296413
0.0295243
0.0294559
0.0293376
0.0292684
0.0291489
0.0290789
0.0289582
0.0288875
0.0287655
0.0286941
0.0285711
0.0284989
0.0283748
0.0283019
0.0281768
0.0281033
0.0279771
0.0279029
0.0277758
0.027701
0.0275729
0.0274976
0.0273686
0.0272927
0.0271629
0.0270864
0.0269558
0.0268788
0.0267474
0.02667
0.0265378
0.0264599
0.026327
0.0262488
0.0261152
0.0260365
0.0259023
0.0258233
0.0256886
0.0256092
0.0254739
0.0253943
0.0252585
0.0251786
0.0250423
0.0249621
0.0248255
0.0247451
0.0246081
0.0245275
0.0243902
0.0243095
0.0241719
0.0240911
0.0239532
0.0238723
0.0237343
0.0236533
0.0235151
0.023434
0.0232958
0.0232147
0.0230764
0.0229954
0.022857
0.0227761
0.0226378
0.0225569
0.0224186
0.0223378
0.0221997
0.0221191
0.0219811
0.0219006
0.0217629
0.0216826
0.0215451
0.021465
0.0213278
0.021248
0.0211111
0.0210315
0.0208949
0.0208153
0.0206789
0.0205992
0.0204627
0.020383
0.0201336
0.0199566
0.0197237
0.0194595
0.0190867
0.0188799
0.0186332
0.0184588
0.0182408
0.0180943
0.0178978
0.0177702
0.0175887
0.0174741
0.0173032
0.0171976
0.0170342
0.0169349
0.0167767
0.0166821
0.0165276
0.0164362
0.0162846
0.0161956
0.0160461
0.015959
0.0158111
0.0157255
0.0155789
0.0154946
0.0153491
0.0152658
0.0151214
0.0150391
0.0148956
0.0148142
0.0146716
0.014591
0.0144493
0.0143696
0.0142287
0.0141498
0.0140099
0.0139318
0.0137927
0.0137155
0.0135773
0.013501
0.0133637
0.0132883
0.0131519
0.0130774
0.012942
0.0128684
0.012734
0.0126613
0.0125279
0.0124561
0.0123238
0.012253
0.0121217
0.012052
0.0119218
0.011853
0.0117239
0.0116562
0.0115282
0.0114615
0.0113346
0.011269
0.0111433
0.0110788
0.0109543
0.0108909
0.0107675
0.0107052
0.0105831
0.010522
0.0104011
0.010341
0.0102214
0.0101625
0.0100442
0.00998646
0.00986937
0.00981284
0.00969705
0.00964172
0.00952723
0.0094731
0.00935993
0.00930702
0.00919519
0.0091435
0.00903301
0.00898256
0.00887343
0.00882423
0.00871646
0.00866851
0.00856212
0.00851544
0.00841043
0.00836503
0.00826141
0.00821729
0.00811507
0.00807224
0.00797144
0.0079299
0.00783052
0.00779028
0.00769232
0.00765339
0.00755687
0.00751925
0.00742417
0.00738787
0.00729423
0.00725926
0.00716707
0.00713343
0.00704269
0.00701039
0.00692111
0.00689015
0.00680232
0.00677271
0.00668635
0.00665809
0.0065732
0.00654628
0.00646287
0.00643731
0.00635537
0.00633117
0.00625071
0.00622787
0.00614889
0.00612741
0.00604991
0.0060298
0.00595378
0.00593504
0.00586051
0.00584314
0.00577009
0.00575409
0.00568253
0.00566791
0.00559784
0.00558459
0.00551601
0.00550414
0.00543704
0.00542655
0.00536095
0.00535183
0.00528772
0.00527999
0.00521736
0.00521101
0.00514987
0.0051449
0.00508526
0.00508167
0.00502351
0.00502131
0.00496464
0.00496382
0.00490864
0.0049092
0.00485551
0.00485746
0.00480525
0.00480859
0.00475786
0.00476258
0.00471334
0.00471945
0.00467169
0.00467918
0.00463291
0.00464179
0.004597
0.00460725
0.00456395
0.00457559
0.00453376
0.00454679
0.00450644
0.00452085
0.00448198
0.00449777
0.00446038
0.00447755
0.00444163
0.00446019
0.00442575
0.00444568
0.00441272
0.00443403
0.00440254
0.00442523
0.00439521
0.00441928
0.00439073
0.00441618
0.0043891
0.00441592
0.00439031
0.00441851
0.00439436
0.00442393
0.00440125
0.00443219
0.00441098
0.00444329
0.00442354
0.00445928
0.00443881
0.00447567
0.00445638
0.00449431
0.00447631
0.00451537
0.00449875
0.00453902
0.00452382
0.00456532
0.00455158
0.00459435
0.00458209
0.00462613
0.00461537
0.0046607
0.00465144
0.00469806
0.00469032
0.00473823
0.004732
0.0047812
0.00477649
0.00482698
0.00482379
0.00487557
0.0048739
0.00492696
0.0049268
0.00498114
0.0049825
0.00503811
0.00504098
0.00509786
0.00510224
0.00516038
0.00516628
0.00522567
0.00523307
0.00529371
0.00530262
0.00536449
0.0053749
0.00543801
0.00544991
0.00551424
0.00552764
0.00559318
0.00560807
0.00567482
0.00569119
0.00575913
0.00577698
0.00584611
0.00586543
0.00593574
0.00595653
0.006028
0.00605026
0.00612288
0.0061466
0.00622035
0.00624552
0.00632041
0.00634703
0.00642303
0.00645108
0.00652818
0.00655767
0.00663586
0.00666677
0.00674603
0.00677836
0.00685867
0.00689238
0.00697371
0.00700878
0.00709106
0.00712754
0.00721066
0.0072487
0.00733261
0.00737223
0.00745688
0.0074979
0.00758325
0.00762524
0.00771126
0.00775419
0.00784087
0.00788472
0.00797203
0.0080168
0.00810471
0.00815039
0.00823891
0.00828548
0.00837457
0.00842204
0.00851169
0.00856004
0.00865023
0.00869946
0.00879017
0.00884026
0.00893148
0.00898243
0.00907414
0.00912593
0.0092181
0.00927072
0.00936334
0.00941679
0.00950983
0.00956409
0.00965753
0.00971259
0.00980641
0.00986225
0.00995642
0.010013
0.0101075
0.0101649
0.0102597
0.0103178
0.0104129
0.0104717
0.010567
0.0106266
0.0107221
0.0107823
0.0108781
0.010939
0.0110349
0.0110964
0.0111924
0.0112546
0.0113507
0.0114135
0.0115097
0.0115731
0.0116693
0.0117332
0.0118294
0.0118939
0.0119901
0.0120551
0.0121512
0.0122167
0.0123127
0.0123786
0.0124745
0.0125409
0.0126365
0.0127034
0.0127988
0.012866
0.0129612
0.0130288
0.0131236
0.0131916
0.013286
0.0133543
0.0134484
0.0135169
0.0136106
0.0136794
0.0137725
0.0138415
0.0139342
0.0140035
0.0140956
0.0141652
0.0142567
0.0143268
0.0144178
0.0144879
0.0145788
0.0146489
0.0147395
0.0148093
0.0148991
0.0149688
0.0150578
0.0151272
0.0152153
0.0152846
0.0153718
0.0154408
0.015527
0.0155957
0.015681
0.0157494
0.0158337
0.0159016
0.0159849
0.0161516
0.0163219
0.0164681
0.0167625
0.0169562
0.0171462
0.0172986
0.0174485
0.0175829
0.0177144
0.0178268
0.0179419
0.0180406
0.0181437
0.0182331
0.0183274
0.0184103
0.0184983
0.0185765
0.0186596
0.0187345
0.0188138
0.0188861
0.0189623
0.0190327
0.0191062
0.0191752
0.0192463
0.019314
0.0193829
0.0194495
0.0195165
0.0195815
0.0196474
0.0197105
0.0197755
0.0198368
0.0199008
0.0199602
0.0200234
0.0200809
0.0201431
0.0201987
0.02026
0.0203137
0.0203741
0.0204258
0.0204851
0.0205349
0.0205932
0.0206409
0.0206982
0.0207439
0.0208001
0.0208436
0.0208988
0.0209402
0.0209942
0.0210334
0.0210862
0.0211233
0.0211749
0.0212098
0.0212602
0.0212928
0.0213419
0.0213722
0.0214201
0.0214481
0.0214946
0.0215203
0.0215655
0.0215888
0.0216326
0.0216535
0.021696
0.0217145
0.0217555
0.0217716
0.0218112
0.0218248
0.021863
0.0218741
0.0219108
0.0219194
0.0219547
0.0219607
0.0219945
0.021998
0.0220302
0.0220312
0.0220618
0.0220601
0.022089
0.0220848
0.022112
0.0221051
0.0221305
0.0221209
0.0221445
0.0221322
0.022154
0.0221388
0.022159
0.0221409
0.0221595
0.0221387
0.0221558
0.0221323
0.0221478
0.0221216
0.0221355
0.0221067
0.022119
0.0220875
0.0220982
0.022064
0.0220731
0.0220363
0.0220437
0.0220043
0.0220101
0.021968
0.0219723
0.0219275
0.0219302
0.0218828
0.0218839
0.0218338
0.0218334
0.0217808
0.0217787
0.0217235
0.0217199
0.0216621
0.021657
0.0215967
0.02159
0.0215272
0.021519
0.0214537
0.0214439
0.0213762
0.021365
0.0212948
0.0212821
0.0212094
0.0211953
0.0211203
0.0211047
0.0210273
0.0210104
0.0209307
0.0209123
0.0208303
0.0208106
0.0207263
0.0207053
0.0206188
0.0205964
0.0205078
0.0204841
0.0203933
0.0203684
0.0202755
0.0202494
0.0201544
0.0201271
0.0200301
0.0200017
0.0199027
0.0198731
0.0197721
0.0197415
0.0196387
0.0196069
0.0195023
0.0194695
0.0193593
0.0193292
0.0192181
0.0191872
0.0190747
0.0190432
0.0189294
0.0188972
0.0187819
0.0187491
0.0186324
0.0185988
0.0184807
0.0184464
0.0183269
0.018292
0.0181711
0.0181355
0.0180133
0.0179771
0.0178536
0.0178169
0.0176922
0.0176549
0.017529
0.0174912
0.0173643
0.017326
0.017198
0.0171594
0.0170304
0.0169913
0.0168614
0.0168221
0.0166913
0.0166517
0.0165201
0.0164803
0.0163479
0.016308
0.0161749
0.0161348
0.0160011
0.015961
0.0158267
0.0157865
0.0156517
0.0156116
0.0154763
0.0154363
0.0153006
0.0152607
0.0151247
0.015085
0.0149487
0.0149093
0.0147728
0.0147336
0.0145969
0.0145581
0.0144213
0.0143829
0.0142461
0.0142081
0.0140713
0.0140338
0.013897
0.0138601
0.0137235
0.0136871
0.0135507
0.013515
0.0133788
0.0133437
0.0132079
0.0131736
0.0130381
0.0130045
0.0128695
0.0128368
0.0127022
0.0126703
0.0125363
0.0125054
0.0123719
0.0123419
0.0122091
0.0121801
0.012048
0.0120201
0.0118887
0.0118619
0.0117313
0.0117056
0.0115759
0.0115514
0.0114225
0.0113993
0.0112714
0.0112494
0.0111224
0.0111017
0.0109758
0.0109565
0.0108317
0.0108137
0.01069
0.0106735
0.010551
0.0105359
0.0104146
0.010401
0.0102809
0.0102689
0.0101501
0.0101396
0.0100222
0.0100132
0.00989719
0.00988989
0.00977525
0.0097696
0.00965642
0.00965244
0.00954074
0.00953848
0.0094283
0.00942776
0.00931913
0.00932036
0.00921331
0.00921632
0.00911089
0.0091157
0.00901192
0.00901855
0.00891645
0.00892493
0.00882453
0.00883487
0.0087362
0.00874843
0.00865151
0.00866563
0.00857049
0.00858653
0.00849319
0.00851116
0.00841964
0.00843955
0.00834987
0.00837174
0.00828391
0.00830774
0.00822179
0.0082476
0.00816354
0.00819133
0.00810918
0.00813895
0.00805872
0.00809048
0.00801219
0.00804595
0.00796959
0.00800535
0.00793095
0.00796871
0.00789627
0.00793602
0.00786556
0.0079073
0.00783881
0.00788255
0.00781605
0.00786177
0.00779725
0.00784495
0.00778242
0.0078321
0.00777155
0.0078232
0.00776464
0.00781824
0.00776167
0.00781721
0.00776262
0.0078201
0.00776749
0.00782688
0.00777625
0.00783754
0.00778887
0.00785205
0.00780535
0.00787039
0.00782564
0.00789253
0.00784973
0.00791844
0.00787757
0.00794808
0.00790913
0.00798143
0.00794438
0.00801843
0.00798328
0.00805906
0.00802579
0.00810327
0.00807186
0.00815101
0.00812144
0.00820223
0.00817449
0.00825689
0.00823096
0.00831494
0.00829078
0.00837631
0.00835392
0.00844095
0.0084203
0.00850881
0.00848987
0.00857981
0.00856257
0.00865391
0.00863833
0.00873102
0.00871708
0.00881109
0.00879876
0.00889404
0.00888329
0.00897981
0.00897061
0.00906831
0.00906062
0.00915947
0.00915327
0.00925321
0.00924847
0.00934945
0.00934614
0.00944812
0.00944619
0.00954912
0.00954854
0.00965237
0.00965311
0.00975778
0.00975981
0.00986527
0.00986854
0.00997474
0.00997922
0.0100861
0.0100917
0.0101993
0.010206
0.0103141
0.010322
0.0104306
0.0104395
0.0105486
0.0105584
0.0106679
0.0106788
0.0107886
0.0108004
0.0109105
0.0109231
0.0110334
0.0110469
0.0111574
0.0111717
0.0112823
0.0112973
0.0114079
0.0114236
0.0115342
0.0115505
0.011661
0.011678
0.0117884
0.0118059
0.011916
0.011934
0.0120439
0.0120624
0.0121719
0.0121908
0.0122999
0.0123191
0.0124278
0.0124473
0.0125554
0.0125753
0.0126827
0.0127028
0.0128096
0.0128298
0.0129359
0.0129563
0.0130615
0.0130819
0.0131863
0.0132068
0.0133102
0.0133307
0.0134331
0.0134535
0.0135548
0.0135751
0.0136753
0.0136954
0.0137944
0.0138142
0.013912
0.0139316
0.014028
0.0140473
0.0141423
0.0141612
0.0142548
0.0142732
0.0143653
0.0143833
0.0144737
0.0144912
0.01458
0.014597
0.0146841
0.0147004
0.0147857
0.0148014
0.0148849
0.0148998
0.0149814
0.0149957
0.0150753
0.0150887
0.0151663
0.015179
0.0152545
0.0152662
0.0153396
0.0153504
0.0154216
0.0154315
0.0155004
0.0155093
0.0155759
0.0155837
0.015648
0.0156547
0.0157166
0.0157222
0.0157816
0.015786
0.0158429
0.0158462
0.0159005
0.0159025
0.0159542
0.0159549
0.016004
0.0160034
0.0160497
0.0160478
0.0160914
0.016088
0.0161288
0.0161241
0.0161621
0.0161559
0.016191
0.0161833
0.0162155
0.0162063
0.0162355
0.0162248
0.016251
0.0162387
0.016262
0.016248
0.0162682
0.0162526
0.0162698
0.0162525
0.0162666
0.0162476
0.0162585
0.0162379
0.0162456
0.0162233
0.0162278
0.0162037
0.016205
0.0161791
0.0161772
0.0161495
0.0161444
0.0161149
0.0161065
0.0160753
0.0160637
0.0160307
0.0160157
0.0159809
0.0159628
0.0159261
0.0159051
0.0158664
