0 
-0.0066861 
-9.9702e-06 
-0.0069134 
-9.9702e-06 
-0.0110779 
-9.9702e-06 
-0.00178828 
-9.9702e-06 
-0.00137408 
-9.9702e-06 
-0.000562788 
-9.9702e-06 
-0.00384447 
-9.9702e-06 
-0.00339785 
-9.9702e-06 
-0.00140429 
-9.9702e-06 
-0.00136599 
-9.9702e-06 
-0.000576622 
-9.9702e-06 
-0.000670057 
-9.9702e-06 
-0.000771604 
-9.9702e-06 
-0.000963749 
-9.9702e-06 
-0.000754773 
-9.9702e-06 
-0.000529895 
-9.9702e-06 
-0.000248825 
6.24387e-05 
-0.000105395 
-9.9702e-06 
-0.000689491 
-9.9702e-06 
-0.00125475 
-9.9702e-06 
-0.00112229 
-9.9702e-06 
-0.000765572 
-9.9702e-06 
-0.00039787 
-9.9702e-06 
-0.000584341 
-9.9702e-06 
-0.00168455 
-9.9702e-06 
-0.00304611 
-9.9702e-06 
-0.00343837 
-9.9702e-06 
-0.00274024 
-9.9702e-06 
-0.00181787 
-9.9702e-06 
-0.00157793 
-9.9702e-06 
-0.00249351 
-9.9702e-06 
-0.00377325 
-9.9702e-06 
-0.00390214 
-9.9702e-06 
-0.00246257 
-9.9702e-06 
-0.000275832 
0.000199285 
0.000977354 
0.00166483 
0.00105385 
-0.00215741 
-9.9702e-06 
-0.00447195 
-9.9702e-06 
-0.00375856 
-9.9702e-06 
-0.00183841 
-9.9702e-06 
-0.000524318 
-9.9702e-06 
-0.000297578 
-9.9702e-06 
-0.00046273 
-9.9702e-06 
-0.000655188 
-9.9702e-06 
-0.000494677 
-9.9702e-06 
-0.000239897 
-9.9702e-06 
-0.00010279 
-9.9702e-06 
-0.000259059 
-9.9702e-06 
-0.000558459 
-9.9702e-06 
-0.000880284 
