0
-2.31461e-06
-9.52785e-06
-2.26234e-05
-9.9702e-06
-1.87228e-05
-9.9702e-06
-2.03388e-05
-9.9702e-06
-2.14348e-05
-9.9702e-06
-2.22085e-05
-9.9702e-06
-2.26834e-05
-9.9702e-06
-2.29998e-05
-9.9702e-06
-2.32188e-05
-9.9702e-06
-2.33753e-05
-9.9702e-06
-2.34919e-05
-9.9702e-06
-2.35828e-05
-9.9702e-06
-2.36572e-05
-9.9702e-06
-2.37211e-05
-9.9702e-06
-2.37782e-05
-9.9702e-06
-2.38307e-05
-9.9702e-06
-2.38802e-05
-9.9702e-06
-2.39276e-05
-9.9702e-06
-2.39734e-05
-9.9702e-06
-2.40179e-05
-9.9702e-06
-2.40613e-05
-9.9702e-06
-2.41038e-05
-9.9702e-06
-2.41453e-05
-9.9702e-06
-2.41858e-05
-9.9702e-06
-2.42253e-05
-9.9702e-06
-2.42637e-05
-9.9702e-06
-2.43011e-05
3.93458e-05
2.86825e-05
3.9431e-06
-4.35053e-05
-9.15628e-06
-2.88289e-05
-9.9702e-06
-2.82292e-05
-9.9702e-06
-2.74743e-05
-9.9702e-06
-2.69819e-05
-9.9702e-06
-2.66637e-05
-9.9702e-06
-2.64605e-05
-9.9702e-06
-2.63333e-05
-9.9702e-06
-2.62563e-05
-9.9702e-06
-2.62123e-05
-9.9702e-06
-2.61898e-05
-9.9702e-06
-2.61811e-05
-9.9702e-06
-2.6181e-05
-9.9702e-06
-2.61861e-05
-9.9702e-06
-2.61941e-05
-9.9702e-06
-2.62033e-05
-9.9702e-06
-2.62128e-05
-9.9702e-06
-2.62217e-05
-9.9702e-06
-2.62297e-05
-9.9702e-06
-2.62363e-05
-9.9702e-06
-2.62414e-05
-9.9702e-06
-2.62448e-05
-9.9702e-06
-2.62464e-05
-9.9702e-06
-2.62461e-05
-9.9702e-06
-2.62438e-05
-9.9702e-06
-2.62395e-05
-9.9702e-06
-2.62332e-05
-9.9702e-06
-2.62249e-05
-9.9702e-06
-2.62145e-05
-9.9702e-06
-2.6202e-05
-9.9702e-06
-2.61875e-05
-9.9702e-06
-2.61709e-05
-9.9702e-06
-2.61522e-05
-9.9702e-06
-2.61315e-05
-9.9702e-06
-2.61087e-05
-9.9702e-06
-2.60839e-05
-9.9702e-06
-2.6057e-05
-9.9702e-06
-2.60281e-05
-9.9702e-06
-2.59972e-05
-9.9702e-06
-2.59643e-05
-9.9702e-06
-2.59295e-05
-9.9702e-06
-2.58926e-05
-9.9702e-06
-2.58539e-05
-9.9702e-06
-2.58133e-05
-9.9702e-06
-2.57707e-05
-9.9702e-06
-2.57264e-05
-9.9702e-06
-2.56802e-05
-9.9702e-06
-2.56322e-05
-9.9702e-06
-2.55825e-05
-9.9702e-06
-2.55311e-05
-9.9702e-06
-2.5478e-05
-9.9702e-06
-2.54233e-05
-9.9702e-06
-2.5367e-05
-9.9702e-06
-2.53091e-05
-9.9702e-06
-2.52498e-05
-9.9702e-06
-2.5189e-05
-9.9702e-06
-2.51269e-05
-9.9702e-06
-2.50633e-05
-9.9702e-06
-2.49985e-05
-9.9702e-06
-2.49325e-05
-9.9702e-06
-2.48653e-05
-9.9702e-06
-2.4797e-05
-9.9702e-06
-2.47276e-05
-9.9702e-06
-2.46572e-05
-9.9702e-06
-2.4586e-05
-9.9702e-06
-2.45138e-05
-9.9702e-06
-2.44409e-05
-9.9702e-06
-2.43672e-05
-9.9702e-06
-2.42928e-05
-9.9702e-06
-2.42179e-05
-9.9702e-06
-2.41425e-05
-9.9702e-06
-2.40666e-05
-9.9702e-06
-2.39904e-05
-9.9702e-06
-2.39138e-05
-9.9702e-06
-2.3837e-05
-9.9702e-06
-2.37601e-05
-9.9702e-06
-2.36832e-05
-9.9702e-06
-2.36062e-05
-9.9702e-06
-2.35293e-05
-9.9702e-06
-2.34526e-05
-9.9702e-06
-2.33762e-05
-9.9702e-06
-2.33e-05
-9.9702e-06
-2.32243e-05
-9.9702e-06
-2.3149e-05
-9.9702e-06
-2.30743e-05
-9.9702e-06
-2.30002e-05
-9.9702e-06
-2.29268e-05
-9.9702e-06
-2.28542e-05
-9.9702e-06
-2.27825e-05
-9.9702e-06
-2.27117e-05
-9.9702e-06
-2.26419e-05
-9.9702e-06
-2.25732e-05
-9.9702e-06
-2.21395e-05
-9.9702e-06
-2.19694e-05
-9.9702e-06
-2.18826e-05
-9.9702e-06
-2.18087e-05
-9.9702e-06
-2.1739e-05
-9.9702e-06
-2.16721e-05
-9.9702e-06
-2.16076e-05
-9.9702e-06
-2.15452e-05
-9.9702e-06
-2.14849e-05
-9.9702e-06
-2.14267e-05
-9.9702e-06
-2.13704e-05
-9.9702e-06
-2.13163e-05
-9.9702e-06
-2.12642e-05
-9.9702e-06
-2.12142e-05
-9.9702e-06
-2.11664e-05
-9.9702e-06
-2.11207e-05
-9.9702e-06
-2.10772e-05
-9.9702e-06
-2.1036e-05
-9.9702e-06
-2.0997e-05
-9.9702e-06
-2.09603e-05
-9.9702e-06
-2.0926e-05
-9.9702e-06
-2.0894e-05
-9.9702e-06
-2.08644e-05
-9.9702e-06
-2.08372e-05
-9.9702e-06
-2.08124e-05
-9.9702e-06
-2.079e-05
-9.9702e-06
-2.07701e-05
-9.9702e-06
-2.07526e-05
-9.9702e-06
-2.07375e-05
-9.9702e-06
-2.07249e-05
-9.9702e-06
-2.07148e-05
-9.9702e-06
-2.0707e-05
-9.9702e-06
-2.07017e-05
-9.9702e-06
-2.06988e-05
-9.9702e-06
-2.06984e-05
-9.9702e-06
-2.07002e-05
-9.9702e-06
-2.07045e-05
-9.9702e-06
-2.07111e-05
-9.9702e-06
-2.072e-05
-9.9702e-06
-2.07311e-05
-9.9702e-06
-2.07445e-05
-9.9702e-06
-2.07601e-05
-9.9702e-06
-2.07778e-05
-9.9702e-06
-2.07977e-05
-9.9702e-06
-2.08196e-05
-9.9702e-06
-2.08436e-05
-9.9702e-06
-2.08695e-05
-9.9702e-06
-2.08973e-05
-9.9702e-06
-2.0927e-05
-9.9702e-06
-2.09586e-05
-9.9702e-06
-2.09918e-05
-9.9702e-06
-2.10267e-05
-9.9702e-06
-2.10633e-05
-9.9702e-06
-2.11014e-05
-9.9702e-06
-2.11409e-05
-9.9702e-06
-2.11819e-05
-9.9702e-06
-2.12243e-05
-9.9702e-06
-2.12679e-05
-9.9702e-06
-2.13127e-05
-9.9702e-06
-2.13586e-05
-9.9702e-06
-2.14056e-05
-9.9702e-06
-2.14536e-05
-9.9702e-06
-2.15024e-05
-9.9702e-06
-2.15521e-05
-9.9702e-06
-2.16025e-05
-9.9702e-06
-2.16536e-05
-9.9702e-06
-2.17052e-05
-9.9702e-06
-2.17574e-05
-9.9702e-06
-2.181e-05
-9.9702e-06
-2.18629e-05
-9.9702e-06
-2.19161e-05
-9.9702e-06
-2.19696e-05
-9.9702e-06
-2.20231e-05
-9.9702e-06
-2.20767e-05
-9.9702e-06
-2.21302e-05
-9.9702e-06
-2.21836e-05
-9.9702e-06
-2.22369e-05
-9.9702e-06
-2.22899e-05
-9.9702e-06
-2.23425e-05
-9.9702e-06
-2.23948e-05
-9.9702e-06
-2.24466e-05
-9.9702e-06
-2.24979e-05
-9.9702e-06
-2.25485e-05
-9.9702e-06
-2.25986e-05
-9.9702e-06
-2.26479e-05
-9.9702e-06
-2.26964e-05
-9.9702e-06
-2.2744e-05
-9.9702e-06
-2.27908e-05
-9.9702e-06
-2.28366e-05
-9.9702e-06
-2.28815e-05
-9.9702e-06
-2.29252e-05
-9.9702e-06
-2.29679e-05
-9.9702e-06
-2.30095e-05
-9.9702e-06
-2.30498e-05
-9.9702e-06
-2.30889e-05
-9.9702e-06
-2.31268e-05
-9.9702e-06
-2.31634e-05
-9.9702e-06
-2.31986e-05
-9.9702e-06
-2.32325e-05
-9.9702e-06
-2.3265e-05
-9.9702e-06
-2.32961e-05
-9.9702e-06
-2.33258e-05
-9.9702e-06
-2.3354e-05
-9.9702e-06
-2.33807e-05
-9.9702e-06
-2.3406e-05
-9.9702e-06
-2.34298e-05
-9.9702e-06
-2.34521e-05
-9.9702e-06
-2.34729e-05
-9.9702e-06
-2.34922e-05
-9.9702e-06
-2.351e-05
-9.9702e-06
-2.35262e-05
-9.9702e-06
-2.3541e-05
-9.9702e-06
-2.35544e-05
-9.9702e-06
-2.35662e-05
-9.9702e-06
-2.35766e-05
-9.9702e-06
-2.35855e-05
-9.9702e-06
-2.3593e-05
-9.9702e-06
-2.35991e-05
-9.9702e-06
-2.36038e-05
-9.9702e-06
-2.36072e-05
-9.9702e-06
-2.36093e-05
-9.9702e-06
-2.361e-05
-9.9702e-06
-2.36095e-05
-9.9702e-06
-2.36077e-05
-9.9702e-06
-2.36048e-05
-9.9702e-06
-2.36007e-05
-9.9702e-06
-2.35955e-05
-9.9702e-06
-2.35892e-05
-9.9702e-06
-2.35818e-05
-9.9702e-06
-2.35735e-05
-9.9702e-06
-2.35643e-05
-9.9702e-06
-2.35541e-05
-9.9702e-06
-2.35431e-05
-9.9702e-06
-2.35314e-05
-9.9702e-06
-2.35188e-05
-9.9702e-06
-2.35056e-05
-9.9702e-06
-2.34918e-05
-9.9702e-06
-2.34774e-05
-9.9702e-06
-2.34625e-05
-9.9702e-06
-2.34471e-05
-9.9702e-06
-2.34313e-05
-9.9702e-06
-2.34151e-05
-9.9702e-06
-2.33987e-05
-9.9702e-06
-2.3382e-05
-9.9702e-06
-2.33652e-05
-9.9702e-06
-2.33482e-05
-9.9702e-06
-2.33312e-05
-9.9702e-06
-2.33142e-05
-9.9702e-06
-2.32973e-05
-9.9702e-06
-2.32804e-05
-9.9702e-06
-2.32702e-05
-9.9702e-06
-2.32552e-05
-9.9702e-06
-2.32353e-05
-9.9702e-06
-2.32178e-05
-9.9702e-06
-2.32004e-05
-9.9702e-06
-2.31833e-05
-9.9702e-06
-2.31666e-05
-9.9702e-06
-2.31505e-05
-9.9702e-06
-2.31364e-05
-9.56947e-06
-2.26685e-05
-9.9702e-06
-2.31019e-05
-9.9702e-06
-2.30956e-05
-9.9702e-06
-2.30831e-05
-9.57589e-06
-2.26119e-05
-9.9702e-06
-2.30586e-05
-9.9702e-06
-2.30533e-05
-9.61001e-06
-2.26339e-05
-9.9702e-06
-2.3036e-05
-9.9702e-06
-2.30322e-05
-9.59098e-06
-2.25596e-05
-9.9702e-06
-2.30242e-05
-9.9702e-06
-2.3022e-05
-9.5727e-06
-2.24998e-05
-9.9702e-06
-2.30234e-05
-9.9702e-06
-2.30233e-05
-9.55608e-06
-2.24583e-05
-9.9702e-06
-2.30344e-05
-9.9702e-06
-2.30366e-05
-9.5411e-06
-2.24412e-05
-9.9702e-06
-2.30564e-05
-9.66167e-06
-2.26999e-05
-9.9702e-06
-2.30768e-05
-9.65558e-06
-2.271e-05
-9.9702e-06
-2.31033e-05
-9.64282e-06
-2.27119e-05
-9.9702e-06
-2.3136e-05
-9.63067e-06
-2.27224e-05
-9.9702e-06
-2.31748e-05
-9.6196e-06
-2.2742e-05
-9.9702e-06
-2.32196e-05
-9.60962e-06
-2.27702e-05
-9.9702e-06
-2.32702e-05
-9.6007e-06
-2.28067e-05
-9.9702e-06
-2.33265e-05
-9.59282e-06
-2.28512e-05
-9.9702e-06
-2.33885e-05
-9.58593e-06
-2.29033e-05
-9.9702e-06
-2.34559e-05
-9.58e-06
-2.29629e-05
-9.9702e-06
-2.35285e-05
-9.57499e-06
-2.30295e-05
-9.9702e-06
-2.36062e-05
-9.57085e-06
-2.31028e-05
-9.9702e-06
-2.36887e-05
-9.56753e-06
-2.31823e-05
-9.9702e-06
-2.37756e-05
-9.56499e-06
-2.32677e-05
-9.9702e-06
-2.38666e-05
-9.56318e-06
-2.33586e-05
-9.9702e-06
-2.39615e-05
-9.56206e-06
-2.34545e-05
-9.9702e-06
-2.40598e-05
-9.56156e-06
-2.35549e-05
-9.9702e-06
-2.41612e-05
-9.56163e-06
-2.36592e-05
-9.9702e-06
-2.42651e-05
-9.56223e-06
-2.37671e-05
-9.9702e-06
-2.43712e-05
-9.5633e-06
-2.38777e-05
-9.9702e-06
-2.4479e-05
-9.56479e-06
-2.39907e-05
-9.9702e-06
-2.4588e-05
-9.56663e-06
-2.41053e-05
-9.9702e-06
-2.46977e-05
-9.56878e-06
-2.42209e-05
-9.9702e-06
-2.48075e-05
-9.57119e-06
-2.43369e-05
-9.9702e-06
-2.4917e-05
-9.57379e-06
-2.44527e-05
-9.9702e-06
-2.50256e-05
-9.57654e-06
-2.45675e-05
-9.9702e-06
-2.51326e-05
-9.57937e-06
-2.46808e-05
-9.9702e-06
-2.52376e-05
-9.58224e-06
-2.47917e-05
-9.9702e-06
-2.534e-05
-9.58509e-06
-2.48997e-05
-9.9702e-06
-2.54392e-05
-9.58788e-06
-2.5004e-05
-9.9702e-06
-2.55345e-05
-9.59054e-06
-2.51039e-05
-9.9702e-06
-2.56255e-05
-9.59304e-06
-2.51986e-05
-9.9702e-06
-2.57115e-05
-9.59532e-06
-2.52876e-05
-9.9702e-06
-2.57919e-05
-9.59733e-06
-2.53701e-05
-9.9702e-06
-2.58661e-05
-9.59902e-06
-2.54453e-05
-9.9702e-06
-2.59336e-05
-9.60036e-06
-2.55127e-05
-9.9702e-06
-2.59937e-05
-9.6013e-06
-2.55715e-05
-9.9702e-06
-2.6046e-05
-9.60179e-06
-2.5621e-05
-9.9702e-06
-2.60897e-05
-9.6018e-06
-2.56607e-05
-9.9702e-06
-2.61245e-05
-9.60129e-06
-2.56898e-05
-9.9702e-06
-2.61498e-05
-9.60022e-06
-2.57078e-05
-9.9702e-06
-2.6165e-05
-9.59856e-06
-2.57141e-05
-9.9702e-06
-2.61696e-05
-9.59626e-06
-2.57082e-05
-9.9702e-06
-2.61631e-05
-9.59331e-06
-2.56894e-05
-9.9702e-06
-2.61451e-05
-9.58968e-06
-2.56574e-05
-9.9702e-06
-2.61151e-05
-9.58533e-06
-2.56115e-05
-9.9702e-06
-2.60726e-05
-9.58024e-06
-2.55514e-05
-9.9702e-06
-2.60173e-05
-9.57439e-06
-2.54766e-05
-9.9702e-06
-2.59488e-05
-9.56776e-06
-2.53865e-05
-9.9702e-06
-2.58667e-05
-9.56033e-06
-2.5281e-05
-9.9702e-06
-2.57706e-05
-9.55209e-06
-2.51598e-05
-9.9702e-06
-2.56603e-05
-9.54302e-06
-2.50225e-05
-9.74553e-06
-2.53448e-05
-9.74775e-06
-2.52801e-05
-9.74728e-06
-2.52061e-05
-9.74468e-06
-2.51248e-05
-9.74183e-06
-2.50394e-05
-9.73884e-06
-2.49501e-05
-9.73574e-06
-2.48552e-05
-9.73252e-06
-2.47548e-05
-9.72919e-06
-2.46506e-05
-9.72575e-06
-2.45424e-05
-9.72221e-06
-2.44302e-05
-9.71856e-06
-2.4314e-05
-9.7148e-06
-2.41937e-05
-9.71094e-06
-2.40694e-05
-9.70697e-06
-2.39411e-05
-9.70289e-06
-2.38087e-05
-9.69872e-06
-2.36723e-05
-9.69443e-06
-2.35317e-05
-9.69005e-06
-2.3387e-05
-9.68557e-06
-2.32383e-05
-9.68098e-06
-2.30856e-05
-9.67629e-06
-2.29289e-05
-9.67151e-06
-2.27682e-05
-9.66663e-06
-2.26035e-05
-9.66165e-06
-2.24349e-05
-9.65658e-06
-2.22624e-05
-9.65141e-06
-2.20859e-05
-9.64615e-06
-2.19056e-05
-9.64081e-06
-2.17214e-05
-9.63537e-06
-2.15334e-05
-9.62984e-06
-2.13417e-05
-9.62423e-06
-2.11462e-05
-9.61854e-06
-2.09471e-05
-9.61276e-06
-2.07443e-05
-9.60691e-06
-2.05379e-05
-9.60097e-06
-2.03281e-05
-9.59496e-06
-2.01147e-05
-9.58888e-06
-1.98979e-05
-9.58272e-06
-1.96778e-05
-9.57649e-06
-1.94544e-05
-9.5702e-06
-1.92277e-05
-9.56384e-06
-1.8998e-05
-9.55742e-06
-1.87651e-05
-9.55094e-06
-1.85293e-05
-9.5444e-06
-1.82906e-05
-9.53781e-06
-1.8049e-05
-9.53117e-06
-1.78047e-05
-9.52447e-06
-1.75577e-05
-9.51773e-06
-1.73082e-05
-9.51094e-06
-1.70563e-05
-9.50411e-06
-1.68019e-05
-9.49724e-06
-1.65453e-05
-9.49031e-06
-1.62866e-05
-9.47964e-06
-1.60224e-05
-9.46157e-06
-1.57491e-05
-9.44359e-06
-1.54741e-05
-9.43065e-06
-1.52024e-05
-9.41199e-06
-1.49234e-05
-9.38769e-06
-1.46374e-05
-9.36427e-06
-1.43509e-05
-9.34263e-06
-1.40649e-05
-9.32169e-06
-1.37786e-05
-9.30001e-06
-1.34907e-05
-9.27642e-06
-1.32e-05
-9.25004e-06
-1.29058e-05
-9.22008e-06
-1.26076e-05
-9.18564e-06
-1.23045e-05
-9.14555e-06
-1.19956e-05
-9.09805e-06
-1.16791e-05
-9.04034e-06
-1.13525e-05
-8.9675e-06
-1.1011e-05
-8.86971e-06
-1.0645e-05
-8.72601e-06
-1.02335e-05
-8.47049e-06
-9.711e-06
-2.39195e-05
-9.9702e-06
-2.27414e-05
-9.9702e-06
-2.26327e-05
-9.9702e-06
-2.25311e-05
-9.9702e-06
-2.24206e-05
-9.9702e-06
-2.23044e-05
-9.9702e-06
-2.21847e-05
-9.9702e-06
-2.2063e-05
-9.9702e-06
-2.19392e-05
-9.9702e-06
-2.18146e-05
-9.9702e-06
-2.16902e-05
-9.9702e-06
-2.15663e-05
-9.9702e-06
-2.14432e-05
-9.9702e-06
-2.13211e-05
-9.9702e-06
-2.12002e-05
-9.9702e-06
-2.10806e-05
-9.9702e-06
-2.09625e-05
-9.9702e-06
-2.0846e-05
-9.9702e-06
-2.07312e-05
-9.9702e-06
-2.06182e-05
-9.9702e-06
-2.05071e-05
-9.9702e-06
-2.03981e-05
-9.9702e-06
-2.02911e-05
-9.9702e-06
-2.01865e-05
-9.9702e-06
-2.00841e-05
-9.9702e-06
-1.99841e-05
-9.9702e-06
-1.98867e-05
-9.9702e-06
-1.97918e-05
-9.9702e-06
-1.96997e-05
-9.9702e-06
-1.96104e-05
-9.9702e-06
-1.95239e-05
-9.9702e-06
-1.94404e-05
-9.9702e-06
-1.93599e-05
-9.9702e-06
-1.92826e-05
-9.9702e-06
-1.92085e-05
-9.9702e-06
-1.91377e-05
-9.9702e-06
-1.90703e-05
-9.9702e-06
-1.90063e-05
-9.9702e-06
-1.89459e-05
-9.9702e-06
-1.8889e-05
-9.9702e-06
-1.88358e-05
-9.9702e-06
-1.87863e-05
-9.9702e-06
-1.87407e-05
-9.9702e-06
-1.86988e-05
-9.9702e-06
-1.86608e-05
-9.9702e-06
-1.86268e-05
-9.9702e-06
-1.85968e-05
-9.9702e-06
-1.85708e-05
-9.9702e-06
-1.85489e-05
-9.9702e-06
-1.85311e-05
-9.9702e-06
-1.85175e-05
-9.9702e-06
-1.8508e-05
-9.9702e-06
-1.85028e-05
-9.9702e-06
-1.85017e-05
-9.9702e-06
-1.85049e-05
-9.9702e-06
-1.85123e-05
-9.9702e-06
-1.8524e-05
-9.9702e-06
-1.854e-05
-9.9702e-06
-1.85602e-05
-9.9702e-06
-1.85846e-05
-9.9702e-06
-1.86133e-05
-9.9702e-06
-1.86461e-05
-9.9702e-06
-1.86832e-05
-9.9702e-06
-1.87245e-05
-9.9702e-06
-1.87698e-05
-9.9702e-06
-1.88193e-05
-9.9702e-06
-1.88728e-05
-9.9702e-06
-1.89304e-05
-9.9702e-06
-1.89918e-05
-9.9702e-06
-1.90572e-05
-9.9702e-06
-1.91265e-05
-9.9702e-06
-1.91995e-05
-9.9702e-06
-1.92762e-05
-9.9702e-06
-1.93565e-05
-9.9702e-06
-1.94404e-05
-9.9702e-06
-1.95277e-05
-9.9702e-06
-1.96184e-05
-9.9702e-06
-1.97123e-05
-9.9702e-06
-1.98094e-05
-9.9702e-06
-1.99096e-05
-9.9702e-06
-2.00128e-05
-9.9702e-06
-2.01188e-05
-9.9702e-06
-2.02275e-05
-9.9702e-06
-2.03388e-05
-9.9702e-06
-2.04526e-05
-9.9702e-06
-2.05688e-05
-9.9702e-06
-2.06872e-05
-9.9702e-06
-2.08077e-05
-9.9702e-06
-2.09301e-05
-9.9702e-06
-2.10543e-05
-9.9702e-06
-2.11802e-05
-9.9702e-06
-2.13076e-05
-9.9702e-06
-2.14363e-05
-9.9702e-06
-2.15663e-05
-9.9702e-06
-2.16973e-05
-9.9702e-06
-2.18293e-05
-9.9702e-06
-2.19619e-05
-9.9702e-06
-2.20952e-05
-9.9702e-06
-2.22289e-05
-9.9702e-06
-2.23626e-05
-9.9702e-06
-2.24952e-05
-9.9702e-06
-2.26276e-05
-9.9702e-06
-2.27599e-05
-9.9702e-06
-2.28917e-05
-9.9702e-06
-2.30231e-05
-9.9702e-06
-2.31537e-05
-9.9702e-06
-2.32835e-05
-9.9702e-06
-2.34123e-05
-9.9702e-06
-2.35399e-05
-9.9702e-06
-2.36662e-05
-9.9702e-06
-2.3791e-05
-9.9702e-06
-2.39141e-05
-9.9702e-06
-2.40356e-05
-9.9702e-06
-2.41551e-05
-9.9702e-06
-2.42725e-05
-9.9702e-06
-2.43877e-05
-9.9702e-06
-2.45006e-05
-9.9702e-06
-2.4611e-05
-9.9702e-06
-2.47188e-05
-9.9702e-06
-2.48239e-05
-9.9702e-06
-2.49262e-05
-9.9702e-06
-2.50254e-05
-9.9702e-06
-2.51216e-05
-9.9702e-06
-2.52146e-05
-9.9702e-06
-2.53043e-05
-9.9702e-06
-2.53906e-05
-9.9702e-06
-2.54734e-05
-9.9702e-06
-2.55526e-05
-9.9702e-06
-2.56282e-05
-9.9702e-06
-2.57e-05
-9.9702e-06
-2.5768e-05
-9.9702e-06
-2.59002e-05
-9.37324e-06
-2.51268e-05
-9.9702e-06
-2.59139e-05
-9.47005e-06
-2.53334e-05
-9.9702e-06
-2.59337e-05
-9.9702e-06
-2.59431e-05
-9.47811e-06
-2.55588e-05
-9.9702e-06
-2.64508e-05
-9.9702e-06
-2.67468e-05
-9.9702e-06
-2.70333e-05
-9.51257e-06
-2.6862e-05
-9.9702e-06
-2.75776e-05
-9.9702e-06
-2.78615e-05
-9.9702e-06
-2.81292e-05
-9.9702e-06
-2.83884e-05
-9.9702e-06
-2.86389e-05
-9.9702e-06
-2.88838e-05
-9.9702e-06
-2.91225e-05
-9.9702e-06
-2.93548e-05
-9.9702e-06
-2.95808e-05
-9.9702e-06
-2.98004e-05
-9.9702e-06
-3.00136e-05
-9.9702e-06
-3.02204e-05
-9.9702e-06
-3.04207e-05
-9.9702e-06
-3.06146e-05
-9.9702e-06
-3.08019e-05
-9.9702e-06
-3.09828e-05
-9.9702e-06
-3.11573e-05
-9.9702e-06
-3.13252e-05
-9.9702e-06
-3.14866e-05
-9.9702e-06
-3.16416e-05
-9.9702e-06
-3.17901e-05
-9.9702e-06
-3.19322e-05
-9.9702e-06
-3.2068e-05
-9.9702e-06
-3.21973e-05
-9.9702e-06
-3.23203e-05
-9.9702e-06
-3.24371e-05
-9.9702e-06
-3.25476e-05
-9.9702e-06
-3.26519e-05
-9.9702e-06
-3.27501e-05
-9.9702e-06
-3.28422e-05
-9.9702e-06
-3.29282e-05
-9.9702e-06
-3.30084e-05
-9.9702e-06
-3.30826e-05
-9.9702e-06
-3.31511e-05
-9.9702e-06
-3.32138e-05
-9.9702e-06
-3.32708e-05
-9.9702e-06
-3.33222e-05
-9.9702e-06
-3.33682e-05
-9.9702e-06
-3.34087e-05
-9.9702e-06
-3.34439e-05
-9.9702e-06
-3.34738e-05
-9.9702e-06
-3.34985e-05
-9.9702e-06
-3.35182e-05
-9.9702e-06
-3.35329e-05
-9.9702e-06
-3.35427e-05
-9.9702e-06
-3.35476e-05
-9.9702e-06
-3.35479e-05
-9.9702e-06
-3.35436e-05
-9.9702e-06
-3.35347e-05
-9.9702e-06
-3.35214e-05
-9.9702e-06
-3.35037e-05
-9.9702e-06
-3.34818e-05
-9.9702e-06
-3.34557e-05
-9.9702e-06
-3.34256e-05
-9.9702e-06
-3.33916e-05
-9.9702e-06
-3.33536e-05
-9.9702e-06
-3.33119e-05
-9.9702e-06
-3.32665e-05
-9.9702e-06
-3.32175e-05
-9.9702e-06
-3.3165e-05
-9.9702e-06
-3.31091e-05
-9.9702e-06
-3.30499e-05
-9.9702e-06
-3.29875e-05
-9.9702e-06
-3.29219e-05
-9.9702e-06
-3.28533e-05
-9.9702e-06
-3.27817e-05
-9.9702e-06
-3.27072e-05
-9.9702e-06
-3.26299e-05
-9.9702e-06
-3.25499e-05
-9.9702e-06
-3.24673e-05
-9.9702e-06
-3.23822e-05
-9.9702e-06
-3.22946e-05
-9.9702e-06
-3.22046e-05
-9.9702e-06
-3.21123e-05
-9.9702e-06
-3.20177e-05
-9.9702e-06
-3.19211e-05
-9.9702e-06
-3.18223e-05
-9.9702e-06
-3.17215e-05
-9.9702e-06
-3.16188e-05
-9.9702e-06
-3.15143e-05
-9.9702e-06
-3.14079e-05
-9.9702e-06
-3.12999e-05
-9.9702e-06
-3.11902e-05
-9.9702e-06
-3.10789e-05
-9.9702e-06
-3.09661e-05
-9.9702e-06
-3.08519e-05
-9.9702e-06
-3.07363e-05
-9.9702e-06
-3.06193e-05
-9.9702e-06
-3.05012e-05
-9.9702e-06
-3.03818e-05
-9.9702e-06
-3.02613e-05
-9.9702e-06
-3.01397e-05
-9.9702e-06
-3.00172e-05
-9.9702e-06
-2.98936e-05
-9.9702e-06
-2.97692e-05
-9.9702e-06
-2.9644e-05
-9.9702e-06
-2.9518e-05
-9.9702e-06
-2.93913e-05
-9.9702e-06
-2.92639e-05
-9.9702e-06
-2.9136e-05
-9.9702e-06
-2.90074e-05
-9.9702e-06
-2.88784e-05
-9.9702e-06
-2.8749e-05
-9.9702e-06
-2.86192e-05
-9.9702e-06
-2.84891e-05
-9.9702e-06
-2.83586e-05
-9.9702e-06
-2.8228e-05
-9.9702e-06
-2.80972e-05
-9.9702e-06
-2.79663e-05
-9.9702e-06
-2.78353e-05
-9.9702e-06
-2.77044e-05
-9.9702e-06
-2.75734e-05
-9.9702e-06
-2.74426e-05
-9.9702e-06
-2.73119e-05
-9.9702e-06
-2.71814e-05
-9.9702e-06
-2.70511e-05
-9.9702e-06
-2.69211e-05
-9.9702e-06
-2.67915e-05
-9.9702e-06
-2.66623e-05
-9.9702e-06
-2.65335e-05
-9.9702e-06
-2.64053e-05
-9.9702e-06
-2.62775e-05
-9.9702e-06
-2.61504e-05
-9.9702e-06
-2.60239e-05
-9.9702e-06
-2.58981e-05
-9.9702e-06
-2.5773e-05
-9.9702e-06
-2.56487e-05
-9.9702e-06
-2.55253e-05
-9.9702e-06
-2.54028e-05
-9.9702e-06
-2.52811e-05
-9.9702e-06
-2.51605e-05
-9.9702e-06
-2.50409e-05
-9.9702e-06
-2.49223e-05
-9.9702e-06
-2.48049e-05
-9.9702e-06
-2.46886e-05
-9.9702e-06
-2.45736e-05
-9.9702e-06
-2.44598e-05
-9.9702e-06
-2.43473e-05
-9.9702e-06
-2.42361e-05
-9.9702e-06
-2.41263e-05
-9.9702e-06
-2.4018e-05
-9.9702e-06
-2.39112e-05
-9.9702e-06
-2.38058e-05
-9.9702e-06
-2.3702e-05
-9.9702e-06
-2.35999e-05
-9.9702e-06
-2.34993e-05
-9.9702e-06
-2.34005e-05
-9.9702e-06
-2.33034e-05
-9.9702e-06
-2.3208e-05
-9.9702e-06
-2.31145e-05
-9.9702e-06
-2.30228e-05
-9.9702e-06
-2.2933e-05
-9.9702e-06
-2.28451e-05
-9.9702e-06
-2.27591e-05
-9.9702e-06
-2.26752e-05
-9.9702e-06
-2.25933e-05
-9.9702e-06
-2.25134e-05
-9.9702e-06
-2.24357e-05
-9.9702e-06
-2.23601e-05
-9.9702e-06
-2.22866e-05
-9.9702e-06
-2.22154e-05
-9.9702e-06
-2.21464e-05
-9.9702e-06
-2.20796e-05
-9.9702e-06
-2.20151e-05
-9.9702e-06
-2.1953e-05
-9.9702e-06
-2.18932e-05
-9.9702e-06
-2.18358e-05
-9.9702e-06
-2.17808e-05
-9.9702e-06
-2.17282e-05
-9.9702e-06
-2.16781e-05
-9.9702e-06
-2.16305e-05
-9.9702e-06
-2.15853e-05
-9.9702e-06
-2.15427e-05
-9.9702e-06
-2.15027e-05
-9.9702e-06
-2.14652e-05
-9.9702e-06
-2.14304e-05
-9.9702e-06
-2.13981e-05
-9.9702e-06
-2.13685e-05
-9.9702e-06
-2.13415e-05
-9.9702e-06
-2.13172e-05
-9.9702e-06
-2.12956e-05
-9.9702e-06
-2.12767e-05
-9.9702e-06
-2.12605e-05
-9.9702e-06
-2.12471e-05
-9.9702e-06
-2.12364e-05
-9.9702e-06
-2.12285e-05
-9.9702e-06
-2.12233e-05
-9.9702e-06
-2.12209e-05
-9.9702e-06
-2.12213e-05
-9.9702e-06
-2.12245e-05
-9.9702e-06
-2.12305e-05
-9.9702e-06
-2.12394e-05
-9.9702e-06
-2.1251e-05
-9.9702e-06
-2.12655e-05
-9.9702e-06
-2.12829e-05
-9.9702e-06
-2.1303e-05
-9.9702e-06
-2.1326e-05
-9.9702e-06
-2.13519e-05
-9.9702e-06
-2.13806e-05
-9.9702e-06
-2.14121e-05
-9.9702e-06
-2.14465e-05
-9.9702e-06
-2.14837e-05
-9.9702e-06
-2.15237e-05
-9.9702e-06
-2.15666e-05
-9.9702e-06
-2.16123e-05
-9.9702e-06
-2.16609e-05
-9.9702e-06
-2.17122e-05
-9.9702e-06
-2.17664e-05
-9.9702e-06
-2.18233e-05
-9.9702e-06
-2.18831e-05
-9.9702e-06
-2.19456e-05
-9.9702e-06
-2.20109e-05
-9.9702e-06
-2.20789e-05
-9.9702e-06
-2.21497e-05
-9.9702e-06
-2.22231e-05
-9.9702e-06
-2.22993e-05
-9.9702e-06
-2.23782e-05
-9.9702e-06
-2.24597e-05
-9.9702e-06
-2.25438e-05
-9.9702e-06
-2.26306e-05
-9.9702e-06
-2.272e-05
-9.9702e-06
-2.28119e-05
-9.9702e-06
-2.29064e-05
-9.9702e-06
-2.30033e-05
-9.9702e-06
-2.31028e-05
-9.9702e-06
-2.32046e-05
-9.9702e-06
-2.33089e-05
-9.9702e-06
-2.34156e-05
-9.9702e-06
-2.35246e-05
-9.9702e-06
-2.36359e-05
-9.9702e-06
-2.37495e-05
-9.9702e-06
-2.38653e-05
-9.9702e-06
-2.39833e-05
-9.9702e-06
-2.41034e-05
-9.9702e-06
-2.42255e-05
-9.9702e-06
-2.43497e-05
-9.9702e-06
-2.44759e-05
-9.9702e-06
-2.4604e-05
-9.9702e-06
-2.4734e-05
-9.9702e-06
-2.48658e-05
-9.9702e-06
-2.49994e-05
-9.9702e-06
-2.51346e-05
-9.9702e-06
-2.52715e-05
-9.9702e-06
-2.54099e-05
-9.9702e-06
-2.55499e-05
-9.9702e-06
-2.56912e-05
-9.9702e-06
-2.5834e-05
-9.9702e-06
-2.5978e-05
-9.9702e-06
-2.61232e-05
-9.9702e-06
-2.62696e-05
-9.9702e-06
-2.6417e-05
-9.9702e-06
-2.65654e-05
-9.9702e-06
-2.67146e-05
-9.9702e-06
-2.68647e-05
-9.9702e-06
-2.70155e-05
-9.9702e-06
-2.71669e-05
-9.9702e-06
-2.73188e-05
-9.9702e-06
-2.74712e-05
-9.9702e-06
-2.76239e-05
-9.9702e-06
-2.77769e-05
-9.9702e-06
-2.793e-05
-9.9702e-06
-2.80832e-05
-9.9702e-06
-2.82363e-05
-9.9702e-06
-2.83892e-05
-9.9702e-06
-2.85419e-05
-9.9702e-06
-2.86942e-05
-9.9702e-06
-2.8846e-05
-9.9702e-06
-2.89971e-05
-9.9702e-06
-2.91476e-05
-9.9702e-06
-2.92973e-05
-9.9702e-06
-2.9446e-05
-9.9702e-06
-2.95936e-05
-9.9702e-06
-2.97401e-05
-9.9702e-06
-2.98852e-05
-9.9702e-06
-3.00289e-05
-9.9702e-06
-3.01711e-05
-9.9702e-06
-3.03116e-05
-9.9702e-06
-3.04504e-05
-9.9702e-06
-3.05872e-05
-9.9702e-06
-3.07219e-05
-9.9702e-06
-3.08545e-05
-9.9702e-06
-3.09849e-05
-9.9702e-06
-3.11127e-05
-9.9702e-06
-3.12381e-05
-9.9702e-06
-3.13608e-05
-9.9702e-06
-3.14806e-05
-9.9702e-06
-3.15976e-05
-9.9702e-06
-3.17115e-05
-9.9702e-06
-3.18222e-05
-9.9702e-06
-3.19296e-05
-9.9702e-06
-3.20336e-05
-9.9702e-06
-3.21341e-05
-9.9702e-06
-3.22308e-05
-9.9702e-06
-3.23238e-05
-9.9702e-06
-3.24129e-05
-9.9702e-06
-3.24979e-05
-9.9702e-06
-3.25788e-05
-9.9702e-06
-3.26554e-05
-9.9702e-06
-3.27276e-05
-9.9702e-06
-3.27953e-05
-9.9702e-06
-3.28584e-05
-9.9702e-06
-3.29167e-05
-9.9702e-06
-3.29703e-05
-9.9702e-06
-3.30189e-05
-9.9702e-06
-3.30625e-05
-9.9702e-06
-3.31009e-05
-9.9702e-06
-3.31341e-05
-9.9702e-06
-3.3162e-05
-9.9702e-06
-3.31845e-05
-9.9702e-06
-3.32015e-05
-9.9702e-06
-3.32128e-05
-9.9702e-06
-3.32185e-05
-9.9702e-06
-3.32185e-05
-9.9702e-06
-3.32126e-05
-9.9702e-06
-3.32009e-05
-9.9702e-06
-3.31832e-05
-9.9702e-06
-3.31595e-05
-9.9702e-06
-3.31297e-05
-9.9702e-06
-3.30937e-05
-9.9702e-06
-3.30516e-05
-9.9702e-06
-3.30033e-05
-9.9702e-06
-3.29464e-05
-9.9702e-06
-3.28822e-05
-9.9702e-06
-3.28113e-05
-9.9702e-06
-3.27338e-05
-9.9702e-06
-3.26087e-05
-9.9702e-06
-3.24371e-05
-9.9702e-06
-3.23542e-05
-9.9702e-06
-3.22651e-05
-9.9702e-06
-3.21691e-05
-9.9702e-06
-3.20663e-05
-9.9702e-06
-3.20349e-05
-9.11279e-06
-3.09032e-05
-9.9702e-06
-3.17379e-05
-9.13925e-06
-3.06363e-05
-9.9702e-06
-3.14492e-05
-9.14723e-06
-3.03171e-05
-9.9702e-06
-3.11386e-05
-9.15545e-06
-2.99745e-05
-9.9702e-06
-3.08046e-05
-9.16459e-06
-2.96328e-05
-9.9702e-06
-3.07417e-05
-9.13391e-06
-2.98044e-05
-9.9702e-06
-3.09928e-05
-9.04694e-06
-2.99165e-05
-9.9702e-06
-3.12306e-05
-8.95775e-06
-3.00047e-05
-9.9702e-06
-3.12668e-05
-9.9702e-06
-3.13455e-05
-9.9702e-06
-3.1409e-05
-9.9702e-06
-3.1466e-05
-9.9702e-06
-3.1517e-05
-9.9702e-06
-3.15623e-05
-9.9702e-06
-3.16023e-05
-9.9702e-06
-3.1637e-05
-9.9702e-06
-3.16666e-05
-9.9702e-06
-3.16911e-05
-9.9702e-06
-3.17106e-05
-9.9702e-06
-3.17252e-05
-9.9702e-06
-3.1735e-05
-9.9702e-06
-3.17399e-05
-9.9702e-06
-3.17402e-05
-9.9702e-06
-3.17358e-05
-9.9702e-06
-3.17267e-05
-9.9702e-06
-3.17132e-05
-9.9702e-06
-3.16952e-05
-9.9702e-06
-3.16728e-05
-9.9702e-06
-3.16461e-05
-9.9702e-06
-3.16153e-05
-9.9702e-06
-3.15802e-05
-9.9702e-06
-3.15411e-05
-9.9702e-06
-3.14981e-05
-9.9702e-06
-3.14512e-05
-9.9702e-06
-3.14005e-05
-9.9702e-06
-3.13462e-05
-9.9702e-06
-3.12883e-05
-9.9702e-06
-3.12269e-05
-9.9702e-06
-3.11621e-05
-9.9702e-06
-3.10941e-05
-9.9702e-06
-3.10229e-05
-9.9702e-06
-3.09487e-05
-9.9702e-06
-3.08716e-05
-9.9702e-06
-3.07916e-05
-9.9702e-06
-3.07089e-05
-9.9702e-06
-3.06236e-05
-9.9702e-06
-3.05358e-05
-9.9702e-06
-3.04457e-05
-9.9702e-06
-3.03533e-05
-9.9702e-06
-3.02587e-05
-9.9702e-06
-3.01621e-05
-9.9702e-06
-3.00637e-05
-9.9702e-06
-2.99634e-05
-9.9702e-06
-2.98614e-05
-9.9702e-06
-2.97578e-05
-9.9702e-06
-2.96528e-05
-9.9702e-06
-2.95464e-05
-9.9702e-06
-2.94387e-05
-9.9702e-06
-2.933e-05
-9.9702e-06
-2.92202e-05
-9.9702e-06
-2.91095e-05
-9.9702e-06
-2.89979e-05
-9.9702e-06
-2.88856e-05
-9.9702e-06
-2.87728e-05
-9.9702e-06
-2.86593e-05
-9.9702e-06
-2.85455e-05
-9.9702e-06
-2.84313e-05
-9.9702e-06
-2.83169e-05
-9.9702e-06
-2.82023e-05
-9.9702e-06
-2.80877e-05
-9.9702e-06
-2.79731e-05
-9.9702e-06
-2.78586e-05
-9.9702e-06
-2.77442e-05
-9.9702e-06
-2.76301e-05
-9.9702e-06
-2.75163e-05
-9.9702e-06
-2.74029e-05
-9.9702e-06
-2.72899e-05
-9.9702e-06
-2.71775e-05
-9.9702e-06
-2.70656e-05
-9.9702e-06
-2.69543e-05
-9.9702e-06
-2.68438e-05
-9.9702e-06
-2.6734e-05
-9.9702e-06
-2.66249e-05
-9.9702e-06
-2.65167e-05
-9.9702e-06
-2.64093e-05
-9.9702e-06
-2.63028e-05
-9.9702e-06
-2.61973e-05
-9.9702e-06
-2.60927e-05
-9.9702e-06
-2.59891e-05
-9.9702e-06
-2.58866e-05
-9.9702e-06
-2.5785e-05
-9.9702e-06
-2.56846e-05
-9.9702e-06
-2.55851e-05
-9.9702e-06
-2.54868e-05
-9.9702e-06
-2.53896e-05
-9.9702e-06
-2.52934e-05
-9.9702e-06
-2.51984e-05
-9.9702e-06
-2.51045e-05
-9.9702e-06
-2.50117e-05
-9.9702e-06
-2.492e-05
-9.9702e-06
-2.48293e-05
-9.9702e-06
-2.47398e-05
-9.9702e-06
-2.46513e-05
-9.9702e-06
-2.4564e-05
-9.9702e-06
-2.44776e-05
-9.9702e-06
-2.43923e-05
-9.9702e-06
-2.4308e-05
-9.9702e-06
-2.42248e-05
-9.9702e-06
-2.41425e-05
-9.9702e-06
-2.40611e-05
-9.9702e-06
-2.39807e-05
-9.9702e-06
-2.39012e-05
-9.9702e-06
-2.38226e-05
-9.9702e-06
-2.37449e-05
-9.9702e-06
-2.3668e-05
-9.9702e-06
-2.35918e-05
-9.9702e-06
-2.35165e-05
-9.9702e-06
-2.34419e-05
-9.9702e-06
-2.3368e-05
-9.9702e-06
-2.32948e-05
-9.9702e-06
-2.32222e-05
-9.9702e-06
-2.31503e-05
-9.9702e-06
-2.3079e-05
-9.9702e-06
-2.30082e-05
-9.9702e-06
-2.2938e-05
-9.9702e-06
-2.28682e-05
-9.9702e-06
-2.27989e-05
-9.9702e-06
-2.27301e-05
-9.9702e-06
-2.26617e-05
-9.9702e-06
-2.25936e-05
-9.9702e-06
-2.2526e-05
-9.9702e-06
-2.24586e-05
-9.9702e-06
-2.23915e-05
-9.9702e-06
-2.23248e-05
-9.9702e-06
-2.22582e-05
-9.9702e-06
-2.2192e-05
-9.9702e-06
-2.21259e-05
-9.9702e-06
-2.206e-05
-9.9702e-06
-2.19942e-05
-9.9702e-06
-2.19286e-05
-9.9702e-06
-2.18631e-05
-9.9702e-06
-2.17978e-05
-9.9702e-06
-2.17325e-05
-9.9702e-06
-2.16673e-05
-9.9702e-06
-2.16022e-05
-9.9702e-06
-2.15372e-05
-9.9702e-06
-2.14721e-05
-9.9702e-06
-2.14072e-05
-9.9702e-06
-2.13422e-05
-9.9702e-06
-2.12773e-05
-9.9702e-06
-2.12124e-05
-9.9702e-06
-2.11475e-05
-9.9702e-06
-2.10827e-05
-9.9702e-06
-2.10178e-05
-9.9702e-06
-2.0953e-05
-9.9702e-06
-2.08882e-05
-9.9702e-06
-2.08234e-05
-9.9702e-06
-2.07587e-05
-9.9702e-06
-2.0694e-05
-9.9702e-06
-2.06293e-05
-9.9702e-06
-2.05647e-05
-9.9702e-06
-2.05002e-05
-9.9702e-06
-2.04358e-05
-9.9702e-06
-2.03714e-05
-9.9702e-06
-2.03072e-05
-9.9702e-06
-2.02422e-05
-9.9702e-06
-2.01772e-05
-9.9702e-06
-2.01124e-05
-9.9702e-06
-2.00479e-05
-9.9702e-06
-1.99835e-05
-9.9702e-06
-1.99193e-05
-9.9702e-06
-1.98554e-05
-9.9702e-06
-1.97918e-05
-9.9702e-06
-1.97285e-05
-9.9702e-06
-1.96656e-05
-9.9702e-06
-1.9603e-05
-9.9702e-06
-1.95407e-05
-9.9702e-06
-1.94789e-05
-9.9702e-06
-1.94176e-05
-9.9702e-06
-1.93568e-05
-9.9702e-06
-1.92964e-05
-9.9702e-06
-1.92366e-05
-9.9702e-06
-1.91774e-05
-9.9702e-06
-1.91188e-05
-9.9702e-06
-1.90609e-05
-9.9702e-06
-1.90036e-05
-9.9702e-06
-1.89471e-05
-9.9702e-06
-1.88913e-05
-9.9702e-06
-1.88363e-05
-9.9702e-06
-1.87821e-05
-9.9702e-06
-1.87288e-05
-9.9702e-06
-1.86764e-05
-9.9702e-06
-1.8625e-05
-9.9702e-06
-1.85745e-05
-9.9702e-06
-1.85251e-05
-9.9702e-06
-1.84767e-05
-9.9702e-06
-1.84294e-05
-9.9702e-06
-1.83832e-05
-9.9702e-06
-1.83382e-05
-9.9702e-06
-1.82944e-05
-9.9702e-06
-1.82518e-05
-9.9702e-06
-1.82105e-05
-9.9702e-06
-1.81705e-05
-9.9702e-06
-1.81319e-05
-9.9702e-06
-1.80947e-05
-9.9702e-06
-1.80589e-05
-9.9702e-06
-1.80246e-05
-9.9702e-06
-1.79918e-05
-9.9702e-06
-1.79605e-05
-9.9702e-06
-1.79308e-05
-9.9702e-06
-1.79026e-05
-9.9702e-06
-1.78762e-05
-9.9702e-06
-1.78514e-05
-9.9702e-06
-1.78283e-05
-9.9702e-06
-1.78069e-05
-9.9702e-06
-1.77874e-05
-9.9702e-06
-1.77696e-05
-9.9702e-06
-1.77536e-05
-9.9702e-06
-1.77396e-05
-9.9702e-06
-1.77274e-05
-9.9702e-06
-1.77172e-05
-9.9702e-06
-1.77089e-05
-9.9702e-06
-1.77026e-05
-9.9702e-06
-1.76983e-05
-9.9702e-06
-1.7696e-05
-9.9702e-06
-1.76958e-05
-9.9702e-06
-1.76977e-05
-9.9702e-06
-1.77017e-05
-9.9702e-06
-1.77079e-05
-9.9702e-06
-1.77162e-05
-9.9702e-06
-1.77267e-05
-9.9702e-06
-1.77394e-05
-9.9702e-06
-1.77543e-05
-9.9702e-06
-1.77714e-05
-9.9702e-06
-1.77909e-05
-9.9702e-06
-1.78126e-05
-9.9702e-06
-1.78366e-05
-9.9702e-06
-1.78629e-05
-9.9702e-06
-1.78915e-05
-9.9702e-06
-1.79225e-05
-9.9702e-06
-1.79558e-05
-9.9702e-06
-1.79916e-05
-9.9702e-06
-1.80297e-05
-9.9702e-06
-1.80701e-05
-9.9702e-06
-1.8113e-05
-9.9702e-06
-1.81583e-05
-9.9702e-06
-1.82061e-05
-9.9702e-06
-1.82562e-05
-9.9702e-06
-1.83088e-05
-9.9702e-06
-1.83638e-05
-9.9702e-06
-1.84212e-05
-9.9702e-06
-1.84811e-05
-9.9702e-06
-1.85435e-05
-9.9702e-06
-1.86082e-05
-9.9702e-06
-1.86754e-05
-9.9702e-06
-1.87451e-05
-9.9702e-06
-1.88172e-05
-9.9702e-06
-1.88917e-05
-9.9702e-06
-1.89686e-05
-9.9702e-06
-1.90479e-05
-9.9702e-06
-1.91297e-05
-9.9702e-06
-1.92138e-05
-9.9702e-06
-1.93003e-05
-9.9702e-06
-1.93892e-05
-9.9702e-06
-1.94805e-05
-9.9702e-06
-1.95741e-05
-9.9702e-06
-1.967e-05
-9.9702e-06
-1.97682e-05
-9.9702e-06
-1.98686e-05
-9.9702e-06
-1.99714e-05
-9.9702e-06
-2.00763e-05
-9.9702e-06
-2.01832e-05
-9.9702e-06
-2.02907e-05
-9.9702e-06
-2.04003e-05
-9.9702e-06
-2.0512e-05
-9.9702e-06
-2.06257e-05
-9.9702e-06
-2.07415e-05
-9.9702e-06
-2.08592e-05
-9.9702e-06
-2.09788e-05
-9.9702e-06
-2.11004e-05
-9.9702e-06
-2.12238e-05
-9.9702e-06
-2.13491e-05
-9.9702e-06
-2.14761e-05
-9.9702e-06
-2.16048e-05
-9.9702e-06
-2.17352e-05
-9.9702e-06
-2.18672e-05
-9.9702e-06
-2.20008e-05
-9.9702e-06
-2.21359e-05
-9.9702e-06
-2.22725e-05
-9.9702e-06
-2.24104e-05
-9.9702e-06
-2.25497e-05
-9.9702e-06
-2.26903e-05
-9.9702e-06
-2.2832e-05
-9.9702e-06
-2.29749e-05
-9.9702e-06
-2.31189e-05
-9.9702e-06
-2.32639e-05
-9.9702e-06
-2.34098e-05
-9.9702e-06
-2.35565e-05
-9.9702e-06
-2.3704e-05
-9.9702e-06
-2.38522e-05
-9.9702e-06
-2.40011e-05
-9.9702e-06
-2.41504e-05
-9.9702e-06
-2.43002e-05
-9.9702e-06
-2.44504e-05
-9.9702e-06
-2.46008e-05
-9.9702e-06
-2.47514e-05
-9.9702e-06
-2.49021e-05
-9.9702e-06
-2.50528e-05
-9.9702e-06
-2.52034e-05
-9.9702e-06
-2.53538e-05
-9.9702e-06
-2.55039e-05
-9.9702e-06
-2.56536e-05
-9.9702e-06
-2.58028e-05
-9.9702e-06
-2.59515e-05
-9.9702e-06
-2.60994e-05
-9.9702e-06
-2.62465e-05
-9.9702e-06
-2.63928e-05
-9.9702e-06
-2.6538e-05
-9.9702e-06
-2.66821e-05
-9.9702e-06
-2.6825e-05
-9.9702e-06
-2.69666e-05
-9.9702e-06
-2.71067e-05
-9.9702e-06
-2.72453e-05
-9.9702e-06
-2.73822e-05
-9.9702e-06
-2.75174e-05
-9.9702e-06
-2.76507e-05
-9.9702e-06
-2.7782e-05
-9.9702e-06
-2.79113e-05
-9.9702e-06
-2.80383e-05
-9.9702e-06
-2.81631e-05
-9.9702e-06
-2.82854e-05
-9.9702e-06
-2.84052e-05
-9.9702e-06
-2.85224e-05
-9.9702e-06
-2.86368e-05
-9.9702e-06
-2.87485e-05
-9.9702e-06
-2.88572e-05
-9.9702e-06
-2.89628e-05
-9.9702e-06
-2.90653e-05
-9.9702e-06
-2.92924e-05
-8.94753e-06
-2.81159e-05
-9.9702e-06
-2.93724e-05
-9.04787e-06
-2.83884e-05
-9.9702e-06
-2.94794e-05
-9.11404e-06
-2.8592e-05
-9.9702e-06
-2.95731e-05
-9.18156e-06
-2.87823e-05
-9.9702e-06
-2.9651e-05
-9.25142e-06
-2.89594e-05
-9.9702e-06
-2.97894e-05
-9.9702e-06
-2.99711e-05
-9.13939e-06
-2.92396e-05
-9.9702e-06
-3.02816e-05
-9.9702e-06
-3.04544e-05
-9.15545e-06
-2.97907e-05
-9.9702e-06
-3.07335e-05
-9.9702e-06
-3.08986e-05
-9.9702e-06
-3.10396e-05
-9.08901e-06
-3.0311e-05
-9.9702e-06
-3.12733e-05
-9.9702e-06
-3.14259e-05
-9.9702e-06
-3.15485e-05
-9.9702e-06
-3.16638e-05
-9.9702e-06
-3.17736e-05
-9.13082e-06
-3.1187e-05
-9.9702e-06
-3.19293e-05
-9.9702e-06
-3.20611e-05
-9.9702e-06
-3.21538e-05
-9.9702e-06
-3.22371e-05
-9.9702e-06
-3.23007e-05
-9.9702e-06
-3.23655e-05
-9.9702e-06
-3.24254e-05
-9.9702e-06
-3.24796e-05
-9.9702e-06
-3.2528e-05
-9.9702e-06
-3.25705e-05
-9.9702e-06
-3.26072e-05
-9.9702e-06
-3.26379e-05
-9.9702e-06
-3.26628e-05
-9.9702e-06
-3.26818e-05
-9.9702e-06
-3.26949e-05
-9.9702e-06
-3.27022e-05
-9.9702e-06
-3.27036e-05
-9.9702e-06
-3.26993e-05
-9.9702e-06
-3.26891e-05
-9.9702e-06
-3.26732e-05
-9.9702e-06
-3.26516e-05
-9.9702e-06
-3.26244e-05
-9.9702e-06
-3.25916e-05
-9.9702e-06
-3.25532e-05
-9.9702e-06
-3.25094e-05
-9.9702e-06
-3.24602e-05
-9.9702e-06
-3.24057e-05
-9.9702e-06
-3.23459e-05
-9.9702e-06
-3.2281e-05
-9.9702e-06
-3.2211e-05
-9.9702e-06
-3.21361e-05
-9.9702e-06
-3.20562e-05
-9.9702e-06
-3.19716e-05
-9.9702e-06
-3.18824e-05
-9.9702e-06
-3.17886e-05
-9.9702e-06
-3.16903e-05
-9.9702e-06
-3.15877e-05
-9.9702e-06
-3.1481e-05
-9.9702e-06
-3.13701e-05
-9.9702e-06
-3.12553e-05
-9.9702e-06
-3.11366e-05
-9.9702e-06
-3.10143e-05
-9.9702e-06
-3.08884e-05
-9.9702e-06
-3.07591e-05
-9.9702e-06
-3.06265e-05
-9.9702e-06
-3.04907e-05
-9.9702e-06
-3.0352e-05
-9.9702e-06
-3.02104e-05
-9.9702e-06
-3.00661e-05
-9.9702e-06
-2.99192e-05
-9.9702e-06
-2.97698e-05
-9.9702e-06
-2.96183e-05
-9.9702e-06
-2.94645e-05
-9.9702e-06
-2.93088e-05
-9.9702e-06
-2.91513e-05
-9.9702e-06
-2.8992e-05
-9.9702e-06
-2.88313e-05
-9.9702e-06
-2.86691e-05
-9.9702e-06
-2.85057e-05
-9.9702e-06
-2.83411e-05
-9.9702e-06
-2.81757e-05
-9.9702e-06
-2.80094e-05
-9.9702e-06
-2.78424e-05
-9.9702e-06
-2.76749e-05
-9.9702e-06
-2.7507e-05
-9.9702e-06
-2.73389e-05
-9.9702e-06
-2.71706e-05
-9.9702e-06
-2.70023e-05
-9.9702e-06
-2.68342e-05
-9.9702e-06
-2.66664e-05
-9.9702e-06
-2.64989e-05
-9.9702e-06
-2.6332e-05
-9.9702e-06
-2.61658e-05
-9.9702e-06
-2.60003e-05
-9.9702e-06
-2.58357e-05
-9.9702e-06
-2.5672e-05
-9.9702e-06
-2.55095e-05
-9.9702e-06
-2.53482e-05
-9.9702e-06
-2.51882e-05
-9.9702e-06
-2.50297e-05
-9.9702e-06
-2.48726e-05
-9.9702e-06
-2.47172e-05
-9.9702e-06
-2.45635e-05
-9.9702e-06
-2.44116e-05
-9.9702e-06
-2.42615e-05
-9.9702e-06
-2.41134e-05
-9.9702e-06
-2.39673e-05
-9.9702e-06
-2.38234e-05
-9.9702e-06
-2.36816e-05
-9.9702e-06
-2.35421e-05
-9.9702e-06
-2.34049e-05
-9.9702e-06
-2.327e-05
-9.9702e-06
-2.31376e-05
-9.9702e-06
-2.30076e-05
-9.9702e-06
-2.28802e-05
-9.9702e-06
-2.27553e-05
-9.9702e-06
-2.26331e-05
-9.9702e-06
-2.25135e-05
-9.9702e-06
-2.23966e-05
-9.9702e-06
-2.22824e-05
-9.9702e-06
-2.21709e-05
-9.9702e-06
-2.20622e-05
-9.9702e-06
-2.19563e-05
-9.9702e-06
-2.18532e-05
-9.9702e-06
-2.17529e-05
-9.9702e-06
-2.16555e-05
-9.9702e-06
-2.15608e-05
-9.9702e-06
-2.14691e-05
-9.9702e-06
-2.13801e-05
-9.9702e-06
-2.1294e-05
-9.9702e-06
-2.12107e-05
-9.9702e-06
-2.11302e-05
-9.9702e-06
-2.10526e-05
-9.9702e-06
-2.09777e-05
-9.9702e-06
-2.09057e-05
-9.9702e-06
-2.08364e-05
-9.9702e-06
-2.07698e-05
-9.9702e-06
-2.07059e-05
-9.9702e-06
-2.06447e-05
-9.9702e-06
-2.05862e-05
-9.9702e-06
-2.05303e-05
-9.9702e-06
-2.0477e-05
-9.9702e-06
-2.04262e-05
-9.9702e-06
-2.0378e-05
-9.9702e-06
-2.03322e-05
-9.9702e-06
-2.02888e-05
-9.9702e-06
-2.02478e-05
-9.9702e-06
-2.02092e-05
-9.9702e-06
-2.01728e-05
-9.9702e-06
-2.01387e-05
-9.9702e-06
-2.01067e-05
-9.9702e-06
-2.00769e-05
-9.9702e-06
-2.00491e-05
-9.9702e-06
-2.00234e-05
-9.9702e-06
-1.99996e-05
-9.9702e-06
-1.99777e-05
-9.9702e-06
-1.99577e-05
-9.9702e-06
-1.99394e-05
-9.9702e-06
-1.99228e-05
-9.9702e-06
-1.99079e-05
-9.9702e-06
-1.98946e-05
-9.9702e-06
-1.98828e-05
-9.9702e-06
-1.98724e-05
-9.9702e-06
-1.98635e-05
-9.9702e-06
-1.98558e-05
-9.9702e-06
-1.98494e-05
-9.9702e-06
-1.98442e-05
-9.9702e-06
-1.98402e-05
-9.9702e-06
-1.98371e-05
-9.9702e-06
-1.98351e-05
-9.9702e-06
-1.9834e-05
-9.9702e-06
-1.98337e-05
-9.9702e-06
-1.98342e-05
-9.9702e-06
-1.98354e-05
-9.9702e-06
-1.98372e-05
-9.9702e-06
-1.98397e-05
-9.9702e-06
-1.98426e-05
-9.9702e-06
-1.9846e-05
-9.9702e-06
-1.98497e-05
-9.9702e-06
-1.98538e-05
-9.9702e-06
-1.98581e-05
-9.9702e-06
-1.98626e-05
-9.9702e-06
-1.98672e-05
-9.9702e-06
-1.98718e-05
-9.9702e-06
-1.98765e-05
-9.9702e-06
-1.98811e-05
-9.9702e-06
-1.98855e-05
-9.9702e-06
-1.98898e-05
-9.9702e-06
-1.98938e-05
-9.9702e-06
-1.98975e-05
-9.9702e-06
-1.99009e-05
-9.9702e-06
-1.99039e-05
-9.9702e-06
-1.99064e-05
-9.9702e-06
-1.99083e-05
-9.9702e-06
-1.99097e-05
-9.9702e-06
-1.99105e-05
-9.9702e-06
-1.99107e-05
-9.9702e-06
-1.99101e-05
-9.9702e-06
-1.99088e-05
-9.9702e-06
-1.99066e-05
-9.9702e-06
-1.99037e-05
-9.9702e-06
-1.98998e-05
-9.9702e-06
-1.98951e-05
-9.9702e-06
-1.98893e-05
-9.9702e-06
-1.98826e-05
-9.9702e-06
-1.98749e-05
-9.9702e-06
-1.98661e-05
-9.9702e-06
-1.98562e-05
-9.9702e-06
-1.98452e-05
-9.9702e-06
-1.98331e-05
-9.9702e-06
-1.98198e-05
-9.9702e-06
-1.98053e-05
-9.9702e-06
-1.97896e-05
-9.9702e-06
-1.97726e-05
-9.9702e-06
-1.97544e-05
-9.9702e-06
-1.97349e-05
-9.9702e-06
-1.97141e-05
-9.9702e-06
-1.9692e-05
-9.9702e-06
-1.96686e-05
-9.9702e-06
-1.96438e-05
-9.9702e-06
-1.96177e-05
-9.9702e-06
-1.95903e-05
-9.9702e-06
-1.95615e-05
-9.9702e-06
-1.95313e-05
-9.9702e-06
-1.94998e-05
-9.9702e-06
-1.94669e-05
-9.9702e-06
-1.94785e-05
-9.9702e-06
-1.94391e-05
-9.9702e-06
-1.93965e-05
-9.9702e-06
-1.93525e-05
-9.9702e-06
-1.93074e-05
-9.9702e-06
-1.9261e-05
-9.9702e-06
-1.9214e-05
-9.9702e-06
-1.91649e-05
-9.9702e-06
-1.91147e-05
-9.9702e-06
-1.90651e-05
-9.9702e-06
-1.90154e-05
-9.9702e-06
-1.89642e-05
-9.9702e-06
-1.89116e-05
-9.9702e-06
-1.88578e-05
-9.9702e-06
-1.88026e-05
-9.9702e-06
-1.87463e-05
-9.9702e-06
-1.86887e-05
-9.6775e-06
-1.82428e-05
-9.9702e-06
-1.85715e-05
-9.9702e-06
-1.85115e-05
-9.9702e-06
-1.84484e-05
-9.7112e-06
-1.8051e-05
-9.9702e-06
-1.83227e-05
-9.9702e-06
-1.82566e-05
-9.9702e-06
-1.8189e-05
-9.6735e-06
-1.76895e-05
-9.9702e-06
-1.80562e-05
-9.9702e-06
-1.79852e-05
-9.71098e-06
-1.75536e-05
-9.9702e-06
-1.78447e-05
-9.9702e-06
-1.77707e-05
-9.68481e-06
-1.72762e-05
-9.9702e-06
-1.76251e-05
-9.9702e-06
-1.75484e-05
-9.65744e-06
-1.69922e-05
-9.9702e-06
-1.73979e-05
-9.74002e-06
-1.69978e-05
-9.9702e-06
-1.72421e-05
-9.73738e-06
-1.68301e-05
-9.9702e-06
-1.70831e-05
-9.72937e-06
-1.66495e-05
-9.9702e-06
-1.69216e-05
-9.72179e-06
-1.64678e-05
-9.9702e-06
-1.67575e-05
-9.71507e-06
-1.62856e-05
-9.9702e-06
-1.65911e-05
-9.7092e-06
-1.61018e-05
-9.9702e-06
-1.64225e-05
-9.70412e-06
-1.59172e-05
-9.9702e-06
-1.62518e-05
-9.69978e-06
-1.57329e-05
-9.9702e-06
-1.60794e-05
-9.69611e-06
-1.55488e-05
-9.9702e-06
-1.59053e-05
-9.69307e-06
-1.53645e-05
-9.9702e-06
-1.57298e-05
-9.69058e-06
-1.51801e-05
-9.9702e-06
-1.55531e-05
-9.68859e-06
-1.49956e-05
-9.9702e-06
-1.53754e-05
-9.68703e-06
-1.48111e-05
-9.9702e-06
-1.51969e-05
-9.68584e-06
-1.46267e-05
-9.9702e-06
-1.50177e-05
-9.68497e-06
-1.44424e-05
-9.9702e-06
-1.48382e-05
-9.68433e-06
-1.42599e-05
-9.9702e-06
-1.46586e-05
-9.68388e-06
-1.40793e-05
-9.819e-06
-1.42343e-05
-9.9702e-06
-1.4389e-05
-9.69063e-06
-1.38212e-05
-9.8193e-06
-1.39558e-05
-9.9702e-06
-1.41201e-05
-9.69036e-06
-1.35521e-05
-9.81907e-06
-1.36844e-05
-9.82453e-06
-1.36056e-05
-9.9702e-06
-1.37637e-05
-9.69123e-06
-1.31981e-05
-9.81867e-06
-1.33293e-05
-9.82396e-06
-1.32505e-05
-9.82528e-06
-1.3165e-05
-9.82522e-06
-1.30775e-05
-9.82496e-06
-1.29901e-05
-9.82464e-06
-1.29031e-05
-9.82426e-06
-1.28164e-05
-9.82383e-06
-1.27301e-05
-9.82335e-06
-1.26443e-05
-9.82282e-06
-1.25588e-05
-9.82223e-06
-1.24737e-05
-9.82158e-06
-1.23891e-05
-9.82086e-06
-1.2305e-05
-9.82008e-06
-1.22213e-05
-9.81923e-06
-1.21382e-05
-9.81832e-06
-1.20555e-05
-9.81733e-06
-1.19734e-05
-9.81626e-06
-1.18918e-05
-9.81512e-06
-1.18108e-05
-9.81389e-06
-1.17303e-05
-9.81259e-06
-1.16505e-05
-9.81119e-06
-1.15713e-05
-9.80972e-06
-1.14927e-05
-9.80815e-06
-1.14147e-05
-9.80645e-06
-1.13374e-05
-9.80448e-06
-1.12605e-05
-9.80268e-06
-1.11846e-05
-9.79868e-06
-1.11074e-05
-9.79349e-06
-1.10297e-05
-9.78805e-06
-1.09526e-05
-9.78254e-06
-1.08764e-05
-9.77686e-06
-1.08008e-05
-9.77082e-06
-1.07257e-05
-9.76419e-06
-1.0651e-05
-9.75675e-06
-1.05764e-05
-9.74823e-06
-1.05016e-05
-9.73828e-06
-1.04263e-05
-9.72628e-06
-1.035e-05
-9.71116e-06
-1.02715e-05
-9.69079e-06
-1.01888e-05
-9.65974e-06
-1.00964e-05
-9.61851e-06
-9.81039e-06
-1.0891e-05
-9.9702e-06
-1.0643e-05
-9.9702e-06
-1.05812e-05
-9.9702e-06
-1.05236e-05
-9.9702e-06
-1.04668e-05
-9.9702e-06
-1.04107e-05
-9.9702e-06
-1.03555e-05
-9.9702e-06
-1.03012e-05
-9.9702e-06
-1.02478e-05
-9.9702e-06
-1.01955e-05
-9.9702e-06
-1.01441e-05
-9.9702e-06
-1.01047e-05
-9.9702e-06
-1.00576e-05
-9.9702e-06
-1.00014e-05
-9.97011e-06
-9.95567e-06
-1.0104e-05
-9.47202e-06
-9.04934e-06
-8.68542e-06
-8.2792e-06
-7.88581e-06
-7.42358e-06
-6.93742e-06
-6.35497e-06
-5.71417e-06
-4.95192e-06
-4.09868e-06
-3.10077e-06
-1.98076e-06
-6.94547e-07
7.4355e-07
2.3678e-06
4.17251e-06
6.18186e-06
8.39908e-06
1.0838e-05
1.35111e-05
1.64217e-05
1.95915e-05
2.30132e-05
2.67183e-05
3.06882e-05
3.49646e-05
3.95175e-05
4.43987e-05
4.95669e-05
5.50842e-05
6.08975e-05
6.70798e-05
7.35657e-05
8.04392e-05
8.76228e-05
9.52116e-05
0.000103116
0.000111441
0.000120086
0.000129167
0.00013857
0.000148424
0.000158601
0.000169242
0.000180205
0.000191645
0.000203405
0.000215653
0.000228218
0.000241281
0.000254657
0.000268539
0.000282728
0.000297431
0.000312435
0.000327958
0.000343774
0.000360114
0.000376738
0.000393889
0.000411314
0.000429269
0.000447484
0.000466231
0.000485225
0.000504751
0.00052451
0.000544799
0.000565304
0.000586337
0.000607569
0.000629325
0.000651261
0.000673716
0.000696331
0.000719459
0.000742724
0.000766496
0.000790381
0.000814764
0.000839236
0.000864196
0.000889218
0.000914717
0.000940252
0.000966249
0.000992254
0.00101871
0.00104514
0.001072
0.00109881
0.00112604
0.00115317
0.00118071
0.00120812
0.00123591
0.00126355
0.00129154
0.00131933
0.00134746
0.00137535
0.00140356
0.00143148
0.0014597
0.00148759
0.00151575
0.00154354
0.00157156
0.00159917
0.00162699
0.00165435
0.00168188
0.00170891
0.00173608
0.00176269
0.00178941
0.00181552
0.00184171
0.00186723
0.00189278
0.00191762
0.00194246
0.00196652
0.00199054
0.00201373
0.00203684
0.00205905
0.00208114
0.00210227
0.00212323
0.00214318
0.00216291
0.00218155
0.00219994
0.00221718
0.00223411
0.00224981
0.00226516
0.00227922
0.00229287
0.00230515
0.00231698
0.00232737
0.00233724
0.0023456
0.0023534
0.00235959
0.00236517
0.00236907
0.0023723
0.00237376
0.0023745
0.00237339
0.00237149
0.00236765
0.00236297
0.00235626
0.00234865
0.00233892
0.00232822
0.00231532
0.00230138
0.00228514
0.00226781
0.00224808
0.00222719
0.0022038
0.00217919
0.00215198
0.00212348
0.00209228
0.00205973
0.00202436
0.00198757
0.00194787
0.00190668
0.00186247
0.00181669
0.00176778
0.00171724
0.00166346
0.00160797
0.00154913
0.00148851
0.00142442
0.00135848
0.00128895
0.00121751
0.00114234
0.0010652
0.000984212
0.00090117
0.000814163
0.000725028
0.000631802
0.000536374
0.000436729
0.000334808
0.00022854
0.000119924
6.82945e-06
-0.000108686
-9.9702e-06
-1.56469e-05
-9.2034e-06
-1.32233e-05
-9.27249e-06
-1.31204e-05
-9.27352e-06
-1.30345e-05
-9.27229e-06
-1.3024e-05
-9.2692e-06
-1.30604e-05
-9.26491e-06
-1.3127e-05
-9.25966e-06
-1.3213e-05
-9.25358e-06
-1.33115e-05
-9.24678e-06
-1.34182e-05
-9.23932e-06
-1.35303e-05
-9.23125e-06
-1.36459e-05
-9.22297e-06
7.94815e-06
6.02484e-06
-4.4834e-07
-1.70441e-05
-9.12646e-06
-1.74776e-05
-9.24705e-06
-1.74923e-05
-9.23778e-06
-1.74386e-05
-9.24778e-06
-1.74988e-05
-9.25614e-06
-1.76069e-05
-9.26347e-06
-1.77464e-05
-9.27009e-06
-1.79064e-05
-9.27629e-06
-1.80801e-05
-9.28227e-06
-1.82628e-05
-9.28817e-06
-1.84515e-05
-9.29407e-06
-1.86444e-05
-9.30004e-06
-1.884e-05
-9.3061e-06
-1.90375e-05
-9.9702e-06
-1.95472e-05
-9.9702e-06
-1.99088e-05
-9.9702e-06
-2.01048e-05
-9.9702e-06
-2.02949e-05
-9.9702e-06
-2.04833e-05
-9.9702e-06
-2.067e-05
-9.9702e-06
-2.08553e-05
-9.9702e-06
-2.10391e-05
-9.9702e-06
-2.12213e-05
-9.9702e-06
-2.14019e-05
-9.9702e-06
-2.15809e-05
-9.9702e-06
-2.17581e-05
-9.9702e-06
-2.19334e-05
-9.9702e-06
-2.21067e-05
-9.9702e-06
-2.22779e-05
-9.9702e-06
-2.24469e-05
-9.9702e-06
-2.26136e-05
-9.9702e-06
-2.27778e-05
-9.9702e-06
-2.29395e-05
-9.9702e-06
-2.30986e-05
-9.9702e-06
-2.32548e-05
-9.9702e-06
-2.34076e-05
-9.9702e-06
-2.35566e-05
-9.9702e-06
-2.37025e-05
-9.9702e-06
-2.38452e-05
-9.9702e-06
-2.39847e-05
-9.9702e-06
-2.41207e-05
-9.9702e-06
-2.42533e-05
-9.9702e-06
-2.43823e-05
-9.9702e-06
-2.45076e-05
-9.9702e-06
-2.46292e-05
-9.9702e-06
-2.47469e-05
-9.9702e-06
-2.48606e-05
-9.9702e-06
-2.49703e-05
-9.9702e-06
-2.50759e-05
-9.9702e-06
-2.51773e-05
-9.9702e-06
-2.52744e-05
-9.9702e-06
-2.53671e-05
-9.9702e-06
-2.54554e-05
-9.9702e-06
-2.55392e-05
-9.9702e-06
-2.56185e-05
-9.9702e-06
-2.5693e-05
-9.9702e-06
-2.57629e-05
-9.9702e-06
-2.58281e-05
-9.9702e-06
-2.58884e-05
-9.9702e-06
-2.59438e-05
-9.9702e-06
-2.59943e-05
-9.9702e-06
-2.60399e-05
-9.9702e-06
-2.60804e-05
-9.9702e-06
-2.61159e-05
-9.9702e-06
-2.61463e-05
-9.9702e-06
-2.61716e-05
-9.9702e-06
-2.61917e-05
-9.9702e-06
-2.62873e-05
-9.41304e-06
-2.55168e-05
-9.9702e-06
-2.62511e-05
-9.469e-06
-2.5601e-05
-9.9702e-06
-2.62153e-05
-9.50571e-06
-2.56305e-05
-9.9702e-06
-2.616e-05
-9.54236e-06
-2.56397e-05
-9.9702e-06
-2.60841e-05
-9.9702e-06
-2.60478e-05
-9.51496e-06
-2.54336e-05
-9.9702e-06
-2.59329e-05
-9.9702e-06
-2.58811e-05
-9.59877e-06
-2.54215e-05
-9.9702e-06
-2.57326e-05
-9.9702e-06
-2.5666e-05
-9.9702e-06
-2.55849e-05
-9.9702e-06
-2.5498e-05
-9.9702e-06
-2.5406e-05
-9.9702e-06
-2.53088e-05
-9.9702e-06
-2.52194e-05
-9.9702e-06
-2.51173e-05
-9.9702e-06
-2.50081e-05
-9.9702e-06
-2.4894e-05
-9.9702e-06
-2.4775e-05
-9.9702e-06
-2.46511e-05
-9.9702e-06
-2.45225e-05
-9.9702e-06
-2.4389e-05
-9.9702e-06
-2.42508e-05
-9.9702e-06
-2.41079e-05
-9.9702e-06
-2.39618e-05
-9.9702e-06
-2.38099e-05
-9.9702e-06
-2.36535e-05
-9.9702e-06
-2.34926e-05
-9.9702e-06
-2.33273e-05
-9.9702e-06
-2.31577e-05
-9.9702e-06
-2.29838e-05
-9.9702e-06
-2.28057e-05
-9.9702e-06
-2.26236e-05
-9.9702e-06
-2.24374e-05
-9.9702e-06
-2.22472e-05
-9.9702e-06
-2.20532e-05
-9.9702e-06
-2.18554e-05
-9.9702e-06
-2.16539e-05
-9.9702e-06
-2.14488e-05
-9.9702e-06
-2.12401e-05
-9.9702e-06
-2.1028e-05
-9.9702e-06
-2.08125e-05
-9.9702e-06
-2.05937e-05
-9.9702e-06
-2.03717e-05
-9.9702e-06
-2.01466e-05
-9.9702e-06
-1.99185e-05
-9.9702e-06
-1.96875e-05
-9.9702e-06
-1.94536e-05
-9.9702e-06
-1.9217e-05
-9.9702e-06
-1.89777e-05
-9.9702e-06
-1.87359e-05
-9.9702e-06
-1.84916e-05
-9.9702e-06
-1.8245e-05
-9.9702e-06
-1.79961e-05
-9.9702e-06
-1.77451e-05
-9.9702e-06
-1.7492e-05
-9.9702e-06
-1.72369e-05
-9.9702e-06
-1.69799e-05
-9.9702e-06
-1.67212e-05
-9.9702e-06
-1.64608e-05
-9.9702e-06
-1.61988e-05
-9.9702e-06
-1.59354e-05
-9.9702e-06
-1.56706e-05
-9.9702e-06
-1.54045e-05
-9.97021e-06
-1.51373e-05
-9.9702e-06
-1.4869e-05
-9.9702e-06
-1.45998e-05
-9.9702e-06
-1.43296e-05
-9.9702e-06
-1.40588e-05
-9.9702e-06
-1.37872e-05
-9.9702e-06
-1.35152e-05
-9.9702e-06
-1.32426e-05
-9.9702e-06
-1.29698e-05
-9.9702e-06
-1.26966e-05
-9.9702e-06
-1.24233e-05
-9.9702e-06
-1.215e-05
-9.9702e-06
-1.18767e-05
-9.9702e-06
-1.16036e-05
-9.9702e-06
-1.13307e-05
-9.9702e-06
-1.10582e-05
-9.9702e-06
-1.07862e-05
-9.9702e-06
-1.05146e-05
-9.9702e-06
-1.02438e-05
-9.9702e-06
-9.97364e-06
-1.45019e-05
-9.9702e-06
-1.43557e-05
-9.9702e-06
-1.41799e-05
-9.9702e-06
-1.39963e-05
-9.9702e-06
-1.38095e-05
-9.9702e-06
-1.3621e-05
-9.9702e-06
-1.34317e-05
-9.9702e-06
-1.32421e-05
-9.9702e-06
-1.30527e-05
-9.9702e-06
-1.28637e-05
-9.9702e-06
-1.26761e-05
-9.77826e-06
-1.21157e-05
-9.17368e-06
-1.07407e-05
-8.17567e-06
-8.58532e-06
-5.72016e-06
-4.59693e-06
1.51655e-08
3.03767e-06
9.75887e-06
1.50394e-05
2.42247e-05
3.21153e-05
4.41134e-05
5.49599e-05
7.01133e-05
8.42556e-05
0.000102901
0.000120674
0.000143142
0.000164873
0.000191491
0.000217503
0.000248589
0.0002792
0.000315069
0.00035059
0.000391549
0.000432285
0.000478638
0.000524889
0.000576931
0.000628991
0.000687013
0.000745169
0.000809455
0.000873988
0.000944817
0.001016
0.00109365
0.00117175
0.00125647
0.00134177
0.00143383
0.00152656
0.00162621
0.00172663
0.00183412
0.00194247
0.00205804
0.00217456
0.00229844
0.00242336
0.00255577
0.00268931
0.00283048
0.00297286
0.00312299
0.00327442
0.00343372
0.0035944
0.00376308
0.0039332
0.00411144
0.00429119
0.00447918
0.00466875
0.00486667
0.00506623
0.00527424
0.00548396
0.00570223
0.00592226
0.00615095
0.00638146
0.00662071
0.00686183
0.0071118
0.00736368
0.00762449
0.00788726
0.00815904
0.00843282
0.0087157
0.00900061
0.0092947
0.00959086
0.00989626
0.0102038
0.0105206
0.0108395
0.0111678
0.0114983
0.0118382
0.0121803
0.012532
0.0128858
0.0132492
0.0135875
0.0139433
0.0143024
0.0142639
0.014
0.0140172
0.014
0.0140118
0.014
0.0140126
0.014
0.0140121
0.014
0.0140118
0.014
0.0140115
0.014
0.0140114
0.014
0.0140113
0.014
0.0140113
0.014
0.0140113
0.014
0.0140112
0.014
0.0140113
0.014
0.0140113
0.014
0.0140113
0.014
0.0140113
0.014
0.0140113
0.014
0.0140113
0.014
0.0140114
0.014
0.0140114
0.014
0.0140114
0.014
0.0140114
0.014
0.0140114
0.014
0.0140114
0.014
0.0140114
0.014
0.0140114
0.014
0.0140114
0.014
0.0140114
0.014
0.0140114
0.014
0.0140114
0.014
0.0140114
0.014
0.0140114
0.014
0.0140114
0.014
0.0140113
0.014
0.0140113
0.014
0.0140113
0.014
0.0140113
0.014
0.0140113
0.014
0.0140112
0.014
0.0140112
0.014
0.0140112
0.014
0.0140111
0.014
0.0140111
0.014
0.0140111
0.014
0.014011
0.014
0.014011
0.014
0.0140109
0.014
0.0140109
0.014
0.0140109
0.014
0.0140108
0.014
0.0140108
0.014
0.0140107
0.014
0.0140107
0.014
0.0140106
0.014
0.0140106
0.014
0.0140105
0.014
0.0140105
0.014
0.0140104
0.014
0.0140103
0.014
0.0140103
0.014
0.0140102
0.014
0.0140102
0.014
0.0140101
0.014
0.01401
0.014
0.01401
0.014
0.0140099
0.014
0.0140099
0.014
0.0140098
0.014
0.0140097
0.014
0.0140097
0.014
0.0140096
0.014
0.0140095
0.014
0.0140095
0.014
0.0140094
0.014
0.0140093
0.014
0.0140092
0.014
0.0140092
0.014
0.0140091
0.014
0.014009
0.014
0.014009
0.014
0.0140089
0.014
0.0140088
0.014
0.0140087
0.014
0.0140087
0.014
0.0140086
0.014
0.0140085
0.014
0.0140084
0.014
0.0140084
0.014
0.0140083
0.014
0.0140082
0.014
0.0140081
0.014
0.0140081
0.014
0.014008
0.014
0.0140079
0.014
0.0140078
0.014
0.0140077
0.014
0.0140077
0.014
0.0140076
0.014
0.0140075
0.014
0.0140074
0.014
0.0140073
0.014
0.0140073
0.014
0.0140072
0.014
0.0140071
0.014
0.014007
0.014
0.0140069
0.014
0.0140068
0.014
0.0140068
0.014
0.0140072
0.014
0.0140072
0.014
0.0140071
0.014
0.014007
0.014
0.0140069
0.014
0.0140068
0.014
0.0140067
0.014
0.0140065
0.014
0.0140064
0.014
0.0140063
0.014
0.0140062
0.014
0.0140061
0.014
0.014006
0.014
0.0140059
0.014
0.0140058
0.014
0.0140057
0.014
0.0140056
0.014
0.0140054
0.014
0.0140053
0.014
0.0140052
0.014
0.0140051
0.014
0.014005
0.014
0.0140049
0.014
0.0140047
0.014
0.0140046
0.014
0.0140045
0.014
0.0140044
0.014
0.0140043
0.014
0.0140041
0.014
0.014004
0.014
0.0140039
0.014
0.0140038
0.014
0.0140036
0.014
0.0140035
0.014
0.0140034
0.014
0.0140033
0.014
0.0140031
0.014
0.014003
0.0139999
0.0140026
0.0139995
0.0140019
0.013999
0.0140007
0.0139983
0.0139991
0.0139968
0.0139967
0.0139933
0.0139919
0.0139873
0.0139844
0.0139783
0.0139738
0.013966
0.0139597
0.01395
0.0139418
0.01393
0.0139196
0.0139056
0.0138928
0.0138763
0.013861
0.0138419
0.0138239
0.013802
0.013781
0.0137562
0.0137322
0.0137042
0.0136768
0.0136455
0.0136148
0.0135799
0.0135455
0.013507
0.0134688
0.0134265
0.0133843
0.0133379
0.0132916
0.013241
0.0131903
0.0131353
0.0130802
0.0130207
0.0129609
0.0128967
0.0128321
0.0127629
0.0126934
0.0126192
0.0125444
0.012465
0.012385
0.0123002
0.0122146
0.0121243
0.0120332
0.0119371
0.0118402
0.0117383
0.0116354
0.0115275
0.0114185
0.0113044
0.0111891
0.0110688
0.0109471
0.0108203
0.010692
0.0105586
0.0104236
0.0102835
0.0101416
0.00999455
0.00984571
0.00969161
0.00953563
0.00937435
0.00921109
0.0090425
0.00887183
0.00869578
0.00851756
0.00833393
0.00814803
0.00795668
0.00776298
0.00756379
0.00736215
0.007155
0.0069453
0.00673005
0.00651217
0.00628868
0.00606251
0.00583066
0.00559605
0.00535576
0.0051125
0.00486367
0.00461169
0.00435418
0.00409343
0.00382716
0.00355753
0.00328239
0.00300379
0.00271968
0.002432
0.00213884
0.00184199
0.00153966
0.00123354
0.000921971
0.000606497
0.000285584
-3.93359e-05
-9.9702e-06
-2.1098e-05
-9.9702e-06
2.13016e-05
2.2005e-05
1.56579e-05
-2.85588e-06
-2.75461e-05
-9.9702e-06
-1.67831e-05
-9.9702e-06
-1.60042e-05
-9.9702e-06
-1.57919e-05
-9.9702e-06
-1.56885e-05
-9.9702e-06
-1.56538e-05
-9.9702e-06
-1.56653e-05
-9.9702e-06
-1.5708e-05
-9.9702e-06
-1.57719e-05
-9.9702e-06
-1.58501e-05
-9.9702e-06
-1.59377e-05
-9.9702e-06
-1.60316e-05
-9.9702e-06
-1.60826e-05
-9.9702e-06
-1.60548e-05
-9.9702e-06
-1.60239e-05
-9.9702e-06
-1.59925e-05
-9.9702e-06
-1.59602e-05
-9.9702e-06
-1.59268e-05
-9.9702e-06
-1.58921e-05
-9.9702e-06
-1.58559e-05
-9.9702e-06
-1.58181e-05
-9.9702e-06
-1.57787e-05
-9.9702e-06
-1.57376e-05
-9.9702e-06
-1.56949e-05
-9.9702e-06
-1.56506e-05
-9.9702e-06
-1.56045e-05
-9.9702e-06
-1.55569e-05
-9.9702e-06
-1.55076e-05
-9.9702e-06
-1.54568e-05
-9.9702e-06
-1.54043e-05
-9.9702e-06
-1.53504e-05
-9.9702e-06
-1.52949e-05
-9.9702e-06
-1.52379e-05
-9.9702e-06
-1.51795e-05
-9.9702e-06
-1.51197e-05
-9.9702e-06
-1.50585e-05
-9.9702e-06
-1.49959e-05
-9.9702e-06
-1.49321e-05
-9.9702e-06
-1.4867e-05
-9.9702e-06
-1.48021e-05
-9.9702e-06
-1.47368e-05
-9.9702e-06
-1.46668e-05
-9.9702e-06
-1.45833e-05
-9.9702e-06
-1.44916e-05
-9.9702e-06
-1.43919e-05
-9.9702e-06
-1.42885e-05
-9.9702e-06
-1.41885e-05
-9.9702e-06
-1.40905e-05
-9.94011e-06
-1.39598e-05
-9.90627e-06
-1.38271e-05
-9.8969e-06
-1.37343e-05
-9.88869e-06
-1.36431e-05
-9.88045e-06
-1.35513e-05
-9.87135e-06
-1.3458e-05
-9.85893e-06
-1.33608e-05
-9.84661e-06
-1.32631e-05
-9.83371e-06
-1.31645e-05
-9.82152e-06
-1.30662e-05
-9.80895e-06
-1.29672e-05
-9.79589e-06
-1.28675e-05
-9.78231e-06
-1.27671e-05
-9.7682e-06
-1.2666e-05
-9.75356e-06
-1.25645e-05
-9.73843e-06
-1.24633e-05
-9.72273e-06
-1.23615e-05
-9.70643e-06
-1.22592e-05
-9.68947e-06
-1.21563e-05
-9.67181e-06
-1.2053e-05
-9.65338e-06
-1.19491e-05
-9.63409e-06
-1.18447e-05
-9.61383e-06
-1.17396e-05
-9.5925e-06
-1.16339e-05
-9.56995e-06
-1.15275e-05
-9.546e-06
-1.14201e-05
-9.52044e-06
-1.13117e-05
-9.493e-06
-1.1202e-05
-9.46334e-06
-1.10908e-05
-9.43102e-06
-1.09776e-05
-9.39544e-06
-1.08618e-05
-9.35578e-06
-1.07428e-05
-9.31085e-06
-1.06192e-05
-9.25919e-06
-1.04896e-05
-9.19757e-06
-1.03508e-05
-9.12056e-06
-1.01977e-05
-9.01773e-06
-1.00278e-05
-8.86866e-06
-9.81638e-06
-2.34129e-05
-9.9702e-06
-2.18217e-05
-9.9702e-06
-2.18313e-05
-9.9702e-06
-2.1857e-05
-9.9702e-06
-2.18793e-05
-9.9702e-06
-2.18993e-05
-9.9702e-06
-2.19179e-05
-9.9702e-06
-2.19356e-05
-9.9702e-06
-2.19529e-05
-9.9702e-06
-2.197e-05
-9.9702e-06
-2.19872e-05
-9.9702e-06
-2.20046e-05
-9.9702e-06
-2.20223e-05
-9.9702e-06
-2.20405e-05
-9.9702e-06
-2.20592e-05
-9.9702e-06
-2.20784e-05
-9.9702e-06
-2.20982e-05
-9.9702e-06
-2.21188e-05
-9.9702e-06
-2.21397e-05
-9.9702e-06
-2.21614e-05
-9.9702e-06
-2.21839e-05
-9.9702e-06
-2.22073e-05
-9.9702e-06
-2.22315e-05
-9.9702e-06
-2.22567e-05
-9.9702e-06
-2.22828e-05
-9.9702e-06
-2.231e-05
-9.9702e-06
-2.23381e-05
-9.9702e-06
-2.23674e-05
-9.97021e-06
-2.23977e-05
-9.9702e-06
-2.24291e-05
-9.9702e-06
-2.24617e-05
-9.9702e-06
-2.24954e-05
-9.9702e-06
-2.25303e-05
-9.97021e-06
-2.25665e-05
-9.9702e-06
-2.26039e-05
-9.9702e-06
-2.26425e-05
-9.9702e-06
-2.26824e-05
-9.9702e-06
-2.27236e-05
-9.9702e-06
-2.27661e-05
-9.9702e-06
-2.28099e-05
-9.9702e-06
-2.2855e-05
-9.97021e-06
-2.29015e-05
-9.97021e-06
-2.29493e-05
-9.9702e-06
-2.29984e-05
-9.9702e-06
-2.30489e-05
-9.9702e-06
-2.31007e-05
-9.9702e-06
-2.31538e-05
-9.97021e-06
-2.32083e-05
-9.9702e-06
-2.32641e-05
-9.9702e-06
-2.33212e-05
-9.97021e-06
-2.33797e-05
-9.9702e-06
-2.34394e-05
-9.9702e-06
-2.35005e-05
-9.9702e-06
-2.35628e-05
-9.9702e-06
-2.36264e-05
-9.97021e-06
-2.36912e-05
-9.97021e-06
-2.37572e-05
-9.97021e-06
-2.38244e-05
-9.9702e-06
-2.38929e-05
-9.97021e-06
-2.39624e-05
-9.9702e-06
-2.40331e-05
-9.97021e-06
-2.41049e-05
-9.9702e-06
-2.41777e-05
-9.9702e-06
-2.42515e-05
-9.9702e-06
-2.43264e-05
-9.9702e-06
-2.44022e-05
-9.9702e-06
-2.44789e-05
-9.9702e-06
-2.45564e-05
-9.9702e-06
-2.46348e-05
-9.9702e-06
-2.4714e-05
-9.9702e-06
-2.47939e-05
-9.9702e-06
-2.48746e-05
-9.9702e-06
-2.49558e-05
-9.9702e-06
-2.50377e-05
-9.9702e-06
-2.51201e-05
-9.9702e-06
-2.5203e-05
-9.9702e-06
-2.52863e-05
-9.9702e-06
-2.537e-05
-9.9702e-06
-2.54539e-05
-9.9702e-06
-2.55382e-05
-9.9702e-06
-2.56227e-05
-9.9702e-06
-2.57072e-05
-9.9702e-06
-2.57919e-05
-9.9702e-06
-2.58765e-05
-9.9702e-06
-2.59611e-05
-9.9702e-06
-2.60456e-05
-9.9702e-06
-2.61298e-05
-9.9702e-06
-2.62138e-05
-9.9702e-06
-2.62974e-05
-9.9702e-06
-2.63806e-05
-9.9702e-06
-2.64634e-05
-9.9702e-06
-2.65455e-05
-9.9702e-06
-2.66271e-05
-9.9702e-06
-2.67079e-05
-9.9702e-06
-2.67879e-05
-9.9702e-06
-2.68671e-05
-9.9702e-06
-2.69453e-05
-9.9702e-06
-2.70225e-05
-9.9702e-06
-2.70986e-05
-9.9702e-06
-2.71735e-05
-9.9702e-06
-2.72471e-05
-9.9702e-06
-2.73194e-05
-9.9702e-06
-2.73903e-05
-9.9702e-06
-2.74596e-05
-9.9702e-06
-2.75274e-05
-9.9702e-06
-2.75935e-05
-9.9702e-06
-2.76578e-05
-9.9702e-06
-2.77203e-05
-9.9702e-06
-2.77808e-05
-9.9702e-06
-2.78394e-05
-9.9702e-06
-2.78958e-05
-9.9702e-06
-2.79501e-05
-9.9702e-06
-2.80021e-05
-9.9702e-06
-2.80518e-05
-9.9702e-06
-2.80991e-05
-9.9702e-06
-2.81439e-05
-9.9702e-06
-2.81861e-05
-9.9702e-06
-2.82256e-05
-9.9702e-06
-2.82624e-05
-9.9702e-06
-2.82963e-05
-9.9702e-06
-2.83274e-05
-9.9702e-06
-2.83555e-05
-9.9702e-06
-2.83805e-05
-9.9702e-06
-2.84024e-05
-9.9702e-06
-2.8421e-05
-9.9702e-06
-2.84364e-05
-9.9702e-06
-2.84485e-05
-9.9702e-06
-2.84571e-05
-9.9702e-06
-2.84622e-05
-9.9702e-06
-2.84637e-05
-9.9702e-06
-2.84616e-05
-9.9702e-06
-2.84558e-05
-9.9702e-06
-2.84462e-05
-9.9702e-06
-2.84328e-05
-9.9702e-06
-2.84155e-05
-9.9702e-06
-2.83943e-05
-9.9702e-06
-2.8369e-05
-9.9702e-06
-2.83397e-05
-9.9702e-06
-2.83063e-05
-9.9702e-06
-2.82686e-05
-9.9702e-06
-2.82268e-05
-9.9702e-06
-2.81807e-05
-9.9702e-06
-2.81303e-05
-9.9702e-06
-2.80755e-05
-9.9702e-06
-2.80163e-05
-9.9702e-06
-2.79526e-05
-9.9702e-06
-2.78845e-05
-9.9702e-06
-2.78119e-05
-9.9702e-06
-2.77347e-05
-9.9702e-06
-2.7653e-05
-9.9702e-06
-2.75666e-05
-9.9702e-06
-2.74756e-05
-9.9702e-06
-2.738e-05
-9.9702e-06
-2.72797e-05
-9.9702e-06
-2.71747e-05
-9.9702e-06
-2.70651e-05
-9.9702e-06
-2.69507e-05
-9.9702e-06
-2.68316e-05
-9.9702e-06
-2.67078e-05
-9.9702e-06
-2.65792e-05
-9.9702e-06
-2.6446e-05
-9.9702e-06
-2.6308e-05
-9.9702e-06
-2.61653e-05
-9.9702e-06
-2.60179e-05
-9.9702e-06
-2.58657e-05
-9.9702e-06
-2.5709e-05
-9.9702e-06
-2.55475e-05
-9.9702e-06
-2.53814e-05
-9.9702e-06
-2.52107e-05
-9.9702e-06
-2.50353e-05
-9.9702e-06
-2.48554e-05
-9.9702e-06
-2.4671e-05
-9.9702e-06
-2.44821e-05
-9.9702e-06
-2.42887e-05
-9.9702e-06
-2.40908e-05
-9.9702e-06
-2.38886e-05
-9.9702e-06
-2.3682e-05
-9.9702e-06
-2.34711e-05
-9.9702e-06
-2.3256e-05
-9.9702e-06
-2.30367e-05
-9.9702e-06
-2.28132e-05
-9.9702e-06
-2.25856e-05
-9.9702e-06
-2.2354e-05
-9.9702e-06
-2.21184e-05
-9.9702e-06
-2.1879e-05
-9.9702e-06
-2.16356e-05
-9.9702e-06
-2.13885e-05
-9.9702e-06
-2.11377e-05
-9.9702e-06
-2.08832e-05
-9.9702e-06
-2.06252e-05
-9.9702e-06
-2.03612e-05
-9.9702e-06
-2.00925e-05
-9.9702e-06
-1.98203e-05
-9.9702e-06
-1.95449e-05
-9.9702e-06
-1.92662e-05
-9.9702e-06
-1.89843e-05
-9.9702e-06
-1.86994e-05
-9.9702e-06
-1.84115e-05
-9.9702e-06
-1.81207e-05
-9.9702e-06
-1.78271e-05
-9.9702e-06
-1.75285e-05
-9.9702e-06
-1.7231e-05
-9.9702e-06
-1.69375e-05
-9.9702e-06
-1.66479e-05
-9.9702e-06
-1.63677e-05
-9.9702e-06
-1.60669e-05
-9.9702e-06
-1.57373e-05
-9.9702e-06
-1.53966e-05
