0 
-0.0396826 
-1.15214e-06 
-0.0397192 
-2.68832e-06 
-0.0397469 
-4.22448e-06 
-0.0397642 
-5.76062e-06 
-0.0397711 
-7.29674e-06 
-0.0397674 
-8.83281e-06 
-0.0397534 
-1.03688e-05 
-0.0397291 
-1.19048e-05 
-0.0396946 
-1.34407e-05 
-0.0396498 
-1.49765e-05 
-0.0395949 
-1.65123e-05 
-0.0395299 
-1.8048e-05 
-0.0394549 
-1.95835e-05 
-0.0393699 
-2.1119e-05 
-0.0392751 
-2.26544e-05 
-0.0391705 
-2.41896e-05 
-0.0390562 
-2.57247e-05 
-0.0389324 
-2.72597e-05 
-0.0387992 
-2.87945e-05 
-0.0386566 
-3.03292e-05 
-0.0385048 
-3.18637e-05 
-0.0383439 
-3.3398e-05 
-0.0381741 
-3.49322e-05 
-0.0379955 
-3.64661e-05 
-0.0378083 
-3.79999e-05 
-0.0376125 
-3.95335e-05 
-0.0374085 
-4.10669e-05 
-0.0371962 
-4.26e-05 
-0.036976 
-4.41329e-05 
-0.0367479 
-4.56656e-05 
-0.0365121 
-4.71981e-05 
-0.0362689 
-4.87303e-05 
-0.0360184 
-5.02622e-05 
-0.0357608 
-5.17939e-05 
-0.0354963 
-5.33253e-05 
-0.0352251 
-5.48564e-05 
-0.0349473 
-5.63872e-05 
-0.0346632 
-5.79177e-05 
-0.0343731 
-5.94479e-05 
-0.034077 
-6.09778e-05 
-0.0337752 
-6.25073e-05 
-0.033468 
-6.40366e-05 
-0.0331555 
-6.55655e-05 
-0.0328379 
-6.7094e-05 
-0.0325155 
-6.86222e-05 
-0.0321884 
-7.015e-05 
-0.031857 
-7.16774e-05 
-0.0315214 
-7.32045e-05 
-0.0311818 
-7.47312e-05 
-0.0308385 
-7.62575e-05 
-0.0304916 
-7.77833e-05 
-0.0301414 
-7.93088e-05 
-0.0297881 
-8.08338e-05 
-0.029432 
-8.23584e-05 
-0.0290732 
-8.38826e-05 
-0.028712 
-8.54063e-05 
-0.0283485 
-8.69295e-05 
-0.0279831 
-8.84523e-05 
-0.0276158 
-8.99747e-05 
-0.027247 
-9.14965e-05 
-0.0268768 
-9.30179e-05 
-0.0265054 
-9.45387e-05 
-0.026133 
-9.60591e-05 
-0.0257599 
-9.7579e-05 
-0.0253863 
-9.90983e-05 
-0.0250122 
-0.000100617 
-0.0246381 
-0.000102135 
-0.0242639 
-0.000103653 
-0.0238899 
-0.00010517 
-0.0235164 
-0.000106687 
-0.0231434 
-0.000108203 
-0.0227713 
-0.000109718 
-0.0224 
-0.000111233 
-0.0220299 
-0.000112748 
-0.021661 
-0.000114261 
-0.0212936 
-0.000115774 
-0.0209278 
-0.000117287 
-0.0205638 
-0.000118799 
-0.0202017 
-0.00012031 
-0.0198417 
-0.00012182 
-0.0194839 
-0.00012333 
-0.000124085 
-0.00012484 
-0.000125594 
-0.000126348 
-0.000127102 
-0.000127856 
-0.00012861 
-0.000129363 
-0.000130117 
-0.00013087 
-0.000131623 
-0.000132376 
-0.000133128 
-0.000133881 
-0.000134633 
-0.000135385 
-0.000136137 
-0.000136889 
-0.000137641 
-0.000138392 
-0.000139143 
-0.000139894 
-0.000140645 
-0.000141396 
-0.000142146 
-0.000142897 
-0.000143647 
-0.000144397 
-0.000145146 
-0.000145896 
-0.000146645 
-0.000147394 
-0.000148143 
-0.000148892 
-0.00014964 
-0.000150389 
-0.000151137 
-0.000151885 
-0.000152633 
-0.00015338 
-0.000154127 
-0.000154875 
-0.000155621 
-0.000156368 
-0.000157115 
-0.000157861 
-0.000158607 
-0.000159353 
-0.000160099 
-0.000160844 
-0.000161589 
-0.000162334 
-0.000163079 
-0.000163824 
-0.000164568 
-0.000165312 
-0.000166056 
-0.0001668 
-0.000167543 
-0.000168286 
-0.000169029 
-0.000169772 
-0.000170515 
-0.000171257 
-0.000171999 
-0.000172741 
-0.000173483 
-0.000174224 
-0.000174966 
-0.000175706 
-0.000176447 
-0.000177188 
-0.000177928 
-0.000178668 
-0.000179408 
-0.000180147 
-0.000180887 
-0.000181626 
-0.000182365 
-0.000183103 
-0.000183842 
-0.00018458 
-0.000185317 
-0.000186055 
-0.000186792 
-0.00018753 
-0.000188266 
-0.000189003 
-0.000189739 
-0.000190475 
-0.000191211 
-0.000191947 
-0.000192682 
-0.000193417 
-0.000194152 
-0.000194887 
-0.000195621 
-0.000196355 
-0.000197089 
-0.000197822 
-0.000198556 
-0.000199289 
-0.000200021 
-0.000200754 
-0.000201486 
-0.000202218 
-0.00020295 
-0.000203681 
-0.000204412 
-0.000205143 
-0.000205874 
-0.000206604 
-0.000207334 
-0.000208064 
-0.000208793 
-0.000209522 
-0.000210251 
-0.00021098 
-0.000211708 
-0.000212436 
-0.000213164 
-0.000213892 
-0.000214619 
-0.000215346 
-0.000216072 
-0.000216799 
-0.000217525 
-0.000218251 
-0.000218976 
-0.000219701 
-0.000220426 
-0.000221151 
-0.000221875 
-0.000222599 
-0.000223323 
-0.000224046 
-0.000224769 
-0.000225492 
-0.000226215 
-0.000226937 
-0.000227659 
-0.000228381 
-0.000229102 
-0.000229823 
-0.000230544 
-0.000231264 
-0.000231984 
-0.000232704 
-0.000233423 
-0.000234143 
-0.000234861 
-0.00023558 
-0.000236298 
-0.000237016 
-0.000237734 
-0.000238451 
-0.000239168 
-0.000239885 
-0.000240601 
-0.000241317 
-0.000242033 
-0.000242748 
-0.000243463 
-0.000244178 
-0.000244892 
-0.000245606 
-0.00024632 
-0.000247033 
-0.000247746 
-0.000248459 
-0.000249172 
-0.000249884 
-0.000250595 
-0.000251307 
-0.000252018 
-0.000252729 
-0.000253439 
-0.000254149 
-0.000254859 
-0.000255568 
-0.000256277 
-0.000256986 
-0.000257695 
-0.000258403 
-0.00025911 
-0.000259818 
-0.000260525 
-0.000261231 
-0.000261938 
-0.000262644 
-0.000263349 
-0.000264054 
-0.000264759 
-0.000265464 
-0.000266168 
-0.000266872 
-0.000267575 
-0.000268278 
-0.000268981 
-0.000269684 
-0.000270386 
-0.000271087 
-0.000271789 
-0.00027249 
-0.00027319 
-0.000273891 
-0.00027459 
-0.00027529 
-0.000275989 
-0.000276688 
-0.000277386 
-0.000278084 
-0.000278782 
-0.000279479 
-0.000280176 
-0.000280873 
-0.000281569 
-0.000282265 
-0.00028296 
-0.000283655 
-0.00028435 
-0.000285044 
-0.000285738 
-0.000286432 
-0.000287125 
-0.000287818 
-0.00028851 
-0.000289202 
-0.000289894 
-0.000290585 
-0.000291276 
-0.000291966 
-0.000292656 
-0.000293346 
-0.000294035 
-0.000294724 
-0.000295413 
-0.000296101 
-0.000296789 
-0.000297476 
-0.000298163 
-0.00029885 
-0.000299536 
-0.000300221 
-0.000300907 
-0.000301592 
-0.000302276 
-0.00030296 
-0.000303644 
-0.000304327 
-0.00030501 
-0.000305693 
-0.000306375 
-0.000307057 
-0.000307738 
-0.000308419 
-0.000309099 
-0.000309779 
-0.000310459 
-0.000311138 
-0.000311817 
-0.000312495 
-0.000313173 
-0.000313851 
-0.000314528 
-0.000315205 
-0.000315881 
-0.000316557 
-0.000317233 
-0.000317908 
-0.000318582 
-0.000319257 
-0.00031993 
-0.000320604 
-0.000321277 
-0.000321949 
-0.000322621 
-0.000323293 
-0.000323964 
-0.000324635 
-0.000325305 
-0.000325975 
-0.000326645 
-0.000327314 
-0.000327982 
-0.00032865 
-0.000329318 
-0.000329985 
-0.000330652 
-0.000331319 
-0.000331985 
-0.00033265 
-0.000333315 
-0.00033398 
-0.000334644 
-0.000335308 
-0.000335971 
-0.000336634 
-0.000337297 
-0.000337958 
-0.00033862 
-0.000339281 
-0.000339942 
-0.000340602 
-0.000341262 
-0.000341921 
-0.00034258 
-0.000343238 
-0.000343896 
-0.000344553 
-0.00034521 
-0.000345867 
-0.000346523 
-0.000347178 
-0.000347834 
-0.000348488 
-0.000349142 
-0.000349796 
-0.000350449 
-0.000351102 
-0.000351755 
-0.000352406 
-0.000353058 
-0.000353709 
-0.000354359 
-0.000355009 
-0.000355659 
-0.000356308 
-0.000356956 
-0.000357604 
-0.000358252 
-0.000358899 
-0.000359546 
-0.000360192 
-0.000360838 
-0.000361483 
-0.000362128 
-0.000362772 
-0.000363416 
-0.000364059 
-0.000364702 
-0.000365344 
-0.000365986 
-0.000366627 
-0.000367268 
-0.000367908 
-0.000368548 
-0.000369188 
-0.000369827 
-0.000370465 
-0.000371103 
-0.00037174 
-0.000372377 
-0.000373014 
-0.00037365 
-0.000374285 
-0.00037492 
-0.000375554 
-0.000376188 
-0.000376822 
-0.000377455 
-0.000378087 
-0.000378719 
-0.00037935 
-0.000379981 
-0.000380612 
-0.000381242 
-0.000381871 
-0.0003825 
-0.000383128 
-0.000383756 
-0.000384384 
-0.00038501 
-0.000385637 
-0.000386263 
-0.000386888 
-0.000387513 
-0.000388137 
-0.000388761 
-0.000389384 
-0.000390007 
-0.000390629 
-0.000391251 
-0.000391872 
-0.000392492 
-0.000393113 
-0.000393732 
-0.000394351 
-0.00039497 
-0.000395588 
-0.000396205 
-0.000396822 
-0.000397439 
-0.000398055 
-0.00039867 
-0.000399285 
-0.000399899 
-0.000400513 
-0.000401126 
-0.000401739 
-0.000402351 
-0.000402963 
-0.000403574 
-0.000404184 
-0.000404794 
-0.000405404 
-0.000406013 
-0.000406621 
-0.000407229 
-0.000407836 
-0.000408443 
-0.000409049 
-0.000409655 
-0.00041026 
-0.000410865 
-0.000411469 
-0.000412072 
-0.000412675 
-0.000413278 
-0.00041388 
-0.000414481 
-0.000415082 
-0.000415682 
-0.000416282 
-0.000416881 
-0.000417479 
-0.000418077 
-0.000418675 
-0.000419272 
-0.000419868 
-0.000420464 
-0.000421059 
-0.000421654 
-0.000422248 
-0.000422841 
-0.000423434 
-0.000424026 
-0.000424618 
-0.00042521 
-0.0004258 
-0.00042639 
-0.00042698 
-0.000427569 
-0.000428157 
-0.000428745 
-0.000429332 
-0.000429919 
-0.000430505 
-0.000431091 
-0.000431676 
-0.00043226 
-0.000432844 
-0.000433427 
-0.00043401 
-0.000434592 
-0.000435174 
-0.000435755 
-0.000436335 
-0.000436915 
-0.000437494 
-0.000438073 
-0.000438651 
-0.000439228 
-0.000439805 
-0.000440381 
-0.000440957 
-0.000441532 
-0.000442107 
-0.000442681 
-0.000443254 
-0.000443827 
-0.000444399 
-0.00044497 
-0.000445541 
-0.000446112 
-0.000446682 
-0.000447251 
-0.000447819 
-0.000448387 
-0.000448955 
-0.000449522 
-0.000450088 
-0.000450653 
-0.000451218 
-0.000451783 
-0.000452347 
-0.00045291 
-0.000453473 
-0.000454035 
-0.000454596 
-0.000455157 
-0.000455717 
-0.000456276 
-0.000456835 
-0.000457394 
-0.000457952 
-0.000458509 
-0.000459065 
-0.000459621 
-0.000460177 
-0.000460731 
-0.000461285 
-0.000461839 
-0.000462392 
-0.000462944 
-0.000463496 
-0.000464047 
-0.000464597 
-0.000465147 
-0.000465696 
-0.000466244 
-0.000466792 
-0.00046734 
-0.000467886 
-0.000468432 
-0.000468978 
-0.000469523 
-0.000470067 
-0.00047061 
-0.000471153 
-0.000471695 
-0.000472237 
-0.000472778 
-0.000473319 
-0.000473858 
-0.000474397 
-0.000474936 
-0.000475474 
-0.000476011 
-0.000476548 
-0.000477084 
-0.000477619 
-0.000478154 
-0.000478688 
-0.000479221 
-0.000479754 
-0.000480286 
-0.000480818 
-0.000481349 
-0.000481879 
-0.000482409 
-0.000482937 
-0.000483466 
-0.000483993 
-0.00048452 
-0.000485047 
-0.000485573 
-0.000486098 
-0.000486622 
-0.000487146 
-0.000487669 
-0.000488192 
-0.000488713 
-0.000489235 
-0.000489755 
-0.000490275 
-0.000490794 
-0.000491313 
-0.000491831 
-0.000492348 
-0.000492865 
-0.000493381 
-0.000493896 
-0.000494411 
-0.000494925 
-0.000495438 
-0.000495951 
-0.000496463 
-0.000496974 
-0.000497485 
-0.000497995 
-0.000498504 
-0.000499013 
-0.000499521 
-0.000500028 
-0.000500535 
-0.000501041 
-0.000501546 
-0.000502051 
-0.000502555 
-0.000503058 
-0.000503561 
-0.000504063 
-0.000504564 
-0.000505065 
-0.000505565 
-0.000506065 
-0.000506563 
-0.000507061 
-0.000507558 
-0.000508055 
-0.000508551 
-0.000509046 
-0.000509541 
-0.000510035 
-0.000510528 
-0.000511021 
-0.000511513 
-0.000512004 
-0.000512494 
-0.000512984 
-0.000513473 
-0.000513962 
-0.00051445 
-0.000514937 
-0.000515423 
-0.000515909 
-0.000516394 
-0.000516878 
-0.000517362 
-0.000517845 
-0.000518327 
-0.000518809 
-0.00051929 
-0.00051977 
-0.00052025 
-0.000520728 
-0.000521207 
-0.000521684 
-0.000522161 
-0.000522637 
-0.000523112 
-0.000523587 
-0.000524061 
-0.000524534 
-0.000525007 
-0.000525479 
-0.00052595 
-0.00052642 
-0.00052689 
-0.000527359 
-0.000527828 
-0.000528295 
-0.000528762 
-0.000529228 
-0.000529694 
-0.000530159 
-0.000530623 
-0.000531086 
-0.000531549 
-0.000532011 
-0.000532473 
-0.000532933 
-0.000533393 
-0.000533852 
-0.000534311 
-0.000534768 
-0.000535226 
-0.000535682 
-0.000536138 
-0.000536592 
-0.000537047 
-0.0005375 
-0.000537953 
-0.000538405 
-0.000538856 
-0.000539307 
-0.000539757 
-0.000540206 
-0.000540654 
-0.000541102 
-0.000541549 
-0.000541996 
-0.000542441 
-0.000542886 
-0.00054333 
-0.000543774 
-0.000544216 
-0.000544658 
-0.000545099 
-0.00054554 
-0.00054598 
-0.000546419 
-0.000546857 
-0.000547295 
-0.000547732 
-0.000548168 
-0.000548603 
-0.000549038 
-0.000549472 
-0.000549905 
-0.000550338 
-0.000550769 
-0.0005512 
-0.000551631 
-0.00055206 
-0.000552489 
-0.000552917 
-0.000553345 
-0.000553771 
-0.000554197 
-0.000554622 
-0.000555047 
-0.00055547 
-0.000555893 
-0.000556315 
-0.000556737 
-0.000557157 
-0.000557577 
-0.000557997 
-0.000558415 
-0.000558833 
-0.00055925 
-0.000559666 
-0.000560082 
-0.000560496 
-0.00056091 
-0.000561324 
-0.000561736 
-0.000562148 
-0.000562559 
-0.000562969 
-0.000563379 
-0.000563787 
-0.000564195 
-0.000564603 
-0.000565009 
-0.000565415 
-0.00056582 
-0.000566224 
-0.000566628 
-0.000567031 
-0.000567433 
-0.000567834 
-0.000568234 
-0.000568634 
-0.000569033 
-0.000569431 
-0.000569829 
-0.000570225 
-0.000570621 
-0.000571016 
-0.000571411 
-0.000571804 
-0.000572197 
-0.00057259 
-0.000572981 
-0.000573371 
-0.000573761 
-0.00057415 
-0.000574539 
-0.000574926 
-0.000575313 
-0.000575699 
-0.000576084 
-0.000576469 
-0.000576853 
-0.000577235 
-0.000577618 
-0.000577999 
-0.00057838 
-0.00057876 
-0.000579139 
-0.000579517 
-0.000579895 
-0.000580271 
-0.000580647 
-0.000581023 
-0.000581397 
-0.000581771 
-0.000582144 
-0.000582516 
-0.000582887 
-0.000583258 
-0.000583628 
-0.000583997 
-0.000584365 
-0.000584732 
-0.000585099 
-0.000585465 
-0.00058583 
-0.000586195 
-0.000586558 
-0.000586921 
-0.000587283 
-0.000587644 
-0.000588005 
-0.000588364 
-0.000588723 
-0.000589081 
-0.000589439 
-0.000589795 
-0.000590151 
-0.000590506 
-0.00059086 
-0.000591214 
-0.000591566 
-0.000591918 
-0.000592269 
-0.000592619 
-0.000592969 
-0.000593317 
-0.000593665 
-0.000594012 
-0.000594359 
-0.000594704 
-0.000595049 
-0.000595393 
-0.000595736 
-0.000596078 
-0.00059642 
-0.000596761 
-0.0005971 
-0.00059744 
-0.000597778 
-0.000598116 
-0.000598452 
-0.000598788 
-0.000599123 
-0.000599458 
-0.000599791 
-0.000600124 
-0.000600456 
-0.000600787 
-0.000601118 
-0.000601447 
-0.000601776 
-0.000602104 
-0.000602431 
-0.000602758 
-0.000603083 
-0.000603408 
-0.000603732 
-0.000604055 
-0.000604378 
-0.000604699 
-0.00060502 
-0.00060534 
-0.000605659 
-0.000605977 
-0.000606295 
-0.000606611 
-0.000606927 
-0.000607242 
-0.000607557 
-0.00060787 
-0.000608183 
-0.000608495 
-0.000608806 
-0.000609116 
-0.000609426 
-0.000609734 
-0.000610042 
-0.000610349 
-0.000610655 
-0.000610961 
-0.000611265 
-0.000611569 
-0.000611872 
-0.000612174 
-0.000612475 
-0.000612776 
-0.000613075 
-0.000613374 
-0.000613672 
-0.00061397 
-0.000614266 
-0.000614562 
-0.000614856 
-0.00061515 
-0.000615443 
-0.000615736 
-0.000616027 
-0.000616318 
-0.000616608 
-0.000616897 
-0.000617185 
-0.000617472 
-0.000617759 
-0.000618045 
-0.00061833 
-0.000618614 
-0.000618897 
-0.000619179 
-0.000619461 
-0.000619742 
-0.000620022 
-0.000620301 
-0.000620579 
-0.000620857 
-0.000621133 
-0.000621409 
-0.000621684 
-0.000621958 
-0.000622232 
-0.000622504 
-0.000622776 
-0.000623047 
-0.000623317 
-0.000623586 
-0.000623855 
-0.000624122 
-0.000624389 
-0.000624655 
-0.00062492 
-0.000625184 
-0.000625447 
-0.00062571 
-0.000625972 
-0.000626233 
-0.000626493 
-0.000626752 
-0.00062701 
-0.000627268 
-0.000627525 
-0.000627781 
-0.000628036 
-0.00062829 
-0.000628543 
-0.000628796 
-0.000629047 
-0.000629298 
-0.000629548 
-0.000629798 
-0.000630046 
-0.000630293 
-0.00063054 
-0.000630786 
-0.000631031 
-0.000631275 
-0.000631518 
-0.000631761 
-0.000632002 
-0.000632243 
-0.000632483 
-0.000632722 
-0.000632961 
-0.000633198 
-0.000633435 
-0.00063367 
-0.000633905 
-0.000634139 
-0.000634373 
-0.000634605 
-0.000634836 
-0.000635067 
-0.000635297 
-0.000635526 
-0.000635754 
-0.000635981 
-0.000636208 
-0.000636433 
-0.000636658 
-0.000636882 
-0.000637105 
-0.000637327 
-0.000637549 
-0.000637769 
-0.000637989 
-0.000638208 
-0.000638426 
-0.000638643 
-0.000638859 
-0.000639074 
-0.000639289 
-0.000639503 
-0.000639715 
-0.000639927 
-0.000640139 
-0.000640349 
-0.000640558 
-0.000640767 
-0.000640975 
-0.000641182 
-0.000641388 
-0.000641593 
-0.000641797 
-0.000642001 
-0.000642203 
-0.000642405 
-0.000642606 
-0.000642806 
-0.000643005 
-0.000643203 
-0.000643401 
-0.000643598 
-0.000643793 
-0.000643988 
-0.000644182 
-0.000644375 
-0.000644568 
-0.000644759 
-0.00064495 
-0.00064514 
-0.000645329 
-0.000645517 
-0.000645704 
-0.00064589 
-0.000646076 
-0.00064626 
-0.000646444 
-0.000646627 
-0.000646809 
-0.00064699 
-0.00064717 
-0.00064735 
-0.000647528 
-0.000647706 
-0.000647883 
-0.000648059 
-0.000648234 
-0.000648408 
-0.000648582 
-0.000648754 
-0.000648926 
-0.000649097 
-0.000649267 
-0.000649436 
-0.000649604 
-0.000649771 
-0.000649938 
-0.000650103 
-0.000650268 
-0.000650432 
-0.000650595 
-0.000650757 
-0.000650919 
-0.000651079 
-0.000651239 
-0.000651397 
-0.000651555 
-0.000651712 
-0.000651868 
-0.000652023 
-0.000652178 
-0.000652331 
-0.000652484 
-0.000652636 
-0.000652786 
-0.000652936 
-0.000653086 
-0.000653234 
-0.000653381 
-0.000653528 
-0.000653673 
-0.000653818 
-0.000653962 
-0.000654105 
-0.000654247 
-0.000654389 
-0.000654529 
-0.000654669 
-0.000654807 
-0.000654945 
-0.000655082 
-0.000655218 
-0.000655353 
-0.000655488 
-0.000655621 
-0.000655754 
-0.000655886 
-0.000656016 
-0.000656146 
-0.000656275 
-0.000656404 
-0.000656531 
-0.000656657 
-0.000656783 
-0.000656908 
-0.000657032 
-0.000657155 
-0.000657277 
-0.000657398 
-0.000657518 
-0.000657638 
-0.000657756 
-0.000657874 
-0.000657991 
-0.000658107 
-0.000658222 
-0.000658336 
-0.00065845 
-0.000658562 
-0.000658674 
-0.000658784 
-0.000658894 
-0.000659003 
-0.000659111 
-0.000659218 
-0.000659325 
-0.00065943 
-0.000659535 
-0.000659638 
-0.000659741 
-0.000659843 
-0.000659944 
-0.000660044 
-0.000660144 
-0.000660242 
-0.00066034 
-0.000660436 
-0.000660532 
-0.000660627 
-0.000660721 
-0.000660814 
-0.000660906 
-0.000660998 
-0.000661088 
-0.000661178 
-0.000661267 
-0.000661355 
-0.000661442 
-0.000661528 
-0.000661613 
-0.000661697 
-0.000661781 
-0.000661863 
-0.000661945 
-0.000662026 
-0.000662106 
-0.000662185 
-0.000662263 
-0.00066234 
-0.000662417 
-0.000662492 
-0.000662567 
-0.000662641 
-0.000662713 
-0.000662785 
-0.000662857 
-0.000662927 
-0.000662996 
-0.000663065 
-0.000663132 
-0.000663199 
-0.000663265 
-0.00066333 
-0.000663394 
-0.000663457 
-0.000663519 
-0.000663581 
-0.000663641 
-0.000663701 
-0.000663759 
-0.000663817 
-0.000663874 
-0.00066393 
-0.000663986 
-0.00066404 
-0.000664093 
-0.000664146 
-0.000664198 
-0.000664248 
-0.000664298 
-0.000664347 
-0.000664396 
-0.000664443 
-0.000664489 
-0.000664535 
-0.000664579 
-0.000664623 
-0.000664666 
-0.000664708 
-0.000664749 
-0.000664789 
-0.000664828 
-0.000664867 
-0.000664904 
-0.000664941 
-0.000664977 
-0.000665011 
-0.000665045 
-0.000665079 
-0.000665111 
-0.000665142 
-0.000665173 
-0.000665202 
-0.000665231 
-0.000665259 
-0.000665285 
-0.000665311 
-0.000665337 
-0.000665361 
-0.000665384 
-0.000665407 
-0.000665428 
-0.000665449 
-0.000665469 
-0.000665488 
-0.000665506 
-0.000665523 
-0.000665539 
-0.000665555 
-0.000665569 
-0.000665583 
-0.000665595 
-0.000665607 
-0.000665618 
-0.000665628 
-0.000665637 
-0.000665646 
-0.000665653 
-0.00066566 
-0.000665665 
-0.00066567 
-0.000665674 
-0.000665677 
-0.000665679 
-0.00066568 
-0.00066568 
-0.00066568 
-0.000665678 
-0.000665676 
-0.000665673 
-0.000665669 
-0.000665664 
-0.000665658 
-0.000665651 
-0.000665643 
-0.000665635 
-0.000665625 
-0.000665615 
-0.000665604 
-0.000665592 
-0.000665579 
-0.000665565 
-0.00066555 
-0.000665535 
-0.000665518 
-0.000665501 
-0.000665482 
-0.000665463 
-0.000665443 
-0.000665422 
-0.0006654 
-0.000665378 
-0.000665354 
-0.000665329 
-0.000665304 
-0.000665278 
-0.000665251 
-0.000665223 
-0.000665194 
-0.000665164 
-0.000665133 
-0.000665102 
-0.000665069 
-0.000665036 
-0.000665002 
-0.000664966 
-0.00066493 
-0.000664894 
-0.000664856 
-0.000664817 
-0.000664778 
-0.000664737 
-0.000664696 
-0.000664654 
-0.000664611 
-0.000664567 
-0.000664522 
-0.000664476 
-0.000664429 
-0.000664382 
-0.000664333 
-0.000664284 
-0.000664234 
-0.000664183 
-0.000664131 
-0.000664078 
-0.000664024 
-0.00066397 
-0.000663914 
-0.000663858 
-0.000663801 
-0.000663743 
-0.000663684 
-0.000663624 
-0.000663563 
-0.000663501 
-0.000663439 
-0.000663375 
-0.000663311 
-0.000663246 
-0.00066318 
-0.000663113 
-0.000663045 
-0.000662976 
-0.000662907 
-0.000662836 
-0.000662765 
-0.000662693 
-0.00066262 
-0.000662546 
-0.000662471 
-0.000662395 
-0.000662318 
-0.000662241 
-0.000662162 
-0.000662083 
-0.000662003 
-0.000661922 
-0.00066184 
-0.000661757 
-0.000661673 
-0.000661589 
-0.000661503 
-0.000661417 
-0.000661329 
-0.000661241 
-0.000661152 
-0.000661063 
-0.000660972 
-0.00066088 
-0.000660788 
-0.000660694 
-0.0006606 
-0.000660505 
-0.000660409 
-0.000660312 
-0.000660214 
-0.000660115 
-0.000660016 
-0.000659915 
-0.000659814 
-0.000659712 
-0.000659609 
-0.000659505 
-0.0006594 
-0.000659294 
-0.000659188 
-0.00065908 
-0.000658972 
-0.000658863 
-0.000658753 
-0.000658642 
-0.00065853 
-0.000658417 
-0.000658304 
-0.000658189 
-0.000658074 
-0.000657958 
-0.00065784 
-0.000657722 
-0.000657604 
-0.000657484 
-0.000657363 
-0.000657242 
-0.000657119 
-0.000656996 
-0.000656872 
-0.000656747 
-0.000656621 
-0.000656495 
-0.000656367 
-0.000656239 
-0.000656109 
-0.000655979 
-0.000655848 
-0.000655716 
-0.000655583 
-0.000655449 
-0.000655315 
-0.000655179 
-0.000655043 
-0.000654906 
-0.000654768 
-0.000654629 
-0.000654489 
-0.000654348 
-0.000654207 
-0.000654064 
-0.000653921 
-0.000653777 
-0.000653632 
-0.000653486 
-0.000653339 
-0.000653191 
-0.000653043 
-0.000652894 
-0.000652743 
-0.000652592 
-0.00065244 
-0.000652287 
-0.000652134 
-0.000651979 
-0.000651823 
-0.000651667 
-0.00065151 
-0.000651352 
-0.000651193 
-0.000651033 
-0.000650872 
-0.000650711 
-0.000650548 
-0.000650385 
-0.000650221 
-0.000650056 
-0.00064989 
-0.000649723 
-0.000649556 
-0.000649387 
-0.000649218 
-0.000649048 
-0.000648877 
-0.000648705 
-0.000648532 
-0.000648358 
-0.000648184 
-0.000648009 
-0.000647832 
-0.000647655 
-0.000647477 
-0.000647298 
-0.000647119 
-0.000646938 
-0.000646757 
-0.000646575 
-0.000646391 
-0.000646207 
-0.000646023 
-0.000645837 
-0.00064565 
-0.000645463 
-0.000645275 
-0.000645085 
-0.000644895 
-0.000644705 
-0.000644513 
-0.00064432 
-0.000644127 
-0.000643932 
-0.000643737 
-0.000643541 
-0.000643344 
-0.000643147 
-0.000642948 
-0.000642749 
-0.000642548 
-0.000642347 
-0.000642145 
-0.000641942 
-0.000641739 
-0.000641534 
-0.000641329 
-0.000641122 
-0.000640915 
-0.000640707 
-0.000640498 
-0.000640289 
-0.000640078 
-0.000639867 
-0.000639655 
-0.000639441 
-0.000639228 
-0.000639013 
-0.000638797 
-0.000638581 
-0.000638363 
-0.000638145 
-0.000637926 
-0.000637706 
-0.000637485 
-0.000637264 
-0.000637041 
-0.000636818 
-0.000636594 
-0.000636369 
-0.000636143 
-0.000635916 
-0.000635689 
-0.00063546 
-0.000635231 
-0.000635001 
-0.00063477 
-0.000634538 
-0.000634306 
-0.000634072 
-0.000633838 
-0.000633603 
-0.000633367 
-0.00063313 
-0.000632892 
-0.000632654 
-0.000632415 
-0.000632174 
-0.000631933 
-0.000631691 
-0.000631449 
-0.000631205 
-0.000630961 
-0.000630716 
-0.00063047 
-0.000630223 
-0.000629975 
-0.000629726 
-0.000629477 
-0.000629227 
-0.000628975 
-0.000628723 
-0.000628471 
-0.000628217 
-0.000627963 
-0.000627707 
-0.000627451 
-0.000627194 
-0.000626936 
-0.000626678 
-0.000626418 
-0.000626158 
-0.000625897 
-0.000625635 
-0.000625372 
-0.000625108 
-0.000624844 
-0.000624579 
-0.000624313 
-0.000624046 
-0.000623778 
-0.000623509 
-0.00062324 
-0.000622969 
-0.000622698 
-0.000622426 
-0.000622154 
-0.00062188 
-0.000621606 
-0.00062133 
-0.000621054 
-0.000620777 
-0.0006205 
-0.000620221 
-0.000619942 
-0.000619661 
-0.00061938 
-0.000619099 
-0.000618816 
-0.000618532 
-0.000618248 
-0.000617963 
-0.000617677 
-0.00061739 
-0.000617102 
-0.000616814 
-0.000616525 
-0.000616235 
-0.000615944 
-0.000615652 
-0.000615359 
-0.000615066 
-0.000614772 
-0.000614477 
-0.000614181 
-0.000613884 
-0.000613587 
-0.000613289 
-0.00061299 
-0.00061269 
-0.000612389 
-0.000612087 
-0.000611785 
-0.000611482 
-0.000611178 
-0.000610873 
-0.000610568 
-0.000610261 
-0.000609954 
-0.000609646 
-0.000609337 
-0.000609027 
-0.000608717 
-0.000608406 
-0.000608094 
-0.000607781 
-0.000607467 
-0.000607152 
-0.000606837 
-0.000606521 
-0.000606204 
-0.000605886 
-0.000605568 
-0.000605248 
-0.000604928 
-0.000604607 
-0.000604285 
-0.000603963 
-0.000603639 
-0.000603315 
-0.00060299 
-0.000602664 
-0.000602338 
-0.00060201 
-0.000601682 
-0.000601353 
-0.000601023 
-0.000600693 
-0.000600361 
-0.000600029 
-0.000599696 
-0.000599362 
-0.000599028 
-0.000598692 
-0.000598356 
-0.000598019 
-0.000597681 
-0.000597343 
-0.000597003 
-0.000596663 
-0.000596322 
-0.00059598 
-0.000595638 
-0.000595294 
-0.00059495 
-0.000594605 
-0.00059426 
-0.000593913 
-0.000593566 
-0.000593218 
-0.000592869 
-0.000592519 
-0.000592169 
-0.000591817 
-0.000591465 
-0.000591112 
-0.000590759 
-0.000590404 
-0.000590049 
-0.000589693 
-0.000589336 
-0.000588979 
-0.000588621 
-0.000588261 
-0.000587902 
-0.000587541 
-0.000587179 
-0.000586817 
-0.000586454 
-0.00058609 
-0.000585726 
-0.00058536 
-0.000584994 
-0.000584627 
-0.00058426 
-0.000583891 
-0.000583522 
-0.000583152 
-0.000582781 
-0.000582409 
-0.000582037 
-0.000581664 
-0.00058129 
-0.000580915 
-0.00058054 
-0.000580164 
-0.000579787 
-0.000579409 
-0.00057903 
-0.000578651 
-0.000578271 
-0.00057789 
-0.000577508 
-0.000577126 
-0.000576743 
-0.000576359 
-0.000575974 
-0.000575589 
-0.000575202 
-0.000574815 
-0.000574428 
-0.000574039 
-0.00057365 
-0.00057326 
-0.000572869 
-0.000572477 
-0.000572085 
-0.000571692 
-0.000571298 
-0.000570903 
-0.000570508 
-0.000570112 
-0.000569715 
-0.000569317 
-0.000568919 
-0.00056852 
-0.00056812 
-0.000567719 
-0.000567318 
-0.000566915 
-0.000566512 
-0.000566109 
-0.000565704 
-0.000565299 
-0.000564893 
-0.000564486 
-0.000564079 
-0.00056367 
-0.000563262 
-0.000562852 
-0.000562441 
-0.00056203 
-0.000561618 
-0.000561205 
-0.000560792 
-0.000560378 
-0.000559963 
-0.000559547 
-0.000559131 
-0.000558713 
-0.000558295 
-0.000557877 
-0.000557457 
-0.000557037 
-0.000556616 
-0.000556194 
-0.000555772 
-0.000555349 
-0.000554925 
-0.0005545 
-0.000554075 
-0.000553649 
-0.000553222 
-0.000552795 
-0.000552366 
-0.000551937 
-0.000551508 
-0.000551077 
-0.000550646 
-0.000550214 
-0.000549781 
-0.000549348 
-0.000548913 
-0.000548479 
-0.000548043 
-0.000547607 
-0.00054717 
-0.000546732 
-0.000546293 
-0.000545854 
-0.000545414 
-0.000544973 
-0.000544532 
-0.00054409 
-0.000543647 
-0.000543203 
-0.000542759 
-0.000542314 
-0.000541868 
-0.000541421 
-0.000540974 
-0.000540526 
-0.000540077 
-0.000539628 
-0.000539178 
-0.000538727 
-0.000538276 
-0.000537823 
-0.00053737 
-0.000536917 
-0.000536462 
-0.000536007 
-0.000535551 
-0.000535095 
-0.000534637 
-0.000534179 
-0.000533721 
-0.000533261 
-0.000532801 
-0.00053234 
-0.000531879 
-0.000531417 
-0.000530954 
-0.00053049 
-0.000530026 
-0.000529561 
-0.000529095 
-0.000528628 
-0.000528161 
-0.000527693 
-0.000527225 
-0.000526756 
-0.000526286 
-0.000525815 
-0.000525344 
-0.000524871 
-0.000524399 
-0.000523925 
-0.000523451 
-0.000522976 
-0.000522501 
-0.000522024 
-0.000521547 
-0.00052107 
-0.000520591 
-0.000520112 
-0.000519633 
-0.000519152 
-0.000518671 
-0.000518189 
-0.000517707 
-0.000517224 
-0.00051674 
-0.000516255 
-0.00051577 
-0.000515284 
-0.000514797 
-0.00051431 
-0.000513822 
-0.000513333 
-0.000512844 
-0.000512354 
-0.000511863 
-0.000511372 
-0.00051088 
-0.000510387 
-0.000509894 
-0.000509399 
-0.000508905 
-0.000508409 
-0.000507913 
-0.000507416 
-0.000506919 
-0.00050642 
-0.000505922 
-0.000505422 
-0.000504922 
-0.000504421 
-0.000503919 
-0.000503417 
-0.000502914 
-0.000502411 
-0.000501907 
-0.000501402 
-0.000500896 
-0.00050039 
-0.000499883 
-0.000499375 
-0.000498867 
-0.000498358 
-0.000497849 
-0.000497338 
-0.000496828 
-0.000496316 
-0.000495804 
-0.000495291 
-0.000494777 
-0.000494263 
-0.000493748 
-0.000493233 
-0.000492717 
-0.0004922 
-0.000491683 
-0.000491164 
-0.000490646 
-0.000490126 
-0.000489606 
-0.000489085 
-0.000488564 
-0.000488042 
-0.000487519 
-0.000486996 
-0.000486472 
-0.000485947 
-0.000485422 
-0.000484896 
-0.00048437 
-0.000483842 
-0.000483315 
-0.000482786 
-0.000482257 
-0.000481727 
-0.000481197 
-0.000480666 
-0.000480134 
-0.000479602 
-0.000479069 
-0.000478535 
-0.000478001 
-0.000477466 
-0.00047693 
-0.000476394 
-0.000475857 
-0.00047532 
-0.000474782 
-0.000474243 
-0.000473704 
-0.000473164 
-0.000472623 
-0.000472082 
-0.00047154 
-0.000470998 
-0.000470455 
-0.000469911 
-0.000469367 
-0.000468822 
-0.000468276 
-0.00046773 
-0.000467183 
-0.000466635 
-0.000466087 
-0.000465539 
-0.000464989 
-0.000464439 
-0.000463889 
-0.000463338 
-0.000462786 
-0.000462233 
-0.00046168 
-0.000461127 
-0.000460572 
-0.000460018 
-0.000459462 
-0.000458906 
-0.000458349 
-0.000457792 
-0.000457234 
-0.000456675 
-0.000456116 
-0.000455557 
-0.000454996 
-0.000454435 
-0.000453874 
-0.000453311 
-0.000452749 
-0.000452185 
-0.000451621 
-0.000451057 
-0.000450492 
-0.000449926 
-0.000449359 
-0.000448792 
-0.000448225 
-0.000447657 
-0.000447088 
-0.000446518 
-0.000445948 
-0.000445378 
-0.000444807 
-0.000444235 
-0.000443663 
-0.00044309 
-0.000442516 
-0.000441942 
-0.000441367 
-0.000440792 
-0.000440216 
-0.00043964 
-0.000439063 
-0.000438485 
-0.000437907 
-0.000437328 
-0.000436749 
-0.000436169 
-0.000435588 
-0.000435007 
-0.000434426 
-0.000433843 
-0.00043326 
-0.000432677 
-0.000432093 
-0.000431508 
-0.000430923 
-0.000430338 
-0.000429751 
-0.000429164 
-0.000428577 
-0.000427989 
-0.0004274 
-0.000426811 
-0.000426221 
-0.000425631 
-0.00042504 
-0.000424449 
-0.000423857 
-0.000423264 
-0.000422671 
-0.000422078 
-0.000421483 
-0.000420889 
-0.000420293 
-0.000419697 
-0.000419101 
-0.000418504 
-0.000417906 
-0.000417308 
-0.000416709 
-0.00041611 
-0.00041551 
-0.00041491 
-0.000414309 
-0.000413707 
-0.000413105 
-0.000412503 
-0.0004119 
-0.000411296 
-0.000410692 
-0.000410087 
-0.000409482 
-0.000408876 
-0.00040827 
-0.000407663 
-0.000407055 
-0.000406447 
-0.000405838 
-0.000405229 
-0.00040462 
-0.00040401 
-0.000403399 
-0.000402788 
-0.000402176 
-0.000401563 
-0.000400951 
-0.000400337 
-0.000399723 
-0.000399109 
-0.000398494 
-0.000397878 
-0.000397262 
-0.000396646 
-0.000396028 
-0.000395411 
-0.000394793 
-0.000394174 
-0.000393555 
-0.000392935 
-0.000392315 
-0.000391694 
-0.000391073 
-0.000390451 
-0.000389828 
-0.000389206 
-0.000388582 
-0.000387958 
-0.000387334 
-0.000386709 
-0.000386083 
-0.000385457 
-0.000384831 
-0.000384204 
-0.000383577 
-0.000382948 
-0.00038232 
-0.000381691 
-0.000381061 
-0.000380431 
-0.000379801 
-0.00037917 
-0.000378538 
-0.000377906 
-0.000377274 
-0.00037664 
-0.000376007 
-0.000375373 
-0.000374738 
-0.000374103 
-0.000373468 
-0.000372831 
-0.000372195 
-0.000371558 
-0.00037092 
-0.000370282 
-0.000369644 
-0.000369005 
-0.000368365 
-0.000367725 
-0.000367085 
-0.000366444 
-0.000365802 
-0.00036516 
-0.000364518 
-0.000363875 
-0.000363231 
-0.000362587 
-0.000361943 
-0.000361298 
-0.000360653 
-0.000360007 
-0.000359361 
-0.000358714 
-0.000358067 
-0.000357419 
-0.000356771 
-0.000356122 
-0.000355473 
-0.000354823 
-0.000354173 
-0.000353522 
-0.000352871 
-0.00035222 
-0.000351568 
-0.000350915 
-0.000350262 
-0.000349609 
-0.000348955 
-0.000348301 
-0.000347646 
-0.000346991 
-0.000346335 
-0.000345679 
-0.000345022 
-0.000344365 
-0.000343707 
-0.000343049 
-0.000342391 
-0.000341732 
-0.000341073 
-0.000340413 
-0.000339753 
-0.000339092 
-0.000338431 
-0.000337769 
-0.000337107 
-0.000336444 
-0.000335781 
-0.000335118 
-0.000334454 
-0.00033379 
-0.000333125 
-0.00033246 
-0.000331794 
-0.000331128 
-0.000330461 
-0.000329794 
-0.000329127 
-0.000328459 
-0.000327791 
-0.000327122 
-0.000326453 
-0.000325783 
-0.000325113 
-0.000324443 
-0.000323772 
-0.000323101 
-0.000322429 
-0.000321757 
-0.000321084 
-0.000320411 
-0.000319737 
-0.000319064 
-0.000318389 
-0.000317714 
-0.000317039 
-0.000316364 
-0.000315688 
-0.000315011 
-0.000314334 
-0.000313657 
-0.000312979 
-0.000312301 
-0.000311623 
-0.000310944 
-0.000310264 
-0.000309585 
-0.000308904 
-0.000308224 
-0.000307543 
-0.000306861 
-0.00030618 
-0.000305497 
-0.000304815 
-0.000304132 
-0.000303448 
-0.000302764 
-0.00030208 
-0.000301396 
-0.000300711 
-0.000300025 
-0.000299339 
-0.000298653 
-0.000297966 
-0.000297279 
-0.000296592 
-0.000295904 
-0.000295216 
-0.000294527 
-0.000293838 
-0.000293149 
-0.000292459 
-0.000291769 
-0.000291078 
-0.000290387 
-0.000289696 
-0.000289004 
-0.000288312 
-0.000287619 
-0.000286927 
-0.000286233 
-0.00028554 
-0.000284846 
-0.000284151 
-0.000283456 
-0.000282761 
-0.000282066 
-0.00028137 
-0.000280673 
-0.000279977 
-0.00027928 
-0.000278582 
-0.000277885 
-0.000277186 
-0.000276488 
-0.000275789 
-0.00027509 
-0.00027439 
-0.00027369 
-0.00027299 
-0.000272289 
-0.000271588 
-0.000270887 
-0.000270185 
-0.000269483 
-0.00026878 
-0.000268077 
-0.000267374 
-0.00026667 
-0.000265966 
-0.000265262 
-0.000264557 
-0.000263852 
-0.000263147 
-0.000262441 
-0.000261735 
-0.000261029 
-0.000260322 
-0.000259615 
-0.000258908 
-0.0002582 
-0.000257492 
-0.000256783 
-0.000256074 
-0.000255365 
-0.000254656 
-0.000253946 
-0.000253236 
-0.000252525 
-0.000251814 
-0.000251103 
-0.000250392 
-0.00024968 
-0.000248968 
-0.000248255 
-0.000247542 
-0.000246829 
-0.000246116 
-0.000245402 
-0.000244688 
-0.000243973 
-0.000243258 
-0.000242543 
-0.000241828 
-0.000241112 
-0.000240396 
-0.000239679 
-0.000238963 
-0.000238246 
-0.000237528 
-0.000236811 
-0.000236093 
-0.000235374 
-0.000234656 
-0.000233937 
-0.000233217 
-0.000232498 
-0.000231778 
-0.000231058 
-0.000230337 
-0.000229617 
-0.000228895 
-0.000228174 
-0.000227452 
-0.00022673 
-0.000226008 
-0.000225285 
-0.000224562 
-0.000223839 
-0.000223116 
-0.000222392 
-0.000221668 
-0.000220943 
-0.000220219 
-0.000219494 
-0.000218768 
-0.000218043 
-0.000217317 
-0.000216591 
-0.000215864 
-0.000215138 
-0.000214411 
-0.000213683 
-0.000212956 
-0.000212228 
-0.0002115 
-0.000210771 
-0.000210043 
-0.000209314 
-0.000208584 
-0.000207855 
-0.000207125 
-0.000206395 
-0.000205664 
-0.000204934 
-0.000204203 
-0.000203472 
-0.00020274 
-0.000202008 
-0.000201276 
-0.000200544 
-0.000199812 
-0.000199079 
-0.000198346 
-0.000197612 
-0.000196879 
-0.000196145 
-0.000195411 
-0.000194676 
-0.000193942 
-0.000193207 
-0.000192472 
-0.000191736 
-0.000191001 
-0.000190265 
-0.000189529 
-0.000188792 
-0.000188055 
-0.000187318 
-0.000186581 
-0.000185844 
-0.000185106 
-0.000184368 
-0.00018363 
-0.000182892 
-0.000182153 
-0.000181414 
-0.000180675 
-0.000179936 
-0.000179196 
-0.000178456 
-0.000177716 
-0.000176976 
-0.000176235 
-0.000175494 
-0.000174753 
-0.000174012 
-0.000173271 
-0.000172529 
-0.000171787 
-0.000171045 
-0.000170302 
-0.00016956 
-0.000168817 
-0.000168074 
-0.00016733 
-0.000166587 
-0.000165843 
-0.000165099 
-0.000164355 
-0.00016361 
-0.000162866 
-0.000162121 
-0.000161376 
-0.000160631 
-0.000159885 
-0.000159139 
-0.000158393 
-0.000157647 
-0.000156901 
-0.000156154 
-0.000155408 
-0.000154661 
-0.000153913 
-0.000153166 
-0.000152418 
-0.000151671 
-0.000150923 
-0.000150174 
-0.000149426 
-0.000148677 
-0.000147929 
-0.00014718 
-0.000146431 
-0.000145681 
-0.000144932 
-0.000144182 
-0.000143432 
-0.000142682 
-0.000141931 
-0.000141181 
-0.00014043 
-0.000139679 
-0.000138928 
-0.000138177 
-0.000137425 
-0.000136674 
-0.000135922 
-0.00013517 
-0.000134418 
-0.000133665 
-0.000132913 
-0.00013216 
-0.000131407 
-0.000130654 
-0.000129901 
-0.000129148 
-0.000128394 
-0.00012764 
-0.000126886 
-0.000126132 
-0.000125378 
-0.000124624 
-0.000123869 
-0.000123114 
-0.000122359 
-0.000121604 
-0.000120849 
-0.000120093 
-0.000119338 
-0.000118582 
-0.000117826 
-0.00011707 
-0.000116314 
-0.000115558 
-0.000114801 
-0.000114045 
-0.000113288 
-0.000112531 
-0.000111774 
-0.000111016 
-0.000110259 
-0.000109501 
-0.000108744 
-0.000107986 
-0.000107228 
-0.00010647 
-0.000105711 
-0.000104953 
-0.000104194 
-0.000103436 
-0.000102677 
-0.000101918 
-0.000101159 
-0.0001004 
-9.96403e-05 
-9.88808e-05 
-9.81211e-05 
-9.73614e-05 
-9.66015e-05 
-9.58415e-05 
-9.50813e-05 
-9.4321e-05 
-9.35606e-05 
-9.28001e-05 
-9.20394e-05 
-9.12786e-05 
-9.05178e-05 
-8.97567e-05 
-8.89956e-05 
-8.82343e-05 
-8.7473e-05 
-8.67115e-05 
-8.59499e-05 
-8.51881e-05 
-8.44263e-05 
-8.36644e-05 
-8.29023e-05 
-8.21401e-05 
-8.13779e-05 
-8.06155e-05 
-7.9853e-05 
-7.90904e-05 
-7.83277e-05 
-7.75649e-05 
-7.6802e-05 
-7.60389e-05 
-7.52758e-05 
-7.45126e-05 
-7.37493e-05 
-7.29859e-05 
-7.22224e-05 
-7.14588e-05 
-7.06951e-05 
-6.99313e-05 
-6.91674e-05 
-6.84034e-05 
-6.76393e-05 
-6.68752e-05 
-6.61109e-05 
-6.53466e-05 
-6.45821e-05 
-6.38176e-05 
-6.3053e-05 
-6.22884e-05 
-6.15236e-05 
-6.07587e-05 
-5.99938e-05 
-5.92288e-05 
-5.84637e-05 
-5.76986e-05 
-5.69333e-05 
-5.6168e-05 
-5.54026e-05 
-5.46371e-05 
-5.38716e-05 
-5.3106e-05 
-5.23403e-05 
-5.15746e-05 
-5.08088e-05 
-5.00429e-05 
-4.92769e-05 
-4.85109e-05 
-4.77448e-05 
-4.69787e-05 
-4.62125e-05 
-4.54462e-05 
-4.46799e-05 
-4.39135e-05 
-4.3147e-05 
-4.23805e-05 
-4.1614e-05 
-4.08473e-05 
-4.00807e-05 
-3.93139e-05 
-3.85472e-05 
-3.77803e-05 
-3.70134e-05 
-3.62465e-05 
-3.54795e-05 
-3.47125e-05 
-3.39454e-05 
-3.31783e-05 
-3.24112e-05 
-3.1644e-05 
-3.08767e-05 
-3.01094e-05 
-2.93421e-05 
-2.85747e-05 
-2.78073e-05 
-2.70399e-05 
-2.62724e-05 
-2.55049e-05 
-2.47374e-05 
-2.39698e-05 
-2.32022e-05 
-2.24345e-05 
-2.16669e-05 
-2.08992e-05 
-2.01314e-05 
-1.93637e-05 
-1.85959e-05 
-1.78281e-05 
-1.70603e-05 
-1.62924e-05 
-1.55245e-05 
-1.47566e-05 
-1.39887e-05 
-1.32208e-05 
-1.24528e-05 
-1.16849e-05 
-1.09169e-05 
-1.01489e-05 
-9.38089e-06 
-8.61287e-06 
-7.84484e-06 
-7.07679e-06 
-6.30874e-06 
-5.54068e-06 
-4.77261e-06 
-4.00453e-06 
-3.23645e-06 
-2.46836e-06 
-1.70027e-06 
-9.32183e-07 
-1.6409e-07 
6.04003e-07 
1.37209e-06 
2.14018e-06 
2.90827e-06 
3.67636e-06 
4.44443e-06 
5.21251e-06 
5.98057e-06 
6.74863e-06 
7.51668e-06 
8.28472e-06 
9.05274e-06 
9.82076e-06 
1.05888e-05 
1.13568e-05 
1.21247e-05 
1.28927e-05 
1.36606e-05 
1.44285e-05 
1.51964e-05 
1.59643e-05 
1.67322e-05 
1.75e-05 
1.82678e-05 
1.90356e-05 
1.98034e-05 
2.05711e-05 
2.13389e-05 
2.21065e-05 
2.28742e-05 
2.36418e-05 
2.44094e-05 
2.5177e-05 
2.59445e-05 
2.6712e-05 
2.74794e-05 
2.82469e-05 
2.90142e-05 
2.97816e-05 
3.05489e-05 
3.13162e-05 
3.20834e-05 
3.28506e-05 
3.36177e-05 
3.43848e-05 
3.51518e-05 
3.59188e-05 
3.66858e-05 
3.74527e-05 
3.82195e-05 
3.89863e-05 
3.97531e-05 
4.05198e-05 
4.12864e-05 
4.2053e-05 
4.28195e-05 
4.3586e-05 
4.43524e-05 
4.51188e-05 
4.58851e-05 
4.66513e-05 
4.74175e-05 
4.81836e-05 
4.89496e-05 
4.97156e-05 
5.04815e-05 
5.12474e-05 
5.20132e-05 
5.27789e-05 
5.35445e-05 
5.43101e-05 
5.50756e-05 
5.5841e-05 
5.66063e-05 
5.73716e-05 
5.81368e-05 
5.89019e-05 
5.9667e-05 
6.04319e-05 
6.11968e-05 
6.19616e-05 
6.27263e-05 
6.3491e-05 
6.42555e-05 
6.502e-05 
6.57843e-05 
6.65486e-05 
6.73128e-05 
6.80769e-05 
6.8841e-05 
6.96049e-05 
7.03687e-05 
7.11325e-05 
7.18961e-05 
7.26597e-05 
7.34231e-05 
7.41865e-05 
7.49497e-05 
7.57129e-05 
7.6476e-05 
7.72389e-05 
7.80018e-05 
7.87645e-05 
7.95272e-05 
8.02897e-05 
8.10521e-05 
8.18145e-05 
8.25767e-05 
8.33388e-05 
8.41008e-05 
8.48627e-05 
8.56244e-05 
8.63861e-05 
8.71476e-05 
8.7909e-05 
8.86703e-05 
8.94315e-05 
9.01926e-05 
9.09536e-05 
9.17144e-05 
9.24751e-05 
9.32357e-05 
9.39961e-05 
9.47565e-05 
9.55167e-05 
9.62768e-05 
9.70367e-05 
9.77965e-05 
9.85562e-05 
9.93158e-05 
0.000100075 
0.000100835 
0.000101594 
0.000102353 
0.000103112 
0.00010387 
0.000104629 
0.000105387 
0.000106146 
0.000106904 
0.000107662 
0.00010842 
0.000109178 
0.000109935 
0.000110693 
0.00011145 
0.000112207 
0.000112964 
0.000113721 
0.000114478 
0.000115234 
0.000115991 
0.000116747 
0.000117503 
0.000118259 
0.000119015 
0.000119771 
0.000120526 
0.000121281 
0.000122037 
0.000122792 
0.000123546 
0.000124301 
0.000125056 
0.00012581 
0.000126564 
0.000127318 
0.000128072 
0.000128826 
0.000129579 
0.000130332 
0.000131086 
0.000131839 
0.000132591 
0.000133344 
0.000134096 
0.000134849 
0.000135601 
0.000136353 
0.000137104 
0.000137856 
0.000138607 
0.000139358 
0.000140109 
0.00014086 
0.000141611 
0.000142361 
0.000143111 
0.000143861 
0.000144611 
0.000145361 
0.00014611 
0.00014686 
0.000147609 
0.000148358 
0.000149106 
0.000149855 
0.000150603 
0.000151351 
0.000152099 
0.000152847 
0.000153594 
0.000154341 
0.000155088 
0.000155835 
0.000156582 
0.000157328 
0.000158075 
0.000158821 
0.000159566 
0.000160312 
0.000161057 
0.000161803 
0.000162548 
0.000163292 
0.000164037 
0.000164781 
0.000165525 
0.000166269 
0.000167013 
0.000167756 
0.000168499 
0.000169242 
0.000169985 
0.000170727 
0.00017147 
0.000172212 
0.000172954 
0.000173695 
0.000174437 
0.000175178 
0.000175919 
0.000176659 
0.0001774 
0.00017814 
0.00017888 
0.00017962 
0.000180359 
0.000181098 
0.000181837 
0.000182576 
0.000183315 
0.000184053 
0.000184791 
0.000185529 
0.000186266 
0.000187004 
0.000187741 
0.000188477 
0.000189214 
0.00018995 
0.000190686 
0.000191422 
0.000192158 
0.000192893 
0.000193628 
0.000194363 
0.000195097 
0.000195831 
0.000196565 
0.000197299 
0.000198032 
0.000198766 
0.000199499 
0.000200231 
0.000200964 
0.000201696 
0.000202428 
0.000203159 
0.00020389 
0.000204621 
0.000205352 
0.000206083 
0.000206813 
0.000207543 
0.000208273 
0.000209002 
0.000209731 
0.00021046 
0.000211188 
0.000211917 
0.000212645 
0.000213372 
0.0002141 
0.000214827 
0.000215554 
0.00021628 
0.000217007 
0.000217733 
0.000218458 
0.000219184 
0.000219909 
0.000220634 
0.000221358 
0.000222083 
0.000222806 
0.00022353 
0.000224253 
0.000224976 
0.000225699 
0.000226422 
0.000227144 
0.000227866 
0.000228587 
0.000229308 
0.000230029 
0.00023075 
0.00023147 
0.00023219 
0.00023291 
0.000233629 
0.000234348 
0.000235067 
0.000235786 
0.000236504 
0.000237222 
0.000237939 
0.000238656 
0.000239373 
0.00024009 
0.000240806 
0.000241522 
0.000242238 
0.000242953 
0.000243668 
0.000244382 
0.000245097 
0.000245811 
0.000246524 
0.000247238 
0.000247951 
0.000248663 
0.000249376 
0.000250088 
0.000250799 
0.000251511 
0.000252222 
0.000252932 
0.000253643 
0.000254353 
0.000255062 
0.000255771 
0.00025648 
0.000257189 
0.000257897 
0.000258605 
0.000259313 
0.00026002 
0.000260727 
0.000261434 
0.00026214 
0.000262846 
0.000263551 
0.000264256 
0.000264961 
0.000265666 
0.00026637 
0.000267073 
0.000267777 
0.00026848 
0.000269182 
0.000269885 
0.000270587 
0.000271288 
0.00027199 
0.00027269 
0.000273391 
0.000274091 
0.000274791 
0.00027549 
0.000276189 
0.000276888 
0.000277586 
0.000278284 
0.000278982 
0.000279679 
0.000280376 
0.000281072 
0.000281768 
0.000282464 
0.000283159 
0.000283854 
0.000284549 
0.000285243 
0.000285937 
0.00028663 
0.000287323 
0.000288016 
0.000288708 
0.0002894 
0.000290092 
0.000290783 
0.000291474 
0.000292164 
0.000292854 
0.000293544 
0.000294233 
0.000294922 
0.00029561 
0.000296298 
0.000296986 
0.000297673 
0.00029836 
0.000299046 
0.000299732 
0.000300418 
0.000301103 
0.000301788 
0.000302472 
0.000303156 
0.00030384 
0.000304523 
0.000305206 
0.000305888 
0.00030657 
0.000307252 
0.000307933 
0.000308614 
0.000309294 
0.000309974 
0.000310654 
0.000311333 
0.000312011 
0.00031269 
0.000313368 
0.000314045 
0.000314722 
0.000315399 
0.000316075 
0.000316751 
0.000317426 
0.000318101 
0.000318775 
0.00031945 
0.000320123 
0.000320796 
0.000321469 
0.000322142 
0.000322814 
0.000323485 
0.000324156 
0.000324827 
0.000325497 
0.000326167 
0.000326836 
0.000327505 
0.000328174 
0.000328842 
0.000329509 
0.000330176 
0.000330843 
0.000331509 
0.000332175 
0.000332841 
0.000333506 
0.00033417 
0.000334834 
0.000335498 
0.000336161 
0.000336824 
0.000337486 
0.000338148 
0.000338809 
0.00033947 
0.000340131 
0.000340791 
0.00034145 
0.00034211 
0.000342768 
0.000343426 
0.000344084 
0.000344741 
0.000345398 
0.000346055 
0.000346711 
0.000347366 
0.000348021 
0.000348676 
0.00034933 
0.000349983 
0.000350636 
0.000351289 
0.000351941 
0.000352593 
0.000353244 
0.000353895 
0.000354545 
0.000355195 
0.000355845 
0.000356493 
0.000357142 
0.00035779 
0.000358437 
0.000359084 
0.000359731 
0.000360377 
0.000361022 
0.000361668 
0.000362312 
0.000362956 
0.0003636 
0.000364243 
0.000364886 
0.000365528 
0.00036617 
0.000366811 
0.000367452 
0.000368092 
0.000368731 
0.000369371 
0.000370009 
0.000370648 
0.000371286 
0.000371923 
0.00037256 
0.000373196 
0.000373832 
0.000374467 
0.000375102 
0.000375736 
0.00037637 
0.000377003 
0.000377636 
0.000378268 
0.0003789 
0.000379531 
0.000380162 
0.000380792 
0.000381422 
0.000382051 
0.00038268 
0.000383308 
0.000383936 
0.000384563 
0.00038519 
0.000385816 
0.000386442 
0.000387067 
0.000387692 
0.000388316 
0.000388939 
0.000389562 
0.000390185 
0.000390807 
0.000391429 
0.00039205 
0.00039267 
0.00039329 
0.000393909 
0.000394528 
0.000395147 
0.000395765 
0.000396382 
0.000396999 
0.000397615 
0.000398231 
0.000398846 
0.000399461 
0.000400075 
0.000400689 
0.000401302 
0.000401914 
0.000402526 
0.000403138 
0.000403749 
0.000404359 
0.000404969 
0.000405578 
0.000406187 
0.000406795 
0.000407403 
0.00040801 
0.000408617 
0.000409223 
0.000409829 
0.000410434 
0.000411038 
0.000411642 
0.000412245 
0.000412848 
0.00041345 
0.000414052 
0.000414653 
0.000415254 
0.000415854 
0.000416453 
0.000417052 
0.000417651 
0.000418248 
0.000418846 
0.000419442 
0.000420039 
0.000420634 
0.000421229 
0.000421824 
0.000422418 
0.000423011 
0.000423604 
0.000424196 
0.000424788 
0.000425379 
0.000425969 
0.000426559 
0.000427149 
0.000427737 
0.000428326 
0.000428913 
0.000429501 
0.000430087 
0.000430673 
0.000431258 
0.000431843 
0.000432428 
0.000433011 
0.000433594 
0.000434177 
0.000434759 
0.00043534 
0.000435921 
0.000436501 
0.000437081 
0.00043766 
0.000438238 
0.000438816 
0.000439393 
0.00043997 
0.000440546 
0.000441122 
0.000441697 
0.000442271 
0.000442845 
0.000443418 
0.000443991 
0.000444563 
0.000445134 
0.000445705 
0.000446275 
0.000446845 
0.000447414 
0.000447982 
0.00044855 
0.000449117 
0.000449684 
0.00045025 
0.000450815 
0.00045138 
0.000451944 
0.000452508 
0.000453071 
0.000453634 
0.000454195 
0.000454757 
0.000455317 
0.000455877 
0.000456437 
0.000456995 
0.000457554 
0.000458111 
0.000458668 
0.000459225 
0.00045978 
0.000460335 
0.00046089 
0.000461444 
0.000461997 
0.00046255 
0.000463102 
0.000463653 
0.000464204 
0.000464754 
0.000465304 
0.000465853 
0.000466401 
0.000466949 
0.000467496 
0.000468043 
0.000468589 
0.000469134 
0.000469678 
0.000470222 
0.000470766 
0.000471309 
0.000471851 
0.000472392 
0.000472933 
0.000473473 
0.000474013 
0.000474552 
0.00047509 
0.000475628 
0.000476165 
0.000476701 
0.000477237 
0.000477772 
0.000478307 
0.000478841 
0.000479374 
0.000479907 
0.000480439 
0.00048097 
0.000481501 
0.000482031 
0.00048256 
0.000483089 
0.000483617 
0.000484144 
0.000484671 
0.000485197 
0.000485723 
0.000486248 
0.000486772 
0.000487296 
0.000487819 
0.000488341 
0.000488863 
0.000489384 
0.000489904 
0.000490424 
0.000490943 
0.000491461 
0.000491979 
0.000492496 
0.000493013 
0.000493528 
0.000494043 
0.000494558 
0.000495072 
0.000495585 
0.000496097 
0.000496609 
0.00049712 
0.000497631 
0.000498141 
0.00049865 
0.000499158 
0.000499666 
0.000500173 
0.00050068 
0.000501186 
0.000501691 
0.000502195 
0.000502699 
0.000503202 
0.000503705 
0.000504207 
0.000504708 
0.000505208 
0.000505708 
0.000506207 
0.000506706 
0.000507204 
0.000507701 
0.000508197 
0.000508693 
0.000509188 
0.000509683 
0.000510176 
0.000510669 
0.000511162 
0.000511653 
0.000512144 
0.000512635 
0.000513124 
0.000513613 
0.000514102 
0.000514589 
0.000515076 
0.000515562 
0.000516048 
0.000516533 
0.000517017 
0.0005175 
0.000517983 
0.000518465 
0.000518947 
0.000519427 
0.000519907 
0.000520387 
0.000520865 
0.000521343 
0.000521821 
0.000522297 
0.000522773 
0.000523248 
0.000523723 
0.000524196 
0.00052467 
0.000525142 
0.000525614 
0.000526085 
0.000526555 
0.000527024 
0.000527493 
0.000527962 
0.000528429 
0.000528896 
0.000529362 
0.000529827 
0.000530292 
0.000530756 
0.000531219 
0.000531682 
0.000532143 
0.000532604 
0.000533065 
0.000533525 
0.000533984 
0.000534442 
0.000534899 
0.000535356 
0.000535812 
0.000536268 
0.000536723 
0.000537177 
0.00053763 
0.000538082 
0.000538534 
0.000538985 
0.000539436 
0.000539886 
0.000540335 
0.000540783 
0.00054123 
0.000541677 
0.000542123 
0.000542569 
0.000543013 
0.000543457 
0.0005439 
0.000544343 
0.000544785 
0.000545226 
0.000545666 
0.000546106 
0.000546544 
0.000546983 
0.00054742 
0.000547857 
0.000548293 
0.000548728 
0.000549162 
0.000549596 
0.000550029 
0.000550461 
0.000550893 
0.000551324 
0.000551754 
0.000552183 
0.000552612 
0.00055304 
0.000553467 
0.000553893 
0.000554319 
0.000554744 
0.000555168 
0.000555591 
0.000556014 
0.000556436 
0.000556857 
0.000557278 
0.000557698 
0.000558117 
0.000558535 
0.000558952 
0.000559369 
0.000559785 
0.0005602 
0.000560615 
0.000561029 
0.000561442 
0.000561854 
0.000562266 
0.000562676 
0.000563087 
0.000563496 
0.000563904 
0.000564312 
0.000564719 
0.000565126 
0.000565531 
0.000565936 
0.00056634 
0.000566743 
0.000567146 
0.000567548 
0.000567949 
0.000568349 
0.000568748 
0.000569147 
0.000569545 
0.000569942 
0.000570339 
0.000570734 
0.000571129 
0.000571524 
0.000571917 
0.00057231 
0.000572702 
0.000573093 
0.000573483 
0.000573873 
0.000574262 
0.00057465 
0.000575037 
0.000575424 
0.000575809 
0.000576195 
0.000576579 
0.000576962 
0.000577345 
0.000577727 
0.000578108 
0.000578489 
0.000578868 
0.000579247 
0.000579625 
0.000580003 
0.000580379 
0.000580755 
0.00058113 
0.000581504 
0.000581878 
0.00058225 
0.000582622 
0.000582993 
0.000583364 
0.000583733 
0.000584102 
0.00058447 
0.000584838 
0.000585204 
0.00058557 
0.000585935 
0.000586299 
0.000586662 
0.000587025 
0.000587386 
0.000587748 
0.000588108 
0.000588467 
0.000588826 
0.000589184 
0.000589541 
0.000589897 
0.000590253 
0.000590607 
0.000590961 
0.000591315 
0.000591667 
0.000592019 
0.000592369 
0.000592719 
0.000593069 
0.000593417 
0.000593765 
0.000594112 
0.000594458 
0.000594803 
0.000595147 
0.000595491 
0.000595834 
0.000596176 
0.000596517 
0.000596858 
0.000597198 
0.000597537 
0.000597875 
0.000598212 
0.000598549 
0.000598884 
0.000599219 
0.000599553 
0.000599887 
0.000600219 
0.000600551 
0.000600882 
0.000601212 
0.000601542 
0.00060187 
0.000602198 
0.000602525 
0.000602851 
0.000603176 
0.000603501 
0.000603825 
0.000604148 
0.00060447 
0.000604791 
0.000605112 
0.000605431 
0.00060575 
0.000606068 
0.000606386 
0.000606702 
0.000607018 
0.000607333 
0.000607647 
0.00060796 
0.000608272 
0.000608584 
0.000608895 
0.000609205 
0.000609514 
0.000609822 
0.00061013 
0.000610437 
0.000610743 
0.000611048 
0.000611352 
0.000611656 
0.000611958 
0.00061226 
0.000612561 
0.000612862 
0.000613161 
0.00061346 
0.000613757 
0.000614054 
0.000614351 
0.000614646 
0.000614941 
0.000615234 
0.000615527 
0.000615819 
0.00061611 
0.000616401 
0.000616691 
0.000616979 
0.000617267 
0.000617554 
0.000617841 
0.000618126 
0.000618411 
0.000618695 
0.000618978 
0.00061926 
0.000619541 
0.000619822 
0.000620102 
0.000620381 
0.000620659 
0.000620936 
0.000621212 
0.000621488 
0.000621763 
0.000622037 
0.00062231 
0.000622582 
0.000622854 
0.000623124 
0.000623394 
0.000623663 
0.000623931 
0.000624199 
0.000624465 
0.000624731 
0.000624996 
0.00062526 
0.000625523 
0.000625785 
0.000626047 
0.000626307 
0.000626567 
0.000626826 
0.000627084 
0.000627341 
0.000627598 
0.000627854 
0.000628108 
0.000628362 
0.000628616 
0.000628868 
0.000629119 
0.00062937 
0.00062962 
0.000629869 
0.000630117 
0.000630364 
0.000630611 
0.000630856 
0.000631101 
0.000631345 
0.000631588 
0.00063183 
0.000632072 
0.000632312 
0.000632552 
0.000632791 
0.000633029 
0.000633266 
0.000633502 
0.000633738 
0.000633972 
0.000634206 
0.000634439 
0.000634671 
0.000634903 
0.000635133 
0.000635363 
0.000635591 
0.000635819 
0.000636046 
0.000636272 
0.000636498 
0.000636722 
0.000636946 
0.000637169 
0.000637391 
0.000637612 
0.000637832 
0.000638052 
0.00063827 
0.000638488 
0.000638705 
0.000638921 
0.000639136 
0.00063935 
0.000639564 
0.000639776 
0.000639988 
0.000640199 
0.000640409 
0.000640618 
0.000640826 
0.000641034 
0.000641241 
0.000641446 
0.000641651 
0.000641855 
0.000642059 
0.000642261 
0.000642463 
0.000642663 
0.000642863 
0.000643062 
0.00064326 
0.000643457 
0.000643654 
0.000643849 
0.000644044 
0.000644238 
0.000644431 
0.000644623 
0.000644814 
0.000645004 
0.000645194 
0.000645382 
0.00064557 
0.000645757 
0.000645943 
0.000646129 
0.000646313 
0.000646496 
0.000646679 
0.000646861 
0.000647042 
0.000647222 
0.000647401 
0.000647579 
0.000647757 
0.000647933 
0.000648109 
0.000648284 
0.000648458 
0.000648631 
0.000648803 
0.000648975 
0.000649145 
0.000649315 
0.000649484 
0.000649652 
0.000649819 
0.000649985 
0.000650151 
0.000650315 
0.000650479 
0.000650642 
0.000650804 
0.000650965 
0.000651125 
0.000651284 
0.000651442 
0.0006516 
0.000651757 
0.000651913 
0.000652068 
0.000652222 
0.000652375 
0.000652527 
0.000652679 
0.000652829 
0.000652979 
0.000653128 
0.000653276 
0.000653423 
0.00065357 
0.000653715 
0.00065386 
0.000654003 
0.000654146 
0.000654288 
0.000654429 
0.000654569 
0.000654708 
0.000654847 
0.000654984 
0.000655121 
0.000655257 
0.000655392 
0.000655526 
0.000655659 
0.000655792 
0.000655923 
0.000656054 
0.000656183 
0.000656312 
0.00065644 
0.000656567 
0.000656694 
0.000656819 
0.000656943 
0.000657067 
0.00065719 
0.000657312 
0.000657432 
0.000657553 
0.000657672 
0.00065779 
0.000657908 
0.000658024 
0.00065814 
0.000658255 
0.000658369 
0.000658482 
0.000658594 
0.000658705 
0.000658816 
0.000658925 
0.000659034 
0.000659142 
0.000659249 
0.000659355 
0.00065946 
0.000659565 
0.000659668 
0.000659771 
0.000659872 
0.000659973 
0.000660073 
0.000660172 
0.00066027 
0.000660367 
0.000660464 
0.000660559 
0.000660654 
0.000660748 
0.000660841 
0.000660933 
0.000661024 
0.000661114 
0.000661203 
0.000661292 
0.00066138 
0.000661466 
0.000661552 
0.000661637 
0.000661721 
0.000661804 
0.000661887 
0.000661968 
0.000662049 
0.000662128 
0.000662207 
0.000662285 
0.000662362 
0.000662438 
0.000662514 
0.000662588 
0.000662662 
0.000662734 
0.000662806 
0.000662877 
0.000662947 
0.000663016 
0.000663084 
0.000663151 
0.000663218 
0.000663283 
0.000663348 
0.000663412 
0.000663475 
0.000663537 
0.000663598 
0.000663658 
0.000663718 
0.000663776 
0.000663834 
0.00066389 
0.000663946 
0.000664001 
0.000664055 
0.000664109 
0.000664161 
0.000664212 
0.000664263 
0.000664312 
0.000664361 
0.000664409 
0.000664456 
0.000664502 
0.000664548 
0.000664592 
0.000664635 
0.000664678 
0.00066472 
0.00066476 
0.0006648 
0.000664839 
0.000664878 
0.000664915 
0.000664951 
0.000664987 
0.000665021 
0.000665055 
0.000665088 
0.00066512 
0.000665151 
0.000665181 
0.00066521 
0.000665239 
0.000665266 
0.000665293 
0.000665319 
0.000665344 
0.000665368 
0.000665391 
0.000665413 
0.000665434 
0.000665455 
0.000665474 
0.000665493 
0.000665511 
0.000665528 
0.000665544 
0.000665559 
0.000665573 
0.000665586 
0.000665599 
0.00066561 
0.000665621 
0.000665631 
0.00066564 
0.000665648 
0.000665655 
0.000665661 
0.000665667 
0.000665671 
0.000665675 
0.000665678 
0.000665679 
0.00066568 
0.00066568 
0.00066568 
0.000665678 
0.000665675 
0.000665672 
0.000665667 
0.000665662 
0.000665656 
0.000665649 
0.000665641 
0.000665632 
0.000665623 
0.000665612 
0.000665601 
0.000665588 
0.000665575 
0.000665561 
0.000665546 
0.00066553 
0.000665513 
0.000665495 
0.000665477 
0.000665458 
0.000665437 
0.000665416 
0.000665394 
0.000665371 
0.000665347 
0.000665322 
0.000665297 
0.00066527 
0.000665243 
0.000665214 
0.000665185 
0.000665155 
0.000665124 
0.000665092 
0.00066506 
0.000665026 
0.000664992 
0.000664956 
0.00066492 
0.000664883 
0.000664845 
0.000664806 
0.000664766 
0.000664725 
0.000664684 
0.000664641 
0.000664598 
0.000664554 
0.000664509 
0.000664463 
0.000664416 
0.000664368 
0.000664319 
0.00066427 
0.000664219 
0.000664168 
0.000664116 
0.000664063 
0.000664009 
0.000663954 
0.000663898 
0.000663842 
0.000663784 
0.000663726 
0.000663667 
0.000663607 
0.000663545 
0.000663484 
0.000663421 
0.000663357 
0.000663293 
0.000663227 
0.000663161 
0.000663094 
0.000663025 
0.000662957 
0.000662887 
0.000662816 
0.000662744 
0.000662672 
0.000662598 
0.000662524 
0.000662449 
0.000662373 
0.000662296 
0.000662218 
0.00066214 
0.00066206 
0.00066198 
0.000661898 
0.000661816 
0.000661733 
0.000661649 
0.000661564 
0.000661478 
0.000661392 
0.000661304 
0.000661216 
0.000661127 
0.000661037 
0.000660946 
0.000660854 
0.000660761 
0.000660667 
0.000660573 
0.000660477 
0.000660381 
0.000660284 
0.000660186 
0.000660087 
0.000659987 
0.000659886 
0.000659785 
0.000659682 
0.000659579 
0.000659475 
0.00065937 
0.000659264 
0.000659157 
0.000659049 
0.000658941 
0.000658831 
0.000658721 
0.00065861 
0.000658498 
0.000658385 
0.000658271 
0.000658156 
0.000658041 
0.000657924 
0.000657807 
0.000657689 
0.000657569 
0.000657449 
0.000657329 
0.000657207 
0.000657084 
0.000656961 
0.000656836 
0.000656711 
0.000656585 
0.000656458 
0.00065633 
0.000656202 
0.000656072 
0.000655942 
0.00065581 
0.000655678 
0.000655545 
0.000655411 
0.000655276 
0.00065514 
0.000655004 
0.000654866 
0.000654728 
0.000654589 
0.000654449 
0.000654308 
0.000654166 
0.000654023 
0.00065388 
0.000653735 
0.00065359 
0.000653444 
0.000653297 
0.000653149 
0.000653 
0.000652851 
0.0006527 
0.000652549 
0.000652396 
0.000652243 
0.000652089 
0.000651935 
0.000651779 
0.000651622 
0.000651465 
0.000651306 
0.000651147 
0.000650987 
0.000650826 
0.000650664 
0.000650502 
0.000650338 
0.000650174 
0.000650009 
0.000649843 
0.000649676 
0.000649508 
0.000649339 
0.000649169 
0.000648999 
0.000648828 
0.000648656 
0.000648482 
0.000648309 
0.000648134 
0.000647958 
0.000647782 
0.000647604 
0.000647426 
0.000647247 
0.000647067 
0.000646886 
0.000646705 
0.000646522 
0.000646339 
0.000646155 
0.000645969 
0.000645784 
0.000645597 
0.000645409 
0.00064522 
0.000645031 
0.000644841 
0.00064465 
0.000644458 
0.000644265 
0.000644071 
0.000643877 
0.000643681 
0.000643485 
0.000643288 
0.00064309 
0.000642891 
0.000642691 
0.000642491 
0.000642289 
0.000642087 
0.000641884 
0.00064168 
0.000641475 
0.00064127 
0.000641063 
0.000640856 
0.000640648 
0.000640438 
0.000640229 
0.000640018 
0.000639806 
0.000639594 
0.00063938 
0.000639166 
0.000638951 
0.000638735 
0.000638518 
0.000638301 
0.000638082 
0.000637863 
0.000637643 
0.000637422 
0.0006372 
0.000636977 
0.000636754 
0.000636529 
0.000636304 
0.000636078 
0.000635851 
0.000635623 
0.000635395 
0.000635165 
0.000634935 
0.000634704 
0.000634472 
0.000634239 
0.000634005 
0.000633771 
0.000633535 
0.000633299 
0.000633062 
0.000632824 
0.000632586 
0.000632346 
0.000632105 
0.000631864 
0.000631622 
0.000631379 
0.000631135 
0.000630891 
0.000630645 
0.000630399 
0.000630152 
0.000629904 
0.000629655 
0.000629405 
0.000629155 
0.000628903 
0.000628651 
0.000628398 
0.000628144 
0.00062789 
0.000627634 
0.000627378 
0.00062712 
0.000626862 
0.000626604 
0.000626344 
0.000626083 
0.000625822 
0.00062556 
0.000625297 
0.000625033 
0.000624768 
0.000624503 
0.000624236 
0.000623969 
0.000623701 
0.000623432 
0.000623162 
0.000622892 
0.000622621 
0.000622348 
0.000622075 
0.000621802 
0.000621527 
0.000621251 
0.000620975 
0.000620698 
0.00062042 
0.000620141 
0.000619862 
0.000619581 
0.0006193 
0.000619018 
0.000618735 
0.000618451 
0.000618166 
0.000617881 
0.000617595 
0.000617308 
0.00061702 
0.000616731 
0.000616442 
0.000616151 
0.00061586 
0.000615568 
0.000615276 
0.000614982 
0.000614688 
0.000614392 
0.000614096 
0.000613799 
0.000613502 
0.000613203 
0.000612904 
0.000612604 
0.000612303 
0.000612001 
0.000611698 
0.000611395 
0.000611091 
0.000610786 
0.00061048 
0.000610173 
0.000609866 
0.000609558 
0.000609248 
0.000608939 
0.000608628 
0.000608316 
0.000608004 
0.000607691 
0.000607377 
0.000607062 
0.000606747 
0.00060643 
0.000606113 
0.000605795 
0.000605476 
0.000605157 
0.000604836 
0.000604515 
0.000604193 
0.00060387 
0.000603547 
0.000603222 
0.000602897 
0.000602571 
0.000602244 
0.000601916 
0.000601588 
0.000601259 
0.000600929 
0.000600598 
0.000600266 
0.000599934 
0.0005996 
0.000599266 
0.000598932 
0.000598596 
0.00059826 
0.000597922 
0.000597584 
0.000597245 
0.000596906 
0.000596565 
0.000596224 
0.000595882 
0.000595539 
0.000595196 
0.000594852 
0.000594506 
0.00059416 
0.000593814 
0.000593466 
0.000593118 
0.000592769 
0.000592419 
0.000592068 
0.000591717 
0.000591364 
0.000591011 
0.000590657 
0.000590303 
0.000589947 
0.000589591 
0.000589234 
0.000588876 
0.000588518 
0.000588158 
0.000587798 
0.000587437 
0.000587076 
0.000586713 
0.00058635 
0.000585986 
0.000585621 
0.000585256 
0.000584889 
0.000584522 
0.000584154 
0.000583785 
0.000583416 
0.000583046 
0.000582675 
0.000582303 
0.00058193 
0.000581557 
0.000581183 
0.000580808 
0.000580432 
0.000580056 
0.000579678 
0.0005793 
0.000578922 
0.000578542 
0.000578162 
0.000577781 
0.000577399 
0.000577016 
0.000576633 
0.000576249 
0.000575864 
0.000575478 
0.000575092 
0.000574704 
0.000574316 
0.000573928 
0.000573538 
0.000573148 
0.000572757 
0.000572365 
0.000571972 
0.000571579 
0.000571185 
0.00057079 
0.000570395 
0.000569998 
0.000569601 
0.000569203 
0.000568805 
0.000568405 
0.000568005 
0.000567604 
0.000567202 
0.0005668 
0.000566397 
0.000565993 
0.000565588 
0.000565183 
0.000564777 
0.00056437 
0.000563962 
0.000563553 
0.000563144 
0.000562734 
0.000562324 
0.000561912 
0.0005615 
0.000561087 
0.000560673 
0.000560259 
0.000559844 
0.000559428 
0.000559011 
0.000558594 
0.000558176 
0.000557757 
0.000557337 
0.000556917 
0.000556495 
0.000556074 
0.000555651 
0.000555228 
0.000554804 
0.000554379 
0.000553953 
0.000553527 
0.0005531 
0.000552672 
0.000552244 
0.000551814 
0.000551384 
0.000550954 
0.000550522 
0.00055009 
0.000549657 
0.000549223 
0.000548789 
0.000548354 
0.000547918 
0.000547482 
0.000547044 
0.000546606 
0.000546167 
0.000545728 
0.000545288 
0.000544847 
0.000544405 
0.000543963 
0.00054352 
0.000543076 
0.000542631 
0.000542186 
0.00054174 
0.000541293 
0.000540846 
0.000540398 
0.000539949 
0.000539499 
0.000539049 
0.000538598 
0.000538146 
0.000537694 
0.00053724 
0.000536787 
0.000536332 
0.000535877 
0.000535421 
0.000534964 
0.000534506 
0.000534048 
0.000533589 
0.00053313 
0.000532669 
0.000532208 
0.000531747 
0.000531284 
0.000530821 
0.000530357 
0.000529893 
0.000529427 
0.000528961 
0.000528495 
0.000528027 
0.000527559 
0.000527091 
0.000526621 
0.000526151 
0.00052568 
0.000525208 
0.000524736 
0.000524263 
0.00052379 
0.000523315 
0.00052284 
0.000522364 
0.000521888 
0.000521411 
0.000520933 
0.000520454 
0.000519975 
0.000519495 
0.000519014 
0.000518533 
0.000518051 
0.000517568 
0.000517085 
0.000516601 
0.000516116 
0.000515631 
0.000515145 
0.000514658 
0.00051417 
0.000513682 
0.000513193 
0.000512704 
0.000512214 
0.000511723 
0.000511231 
0.000510739 
0.000510246 
0.000509752 
0.000509258 
0.000508763 
0.000508267 
0.000507771 
0.000507274 
0.000506776 
0.000506278 
0.000505779 
0.000505279 
0.000504778 
0.000504277 
0.000503776 
0.000503273 
0.00050277 
0.000502266 
0.000501762 
0.000501257 
0.000500751 
0.000500245 
0.000499738 
0.00049923 
0.000498721 
0.000498212 
0.000497703 
0.000497192 
0.000496681 
0.000496169 
0.000495657 
0.000495144 
0.00049463 
0.000494116 
0.000493601 
0.000493085 
0.000492569 
0.000492052 
0.000491534 
0.000491016 
0.000490497 
0.000489977 
0.000489457 
0.000488936 
0.000488415 
0.000487892 
0.00048737 
0.000486846 
0.000486322 
0.000485797 
0.000485272 
0.000484745 
0.000484219 
0.000483691 
0.000483163 
0.000482635 
0.000482105 
0.000481575 
0.000481045 
0.000480513 
0.000479982 
0.000479449 
0.000478916 
0.000478382 
0.000477848 
0.000477313 
0.000476777 
0.000476241 
0.000475704 
0.000475166 
0.000474628 
0.000474089 
0.000473549 
0.000473009 
0.000472468 
0.000471927 
0.000471385 
0.000470842 
0.000470299 
0.000469755 
0.000469211 
0.000468665 
0.00046812 
0.000467573 
0.000467026 
0.000466479 
0.00046593 
0.000465381 
0.000464832 
0.000464282 
0.000463731 
0.00046318 
0.000462628 
0.000462075 
0.000461522 
0.000460968 
0.000460414 
0.000459859 
0.000459303 
0.000458747 
0.00045819 
0.000457632 
0.000457074 
0.000456515 
0.000455956 
0.000455396 
0.000454836 
0.000454274 
0.000453713 
0.00045315 
0.000452587 
0.000452024 
0.00045146 
0.000450895 
0.00045033 
0.000449764 
0.000449197 
0.00044863 
0.000448062 
0.000447494 
0.000446925 
0.000446355 
0.000445785 
0.000445214 
0.000444643 
0.000444071 
0.000443499 
0.000442926 
0.000442352 
0.000441778 
0.000441203 
0.000440627 
0.000440051 
0.000439475 
0.000438897 
0.00043832 
0.000437741 
0.000437162 
0.000436583 
0.000436003 
0.000435422 
0.000434841 
0.000434259 
0.000433676 
0.000433093 
0.00043251 
0.000431926 
0.000431341 
0.000430756 
0.00043017 
0.000429583 
0.000428996 
0.000428409 
0.00042782 
0.000427232 
0.000426642 
0.000426052 
0.000425462 
0.000424871 
0.000424279 
0.000423687 
0.000423095 
0.000422501 
0.000421907 
0.000421313 
0.000420718 
0.000420123 
0.000419526 
0.00041893 
0.000418333 
0.000417735 
0.000417137 
0.000416538 
0.000415938 
0.000415338 
0.000414738 
0.000414137 
0.000413535 
0.000412933 
0.00041233 
0.000411727 
0.000411123 
0.000410519 
0.000409914 
0.000409308 
0.000408702 
0.000408096 
0.000407489 
0.000406881 
0.000406273 
0.000405664 
0.000405055 
0.000404445 
0.000403835 
0.000403224 
0.000402612 
0.000402 
0.000401388 
0.000400775 
0.000400161 
0.000399547 
0.000398933 
0.000398318 
0.000397702 
0.000397086 
0.000396469 
0.000395852 
0.000395234 
0.000394616 
0.000393997 
0.000393377 
0.000392757 
0.000392137 
0.000391516 
0.000390895 
0.000390273 
0.00038965 
0.000389027 
0.000388404 
0.00038778 
0.000387155 
0.00038653 
0.000385904 
0.000385278 
0.000384652 
0.000384024 
0.000383397 
0.000382769 
0.00038214 
0.000381511 
0.000380881 
0.000380251 
0.00037962 
0.000378989 
0.000378357 
0.000377725 
0.000377092 
0.000376459 
0.000375825 
0.000375191 
0.000374556 
0.000373921 
0.000373285 
0.000372649 
0.000372013 
0.000371375 
0.000370738 
0.000370099 
0.000369461 
0.000368822 
0.000368182 
0.000367542 
0.000366901 
0.00036626 
0.000365618 
0.000364976 
0.000364334 
0.000363691 
0.000363047 
0.000362403 
0.000361758 
0.000361113 
0.000360468 
0.000359822 
0.000359175 
0.000358529 
0.000357881 
0.000357233 
0.000356585 
0.000355936 
0.000355287 
0.000354637 
0.000353987 
0.000353336 
0.000352685 
0.000352033 
0.000351381 
0.000350728 
0.000350075 
0.000349422 
0.000348768 
0.000348113 
0.000347458 
0.000346803 
0.000346147 
0.000345491 
0.000344834 
0.000344177 
0.000343519 
0.000342861 
0.000342202 
0.000341543 
0.000340884 
0.000340224 
0.000339563 
0.000338903 
0.000338241 
0.000337579 
0.000336917 
0.000336255 
0.000335591 
0.000334928 
0.000334264 
0.000333599 
0.000332934 
0.000332269 
0.000331603 
0.000330937 
0.00033027 
0.000329603 
0.000328936 
0.000328268 
