0 
1.77636e-15 
-3.55271e-15 
8.43769e-15 
2.22045e-16 
3.9968e-15 
6.66134e-16 
2.22045e-16 
1.33227e-15 
0 
1.33227e-15 
1.11022e-15 
6.66134e-16 
2.44249e-15 
0 
-8.88178e-16 
6.66134e-16 
-1.44329e-15 
1.47105e-15 
-5.32907e-15 
0 
4.88498e-15 
-2.22045e-15 
-4.44089e-16 
1.9984e-15 
-2.55351e-15 
-3.9968e-15 
-3.10862e-15 
6.66134e-16 
-1.11022e-15 
1.9984e-15 
-2.44249e-15 
8.88178e-16 
-1.33227e-15 
8.88178e-16 
-3.77476e-15 
-1.66533e-16 
-9.4369e-16 
-6.66134e-16 
-4.44089e-15 
-8.88178e-16 
1.33227e-15 
3.10862e-15 
-9.4369e-16 
-2.55351e-15 
7.10543e-15 
-3.9968e-15 
-4.66294e-15 
2.44249e-15 
-3.10862e-15 
6.66134e-16 
