0 
-2.66438e-13 
-8.08572e-14 
-3.21432e-13 
1.06598e-13 
1.43412e-13 
5.98015e-13 
-5.11596e-13 
1.0609e-14 
3.98044e-15 
2.59186e-13 
2.11364e-13 
2.81487e-13 
3.13314e-13 
-2.07847e-13 
2.12287e-14 
4.01568e-14 
-5.53693e-13 
3.93552e-13 
-2.82876e-13 
8.61637e-14 
-7.82092e-14 
-1.48095e-13 
3.34968e-14 
1.34141e-13 
2.43088e-13 
-1.04946e-13 
9.40781e-14 
-1.18066e-13 
-1.85398e-13 
-2.2743e-13 
1.62793e-13 
-7.67387e-13 
3.17031e-13 
6.56984e-14 
5.96546e-14 
-5.62414e-14 
-2.45821e-13 
-2.78053e-13 
4.48439e-14 
-8.22748e-15 
1.42685e-13 
-3.54007e-13 
-2.43884e-13 
-5.3391e-14 
-1.37745e-13 
3.41843e-13 
-4.56508e-14 
2.25897e-14 
2.27487e-13 
7.45791e-14 
