-0.0178571 
0.102892 
0.113745 
0.128098 
0.122896 
0.169647 
0.142538 
0.040332 
-0.000281932 
0.00354147 
0.0204958 
0.0286115 
0.0401545 
0.0678304 
0.109531 
0.101685 
0.0672036 
0.0363698 
0.0393221 
0.0525645 
0.0561078 
0.0460281 
0.0451293 
0.0527552 
0.0654961 
0.0744707 
0.0875503 
0.0960897 
0.0954537 
0.0704939 
0.0365157 
0.00711596 
-0.00506014 
-0.00293733 
0.00880261 
0.0279669 
0.0531775 
0.0819628 
0.103541 
0.117069 
0.109769 
0.0893462 
0.0565725 
0.0291689 
0.0130377 
0.0104839 
0.0145872 
0.0196005 
0.0225007 
0.0262337 
0.0312753 
0.0413704 
0.050021 
0.0587993 
0.0600463 
0.0581899 
0.0513801 
0.0447105 
0.0390196 
0.0372252 
0.0406561 
0.0520006 
0.0691795 
0.0884978 
0.101109 
0.103416 
0.0910324 
0.0677028 
0.0373746 
0.00965485 
-0.00724594 
-0.0078973 
0.00885253 
0.0402342 
0.0802809 
0.12753 
0.156701 
0.17429 
0.153871 
0.122506 
0.0747979 
0.0380183 
0.0139099 
0.00907381 
0.0158645 
0.0292087 
0.0431318 
0.0595577 
0.0742336 
0.0896863 
0.0959157 
0.0972554 
0.0873572 
0.0751528 
0.0581457 
0.0452246 
0.0356475 
0.0372799 
0.0476558 
0.0681561 
0.0871366 
