0 
-0.00187699 
-0.00561548 
-0.00930759 
-0.0129228 
-0.0164313 
-0.0198042 
-0.0230134 
-0.0260326 
-0.0288368 
-0.0314028 
-0.0337095 
-0.0357378 
-0.0374709 
-0.0388946 
-0.0399971 
-0.0407692 
-0.0412046 
-0.0412997 
-0.0410538 
-0.0404688 
-0.0395495 
-0.0383036 
-0.0367414 
-0.0348758 
-0.0327221 
-0.0302982 
-0.027624 
-0.0247217 
-0.0216153 
-0.0183303 
-0.0148939 
-0.0113346 
-0.00768159 
-0.00396517 
-0.000216 
0.00353495 
0.00725671 
0.0109185 
0.0144902 
0.0179422 
0.021246 
0.0243743 
0.0273013 
0.0300029 
0.0324567 
0.0346424 
0.036542 
0.0381398 
0.0394226 
0.0403799 
