0.005 
0.00979201 
0.0146727 
0.0193822 
0.0239962 
0.0283907 
0.032568 
0.0364545 
0.0400317 
0.0432474 
0.0460818 
0.0484947 
0.0504724 
0.0519842 
0.0530254 
0.0535746 
0.0536369 
0.0532007 
0.0522812 
0.0508767 
0.0490119 
0.0466953 
0.04396 
0.0408243 
0.0373284 
0.0334995 
0.0293836 
0.0250155 
0.0204454 
0.0157137 
0.0108731 
0.00596798 
0.00105162 
-0.00383 
-0.0086246 
-0.0132868 
-0.0177672 
-0.0220231 
-0.0260094 
-0.0296888 
-0.0330212 
-0.0359765 
-0.0385216 
-0.0406347 
-0.0422907 
-0.0434773 
-0.0441779 
-0.044391 
-0.0441084 
-0.0433397 
-0.0420854 
-0.0403662 
-0.0381908 
-0.0355904 
-0.0325811 
-0.029204 
-0.0254816 
-0.0214633 
-0.0171768 
-0.0126783 
-0.0079992 
-0.00320048 
0.00168431 
0.00659149 
0.0114871 
0.0163069 
0.0210183 
0.0255588 
0.0298986 
0.0339791 
0.0377748 
0.0412331 
0.0443343 
0.0470331 
0.0493167 
0.0511491 
0.0525247 
0.0534178 
0.053831 
0.0537494 
0.0531838 
0.0521304 
0.0506082 
0.0486246 
0.046206 
0.0433702 
0.0401507 
0.0365748 
0.0326818 
0.0285069 
0.0240944 
0.0194856 
0.0147282 
0.00986785 
0.00495381 
3.42112e-05 
-0.00484193 
-0.00962618 
-0.0142715 
-0.0187312 
-0.022962 
-0.0269209 
-0.0305701 
-0.0338721 
-0.0367959 
-0.0393109 
-0.0413945 
-0.0430239 
-0.0441858 
-0.0448661 
-0.0450617 
-0.0447673 
-0.0439902 
-0.0427341 
-0.0410166 
-0.0388498 
-0.0362615 
-0.0332712 
-0.029916 
-0.0262218 
-0.0222339 
-0.0179832 
-0.0135216 
-0.00888382 
-0.00412621 
0.000714356 
0.00557878 
0.0104298 
0.0152078 
0.0198768 
0.0243786 
0.0286803 
0.0327273 
0.036491 
0.0399225 
0.042999 
0.0456788 
0.0479459 
0.0497674 
0.051135 
0.0520256 
0.0524392 
0.0523633 
0.0518062 
0.0507663 
0.0492602 
0.0472972 
0.0449018 
0.0420934 
0.0389035 
0.035361 
0.0315035 
0.0273676 
0.0229959 
0.0184312 
0.0137193 
0.00890751 
0.00404338 
-0.000823675 
-0.00564601 
-0.0103742 
-0.0149622 
-0.0193627 
-0.023533 
-0.0274301 
-0.0310159 
-0.0342537 
-0.0371113 
-0.0395599 
-0.0415745 
-0.0431354 
-0.0442255 
-0.0448352 
-0.044956 
-0.0445887 
-0.0437335 
-0.042402 
-0.0406031 
-0.0383585 
-0.0356856 
-0.0326154 
-0.0291732 
-0.0253979 
-0.0213221 
-0.0169908 
-0.0124428 
-0.00772747 
-0.00288826 
0.0020232 
0.0069602 
0.0118713 
0.0167082 
0.0214218 
0.025964 
0.0302905 
0.0343552 
0.0381202 
0.0415436 
0.0445953 
0.0472394 
0.0494549 
0.0512135 
0.0525039 
0.0533065 
0.0536204 
0.0534355 
0.052761 
0.051597 
0.0499622 
0.0478668 
0.0453385 
0.0423969 
0.0390775 
0.0354087 
0.0314325 
0.0271843 
0.0227114 
0.0180549 
0.0132652 
0.00838732 
0.00347331 
-0.0014302 
-0.00627131 
-0.0110038 
-0.0155778 
-0.0199496 
-0.024073 
-0.0279089 
-0.0314163 
-0.0345626 
-0.0373132 
-0.0396439 
-0.0415275 
-0.0429492 
-0.0438902 
-0.0443463 
-0.0443071 
-0.0437795 
-0.0427618 
-0.0412721 
-0.039317 
-0.0369254 
-0.0341115 
-0.0309144 
-0.0273546 
-0.0234804 
-0.0193176 
-0.0149217 
-0.0103226 
-0.00558099 
-0.000729463 
0.00416817 
0.00907848 
0.0139367 
0.0187101 
0.0233353 
0.0277819 
0.0319901 
0.0359333 
0.0395574 
0.0428407 
0.0457369 
0.0482303 
0.0502838 
0.0518887 
0.0530181 
0.0536711 
0.0538315 
0.0535066 
0.0526915 
0.0514016 
0.0496429 
0.0474388 
0.0448058 
0.0417745 
0.038371 
0.0346323 
0.0305926 
0.0262942 
0.0217779 
0.0170898 
0.0122755 
0.00738333 
0.00246153 
-0.00244116 
-0.00727567 
-0.0119948 
-0.0165507 
-0.0208995 
-0.0249967 
-0.0288033 
-0.0322798 
-0.0353941 
-0.0381128 
-0.0404122 
-0.0422664 
-0.0436609 
-0.0445781 
-0.0450138 
-0.0449588 
-0.04442 
-0.0433964 
-0.0419058 
-0.0399555 
-0.0375737 
-0.0347753 
-0.0315983 
-0.0280639 
-0.0242187 
-0.0200893 
-0.0157296 
-0.0111697 
-0.00646909 
-0.00166003 
0.00319456 
0.00806175 
0.0128774 
0.0176096 
0.0221951 
0.0266045 
0.0307778 
0.0346896 
0.0382852 
0.0415441 
0.0444191 
0.0468959 
0.048936 
0.0505322 
0.0516561 
0.0523083 
0.052471 
0.0521529 
0.0513475 
0.0500714 
0.0483295 
0.0461458 
0.0435362 
0.0405313 
0.0371574 
0.0334508 
0.0294464 
0.0251855 
0.0207097 
0.0160644 
0.0112953 
0.00645184 
0.00157866 
-0.00327144 
-0.0080531 
-0.0127158 
-0.0172151 
-0.021504 
-0.0255413 
-0.0292849 
-0.0326985 
-0.0357468 
-0.0383998 
-0.0406304 
-0.042416 
-0.043739 
-0.0445849 
-0.044946 
-0.0448184 
-0.0442011 
-0.0431017 
-0.0415294 
-0.0395008 
-0.0370344 
-0.0341555 
-0.0308914 
-0.0272755 
-0.0233421 
-0.0191319 
-0.014685 
-0.0100474 
-0.00526355 
-0.000383321 
0.00454665 
0.00947452 
0.0143534 
0.0191313 
0.0237633 
0.0281992 
0.032398 
0.0363135 
0.03991 
0.0431471 
0.0459965 
0.0484248 
0.0504124 
0.0519343 
0.0529803 
0.0535349 
0.0535978 
0.0531634 
0.0522413 
0.0508363 
0.0489671 
0.0466488 
0.0439088 
0.0407711 
0.0372712 
0.0334411 
0.0293224 
0.0249542 
0.0203829 
0.0156522 
0.0108119 
0.00590881 
0.000993942 
-0.00388491 
-0.00867717 
-0.0133363 
-0.0178138 
-0.0220663 
-0.0260494 
-0.0297249 
-0.0330541 
-0.0360055 
-0.0385472 
-0.0406562 
-0.0423086 
-0.0434908 
-0.0441877 
-0.044396 
-0.0441095 
-0.0433356 
-0.0420774 
-0.0403528 
-0.0381735 
-0.0355675 
-0.0325546 
-0.0291721 
-0.0254465 
-0.0214231 
-0.0171341 
-0.0126311 
-0.00795029 
-0.00314782 
0.00173772 
0.00664777 
0.0115431 
0.0163649 
0.021075 
0.0256164 
0.0299539 
0.0340344 
0.037827 
0.0412844 
0.0443816 
0.0470789 
0.0493579 
0.051188 
0.0525586 
0.0534489 
0.0538568 
0.053772 
0.053201 
0.0521441 
0.0506168 
0.0486295 
0.046206 
0.0433666 
0.0401428 
0.0365634 
0.0326666 
0.0284888 
0.0240731 
0.019462 
0.0147023 
0.0098403 
0.00492479 
4.35659e-06 
-0.00487237 
-0.00965658 
-0.0143016 
-0.0187604 
-0.0229901 
-0.0269473 
-0.0305947 
-0.0338942 
-0.0368157 
-0.0393277 
-0.0414086 
-0.0430346 
-0.0441936 
-0.0448705 
-0.0450631 
-0.0447654 
-0.0439855 
-0.0427263 
-0.0410064 
-0.0388371 
-0.0362467 
-0.0332547 
-0.0298979 
-0.0262028 
-0.0222138 
-0.0179631 
-0.0135011 
-0.00886414 
