0.025 
0.0131014 
0.0752621 
0.0431969 
0.0709837 
0.0405076 
0.0147568 
-0.000860914 
-0.0277404 
-0.0336455 
-0.0377519 
-0.0204658 
-2.46626e-05 
0.027477 
0.0439189 
0.058698 
0.0593919 
0.0506361 
0.0308156 
0.00692178 
-0.0159379 
-0.0327273 
-0.0388823 
-0.0328455 
-0.0166287 
0.00584687 
0.0286594 
0.0474206 
0.0568985 
0.0554623 
0.0419023 
0.0211537 
-0.00313223 
-0.0235652 
-0.0363729 
-0.037282 
-0.0265086 
-0.00607775 
0.0186133 
0.0416235 
0.0571529 
0.0613071 
0.0530024 
0.0346985 
0.0106229 
-0.0125703 
-0.0300159 
-0.0365112 
-0.0313116 
-0.0150299 
0.00745084 
0.0313661 
0.0501953 
0.0602252 
0.0581562 
0.0453275 
0.0238904 
-0.000241765 
-0.0219887 
-0.0355469 
-0.0381439 
-0.0290212 
-0.0105268 
0.0127705 
0.0353556 
0.0515965 
0.057789 
0.0522121 
0.0363286 
0.0137512 
-0.00980006 
-0.0285992 
-0.0378304 
-0.0351565 
-0.0210094 
0.00119805 
0.0261536 
0.0473611 
0.0597725 
0.0601364 
0.0483122 
0.0279052 
0.00317133 
-0.0186081 
-0.0333262 
-0.0361622 
-0.0275422 
-0.00869569 
0.0147353 
0.0379615 
0.0543622 
0.0611517 
0.0553508 
0.0397728 
0.016586 
-0.00718565 
-0.0271843 
-0.0375623 
-0.0366632 
-0.0244617 
-0.0038651 
