0.0005 
0.00100768 
0.00152217 
0.00204259 
0.00256811 
0.00309789 
0.00363117 
0.00416719 
0.00470523 
0.00524463 
0.00578477 
0.00632507 
0.006865 
0.00740407 
0.00794184 
0.00847792 
0.00901196 
0.00954365 
0.0100727 
0.010599 
0.0111222 
0.0116422 
0.012159 
0.0126723 
0.0131822 
0.0136886 
0.0141914 
0.0146908 
0.0151866 
0.015679 
0.016168 
0.0166537 
0.017136 
0.0176152 
0.0180912 
0.0185641 
0.0190341 
0.0195012 
0.0199654 
0.0204269 
0.0208858 
0.021342 
0.0217958 
0.022247 
0.0226959 
0.0231423 
0.0235865 
0.0240283 
0.0244679 
0.0249052 
0.0253402 
0.0257731 
0.0262037 
0.0266321 
0.0270582 
0.027482 
0.0279036 
0.0283228 
0.0287397 
0.0291541 
0.0295662 
0.0299757 
0.0303828 
0.0307872 
0.031189 
0.0315882 
0.0319846 
0.0323782 
0.0327689 
0.0331568 
0.0335417 
0.0339235 
0.0343023 
0.0346779 
0.0350503 
0.0354195 
0.0357853 
0.0361478 
0.0365069 
0.0368625 
0.0372145 
0.037563 
0.0379079 
0.0382492 
0.0385867 
0.0389204 
0.0392504 
0.0395765 
0.0398988 
0.0402171 
0.0405316 
0.040842 
0.0411484 
0.0414507 
0.041749 
0.0420432 
0.0423332 
0.0426191 
0.0429008 
0.0431782 
0.0434514 
0.0437204 
0.043985 
0.0442453 
0.0445013 
0.0447529 
0.0450002 
0.045243 
0.0454814 
0.0457153 
0.0459448 
0.0461697 
0.0463902 
0.0466061 
0.0468175 
0.0470243 
0.0472265 
0.0474241 
0.0476171 
0.0478055 
0.0479892 
0.0481682 
0.0483426 
0.0485122 
0.0486771 
0.0488373 
0.0489927 
0.0491433 
0.0492892 
0.0494302 
0.0495665 
0.0496979 
0.0498245 
0.0499462 
0.0500631 
0.0501751 
0.0502822 
0.0503844 
0.0504817 
0.0505741 
0.0506616 
0.0507441 
0.0508217 
0.0508943 
0.0509619 
0.0510246 
0.0510823 
0.0511351 
0.0511828 
0.0512256 
0.0512633 
0.0512961 
0.0513238 
0.0513466 
0.0513643 
0.0513771 
0.0513848 
0.0513875 
0.0513852 
0.0513778 
0.0513655 
0.0513481 
0.0513258 
0.0512984 
0.0512661 
0.0512287 
0.0511863 
0.0511389 
0.0510866 
0.0510293 
0.050967 
0.0508997 
0.0508274 
0.0507502 
0.0506681 
0.050581 
0.050489 
0.050392 
0.0502902 
0.0501834 
0.0500718 
0.0499553 
0.0498339 
0.0497076 
0.0495765 
0.0494406 
0.0492999 
0.0491544 
0.0490041 
0.048849 
0.0486891 
0.0485246 
0.0483553 
0.0481812 
0.0480026 
0.0478192 
0.0476312 
0.0474385 
0.0472413 
0.0470394 
0.046833 
0.046622 
0.0464065 
0.0461865 
0.045962 
0.0457331 
0.0454997 
0.0452618 
0.0450196 
0.044773 
0.0445221 
0.0442669 
0.0440073 
0.0437435 
0.0434755 
0.0432032 
0.0429268 
0.0426462 
0.0423614 
0.0420726 
0.0417797 
0.0414827 
0.0411818 
0.0408768 
0.0405679 
0.0402551 
0.0399384 
0.0396178 
0.0392934 
0.0389652 
0.0386332 
0.0382975 
0.0379582 
0.0376151 
0.0372685 
0.0369182 
0.0365644 
0.0362071 
0.0358463 
0.035482 
0.0351143 
0.0347433 
0.0343689 
0.0339912 
0.0336102 
0.0332261 
0.0328387 
0.0324482 
0.0320546 
0.0316579 
0.0312582 
0.0308555 
0.0304499 
0.0300413 
0.0296299 
0.0292157 
0.0287986 
0.0283789 
0.0279564 
0.0275313 
0.0271035 
0.0266732 
0.0262404 
0.0258051 
0.0253673 
0.0249272 
0.0244847 
0.0240398 
0.0235927 
0.0231434 
0.022692 
0.0222384 
0.0217827 
0.0213249 
0.0208652 
0.0204035 
0.01994 
0.0194745 
0.0190073 
0.0185383 
0.0180676 
0.0175953 
0.0171213 
0.0166457 
0.0161686 
0.0156901 
0.0152101 
0.0147287 
0.014246 
0.0137621 
0.0132769 
0.0127905 
0.0123029 
0.0118143 
0.0113246 
0.010834 
0.0103424 
0.00984992 
0.00935659 
0.00886247 
0.00836761 
0.00787205 
0.00737585 
0.00687905 
0.00638171 
0.00588387 
0.00538559 
0.00488692 
0.0043879 
0.00388858 
0.00338902 
0.00288926 
0.00238936 
0.00188936 
0.00138931 
0.000889274 
0.000389293 
-0.000110586 
-0.000610306 
-0.00110982 
-0.00160908 
-0.00210804 
-0.00260664 
-0.00310484 
-0.00360258 
-0.00409981 
-0.00459649 
-0.00509257 
-0.00558799 
-0.00608271 
-0.00657667 
-0.00706983 
-0.00756214 
-0.00805355 
-0.008544 
-0.00903346 
-0.00952186 
-0.0100092 
-0.0104953 
-0.0109803 
-0.011464 
-0.0119465 
-0.0124275 
-0.0129072 
-0.0133855 
-0.0138623 
-0.0143375 
-0.0148112 
-0.0152832 
-0.0157536 
-0.0162222 
-0.0166891 
-0.0171542 
-0.0176174 
-0.0180786 
-0.018538 
-0.0189953 
-0.0194506 
-0.0199038 
-0.0203548 
-0.0208037 
-0.0212503 
-0.0216947 
-0.0221368 
-0.0225765 
-0.0230137 
-0.0234486 
-0.0238809 
-0.0243107 
-0.024738 
-0.0251626 
-0.0255845 
-0.0260037 
-0.0264202 
-0.0268339 
-0.0272448 
-0.0276528 
-0.0280579 
-0.02846 
-0.0288591 
-0.0292552 
-0.0296483 
-0.0300382 
-0.0304249 
-0.0308085 
-0.0311888 
-0.0315659 
-0.0319397 
-0.0323101 
-0.0326771 
-0.0330407 
-0.0334009 
-0.0337576 
-0.0341107 
-0.0344603 
-0.0348063 
-0.0351487 
-0.0354874 
-0.0358224 
-0.0361537 
-0.0364812 
-0.036805 
-0.0371248 
-0.0374409 
-0.037753 
-0.0380612 
-0.0383655 
-0.0386657 
-0.038962 
-0.0392542 
-0.0395423 
-0.0398263 
-0.0401062 
-0.040382 
-0.0406535 
-0.0409209 
-0.0411839 
-0.0414428 
-0.0416973 
-0.0419475 
-0.0421934 
-0.0424349 
-0.042672 
-0.0429047 
-0.0431329 
-0.0433567 
-0.043576 
-0.0437908 
-0.0440011 
-0.0442068 
-0.0444079 
-0.0446045 
-0.0447964 
-0.0449837 
-0.0451664 
-0.0453444 
-0.0455177 
-0.0456863 
-0.0458502 
-0.0460094 
-0.0461638 
-0.0463135 
-0.0464583 
-0.0465984 
-0.0467337 
-0.0468641 
-0.0469897 
-0.0471105 
-0.0472264 
-0.0473374 
-0.0474436 
-0.0475448 
-0.0476412 
-0.0477326 
-0.0478191 
-0.0479007 
-0.0479774 
-0.0480491 
-0.0481158 
-0.0481776 
-0.0482344 
-0.0482863 
-0.0483332 
-0.0483751 
-0.048412 
-0.0484439 
-0.0484708 
-0.0484927 
-0.0485097 
-0.0485216 
-0.0485285 
-0.0485305 
-0.0485274 
-0.0485193 
-0.0485063 
-0.0484882 
-0.0484651 
-0.0484371 
-0.048404 
-0.048366 
-0.048323 
-0.048275 
-0.048222 
-0.0481641 
-0.0481012 
-0.0480333 
-0.0479605 
-0.0478828 
-0.0478001 
-0.0477125 
-0.0476199 
-0.0475225 
-0.0474202 
-0.0473129 
-0.0472008 
-0.0470839 
-0.046962 
-0.0468354 
-0.0467039 
-0.0465676 
-0.0464265 
-0.0462806 
-0.0461299 
-0.0459745 
-0.0458143 
-0.0456494 
-0.0454798 
-0.0453055 
-0.0451265 
-0.0449429 
-0.0447546 
-0.0445617 
-0.0443642 
-0.0441621 
-0.0439555 
-0.0437443 
-0.0435286 
-0.0433084 
-0.0430837 
-0.0428546 
-0.0426211 
-0.0423831 
-0.0421408 
-0.0418941 
-0.0416431 
-0.0413877 
-0.0411281 
-0.0408642 
-0.0405961 
-0.0403238 
-0.0400473 
-0.0397667 
-0.039482 
-0.0391931 
-0.0389002 
-0.0386033 
-0.0383024 
-0.0379975 
-0.0376886 
-0.0373758 
-0.0370592 
-0.0367387 
-0.0364144 
-0.0360863 
-0.0357545 
-0.0354189 
-0.0350797 
-0.0347368 
-0.0343903 
-0.0340402 
-0.0336865 
-0.0333294 
-0.0329688 
-0.0326047 
-0.0322373 
-0.0318665 
-0.0314923 
-0.0311149 
-0.0307342 
-0.0303503 
-0.0299632 
-0.029573 
-0.0291796 
-0.0287833 
-0.0283839 
-0.0279815 
-0.0275762 
-0.027168 
-0.0267569 
-0.026343 
-0.0259264 
-0.025507 
-0.0250849 
-0.0246601 
-0.0242328 
-0.0238029 
-0.0233705 
-0.0229356 
-0.0224982 
-0.0220585 
-0.0216164 
-0.0211721 
-0.0207254 
-0.0202766 
-0.0198256 
-0.0193724 
-0.0189172 
-0.01846 
-0.0180007 
-0.0175396 
-0.0170765 
-0.0166116 
-0.0161449 
-0.0156764 
-0.0152062 
-0.0147344 
-0.014261 
-0.013786 
-0.0133094 
-0.0128314 
-0.012352 
-0.0118712 
-0.011389 
-0.0109056 
-0.010421 
-0.00993518 
-0.00944821 
-0.00896018 
-0.00847109 
-0.00798104 
-0.00749002 
-0.00699814 
-0.00650539 
-0.00601188 
-0.0055176 
-0.00502266 
-0.00452704 
-0.00403086 
-0.00353411 
-0.00303689 
-0.0025392 
-0.00204114 
-0.00154272 
-0.00104402 
-0.000545052 
-4.59124e-05 
0.000453396 
0.000952776 
0.00145223 
0.00195165 
0.00245104 
0.0029503 
0.00344944 
0.00394834 
0.00444702 
0.00494537 
0.00544339 
0.00594098 
0.00643815 
0.00693478 
0.0074309 
0.00792638 
0.00842124 
0.00891537 
0.00940878 
0.00990137 
0.0103931 
0.010884 
0.0113739 
0.0118628 
0.0123507 
0.0128374 
0.0133231 
0.0138075 
0.0142907 
0.0147726 
0.0152532 
0.0157324 
0.0162102 
0.0166865 
0.0171613 
0.0176345 
0.018106 
0.0185759 
0.0190442 
0.0195106 
0.0199752 
0.020438 
0.0208989 
0.0213578 
0.0218147 
0.0222696 
0.0227224 
0.0231731 
0.0236216 
0.0240679 
0.024512 
0.0249537 
0.0253931 
0.02583 
0.0262646 
0.0266966 
0.0271262 
0.0275532 
0.0279775 
0.0283992 
0.0288182 
0.0292345 
0.029648 
0.0300587 
0.0304665 
0.0308714 
0.0312734 
0.0316724 
0.0320684 
0.0324613 
0.0328511 
0.0332378 
0.0336213 
0.0340015 
0.0343786 
0.0347523 
0.0351227 
0.0354897 
0.0358534 
0.0362136 
0.0365703 
0.0369235 
0.0372732 
0.0376193 
0.0379617 
0.0383006 
0.0386357 
0.0389671 
0.0392948 
0.0396187 
0.0399388 
0.040255 
0.0405673 
0.0408758 
0.0411803 
0.0414808 
0.0417774 
0.0420698 
0.0423583 
0.0426426 
0.0429229 
0.043199 
0.0434709 
0.0437386 
0.0440021 
0.0442613 
0.0445163 
0.044767 
0.0450133 
0.0452553 
0.0454929 
0.0457261 
0.0459548 
0.0461792 
0.046399 
0.0466144 
0.0468252 
0.0470316 
0.0472333 
0.0474305 
0.0476231 
0.0478111 
0.0479944 
0.0481731 
0.0483471 
0.0485164 
0.0486811 
0.048841 
0.0489962 
0.0491466 
0.0492923 
0.0494331 
0.0495692 
0.0497005 
0.0498269 
0.0499485 
0.0500653 
0.0501772 
0.0502842 
0.0503864 
0.0504837 
0.050576 
0.0506635 
0.050746 
0.0508236 
0.0508963 
0.050964 
0.0510268 
0.0510846 
0.0511375 
0.0511854 
0.0512283 
0.0512663 
0.0512992 
0.0513272 
0.0513502 
0.0513682 
0.0513813 
0.0513893 
0.0513923 
0.0513904 
0.0513834 
0.0513715 
0.0513546 
0.0513326 
0.0513057 
0.0512738 
0.051237 
0.0511951 
0.0511483 
0.0510965 
0.0510397 
0.050978 
0.0509114 
0.0508398 
0.0507632 
0.0506817 
0.0505953 
0.050504 
0.0504078 
0.0503066 
0.0502006 
0.0500898 
0.049974 
0.0498534 
0.049728 
0.0495977 
0.0494626 
0.0493227 
0.049178 
0.0490286 
0.0488744 
0.0487154 
0.0485517 
0.0483834 
0.0482103 
0.0480325 
0.0478501 
0.047663 
0.0474713 
0.047275 
0.0470741 
0.0468687 
0.0466587 
0.0464442 
0.0462252 
0.0460017 
0.0457737 
0.0455413 
0.0453045 
0.0450633 
0.0448178 
0.0445679 
0.0443137 
0.0440552 
0.0437924 
0.0435254 
0.0432542 
0.0429788 
0.0426992 
0.0424155 
0.0421277 
0.0418359 
0.0415399 
0.04124 
0.0409361 
0.0406283 
0.0403165 
0.0400008 
0.0396813 
0.0393579 
0.0390307 
0.0386998 
0.0383652 
0.0380268 
0.0376848 
0.0373391 
0.0369899 
0.0366371 
0.0362808 
0.0359209 
0.0355577 
0.035191 
0.0348209 
0.0344475 
0.0340708 
0.0336908 
0.0333075 
0.0329211 
0.0325315 
0.0321388 
0.0317431 
0.0313443 
0.0309425 
0.0305377 
0.03013 
0.0297195 
0.0293061 
0.0288899 
0.0284709 
0.0280493 
0.027625 
0.027198 
0.0267685 
0.0263364 
0.0259018 
0.0254648 
0.0250254 
0.0245836 
0.0241394 
0.023693 
0.0232444 
0.0227935 
0.0223405 
0.0218855 
0.0214283 
0.0209692 
0.0205081 
0.020045 
0.0195801 
0.0191134 
0.0186449 
0.0181747 
0.0177028 
0.0172292 
0.0167541 
0.0162774 
0.0157992 
0.0153196 
0.0148385 
0.0143562 
0.0138725 
0.0133875 
0.0129014 
0.0124141 
0.0119257 
0.0114362 
0.0109457 
0.0104543 
0.0099619 
0.00946867 
0.00897463 
0.00847982 
0.00798429 
0.00748809 
0.00699128 
0.00649389 
0.00599599 
0.00549762 
0.00499883 
0.00449967 
0.00400018 
0.00350043 
0.00300046 
0.00250032 
0.00200006 
0.00149972 
0.000999368 
0.000499043 
-1.20217e-06 
-0.000501319 
-0.00100126 
-0.00150096 
-0.00200039 
-0.0024995 
-0.00299822 
-0.00349651 
-0.00399433 
-0.00449162 
-0.00498833 
-0.00548442 
-0.00597983 
-0.00647451 
-0.00696842 
-0.00746151 
-0.00795372 
-0.008445 
-0.00893532 
-0.00942462 
-0.00991285 
-0.0104 
-0.0108859 
-0.0113706 
-0.0118541 
-0.0123362 
-0.012817 
-0.0132964 
-0.0137743 
-0.0142508 
-0.0147256 
-0.0151989 
-0.0156706 
-0.0161405 
-0.0166087 
-0.0170751 
-0.0175397 
-0.0180024 
-0.0184632 
-0.018922 
-0.0193788 
-0.0198335 
-0.0202861 
-0.0207366 
-0.0211848 
-0.0216309 
-0.0220746 
-0.022516 
-0.022955 
-0.0233917 
-0.0238258 
-0.0242575 
-0.0246866 
-0.0251131 
-0.0255369 
-0.0259581 
-0.0263766 
-0.0267923 
-0.0272052 
-0.0276153 
-0.0280225 
-0.0284268 
-0.0288281 
-0.0292263 
-0.0296216 
-0.0300138 
-0.0304028 
-0.0307887 
-0.0311714 
-0.0315508 
-0.031927 
-0.0322998 
-0.0326693 
-0.0330355 
-0.0333982 
-0.0337574 
-0.0341131 
-0.0344653 
-0.034814 
-0.035159 
-0.0355004 
-0.0358381 
-0.0361722 
-0.0365025 
-0.036829 
-0.0371517 
-0.0374706 
-0.0377856 
-0.0380967 
-0.0384039 
-0.0387072 
-0.0390064 
-0.0393017 
-0.0395929 
-0.03988 
-0.040163 
-0.0404418 
-0.0407165 
-0.0409871 
-0.0412534 
-0.0415154 
-0.0417732 
-0.0420267 
-0.0422759 
-0.0425207 
-0.0427612 
-0.0429973 
-0.0432289 
-0.0434561 
-0.0436789 
-0.0438972 
-0.0441109 
-0.0443202 
-0.0445249 
-0.044725 
-0.0449205 
-0.0451115 
-0.0452978 
-0.0454794 
-0.0456564 
-0.0458288 
-0.0459964 
-0.0461593 
-0.0463175 
-0.0464709 
-0.0466196 
-0.0467635 
-0.0469026 
-0.0470369 
-0.0471664 
-0.0472911 
-0.0474109 
-0.0475259 
-0.047636 
-0.0477412 
-0.0478415 
-0.047937 
-0.0480275 
-0.0481131 
-0.0481938 
-0.0482696 
-0.0483404 
-0.0484063 
-0.0484672 
-0.0485232 
-0.0485742 
-0.0486203 
-0.0486613 
-0.0486974 
-0.0487285 
-0.0487547 
-0.0487758 
-0.048792 
-0.0488031 
-0.0488093 
-0.0488105 
-0.0488067 
-0.0487979 
-0.0487841 
-0.0487653 
-0.0487416 
-0.0487128 
-0.0486791 
-0.0486404 
-0.0485967 
-0.0485481 
-0.0484945 
-0.0484359 
-0.0483724 
-0.048304 
-0.0482306 
-0.0481522 
-0.048069 
-0.0479808 
-0.0478877 
-0.0477898 
-0.0476869 
-0.0475792 
-0.0474666 
-0.0473491 
-0.0472268 
-0.0470997 
-0.0469677 
-0.046831 
-0.0466894 
-0.0465431 
-0.046392 
-0.0462362 
-0.0460757 
-0.0459104 
-0.0457404 
-0.0455658 
-0.0453865 
-0.0452025 
-0.0450139 
-0.0448208 
-0.044623 
-0.0444206 
-0.0442137 
-0.0440023 
-0.0437864 
-0.0435659 
-0.0433411 
-0.0431117 
-0.042878 
-0.0426399 
-0.0423974 
-0.0421505 
-0.0418994 
-0.0416439 
-0.0413841 
-0.0411202 
-0.040852 
-0.0405796 
-0.040303 
-0.0400223 
-0.0397375 
-0.0394487 
-0.0391557 
-0.0388588 
-0.0385578 
-0.0382529 
-0.0379441 
-0.0376314 
-0.0373147 
-0.0369943 
-0.03667 
-0.036342 
-0.0360103 
-0.0356748 
-0.0353356 
-0.0349929 
-0.0346465 
-0.0342965 
-0.033943 
-0.033586 
-0.0332255 
-0.0328617 
-0.0324944 
-0.0321237 
-0.0317498 
-0.0313725 
-0.030992 
-0.0306084 
-0.0302215 
-0.0298315 
-0.0294384 
-0.0290423 
-0.0286432 
-0.028241 
-0.027836 
-0.0274281 
-0.0270173 
-0.0266037 
-0.0261873 
-0.0257682 
-0.0253465 
-0.0249221 
-0.024495 
-0.0240655 
-0.0236334 
-0.0231988 
-0.0227618 
-0.0223225 
-0.0218808 
-0.0214368 
-0.0209905 
-0.020542 
-0.0200914 
-0.0196387 
-0.0191839 
-0.018727 
-0.0182682 
-0.0178074 
-0.0173448 
-0.0168803 
-0.016414 
-0.0159459 
-0.0154762 
-0.0150048 
-0.0145318 
-0.0140572 
-0.0135811 
-0.0131035 
-0.0126246 
-0.0121442 
-0.0116625 
-0.0111796 
-0.0106954 
-0.01021 
-0.00972352 
-0.00923595 
-0.00874733 
-0.00825774 
-0.00776719 
-0.00727578 
-0.00678351 
-0.00629046 
-0.00579666 
-0.00530218 
-0.00480705 
-0.00431134 
-0.00381507 
-0.00331832 
-0.00282111 
-0.00232353 
-0.00182558 
-0.00132735 
-0.000828865 
-0.000330199 
0.000168631 
0.000667539 
0.00116651 
0.00166546 
0.00216438 
0.00266317 
0.00316183 
0.00366027 
0.00415847 
0.00465636 
0.00515391 
0.00565104 
0.00614774 
0.00664392 
0.00713957 
0.0076346 
0.008129 
0.00862268 
0.00911563 
0.00960777 
0.0100991 
0.0105895 
0.011079 
0.0115674 
0.0120549 
0.0125412 
0.0130264 
0.0135104 
0.0139932 
0.0144747 
0.0149548 
0.0154336 
0.015911 
0.0163868 
0.0168612 
0.017334 
0.0178052 
0.0182747 
0.0187425 
0.0192085 
0.0196727 
0.0201351 
0.0205956 
0.0210541 
0.0215107 
0.0219652 
0.0224177 
0.022868 
0.0233161 
0.023762 
0.0242057 
0.0246471 
0.0250861 
0.0255227 
0.0259569 
0.0263886 
0.0268179 
0.0272445 
0.0276685 
0.0280899 
0.0285086 
0.0289245 
0.0293377 
0.029748 
0.0301556 
0.0305601 
0.0309618 
0.0313605 
0.0317562 
0.0321488 
0.0325383 
0.0329247 
0.0333079 
0.0336879 
0.0340646 
0.0344381 
0.0348082 
0.035175 
0.0355383 
0.0358983 
0.0362547 
0.0366077 
0.0369571 
0.0373029 
0.0376451 
0.0379837 
0.0383186 
0.0386497 
0.0389772 
0.0393008 
0.0396207 
0.0399366 
0.0402488 
0.040557 
0.0408613 
0.0411616 
0.0414579 
0.0417501 
0.0420384 
0.0423225 
0.0426025 
0.0428784 
0.0431501 
0.0434176 
0.0436809 
0.0439399 
0.0441947 
0.0444451 
0.0446913 
0.044933 
0.0451705 
0.0454034 
0.045632 
0.0458562 
0.0460758 
0.046291 
0.0465017 
0.0467078 
0.0469094 
0.0471064 
0.0472988 
0.0474866 
0.0476697 
0.0478482 
0.0480221 
0.0481912 
0.0483557 
0.0485154 
0.0486704 
0.0488207 
0.0489662 
0.0491069 
0.0492428 
0.0493739 
0.0495002 
0.0496216 
0.0497382 
0.0498499 
0.0499568 
0.0500588 
0.0501559 
0.0502481 
0.0503354 
0.0504178 
0.0504952 
0.0505677 
0.0506353 
0.0506979 
0.0507556 
0.0508083 
0.0508561 
0.0508988 
0.0509366 
0.0509695 
0.0509973 
0.0510201 
0.051038 
0.0510509 
0.0510588 
0.0510617 
0.0510596 
0.0510525 
0.0510404 
0.0510233 
0.0510012 
0.0509742 
0.0509422 
0.0509051 
0.0508632 
0.0508162 
0.0507643 
0.0507074 
0.0506455 
0.0505787 
0.050507 
0.0504303 
0.0503487 
0.0502621 
0.0501707 
0.0500743 
0.0499731 
0.049867 
0.049756 
0.0496401 
0.0495194 
0.0493938 
0.0492634 
0.0491282 
0.0489882 
0.0488434 
0.0486939 
0.0485395 
0.0483805 
0.0482167 
0.0480482 
0.047875 
0.0476971 
0.0475146 
0.0473275 
0.0471357 
0.0469393 
0.0467383 
0.0465328 
0.0463227 
0.0461081 
0.045889 
0.0456655 
0.0454374 
0.045205 
0.0449681 
0.0447269 
0.0444812 
0.0442313 
0.043977 
0.0437185 
0.0434557 
0.0431886 
0.0429174 
0.0426419 
0.0423624 
0.0420786 
0.0417908 
0.041499 
0.041203 
0.0409031 
0.0405992 
0.0402913 
0.0399796 
0.0396639 
0.0393444 
0.039021 
0.0386939 
0.038363 
0.0380284 
0.0376901 
0.0373481 
0.0370025 
0.0366533 
0.0363006 
0.0359443 
0.0355846 
0.0352214 
0.0348548 
0.0344848 
0.0341115 
0.0337349 
0.033355 
0.0329719 
0.0325856 
0.0321961 
0.0318036 
0.031408 
0.0310093 
0.0306077 
0.0302031 
0.0297956 
0.0293852 
0.028972 
0.028556 
0.0281373 
0.0277158 
0.0272917 
0.026865 
0.0264357 
0.0260039 
0.0255695 
0.0251328 
0.0246936 
0.0242521 
0.0238082 
0.0233621 
0.0229138 
0.0224633 
0.0220106 
0.0215558 
0.0210991 
0.0206403 
0.0201795 
0.0197169 
0.0192523 
0.018786 
0.0183179 
0.0178481 
0.0173766 
0.0169035 
0.0164288 
0.0159525 
0.0154748 
0.0149956 
0.0145151 
0.0140332 
0.01355 
0.0130656 
0.01258 
0.0120932 
0.0116053 
0.0111164 
0.0106265 
0.0101356 
0.00964385 
0.00915122 
0.00865778 
0.00816359 
0.0076687 
0.00717315 
0.00667699 
0.00618028 
0.00568306 
0.00518538 
0.00468729 
0.00418885 
0.0036901 
0.00319109 
0.00269187 
0.00219249 
0.00169301 
0.00119347 
0.000693915 
0.000194405 
-0.000305012 
-0.000804288 
-0.00130337 
-0.00180222 
-0.00230077 
-0.00279898 
-0.00329679 
-0.00379417 
-0.00429106 
-0.0047874 
-0.00528316 
-0.00577828 
-0.0062727 
-0.00676639 
-0.00725929 
-0.00775135 
-0.00824252 
-0.00873276 
-0.00922202 
-0.00971024 
-0.0101974 
-0.0106834 
-0.0111682 
-0.0116518 
-0.0121341 
-0.0126151 
-0.0130947 
-0.0135729 
-0.0140497 
-0.0145249 
-0.0149985 
-0.0154706 
-0.0159409 
-0.0164096 
-0.0168765 
-0.0173416 
-0.0178049 
-0.0182663 
-0.0187257 
-0.0191832 
-0.0196386 
-0.0200919 
-0.0205432 
-0.0209922 
-0.021439 
-0.0218836 
-0.0223259 
-0.0227659 
-0.0232034 
-0.0236385 
-0.0240712 
-0.0245013 
-0.0249288 
-0.0253538 
-0.0257761 
-0.0261957 
-0.0266126 
-0.0270267 
-0.0274379 
-0.0278464 
-0.0282519 
-0.0286545 
-0.0290541 
-0.0294507 
-0.0298442 
-0.0302346 
-0.0306219 
-0.0310061 
-0.031387 
-0.0317646 
-0.032139 
-0.03251 
-0.0328777 
-0.0332419 
-0.0336027 
-0.0339601 
-0.0343139 
-0.0346642 
-0.0350109 
-0.035354 
-0.0356935 
-0.0360292 
-0.0363613 
-0.0366895 
-0.037014 
-0.0373347 
-0.0376516 
-0.0379645 
-0.0382736 
-0.0385787 
-0.0388798 
-0.0391769 
-0.03947 
-0.039759 
-0.0400439 
-0.0403247 
-0.0406014 
-0.0408739 
-0.0411422 
-0.0414062 
-0.041666 
-0.0419215 
-0.0421727 
-0.0424195 
-0.042662 
-0.0429001 
-0.0431338 
-0.0433631 
-0.0435879 
-0.0438083 
-0.0440241 
-0.0442354 
-0.0444422 
-0.0446444 
-0.0448421 
-0.0450351 
-0.0452235 
-0.0454072 
-0.0455864 
-0.0457608 
-0.0459305 
-0.0460955 
-0.0462558 
-0.0464113 
-0.0465621 
-0.0467081 
-0.0468493 
-0.0469857 
-0.0471173 
-0.047244 
-0.0473659 
-0.047483 
-0.0475951 
-0.0477024 
-0.0478048 
-0.0479023 
-0.0479949 
-0.0480825 
-0.0481653 
-0.0482431 
-0.0483159 
-0.0483838 
-0.0484467 
-0.0485046 
-0.0485576 
-0.0486056 
-0.0486486 
-0.0486867 
-0.0487197 
-0.0487477 
-0.0487707 
-0.0487888 
-0.0488018 
-0.0488098 
-0.0488128 
-0.0488108 
-0.0488038 
-0.0487918 
-0.0487748 
-0.0487528 
-0.0487257 
-0.0486937 
-0.0486567 
-0.0486147 
-0.0485677 
-0.0485157 
-0.0484587 
-0.0483967 
-0.0483298 
-0.048258 
-0.0481811 
-0.0480993 
-0.0480126 
-0.047921 
-0.0478244 
-0.0477229 
-0.0476165 
-0.0475052 
-0.0473891 
-0.047268 
-0.0471422 
-0.0470114 
-0.0468759 
-0.0467355 
-0.0465903 
-0.0464403 
-0.0462855 
-0.046126 
-0.0459617 
-0.0457927 
-0.045619 
-0.0454406 
-0.0452576 
-0.0450698 
-0.0448774 
-0.0446804 
-0.0444788 
-0.0442726 
-0.0440619 
-0.0438466 
-0.0436268 
-0.0434025 
-0.0431737 
-0.0429405 
-0.0427028 
-0.0424607 
-0.0422143 
-0.0419635 
-0.0417083 
-0.0414489 
-0.0411852 
-0.0409172 
-0.040645 
-0.0403686 
-0.040088 
-0.0398032 
-0.0395144 
-0.0392215 
-0.0389245 
-0.0386234 
-0.0383184 
-0.0380094 
-0.0376965 
-0.0373797 
-0.037059 
-0.0367344 
-0.036406 
-0.0360739 
-0.035738 
-0.0353984 
-0.0350551 
-0.0347082 
-0.0343577 
-0.0340035 
-0.0336459 
-0.0332848 
-0.0329201 
-0.0325521 
-0.0321807 
-0.0318059 
-0.0314278 
-0.0310464 
-0.0306617 
-0.0302739 
-0.0298829 
-0.0294888 
-0.0290915 
-0.0286913 
-0.028288 
-0.0278818 
-0.0274726 
-0.0270605 
-0.0266456 
-0.0262279 
-0.0258075 
-0.0253843 
-0.0249584 
-0.02453 
-0.0240989 
-0.0236653 
-0.0232291 
-0.0227905 
-0.0223495 
-0.0219061 
-0.0214604 
-0.0210124 
-0.0205622 
-0.0201098 
-0.0196552 
-0.0191985 
-0.0187398 
-0.0182791 
-0.0178164 
-0.0173518 
-0.0168853 
-0.0164169 
-0.0159468 
-0.015475 
-0.0150015 
-0.0145264 
-0.0140496 
-0.0135714 
-0.0130916 
-0.0126104 
-0.0121278 
-0.0116438 
-0.0111586 
-0.0106721 
-0.0101844 
-0.00969551 
-0.00920555 
-0.00871453 
-0.00822252 
-0.00772954 
-0.00723566 
-0.00674092 
-0.00624538 
-0.00574908 
-0.00525207 
-0.0047544 
-0.00425613 
-0.00375729 
-0.00325796 
-0.00275816 
-0.00225796 
-0.00175739 
-0.00125653 
-0.000755403 
-0.000254073 
0.000247413 
0.000749004 
0.00125065 
0.0017523 
0.00225391 
0.00275542 
0.00325678 
0.00375795 
0.00425887 
0.00475949 
0.00525976 
0.00575964 
0.00625907 
0.006758 
0.00725638 
0.00775417 
0.00825131 
0.00874774 
0.00924343 
0.00973833 
0.0102324 
0.0107255 
0.0112177 
0.0117089 
0.0121991 
0.0126882 
0.0131761 
0.0136628 
0.0141483 
0.0146325 
0.0151154 
0.0155968 
0.0160769 
0.0165554 
0.0170325 
0.0175079 
0.0179817 
0.0184539 
0.0189243 
0.0193929 
0.0198598 
0.0203247 
0.0207878 
0.0212489 
0.021708 
0.022165 
0.02262 
0.0230728 
0.0235235 
0.0239719 
0.024418 
0.0248618 
0.0253032 
0.0257423 
0.0261788 
0.0266129 
0.0270445 
0.0274734 
0.0278998 
0.0283234 
0.0287444 
0.0291626 
0.029578 
0.0299905 
0.0304002 
0.030807 
0.0312108 
0.0316116 
0.0320093 
0.032404 
0.0327956 
0.0331839 
0.0335691 
0.0339511 
0.0343298 
0.0347052 
0.0350772 
0.0354458 
0.035811 
0.0361727 
0.036531 
0.0368857 
0.0372368 
0.0375844 
0.0379283 
0.0382685 
0.038605 
0.0389378 
0.0392668 
0.0395919 
0.0399133 
0.0402308 
0.0405443 
0.040854 
0.0411596 
0.0414613 
0.0417589 
0.0420525 
0.042342 
0.0426274 
0.0429087 
0.0431857 
0.0434586 
0.0437272 
0.0439916 
0.0442517 
0.0445075 
0.044759 
0.0450061 
0.0452489 
0.0454872 
0.0457211 
0.0459505 
0.0461755 
0.046396 
0.0466119 
0.0468233 
0.0470302 
0.0472324 
0.0474301 
0.0476231 
0.0478115 
0.0479953 
0.0481743 
0.0483487 
0.0485183 
0.0486832 
0.0488434 
0.0489988 
0.0491494 
0.0492953 
0.0494363 
0.0495725 
0.0497038 
0.0498303 
0.049952 
0.0500688 
0.0501807 
0.0502877 
0.0503898 
0.0504869 
0.0505792 
0.0506665 
0.0507489 
0.0508263 
0.0508987 
0.0509662 
0.0510287 
0.0510863 
0.0511388 
0.0511864 
0.051229 
0.0512665 
0.0512991 
0.0513266 
0.0513492 
0.0513667 
0.0513793 
0.0513868 
0.0513893 
0.0513867 
0.0513792 
0.0513667 
0.0513491 
0.0513266 
0.051299 
0.0512664 
0.0512288 
0.0511863 
0.0511387 
0.0510862 
0.0510286 
0.0509661 
0.0508986 
0.0508262 
0.0507488 
0.0506665 
0.0505792 
0.050487 
0.0503898 
0.0502878 
0.0501808 
0.050069 
0.0499523 
0.0498307 
0.0497043 
0.049573 
0.0494369 
0.049296 
0.0491503 
0.0489997 
0.0488445 
0.0486844 
0.0485197 
0.0483502 
0.048176 
0.0479971 
0.0478136 
0.0476253 
0.0474325 
0.0472351 
0.047033 
0.0468264 
0.0466153 
0.0463996 
0.0461794 
0.0459547 
0.0457255 
0.0454919 
0.0452539 
0.0450115 
0.0447648 
0.0445137 
0.0442582 
0.0439985 
0.0437345 
0.0434663 
0.0431938 
0.0429172 
0.0426364 
0.0423515 
0.0420625 
0.0417694 
0.0414723 
0.0411711 
0.040866 
0.0405569 
0.0402439 
0.039927 
0.0396063 
0.0392817 
0.0389533 
0.0386212 
0.0382854 
0.0379458 
0.0376026 
0.0372558 
0.0369054 
0.0365514 
0.0361939 
0.0358329 
0.0354685 
0.0351007 
0.0347295 
0.0343549 
0.0339771 
0.033596 
0.0332117 
0.0328242 
0.0324335 
0.0320398 
0.031643 
0.0312431 
0.0308403 
0.0304345 
0.0300258 
0.0296143 
0.0291999 
0.0287828 
0.0283629 
0.0279403 
0.027515 
0.0270872 
0.0266567 
0.0262238 
0.0257884 
0.0253505 
0.0249102 
0.0244676 
0.0240227 
0.0235755 
0.0231261 
0.0226745 
0.0222208 
0.021765 
0.0213072 
0.0208473 
0.0203856 
0.0199219 
0.0194564 
0.0189891 
0.01852 
0.0180493 
0.0175768 
0.0171028 
0.0166271 
0.01615 
0.0156713 
0.0151913 
0.0147099 
0.0142271 
0.0137431 
0.0132578 
0.0127714 
0.0122838 
0.0117951 
0.0113054 
0.0108147 
0.0103231 
0.00983053 
0.00933716 
0.008843 
0.00834811 
0.00785252 
0.00735629 
0.00685946 
0.0063621 
0.00586424 
0.00536594 
0.00486725 
0.00436821 
0.00386888 
0.00336931 
0.00286954 
0.00236964 
0.00186964 
0.00136959 
0.000869561 
0.000369582 
-0.000130285 
-0.000629998 
-0.0011295 
-0.00162875 
-0.00212768 
-0.00262626 
-0.00312443 
-0.00362215 
-0.00411935 
-0.004616 
-0.00511204 
-0.00560743 
-0.00610211 
-0.00659603 
-0.00708915 
-0.00758141 
-0.00807276 
-0.00856317 
-0.00905257 
-0.00954092 
-0.0100282 
-0.0105143 
-0.0109992 
-0.0114828 
-0.0119652 
-0.0124462 
-0.0129258 
-0.013404 
-0.0138807 
-0.0143559 
-0.0148295 
-0.0153014 
-0.0157717 
-0.0162402 
-0.016707 
-0.017172 
-0.017635 
-0.0180962 
-0.0185555 
-0.0190127 
-0.0194678 
-0.0199209 
-0.0203719 
-0.0208206 
-0.0212671 
-0.0217114 
-0.0221533 
-0.0225929 
-0.02303 
-0.0234647 
-0.0238969 
-0.0243266 
-0.0247537 
-0.0251782 
-0.0256 
-0.026019 
-0.0264354 
-0.0268489 
-0.0272596 
-0.0276675 
-0.0280724 
-0.0284744 
-0.0288733 
-0.0292693 
-0.0296621 
-0.0300519 
-0.0304384 
-0.0308218 
-0.031202 
-0.0315789 
-0.0319525 
-0.0323227 
-0.0326896 
-0.033053 
-0.033413 
-0.0337695 
-0.0341224 
-0.0344718 
-0.0348176 
-0.0351598 
-0.0354983 
-0.0358331 
-0.0361642 
-0.0364915 
-0.036815 
-0.0371347 
-0.0374505 
-0.0377624 
-0.0380704 
-0.0383745 
-0.0386745 
-0.0389705 
-0.0392625 
-0.0395504 
-0.0398342 
-0.0401139 
-0.0403894 
-0.0406607 
-0.0409278 
-0.0411907 
-0.0414493 
-0.0417035 
-0.0419535 
-0.0421991 
-0.0424404 
-0.0426773 
-0.0429097 
-0.0431377 
-0.0433613 
-0.0435803 
-0.0437948 
-0.0440049 
-0.0442103 
-0.0444112 
-0.0446075 
-0.0447992 
-0.0449863 
-0.0451687 
-0.0453464 
-0.0455195 
-0.0456879 
-0.0458515 
-0.0460104 
-0.0461646 
-0.0463139 
-0.0464585 
-0.0465984 
-0.0467334 
-0.0468635 
-0.0469889 
-0.0471094 
-0.047225 
-0.0473358 
-0.0474416 
-0.0475426 
-0.0476387 
-0.0477299 
-0.0478161 
-0.0478974 
-0.0479738 
-0.0480452 
-0.0481117 
-0.0481732 
-0.0482298 
-0.0482814 
-0.048328 
-0.0483696 
-0.0484062 
-0.0484378 
-0.0484645 
-0.0484862 
-0.0485028 
-0.0485145 
-0.0485211 
-0.0485228 
-0.0485195 
-0.0485111 
-0.0484978 
-0.0484794 
-0.0484561 
-0.0484278 
-0.0483945 
-0.0483561 
-0.0483129 
-0.0482646 
-0.0482113 
-0.0481531 
-0.04809 
-0.0480218 
-0.0479488 
-0.0478707 
-0.0477878 
-0.0476999 
-0.0476071 
-0.0475094 
-0.0474068 
-0.0472993 
-0.0471869 
-0.0470697 
-0.0469476 
-0.0468207 
-0.0466889 
-0.0465524 
-0.046411 
-0.0462648 
-0.0461139 
-0.0459582 
-0.0457978 
-0.0456326 
-0.0454628 
-0.0452882 
-0.045109 
-0.0449251 
-0.0447366 
-0.0445434 
-0.0443457 
-0.0441434 
-0.0439365 
-0.0437251 
-0.0435091 
-0.0432887 
-0.0430638 
-0.0428344 
-0.0426007 
-0.0423625 
-0.0421199 
-0.041873 
-0.0416217 
-0.0413662 
-0.0411063 
-0.0408422 
-0.0405739 
-0.0403014 
-0.0400247 
-0.0397438 
-0.0394589 
-0.0391698 
-0.0388767 
-0.0385796 
-0.0382784 
-0.0379733 
-0.0376643 
-0.0373513 
-0.0370345 
-0.0367138 
-0.0363893 
-0.036061 
-0.035729 
-0.0353932 
-0.0350538 
-0.0347107 
-0.034364 
-0.0340138 
-0.03366 
-0.0333026 
-0.0329419 
-0.0325776 
-0.03221 
-0.031839 
-0.0314647 
-0.0310871 
-0.0307063 
-0.0303222 
-0.029935 
-0.0295446 
-0.0291511 
-0.0287546 
-0.0283551 
-0.0279526 
-0.0275471 
-0.0271388 
-0.0267276 
-0.0263135 
-0.0258968 
-0.0254772 
-0.025055 
-0.0246302 
-0.0242027 
-0.0237727 
-0.0233402 
-0.0229052 
-0.0224677 
-0.0220279 
-0.0215857 
-0.0211412 
-0.0206945 
-0.0202456 
-0.0197945 
-0.0193413 
-0.018886 
-0.0184287 
-0.0179694 
-0.0175081 
-0.017045 
-0.01658 
-0.0161132 
-0.0156447 
-0.0151745 
-0.0147026 
-0.0142291 
-0.013754 
-0.0132774 
-0.0127994 
-0.0123199 
-0.0118391 
-0.0113569 
-0.0108735 
-0.0103888 
-0.00990294 
-0.00941596 
-0.0089279 
-0.00843881 
-0.00794872 
-0.00745772 
-0.00696581 
-0.00647308 
-0.00597955 
-0.00548529 
-0.00499033 
-0.00449475 
-0.00399856 
-0.00350184 
-0.00300462 
-0.00250698 
-0.00200892 
-0.00151054 
-0.00101186 
-0.000512939 
-1.3819e-05 
0.000485432 
0.000984787 
0.00148417 
0.00198356 
0.00248289 
0.00298211 
0.00348117 
0.00398003 
0.00447863 
0.00497693 
0.00547486 
0.0059724 
0.00646947 
0.00696605 
0.00746206 
0.00795748 
0.00845223 
0.00894629 
0.00943959 
0.0099321 
0.0104237 
0.0109145 
0.0114043 
0.0118931 
0.0123809 
0.0128675 
0.013353 
0.0138374 
0.0143204 
0.0148023 
0.0152827 
0.0157618 
0.0162394 
0.0167156 
0.0171902 
0.0176633 
0.0181347 
0.0186045 
0.0190725 
0.0195388 
0.0200033 
0.0204659 
0.0209266 
0.0213854 
0.0218421 
0.0222969 
0.0227495 
0.0232 
0.0236484 
0.0240945 
0.0245384 
0.0249799 
0.0254191 
0.0258559 
0.0262903 
0.0267221 
0.0271515 
0.0275783 
0.0280024 
0.0284239 
0.0288427 
0.0292588 
0.0296721 
0.0300826 
0.0304902 
0.0308949 
0.0312967 
0.0316955 
0.0320912 
0.0324839 
0.0328735 
0.03326 
0.0336432 
0.0340233 
0.0344001 
0.0347736 
0.0351438 
0.0355106 
0.035874 
0.036234 
0.0365905 
0.0369434 
0.0372929 
0.0376387 
0.0379809 
0.0383195 
0.0386544 
0.0389856 
0.039313 
0.0396367 
0.0399565 
0.0402725 
0.0405846 
0.0408928 
0.041197 
0.0414973 
0.0417936 
0.0420859 
0.042374 
0.0426581 
0.0429381 
0.043214 
0.0434856 
0.0437531 
0.0440163 
0.0442753 
0.04453 
0.0447804 
0.0450265 
0.0452682 
0.0455055 
0.0457385 
0.045967 
0.046191 
0.0464106 
0.0466257 
0.0468363 
0.0470424 
0.0472439 
0.0474408 
0.0476331 
0.0478208 
0.0480039 
0.0481823 
0.0483561 
0.0485252 
0.0486895 
0.0488492 
0.0490041 
0.0491542 
0.0492996 
0.0494402 
0.049576 
0.0497071 
0.0498332 
0.0499546 
0.0500711 
0.0501827 
0.0502895 
0.0503914 
0.0504884 
0.0505805 
0.0506677 
0.05075 
0.0508273 
0.0508997 
0.0509672 
0.0510297 
0.0510873 
0.0511399 
0.0511875 
0.0512302 
0.0512679 
0.0513006 
0.0513283 
0.0513511 
0.0513688 
0.0513816 
0.0513894 
0.0513922 
0.05139 
0.0513828 
0.0513706 
0.0513534 
0.0513313 
0.0513041 
0.051272 
0.0512349 
0.0511928 
0.0511457 
0.0510937 
0.0510367 
0.0509747 
0.0509078 
0.050836 
0.0507592 
0.0506775 
0.0505908 
0.0504993 
0.0504028 
0.0503015 
0.0501952 
0.0500841 
0.0499681 
0.0498473 
0.0497216 
0.0495912 
0.0494558 
0.0493157 
0.0491708 
0.0490212 
0.0488667 
0.0487076 
0.0485437 
0.0483751 
0.0482018 
0.0480238 
0.0478412 
0.0476539 
0.047462 
0.0472655 
0.0470644 
0.0468588 
0.0466486 
0.0464339 
0.0462147 
0.045991 
0.0457628 
0.0455302 
0.0452932 
0.0450519 
0.0448061 
0.044556 
0.0443016 
0.0440429 
0.04378 
0.0435128 
0.0432414 
0.0429658 
0.0426861 
0.0424022 
0.0421143 
0.0418222 
0.0415262 
0.0412261 
0.040922 
0.040614 
0.040302 
0.0399862 
0.0396665 
0.039343 
0.0390157 
0.0386846 
0.0383498 
0.0380113 
0.0376691 
0.0373233 
0.0369739 
0.036621 
0.0362645 
0.0359045 
0.0355411 
0.0351743 
0.0348041 
0.0344305 
0.0340537 
0.0336735 
0.0332902 
0.0329036 
0.0325139 
0.0321211 
0.0317252 
0.0313263 
0.0309244 
0.0305195 
0.0301117 
0.029701 
0.0292875 
0.0288712 
0.0284522 
0.0280304 
0.027606 
0.0271789 
0.0267493 
0.0263171 
0.0258825 
0.0254453 
0.0250058 
0.0245639 
0.0241197 
0.0236732 
0.0232244 
0.0227735 
0.0223205 
0.0218653 
0.0214081 
0.0209489 
0.0204877 
0.0200246 
0.0195596 
0.0190928 
0.0186243 
0.018154 
0.017682 
0.0172084 
0.0167332 
0.0162564 
0.0157782 
0.0152985 
0.0148174 
0.014335 
0.0138513 
0.0133663 
0.0128801 
0.0123928 
0.0119043 
0.0114148 
0.0109243 
0.0104328 
0.0099404 
0.00944715 
0.00895308 
0.00845824 
0.00796269 
0.00746648 
0.00696964 
0.00647225 
0.00597433 
0.00547595 
0.00497715 
0.00447799 
0.0039785 
0.00347875 
0.00297878 
0.00247864 
0.00197838 
0.00147806 
0.000977716 
0.000477404 
-2.28268e-05 
-0.000522926 
-0.00102284 
-0.00152253 
-0.00202194 
-0.00252101 
-0.00301971 
-0.00351797 
-0.00401575 
-0.00451301 
-0.00500968 
-0.00550572 
-0.00600109 
-0.00649573 
-0.00698959 
-0.00748263 
-0.00797478 
-0.00846602 
-0.00895628 
-0.00944552 
-0.00993368 
-0.0104207 
-0.0109066 
-0.0113913 
-0.0118747 
-0.0123567 
-0.0128374 
-0.0133168 
-0.0137946 
-0.0142709 
-0.0147457 
-0.0152189 
-0.0156905 
-0.0161603 
-0.0166284 
-0.0170947 
-0.0175592 
-0.0180218 
-0.0184825 
-0.0189412 
-0.0193979 
-0.0198525 
-0.020305 
-0.0207553 
-0.0212035 
-0.0216494 
-0.022093 
-0.0225343 
-0.0229732 
-0.0234097 
-0.0238437 
-0.0242752 
-0.0247042 
-0.0251305 
-0.0255543 
-0.0259753 
-0.0263936 
-0.0268092 
-0.027222 
-0.0276319 
-0.0280389 
-0.028443 
-0.0288442 
-0.0292423 
-0.0296374 
-0.0300294 
-0.0304183 
-0.030804 
-0.0311865 
-0.0315657 
-0.0319417 
-0.0323144 
-0.0326837 
-0.0330497 
-0.0334122 
-0.0337712 
-0.0341268 
-0.0344788 
-0.0348272 
-0.0351721 
-0.0355133 
-0.0358508 
-0.0361846 
-0.0365147 
-0.0368411 
-0.0371636 
-0.0374823 
-0.0377971 
-0.038108 
-0.038415 
-0.038718 
-0.039017 
-0.039312 
-0.039603 
-0.0398899 
-0.0401727 
-0.0404513 
-0.0407258 
-0.0409961 
-0.0412622 
-0.041524 
-0.0417816 
-0.0420348 
-0.0422838 
-0.0425284 
-0.0427686 
-0.0430044 
-0.0432358 
-0.0434628 
-0.0436853 
-0.0439034 
-0.0441169 
-0.0443259 
-0.0445303 
-0.0447302 
-0.0449255 
-0.0451162 
-0.0453023 
-0.0454837 
-0.0456604 
-0.0458325 
-0.0459999 
-0.0461625 
-0.0463205 
-0.0464736 
-0.0466221 
-0.0467657 
-0.0469045 
-0.0470386 
-0.0471678 
-0.0472922 
-0.0474118 
-0.0475265 
-0.0476363 
-0.0477413 
-0.0478414 
-0.0479366 
-0.0480268 
-0.0481122 
-0.0481926 
-0.0482681 
-0.0483387 
-0.0484043 
-0.048465 
-0.0485207 
-0.0485714 
-0.0486172 
-0.048658 
-0.0486938 
-0.0487247 
-0.0487505 
-0.0487714 
-0.0487873 
-0.0487982 
-0.0488041 
-0.048805 
-0.048801 
-0.0487919 
-0.0487779 
-0.0487588 
-0.0487348 
-0.0487058 
-0.0486718 
-0.0486329 
-0.0485889 
-0.04854 
-0.0484862 
-0.0484273 
-0.0483636 
-0.0482948 
-0.0482212 
-0.0481426 
-0.0480591 
-0.0479707 
-0.0478773 
-0.0477791 
-0.047676 
-0.047568 
-0.0474551 
-0.0473374 
-0.0472149 
-0.0470875 
-0.0469553 
-0.0468183 
-0.0466765 
-0.04653 
-0.0463786 
-0.0462226 
-0.0460618 
-0.0458963 
-0.045726 
-0.0455512 
-0.0453716 
-0.0451874 
-0.0449986 
-0.0448052 
-0.0446071 
-0.0444046 
-0.0441974 
-0.0439858 
-0.0437696 
-0.043549 
-0.0433239 
-0.0430943 
-0.0428604 
-0.042622 
-0.0423793 
-0.0421322 
-0.0418808 
-0.0416251 
-0.0413652 
-0.041101 
-0.0408326 
-0.04056 
-0.0402832 
-0.0400023 
-0.0397173 
-0.0394282 
-0.0391351 
-0.0388379 
-0.0385368 
-0.0382317 
-0.0379227 
-0.0376097 
-0.0372929 
-0.0369723 
-0.0366479 
-0.0363196 
-0.0359877 
-0.035652 
-0.0353127 
-0.0349698 
-0.0346232 
-0.034273 
-0.0339194 
-0.0335622 
-0.0332016 
-0.0328375 
-0.0324701 
-0.0320993 
-0.0317251 
-0.0313477 
-0.0309671 
-0.0305832 
-0.0301962 
-0.0298061 
-0.0294129 
-0.0290166 
-0.0286173 
-0.028215 
-0.0278099 
-0.0274018 
-0.0269909 
-0.0265771 
-0.0261606 
-0.0257414 
-0.0253195 
-0.024895 
-0.0244678 
-0.0240381 
-0.0236059 
-0.0231713 
-0.0227342 
-0.0222947 
-0.0218529 
-0.0214087 
-0.0209624 
-0.0205138 
-0.0200631 
-0.0196102 
-0.0191553 
-0.0186984 
-0.0182395 
-0.0177786 
-0.0173159 
-0.0168513 
-0.0163849 
-0.0159168 
-0.015447 
-0.0149755 
-0.0145024 
-0.0140277 
-0.0135516 
-0.0130739 
-0.0125949 
-0.0121145 
-0.0116327 
-0.0111497 
-0.0106655 
-0.0101801 
-0.00969351 
-0.00920588 
-0.00871722 
-0.00822758 
-0.007737 
-0.00724554 
-0.00675323 
-0.00626015 
-0.00576632 
-0.00527181 
-0.00477665 
-0.00428091 
-0.00378462 
-0.00328785 
-0.00279063 
-0.00229302 
-0.00179507 
-0.00129682 
-0.000798333 
-0.000299654 
0.000199172 
0.000698089 
0.00119705 
0.00169601 
0.00219491 
0.0026937 
0.00319234 
0.00369078 
0.00418896 
0.00468683 
0.00518435 
0.00568147 
0.00617813 
0.00667429 
0.0071699 
0.00766491 
0.00815926 
0.00865292 
0.00914582 
0.00963793 
0.0101292 
0.0106195 
0.011109 
0.0115974 
0.0120847 
0.012571 
0.0130562 
0.0135401 
0.0140228 
0.0145043 
0.0149844 
0.0154631 
0.0159403 
0.0164161 
0.0168904 
0.0173631 
0.0178342 
0.0183036 
0.0187713 
0.0192373 
0.0197014 
0.0201637 
0.0206241 
0.0210825 
0.021539 
0.0219934 
0.0224457 
0.0228959 
0.023344 
0.0237898 
0.0242334 
0.0246746 
0.0251135 
0.02555 
0.0259841 
0.0264157 
0.0268447 
0.0272712 
0.0276951 
0.0281164 
0.0285349 
0.0289507 
0.0293637 
0.029774 
0.0301813 
0.0305858 
0.0309873 
0.0313858 
0.0317813 
0.0321738 
0.0325631 
0.0329494 
0.0333324 
0.0337122 
0.0340888 
0.0344621 
0.034832 
0.0351986 
0.0355618 
0.0359216 
0.0362778 
0.0366306 
0.0369798 
0.0373255 
0.0376675 
0.0380059 
0.0383406 
0.0386715 
0.0389988 
0.0393222 
0.0396419 
0.0399577 
0.0402696 
0.0405776 
0.0408816 
0.0411817 
0.0414778 
0.0417699 
0.0420579 
0.0423418 
0.0426216 
0.0428973 
0.0431688 
0.043436 
0.0436991 
0.0439579 
0.0442125 
0.0444627 
0.0447086 
0.0449501 
0.0451873 
0.0454201 
0.0456484 
0.0458723 
0.0460917 
0.0463067 
0.0465171 
0.046723 
0.0469243 
0.0471211 
0.0473132 
0.0475008 
0.0476837 
0.0478619 
0.0480355 
0.0482044 
0.0483686 
0.0485281 
0.0486829 
0.0488329 
0.0489781 
0.0491185 
0.0492542 
0.049385 
0.049511 
0.0496322 
0.0497486 
0.04986 
0.0499667 
0.0500684 
0.0501652 
0.0502572 
0.0503442 
0.0504263 
0.0505035 
0.0505757 
0.050643 
0.0507054 
0.0507628 
0.0508152 
0.0508627 
0.0509052 
0.0509427 
0.0509752 
0.0510028 
0.0510254 
0.051043 
0.0510556 
0.0510632 
0.0510658 
0.0510634 
0.0510561 
0.0510437 
0.0510264 
0.051004 
0.0509767 
0.0509444 
0.0509071 
0.0508648 
0.0508176 
0.0507654 
0.0507082 
0.0506461 
0.050579 
0.050507 
0.05043 
0.0503481 
0.0502613 
0.0501696 
0.050073 
0.0499715 
0.0498651 
0.0497538 
0.0496376 
0.0495166 
0.0493908 
0.0492602 
0.0491247 
0.0489844 
0.0488394 
0.0486895 
0.0485349 
0.0483756 
0.0482116 
0.0480428 
0.0478693 
0.0476912 
0.0475084 
0.047321 
0.047129 
0.0469323 
0.0467311 
0.0465253 
0.046315 
0.0461001 
0.0458808 
0.0456569 
0.0454287 
0.045196 
0.0449588 
0.0447173 
0.0444715 
0.0442213 
0.0439668 
0.043708 
0.0434449 
0.0431776 
0.0429061 
0.0426305 
0.0423506 
0.0420667 
0.0417786 
0.0414865 
0.0411904 
0.0408902 
0.0405861 
0.040278 
0.039966 
0.0396501 
0.0393304 
0.0390068 
0.0386794 
0.0383483 
0.0380135 
0.037675 
0.0373328 
0.036987 
0.0366376 
0.0362846 
0.0359282 
0.0355682 
0.0352048 
0.034838 
0.0344678 
0.0340943 
0.0337175 
0.0333374 
0.0329541 
0.0325677 
0.032178 
0.0317853 
0.0313895 
0.0309906 
0.0305888 
0.0301841 
0.0297764 
0.0293658 
0.0289525 
0.0285363 
0.0281174 
0.0276958 
0.0272715 
0.0268446 
0.0264152 
0.0259832 
0.0255487 
0.0251118 
0.0246725 
0.0242308 
0.0237868 
0.0233406 
0.0228921 
0.0224414 
0.0219887 
0.0215338 
0.0210768 
0.0206179 
0.0201571 
0.0196943 
0.0192296 
0.0187632 
0.018295 
0.0178251 
0.0173534 
0.0168802 
0.0164054 
0.0159291 
0.0154513 
0.014972 
0.0144914 
0.0140094 
0.0135261 
0.0130416 
0.0125559 
0.0120691 
0.0115811 
0.0110921 
0.0106022 
0.0101112 
0.00961939 
0.0091267 
0.00863321 
0.00813897 
0.00764403 
0.00714843 
0.00665223 
0.00615548 
0.00565822 
0.00516051 
0.0046624 
0.00416393 
0.00366515 
0.00316612 
0.00266688 
0.00216749 
0.001668 
0.00116845 
0.000668892 
0.000169381 
-0.000330035 
-0.000829306 
-0.00132838 
-0.00182721 
-0.00232575 
-0.00282394 
-0.00332174 
-0.00381909 
-0.00431595 
-0.00481227 
-0.00530799 
-0.00580307 
-0.00629746 
-0.0067911 
-0.00728395 
-0.00777596 
-0.00826709 
-0.00875727 
-0.00924646 
-0.00973462 
-0.0102217 
-0.0107076 
-0.0111924 
-0.0116759 
-0.0121581 
-0.012639 
-0.0131186 
-0.0135967 
-0.0140733 
-0.0145484 
-0.015022 
-0.0154939 
-0.0159642 
-0.0164328 
-0.0168996 
-0.0173646 
-0.0178277 
-0.018289 
-0.0187483 
-0.0192056 
-0.0196609 
-0.0201141 
-0.0205652 
-0.0210141 
-0.0214608 
-0.0219052 
-0.0223474 
-0.0227871 
-0.0232245 
-0.0236595 
-0.024092 
-0.0245219 
-0.0249493 
-0.0253741 
-0.0257962 
-0.0262156 
-0.0266323 
-0.0270462 
-0.0274573 
-0.0278655 
-0.0282709 
-0.0286733 
-0.0290727 
-0.0294691 
-0.0298624 
-0.0302526 
-0.0306397 
-0.0310236 
-0.0314043 
-0.0317817 
-0.0321558 
-0.0325266 
-0.0328941 
-0.0332581 
-0.0336187 
-0.0339758 
-0.0343294 
-0.0346794 
-0.0350259 
-0.0353687 
-0.0357079 
-0.0360434 
-0.0363752 
-0.0367032 
-0.0370275 
-0.0373479 
-0.0376645 
-0.0379771 
-0.0382859 
-0.0385907 
-0.0388916 
-0.0391884 
-0.0394812 
-0.03977 
-0.0400546 
-0.0403351 
-0.0406115 
-0.0408837 
-0.0411517 
-0.0414154 
-0.0416749 
-0.0419301 
-0.042181 
-0.0424275 
-0.0426697 
-0.0429075 
-0.0431409 
-0.0433699 
-0.0435944 
-0.0438144 
-0.0440299 
-0.0442409 
-0.0444474 
-0.0446493 
-0.0448466 
-0.0450393 
-0.0452274 
-0.0454108 
-0.0455896 
-0.0457637 
-0.0459331 
-0.0460978 
-0.0462577 
-0.0464129 
-0.0465634 
-0.0467091 
-0.04685 
-0.046986 
-0.0471173 
-0.0472437 
-0.0473653 
-0.047482 
-0.0475938 
-0.0477008 
-0.0478029 
-0.0479 
-0.0479923 
-0.0480796 
-0.048162 
-0.0482394 
-0.048312 
-0.0483795 
-0.0484421 
-0.0484997 
-0.0485523 
-0.0486 
-0.0486427 
-0.0486803 
-0.048713 
-0.0487407 
-0.0487634 
-0.0487811 
-0.0487938 
-0.0488015 
-0.0488041 
-0.0488018 
-0.0487945 
-0.0487821 
-0.0487648 
-0.0487424 
-0.0487151 
-0.0486827 
-0.0486453 
-0.048603 
-0.0485557 
-0.0485033 
-0.048446 
-0.0483838 
-0.0483165 
-0.0482443 
-0.0481672 
-0.0480851 
-0.047998 
-0.0479061 
-0.0478092 
-0.0477074 
-0.0476007 
-0.0474891 
-0.0473726 
-0.0472513 
-0.0471251 
-0.0469941 
-0.0468582 
-0.0467175 
-0.046572 
-0.0464217 
-0.0462667 
-0.0461069 
-0.0459423 
-0.045773 
-0.0455991 
-0.0454204 
-0.045237 
-0.045049 
-0.0448563 
-0.0446591 
-0.0444572 
-0.0442507 
-0.0440397 
-0.0438242 
-0.0436041 
-0.0433796 
-0.0431505 
-0.0429171 
-0.0426791 
-0.0424368 
-0.0421901 
-0.0419391 
-0.0416837 
-0.041424 
-0.0411601 
-0.0408919 
-0.0406195 
-0.0403428 
-0.040062 
-0.0397771 
-0.039488 
-0.0391949 
-0.0388977 
-0.0385965 
-0.0382913 
-0.0379821 
-0.037669 
-0.0373519 
-0.037031 
-0.0367063 
-0.0363778 
-0.0360454 
-0.0357094 
-0.0353696 
-0.0350262 
-0.0346791 
-0.0343284 
-0.0339741 
-0.0336164 
-0.0332551 
-0.0328903 
-0.0325221 
-0.0321506 
-0.0317756 
-0.0313974 
-0.0310159 
-0.0306311 
-0.0302432 
-0.029852 
-0.0294578 
-0.0290605 
-0.0286601 
-0.0282567 
-0.0278504 
-0.0274411 
-0.027029 
-0.026614 
-0.0261962 
-0.0257757 
-0.0253524 
-0.0249265 
-0.024498 
-0.0240668 
-0.0236331 
-0.0231969 
-0.0227583 
-0.0223172 
-0.0218738 
-0.0214281 
-0.02098 
-0.0205298 
-0.0200773 
-0.0196227 
-0.019166 
-0.0187073 
-0.0182465 
-0.0177838 
-0.0173191 
-0.0168526 
-0.0163843 
-0.0159142 
-0.0154424 
-0.0149689 
-0.0144937 
-0.014017 
-0.0135388 
-0.013059 
-0.0125778 
-0.0120952 
-0.0116113 
-0.0111261 
-0.0106396 
-0.0101519 
-0.00966311 
-0.00917319 
-0.00868222 
-0.00819025 
-0.00769732 
-0.00720349 
-0.0067088 
-0.00621332 
-0.00571707 
-0.00522013 
-0.00472252 
-0.00422432 
-0.00372555 
-0.00322629 
-0.00272656 
-0.00222644 
-0.00172596 
-0.00122517 
-0.000724134 
-0.000222893 
0.000278504 
0.000780002 
0.00128155 
0.00178311 
0.00228461 
0.00278602 
0.00328728 
0.00378834 
0.00428915 
0.00478966 
0.00528983 
0.00578959 
0.0062889 
0.00678771 
0.00728597 
0.00778363 
0.00828064 
0.00877696 
0.00927252 
0.00976728 
0.0102612 
0.0107542 
0.0112463 
0.0117373 
0.0122274 
0.0127163 
0.0132041 
0.0136906 
0.014176 
0.01466 
0.0151427 
0.0156241 
0.0161039 
0.0165823 
0.0170592 
0.0175345 
0.0180081 
0.0184801 
0.0189504 
0.0194189 
0.0198855 
0.0203503 
0.0208132 
0.0212741 
0.0217331 
0.02219 
0.0226447 
0.0230974 
0.0235478 
0.023996 
0.024442 
0.0248856 
0.0253269 
0.0257657 
0.0262021 
0.026636 
0.0270674 
0.0274961 
0.0279223 
0.0283457 
0.0287665 
0.0291845 
0.0295997 
0.030012 
0.0304215 
0.0308281 
0.0312317 
0.0316323 
0.0320298 
0.0324243 
0.0328157 
0.0332038 
0.0335888 
0.0339706 
0.0343491 
0.0347242 
0.035096 
0.0354644 
0.0358294 
0.036191 
0.036549 
0.0369035 
0.0372544 
0.0376017 
0.0379454 
0.0382854 
0.0386217 
0.0389542 
0.039283 
0.039608 
0.0399291 
0.0402463 
0.0405597 
0.0408691 
0.0411745 
0.041476 
0.0417734 
0.0420668 
0.042356 
0.0426412 
0.0429222 
0.043199 
0.0434717 
0.0437401 
0.0440042 
0.0442641 
0.0445197 
0.0447709 
0.0450178 
0.0452603 
0.0454984 
0.0457321 
0.0459613 
0.046186 
0.0464062 
0.0466219 
0.0468331 
0.0470397 
0.0472417 
0.0474392 
0.047632 
0.0478201 
0.0480036 
0.0481824 
0.0483566 
0.048526 
0.0486906 
0.0488506 
0.0490057 
0.0491561 
0.0493017 
0.0494425 
0.0495784 
0.0497095 
0.0498358 
0.0499572 
0.0500738 
0.0501854 
0.0502922 
0.050394 
0.0504909 
0.0505829 
0.05067 
0.0507521 
0.0508293 
0.0509015 
0.0509688 
0.051031 
0.0510883 
0.0511406 
0.0511879 
0.0512303 
0.0512676 
0.0512999 
0.0513272 
0.0513495 
0.0513668 
0.0513791 
0.0513864 
0.0513886 
0.0513859 
0.0513781 
0.0513653 
0.0513475 
0.0513247 
0.0512969 
0.0512641 
0.0512263 
0.0511835 
0.0511357 
0.0510829 
0.0510251 
0.0509624 
0.0508947 
0.050822 
0.0507444 
0.0506618 
0.0505743 
0.0504818 
0.0503845 
0.0502822 
0.050175 
0.0500629 
0.049946 
0.0498242 
0.0496975 
0.049566 
0.0494297 
0.0492885 
0.0491426 
0.0489919 
0.0488364 
0.0486761 
0.0485111 
0.0483414 
0.048167 
0.0479879 
0.0478041 
0.0476157 
0.0474226 
0.047225 
0.0470227 
0.0468159 
0.0466045 
0.0463886 
0.0461682 
0.0459433 
0.045714 
0.0454802 
0.045242 
0.0449993 
0.0447524 
0.0445011 
0.0442454 
0.0439855 
0.0437213 
0.0434529 
0.0431803 
0.0429034 
0.0426224 
0.0423373 
0.0420481 
0.0417549 
0.0414575 
0.0411562 
0.0408509 
0.0405416 
0.0402284 
0.0399114 
0.0395905 
0.0392657 
0.0389372 
0.0386049 
0.0382688 
0.0379291 
0.0375857 
0.0372388 
0.0368882 
0.036534 
0.0361764 
0.0358152 
0.0354507 
0.0350827 
0.0347113 
0.0343366 
0.0339586 
0.0335774 
0.0331929 
0.0328053 
0.0324145 
0.0320206 
0.0316236 
0.0312236 
0.0308207 
0.0304148 
0.0300059 
0.0295943 
0.0291798 
0.0287625 
0.0283425 
0.0279197 
0.0274944 
0.0270664 
0.0266359 
0.0262028 
0.0257672 
0.0253293 
0.0248889 
0.0244461 
0.0240011 
0.0235538 
0.0231043 
0.0226526 
0.0221988 
0.0217429 
0.021285 
0.0208251 
0.0203633 
0.0198995 
0.0194339 
0.0189665 
0.0184974 
0.0180265 
0.017554 
0.0170799 
0.0166042 
0.0161269 
0.0156483 
0.0151681 
0.0146866 
0.0142038 
0.0137197 
0.0132344 
0.0127479 
0.0122603 
0.0117715 
0.0112818 
0.010791 
0.0102994 
0.00980679 
0.00931338 
0.00881919 
0.00832426 
0.00782864 
0.00733237 
0.00683552 
0.00633813 
0.00584025 
0.00534193 
0.00484321 
0.00434416 
0.00384482 
0.00334523 
0.00284545 
0.00234554 
0.00184553 
0.00134548 
0.000845448 
0.000345469 
-0.000154397 
-0.000654105 
-0.0011536 
-0.00165284 
-0.00215177 
-0.00265033 
-0.00314849 
-0.00364619 
-0.00414337 
-0.00464 
-0.00513602 
-0.00563138 
-0.00612603 
-0.00661992 
-0.00711301 
-0.00760524 
-0.00809656 
-0.00858693 
-0.00907629 
-0.0095646 
-0.0100518 
-0.0105379 
-0.0110227 
-0.0115063 
-0.0119886 
-0.0124696 
-0.0129492 
-0.0134273 
-0.0139039 
-0.014379 
-0.0148525 
-0.0153244 
-0.0157946 
-0.0162631 
-0.0167298 
-0.0171947 
-0.0176577 
-0.0181188 
-0.018578 
-0.0190351 
-0.0194902 
-0.0199432 
-0.020394 
-0.0208427 
-0.0212891 
-0.0217333 
-0.0221751 
-0.0226146 
-0.0230517 
-0.0234863 
-0.0239184 
-0.0243479 
-0.0247749 
-0.0251993 
-0.025621 
-0.02604 
-0.0264562 
-0.0268696 
-0.0272802 
-0.0276879 
-0.0280927 
-0.0284946 
-0.0288934 
-0.0292893 
-0.029682 
-0.0300716 
-0.0304581 
-0.0308413 
-0.0312214 
-0.0315981 
-0.0319716 
-0.0323417 
-0.0327084 
-0.0330717 
-0.0334315 
-0.0337879 
-0.0341407 
-0.03449 
-0.0348356 
-0.0351777 
-0.035516 
-0.0358507 
-0.0361816 
-0.0365088 
-0.0368321 
-0.0371517 
-0.0374673 
-0.0377791 
-0.0380869 
-0.0383908 
-0.0386907 
-0.0389866 
-0.0392784 
-0.0395661 
-0.0398498 
-0.0401293 
-0.0404046 
-0.0406758 
-0.0409427 
-0.0412054 
-0.0414638 
-0.0417179 
-0.0419677 
-0.0422132 
-0.0424543 
-0.042691 
-0.0429232 
-0.0431511 
-0.0433744 
-0.0435933 
-0.0438077 
-0.0440175 
-0.0442228 
-0.0444235 
-0.0446196 
-0.0448111 
-0.044998 
-0.0451802 
-0.0453578 
-0.0455307 
-0.0456989 
-0.0458623 
-0.046021 
-0.046175 
-0.0463242 
-0.0464686 
-0.0466082 
-0.046743 
-0.046873 
-0.0469982 
-0.0471185 
-0.0472339 
-0.0473445 
-0.0474502 
-0.047551 
-0.0476468 
-0.0477378 
-0.0478239 
-0.047905 
-0.0479812 
-0.0480524 
-0.0481187 
-0.04818 
-0.0482363 
-0.0482877 
-0.0483341 
-0.0483755 
-0.048412 
-0.0484434 
-0.0484699 
-0.0484913 
-0.0485078 
-0.0485192 
-0.0485257 
-0.0485271 
-0.0485236 
-0.0485151 
-0.0485015 
-0.048483 
-0.0484594 
-0.0484309 
-0.0483974 
-0.0483589 
-0.0483154 
-0.0482669 
-0.0482135 
-0.048155 
-0.0480917 
-0.0480233 
-0.0479501 
-0.0478718 
-0.0477887 
-0.0477006 
-0.0476076 
-0.0475097 
-0.0474069 
-0.0472992 
-0.0471866 
-0.0470692 
-0.0469469 
-0.0468197 
-0.0466878 
-0.046551 
-0.0464094 
-0.0462631 
-0.046112 
-0.0459561 
-0.0457954 
-0.0456301 
-0.04546 
-0.0452853 
-0.0451058 
-0.0449217 
-0.044733 
-0.0445397 
-0.0443417 
-0.0441392 
-0.0439321 
-0.0437205 
-0.0435044 
-0.0432838 
-0.0430587 
-0.0428291 
-0.0425951 
-0.0423567 
-0.042114 
-0.0418669 
-0.0416154 
-0.0413597 
-0.0410996 
-0.0408353 
-0.0405668 
-0.0402941 
-0.0400172 
-0.0397362 
-0.0394511 
-0.0391618 
-0.0388685 
-0.0385712 
-0.0382699 
-0.0379646 
-0.0376553 
-0.0373422 
-0.0370251 
-0.0367043 
-0.0363796 
-0.0360511 
-0.0357189 
-0.035383 
-0.0350434 
-0.0347001 
-0.0343533 
-0.0340028 
-0.0336489 
-0.0332914 
-0.0329304 
-0.032566 
-0.0321982 
-0.031827 
-0.0314526 
-0.0310748 
-0.0306938 
-0.0303095 
-0.0299221 
-0.0295316 
-0.029138 
-0.0287413 
-0.0283416 
-0.0279389 
-0.0275333 
-0.0271248 
-0.0267134 
-0.0262993 
-0.0258823 
-0.0254626 
-0.0250403 
-0.0246153 
-0.0241877 
-0.0237575 
-0.0233248 
-0.0228896 
-0.0224521 
-0.0220121 
-0.0215698 
-0.0211251 
-0.0206783 
-0.0202292 
-0.019778 
-0.0193246 
-0.0188692 
-0.0184117 
-0.0179523 
-0.0174909 
-0.0170276 
-0.0165625 
-0.0160956 
-0.0156269 
-0.0151566 
-0.0146845 
-0.0142109 
-0.0137357 
-0.013259 
-0.0127808 
-0.0123013 
-0.0118203 
-0.011338 
-0.0108544 
-0.0103697 
-0.00988369 
-0.00939661 
-0.00890843 
-0.00841923 
-0.00792903 
-0.00743792 
-0.0069459 
-0.00645307 
-0.00595943 
-0.00546507 
-0.00497001 
-0.00447433 
-0.00397804 
-0.00348122 
-0.00298391 
-0.00248617 
-0.00198802 
-0.00148955 
-0.000990769 
-0.000491766 
7.4431e-06 
0.000506778 
0.00100622 
0.00150569 
0.00200516 
0.00250456 
0.00300386 
0.003503 
0.00400194 
0.0045006 
0.00499898 
0.00549698 
0.00599459 
0.00649172 
0.00698837 
0.00748444 
0.00797992 
0.00847473 
0.00896885 
0.00946221 
0.00995477 
0.0104465 
0.0109373 
0.0114271 
0.011916 
0.0124038 
0.0128905 
0.013376 
0.0138604 
0.0143435 
0.0148254 
0.0153059 
0.015785 
0.0162626 
0.0167388 
0.0172135 
0.0176866 
0.018158 
0.0186278 
0.0190959 
0.0195622 
0.0200267 
0.0204893 
0.02095 
0.0214088 
0.0218656 
0.0223203 
0.022773 
0.0232235 
0.0236719 
0.024118 
0.0245618 
0.0250034 
0.0254426 
0.0258794 
0.0263137 
0.0267456 
0.0271749 
0.0276017 
0.0280258 
0.0284473 
0.0288661 
0.0292821 
0.0296954 
0.0301059 
0.0305134 
0.0309181 
0.0313198 
0.0317186 
0.0321143 
0.032507 
0.0328965 
0.0332829 
0.0336662 
0.0340462 
0.0344229 
0.0347964 
0.0351665 
0.0355333 
0.0358966 
0.0362565 
0.0366129 
0.0369658 
0.0373152 
0.037661 
0.0380031 
0.0383417 
0.0386765 
0.0390076 
0.0393349 
0.0396585 
0.0399782 
0.0402941 
0.0406061 
0.0409143 
0.0412184 
0.0415186 
0.0418148 
0.0421069 
0.042395 
0.042679 
0.0429589 
0.0432346 
0.0435062 
0.0437735 
0.0440366 
0.0442955 
0.0445501 
0.0448004 
0.0450463 
0.0452879 
0.0455251 
0.0457579 
0.0459863 
0.0462102 
0.0464297 
0.0466447 
0.0468551 
0.047061 
0.0472624 
0.0474591 
0.0476513 
0.0478389 
0.0480218 
0.0482001 
0.0483737 
0.0485426 
0.0487068 
0.0488663 
0.049021 
0.049171 
0.0493163 
0.0494567 
0.0495923 
0.0497232 
0.0498492 
0.0499704 
0.0500867 
0.0501982 
0.0503048 
0.0504065 
0.0505033 
0.0505952 
0.0506822 
0.0507643 
0.0508415 
0.0509137 
0.050981 
0.0510433 
0.0511007 
0.0511531 
0.0512005 
0.051243 
0.0512805 
0.051313 
0.0513405 
0.0513631 
0.0513806 
0.0513932 
0.0514007 
0.0514033 
0.0514009 
0.0513935 
0.0513811 
0.0513637 
0.0513413 
0.051314 
0.0512816 
0.0512443 
0.0512019 
0.0511547 
0.0511024 
0.0510452 
0.050983 
0.0509159 
0.0508438 
0.0507668 
0.0506848 
0.050598 
0.0505062 
0.0504095 
0.0503079 
0.0502015 
0.0500901 
0.0499739 
0.0498529 
0.049727 
0.0495962 
0.0494607 
0.0493204 
0.0491752 
0.0490253 
0.0488707 
0.0487113 
0.0485471 
0.0483783 
0.0482048 
0.0480265 
0.0478437 
0.0476562 
0.047464 
0.0472673 
0.047066 
0.0468601 
0.0466497 
0.0464347 
0.0462153 
0.0459913 
0.045763 
0.0455301 
0.0452929 
0.0450513 
0.0448053 
0.044555 
0.0443004 
0.0440414 
0.0437783 
0.0435108 
0.0432392 
0.0429634 
0.0426835 
0.0423994 
0.0421112 
0.0418189 
0.0415226 
0.0412223 
0.040918 
0.0406097 
0.0402976 
0.0399815 
0.0396616 
0.0393379 
0.0390103 
0.038679 
0.038344 
0.0380053 
0.0376629 
0.0373169 
0.0369673 
0.0366141 
0.0362575 
0.0358973 
0.0355337 
0.0351666 
0.0347962 
0.0344225 
0.0340454 
0.0336651 
0.0332815 
0.0328948 
0.0325049 
0.0321119 
0.0317158 
0.0313167 
0.0309146 
0.0305095 
0.0301015 
0.0296907 
0.029277 
0.0288605 
0.0284413 
0.0280193 
0.0275947 
0.0271675 
0.0267377 
0.0263054 
0.0258705 
0.0254332 
0.0249935 
0.0245515 
0.0241071 
0.0236605 
0.0232116 
0.0227605 
0.0223073 
0.021852 
0.0213946 
0.0209352 
0.0204739 
0.0200107 
0.0195456 
0.0190787 
0.01861 
0.0181395 
0.0176674 
0.0171937 
0.0167184 
0.0162415 
0.0157631 
0.0152833 
0.0148022 
0.0143196 
0.0138358 
0.0133507 
0.0128644 
0.0123769 
0.0118884 
0.0113988 
0.0109082 
0.0104166 
0.00992411 
0.00943076 
0.00893661 
0.00844169 
0.00794606 
0.00744976 
0.00695286 
0.00645538 
0.0059574 
0.00545895 
0.00496008 
0.00446085 
0.0039613 
0.00346149 
0.00296146 
0.00246127 
0.00196096 
0.00146058 
0.000960192 
0.000459834 
-4.04402e-05 
-0.00054058 
-0.00104054 
-0.00154026 
-0.0020397 
-0.00253881 
-0.00303753 
-0.00353582 
-0.00403363 
-0.00453091 
-0.0050276 
-0.00552366 
-0.00601905 
-0.0065137 
-0.00700757 
-0.00750061 
-0.00799278 
-0.00848402 
-0.00897428 
-0.00946352 
-0.00995168 
-0.0104387 
-0.0109246 
-0.0114092 
-0.0118926 
-0.0123747 
-0.0128554 
-0.0133347 
-0.0138125 
-0.0142888 
-0.0147636 
-0.0152368 
-0.0157083 
-0.0161781 
-0.0166462 
-0.0171124 
-0.0175769 
-0.0180394 
-0.0185001 
-0.0189587 
-0.0194154 
-0.0198699 
-0.0203224 
-0.0207727 
-0.0212208 
-0.0216666 
-0.0221102 
-0.0225514 
-0.0229903 
-0.0234267 
-0.0238607 
-0.0242921 
-0.024721 
-0.0251473 
-0.025571 
-0.0259919 
-0.0264102 
-0.0268257 
-0.0272384 
-0.0276482 
-0.0280552 
-0.0284592 
-0.0288602 
-0.0292583 
-0.0296533 
-0.0300452 
-0.030434 
-0.0308196 
-0.031202 
-0.0315812 
-0.0319571 
-0.0323297 
-0.0326989 
-0.0330647 
-0.0334272 
-0.0337861 
-0.0341415 
-0.0344934 
-0.0348418 
-0.0351865 
-0.0355276 
-0.035865 
-0.0361988 
-0.0365287 
-0.0368549 
-0.0371773 
-0.0374959 
-0.0378106 
-0.0381214 
-0.0384283 
-0.0387312 
-0.0390301 
-0.039325 
-0.0396158 
-0.0399026 
-0.0401852 
-0.0404637 
-0.0407381 
-0.0410083 
-0.0412742 
-0.0415359 
-0.0417933 
-0.0420464 
-0.0422953 
-0.0425397 
-0.0427798 
-0.0430155 
-0.0432468 
-0.0434736 
-0.043696 
-0.0439139 
-0.0441273 
-0.0443361 
-0.0445404 
-0.0447402 
-0.0449353 
-0.0451259 
-0.0453118 
-0.045493 
-0.0456696 
-0.0458416 
-0.0460088 
-0.0461713 
-0.0463291 
-0.0464821 
-0.0466304 
-0.0467738 
-0.0469125 
-0.0470464 
-0.0471755 
-0.0472998 
-0.0474192 
-0.0475337 
-0.0476434 
-0.0477482 
-0.0478481 
-0.0479431 
-0.0480332 
-0.0481184 
-0.0481987 
-0.0482741 
-0.0483445 
-0.0484099 
-0.0484704 
-0.048526 
-0.0485766 
-0.0486222 
-0.0486628 
-0.0486985 
-0.0487292 
-0.0487549 
-0.0487756 
-0.0487913 
-0.0488021 
-0.0488078 
-0.0488086 
-0.0488043 
-0.0487951 
-0.0487809 
-0.0487617 
-0.0487375 
-0.0487083 
-0.0486742 
-0.0486351 
-0.048591 
-0.0485419 
-0.0484879 
-0.0484289 
-0.048365 
-0.0482961 
-0.0482223 
-0.0481435 
-0.0480598 
-0.0479712 
-0.0478778 
-0.0477794 
-0.0476761 
-0.0475679 
-0.0474549 
-0.0473371 
-0.0472144 
-0.0470868 
-0.0469545 
-0.0468173 
-0.0466754 
-0.0465286 
-0.0463772 
-0.0462209 
-0.04606 
-0.0458943 
-0.045724 
-0.0455489 
-0.0453692 
-0.0451849 
-0.0449959 
-0.0448023 
-0.0446042 
-0.0444014 
-0.0441941 
-0.0439823 
-0.043766 
-0.0435452 
-0.04332 
-0.0430903 
-0.0428562 
-0.0426177 
-0.0423748 
-0.0421276 
-0.0418761 
-0.0416203 
-0.0413602 
-0.0410959 
-0.0408273 
-0.0405546 
-0.0402777 
-0.0399966 
-0.0397115 
-0.0394223 
-0.039129 
-0.0388318 
-0.0385305 
-0.0382253 
-0.0379161 
-0.037603 
-0.0372861 
-0.0369654 
-0.0366408 
-0.0363125 
-0.0359804 
-0.0356447 
-0.0353052 
-0.0349621 
-0.0346155 
-0.0342652 
-0.0339114 
-0.0335542 
-0.0331934 
-0.0328293 
-0.0324617 
-0.0320908 
-0.0317166 
-0.0313391 
-0.0309584 
-0.0305744 
-0.0301873 
-0.0297971 
-0.0294038 
-0.0290074 
-0.028608 
-0.0282057 
-0.0278004 
-0.0273923 
-0.0269813 
-0.0265675 
-0.0261509 
-0.0257316 
-0.0253096 
-0.024885 
-0.0244578 
-0.024028 
-0.0235958 
-0.023161 
-0.0227239 
-0.0222843 
-0.0218425 
-0.0213983 
-0.0209519 
-0.0205032 
-0.0200525 
-0.0195996 
-0.0191446 
-0.0186876 
-0.0182287 
-0.0177678 
-0.017305 
-0.0168404 
-0.016374 
-0.0159058 
-0.0154359 
-0.0149644 
-0.0144913 
-0.0140166 
-0.0135405 
-0.0130628 
-0.0125837 
