0 
0.000357143 
0.000714285 
0.00107143 
0.00142857 
0.00178571 
0.00214285 
0.00249999 
0.00285713 
0.00321426 
0.0035714 
0.00392853 
0.00428566 
0.00464279 
0.00499992 
0.00535704 
0.00571416 
0.00607128 
0.00642839 
0.00678551 
0.00714261 
0.00749972 
0.00785682 
0.00821392 
0.00857101 
0.0089281 
0.00928518 
0.00964226 
0.00999933 
0.0103564 
0.0107135 
0.0110705 
0.0114276 
0.0117846 
0.0121417 
0.0124987 
0.0128557 
0.0132127 
0.0135698 
0.0139268 
0.0142838 
0.0146408 
0.0149978 
0.0153547 
0.0157117 
0.0160687 
0.0164256 
0.0167826 
0.0171395 
0.0174964 
0.0178533 
0.0182103 
0.0185672 
0.0189241 
0.0192809 
0.0196378 
0.0199947 
0.0203515 
0.0207084 
0.0210652 
0.021422 
0.0217788 
0.0221356 
0.0224924 
0.0228492 
0.0232059 
0.0235627 
0.0239194 
0.0242762 
0.0246329 
0.0249896 
0.0253463 
0.025703 
0.0260596 
0.0264163 
0.0267729 
0.0271295 
0.0274861 
0.0278427 
0.0281993 
0.0285559 
0.0289124 
0.029269 
0.0296255 
0.029982 
0.0303385 
0.030695 
0.0310514 
0.0314079 
0.0317643 
0.0321207 
0.0324771 
0.0328335 
0.0331899 
0.0335462 
0.0339025 
0.0342589 
0.0346151 
0.0349714 
0.0353277 
0.0356839 
0.0360401 
0.0363964 
0.0367525 
0.0371087 
0.0374649 
0.037821 
0.0381771 
0.0385332 
0.0388893 
0.0392453 
0.0396013 
0.0399573 
0.0403133 
0.0406693 
0.0410253 
0.0413812 
0.0417371 
0.042093 
0.0424488 
0.0428047 
0.0431605 
0.0435163 
0.0438721 
0.0442278 
0.0445836 
0.0449393 
0.045295 
0.0456506 
0.0460063 
0.0463619 
0.0467175 
0.047073 
0.0474286 
0.0477841 
0.0481396 
0.0484951 
0.0488505 
0.0492059 
0.0495613 
0.0499167 
0.0502721 
0.0506274 
0.0509827 
0.0513379 
0.0516932 
0.0520484 
0.0524036 
0.0527587 
0.0531139 
0.053469 
0.0538241 
0.0541791 
0.0545342 
0.0548892 
0.0552441 
0.0555991 
0.055954 
0.0563089 
0.0566637 
0.0570185 
0.0573733 
0.0577281 
0.0580829 
0.0584376 
0.0587922 
0.0591469 
0.0595015 
0.0598561 
0.0602107 
0.0605652 
0.0609197 
0.0612742 
0.0616286 
0.061983 
0.0623374 
0.0626917 
0.063046 
0.0634003 
0.0637545 
0.0641087 
0.0644629 
0.0648171 
0.0651712 
0.0655253 
0.0658793 
0.0662333 
0.0665873 
0.0669412 
0.0672952 
0.067649 
0.0680029 
0.0683567 
0.0687105 
0.0690642 
0.0694179 
0.0697716 
0.0701252 
0.0704788 
0.0708323 
0.0711859 
0.0715394 
0.0718928 
0.0722462 
0.0725996 
0.0729529 
0.0733062 
0.0736595 
0.0740127 
0.0743659 
0.0747191 
0.0750722 
0.0754253 
0.0757783 
0.0761313 
0.0764842 
0.0768372 
0.07719 
0.0775429 
0.0778957 
0.0782485 
0.0786012 
0.0789539 
0.0793065 
0.0796591 
0.0800117 
0.0803642 
0.0807167 
0.0810691 
0.0814215 
0.0817739 
0.0821262 
0.0824784 
0.0828307 
0.0831829 
0.083535 
0.0838871 
0.0842392 
0.0845912 
0.0849431 
0.0852951 
0.085647 
0.0859988 
0.0863506 
0.0867024 
0.0870541 
0.0874057 
0.0877574 
0.0881089 
0.0884605 
0.088812 
0.0891634 
0.0895148 
0.0898661 
0.0902174 
0.0905687 
0.0909199 
0.0912711 
0.0916222 
0.0919733 
0.0923243 
0.0926753 
0.0930262 
0.0933771 
0.0937279 
0.0940787 
0.0944294 
0.0947801 
0.0951308 
0.0954814 
0.0958319 
0.0961824 
0.0965329 
0.0968833 
0.0972336 
0.0975839 
0.0979342 
0.0982844 
0.0986345 
0.0989846 
0.0993347 
0.0996847 
0.100035 
0.100385 
0.100734 
0.101084 
0.101434 
0.101784 
0.102133 
0.102483 
0.102832 
0.103182 
0.103531 
0.103881 
0.10423 
0.104579 
0.104928 
0.105278 
0.105627 
0.105976 
0.106325 
0.106674 
0.107023 
0.107371 
0.10772 
0.108069 
0.108418 
0.108766 
0.109115 
0.109463 
0.109812 
0.11016 
0.110509 
0.110857 
0.111205 
0.111553 
0.111901 
0.112249 
0.112597 
0.112945 
0.113293 
0.113641 
0.113989 
0.114336 
0.114684 
0.115032 
0.115379 
0.115727 
0.116074 
0.116421 
0.116769 
0.117116 
0.117463 
0.11781 
0.118157 
0.118504 
0.118851 
0.119198 
0.119545 
0.119892 
0.120238 
0.120585 
0.120932 
0.121278 
0.121625 
0.121971 
0.122317 
0.122664 
0.12301 
0.123356 
0.123702 
0.124048 
0.124394 
0.12474 
0.125086 
0.125431 
0.125777 
0.126123 
0.126468 
0.126814 
0.127159 
0.127505 
0.12785 
0.128195 
0.12854 
0.128885 
0.12923 
0.129575 
0.12992 
0.130265 
0.13061 
0.130955 
0.131299 
0.131644 
0.131988 
0.132333 
0.132677 
0.133021 
0.133366 
0.13371 
0.134054 
0.134398 
0.134742 
0.135086 
0.13543 
0.135773 
0.136117 
0.136461 
0.136804 
0.137148 
0.137491 
0.137835 
0.138178 
0.138521 
0.138864 
0.139207 
0.13955 
0.139893 
0.140236 
0.140579 
0.140921 
0.141264 
0.141607 
0.141949 
0.142292 
0.142634 
0.142976 
0.143318 
0.14366 
0.144002 
0.144344 
0.144686 
0.145028 
0.14537 
0.145712 
0.146053 
0.146395 
0.146736 
0.147078 
0.147419 
0.14776 
0.148101 
0.148442 
0.148783 
0.149124 
0.149465 
0.149806 
0.150147 
0.150487 
0.150828 
0.151168 
0.151509 
0.151849 
0.152189 
0.152529 
0.152869 
0.153209 
0.153549 
0.153889 
0.154229 
0.154569 
0.154908 
0.155248 
0.155587 
0.155927 
0.156266 
0.156605 
0.156944 
0.157283 
0.157622 
0.157961 
0.1583 
0.158639 
0.158977 
0.159316 
0.159654 
0.159993 
0.160331 
0.160669 
0.161008 
0.161346 
0.161684 
0.162022 
0.162359 
0.162697 
0.163035 
0.163372 
0.16371 
0.164047 
0.164385 
0.164722 
0.165059 
0.165396 
0.165733 
0.16607 
0.166407 
0.166744 
0.16708 
0.167417 
0.167753 
0.16809 
0.168426 
0.168762 
0.169098 
0.169434 
0.16977 
0.170106 
0.170442 
0.170778 
0.171113 
0.171449 
0.171784 
0.17212 
0.172455 
0.17279 
0.173125 
0.17346 
0.173795 
0.17413 
0.174465 
0.174799 
0.175134 
0.175468 
0.175803 
0.176137 
0.176471 
0.176805 
0.177139 
0.177473 
0.177807 
0.178141 
0.178475 
0.178808 
0.179142 
0.179475 
0.179808 
0.180142 
0.180475 
0.180808 
0.181141 
0.181473 
0.181806 
0.182139 
0.182471 
0.182804 
0.183136 
0.183469 
0.183801 
0.184133 
0.184465 
0.184797 
0.185129 
0.18546 
0.185792 
0.186123 
0.186455 
0.186786 
0.187117 
0.187449 
0.18778 
0.188111 
0.188441 
0.188772 
0.189103 
0.189433 
0.189764 
0.190094 
0.190424 
0.190755 
0.191085 
0.191415 
0.191745 
0.192074 
0.192404 
0.192734 
0.193063 
0.193393 
0.193722 
0.194051 
0.19438 
0.194709 
0.195038 
0.195367 
0.195696 
0.196024 
0.196353 
0.196681 
0.197009 
0.197338 
0.197666 
0.197994 
0.198322 
0.198649 
0.198977 
0.199305 
0.199632 
0.19996 
0.200287 
0.200614 
0.200941 
0.201268 
0.201595 
0.201922 
0.202248 
0.202575 
0.202901 
0.203228 
0.203554 
0.20388 
0.204206 
0.204532 
0.204858 
0.205184 
0.205509 
0.205835 
0.20616 
0.206486 
0.206811 
0.207136 
0.207461 
0.207786 
0.208111 
0.208435 
0.20876 
0.209084 
0.209409 
0.209733 
0.210057 
0.210381 
0.210705 
0.211029 
0.211353 
0.211676 
0.212 
0.212323 
0.212647 
0.21297 
0.213293 
0.213616 
0.213939 
0.214261 
0.214584 
0.214907 
0.215229 
0.215551 
0.215873 
0.216196 
0.216518 
0.216839 
0.217161 
0.217483 
0.217804 
0.218126 
0.218447 
0.218768 
0.219089 
0.21941 
0.219731 
0.220052 
0.220373 
0.220693 
0.221013 
0.221334 
0.221654 
0.221974 
0.222294 
0.222614 
0.222934 
0.223253 
0.223573 
0.223892 
0.224211 
0.224531 
0.22485 
0.225169 
0.225487 
0.225806 
0.226125 
0.226443 
0.226762 
0.22708 
0.227398 
0.227716 
0.228034 
0.228352 
0.228669 
0.228987 
0.229304 
0.229622 
0.229939 
0.230256 
0.230573 
0.23089 
0.231206 
0.231523 
0.231839 
0.232156 
0.232472 
0.232788 
0.233104 
0.23342 
0.233736 
0.234052 
0.234367 
0.234682 
0.234998 
0.235313 
0.235628 
0.235943 
0.236258 
0.236572 
0.236887 
0.237201 
0.237516 
0.23783 
0.238144 
0.238458 
0.238772 
0.239086 
0.239399 
0.239713 
0.240026 
0.240339 
0.240652 
0.240965 
0.241278 
0.241591 
0.241904 
0.242216 
0.242529 
0.242841 
0.243153 
0.243465 
0.243777 
0.244089 
0.2444 
0.244712 
0.245023 
0.245334 
0.245646 
0.245957 
0.246267 
0.246578 
0.246889 
0.247199 
0.24751 
0.24782 
0.24813 
0.24844 
0.24875 
0.24906 
0.249369 
0.249679 
0.249988 
0.250297 
0.250607 
0.250915 
0.251224 
0.251533 
0.251842 
0.25215 
0.252458 
0.252767 
0.253075 
0.253383 
0.253691 
0.253998 
0.254306 
0.254613 
0.254921 
0.255228 
0.255535 
0.255842 
0.256148 
0.256455 
0.256762 
0.257068 
0.257374 
0.25768 
0.257986 
0.258292 
0.258598 
0.258904 
0.259209 
0.259514 
0.25982 
0.260125 
0.26043 
0.260734 
0.261039 
0.261344 
0.261648 
0.261952 
0.262256 
0.26256 
0.262864 
0.263168 
0.263472 
0.263775 
0.264078 
0.264382 
0.264685 
0.264988 
0.26529 
0.265593 
0.265896 
0.266198 
0.2665 
0.266802 
0.267104 
0.267406 
0.267708 
0.268009 
0.268311 
0.268612 
0.268913 
0.269214 
0.269515 
0.269816 
0.270117 
0.270417 
0.270717 
0.271018 
0.271318 
0.271618 
0.271917 
0.272217 
0.272517 
0.272816 
0.273115 
0.273414 
0.273713 
0.274012 
0.274311 
0.274609 
0.274908 
0.275206 
0.275504 
0.275802 
0.2761 
0.276397 
0.276695 
0.276992 
0.27729 
0.277587 
0.277884 
0.278181 
0.278477 
0.278774 
0.27907 
0.279366 
0.279663 
0.279959 
0.280254 
0.28055 
0.280846 
0.281141 
0.281436 
0.281731 
0.282026 
0.282321 
0.282616 
0.28291 
0.283205 
0.283499 
0.283793 
0.284087 
0.284381 
0.284675 
0.284968 
0.285262 
0.285555 
0.285848 
0.286141 
0.286434 
0.286726 
0.287019 
0.287311 
0.287603 
0.287896 
0.288187 
0.288479 
0.288771 
0.289062 
0.289354 
0.289645 
0.289936 
0.290227 
0.290518 
0.290808 
0.291099 
0.291389 
0.291679 
0.291969 
0.292259 
0.292549 
0.292838 
0.293128 
0.293417 
0.293706 
0.293995 
0.294284 
0.294572 
0.294861 
0.295149 
0.295437 
0.295726 
0.296013 
0.296301 
0.296589 
0.296876 
0.297164 
0.297451 
0.297738 
0.298024 
0.298311 
0.298598 
0.298884 
0.29917 
0.299456 
0.299742 
0.300028 
0.300314 
0.300599 
0.300885 
0.30117 
0.301455 
0.30174 
0.302024 
0.302309 
0.302593 
0.302877 
0.303162 
0.303445 
0.303729 
0.304013 
0.304296 
0.30458 
0.304863 
0.305146 
0.305429 
0.305711 
0.305994 
0.306276 
0.306558 
0.30684 
0.307122 
0.307404 
0.307686 
0.307967 
0.308248 
0.30853 
0.308811 
0.309091 
0.309372 
0.309652 
0.309933 
0.310213 
0.310493 
0.310773 
0.311053 
0.311332 
0.311611 
0.311891 
0.31217 
0.312449 
0.312727 
0.313006 
0.313284 
0.313563 
0.313841 
0.314119 
0.314397 
0.314674 
0.314952 
0.315229 
0.315506 
0.315783 
0.31606 
0.316337 
0.316613 
0.316889 
0.317166 
0.317442 
0.317717 
0.317993 
0.318269 
0.318544 
0.318819 
0.319094 
0.319369 
0.319644 
0.319918 
0.320193 
0.320467 
0.320741 
0.321015 
0.321289 
0.321562 
0.321836 
0.322109 
0.322382 
0.322655 
0.322928 
0.3232 
0.323473 
0.323745 
0.324017 
0.324289 
0.324561 
0.324832 
0.325104 
0.325375 
0.325646 
0.325917 
0.326188 
0.326458 
0.326729 
0.326999 
0.327269 
0.327539 
0.327809 
0.328078 
0.328348 
0.328617 
0.328886 
0.329155 
0.329424 
0.329692 
0.329961 
0.330229 
0.330497 
0.330765 
0.331033 
0.3313 
0.331568 
0.331835 
0.332102 
0.332369 
0.332636 
0.332902 
0.333169 
0.333435 
0.333701 
0.333967 
0.334232 
0.334498 
0.334763 
0.335029 
0.335294 
0.335558 
0.335823 
0.336088 
0.336352 
0.336616 
0.33688 
0.337144 
0.337408 
0.337671 
0.337934 
0.338198 
0.33846 
0.338723 
0.338986 
0.339248 
0.339511 
0.339773 
0.340035 
0.340296 
0.340558 
0.340819 
0.341081 
0.341342 
0.341603 
0.341863 
0.342124 
0.342384 
0.342644 
0.342904 
0.343164 
0.343424 
0.343683 
0.343943 
0.344202 
0.344461 
0.34472 
0.344978 
0.345237 
0.345495 
0.345753 
0.346011 
0.346268 
0.346526 
0.346783 
0.347041 
0.347298 
0.347554 
0.347811 
0.348068 
0.348324 
0.34858 
0.348836 
0.349092 
0.349347 
0.349603 
0.349858 
0.350113 
0.350368 
0.350623 
0.350877 
0.351132 
0.351386 
0.35164 
0.351894 
0.352147 
0.352401 
0.352654 
0.352907 
0.35316 
0.353413 
0.353665 
0.353918 
0.35417 
0.354422 
0.354674 
0.354925 
0.355177 
0.355428 
0.355679 
0.35593 
0.356181 
0.356431 
0.356682 
0.356932 
0.357182 
0.357432 
0.357681 
0.357931 
0.35818 
0.358429 
0.358678 
0.358927 
0.359175 
0.359424 
0.359672 
0.35992 
0.360168 
0.360415 
0.360663 
0.36091 
0.361157 
0.361404 
0.361651 
0.361897 
0.362144 
0.36239 
0.362636 
0.362882 
0.363127 
0.363373 
0.363618 
0.363863 
0.364108 
0.364352 
0.364597 
0.364841 
0.365085 
0.365329 
0.365573 
0.365816 
0.36606 
0.366303 
0.366546 
0.366789 
0.367031 
0.367274 
0.367516 
0.367758 
0.368 
0.368242 
0.368483 
0.368725 
0.368966 
0.369207 
0.369447 
0.369688 
0.369928 
0.370168 
0.370408 
0.370648 
0.370888 
0.371127 
0.371367 
0.371606 
0.371844 
0.372083 
0.372322 
0.37256 
0.372798 
0.373036 
0.373274 
0.373511 
0.373748 
0.373986 
0.374223 
0.374459 
0.374696 
0.374932 
0.375168 
0.375404 
0.37564 
0.375876 
0.376111 
0.376346 
0.376582 
0.376816 
0.377051 
0.377285 
0.37752 
0.377754 
0.377988 
0.378221 
0.378455 
0.378688 
0.378921 
0.379154 
0.379387 
0.379619 
0.379852 
0.380084 
0.380316 
0.380548 
0.380779 
0.381011 
0.381242 
0.381473 
0.381703 
0.381934 
0.382164 
0.382395 
0.382625 
0.382854 
0.383084 
0.383314 
0.383543 
0.383772 
0.384001 
0.384229 
0.384458 
0.384686 
0.384914 
0.385142 
0.385369 
0.385597 
0.385824 
0.386051 
0.386278 
0.386505 
0.386731 
0.386957 
0.387184 
0.387409 
0.387635 
0.387861 
0.388086 
0.388311 
0.388536 
0.388761 
0.388985 
0.389209 
0.389433 
0.389657 
0.389881 
0.390105 
0.390328 
0.390551 
0.390774 
0.390997 
0.391219 
0.391441 
0.391663 
0.391885 
0.392107 
0.392329 
0.39255 
0.392771 
0.392992 
0.393213 
0.393433 
0.393653 
0.393873 
0.394093 
0.394313 
0.394533 
0.394752 
0.394971 
0.39519 
0.395409 
0.395627 
0.395845 
0.396063 
0.396281 
0.396499 
0.396716 
0.396934 
0.397151 
0.397368 
0.397584 
0.397801 
0.398017 
0.398233 
0.398449 
0.398665 
0.39888 
0.399095 
0.39931 
0.399525 
0.39974 
0.399954 
0.400169 
0.400383 
0.400596 
0.40081 
0.401023 
0.401237 
0.40145 
0.401662 
0.401875 
0.402087 
0.4023 
0.402512 
0.402723 
0.402935 
0.403146 
0.403357 
0.403568 
0.403779 
0.40399 
0.4042 
0.40441 
0.40462 
0.40483 
0.405039 
0.405248 
0.405458 
0.405666 
0.405875 
0.406084 
0.406292 
0.4065 
0.406708 
0.406915 
0.407123 
0.40733 
0.407537 
0.407744 
0.40795 
0.408157 
0.408363 
0.408569 
0.408775 
0.40898 
0.409186 
0.409391 
0.409596 
0.409801 
0.410005 
0.410209 
0.410413 
0.410617 
0.410821 
0.411024 
0.411228 
0.411431 
0.411634 
0.411836 
0.412039 
0.412241 
0.412443 
0.412645 
0.412846 
0.413048 
0.413249 
0.41345 
0.41365 
0.413851 
0.414051 
0.414251 
0.414451 
0.414651 
0.41485 
0.41505 
0.415249 
0.415448 
0.415646 
0.415845 
0.416043 
0.416241 
0.416438 
0.416636 
0.416833 
0.417031 
0.417227 
0.417424 
0.417621 
0.417817 
0.418013 
0.418209 
0.418404 
0.4186 
0.418795 
0.41899 
0.419185 
0.419379 
0.419574 
0.419768 
0.419962 
0.420156 
0.420349 
0.420542 
0.420735 
0.420928 
0.421121 
0.421313 
0.421506 
0.421698 
0.421889 
0.422081 
0.422272 
0.422463 
0.422654 
0.422845 
0.423036 
0.423226 
0.423416 
0.423606 
0.423795 
0.423985 
0.424174 
0.424363 
0.424552 
0.42474 
0.424929 
0.425117 
0.425305 
0.425492 
0.42568 
0.425867 
0.426054 
0.426241 
0.426427 
0.426614 
0.4268 
0.426986 
0.427172 
0.427357 
0.427542 
0.427727 
0.427912 
0.428097 
0.428281 
0.428466 
0.428649 
0.428833 
0.429017 
0.4292 
0.429383 
0.429566 
0.429749 
0.429931 
0.430113 
0.430295 
0.430477 
0.430659 
0.43084 
0.431021 
0.431202 
0.431383 
0.431563 
0.431744 
0.431924 
0.432103 
0.432283 
0.432462 
0.432641 
0.43282 
0.432999 
0.433178 
0.433356 
0.433534 
0.433712 
0.433889 
0.434067 
0.434244 
0.434421 
0.434597 
0.434774 
0.43495 
0.435126 
0.435302 
0.435478 
0.435653 
0.435828 
0.436003 
0.436178 
0.436352 
0.436526 
0.436701 
0.436874 
0.437048 
0.437221 
0.437394 
0.437567 
0.43774 
0.437913 
0.438085 
0.438257 
0.438429 
0.4386 
0.438772 
0.438943 
0.439114 
0.439284 
0.439455 
0.439625 
0.439795 
0.439965 
0.440134 
0.440304 
0.440473 
0.440642 
0.44081 
0.440979 
0.441147 
0.441315 
0.441483 
0.44165 
0.441818 
0.441985 
0.442152 
0.442318 
0.442485 
0.442651 
0.442817 
0.442983 
0.443148 
0.443313 
0.443479 
0.443643 
0.443808 
0.443972 
0.444136 
0.4443 
0.444464 
0.444628 
0.444791 
0.444954 
0.445117 
0.445279 
0.445442 
0.445604 
0.445766 
0.445927 
0.446089 
0.44625 
0.446411 
0.446572 
0.446732 
0.446892 
0.447052 
0.447212 
0.447372 
0.447531 
0.44769 
0.447849 
0.448008 
0.448167 
0.448325 
0.448483 
0.448641 
0.448798 
0.448955 
0.449112 
0.449269 
0.449426 
0.449582 
0.449739 
0.449895 
0.45005 
0.450206 
0.450361 
0.450516 
0.450671 
0.450825 
0.45098 
0.451134 
0.451288 
0.451441 
0.451595 
0.451748 
0.451901 
0.452054 
0.452206 
0.452358 
0.45251 
0.452662 
0.452814 
0.452965 
0.453116 
0.453267 
0.453418 
0.453568 
0.453718 
0.453868 
0.454018 
0.454167 
0.454317 
0.454466 
0.454615 
0.454763 
0.454911 
0.45506 
0.455207 
0.455355 
0.455502 
0.45565 
0.455797 
0.455943 
0.45609 
0.456236 
0.456382 
0.456528 
0.456673 
0.456819 
0.456964 
0.457108 
0.457253 
0.457397 
0.457542 
0.457686 
0.457829 
0.457973 
0.458116 
0.458259 
0.458402 
0.458544 
0.458686 
0.458828 
0.45897 
0.459112 
0.459253 
0.459394 
0.459535 
0.459676 
0.459816 
0.459956 
0.460096 
0.460236 
0.460375 
0.460515 
0.460654 
0.460792 
0.460931 
0.461069 
0.461207 
0.461345 
0.461482 
0.46162 
0.461757 
0.461894 
0.46203 
0.462167 
0.462303 
0.462439 
0.462575 
0.46271 
0.462845 
0.46298 
0.463115 
0.46325 
0.463384 
0.463518 
0.463652 
0.463785 
0.463919 
0.464052 
0.464184 
0.464317 
0.464449 
0.464582 
0.464714 
0.464845 
0.464977 
0.465108 
0.465239 
0.46537 
0.4655 
0.46563 
0.46576 
0.46589 
0.46602 
0.466149 
0.466278 
0.466407 
0.466535 
0.466664 
0.466792 
0.46692 
0.467047 
0.467175 
0.467302 
0.467429 
0.467555 
0.467682 
0.467808 
0.467934 
0.46806 
0.468185 
0.46831 
0.468435 
0.46856 
0.468685 
0.468809 
0.468933 
0.469057 
0.46918 
0.469304 
0.469427 
0.46955 
0.469672 
0.469795 
0.469917 
0.470039 
0.47016 
0.470282 
0.470403 
0.470524 
0.470645 
0.470765 
0.470885 
0.471005 
0.471125 
0.471244 
0.471364 
0.471483 
0.471601 
0.47172 
0.471838 
0.471956 
0.472074 
0.472192 
0.472309 
0.472426 
0.472543 
0.47266 
0.472776 
0.472892 
0.473008 
0.473124 
0.473239 
0.473354 
0.473469 
0.473584 
0.473698 
0.473812 
0.473926 
0.47404 
0.474153 
0.474267 
0.47438 
0.474492 
0.474605 
0.474717 
0.474829 
0.474941 
0.475052 
0.475164 
0.475275 
0.475385 
0.475496 
0.475606 
0.475716 
0.475826 
0.475936 
0.476045 
0.476154 
0.476263 
0.476372 
0.47648 
0.476588 
0.476696 
0.476804 
0.476911 
0.477018 
0.477125 
0.477232 
0.477338 
0.477444 
0.47755 
0.477656 
0.477762 
0.477867 
0.477972 
0.478076 
0.478181 
0.478285 
0.478389 
0.478493 
0.478596 
0.4787 
0.478803 
0.478905 
0.479008 
0.47911 
0.479212 
0.479314 
0.479416 
0.479517 
0.479618 
0.479719 
0.479819 
0.47992 
0.48002 
0.48012 
0.480219 
0.480318 
0.480418 
0.480516 
0.480615 
0.480713 
0.480811 
0.480909 
0.481007 
0.481104 
0.481201 
0.481298 
0.481395 
0.481491 
0.481588 
0.481683 
0.481779 
0.481875 
0.48197 
0.482065 
0.482159 
0.482254 
0.482348 
0.482442 
0.482536 
0.482629 
0.482722 
0.482815 
0.482908 
0.483 
0.483092 
0.483184 
0.483276 
0.483368 
0.483459 
0.48355 
0.483641 
0.483731 
0.483821 
0.483911 
0.484001 
0.484091 
0.48418 
0.484269 
0.484358 
0.484446 
0.484534 
0.484622 
0.48471 
0.484798 
0.484885 
0.484972 
0.485059 
0.485145 
0.485232 
0.485318 
0.485403 
0.485489 
0.485574 
0.485659 
0.485744 
0.485829 
0.485913 
0.485997 
0.486081 
0.486164 
0.486248 
0.486331 
0.486413 
0.486496 
0.486578 
0.48666 
0.486742 
0.486824 
0.486905 
0.486986 
0.487067 
0.487148 
0.487228 
0.487308 
0.487388 
0.487467 
0.487547 
0.487626 
0.487705 
0.487783 
0.487862 
0.48794 
0.488018 
0.488095 
0.488173 
0.48825 
0.488326 
0.488403 
0.488479 
0.488556 
0.488631 
0.488707 
0.488782 
0.488857 
0.488932 
0.489007 
0.489081 
0.489155 
0.489229 
0.489303 
0.489376 
0.489449 
0.489522 
0.489595 
0.489667 
0.489739 
0.489811 
0.489883 
0.489954 
0.490025 
0.490096 
0.490167 
0.490237 
0.490307 
0.490377 
0.490447 
0.490516 
0.490585 
0.490654 
0.490722 
0.490791 
0.490859 
0.490927 
0.490994 
0.491062 
0.491129 
0.491196 
0.491262 
0.491329 
0.491395 
0.491461 
0.491526 
0.491592 
0.491657 
0.491721 
0.491786 
0.49185 
0.491915 
0.491978 
0.492042 
0.492105 
0.492168 
0.492231 
0.492294 
0.492356 
0.492418 
0.49248 
0.492542 
0.492603 
0.492664 
0.492725 
0.492785 
0.492846 
0.492906 
0.492966 
0.493025 
0.493085 
0.493144 
0.493202 
0.493261 
0.493319 
0.493377 
0.493435 
0.493493 
0.49355 
0.493607 
0.493664 
0.49372 
0.493777 
0.493833 
0.493889 
0.493944 
0.493999 
0.494054 
0.494109 
0.494164 
0.494218 
0.494272 
0.494326 
0.494379 
0.494433 
0.494486 
0.494538 
0.494591 
0.494643 
0.494695 
0.494747 
0.494799 
0.49485 
0.494901 
0.494952 
0.495002 
0.495052 
0.495102 
0.495152 
0.495201 
0.495251 
0.4953 
0.495348 
0.495397 
0.495445 
0.495493 
0.495541 
0.495588 
0.495636 
0.495682 
0.495729 
0.495776 
0.495822 
0.495868 
0.495913 
0.495959 
0.496004 
0.496049 
0.496094 
0.496138 
0.496182 
0.496226 
0.49627 
0.496313 
0.496356 
0.496399 
0.496442 
0.496484 
0.496527 
0.496569 
0.49661 
0.496652 
0.496693 
0.496734 
0.496774 
0.496815 
0.496855 
0.496895 
0.496934 
0.496974 
0.497013 
0.497052 
0.49709 
0.497128 
0.497167 
0.497204 
0.497242 
0.497279 
0.497316 
0.497353 
0.49739 
0.497426 
0.497462 
0.497498 
0.497534 
0.497569 
0.497604 
0.497639 
0.497673 
0.497708 
0.497742 
0.497775 
0.497809 
0.497842 
0.497875 
0.497908 
0.49794 
0.497973 
0.498005 
0.498036 
0.498068 
0.498099 
0.49813 
0.498161 
0.498191 
0.498222 
0.498252 
0.498281 
0.498311 
0.49834 
0.498369 
0.498398 
0.498426 
0.498454 
0.498482 
0.49851 
0.498537 
0.498564 
0.498591 
0.498618 
0.498644 
0.498671 
0.498696 
0.498722 
0.498747 
0.498773 
0.498798 
0.498822 
0.498847 
0.498871 
0.498894 
0.498918 
0.498941 
0.498965 
0.498987 
0.49901 
0.499032 
0.499054 
0.499076 
0.499098 
0.499119 
0.49914 
0.499161 
0.499182 
0.499202 
0.499222 
0.499242 
0.499261 
0.49928 
0.4993 
0.499318 
0.499337 
0.499355 
0.499373 
0.499391 
0.499408 
0.499426 
0.499443 
0.499459 
0.499476 
0.499492 
0.499508 
0.499524 
0.499539 
0.499554 
0.499569 
0.499584 
0.499598 
0.499613 
0.499627 
0.49964 
0.499654 
0.499667 
0.49968 
0.499692 
0.499705 
0.499717 
0.499729 
0.49974 
0.499752 
0.499763 
0.499774 
0.499784 
0.499795 
0.499805 
0.499815 
0.499824 
0.499834 
0.499843 
0.499852 
0.49986 
0.499868 
0.499877 
0.499884 
0.499892 
0.499899 
0.499906 
0.499913 
0.49992 
0.499926 
0.499932 
0.499938 
0.499943 
0.499948 
0.499953 
0.499958 
0.499963 
0.499967 
0.499971 
0.499975 
0.499978 
0.499981 
0.499984 
0.499987 
0.499989 
0.499992 
0.499994 
0.499995 
0.499997 
0.499998 
0.499999 
0.499999 
0.5 
0.5 
0.5 
0.5 
0.499999 
0.499998 
0.499997 
0.499996 
0.499994 
0.499992 
0.49999 
0.499988 
0.499985 
0.499982 
0.499979 
0.499975 
0.499972 
0.499968 
0.499964 
0.499959 
0.499955 
0.49995 
0.499944 
0.499939 
0.499933 
0.499927 
0.499921 
0.499915 
0.499908 
0.499901 
0.499894 
0.499886 
0.499878 
0.49987 
0.499862 
0.499854 
0.499845 
0.499836 
0.499826 
0.499817 
0.499807 
0.499797 
0.499787 
0.499776 
0.499765 
0.499754 
0.499743 
0.499731 
0.49972 
0.499708 
0.499695 
0.499683 
0.49967 
0.499657 
0.499643 
0.49963 
0.499616 
0.499602 
0.499587 
0.499573 
0.499558 
0.499543 
0.499527 
0.499512 
0.499496 
0.49948 
0.499463 
0.499446 
0.499429 
0.499412 
0.499395 
0.499377 
0.499359 
0.499341 
0.499323 
0.499304 
0.499285 
0.499266 
0.499246 
0.499226 
0.499206 
0.499186 
0.499166 
0.499145 
0.499124 
0.499103 
0.499081 
0.499059 
0.499037 
0.499015 
0.498993 
0.49897 
0.498947 
0.498923 
0.4989 
0.498876 
0.498852 
0.498828 
0.498803 
0.498778 
0.498753 
0.498728 
0.498702 
0.498677 
0.49865 
0.498624 
0.498597 
0.498571 
0.498544 
0.498516 
0.498489 
0.498461 
0.498433 
0.498404 
0.498375 
0.498347 
0.498317 
0.498288 
0.498258 
0.498228 
0.498198 
0.498168 
0.498137 
0.498106 
0.498075 
0.498044 
0.498012 
0.49798 
0.497948 
0.497915 
0.497883 
0.49785 
0.497817 
0.497783 
0.497749 
0.497715 
0.497681 
0.497647 
0.497612 
0.497577 
0.497542 
0.497506 
0.49747 
0.497434 
0.497398 
0.497362 
0.497325 
0.497288 
0.497251 
0.497213 
0.497175 
0.497137 
0.497099 
0.49706 
0.497022 
0.496983 
0.496943 
0.496904 
0.496864 
0.496824 
0.496783 
0.496743 
0.496702 
0.496661 
0.49662 
0.496578 
0.496536 
0.496494 
0.496452 
0.496409 
0.496366 
0.496323 
0.49628 
0.496236 
0.496192 
0.496148 
0.496104 
0.496059 
0.496014 
0.495969 
0.495924 
0.495878 
0.495832 
0.495786 
0.49574 
0.495693 
0.495646 
0.495599 
0.495552 
0.495504 
0.495456 
0.495408 
0.49536 
0.495311 
0.495262 
0.495213 
0.495163 
0.495114 
0.495064 
0.495014 
0.494963 
0.494912 
0.494862 
0.49481 
0.494759 
0.494707 
0.494655 
0.494603 
0.494551 
0.494498 
0.494445 
0.494392 
0.494338 
0.494284 
0.494231 
0.494176 
0.494122 
0.494067 
0.494012 
0.493957 
0.493901 
0.493846 
0.49379 
0.493733 
0.493677 
0.49362 
0.493563 
0.493506 
0.493448 
0.493391 
0.493333 
0.493274 
0.493216 
0.493157 
0.493098 
0.493039 
0.492979 
0.49292 
0.49286 
0.492799 
0.492739 
0.492678 
0.492617 
0.492556 
0.492494 
0.492432 
0.49237 
0.492308 
0.492246 
0.492183 
0.49212 
0.492057 
0.491993 
0.491929 
0.491865 
0.491801 
0.491736 
0.491672 
0.491607 
0.491541 
0.491476 
0.49141 
0.491344 
0.491278 
0.491211 
0.491144 
0.491077 
0.49101 
0.490942 
0.490875 
0.490806 
0.490738 
0.49067 
0.490601 
0.490532 
0.490462 
0.490393 
0.490323 
0.490253 
0.490183 
0.490112 
0.490041 
0.48997 
0.489899 
0.489828 
0.489756 
0.489684 
0.489611 
0.489539 
0.489466 
0.489393 
0.48932 
0.489246 
0.489172 
0.489098 
0.489024 
0.488949 
0.488875 
0.4888 
0.488724 
0.488649 
0.488573 
0.488497 
0.488421 
0.488344 
0.488267 
0.48819 
0.488113 
0.488035 
0.487958 
0.48788 
0.487801 
0.487723 
0.487644 
0.487565 
0.487486 
0.487406 
0.487326 
0.487246 
0.487166 
0.487086 
0.487005 
0.486924 
0.486843 
0.486761 
0.486679 
0.486597 
0.486515 
0.486432 
0.48635 
0.486267 
0.486183 
0.4861 
0.486016 
0.485932 
0.485848 
0.485763 
0.485679 
0.485594 
0.485509 
0.485423 
0.485337 
0.485251 
0.485165 
0.485079 
0.484992 
0.484905 
0.484818 
0.48473 
0.484643 
0.484555 
0.484466 
0.484378 
0.484289 
0.4842 
0.484111 
0.484022 
0.483932 
0.483842 
0.483752 
0.483661 
0.483571 
0.48348 
0.483389 
0.483297 
0.483206 
0.483114 
0.483021 
0.482929 
0.482836 
0.482744 
0.48265 
0.482557 
0.482463 
0.482369 
0.482275 
0.482181 
0.482086 
0.481991 
0.481896 
0.481801 
0.481705 
0.48161 
0.481513 
0.481417 
0.481321 
0.481224 
0.481127 
0.481029 
0.480932 
0.480834 
0.480736 
0.480638 
0.480539 
0.48044 
0.480341 
0.480242 
0.480142 
0.480043 
0.479943 
0.479842 
0.479742 
0.479641 
0.47954 
0.479439 
0.479337 
0.479236 
0.479134 
0.479031 
0.478929 
0.478826 
0.478723 
0.47862 
0.478517 
0.478413 
0.478309 
0.478205 
0.4781 
0.477996 
0.477891 
0.477786 
0.47768 
0.477575 
0.477469 
0.477363 
0.477256 
0.47715 
0.477043 
0.476936 
0.476828 
0.476721 
0.476613 
0.476505 
0.476397 
0.476288 
0.476179 
0.47607 
0.475961 
0.475851 
0.475742 
0.475632 
0.475521 
0.475411 
0.4753 
0.475189 
0.475078 
0.474966 
0.474855 
0.474743 
0.474631 
0.474518 
0.474405 
0.474293 
0.474179 
0.474066 
0.473952 
0.473838 
0.473724 
0.47361 
0.473495 
0.47338 
0.473265 
0.47315 
0.473034 
0.472919 
0.472803 
0.472686 
0.47257 
0.472453 
0.472336 
0.472219 
0.472101 
0.471983 
0.471865 
0.471747 
0.471629 
0.47151 
0.471391 
0.471272 
0.471152 
0.471033 
0.470913 
0.470793 
0.470672 
0.470552 
0.470431 
0.47031 
0.470188 
0.470067 
0.469945 
0.469823 
0.4697 
0.469578 
0.469455 
0.469332 
0.469209 
0.469085 
0.468961 
0.468838 
0.468713 
0.468589 
0.468464 
0.468339 
0.468214 
0.468089 
0.467963 
0.467837 
0.467711 
0.467584 
0.467458 
0.467331 
0.467204 
0.467077 
0.466949 
0.466821 
0.466693 
0.466565 
0.466436 
0.466308 
0.466179 
0.466049 
0.46592 
0.46579 
0.46566 
0.46553 
0.465399 
0.465269 
0.465138 
0.465007 
0.464875 
0.464744 
0.464612 
0.46448 
0.464348 
0.464215 
0.464082 
0.463949 
0.463816 
0.463682 
0.463549 
0.463415 
0.46328 
0.463146 
0.463011 
0.462876 
0.462741 
0.462606 
0.46247 
0.462334 
0.462198 
0.462062 
0.461925 
0.461788 
0.461651 
0.461514 
0.461377 
0.461239 
0.461101 
0.460963 
0.460824 
0.460685 
0.460546 
0.460407 
0.460268 
0.460128 
0.459988 
0.459848 
0.459708 
0.459567 
0.459427 
0.459286 
0.459144 
0.459003 
0.458861 
0.458719 
0.458577 
0.458434 
0.458292 
0.458149 
0.458006 
0.457862 
0.457719 
0.457575 
0.457431 
0.457286 
0.457142 
0.456997 
0.456852 
0.456707 
0.456561 
0.456415 
0.45627 
0.456123 
0.455977 
0.45583 
0.455683 
0.455536 
0.455389 
0.455241 
0.455094 
0.454945 
0.454797 
0.454649 
0.4545 
0.454351 
0.454202 
0.454052 
0.453903 
0.453753 
0.453603 
0.453452 
0.453302 
0.453151 
0.453 
0.452849 
0.452697 
0.452545 
0.452393 
0.452241 
0.452089 
0.451936 
0.451783 
0.45163 
0.451477 
0.451323 
0.451169 
0.451015 
0.450861 
0.450706 
0.450552 
0.450397 
0.450241 
0.450086 
0.44993 
0.449774 
0.449618 
0.449462 
0.449305 
0.449149 
0.448992 
0.448834 
0.448677 
0.448519 
0.448361 
0.448203 
0.448044 
0.447886 
0.447727 
0.447568 
0.447409 
0.447249 
0.447089 
0.446929 
0.446769 
0.446608 
0.446448 
0.446287 
0.446126 
0.445964 
0.445803 
0.445641 
0.445479 
0.445317 
0.445154 
0.444991 
0.444828 
0.444665 
0.444502 
0.444338 
0.444174 
0.44401 
0.443846 
0.443681 
0.443516 
0.443351 
0.443186 
0.443021 
0.442855 
0.442689 
0.442523 
0.442357 
0.44219 
0.442023 
0.441856 
0.441689 
0.441521 
0.441354 
0.441186 
0.441018 
0.440849 
0.440681 
0.440512 
0.440343 
0.440173 
0.440004 
0.439834 
0.439664 
0.439494 
0.439324 
0.439153 
0.438982 
0.438811 
0.43864 
0.438468 
0.438296 
0.438124 
0.437952 
0.43778 
0.437607 
0.437434 
0.437261 
0.437088 
0.436914 
0.43674 
0.436566 
0.436392 
0.436218 
0.436043 
0.435868 
0.435693 
0.435518 
0.435342 
0.435167 
0.434991 
0.434814 
0.434638 
0.434461 
0.434284 
0.434107 
0.43393 
0.433752 
0.433575 
0.433397 
0.433218 
0.43304 
0.432861 
0.432683 
0.432503 
0.432324 
0.432145 
0.431965 
0.431785 
0.431605 
0.431424 
0.431244 
0.431063 
0.430882 
0.4307 
0.430519 
0.430337 
0.430155 
0.429973 
0.429791 
0.429608 
0.429425 
0.429242 
0.429059 
0.428875 
0.428692 
0.428508 
0.428324 
0.428139 
0.427955 
0.42777 
0.427585 
0.4274 
0.427214 
0.427029 
0.426843 
0.426657 
0.42647 
0.426284 
0.426097 
0.42591 
0.425723 
0.425535 
0.425348 
0.42516 
0.424972 
0.424784 
0.424595 
0.424406 
0.424217 
0.424028 
0.423839 
0.423649 
0.42346 
0.42327 
0.423079 
0.422889 
0.422698 
0.422507 
0.422316 
0.422125 
0.421933 
0.421742 
0.42155 
0.421358 
0.421165 
0.420973 
0.42078 
0.420587 
0.420394 
0.4202 
0.420006 
0.419813 
0.419618 
0.419424 
0.41923 
0.419035 
0.41884 
0.418645 
0.418449 
0.418254 
0.418058 
0.417862 
0.417666 
0.417469 
0.417273 
0.417076 
0.416879 
0.416681 
0.416484 
0.416286 
0.416088 
0.41589 
0.415692 
0.415493 
0.415294 
0.415095 
0.414896 
0.414697 
0.414497 
0.414297 
0.414097 
0.413897 
0.413697 
0.413496 
0.413295 
0.413094 
0.412892 
0.412691 
0.412489 
0.412287 
0.412085 
0.411883 
0.41168 
0.411477 
0.411274 
0.411071 
0.410868 
0.410664 
0.41046 
0.410256 
0.410052 
0.409848 
0.409643 
0.409438 
0.409233 
0.409028 
0.408822 
0.408616 
0.40841 
0.408204 
0.407998 
0.407791 
0.407585 
0.407378 
0.40717 
0.406963 
0.406755 
0.406548 
0.40634 
0.406131 
0.405923 
0.405714 
0.405506 
0.405297 
0.405087 
0.404878 
0.404668 
0.404458 
0.404248 
0.404038 
0.403827 
0.403617 
0.403406 
0.403195 
0.402983 
0.402772 
0.40256 
0.402348 
0.402136 
0.401924 
0.401711 
0.401498 
0.401286 
0.401072 
0.400859 
0.400645 
0.400432 
0.400218 
0.400004 
0.399789 
0.399575 
0.39936 
0.399145 
0.39893 
0.398714 
0.398499 
0.398283 
0.398067 
0.397851 
0.397634 
0.397417 
0.397201 
0.396984 
0.396766 
0.396549 
0.396331 
0.396113 
0.395895 
0.395677 
0.395459 
0.39524 
0.395021 
0.394802 
0.394583 
0.394364 
0.394144 
0.393924 
0.393704 
0.393484 
0.393263 
0.393043 
0.392822 
0.392601 
0.392379 
0.392158 
0.391936 
0.391714 
0.391492 
0.39127 
0.391048 
0.390825 
0.390602 
0.390379 
0.390156 
0.389932 
0.389709 
0.389485 
0.389261 
0.389037 
0.388812 
0.388588 
0.388363 
0.388138 
0.387912 
0.387687 
0.387461 
0.387235 
0.387009 
0.386783 
0.386557 
0.38633 
0.386103 
0.385876 
0.385649 
0.385422 
0.385194 
0.384966 
0.384738 
0.38451 
0.384282 
0.384053 
0.383824 
0.383595 
0.383366 
0.383137 
0.382907 
0.382677 
0.382448 
0.382217 
0.381987 
0.381756 
0.381526 
0.381295 
0.381064 
0.380832 
0.380601 
0.380369 
0.380137 
0.379905 
0.379673 
0.37944 
0.379208 
0.378975 
0.378742 
0.378508 
0.378275 
0.378041 
0.377808 
0.377574 
0.377339 
0.377105 
0.37687 
0.376635 
0.3764 
0.376165 
0.37593 
0.375694 
0.375459 
0.375223 
0.374986 
0.37475 
0.374514 
0.374277 
0.37404 
0.373803 
0.373566 
0.373328 
0.37309 
0.372853 
0.372615 
0.372376 
0.372138 
0.371899 
0.37166 
0.371421 
0.371182 
0.370943 
0.370703 
0.370464 
0.370224 
0.369983 
0.369743 
0.369503 
0.369262 
0.369021 
0.36878 
0.368539 
0.368297 
0.368056 
0.367814 
0.367572 
0.36733 
0.367087 
0.366845 
0.366602 
0.366359 
0.366116 
0.365872 
0.365629 
0.365385 
0.365141 
0.364897 
0.364653 
0.364409 
0.364164 
0.363919 
0.363674 
0.363429 
0.363183 
0.362938 
0.362692 
0.362446 
0.3622 
0.361954 
0.361707 
0.361461 
0.361214 
0.360967 
0.36072 
0.360472 
0.360225 
0.359977 
0.359729 
0.359481 
0.359232 
0.358984 
0.358735 
0.358486 
0.358237 
0.357988 
0.357739 
0.357489 
0.357239 
0.356989 
0.356739 
0.356489 
0.356238 
0.355988 
0.355737 
0.355486 
0.355234 
0.354983 
0.354731 
0.35448 
0.354228 
0.353975 
0.353723 
0.353471 
0.353218 
0.352965 
0.352712 
0.352459 
0.352205 
0.351952 
0.351698 
0.351444 
0.35119 
0.350936 
0.350681 
0.350427 
0.350172 
0.349917 
0.349661 
0.349406 
0.349151 
0.348895 
0.348639 
0.348383 
0.348127 
0.34787 
0.347613 
0.347357 
0.3471 
0.346843 
0.346585 
0.346328 
0.34607 
0.345812 
0.345554 
0.345296 
0.345037 
0.344779 
0.34452 
0.344261 
0.344002 
0.343743 
0.343483 
0.343224 
0.342964 
0.342704 
0.342444 
0.342184 
0.341923 
0.341662 
0.341402 
0.341141 
0.340879 
0.340618 
0.340357 
0.340095 
0.339833 
0.339571 
0.339309 
0.339046 
0.338784 
0.338521 
0.338258 
0.337995 
0.337732 
0.337468 
0.337205 
0.336941 
0.336677 
0.336413 
0.336148 
0.335884 
0.335619 
0.335354 
0.335089 
0.334824 
0.334559 
0.334293 
0.334028 
0.333762 
0.333496 
0.33323 
0.332963 
0.332697 
0.33243 
0.332163 
0.331896 
0.331629 
0.331362 
0.331094 
0.330827 
0.330559 
0.330291 
0.330022 
0.329754 
0.329485 
0.329217 
0.328948 
0.328679 
0.32841 
0.32814 
0.327871 
0.327601 
0.327331 
0.327061 
0.326791 
0.32652 
0.32625 
0.325979 
0.325708 
0.325437 
0.325166 
0.324895 
0.324623 
0.324351 
0.324079 
0.323807 
0.323535 
0.323263 
0.32299 
0.322717 
0.322445 
0.322172 
0.321898 
0.321625 
0.321351 
0.321078 
0.320804 
0.32053 
0.320256 
0.319981 
0.319707 
0.319432 
0.319157 
0.318882 
0.318607 
0.318332 
0.318056 
0.317781 
0.317505 
0.317229 
0.316953 
0.316676 
0.3164 
0.316123 
0.315847 
0.31557 
0.315293 
0.315015 
0.314738 
0.31446 
0.314183 
0.313905 
0.313627 
0.313348 
0.31307 
0.312791 
0.312513 
0.312234 
0.311955 
0.311676 
0.311396 
0.311117 
0.310837 
0.310557 
0.310277 
0.309997 
0.309717 
0.309436 
0.309156 
0.308875 
0.308594 
0.308313 
0.308032 
0.30775 
0.307469 
0.307187 
0.306905 
0.306623 
0.306341 
0.306059 
0.305776 
0.305494 
0.305211 
0.304928 
0.304645 
0.304361 
0.304078 
0.303794 
0.303511 
0.303227 
0.302943 
0.302659 
0.302374 
0.30209 
0.301805 
0.30152 
0.301235 
0.30095 
0.300665 
0.300379 
0.300094 
0.299808 
0.299522 
0.299236 
0.29895 
0.298664 
0.298377 
0.29809 
0.297804 
0.297517 
0.297229 
0.296942 
0.296655 
0.296367 
0.29608 
0.295792 
0.295504 
0.295215 
0.294927 
0.294639 
0.29435 
0.294061 
0.293772 
0.293483 
0.293194 
0.292905 
0.292615 
0.292325 
0.292036 
0.291746 
0.291456 
0.291165 
0.290875 
0.290584 
0.290294 
0.290003 
0.289712 
0.289421 
0.289129 
0.288838 
0.288546 
0.288255 
0.287963 
0.287671 
0.287378 
0.287086 
0.286794 
0.286501 
0.286208 
0.285915 
0.285622 
0.285329 
0.285036 
0.284742 
0.284449 
0.284155 
0.283861 
0.283567 
0.283272 
0.282978 
0.282684 
0.282389 
0.282094 
0.281799 
0.281504 
0.281209 
0.280913 
0.280618 
0.280322 
0.280027 
0.279731 
0.279434 
0.279138 
0.278842 
0.278545 
0.278249 
0.277952 
0.277655 
0.277358 
0.277061 
0.276763 
0.276466 
0.276168 
0.27587 
0.275572 
0.275274 
0.274976 
0.274678 
0.274379 
0.274081 
0.273782 
0.273483 
0.273184 
0.272885 
0.272585 
0.272286 
0.271986 
0.271686 
0.271387 
0.271087 
0.270786 
0.270486 
0.270186 
0.269885 
0.269584 
0.269284 
0.268983 
0.268681 
0.26838 
0.268079 
0.267777 
0.267476 
0.267174 
0.266872 
0.26657 
0.266267 
0.265965 
0.265663 
0.26536 
0.265057 
0.264754 
0.264451 
0.264148 
0.263845 
0.263541 
0.263238 
0.262934 
0.26263 
0.262326 
0.262022 
0.261718 
0.261414 
0.261109 
0.260804 
0.2605 
0.260195 
0.25989 
0.259585 
0.259279 
0.258974 
0.258668 
0.258362 
0.258057 
0.257751 
0.257445 
0.257138 
0.256832 
0.256526 
0.256219 
0.255912 
0.255605 
0.255298 
0.254991 
0.254684 
0.254376 
0.254069 
0.253761 
0.253453 
0.253146 
0.252837 
0.252529 
0.252221 
0.251913 
0.251604 
0.251295 
0.250986 
0.250677 
0.250368 
0.250059 
0.24975 
0.24944 
0.249131 
0.248821 
0.248511 
0.248201 
0.247891 
0.247581 
0.247271 
0.24696 
0.24665 
0.246339 
0.246028 
0.245717 
0.245406 
0.245095 
0.244783 
0.244472 
0.24416 
0.243848 
0.243537 
0.243225 
0.242913 
0.2426 
0.242288 
0.241976 
0.241663 
0.24135 
0.241037 
0.240724 
0.240411 
0.240098 
0.239785 
0.239471 
0.239158 
0.238844 
0.23853 
0.238216 
0.237902 
0.237588 
0.237274 
0.236959 
0.236645 
0.23633 
0.236015 
0.2357 
0.235385 
0.23507 
0.234755 
0.23444 
0.234124 
0.233808 
0.233493 
0.233177 
0.232861 
0.232545 
0.232228 
0.231912 
0.231596 
0.231279 
0.230962 
0.230646 
0.230329 
0.230012 
0.229694 
0.229377 
0.22906 
0.228742 
0.228425 
0.228107 
0.227789 
0.227471 
0.227153 
0.226835 
0.226516 
0.226198 
0.225879 
0.225561 
0.225242 
0.224923 
0.224604 
0.224285 
0.223965 
0.223646 
0.223327 
0.223007 
0.222687 
0.222367 
0.222048 
0.221728 
0.221407 
0.221087 
0.220767 
0.220446 
0.220126 
0.219805 
0.219484 
0.219163 
0.218842 
0.218521 
0.2182 
0.217878 
0.217557 
0.217235 
0.216913 
0.216591 
0.21627 
0.215947 
0.215625 
0.215303 
0.214981 
0.214658 
0.214335 
0.214013 
0.21369 
0.213367 
0.213044 
0.212721 
0.212398 
0.212074 
0.211751 
0.211427 
0.211103 
0.21078 
0.210456 
0.210132 
0.209808 
0.209483 
0.209159 
0.208835 
0.20851 
0.208185 
0.207861 
0.207536 
0.207211 
0.206886 
0.20656 
0.206235 
0.20591 
0.205584 
0.205259 
0.204933 
0.204607 
0.204281 
0.203955 
0.203629 
0.203303 
0.202976 
0.20265 
0.202323 
0.201997 
0.20167 
0.201343 
0.201016 
0.200689 
0.200362 
0.200035 
0.199707 
0.19938 
0.199052 
0.198725 
0.198397 
0.198069 
0.197741 
0.197413 
0.197085 
0.196757 
0.196428 
0.1961 
0.195771 
0.195442 
0.195114 
0.194785 
0.194456 
0.194127 
0.193798 
0.193468 
0.193139 
0.192809 
0.19248 
0.19215 
0.19182 
0.191491 
0.191161 
0.19083 
0.1905 
0.19017 
0.18984 
0.189509 
0.189179 
0.188848 
0.188517 
0.188187 
0.187856 
0.187525 
0.187193 
0.186862 
0.186531 
0.1862 
0.185868 
0.185536 
0.185205 
0.184873 
0.184541 
0.184209 
0.183877 
0.183545 
0.183213 
0.18288 
0.182548 
0.182215 
0.181883 
0.18155 
0.181217 
0.180884 
0.180551 
0.180218 
0.179885 
0.179552 
0.179218 
0.178885 
0.178551 
0.178218 
0.177884 
0.17755 
0.177216 
0.176882 
0.176548 
0.176214 
0.17588 
0.175545 
0.175211 
0.174876 
0.174542 
0.174207 
0.173872 
0.173537 
0.173202 
0.172867 
0.172532 
0.172197 
0.171861 
0.171526 
0.17119 
0.170855 
0.170519 
0.170183 
0.169848 
0.169512 
0.169176 
0.168839 
0.168503 
0.168167 
0.167831 
0.167494 
0.167158 
0.166821 
0.166484 
0.166147 
0.16581 
0.165473 
0.165136 
0.164799 
0.164462 
0.164125 
0.163787 
0.16345 
0.163112 
0.162775 
0.162437 
0.162099 
0.161761 
0.161423 
0.161085 
0.160747 
0.160409 
0.160071 
0.159732 
0.159394 
0.159055 
0.158716 
0.158378 
0.158039 
0.1577 
0.157361 
0.157022 
0.156683 
0.156344 
0.156005 
0.155665 
0.155326 
0.154986 
0.154647 
0.154307 
0.153967 
0.153627 
0.153287 
0.152948 
0.152607 
0.152267 
0.151927 
0.151587 
0.151246 
0.150906 
0.150565 
0.150225 
0.149884 
0.149543 
0.149203 
0.148862 
0.148521 
0.14818 
0.147838 
0.147497 
0.147156 
0.146815 
0.146473 
0.146132 
0.14579 
0.145448 
0.145107 
0.144765 
0.144423 
0.144081 
0.143739 
0.143397 
0.143055 
0.142712 
0.14237 
0.142028 
0.141685 
0.141343 
0.141 
0.140657 
0.140315 
0.139972 
0.139629 
0.139286 
0.138943 
0.1386 
0.138257 
0.137913 
0.13757 
0.137227 
0.136883 
0.13654 
0.136196 
0.135852 
0.135509 
0.135165 
0.134821 
0.134477 
0.134133 
0.133789 
0.133445 
0.133101 
0.132756 
0.132412 
0.132067 
0.131723 
0.131378 
0.131034 
0.130689 
0.130344 
0.13 
0.129655 
0.12931 
0.128965 
0.12862 
0.128274 
0.127929 
0.127584 
0.127239 
0.126893 
0.126548 
0.126202 
0.125856 
0.125511 
0.125165 
0.124819 
0.124473 
0.124127 
0.123781 
0.123435 
0.123089 
0.122743 
0.122397 
0.122051 
0.121704 
0.121358 
0.121011 
0.120665 
0.120318 
0.119971 
0.119625 
0.119278 
0.118931 
0.118584 
0.118237 
0.11789 
0.117543 
0.117196 
0.116849 
0.116501 
0.116154 
0.115807 
0.115459 
0.115112 
0.114764 
0.114416 
0.114069 
0.113721 
0.113373 
0.113025 
0.112677 
0.112329 
0.111981 
0.111633 
0.111285 
0.110937 
0.110589 
0.11024 
0.109892 
0.109543 
0.109195 
0.108846 
0.108498 
0.108149 
0.1078 
0.107452 
0.107103 
0.106754 
0.106405 
0.106056 
0.105707 
0.105358 
0.105009 
0.104659 
0.10431 
0.103961 
0.103612 
0.103262 
0.102913 
0.102563 
0.102214 
0.101864 
0.101514 
0.101164 
0.100815 
0.100465 
0.100115 
0.0997651 
0.0994151 
0.099065 
0.0987149 
0.0983648 
0.0980146 
0.0976644 
0.0973141 
0.0969638 
0.0966134 
0.0962629 
0.0959124 
0.0955619 
0.0952113 
0.0948607 
0.09451 
0.0941593 
0.0938085 
0.0934577 
0.0931068 
0.0927559 
0.0924049 
0.0920539 
0.0917028 
0.0913517 
0.0910006 
0.0906494 
0.0902981 
0.0899468 
0.0895955 
0.0892441 
0.0888927 
0.0885412 
0.0881897 
0.0878381 
0.0874865 
0.0871349 
0.0867832 
0.0864314 
0.0860796 
0.0857278 
0.0853759 
0.085024 
0.084672 
0.08432 
0.083968 
0.0836159 
0.0832637 
0.0829116 
0.0825594 
0.0822071 
0.0818548 
0.0815024 
0.0811501 
0.0807976 
0.0804452 
0.0800926 
0.0797401 
0.0793875 
0.0790349 
0.0786822 
0.0783295 
0.0779767 
0.0776239 
0.0772711 
0.0769182 
0.0765653 
0.0762124 
0.0758594 
0.0755064 
0.0751533 
0.0748002 
0.074447 
0.0740939 
0.0737406 
0.0733874 
0.0730341 
0.0726808 
0.0723274 
0.071974 
0.0716205 
0.0712671 
0.0709136 
0.07056 
0.0702064 
0.0698528 
0.0694991 
0.0691454 
0.0687917 
0.068438 
0.0680842 
0.0677303 
0.0673764 
0.0670225 
0.0666686 
0.0663146 
0.0659606 
0.0656066 
0.0652525 
0.0648984 
0.0645443 
0.0641901 
0.0638359 
0.0634817 
0.0631274 
0.0627731 
0.0624188 
0.0620644 
0.06171 
0.0613556 
0.0610011 
0.0606466 
0.0602921 
0.0599376 
0.059583 
0.0592284 
0.0588737 
0.058519 
0.0581643 
0.0578096 
0.0574548 
0.0571001 
0.0567452 
0.0563904 
0.0560355 
0.0556806 
0.0553257 
0.0549707 
0.0546157 
0.0542607 
0.0539056 
0.0535506 
0.0531955 
0.0528403 
0.0524852 
0.05213 
0.0517748 
0.0514195 
0.0510643 
0.050709 
0.0503537 
0.0499983 
0.049643 
0.0492876 
0.0489322 
0.0485767 
0.0482213 
0.0478658 
0.0475103 
0.0471547 
0.0467992 
0.0464436 
0.046088 
0.0457323 
0.0453767 
0.045021 
0.0446653 
0.0443096 
0.0439538 
0.043598 
0.0432422 
0.0428864 
0.0425306 
0.0421747 
0.0418188 
0.0414629 
0.041107 
0.0407511 
0.0403951 
0.0400391 
0.0396831 
0.0393271 
0.038971 
0.038615 
0.0382589 
0.0379028 
0.0375467 
0.0371905 
0.0368344 
0.0364782 
0.036122 
0.0357658 
0.0354095 
0.0350533 
0.034697 
0.0343407 
0.0339844 
0.0336281 
0.0332717 
0.0329154 
0.032559 
0.0322026 
0.0318462 
0.0314898 
0.0311333 
0.0307769 
0.0304204 
0.0300639 
0.0297074 
0.0293509 
0.0289943 
0.0286378 
0.0282812 
0.0279246 
0.0275681 
0.0272114 
0.0268548 
0.0264982 
0.0261415 
0.0257849 
0.0254282 
0.0250715 
0.0247148 
0.0243581 
0.0240014 
0.0236446 
0.0232879 
0.0229311 
0.0225744 
0.0222176 
0.0218608 
0.021504 
0.0211472 
0.0207903 
0.0204335 
0.0200766 
0.0197198 
0.0193629 
0.019006 
0.0186491 
0.0182922 
0.0179353 
0.0175784 
0.0172215 
0.0168646 
0.0165076 
0.0161507 
0.0157937 
0.0154367 
0.0150798 
0.0147228 
0.0143658 
0.0140088 
0.0136518 
0.0132948 
0.0129377 
0.0125807 
0.0122237 
0.0118666 
0.0115096 
0.0111525 
0.0107955 
0.0104384 
0.0100814 
0.00972429 
0.00936721 
0.00901012 
0.00865304 
0.00829595 
0.00793885 
0.00758175 
0.00722465 
0.00686754 
0.00651043 
0.00615331 
0.0057962 
0.00543908 
0.00508195 
0.00472483 
0.0043677 
0.00401057 
0.00365344 
0.0032963 
0.00293917 
0.00258203 
0.00222489 
0.00186775 
0.00151061 
0.00115347 
0.000796326 
0.000439184 
8.20411e-05 
-0.000275102 
-0.000632244 
-0.000989387 
-0.00134653 
-0.00170367 
-0.00206081 
-0.00241795 
-0.00277509 
-0.00313222 
-0.00348936 
-0.00384649 
-0.00420362 
-0.00456075 
-0.00491788 
-0.005275 
-0.00563213 
-0.00598924 
-0.00634636 
-0.00670347 
-0.00706058 
-0.00741769 
-0.00777479 
-0.00813189 
-0.00848898 
-0.00884607 
-0.00920315 
-0.00956023 
-0.00991731 
-0.0102744 
-0.0106314 
-0.0109885 
-0.0113456 
-0.0117026 
-0.0120596 
-0.0124167 
-0.0127737 
-0.0131307 
-0.0134878 
-0.0138448 
-0.0142018 
-0.0145588 
-0.0149157 
-0.0152727 
-0.0156297 
-0.0159867 
-0.0163436 
-0.0167006 
-0.0170575 
-0.0174144 
-0.0177714 
-0.0181283 
-0.0184852 
-0.0188421 
-0.019199 
-0.0195558 
-0.0199127 
-0.0202695 
-0.0206264 
-0.0209832 
-0.02134 
-0.0216969 
-0.0220537 
-0.0224104 
-0.0227672 
-0.023124 
-0.0234807 
-0.0238375 
-0.0241942 
-0.0245509 
-0.0249076 
-0.0252643 
-0.025621 
-0.0259777 
-0.0263343 
-0.026691 
-0.0270476 
-0.0274042 
-0.0277608 
-0.0281174 
-0.028474 
-0.0288305 
-0.0291871 
-0.0295436 
-0.0299001 
-0.0302566 
-0.0306131 
-0.0309696 
-0.031326 
-0.0316824 
-0.0320389 
-0.0323953 
-0.0327516 
-0.033108 
-0.0334644 
-0.0338207 
-0.034177 
-0.0345333 
-0.0348896 
-0.0352458 
-0.0356021 
-0.0359583 
-0.0363145 
-0.0366707 
-0.0370269 
-0.037383 
-0.0377392 
-0.0380953 
-0.0384514 
-0.0388075 
-0.0391635 
-0.0395196 
-0.0398756 
-0.0402316 
-0.0405875 
-0.0409435 
-0.0412994 
-0.0416553 
-0.0420112 
-0.0423671 
-0.0427229 
-0.0430788 
-0.0434346 
-0.0437904 
-0.0441461 
-0.0445019 
-0.0448576 
-0.0452133 
-0.0455689 
-0.0459246 
-0.0462802 
-0.0466358 
-0.0469914 
-0.0473469 
-0.0477024 
-0.0480579 
-0.0484134 
-0.0487689 
-0.0491243 
-0.0494797 
-0.0498351 
-0.0501904 
-0.0505458 
-0.0509011 
-0.0512563 
-0.0516116 
-0.0519668 
-0.052322 
-0.0526772 
-0.0530323 
-0.0533874 
-0.0537425 
-0.0540976 
-0.0544526 
-0.0548076 
-0.0551626 
-0.0555175 
-0.0558725 
-0.0562273 
-0.0565822 
-0.056937 
-0.0572918 
-0.0576466 
-0.0580014 
-0.0583561 
-0.0587108 
-0.0590654 
-0.0594201 
-0.0597747 
-0.0601292 
-0.0604838 
-0.0608383 
-0.0611927 
-0.0615472 
-0.0619016 
-0.062256 
-0.0626103 
-0.0629646 
-0.0633189 
-0.0636732 
-0.0640274 
-0.0643816 
-0.0647357 
-0.0650898 
-0.0654439 
-0.065798 
-0.066152 
-0.066506 
-0.0668599 
-0.0672139 
-0.0675677 
-0.0679216 
-0.0682754 
-0.0686292 
-0.0689829 
-0.0693366 
-0.0696903 
-0.070044 
-0.0703976 
-0.0707511 
-0.0711047 
-0.0714582 
-0.0718116 
-0.072165 
-0.0725184 
-0.0728718 
-0.0732251 
-0.0735784 
-0.0739316 
-0.0742848 
-0.0746379 
-0.0749911 
-0.0753442 
-0.0756972 
-0.0760502 
-0.0764032 
-0.0767561 
-0.077109 
-0.0774618 
-0.0778147 
-0.0781674 
-0.0785202 
-0.0788728 
-0.0792255 
-0.0795781 
-0.0799307 
-0.0802832 
-0.0806357 
-0.0809881 
-0.0813406 
-0.0816929 
-0.0820452 
-0.0823975 
-0.0827498 
-0.083102 
-0.0834541 
-0.0838062 
-0.0841583 
-0.0845103 
-0.0848623 
-0.0852142 
-0.0855661 
-0.085918 
-0.0862698 
-0.0866216 
-0.0869733 
-0.087325 
-0.0876766 
-0.0880282 
-0.0883797 
-0.0887312 
-0.0890827 
-0.0894341 
-0.0897854 
-0.0901367 
-0.090488 
-0.0908392 
-0.0911904 
-0.0915415 
-0.0918926 
-0.0922437 
-0.0925946 
-0.0929456 
-0.0932965 
-0.0936473 
-0.0939981 
-0.0943489 
-0.0946996 
-0.0950502 
-0.0954008 
-0.0957514 
-0.0961019 
-0.0964524 
-0.0968028 
-0.0971531 
-0.0975035 
-0.0978537 
-0.0982039 
-0.0985541 
-0.0989042 
-0.0992543 
-0.0996043 
-0.0999542 
-0.100304 
-0.100654 
-0.101004 
-0.101354 
-0.101703 
-0.102053 
-0.102403 
-0.102752 
-0.103102 
-0.103451 
-0.1038 
-0.10415 
-0.104499 
-0.104848 
-0.105197 
-0.105547 
-0.105896 
-0.106245 
-0.106594 
-0.106942 
-0.107291 
-0.10764 
-0.107989 
-0.108338 
-0.108686 
-0.109035 
-0.109383 
-0.109732 
-0.11008 
-0.110428 
-0.110777 
-0.111125 
-0.111473 
-0.111821 
-0.112169 
-0.112517 
-0.112865 
-0.113213 
-0.113561 
-0.113909 
-0.114257 
-0.114604 
-0.114952 
-0.115299 
-0.115647 
-0.115994 
-0.116342 
-0.116689 
-0.117036 
-0.117383 
-0.117731 
-0.118078 
-0.118425 
-0.118772 
-0.119119 
-0.119465 
-0.119812 
-0.120159 
-0.120505 
-0.120852 
-0.121199 
-0.121545 
-0.121891 
-0.122238 
-0.122584 
-0.12293 
-0.123276 
-0.123622 
-0.123969 
-0.124314 
-0.12466 
-0.125006 
-0.125352 
-0.125698 
-0.126043 
-0.126389 
-0.126734 
-0.12708 
-0.127425 
-0.127771 
-0.128116 
-0.128461 
-0.128806 
-0.129151 
-0.129496 
-0.129841 
-0.130186 
-0.130531 
-0.130875 
-0.13122 
-0.131565 
-0.131909 
-0.132254 
-0.132598 
-0.132942 
-0.133287 
-0.133631 
-0.133975 
-0.134319 
-0.134663 
-0.135007 
-0.135351 
-0.135695 
-0.136038 
-0.136382 
-0.136725 
-0.137069 
-0.137412 
-0.137756 
-0.138099 
-0.138442 
-0.138785 
-0.139128 
-0.139471 
-0.139814 
-0.140157 
-0.1405 
-0.140843 
-0.141185 
-0.141528 
-0.14187 
-0.142213 
-0.142555 
-0.142897 
-0.14324 
-0.143582 
-0.143924 
-0.144266 
-0.144608 
-0.14495 
-0.145291 
-0.145633 
-0.145975 
-0.146316 
-0.146658 
-0.146999 
-0.14734 
-0.147682 
-0.148023 
-0.148364 
-0.148705 
-0.149046 
-0.149387 
-0.149728 
-0.150068 
-0.150409 
-0.15075 
-0.15109 
-0.15143 
-0.151771 
-0.152111 
-0.152451 
-0.152791 
-0.153131 
-0.153471 
-0.153811 
-0.154151 
-0.154491 
-0.15483 
-0.15517 
-0.155509 
-0.155849 
-0.156188 
-0.156527 
-0.156866 
-0.157205 
-0.157544 
-0.157883 
-0.158222 
-0.158561 
-0.1589 
-0.159238 
-0.159577 
-0.159915 
-0.160253 
-0.160592 
-0.16093 
-0.161268 
-0.161606 
-0.161944 
-0.162282 
-0.16262 
-0.162957 
-0.163295 
-0.163632 
-0.16397 
-0.164307 
-0.164644 
-0.164982 
-0.165319 
-0.165656 
-0.165993 
-0.166329 
-0.166666 
-0.167003 
-0.167339 
-0.167676 
-0.168012 
-0.168349 
-0.168685 
-0.169021 
-0.169357 
-0.169693 
-0.170029 
-0.170365 
-0.170701 
-0.171036 
-0.171372 
-0.171707 
-0.172043 
-0.172378 
-0.172713 
-0.173048 
-0.173383 
-0.173718 
-0.174053 
-0.174388 
-0.174723 
-0.175057 
-0.175392 
-0.175726 
-0.17606 
-0.176395 
-0.176729 
-0.177063 
-0.177397 
-0.177731 
-0.178064 
-0.178398 
-0.178732 
-0.179065 
-0.179399 
-0.179732 
-0.180065 
-0.180398 
-0.180731 
-0.181064 
-0.181397 
-0.18173 
-0.182062 
-0.182395 
-0.182728 
-0.18306 
-0.183392 
-0.183724 
-0.184057 
-0.184389 
-0.18472 
-0.185052 
-0.185384 
-0.185716 
-0.186047 
-0.186379 
-0.18671 
-0.187041 
-0.187372 
-0.187704 
-0.188035 
-0.188365 
-0.188696 
-0.189027 
-0.189357 
-0.189688 
-0.190018 
-0.190349 
-0.190679 
-0.191009 
-0.191339 
-0.191669 
-0.191999 
-0.192328 
-0.192658 
-0.192988 
-0.193317 
-0.193646 
-0.193975 
-0.194305 
-0.194634 
-0.194963 
-0.195291 
-0.19562 
-0.195949 
-0.196277 
-0.196606 
-0.196934 
-0.197262 
-0.19759 
-0.197918 
-0.198246 
-0.198574 
-0.198902 
-0.199229 
-0.199557 
-0.199884 
-0.200212 
-0.200539 
-0.200866 
-0.201193 
-0.20152 
-0.201847 
-0.202173 
-0.2025 
-0.202826 
-0.203153 
-0.203479 
-0.203805 
-0.204131 
-0.204457 
-0.204783 
-0.205109 
-0.205435 
-0.20576 
-0.206086 
-0.206411 
-0.206736 
-0.207061 
-0.207386 
-0.207711 
-0.208036 
