0.0178571 
-0.0850385 
-0.0780612 
-0.0746295 
-0.0517102 
-0.0808346 
-0.0362134 
0.08337 
0.141203 
0.15442 
0.154304 
0.162803 
0.167631 
0.156062 
0.130182 
0.153543 
0.203214 
0.248892 
0.26042 
0.261276 
0.271431 
0.294791 
0.308536 
0.313305 
0.312492 
0.314963 
0.312832 
0.314731 
0.325282 
0.359619 
0.402427 
0.440096 
0.459972 
0.464968 
0.459758 
0.446525 
0.426642 
0.402572 
0.38509 
0.375036 
0.385182 
0.40782 
0.442175 
0.470523 
0.486962 
0.489186 
0.484115 
0.477498 
0.472361 
0.465759 
0.457222 
0.443007 
0.42962 
0.415493 
0.408293 
0.403599 
0.403269 
0.402219 
0.39962 
0.392565 
0.379737 
0.35846 
0.330824 
0.300539 
0.276465 
0.262212 
0.262186 
0.272654 
0.289686 
0.303693 
0.306482 
0.292639 
0.261033 
0.21445 
0.158877 
0.0957965 
0.0505096 
0.0165409 
0.0203355 
0.0348549 
0.0655168 
0.085071 
0.091797 
0.0791159 
0.0546955 
0.0236316 
-0.00807849 
-0.0423362 
-0.0748658 
-0.108171 
-0.13223 
-0.151353 
-0.159169 
-0.164587 
-0.165088 
-0.169539 
-0.177175 
-0.195841 
-0.223047 
-0.260155 
-0.295497 
