0.000357143 
0.000670507 
0.000941449 
0.00117832 
0.00137629 
0.0015495 
0.00169256 
0.00181638 
0.0019156 
0.00200063 
0.00206565 
0.00212063 
0.00215937 
0.00219151 
0.00221052 
0.00222574 
0.00223041 
0.00223361 
0.00222835 
0.00222353 
0.00221199 
0.00220243 
0.00218758 
0.00217598 
0.00216024 
0.00214878 
0.00213413 
0.00212459 
0.00211262 
0.00210644 
0.00209843 
0.00209675 
0.00209373 
0.00209746 
0.00210025 
0.0021101 
0.00211933 
0.00213587 
0.00215203 
0.00217569 
0.00219914 
0.00223024 
0.00226128 
0.00230006 
0.00233886 
0.00238549 
0.00243221 
0.00248679 
0.00254152 
0.00260412 
0.0026669 
0.00273755 
0.0028084 
0.00288711 
0.00296604 
0.00305279 
0.00313976 
0.00323452 
0.0033295 
0.00343223 
0.00353516 
0.00364582 
0.00375665 
0.00387516 
0.00399384 
0.00412014 
0.00424659 
0.00438062 
0.00451478 
0.00465646 
0.00479826 
0.00494752 
0.00509688 
0.00525364 
0.00541049 
0.00557468 
0.00573894 
0.00591048 
0.00608207 
0.00626088 
0.00643973 
0.00662572 
0.00681173 
0.00700483 
0.00719793 
0.00739805 
0.00759816 
0.00780521 
0.00801223 
0.00822612 
0.00843997 
0.00866062 
0.00888121 
0.00910852 
0.00933576 
0.00956965 
0.00980343 
0.0100438 
0.010284 
0.0105308 
0.0107774 
0.0110304 
0.0112833 
0.0115426 
0.0118016 
0.0120669 
0.0123321 
0.0126034 
0.0128745 
0.0131517 
0.0134286 
0.0137116 
0.0139944 
0.0142831 
0.0145715 
0.0148657 
0.0151597 
0.0154595 
0.0157589 
0.0160641 
0.0163689 
0.0166793 
0.0169894 
0.017305 
0.0176202 
0.0179409 
0.0182612 
0.0185868 
0.0189121 
0.0192425 
0.0195726 
0.0199079 
0.0202427 
0.0205826 
0.0209221 
0.0212666 
0.0216106 
0.0219595 
0.022308 
0.0226613 
0.0230141 
0.0233716 
0.0237286 
0.0240902 
0.0244514 
0.0248171 
0.0251823 
0.0255519 
0.025921 
0.0262944 
0.0266674 
0.0270445 
0.0274212 
0.027802 
0.0281823 
0.0285666 
0.0289504 
0.0293382 
0.0297254 
0.0301165 
0.030507 
0.0309013 
0.0312951 
0.0316925 
0.0320894 
0.0324899 
0.0328898 
0.0332932 
0.033696 
0.0341022 
0.0345079 
0.0349169 
0.0353252 
0.0357369 
0.0361479 
0.0365621 
0.0369756 
0.0373922 
0.0378082 
0.0382272 
0.0386455 
0.0390668 
0.0394874 
0.0399108 
0.0403336 
0.0407591 
0.0411839 
0.0416115 
0.0420383 
0.0424677 
0.0428964 
0.0433277 
0.0437582 
0.0441912 
0.0446234 
0.045058 
0.0454919 
0.0459281 
0.0463635 
0.0468012 
0.0472381 
0.0476771 
0.0481154 
0.0485558 
0.0489954 
0.049437 
0.0498778 
0.0503206 
0.0507625 
0.0512063 
0.0516494 
0.0520942 
0.0525382 
0.052984 
0.0534289 
0.0538755 
0.0543213 
0.0547686 
0.0552152 
0.0556633 
0.0561105 
0.0565592 
0.0570071 
0.0574564 
0.0579048 
0.0583546 
0.0588035 
0.0592537 
0.0597031 
0.0601536 
0.0606034 
0.0610542 
0.0615042 
0.0619554 
0.0624056 
0.0628569 
0.0633073 
0.0637587 
0.0642093 
0.0646608 
0.0651113 
0.0655628 
0.0660134 
0.0664648 
0.0669154 
0.0673667 
0.0678171 
0.0682683 
0.0687186 
0.0691695 
0.0696196 
0.0700703 
0.0705201 
0.0709705 
0.0714199 
0.07187 
0.0723191 
0.0727687 
0.0732174 
0.0736666 
0.0741149 
0.0745636 
0.0750114 
0.0754595 
0.0759068 
0.0763543 
0.076801 
0.077248 
0.077694 
0.0781403 
0.0785857 
0.0790314 
0.0794761 
0.079921 
0.0803649 
0.0808091 
0.0812523 
0.0816956 
0.0821381 
0.0825806 
0.0830222 
0.0834638 
0.0839046 
0.0843454 
0.0847852 
0.0852251 
0.085664 
0.0861029 
0.0865409 
0.0869788 
0.0874158 
0.0878528 
0.0882888 
0.0887248 
0.0891597 
0.0895946 
0.0900286 
0.0904624 
0.0908953 
0.091328 
0.0917598 
0.0921915 
0.0926222 
0.0930527 
0.0934822 
0.0939116 
0.09434 
0.0947682 
0.0951955 
0.0956225 
0.0960486 
0.0964744 
0.0968993 
0.0973239 
0.0977476 
0.098171 
0.0985934 
0.0990156 
0.0994368 
0.0998577 
0.100278 
0.100697 
0.101116 
0.101534 
0.101952 
0.102369 
0.102785 
0.103201 
0.103616 
0.10403 
0.104444 
0.104857 
0.105269 
0.105681 
0.106092 
0.106503 
0.106912 
0.107322 
0.10773 
0.108138 
0.108545 
0.108952 
0.109357 
0.109763 
0.110167 
0.110571 
0.110974 
0.111376 
0.111778 
0.112179 
0.11258 
0.11298 
0.113379 
0.113777 
0.114175 
0.114572 
0.114968 
0.115364 
0.115759 
0.116154 
0.116547 
0.11694 
0.117333 
0.117724 
0.118115 
0.118506 
0.118895 
0.119284 
0.119673 
0.120061 
0.120447 
0.120834 
0.121219 
0.121605 
0.121989 
0.122373 
0.122755 
0.123138 
0.123519 
0.123901 
0.124281 
0.124661 
0.12504 
0.125418 
0.125796 
0.126173 
0.126549 
0.126925 
0.1273 
0.127675 
0.128049 
0.128422 
0.128794 
0.129167 
0.129538 
0.129909 
0.130278 
0.130648 
0.131016 
0.131385 
0.131752 
0.132119 
0.132485 
0.132851 
0.133216 
0.13358 
0.133944 
0.134307 
0.134669 
0.135031 
0.135392 
0.135753 
0.136113 
0.136473 
0.136831 
0.13719 
0.137547 
0.137905 
0.138261 
0.138617 
0.138972 
0.139327 
0.13968 
0.140034 
0.140387 
0.140739 
0.141091 
0.141442 
0.141792 
0.142143 
0.142492 
0.142841 
0.143189 
0.143537 
0.143884 
0.144231 
0.144576 
0.144922 
0.145267 
0.145611 
0.145955 
0.146298 
0.146641 
0.146983 
0.147324 
0.147666 
0.148006 
0.148346 
0.148685 
0.149025 
0.149363 
0.149701 
0.150038 
0.150375 
0.150711 
0.151047 
0.151382 
0.151717 
0.152051 
0.152385 
0.152718 
0.153051 
0.153383 
0.153715 
0.154046 
0.154377 
0.154707 
0.155037 
0.155366 
0.155695 
0.156023 
0.156351 
0.156678 
0.157005 
0.157331 
0.157657 
0.157982 
0.158308 
0.158632 
0.158956 
0.159279 
0.159603 
0.159925 
0.160248 
0.160569 
0.160891 
0.161211 
0.161532 
0.161851 
0.162171 
0.16249 
0.162809 
0.163127 
0.163445 
0.163762 
0.164079 
0.164395 
0.164712 
0.165027 
0.165343 
0.165657 
0.165972 
0.166286 
0.1666 
0.166912 
0.167226 
0.167538 
0.16785 
0.168161 
0.168473 
0.168783 
0.169094 
0.169404 
0.169714 
0.170023 
0.170332 
0.17064 
0.170949 
0.171256 
0.171564 
0.171871 
0.172178 
0.172484 
0.172791 
0.173096 
0.173402 
0.173706 
0.174011 
0.174315 
0.174619 
0.174922 
0.175226 
0.175528 
0.175832 
0.176133 
0.176436 
0.176737 
0.177039 
0.177339 
0.177641 
0.17794 
0.178241 
0.17854 
0.17884 
0.179138 
0.179438 
0.179736 
0.180035 
0.180332 
0.18063 
0.180927 
0.181225 
0.181521 
0.181818 
0.182114 
0.18241 
0.182705 
0.183001 
0.183296 
0.183591 
0.183885 
0.18418 
0.184474 
0.184768 
0.185061 
0.185355 
0.185648 
0.185941 
0.186233 
0.186527 
0.186818 
0.187111 
0.187402 
0.187694 
0.187984 
0.188276 
0.188566 
0.188858 
0.189147 
0.189438 
0.189727 
0.190018 
0.190307 
0.190597 
0.190885 
0.191175 
0.191463 
0.191753 
0.19204 
0.192329 
0.192617 
0.192905 
0.193192 
0.193481 
0.193767 
0.194055 
0.194342 
0.194629 
0.194915 
0.195203 
0.195488 
0.195776 
0.196061 
0.196348 
0.196633 
0.196919 
0.197204 
0.19749 
0.197775 
0.198061 
0.198345 
0.198631 
0.198915 
0.199201 
0.199484 
0.19977 
0.200053 
0.200339 
0.200622 
0.200907 
0.20119 
0.201475 
0.201758 
0.202043 
0.202325 
0.20261 
0.202893 
0.203177 
0.203459 
0.203744 
0.204026 
0.20431 
0.204592 
0.204876 
0.205158 
0.205442 
0.205724 
0.206008 
0.20629 
0.206573 
0.206855 
0.207139 
0.207421 
0.207704 
0.207986 
0.208269 
0.208551 
0.208834 
0.209116 
0.209399 
0.209681 
0.209964 
0.210246 
0.210529 
0.21081 
0.211094 
0.211375 
0.211659 
0.21194 
0.212224 
0.212505 
0.212788 
0.21307 
0.213353 
0.213635 
0.213918 
0.2142 
0.214484 
0.214765 
0.215049 
0.215331 
0.215614 
0.215896 
0.21618 
0.216462 
0.216746 
0.217027 
0.217311 
0.217593 
0.217878 
0.21816 
0.218444 
0.218726 
0.21901 
0.219293 
0.219577 
0.21986 
0.220144 
0.220427 
0.220712 
0.220995 
0.221279 
0.221562 
0.221847 
0.222131 
0.222416 
0.222699 
0.222984 
0.223268 
0.223553 
0.223837 
0.224123 
0.224407 
0.224693 
0.224977 
0.225263 
0.225547 
0.225833 
0.226118 
0.226404 
0.226689 
0.226976 
0.227261 
0.227548 
0.227833 
0.22812 
0.228405 
0.228693 
0.228979 
0.229266 
0.229552 
0.22984 
0.230126 
0.230414 
0.230701 
0.230989 
0.231276 
0.231564 
0.231851 
0.23214 
0.232427 
0.232716 
0.233004 
0.233293 
0.233581 
0.233871 
0.234159 
0.234449 
0.234737 
0.235027 
0.235316 
0.235606 
0.235895 
0.236186 
0.236475 
0.236766 
0.237056 
0.237347 
0.237637 
0.237929 
0.238219 
0.238511 
0.238801 
0.239093 
0.239384 
0.239676 
0.239967 
0.24026 
0.240551 
0.240845 
0.241136 
0.24143 
0.241721 
0.242015 
0.242307 
0.242601 
0.242894 
0.243188 
0.243481 
0.243776 
0.244069 
0.244364 
0.244657 
0.244952 
0.245246 
0.245541 
0.245835 
0.246131 
0.246426 
0.246722 
0.247016 
0.247313 
0.247608 
0.247904 
0.2482 
0.248497 
0.248792 
0.24909 
0.249385 
0.249683 
0.249979 
0.250277 
0.250574 
0.250872 
0.251169 
0.251467 
0.251764 
0.252063 
0.25236 
0.252659 
0.252957 
0.253256 
0.253554 
0.253854 
0.254152 
0.254452 
0.25475 
0.255051 
0.255349 
0.25565 
0.255949 
0.25625 
0.256549 
0.25685 
0.25715 
0.257451 
0.257751 
0.258052 
0.258352 
0.258654 
0.258955 
0.259257 
0.259557 
0.25986 
0.260161 
0.260463 
0.260764 
0.261067 
0.261369 
0.261671 
0.261973 
0.262276 
0.262578 
0.262882 
0.263184 
0.263488 
0.26379 
0.264094 
0.264397 
0.264701 
0.265004 
0.265308 
0.265611 
0.265916 
0.266219 
0.266524 
0.266827 
0.267132 
0.267436 
0.267741 
0.268045 
0.26835 
0.268654 
0.268959 
0.269264 
0.269569 
0.269874 
0.27018 
0.270484 
0.27079 
0.271095 
0.271401 
0.271706 
0.272012 
0.272317 
0.272624 
0.272929 
0.273235 
0.273541 
0.273847 
0.274153 
0.27446 
0.274765 
0.275072 
0.275378 
0.275685 
0.27599 
0.276297 
0.276603 
0.27691 
0.277216 
0.277524 
0.27783 
0.278137 
0.278443 
0.27875 
0.279057 
0.279364 
0.27967 
0.279977 
0.280284 
0.280591 
0.280897 
0.281205 
0.281511 
0.281818 
0.282125 
0.282432 
0.282738 
0.283046 
0.283352 
0.283659 
0.283966 
0.284273 
0.284579 
0.284886 
0.285193 
0.2855 
0.285806 
0.286113 
0.286419 
0.286726 
0.287032 
0.287339 
0.287645 
0.287951 
0.288257 
0.288564 
0.28887 
0.289176 
0.289482 
0.289788 
0.290093 
0.290399 
0.290705 
0.291011 
0.291316 
0.291621 
0.291926 
0.292232 
0.292537 
0.292842 
0.293146 
0.293451 
0.293756 
0.29406 
0.294364 
0.294669 
0.294973 
0.295277 
0.29558 
0.295884 
0.296187 
0.296491 
0.296794 
0.297097 
0.297399 
0.297702 
0.298004 
0.298307 
0.298609 
0.298911 
0.299212 
0.299514 
0.299815 
0.300117 
0.300417 
0.300718 
0.301018 
0.301319 
0.301618 
0.301918 
0.302218 
0.302517 
0.302816 
0.303115 
0.303413 
0.303712 
0.304009 
0.304307 
0.304605 
0.304902 
0.305199 
0.305496 
0.305792 
0.306088 
0.306383 
0.306679 
0.306974 
0.307269 
0.307563 
0.307858 
0.308151 
0.308445 
0.308738 
0.309031 
0.309323 
0.309615 
0.309907 
0.310199 
0.31049 
0.31078 
0.311071 
0.311361 
0.31165 
0.311939 
0.312228 
0.312517 
0.312804 
0.313092 
0.313379 
0.313666 
0.313952 
0.314238 
0.314524 
0.314809 
0.315094 
0.315378 
0.315662 
0.315945 
0.316228 
0.31651 
0.316792 
0.317074 
0.317355 
0.317636 
0.317915 
0.318195 
0.318474 
0.318753 
0.319031 
0.319309 
0.319586 
0.319863 
0.320139 
0.320414 
0.320689 
0.320964 
0.321238 
0.321512 
0.321785 
0.322057 
0.322329 
0.322601 
0.322871 
0.323142 
0.323412 
0.323681 
0.32395 
0.324218 
0.324485 
0.324752 
0.325019 
0.325285 
0.32555 
0.325815 
0.326078 
0.326342 
0.326605 
0.326868 
0.327129 
0.32739 
0.327651 
0.327911 
0.32817 
0.328429 
0.328687 
0.328945 
0.329201 
0.329458 
0.329713 
0.329969 
0.330223 
0.330477 
0.33073 
0.330983 
0.331234 
0.331486 
0.331736 
0.331986 
0.332235 
0.332484 
0.332732 
0.33298 
0.333227 
0.333473 
0.333718 
0.333963 
0.334207 
0.334451 
0.334694 
0.334936 
0.335178 
0.335419 
0.335659 
0.335899 
0.336138 
0.336376 
0.336614 
0.336851 
0.337087 
0.337323 
0.337558 
0.337793 
0.338026 
0.338259 
0.338491 
0.338724 
0.338954 
0.339185 
0.339415 
0.339644 
0.339872 
0.3401 
0.340327 
0.340554 
0.34078 
0.341005 
0.34123 
0.341454 
0.341677 
0.3419 
0.342122 
0.342343 
0.342564 
0.342784 
0.343003 
0.343222 
0.34344 
0.343658 
0.343875 
0.344091 
0.344307 
0.344522 
0.344736 
0.34495 
0.345163 
0.345376 
0.345588 
0.345799 
0.34601 
0.34622 
0.346429 
0.346639 
0.346847 
0.347055 
0.347262 
0.347468 
0.347674 
0.34788 
0.348084 
0.348289 
0.348492 
0.348696 
0.348898 
0.349101 
0.349302 
0.349503 
0.349703 
0.349903 
0.350102 
0.350301 
0.350499 
0.350698 
0.350894 
0.351092 
0.351287 
0.351483 
0.351678 
0.351873 
0.352067 
0.352261 
0.352454 
0.352648 
0.35284 
0.353032 
0.353223 
0.353414 
0.353604 
0.353795 
0.353984 
0.354174 
0.354362 
0.354551 
0.354739 
0.354927 
0.355113 
0.355301 
0.355487 
0.355673 
0.355858 
0.356044 
0.356229 
0.356414 
0.356597 
0.356782 
0.356965 
0.357149 
0.357331 
0.357514 
0.357696 
0.357878 
0.35806 
0.358242 
0.358422 
0.358604 
0.358784 
0.358964 
0.359144 
0.359324 
0.359504 
0.359683 
0.359862 
0.360042 
0.36022 
0.360399 
0.360577 
0.360755 
0.360933 
0.361111 
0.361288 
0.361466 
0.361643 
0.361821 
0.361998 
0.362175 
0.362351 
0.362529 
0.362705 
0.362882 
0.363058 
0.363235 
0.36341 
0.363587 
0.363763 
0.36394 
0.364115 
0.364292 
0.364467 
0.364644 
0.364819 
0.364996 
0.365172 
0.365348 
0.365524 
0.3657 
0.365876 
0.366053 
0.366228 
0.366405 
0.366581 
0.366758 
0.366934 
0.367111 
0.367288 
0.367465 
0.367642 
0.367819 
0.367996 
0.368174 
0.368351 
0.368529 
0.368707 
0.368885 
0.369063 
0.369242 
0.36942 
0.369599 
0.369778 
0.369957 
0.370136 
0.370316 
0.370496 
0.370677 
0.370857 
0.371038 
0.371218 
0.3714 
0.371581 
0.371763 
0.371945 
0.372128 
0.37231 
0.372493 
0.372676 
0.37286 
0.373044 
0.373229 
0.373413 
0.373598 
0.373783 
0.373969 
0.374155 
0.374342 
0.374529 
0.374716 
0.374903 
0.375092 
0.37528 
0.375469 
0.375658 
0.375848 
0.376038 
0.376229 
0.37642 
0.376612 
0.376803 
0.376996 
0.377188 
0.377382 
0.377576 
0.37777 
0.377965 
0.37816 
0.378356 
0.378552 
0.378748 
0.378946 
0.379143 
0.379342 
0.37954 
0.37974 
0.379939 
0.38014 
0.38034 
0.380542 
0.380743 
0.380946 
0.381149 
0.381353 
0.381556 
0.381761 
0.381966 
0.382172 
0.382378 
0.382585 
0.382792 
0.383 
0.383209 
0.383418 
0.383627 
0.383838 
0.384048 
0.38426 
0.384471 
0.384684 
0.384897 
0.385111 
0.385325 
0.38554 
0.385755 
0.385971 
0.386187 
0.386405 
0.386622 
0.386841 
0.387059 
0.387279 
0.387499 
0.38772 
0.387941 
0.388163 
0.388385 
0.388608 
0.388831 
0.389056 
0.38928 
0.389506 
0.389731 
0.389958 
0.390185 
0.390413 
0.39064 
0.390869 
0.391098 
0.391329 
0.391559 
0.39179 
0.392021 
0.392254 
0.392486 
0.392719 
0.392953 
0.393187 
0.393422 
0.393658 
0.393893 
0.39413 
0.394367 
0.394605 
0.394842 
0.395081 
0.39532 
0.39556 
0.3958 
0.396041 
0.396282 
0.396524 
0.396766 
0.397009 
0.397251 
0.397495 
0.397739 
0.397984 
0.398229 
0.398475 
0.39872 
0.398967 
0.399214 
0.399461 
0.399709 
0.399958 
0.400206 
0.400455 
0.400705 
0.400955 
0.401205 
0.401456 
0.401707 
0.401959 
0.402211 
0.402463 
0.402716 
0.402969 
0.403222 
0.403476 
0.40373 
0.403985 
0.40424 
0.404495 
0.404751 
0.405007 
0.405263 
0.405519 
0.405776 
0.406033 
0.406291 
0.406549 
0.406806 
0.407065 
0.407323 
0.407582 
0.407841 
0.408101 
0.40836 
0.40862 
0.40888 
0.40914 
0.4094 
0.409661 
0.409922 
0.410183 
0.410444 
0.410706 
0.410967 
0.411229 
0.411491 
0.411753 
0.412015 
0.412277 
0.412539 
0.412802 
0.413064 
0.413327 
0.41359 
0.413853 
0.414116 
0.414379 
0.414642 
0.414905 
0.415168 
0.415432 
0.415695 
0.415958 
0.416222 
0.416485 
0.416748 
0.417012 
0.417275 
0.417538 
0.417801 
0.418065 
0.418328 
0.418591 
0.418854 
0.419117 
0.41938 
0.419643 
0.419906 
0.420168 
0.420431 
0.420693 
0.420955 
0.421218 
0.421479 
0.421741 
0.422003 
0.422265 
0.422526 
0.422787 
0.423048 
0.423309 
0.42357 
0.42383 
0.42409 
0.42435 
0.42461 
0.424869 
0.425128 
0.425387 
0.425646 
0.425904 
0.426162 
0.42642 
0.426678 
0.426935 
0.427192 
0.427449 
0.427705 
0.427961 
0.428216 
0.428471 
0.428726 
0.428981 
0.429235 
0.429489 
0.429742 
0.429995 
0.430247 
0.4305 
0.430751 
0.431002 
0.431253 
0.431504 
0.431754 
0.432003 
0.432252 
0.4325 
0.432748 
0.432996 
0.433243 
0.43349 
0.433736 
0.433981 
0.434226 
0.434471 
0.434715 
0.434958 
0.435201 
0.435443 
0.435685 
0.435926 
0.436166 
0.436406 
0.436646 
0.436884 
0.437122 
0.43736 
0.437597 
0.437833 
0.438069 
0.438303 
0.438538 
0.438771 
0.439004 
0.439236 
0.439468 
0.439699 
0.439929 
0.440158 
0.440387 
0.440615 
0.440843 
0.441069 
0.441295 
0.44152 
0.441744 
0.441968 
0.442191 
0.442413 
0.442634 
0.442855 
0.443074 
0.443293 
0.443511 
0.443728 
0.443945 
0.444161 
0.444375 
0.444589 
0.444802 
0.445015 
0.445226 
0.445437 
0.445646 
0.445855 
0.446063 
0.44627 
0.446476 
0.446682 
0.446886 
0.447089 
0.447292 
0.447493 
0.447694 
0.447894 
0.448093 
0.44829 
0.448487 
0.448683 
0.448878 
0.449072 
0.449265 
0.449457 
0.449648 
0.449838 
0.450028 
0.450216 
0.450403 
0.450589 
0.450774 
0.450958 
0.451141 
0.451323 
0.451504 
0.451684 
0.451862 
0.45204 
0.452217 
0.452393 
0.452567 
0.452741 
0.452913 
0.453085 
0.453255 
0.453424 
0.453592 
0.453759 
0.453925 
0.45409 
0.454253 
0.454416 
0.454577 
0.454738 
0.454897 
0.455055 
0.455212 
0.455368 
0.455522 
0.455676 
0.455828 
0.455979 
0.456129 
0.456278 
0.456426 
0.456572 
0.456718 
0.456862 
0.457005 
0.457146 
0.457287 
0.457427 
0.457565 
0.457702 
0.457838 
0.457972 
0.458106 
0.458238 
0.458369 
0.458498 
0.458627 
0.458754 
0.458881 
0.459005 
0.459129 
0.459252 
0.459373 
0.459493 
0.459612 
0.459729 
0.459846 
0.459961 
0.460075 
0.460187 
0.460299 
0.460409 
0.460518 
0.460625 
0.460732 
0.460837 
0.460941 
0.461044 
0.461145 
0.461245 
0.461344 
0.461442 
0.461539 
0.461634 
0.461728 
0.461821 
0.461912 
0.462003 
0.462092 
0.462179 
0.462266 
0.462351 
0.462436 
0.462518 
0.4626 
0.462681 
0.46276 
0.462838 
0.462914 
0.46299 
0.463064 
0.463137 
0.463209 
0.46328 
0.463349 
0.463418 
0.463485 
0.46355 
0.463615 
0.463679 
0.463741 
0.463802 
0.463862 
0.46392 
0.463978 
0.464034 
0.464089 
0.464143 
0.464196 
0.464248 
0.464298 
0.464348 
0.464396 
0.464443 
0.464489 
0.464534 
0.464578 
0.46462 
0.464662 
0.464702 
0.464741 
0.46478 
0.464817 
0.464853 
0.464888 
0.464922 
0.464955 
0.464987 
0.465017 
0.465047 
0.465076 
0.465103 
0.46513 
0.465156 
0.46518 
0.465204 
0.465227 
0.465248 
0.465269 
0.465289 
0.465308 
0.465326 
0.465343 
0.465359 
0.465374 
0.465388 
0.465401 
0.465414 
0.465425 
0.465436 
0.465446 
0.465455 
0.465463 
0.465471 
0.465477 
0.465483 
0.465488 
0.465492 
0.465495 
0.465498 
0.4655 
0.465501 
0.465502 
0.465502 
0.4655 
0.465499 
0.465496 
0.465494 
0.46549 
0.465486 
0.465481 
0.465475 
0.465469 
0.465462 
0.465455 
0.465447 
0.465439 
0.46543 
0.46542 
0.46541 
0.4654 
0.465389 
0.465377 
0.465365 
0.465353 
0.46534 
0.465327 
0.465313 
0.465299 
0.465285 
0.46527 
0.465255 
0.465239 
0.465224 
0.465207 
0.465191 
0.465174 
0.465157 
0.46514 
0.465123 
0.465105 
0.465087 
0.465068 
0.465051 
0.465032 
0.465014 
0.464994 
0.464976 
0.464956 
0.464938 
0.464918 
0.464899 
0.46488 
0.464861 
0.464841 
0.464822 
0.464802 
0.464783 
0.464764 
0.464745 
0.464725 
0.464707 
0.464687 
0.464669 
0.464649 
0.464631 
0.464612 
0.464594 
0.464576 
0.464558 
0.46454 
0.464523 
0.464505 
0.464488 
0.464471 
0.464455 
0.464438 
0.464423 
0.464407 
0.464392 
0.464376 
0.464362 
0.464347 
0.464334 
0.46432 
0.464307 
0.464294 
0.464282 
0.46427 
0.464259 
0.464248 
0.464238 
0.464228 
0.464219 
0.46421 
0.464202 
0.464193 
0.464187 
0.46418 
0.464174 
0.464168 
0.464163 
0.464159 
0.464156 
0.464152 
0.46415 
0.464148 
0.464147 
0.464146 
0.464147 
0.464148 
0.46415 
0.464152 
0.464155 
0.464159 
0.464164 
0.464168 
0.464175 
0.464181 
0.464189 
0.464197 
0.464207 
0.464217 
0.464228 
0.464239 
0.464252 
0.464265 
0.464279 
0.464294 
0.46431 
0.464326 
0.464344 
0.464362 
0.464382 
0.464401 
0.464423 
0.464444 
0.464467 
0.46449 
0.464515 
0.46454 
0.464567 
0.464594 
0.464623 
0.464652 
0.464682 
0.464713 
0.464745 
0.464777 
0.464812 
0.464846 
0.464882 
0.464918 
0.464956 
0.464994 
0.465034 
0.465074 
0.465116 
0.465158 
0.465202 
0.465246 
0.465291 
0.465337 
0.465385 
0.465432 
0.465482 
0.465531 
0.465583 
0.465634 
0.465688 
0.465741 
0.465796 
0.465852 
0.465909 
0.465966 
0.466025 
0.466084 
0.466145 
0.466206 
0.466268 
0.466331 
0.466396 
0.46646 
0.466527 
0.466593 
0.466662 
0.46673 
0.4668 
0.46687 
0.466942 
0.467014 
0.467087 
0.467161 
0.467236 
0.467312 
0.467389 
0.467466 
0.467545 
0.467623 
0.467704 
0.467784 
0.467866 
0.467949 
0.468032 
0.468116 
0.468201 
0.468287 
0.468373 
0.46846 
0.468549 
0.468637 
0.468727 
0.468817 
0.468908 
0.469 
0.469093 
0.469185 
0.46928 
0.469374 
0.46947 
0.469565 
0.469662 
0.469759 
0.469857 
0.469955 
0.470055 
0.470154 
0.470255 
0.470356 
0.470458 
0.47056 
0.470663 
0.470766 
0.47087 
0.470974 
0.471079 
0.471185 
0.471291 
0.471397 
0.471504 
0.471612 
0.47172 
0.471828 
0.471937 
0.472046 
0.472156 
0.472266 
0.472377 
0.472488 
0.472599 
0.472711 
0.472823 
0.472935 
0.473048 
0.473161 
0.473275 
0.473388 
0.473503 
0.473617 
0.473732 
0.473846 
0.473962 
0.474077 
0.474193 
0.474309 
0.474425 
0.474541 
0.474658 
0.474774 
0.474891 
0.475008 
0.475126 
0.475243 
0.47536 
0.475478 
0.475596 
0.475713 
0.475831 
0.475949 
0.476067 
0.476185 
0.476303 
0.476421 
0.47654 
0.476658 
0.476776 
0.476894 
0.477013 
0.477131 
0.477249 
0.477367 
0.477485 
0.477603 
0.477721 
0.477838 
0.477956 
0.478074 
0.478191 
0.478309 
0.478426 
0.478543 
0.47866 
0.478777 
0.478893 
0.47901 
0.479126 
0.479242 
0.479358 
0.479473 
0.479589 
0.479704 
0.479819 
0.479933 
0.480048 
0.480162 
0.480276 
0.480389 
0.480503 
0.480616 
0.480728 
0.480841 
0.480953 
0.481064 
0.481176 
0.481287 
0.481397 
0.481508 
0.481618 
0.481727 
0.481836 
0.481945 
0.482054 
0.482161 
0.482269 
0.482376 
0.482483 
0.482589 
0.482695 
0.4828 
0.482905 
0.48301 
0.483114 
0.483217 
0.483321 
0.483423 
0.483525 
0.483627 
0.483728 
0.483829 
0.483929 
0.484028 
0.484127 
0.484226 
0.484324 
0.484421 
0.484518 
0.484615 
0.484711 
0.484806 
0.484901 
0.484995 
0.485089 
0.485182 
0.485274 
0.485366 
0.485457 
0.485548 
0.485638 
0.485728 
0.485817 
0.485905 
0.485993 
0.48608 
0.486167 
0.486252 
0.486338 
0.486422 
0.486507 
0.48659 
0.486673 
0.486755 
0.486836 
0.486917 
0.486998 
0.487077 
0.487156 
0.487235 
0.487312 
0.487389 
0.487466 
0.487541 
0.487617 
0.487691 
0.487765 
0.487838 
0.48791 
0.487982 
0.488053 
0.488124 
0.488193 
0.488263 
0.488331 
0.488399 
0.488466 
0.488532 
0.488598 
0.488663 
0.488728 
0.488791 
0.488854 
0.488917 
0.488978 
0.489039 
0.4891 
0.489159 
0.489219 
0.489277 
0.489334 
0.489391 
0.489448 
0.489503 
0.489558 
0.489612 
0.489666 
0.489719 
0.489771 
0.489823 
0.489873 
0.489924 
0.489973 
0.490022 
0.49007 
0.490117 
0.490164 
0.49021 
0.490256 
0.490301 
0.490345 
0.490388 
0.490431 
0.490473 
0.490514 
0.490555 
0.490595 
0.490635 
0.490673 
0.490711 
0.490749 
0.490786 
0.490822 
0.490857 
0.490892 
0.490926 
0.49096 
0.490992 
0.491025 
0.491056 
0.491087 
0.491117 
0.491147 
0.491176 
0.491204 
0.491231 
0.491258 
0.491285 
0.491311 
0.491336 
0.49136 
0.491384 
0.491407 
0.49143 
0.491451 
0.491473 
0.491493 
0.491513 
0.491533 
0.491552 
0.49157 
0.491587 
0.491604 
0.491621 
0.491636 
0.491651 
0.491666 
0.49168 
0.491693 
0.491706 
0.491718 
0.491729 
0.49174 
0.491751 
0.49176 
0.491769 
0.491778 
0.491786 
0.491793 
0.4918 
0.491806 
0.491812 
0.491817 
0.491821 
0.491825 
0.491828 
0.491831 
0.491833 
0.491835 
0.491836 
0.491836 
0.491836 
0.491835 
0.491834 
0.491832 
0.49183 
0.491827 
0.491823 
0.491819 
0.491815 
0.49181 
0.491804 
0.491798 
0.491791 
0.491783 
0.491776 
0.491767 
0.491758 
0.491749 
0.491739 
0.491728 
0.491717 
0.491706 
0.491693 
0.491681 
0.491667 
0.491654 
0.49164 
0.491625 
0.491609 
0.491594 
0.491577 
0.491561 
0.491543 
0.491525 
0.491507 
0.491488 
0.491469 
0.491449 
0.491428 
0.491408 
0.491386 
0.491364 
0.491342 
0.491319 
0.491296 
0.491272 
0.491247 
0.491222 
0.491197 
0.491171 
0.491145 
0.491118 
0.491091 
0.491063 
0.491034 
0.491006 
0.490976 
0.490947 
0.490916 
0.490886 
0.490854 
0.490823 
0.49079 
0.490758 
0.490725 
0.490691 
0.490657 
0.490622 
0.490587 
0.490552 
0.490516 
0.490479 
0.490442 
0.490405 
0.490367 
0.490329 
0.49029 
0.490251 
0.490211 
0.490171 
0.49013 
0.490089 
0.490047 
0.490005 
0.489963 
0.48992 
0.489876 
0.489833 
0.489788 
0.489743 
0.489698 
0.489652 
0.489606 
0.489559 
0.489512 
0.489465 
0.489417 
0.489368 
0.489319 
0.48927 
0.48922 
0.48917 
0.489119 
0.489068 
0.489016 
0.488964 
0.488911 
0.488858 
0.488805 
0.488751 
0.488696 
0.488642 
0.488586 
0.488531 
0.488474 
0.488418 
0.48836 
0.488303 
0.488245 
0.488187 
0.488127 
0.488068 
0.488008 
0.487948 
0.487887 
0.487826 
0.487765 
0.487703 
0.48764 
0.487577 
0.487514 
0.48745 
0.487386 
0.487321 
0.487256 
0.48719 
0.487124 
0.487058 
0.486991 
0.486923 
0.486855 
0.486787 
0.486718 
0.486649 
0.48658 
0.48651 
0.486439 
0.486368 
0.486297 
0.486225 
0.486152 
0.48608 
0.486007 
0.485933 
0.485859 
0.485785 
0.485709 
0.485634 
0.485558 
0.485482 
0.485405 
0.485328 
0.48525 
0.485173 
0.485094 
0.485015 
0.484936 
0.484856 
0.484776 
0.484695 
0.484614 
0.484533 
0.48445 
0.484368 
0.484285 
0.484202 
0.484118 
0.484034 
0.483949 
0.483865 
0.483779 
0.483693 
0.483607 
0.48352 
0.483433 
0.483345 
0.483257 
0.483169 
0.48308 
0.482991 
0.482901 
0.482811 
0.48272 
0.482629 
0.482537 
0.482446 
0.482353 
0.482261 
0.482167 
0.482074 
0.48198 
0.481885 
0.48179 
0.481695 
0.481599 
0.481504 
0.481407 
0.48131 
0.481213 
0.481115 
0.481017 
0.480919 
0.480819 
0.48072 
0.48062 
0.48052 
0.48042 
0.480319 
0.480217 
0.480116 
0.480013 
0.479911 
0.479808 
0.479705 
0.479601 
0.479497 
0.479392 
0.479287 
0.479182 
0.479076 
0.47897 
0.478864 
0.478757 
0.47865 
0.478542 
0.478434 
0.478325 
0.478217 
0.478108 
0.477998 
0.477888 
0.477778 
0.477667 
0.477557 
0.477445 
0.477334 
0.477222 
0.477109 
0.476996 
0.476884 
0.47677 
0.476656 
0.476542 
0.476428 
0.476313 
0.476198 
0.476082 
0.475966 
0.47585 
0.475734 
0.475617 
0.4755 
0.475382 
0.475264 
0.475146 
0.475028 
0.474909 
0.47479 
0.47467 
0.474551 
0.474431 
0.47431 
0.47419 
0.474069 
0.473947 
0.473826 
0.473704 
0.473582 
0.473459 
0.473337 
0.473214 
0.473091 
0.472967 
0.472843 
0.472719 
0.472595 
0.47247 
0.472345 
0.472219 
0.472094 
0.471968 
0.471842 
0.471716 
0.47159 
0.471463 
0.471336 
0.471208 
0.471081 
0.470953 
0.470825 
0.470697 
0.470569 
0.47044 
0.470311 
0.470182 
0.470052 
0.469923 
0.469793 
0.469663 
0.469533 
0.469402 
0.469271 
0.46914 
0.469009 
0.468878 
0.468747 
0.468615 
0.468483 
0.468351 
0.468219 
0.468086 
0.467953 
0.46782 
0.467687 
0.467554 
0.467421 
0.467287 
0.467154 
0.467019 
0.466886 
0.466751 
0.466617 
0.466482 
0.466348 
0.466213 
0.466078 
0.465943 
0.465807 
0.465672 
0.465536 
0.4654 
0.465265 
0.465129 
0.464993 
0.464856 
0.46472 
0.464583 
0.464447 
0.46431 
0.464173 
0.464036 
0.463899 
0.463762 
0.463625 
0.463487 
0.46335 
0.463212 
0.463074 
0.462936 
0.462798 
0.46266 
0.462522 
0.462384 
0.462246 
0.462107 
0.461969 
0.46183 
0.461691 
0.461552 
0.461414 
0.461275 
0.461136 
0.460997 
0.460858 
0.460718 
0.460579 
0.46044 
0.460301 
0.460161 
0.460022 
0.459882 
0.459743 
0.459603 
0.459463 
0.459323 
0.459184 
0.459044 
0.458904 
0.458764 
0.458624 
0.458484 
0.458344 
0.458203 
0.458063 
0.457923 
0.457783 
0.457643 
0.457502 
0.457362 
0.457222 
0.457081 
0.456941 
0.4568 
0.45666 
0.456519 
0.456379 
0.456238 
0.456098 
0.455957 
0.455817 
0.455676 
0.455535 
0.455395 
0.455254 
0.455113 
0.454973 
0.454832 
0.454691 
0.45455 
0.45441 
0.454269 
0.454128 
0.453987 
0.453847 
0.453706 
0.453565 
0.453424 
0.453284 
0.453143 
0.453002 
0.452861 
0.45272 
0.45258 
0.452439 
0.452298 
0.452157 
0.452016 
0.451876 
0.451735 
0.451594 
0.451453 
0.451313 
0.451172 
0.451031 
0.45089 
0.450749 
0.450609 
0.450468 
0.450327 
0.450186 
0.450046 
0.449905 
0.449764 
0.449623 
0.449483 
0.449342 
0.449201 
0.449061 
0.44892 
0.448779 
0.448638 
0.448498 
0.448357 
0.448216 
0.448076 
0.447935 
0.447794 
0.447654 
0.447513 
0.447372 
0.447231 
0.447091 
0.44695 
0.446809 
0.446669 
0.446528 
0.446387 
0.446247 
0.446106 
0.445965 
0.445825 
0.445684 
0.445543 
0.445402 
0.445262 
0.445121 
0.44498 
0.444839 
0.444699 
0.444558 
0.444417 
0.444276 
0.444135 
0.443995 
0.443854 
0.443713 
0.443572 
0.443431 
0.44329 
0.443149 
0.443008 
0.442867 
0.442726 
0.442585 
0.442443 
0.442302 
0.442161 
0.44202 
0.441878 
0.441737 
0.441596 
0.441454 
0.441313 
0.441171 
0.44103 
0.440888 
0.440747 
0.440605 
0.440463 
0.440321 
0.440179 
0.440037 
0.439895 
0.439753 
0.439611 
0.439469 
0.439327 
0.439184 
0.439042 
0.438899 
0.438757 
0.438614 
0.438471 
0.438328 
0.438185 
0.438042 
0.437899 
0.437756 
0.437612 
0.437469 
0.437325 
0.437181 
0.437038 
0.436894 
0.43675 
0.436605 
0.436461 
0.436317 
0.436172 
0.436027 
0.435882 
0.435737 
0.435592 
0.435447 
0.435301 
0.435156 
0.43501 
0.434864 
0.434718 
0.434572 
0.434425 
0.434279 
0.434132 
0.433985 
0.433838 
0.43369 
0.433543 
0.433395 
0.433247 
0.433099 
0.43295 
0.432802 
0.432653 
0.432504 
0.432355 
0.432205 
0.432055 
0.431906 
0.431755 
0.431605 
0.431454 
0.431303 
0.431152 
0.431 
0.430849 
0.430697 
0.430544 
0.430392 
0.430239 
0.430086 
0.429932 
0.429779 
0.429624 
0.42947 
0.429315 
0.42916 
0.429005 
0.428849 
0.428693 
0.428537 
0.42838 
0.428224 
0.428066 
0.427908 
0.42775 
0.427592 
0.427433 
0.427274 
0.427114 
0.426955 
0.426794 
0.426634 
0.426472 
0.426311 
0.426149 
0.425987 
0.425824 
0.425661 
0.425497 
0.425333 
0.425169 
0.425004 
0.424839 
0.424673 
0.424507 
0.42434 
0.424173 
0.424005 
0.423837 
0.423669 
0.4235 
0.42333 
0.42316 
0.42299 
0.422818 
0.422647 
0.422475 
0.422302 
0.422129 
0.421956 
0.421781 
0.421607 
0.421432 
0.421256 
0.42108 
0.420903 
0.420725 
0.420548 
0.420369 
0.42019 
0.42001 
0.41983 
0.419649 
0.419468 
0.419286 
0.419103 
0.41892 
0.418736 
0.418552 
0.418367 
0.418181 
0.417995 
0.417808 
0.41762 
0.417432 
0.417244 
0.417054 
0.416864 
0.416673 
0.416482 
0.41629 
0.416097 
0.415904 
0.41571 
0.415515 
0.41532 
0.415124 
0.414927 
0.41473 
0.414532 
0.414333 
0.414134 
0.413934 
0.413733 
0.413531 
0.413329 
0.413126 
0.412923 
0.412718 
0.412514 
0.412308 
0.412101 
0.411894 
0.411686 
0.411478 
0.411269 
0.411058 
0.410848 
0.410636 
0.410424 
0.410211 
0.409998 
0.409783 
0.409568 
0.409352 
0.409136 
0.408918 
0.4087 
0.408481 
0.408262 
0.408041 
0.40782 
0.407599 
0.407376 
0.407153 
0.406929 
0.406704 
0.406479 
0.406252 
0.406026 
0.405798 
0.40557 
0.40534 
0.40511 
0.40488 
0.404648 
0.404416 
0.404183 
0.40395 
0.403716 
0.40348 
0.403245 
0.403008 
0.402771 
0.402533 
0.402294 
0.402055 
0.401815 
0.401574 
0.401332 
0.40109 
0.400847 
0.400603 
0.400359 
0.400114 
0.399868 
0.399622 
0.399375 
0.399127 
0.398878 
0.398629 
0.398379 
0.398128 
0.397877 
0.397625 
0.397373 
0.397119 
0.396865 
0.396611 
0.396356 
0.3961 
0.395843 
0.395586 
0.395328 
0.39507 
0.394811 
0.394551 
0.394291 
0.39403 
0.393769 
0.393507 
0.393244 
0.392981 
0.392717 
0.392453 
0.392188 
0.391922 
0.391656 
0.39139 
0.391123 
0.390855 
0.390587 
0.390318 
0.390049 
0.389779 
0.389509 
0.389238 
0.388967 
0.388695 
0.388423 
0.38815 
0.387878 
0.387604 
0.38733 
0.387055 
0.386781 
0.386505 
0.38623 
0.385954 
0.385677 
0.3854 
0.385123 
0.384846 
0.384568 
0.384289 
0.384011 
0.383732 
0.383452 
0.383173 
0.382893 
0.382612 
0.382332 
0.382051 
0.38177 
0.381489 
0.381207 
0.380925 
0.380643 
0.38036 
0.380078 
0.379795 
0.379512 
0.379229 
0.378946 
0.378662 
0.378378 
0.378094 
0.37781 
0.377526 
0.377242 
0.376957 
0.376673 
0.376388 
0.376104 
0.375819 
0.375534 
0.375249 
0.374964 
0.374679 
0.374394 
0.374109 
0.373824 
0.373538 
0.373254 
0.372968 
0.372683 
0.372398 
0.372114 
0.371828 
0.371544 
0.371259 
0.370974 
0.37069 
0.370405 
0.370121 
0.369837 
0.369553 
0.369269 
0.368985 
0.368701 
0.368418 
0.368135 
0.367851 
0.367569 
0.367286 
0.367004 
0.366721 
0.36644 
0.366158 
0.365876 
0.365595 
0.365314 
0.365034 
0.364753 
0.364473 
0.364194 
0.363914 
0.363635 
0.363356 
0.363078 
0.3628 
0.362523 
0.362245 
0.361969 
0.361692 
0.361416 
0.36114 
0.360865 
0.36059 
0.360316 
0.360042 
0.359769 
0.359496 
0.359223 
0.358951 
0.35868 
0.358408 
0.358138 
0.357868 
0.357598 
0.357329 
0.357061 
0.356793 
0.356526 
0.356259 
0.355992 
0.355726 
0.355461 
0.355197 
0.354933 
0.354669 
0.354407 
0.354144 
0.353883 
0.353622 
0.353361 
0.353102 
0.352843 
0.352584 
0.352326 
0.352069 
0.351812 
0.351556 
0.351301 
0.351047 
0.350793 
0.35054 
0.350287 
0.350035 
0.349784 
0.349534 
0.349284 
0.349035 
0.348787 
0.348539 
0.348292 
0.348046 
0.347801 
0.347556 
0.347312 
0.347069 
0.346826 
0.346584 
0.346343 
0.346103 
0.345863 
0.345624 
0.345386 
0.345149 
0.344913 
0.344677 
0.344442 
0.344207 
0.343974 
0.343741 
0.343509 
0.343278 
0.343047 
0.342817 
0.342588 
0.34236 
0.342133 
0.341906 
0.34168 
0.341455 
0.341231 
0.341007 
0.340784 
0.340562 
0.340341 
0.34012 
0.3399 
0.339681 
0.339463 
0.339245 
0.339029 
0.338813 
0.338598 
0.338383 
0.338169 
0.337956 
0.337744 
0.337532 
0.337322 
0.337112 
0.336902 
0.336694 
0.336486 
0.336279 
0.336073 
0.335867 
0.335662 
0.335458 
0.335254 
0.335051 
0.334849 
0.334648 
0.334447 
0.334247 
0.334048 
0.33385 
0.333652 
0.333454 
0.333258 
0.333062 
0.332867 
0.332672 
0.332478 
0.332285 
0.332092 
0.3319 
0.331709 
0.331518 
0.331328 
0.331139 
0.33095 
0.330762 
0.330574 
0.330387 
0.330201 
0.330015 
0.329829 
0.329645 
0.32946 
0.329277 
0.329094 
0.328911 
0.328729 
0.328548 
0.328367 
0.328187 
0.328007 
0.327827 
0.327648 
0.32747 
0.327292 
0.327115 
0.326938 
0.326761 
0.326585 
0.32641 
0.326235 
0.32606 
0.325886 
0.325712 
0.325538 
0.325365 
0.325193 
0.32502 
0.324848 
0.324677 
0.324506 
0.324335 
0.324164 
0.323994 
0.323824 
0.323655 
0.323486 
0.323317 
0.323148 
0.32298 
0.322812 
0.322644 
0.322477 
0.32231 
0.322143 
0.321976 
0.321809 
0.321643 
0.321477 
0.321311 
0.321145 
0.32098 
0.320814 
0.320649 
0.320484 
0.320319 
0.320154 
0.31999 
0.319825 
0.319661 
0.319496 
0.319332 
0.319168 
0.319004 
0.31884 
0.318676 
0.318512 
0.318348 
0.318184 
0.31802 
0.317857 
0.317693 
0.317529 
0.317365 
0.317201 
0.317037 
0.316873 
0.316709 
0.316545 
0.316381 
0.316216 
0.316052 
0.315887 
0.315723 
0.315558 
0.315393 
0.315228 
0.315062 
0.314897 
0.314731 
0.314566 
0.3144 
0.314233 
0.314067 
0.3139 
0.313733 
0.313566 
0.313399 
0.313231 
0.313063 
0.312894 
0.312726 
0.312557 
0.312387 
0.312218 
0.312048 
0.311877 
0.311707 
0.311536 
0.311364 
0.311193 
0.31102 
0.310848 
0.310675 
0.310501 
0.310327 
0.310153 
0.309978 
0.309803 
0.309627 
0.309451 
0.309274 
0.309097 
0.308919 
0.308741 
0.308562 
0.308383 
0.308203 
0.308022 
0.307841 
0.30766 
0.307477 
0.307294 
0.307111 
0.306927 
0.306742 
0.306557 
0.306371 
0.306184 
0.305997 
0.305809 
0.305621 
0.305431 
0.305241 
0.305051 
0.304859 
0.304667 
0.304474 
0.30428 
0.304086 
0.303891 
0.303695 
0.303498 
0.303301 
0.303103 
0.302904 
0.302704 
0.302503 
0.302301 
0.302099 
0.301896 
0.301692 
0.301487 
0.301281 
0.301074 
0.300866 
0.300658 
0.300448 
0.300238 
0.300027 
0.299815 
0.299601 
0.299387 
0.299172 
0.298956 
0.298739 
0.298521 
0.298302 
0.298082 
0.297861 
0.297639 
0.297416 
0.297192 
0.296967 
0.296741 
0.296513 
0.296285 
0.296056 
0.295825 
0.295594 
0.295361 
0.295127 
0.294892 
0.294656 
0.294419 
0.294181 
0.293941 
0.293701 
0.293459 
0.293216 
0.292972 
0.292727 
0.29248 
0.292233 
0.291984 
0.291734 
0.291482 
0.29123 
0.290976 
0.290721 
0.290465 
0.290207 
0.289948 
0.289688 
0.289427 
0.289164 
0.288901 
0.288635 
0.288369 
0.288101 
0.287832 
0.287562 
0.28729 
0.287017 
0.286742 
0.286467 
0.28619 
0.285911 
0.285631 
0.28535 
0.285068 
0.284784 
0.284498 
0.284212 
0.283923 
0.283634 
0.283343 
0.283051 
0.282757 
0.282462 
0.282165 
0.281867 
0.281567 
0.281266 
0.280964 
0.28066 
0.280355 
0.280048 
0.27974 
0.27943 
0.279119 
0.278806 
0.278492 
0.278177 
0.27786 
0.277541 
0.277221 
0.276899 
0.276576 
0.276252 
0.275926 
0.275598 
0.275269 
0.274939 
0.274606 
0.274273 
0.273938 
0.273601 
0.273263 
0.272923 
0.272582 
0.272239 
0.271895 
0.271549 
0.271201 
0.270853 
0.270502 
0.27015 
0.269797 
0.269442 
0.269083 
0.268723 
0.268362 
0.268 
0.267635 
0.26727 
0.266903 
0.266534 
0.266163 
0.265792 
0.265418 
0.265043 
0.264666 
0.264289 
0.263909 
0.263528 
0.263145 
0.262761 
0.262375 
0.261988 
0.261598 
0.261208 
0.260816 
0.260423 
0.260027 
0.259631 
0.259233 
0.258834 
0.258432 
0.25803 
0.257626 
0.257221 
0.256813 
0.256405 
0.255994 
0.255584 
0.25517 
0.254756 
0.25434 
0.253923 
0.253504 
0.253084 
0.252662 
0.25224 
0.251815 
0.25139 
0.250962 
0.250534 
0.250103 
0.249672 
0.249239 
0.248806 
0.248369 
0.247933 
0.247495 
0.247056 
0.246615 
0.246173 
0.245729 
0.245285 
0.244839 
0.244392 
0.243943 
0.243495 
0.243043 
0.242592 
0.242138 
0.241684 
0.241228 
0.240772 
0.240313 
0.239855 
0.239394 
0.238933 
0.23847 
0.238008 
0.237542 
0.237077 
0.23661 
0.236143 
0.235674 
0.235205 
0.234733 
0.234262 
0.233789 
0.233316 
0.232841 
0.232366 
0.231889 
0.231413 
0.230934 
0.230456 
0.229975 
0.229496 
0.229014 
0.228533 
0.228049 
0.227566 
0.227081 
0.226597 
0.22611 
0.225625 
0.225137 
0.22465 
0.224161 
0.223673 
0.223182 
0.222693 
0.222202 
0.221712 
0.221219 
0.220728 
0.220234 
0.219743 
0.219248 
0.218755 
0.21826 
0.217767 
0.217271 
0.216777 
0.21628 
0.215785 
0.215288 
0.214793 
0.214295 
0.2138 
0.213302 
0.212806 
0.212307 
0.211811 
0.211313 
0.210817 
0.210318 
0.209821 
0.209323 
0.208826 
0.208328 
0.207832 
0.207333 
0.206837 
0.206338 
0.205843 
0.205345 
0.204849 
0.204352 
0.203857 
0.20336 
0.202865 
0.202369 
0.201875 
0.201379 
0.200886 
0.200391 
0.199899 
0.199404 
0.198913 
0.198419 
0.197929 
0.197436 
0.196947 
0.196456 
0.195968 
0.195477 
0.194991 
0.194502 
0.194016 
0.193528 
0.193044 
0.192558 
0.192076 
0.191591 
0.19111 
0.190627 
0.190147 
0.189666 
0.189188 
0.188708 
0.188233 
0.187755 
0.187281 
0.186805 
0.186333 
0.185859 
0.185389 
0.184917 
0.184449 
0.183979 
0.183514 
0.183046 
0.182583 
0.182118 
0.181657 
0.181194 
0.180735 
0.180275 
0.179818 
0.179361 
0.178907 
0.178452 
0.178 
0.177548 
0.177099 
0.176649 
0.176204 
0.175756 
0.175313 
0.174869 
0.174429 
0.173987 
0.17355 
0.173111 
0.172677 
0.172241 
0.17181 
0.171378 
0.170949 
0.17052 
0.170095 
0.169668 
0.169246 
0.168823 
0.168404 
0.167984 
0.167569 
0.167152 
0.166739 
0.166326 
0.165917 
0.165507 
0.165101 
0.164694 
0.164292 
0.163889 
0.16349 
0.16309 
0.162694 
0.162298 
0.161906 
0.161512 
0.161124 
0.160734 
0.160349 
0.159963 
0.159582 
0.159199 
0.158821 
0.158442 
0.158068 
0.157692 
0.157321 
0.156949 
0.156582 
0.156214 
0.15585 
0.155485 
0.155125 
0.154764 
0.154407 
0.15405 
0.153697 
0.153343 
0.152993 
0.152643 
0.152297 
0.151951 
0.151608 
0.151265 
0.150926 
0.150587 
0.150251 
0.149916 
0.149584 
0.149251 
0.148923 
0.148594 
0.148269 
0.147944 
0.147623 
0.147301 
0.146983 
0.146665 
0.14635 
0.146035 
0.145724 
0.145413 
0.145105 
0.144797 
0.144493 
0.144188 
0.143887 
0.143586 
0.143288 
0.14299 
0.142695 
0.1424 
0.142109 
0.141817 
0.141529 
0.141241 
0.140956 
0.140671 
0.140389 
0.140107 
0.139828 
0.139549 
0.139273 
0.138997 
0.138724 
0.138451 
0.138181 
0.13791 
0.137643 
0.137376 
0.137112 
0.136847 
0.136586 
0.136324 
0.136065 
0.135806 
0.13555 
0.135293 
0.13504 
0.134786 
0.134535 
0.134284 
0.134035 
0.133786 
0.13354 
0.133294 
0.13305 
0.132806 
0.132565 
0.132323 
0.132084 
0.131845 
0.131608 
0.13137 
0.131136 
0.1309 
0.130668 
0.130435 
0.130204 
0.129973 
0.129744 
0.129515 
0.129288 
0.129061 
0.128836 
0.12861 
0.128387 
0.128163 
0.127942 
0.12772 
0.1275 
0.127279 
0.127061 
0.126842 
0.126625 
0.126408 
0.126192 
0.125976 
0.125762 
0.125547 
0.125334 
0.125121 
0.12491 
0.124697 
0.124487 
0.124276 
0.124067 
0.123857 
0.123648 
0.12344 
0.123232 
0.123024 
0.122818 
0.122611 
0.122405 
0.122199 
0.121994 
0.121789 
0.121585 
0.12138 
0.121177 
0.120973 
0.12077 
0.120567 
0.120364 
0.120161 
0.119959 
0.119757 
0.119555 
0.119353 
0.119152 
0.118951 
0.11875 
0.118548 
0.118348 
0.118146 
0.117946 
0.117745 
0.117545 
0.117344 
0.117143 
0.116942 
0.116742 
0.116541 
0.116341 
0.11614 
0.115939 
0.115738 
0.115537 
0.115336 
0.115135 
0.114934 
0.114732 
0.114531 
0.114329 
0.114127 
0.113925 
0.113723 
0.11352 
0.113317 
0.113114 
0.112911 
0.112708 
0.112504 
0.1123 
0.112095 
0.111891 
0.111685 
0.11148 
0.111274 
0.111069 
0.110862 
0.110655 
0.110448 
0.11024 
0.110032 
0.109824 
0.109615 
0.109406 
0.109196 
0.108986 
0.108775 
0.108564 
0.108352 
0.10814 
0.107927 
0.107714 
0.107501 
0.107286 
0.107071 
0.106856 
0.10664 
0.106424 
0.106207 
0.105989 
0.105771 
0.105552 
0.105333 
0.105113 
0.104892 
0.104671 
0.104449 
0.104226 
0.104003 
0.103779 
0.103554 
0.103329 
0.103103 
0.102877 
0.102649 
0.102421 
0.102192 
0.101963 
0.101733 
0.101502 
0.10127 
0.101038 
0.100805 
0.100571 
0.100336 
0.100101 
0.099865 
0.0996283 
0.0993905 
0.0991522 
0.0989129 
0.0986731 
0.0984322 
0.0981907 
0.0979482 
0.0977052 
0.0974611 
0.0972164 
0.0969707 
0.0967244 
0.0964771 
0.0962291 
0.0959801 
0.0957305 
0.0954799 
0.0952286 
0.0949762 
0.0947233 
0.0944692 
0.0942146 
0.0939588 
0.0937025 
0.093445 
0.0931869 
0.0929278 
0.092668 
0.0924071 
0.0921455 
0.0918829 
0.0916196 
0.0913552 
0.0910902 
0.0908241 
0.0905572 
0.0902894 
0.0900208 
0.0897512 
0.0894808 
0.0892094 
0.0889373 
0.0886641 
0.0883902 
0.0881152 
0.0878396 
0.0875628 
0.0872854 
0.0870068 
0.0867276 
0.0864473 
0.0861662 
0.0858841 
0.0856013 
0.0853174 
0.0850328 
0.0847471 
0.0844607 
0.0841732 
0.083885 
0.0835958 
0.0833058 
0.0830147 
0.082723 
0.0824301 
0.0821365 
0.0818419 
0.0815466 
0.0812501 
0.080953 
0.0806548 
0.0803559 
0.0800559 
0.0797552 
0.0794534 
0.0791509 
0.0788474 
0.0785432 
0.0782378 
0.0779318 
0.0776247 
0.077317 
0.0770081 
0.0766986 
0.076388 
0.0760767 
0.0757643 
0.0754513 
0.0751372 
0.0748225 
0.0745066 
0.0741901 
0.0738725 
0.0735543 
0.073235 
0.072915 
0.072594 
0.0722723 
0.0719496 
0.0716262 
0.0713017 
0.0709767 
0.0706505 
0.0703238 
0.0699959 
0.0696675 
0.0693379 
0.0690078 
0.0686766 
0.0683448 
0.0680119 
0.0676785 
0.0673439 
0.0670089 
0.0666726 
0.0663359 
0.0659981 
0.0656597 
0.0653203 
0.0649803 
0.0646392 
0.0642976 
0.0639549 
0.0636117 
0.0632674 
0.0629226 
0.0625767 
0.0622304 
0.0618829 
0.061535 
0.0611859 
0.0608364 
0.0604858 
0.0601348 
0.0597826 
0.05943 
0.0590763 
0.0587222 
0.058367 
0.0580114 
0.0576547 
0.0572976 
0.0569393 
0.0565807 
0.056221 
0.0558609 
0.0554997 
0.0551381 
0.0547755 
0.0544125 
0.0540483 
0.0536839 
0.0533183 
0.0529524 
0.0525854 
0.0522181 
0.0518497 
0.051481 
0.0511112 
0.0507411 
0.0503699 
0.0499985 
0.0496259 
0.0492531 
0.0488791 
0.0485049 
0.0481296 
0.0477541 
0.0473775 
0.0470006 
0.0466227 
0.0462446 
0.0458653 
0.0454859 
0.0451053 
0.0447246 
0.0443427 
0.0439608 
0.0435776 
0.0431944 
0.0428101 
0.0424256 
0.04204 
0.0416543 
0.0412675 
0.0408807 
0.0404926 
0.0401046 
0.0397153 
0.0393261 
0.0389357 
0.0385453 
0.0381538 
0.0377622 
0.0373695 
0.0369769 
0.036583 
0.0361893 
0.0357943 
0.0353995 
0.0350034 
0.0346075 
0.0342104 
0.0338134 
0.0334152 
0.0330171 
0.0326179 
0.0322188 
0.0318186 
0.0314185 
0.0310172 
0.0306162 
0.0302139 
0.0298119 
0.0294086 
0.0290056 
0.0286014 
0.0281975 
0.0277923 
0.0273874 
0.0269814 
0.0265756 
0.0261686 
0.0257619 
0.0253541 
0.0249465 
0.0245378 
0.0241294 
0.0237198 
0.0233106 
0.0229002 
0.0224902 
0.0220789 
0.0216681 
0.0212561 
0.0208445 
0.0204317 
0.0200193 
0.0196057 
0.0191926 
0.0187783 
0.0183645 
0.0179495 
0.0175349 
0.0171193 
0.016704 
0.0162877 
0.0158718 
0.0154547 
0.0150382 
0.0146205 
0.0142034 
0.0137851 
0.0133673 
0.0129485 
0.0125301 
0.0121107 
0.0116918 
0.0112717 
0.0108523 
0.0104318 
0.0100118 
0.00959073 
0.00917028 
0.00874871 
0.00832778 
0.00790574 
0.00748436 
0.00706186 
0.00664004 
0.00621711 
0.00579488 
0.00537154 
0.00494891 
0.00452519 
0.00410219 
0.0036781 
0.00325475 
0.00283031 
0.00240663 
0.00198187 
0.00155788 
0.00113282 
0.000708545 
0.000283205 
-0.000141334 
-0.000566932 
-0.000991713 
-0.00141755 
-0.00184255 
-0.0022686 
-0.0026938 
-0.00312003 
-0.00354541 
-0.00397182 
-0.00439735 
-0.0048239 
-0.00524957 
-0.00567625 
-0.00610202 
-0.0065288 
-0.00695466 
-0.00738152 
-0.00780745 
-0.00823437 
-0.00866034 
-0.00908729 
-0.00951328 
-0.00994025 
-0.0103662 
-0.0107932 
-0.0112192 
-0.0116461 
-0.012072 
-0.0124989 
-0.0129247 
-0.0133515 
-0.0137773 
-0.014204 
-0.0146296 
-0.0150562 
-0.0154817 
-0.0159082 
-0.0163335 
-0.0167598 
-0.017185 
-0.017611 
-0.018036 
-0.0184619 
-0.0188867 
-0.0193123 
-0.0197368 
-0.0201622 
-0.0205864 
-0.0210115 
-0.0214355 
-0.0218603 
-0.0222839 
-0.0227084 
-0.0231318 
-0.0235559 
-0.0239789 
-0.0244026 
-0.0248252 
-0.0252486 
-0.0256708 
-0.0260938 
-0.0265156 
-0.0269382 
-0.0273595 
-0.0277816 
-0.0282025 
-0.0286242 
-0.0290446 
-0.0294657 
-0.0298856 
-0.0303063 
-0.0307257 
-0.0311458 
-0.0315646 
-0.0319842 
-0.0324025 
-0.0328215 
-0.0332392 
-0.0336576 
-0.0340747 
-0.0344925 
-0.034909 
-0.0353261 
-0.035742 
-0.0361585 
-0.0365737 
-0.0369895 
-0.0374041 
-0.0378192 
-0.038233 
-0.0386475 
-0.0390606 
-0.0394743 
-0.0398867 
-0.0402997 
-0.0407113 
-0.0411235 
-0.0415344 
-0.0419458 
-0.0423559 
-0.0427666 
-0.0431758 
-0.0435857 
-0.0439941 
-0.0444031 
-0.0448108 
-0.0452189 
-0.0456257 
-0.046033 
-0.0464389 
-0.0468453 
-0.0472503 
-0.0476558 
-0.04806 
-0.0484646 
-0.0488678 
-0.0492715 
-0.0496738 
-0.0500765 
-0.0504779 
-0.0508796 
-0.05128 
-0.0516808 
-0.0520803 
-0.0524801 
-0.0528785 
-0.0532773 
-0.0536748 
-0.0540726 
-0.054469 
-0.0548658 
-0.0552612 
-0.055657 
-0.0560513 
-0.0564461 
-0.0568394 
-0.057233 
-0.0576253 
-0.0580178 
-0.058409 
-0.0588005 
-0.0591906 
-0.059581 
-0.05997 
-0.0603593 
-0.0607472 
-0.0611354 
-0.0615222 
-0.0619092 
-0.0622949 
-0.0626808 
-0.0630654 
-0.0634501 
-0.0638335 
-0.0642172 
-0.0645994 
-0.0649819 
-0.0653629 
-0.0657442 
-0.0661241 
-0.0665043 
-0.066883 
-0.0672619 
-0.0676395 
-0.0680172 
-0.0683936 
-0.0687701 
-0.0691453 
-0.0695207 
-0.0698946 
-0.0702688 
-0.0706415 
-0.0710144 
-0.071386 
-0.0717577 
-0.072128 
-0.0724985 
-0.0728676 
-0.0732369 
-0.0736048 
-0.0739728 
-0.0743394 
-0.0747062 
-0.0750716 
-0.0754372 
-0.0758014 
-0.0761657 
-0.0765286 
-0.0768917 
-0.0772534 
-0.0776152 
-0.0779757 
-0.0783362 
-0.0786955 
-0.0790548 
-0.0794128 
-0.0797708 
-0.0801276 
-0.0804844 
-0.0808399 
-0.0811954 
-0.0815497 
-0.081904 
-0.082257 
-0.0826101 
-0.0829619 
-0.0833137 
-0.0836642 
-0.0840148 
-0.0843641 
-0.0847134 
-0.0850614 
-0.0854095 
-0.0857563 
-0.0861032 
-0.0864488 
-0.0867944 
-0.0871387 
-0.0874831 
-0.0878263 
-0.0881694 
-0.0885113 
-0.0888532 
-0.0891939 
-0.0895347 
-0.0898742 
-0.0902137 
-0.0905519 
-0.0908902 
-0.0912273 
-0.0915644 
-0.0919003 
-0.0922362 
-0.0925709 
-0.0929056 
-0.0932392 
-0.0935727 
-0.0939051 
-0.0942374 
-0.0945686 
-0.0948999 
-0.0952299 
-0.09556 
-0.0958889 
-0.0962178 
-0.0965455 
-0.0968733 
-0.0972 
-0.0975266 
-0.0978521 
-0.0981777 
-0.0985021 
-0.0988265 
-0.0991499 
-0.0994732 
-0.0997955 
-0.100118 
-0.100439 
-0.10076 
-0.10108 
-0.1014 
-0.10172 
-0.102039 
-0.102357 
-0.102675 
-0.102992 
-0.103309 
-0.103625 
-0.103941 
-0.104256 
-0.104571 
-0.104885 
-0.105199 
-0.105513 
-0.105826 
-0.106138 
-0.10645 
-0.106761 
-0.107073 
-0.107383 
-0.107694 
-0.108003 
-0.108313 
-0.108621 
-0.10893 
-0.109238 
-0.109545 
-0.109852 
-0.110159 
-0.110466 
-0.110772 
-0.111077 
-0.111383 
-0.111687 
-0.111992 
-0.112296 
-0.112599 
-0.112903 
-0.113206 
-0.113508 
-0.113811 
-0.114112 
-0.114414 
-0.114715 
-0.115016 
-0.115317 
-0.115617 
-0.115917 
-0.116217 
-0.116516 
-0.116815 
-0.117114 
-0.117413 
-0.117711 
-0.118009 
-0.118306 
-0.118604 
-0.118901 
-0.119198 
-0.119495 
-0.119792 
-0.120088 
-0.120384 
-0.12068 
-0.120976 
-0.121271 
-0.121567 
-0.121862 
-0.122157 
-0.122451 
-0.122746 
-0.123041 
-0.123335 
-0.123629 
-0.123923 
-0.124217 
-0.124511 
-0.124805 
-0.125099 
-0.125392 
-0.125686 
-0.125979 
-0.126272 
-0.126565 
-0.126859 
-0.127151 
-0.127445 
-0.127737 
-0.128031 
-0.128323 
-0.128617 
-0.128909 
-0.129202 
-0.129495 
-0.129788 
-0.130081 
-0.130374 
-0.130667 
-0.13096 
-0.131253 
-0.131547 
-0.13184 
-0.132133 
-0.132427 
-0.13272 
-0.133014 
-0.133308 
-0.133601 
-0.133895 
-0.134189 
-0.134484 
-0.134778 
-0.135073 
-0.135367 
-0.135662 
-0.135957 
-0.136252 
-0.136547 
-0.136843 
-0.137139 
-0.137435 
-0.137731 
-0.138027 
-0.138324 
-0.138621 
-0.138918 
-0.139216 
-0.139513 
-0.139811 
-0.140109 
-0.140408 
-0.140706 
-0.141006 
-0.141305 
-0.141605 
-0.141904 
-0.142205 
-0.142506 
-0.142807 
-0.143108 
-0.14341 
-0.143712 
-0.144014 
-0.144317 
-0.144621 
-0.144924 
-0.145228 
-0.145532 
-0.145837 
-0.146142 
-0.146448 
-0.146754 
-0.147061 
-0.147368 
-0.147675 
-0.147983 
-0.148292 
-0.1486 
-0.14891 
-0.149219 
-0.14953 
-0.14984 
-0.150152 
-0.150463 
-0.150776 
-0.151088 
-0.151402 
-0.151715 
-0.15203 
-0.152344 
-0.15266 
-0.152976 
-0.153292 
-0.153609 
-0.153927 
-0.154245 
-0.154564 
-0.154883 
-0.155203 
-0.155523 
-0.155845 
-0.156166 
-0.156489 
-0.156811 
-0.157135 
-0.157459 
-0.157784 
-0.158109 
-0.158435 
-0.158761 
-0.159089 
-0.159416 
-0.159745 
-0.160074 
-0.160404 
-0.160734 
-0.161065 
-0.161397 
-0.161729 
-0.162062 
-0.162396 
-0.16273 
-0.163065 
-0.163401 
-0.163737 
-0.164074 
-0.164412 
-0.16475 
-0.165089 
-0.165429 
-0.165769 
-0.16611 
-0.166452 
-0.166794 
-0.167138 
-0.167481 
-0.167826 
-0.168171 
-0.168517 
-0.168863 
-0.169211 
-0.169558 
-0.169907 
-0.170256 
-0.170606 
-0.170957 
-0.171309 
-0.17166 
-0.172013 
-0.172366 
-0.172721 
-0.173075 
-0.173431 
-0.173787 
-0.174144 
-0.174502 
-0.17486 
-0.175219 
-0.175579 
-0.175939 
-0.1763 
-0.176661 
-0.177024 
-0.177387 
-0.177751 
-0.178115 
-0.17848 
-0.178846 
-0.179212 
-0.179579 
-0.179947 
-0.180315 
-0.180684 
-0.181054 
-0.181424 
-0.181795 
-0.182167 
-0.182539 
-0.182912 
-0.183285 
-0.183659 
-0.184034 
-0.184409 
-0.184785 
-0.185162 
-0.185539 
-0.185917 
-0.186295 
-0.186674 
-0.187053 
-0.187434 
-0.187814 
-0.188196 
-0.188577 
-0.18896 
-0.189342 
-0.189726 
-0.19011 
-0.190495 
-0.19088 
-0.191266 
-0.191652 
-0.192039 
-0.192426 
-0.192814 
-0.193202 
-0.193591 
-0.193979 
-0.19437 
-0.194759 
-0.19515 
-0.195541 
-0.195933 
-0.196325 
-0.196717 
-0.19711 
-0.197504 
-0.197897 
-0.198291 
-0.198686 
-0.199081 
-0.199476 
-0.199872 
-0.200268 
-0.200664 
-0.201061 
-0.201458 
-0.201855 
-0.202254 
-0.202651 
-0.20305 
-0.203449 
-0.203848 
-0.204247 
-0.204647 
-0.205047 
-0.205447 
-0.205847 
-0.206249 
-0.206649 
-0.207051 
-0.207452 
-0.207854 
-0.208255 
-0.208658 
-0.209059 
-0.209462 
-0.209864 
-0.210267 
-0.21067 
-0.211073 
-0.211476 
-0.21188 
-0.212282 
-0.212686 
-0.213089 
-0.213494 
-0.213897 
-0.214301 
-0.214704 
-0.215109 
-0.215512 
-0.215916 
-0.21632 
-0.216724 
-0.217128 
-0.217532 
-0.217935 
-0.21834 
-0.218743 
-0.219147 
-0.21955 
-0.219954 
-0.220357 
-0.220761 
-0.221164 
-0.221568 
-0.22197 
-0.222373 
-0.222776 
-0.223179 
-0.22358 
-0.223983 
-0.224385 
-0.224787 
-0.225188 
-0.22559 
-0.22599 
-0.226392 
-0.226792 
-0.227192 
-0.227592 
-0.227992 
-0.228391 
-0.228791 
-0.229189 
-0.229588 
-0.229986 
-0.230384 
-0.230781 
-0.231178 
-0.231574 
-0.231971 
-0.232366 
-0.232762 
