0.0166667 
0.0318683 
0.0477435 
0.0632003 
0.078761 
0.0941423 
0.10946 
0.124635 
0.13968 
0.154569 
0.169289 
0.183828 
0.198165 
0.212296 
0.226197 
0.239865 
0.253277 
0.26643 
0.279302 
0.29189 
0.304172 
0.316144 
0.327784 
0.339089 
0.350036 
0.36062 
0.37082 
0.380628 
0.390026 
0.399005 
0.407546 
0.415641 
0.423273 
0.430432 
0.437104 
0.443279 
0.448944 
0.45409 
0.458707 
0.462786 
0.466319 
0.469299 
0.471718 
0.473574 
0.474858 
0.475571 
0.475707 
0.475267 
0.474248 
0.472654 
0.470482 
0.467741 
0.464427 
0.460554 
0.456118 
0.451135 
0.445605 
0.439545 
0.432955 
0.425855 
0.418248 
0.410154 
0.401576 
0.392537 
0.383041 
0.37311 
0.362751 
0.351986 
0.34082 
0.329277 
0.317364 
0.305102 
0.292499 
0.279576 
0.266341 
0.252815 
0.239006 
0.224933 
0.210607 
0.196044 
0.181257 
0.16626 
0.151069 
0.135696 
0.120158 
0.104466 
0.0886388 
0.0726872 
0.05663 
0.0404789 
0.0242536 
0.00796552 
-0.00836433 
-0.0247244 
-0.0410926 
-0.057457 
-0.0737946 
-0.0900931 
-0.106329 
-0.122488 
-0.138547 
-0.154493 
-0.1703 
-0.185955 
-0.201432 
-0.21672 
-0.231791 
-0.246635 
-0.261224 
-0.275549 
-0.289583 
-0.303319 
-0.316729 
-0.329808 
-0.342529 
-0.354891 
-0.366864 
-0.378452 
-0.389626 
-0.400391 
-0.410718 
-0.420617 
-0.430058 
-0.439056 
-0.447578 
-0.455642 
-0.463219 
-0.470326 
-0.476935 
-0.483066 
-0.48869 
-0.493829 
-0.498456 
-0.502593 
-0.506215 
-0.509342 
-0.51195 
-0.514062 
-0.515655 
-0.516748 
-0.517322 
-0.517394 
-0.516948 
-0.516 
-0.514535 
-0.512566 
-0.510083 
-0.507097 
-0.5036 
-0.499601 
-0.495095 
-0.490089 
-0.484582 
-0.47858 
-0.472083 
-0.465097 
-0.457625 
-0.449672 
-0.441243 
-0.432345 
-0.422984 
-0.413167 
-0.402903 
-0.3922 
-0.381068 
-0.369518 
-0.35756 
-0.345207 
-0.332472 
-0.319371 
-0.305915 
-0.292124 
-0.278011 
-0.2636 
-0.248902 
-0.233944 
-0.218739 
-0.203317 
-0.187689 
-0.171889 
-0.155927 
-0.139838 
-0.123632 
-0.107345 
-0.0909865 
-0.0745903 
-0.0581661 
-0.0417462 
-0.02534 
-0.00897627 
0.00733524 
0.0235696 
0.0397167 
0.0557556 
0.0716755 
0.0874596 
0.103096 
0.118571 
0.133872 
0.148988 
0.163904 
0.178613 
0.193097 
0.20735 
0.221354 
0.235101 
0.248575 
0.261766 
0.274657 
0.287239 
0.299493 
0.31141 
0.322971 
0.334167 
0.344979 
0.355396 
0.365402 
0.374986 
0.384131 
0.392826 
0.401057 
0.408813 
0.416079 
0.422847 
0.429103 
0.434839 
0.440043 
0.444708 
0.448823 
0.452384 
0.45538 
0.457809 
0.459663 
0.460941 
0.461636 
0.46175 
0.461278 
0.460225 
0.458586 
0.45637 
0.453573 
0.450208 
0.446272 
0.441781 
0.436732 
0.431144 
0.425017 
0.418372 
0.411209 
0.403551 
0.395399 
0.386778 
0.37769 
0.36816 
0.358192 
0.34781 
0.337017 
0.325841 
0.314284 
0.302371 
0.290108 
0.277517 
0.264605 
0.251393 
0.237889 
0.224112 
0.210072 
0.195787 
0.181267 
0.16653 
0.151585 
0.136451 
0.121139 
0.105665 
0.0900429 
0.0742882 
0.0584154 
0.04244 
0.0263778 
0.0102442 
-0.00594378 
-0.0221708 
-0.0384186 
-0.0546718 
-0.070911 
-0.0871205 
-0.10328 
-0.119374 
-0.135381 
-0.151284 
-0.167063 
-0.182701 
-0.198175 
-0.213471 
-0.228564 
-0.24344 
-0.258076 
-0.272459 
-0.286564 
-0.300381 
-0.313884 
-0.327065 
-0.3399 
-0.352383 
-0.364488 
-0.376214 
-0.387534 
-0.398451 
-0.408937 
-0.419 
-0.428611 
-0.43778 
-0.446481 
-0.454724 
-0.462484 
-0.469776 
-0.476573 
-0.482892 
-0.488708 
-0.494038 
-0.49886 
-0.50319 
-0.507008 
-0.51033 
-0.513137 
-0.515445 
-0.517238 
-0.518529 
-0.519305 
-0.519577 
-0.519334 
-0.518587 
-0.517327 
-0.515562 
-0.513286 
-0.510505 
-0.507216 
-0.503424 
-0.499127 
-0.49433 
-0.489032 
-0.483239 
-0.476951 
-0.470173 
-0.462909 
-0.455163 
-0.446939 
-0.438245 
-0.429085 
-0.419467 
-0.409398 
-0.398888 
-0.387943 
-0.376576 
-0.364796 
-0.352615 
-0.340046 
-0.327101 
-0.313797 
-0.300146 
-0.286168 
-0.271875 
-0.257295 
-0.242432 
-0.22732 
-0.211967 
-0.196407 
-0.180647 
-0.164726 
-0.148646 
-0.132452 
-0.116143 
-0.0997675 
-0.0833193 
-0.0668499 
-0.05035 
-0.0338724 
-0.0174042 
-0.00099846 
0.0153604 
0.0316205 
0.0477992 
0.0638467 
0.079781 
0.0955554 
0.111187 
0.126633 
0.14191 
0.156977 
0.171847 
0.186486 
0.200902 
0.215064 
0.228977 
0.242613 
0.255974 
0.269034 
0.28179 
0.29422 
0.306319 
0.318065 
0.329451 
0.340458 
0.351076 
0.361288 
0.371083 
0.380445 
0.389363 
0.397822 
0.405812 
0.413319 
0.420333 
0.426842 
0.432836 
0.438304 
0.443237 
0.447628 
0.451468 
0.454751 
0.457469 
0.45962 
0.461196 
0.462198 
0.462618 
0.46246 
0.461718 
0.460399 
0.458499 
0.456026 
0.452977 
0.449366 
0.445189 
0.440464 
0.435186 
0.429377 
0.423035 
0.416182 
0.408817 
0.400964 
0.392624 
0.383821 
0.374558 
0.364858 
0.354726 
0.344186 
0.333241 
0.321918 
0.310219 
0.29817 
0.285774 
0.273056 
0.260021 
0.246691 
0.233074 
0.219189 
0.205046 
0.190662 
0.176048 
0.161223 
0.146195 
0.130984 
0.1156 
0.10006 
0.0843776 
0.0685685 
0.0526476 
0.0366301 
0.0205324 
0.0043696 
-0.0118407 
-0.0280832 
-0.044339 
-0.0605927 
-0.0768242 
-0.0930177 
-0.109152 
-0.125211 
-0.141173 
-0.157021 
-0.172732 
-0.188291 
-0.203674 
-0.218865 
-0.23384 
-0.248586 
-0.263077 
-0.277302 
-0.291235 
-0.304867 
-0.318173 
-0.331144 
-0.343758 
-0.356007 
-0.36787 
-0.379343 
-0.390403 
-0.40105 
-0.411263 
-0.421043 
-0.430371 
-0.439249 
