0.0833333 
0.0303979 
0.155164 
0.203259 
0.276764 
0.305815 
0.387818 
0.435315 
0.453595 
0.466211 
0.471693 
0.454792 
0.414164 
0.355825 
0.308502 
0.260767 
0.197946 
0.12439 
0.0462291 
-0.0323594 
-0.11229 
-0.19087 
-0.262474 
-0.327303 
-0.383342 
-0.42815 
-0.459607 
-0.48068 
-0.49256 
-0.495355 
-0.484734 
-0.46011 
-0.420905 
-0.368323 
-0.30349 
-0.229281 
-0.150219 
-0.0705081 
0.00747237 
0.0832798 
0.156659 
0.22757 
0.295095 
0.355584 
0.405931 
0.44268 
0.464518 
0.470168 
0.45987 
0.434925 
0.398152 
0.35217 
0.298717 
0.238785 
0.172416 
0.100466 
0.0234585 
-0.0563627 
-0.136425 
-0.213364 
-0.284023 
-0.345657 
-0.396978 
-0.437636 
-0.467754 
-0.487051 
-0.495725 
-0.493 
-0.478162 
-0.44953 
-0.406557 
-0.349927 
-0.281929 
-0.205983 
-0.126065 
-0.0458505 
0.0323994 
0.107763 
0.180575 
0.250018 
0.31509 
0.372393 
0.418866 
0.451269 
0.468382 
0.469442 
0.455088 
0.426872 
0.387509 
0.339314 
0.283787 
0.221673 
0.153321 
0.0793637 
0.00107716 
-0.0793321 
-0.158995 
-0.234147 
-0.301964 
-0.359669 
-0.407381 
