0.5 
0.497502 
0.490033 
0.477668 
0.46053 
0.438791 
0.412668 
0.382421 
0.348353 
0.310805 
0.270151 
0.226798 
0.181179 
0.133749 
0.0849836 
0.0353686 
-0.0145998 
-0.0644222 
-0.113601 
-0.161645 
-0.208073 
-0.252423 
-0.294251 
-0.333138 
-0.368697 
-0.400572 
-0.428444 
-0.452036 
-0.471111 
-0.485479 
-0.494996 
-0.499568 
-0.499147 
-0.49374 
-0.483399 
-0.468228 
-0.448379 
-0.42405 
-0.395484 
-0.362966 
-0.326822 
-0.287412 
-0.24513 
-0.2004 
-0.153666 
-0.105398 
-0.0560763 
-0.00619433 
0.0437495 
0.0932562 
0.141831 
0.188989 
0.234258 
0.277187 
0.317346 
0.354335 
0.387783 
0.417356 
0.44276 
0.463739 
0.480085 
0.491634 
0.498271 
0.499929 
0.496592 
0.488294 
0.475116 
0.457192 
0.434699 
0.407863 
0.376951 
0.342273 
0.304176 
0.263039 
0.219274 
0.173318 
0.12563 
0.0766869 
0.0269777 
-0.0230011 
-0.07275 
-0.121772 
-0.169577 
-0.215688 
-0.259644 
-0.301006 
-0.33936 
-0.374323 
-0.405547 
-0.432718 
-0.455565 
-0.473861 
-0.487422 
-0.496113 
-0.499847 
-0.498586 
-0.492344 
-0.481182 
-0.465213 
-0.444596 
-0.419536 
-0.390284 
-0.357133 
-0.320413 
-0.280492 
-0.237768 
-0.192669 
-0.145645 
-0.097165 
-0.0477144 
0.00221285 
0.052118 
0.101502 
0.149873 
0.196745 
0.241652 
0.284145 
0.323798 
0.360216 
0.393035 
0.421927 
0.446603 
0.466817 
0.482366 
0.493096 
0.498899 
0.499717 
0.495542 
0.486416 
0.47243 
0.453723 
0.430483 
0.402942 
0.371375 
0.336097 
0.29746 
0.255852 
0.211687 
0.165407 
0.117475 
0.0683686 
0.0185792 
-0.0313959 
-0.0810572 
-0.129909 
-0.177462 
-0.223242 
-0.266792 
-0.307676 
-0.345486 
-0.379844 
-0.410407 
-0.436868 
-0.458965 
-0.476476 
-0.489227 
-0.497089 
-0.499984 
-0.497884 
-0.490809 
-0.47883 
-0.462066 
-0.440686 
-0.414903 
-0.384974 
-0.351199 
-0.313914 
-0.273493 
-0.230339 
-0.184884 
-0.137582 
-0.0889045 
-0.0393391 
0.0106194 
0.0604718 
0.10972 
0.157872 
0.204446 
0.248978 
0.291022 
0.330158 
0.365996 
0.398176 
0.426378 
0.45032 
0.469762 
0.484511 
0.494419 
0.499386 
0.499364 
0.494352 
0.484401 
0.46961 
0.450127 
0.426146 
0.397907 
0.365693 
0.329825 
0.290661 
0.248593 
0.204041 
0.15745 
0.109287 
0.060031 
0.0101754 
-0.0397818 
-0.0893415 
-0.138009 
-0.185297 
-0.230733 
-0.273865 
-0.31426 
-0.351514 
-0.385257 
-0.415151 
-0.440896 
-0.462236 
-0.478957 
-0.490893 
-0.497924 
-0.49998 
-0.497041 
-0.489135 
-0.476342 
-0.458789 
-0.436652 
-0.410153 
-0.379555 
-0.345165 
-0.307326 
-0.266417 
-0.222845 
-0.177047 
-0.12948 
-0.080619 
-0.0309526 
0.019023 
0.0688085 
0.117907 
0.165826 
0.21209 
0.256233 
0.297817 
0.336425 
0.371672 
0.403205 
0.430709 
0.45391 
0.472575 
0.486519 
0.495601 
0.499732 
0.498869 
0.493022 
0.482249 
0.466658 
0.446403 
0.421689 
0.39276 
0.359908 
0.32346 
0.283779 
0.241264 
0.196337 
0.149449 
0.101068 
0.0516763 
0.00176877 
-0.0481565 
-0.0976005 
-0.146069 
-0.193079 
-0.238159 
-0.28086 
-0.320754 
-0.357443 
-0.390562 
-0.419777 
-0.444799 
-0.465376 
-0.481303 
-0.492421 
-0.498619 
-0.499835 
-0.496057 
-0.487323 
-0.473719 
-0.455382 
-0.432495 
-0.405287 
-0.374029 
-0.339034 
-0.300651 
-0.259265 
-0.215288 
-0.16916 
-0.121341 
-0.0723106 
-0.0225574 
0.0274211 
0.0771257 
0.12606 
0.173734 
0.219673 
0.263416 
0.304528 
0.342597 
0.377243 
0.408119 
0.434918 
0.457371 
0.475254 
0.488389 
0.496644 
0.499937 
0.498234 
0.491553 
0.479961 
0.463573 
0.442553 
0.417112 
0.387502 
0.354021 
0.317003 
0.276817 
0.233866 
0.188578 
0.141405 
0.0928199 
0.0433071 
-0.00663837 
-0.0565175 
-0.105832 
-0.154089 
-0.200806 
-0.245517 
-0.287775 
-0.327158 
-0.363271 
-0.395755 
-0.424285 
-0.448576 
-0.468384 
-0.483512 
-0.49381 
-0.499173 
-0.499549 
-0.494933 
-0.485373 
-0.470962 
-0.451846 
-0.428215 
-0.400306 
-0.368397 
-0.332807 
-0.293891 
-0.25204 
-0.20767 
-0.161224 
-0.113169 
-0.0639818 
-0.0141559 
0.0358116 
0.0854212 
0.134177 
0.181593 
0.227194 
0.270525 
0.311153 
0.348672 
0.382707 
0.412918 
0.439004 
0.460703 
0.477799 
0.490121 
0.497546 
0.5 
0.497458 
0.489945 
0.477537 
0.460357 
0.438578 
0.412417 
0.382135 
0.348035 
0.310457 
0.269777 
0.226402 
0.180765 
0.133321 
0.0845459 
0.0349256 
-0.0150436 
-0.0648626 
-0.114033 
-0.162065 
-0.208477 
-0.252806 
-0.294609 
-0.333469 
-0.368997 
-0.400837 
-0.428673 
-0.452226 
-0.47126 
-0.485585 
-0.495059 
-0.499586 
-0.499121 
-0.49367 
-0.483285 
-0.468072 
-0.448183 
-0.423815 
-0.395212 
-0.362661 
-0.326486 
-0.287048 
-0.244743 
-0.199993 
-0.153244 
-0.104964 
-0.055635 
-0.00575028 
0.0441918 
0.0936924 
0.142257 
0.1894 
0.234651 
0.277557 
0.317689 
0.354648 
0.388063 
0.417601 
0.442966 
0.463905 
0.480209 
0.491715 
0.498308 
0.499922 
0.496541 
0.488198 
0.474978 
0.457012 
0.434479 
0.407606 
0.376659 
0.341949 
0.303823 
0.262661 
0.218874 
0.172901 
0.1252 
0.0762481 
0.0265343 
-0.0234447 
-0.0731893 
-0.122203 
-0.169995 
-0.216089 
-0.260024 
-0.30136 
-0.339686 
-0.374618 
-0.405806 
-0.43294 
-0.455748 
-0.474002 
-0.487521 
-0.496168 
-0.499857 
-0.498553 
-0.492266 
-0.481062 
-0.46505 
-0.444392 
-0.419294 
-0.390006 
-0.356822 
-0.320072 
-0.280124 
-0.237378 
-0.192259 
-0.14522 
-0.0967293 
-0.0472724 
0.00265692 
0.0525597 
0.101937 
0.150296 
0.197154 
0.242041 
0.28451 
0.324136 
0.360524 
0.393309 
0.422165 
0.446803 
0.466976 
0.482483 
