0 
-0.000910691 
-0.00272743 
-0.00453026 
-0.00630998 
-0.00805753 
-0.00976398 
-0.0114206 
-0.0130191 
-0.0145511 
-0.0160089 
-0.017385 
-0.0186726 
-0.0198648 
-0.0209558 
-0.0219399 
-0.0228121 
-0.023568 
-0.0242036 
-0.0247159 
-0.0251021 
-0.0253602 
-0.0254891 
-0.0254879 
-0.0253568 
-0.0250963 
-0.0247079 
-0.0241935 
-0.0235556 
-0.0227977 
-0.0219234 
-0.0209374 
-0.0198446 
-0.0186506 
-0.0173614 
-0.0159838 
-0.0145246 
-0.0129913 
-0.0113918 
-0.00973418 
-0.00802692 
-0.00627873 
-0.00449852 
-0.00269536 
-0.000878461 
0.000942921 
0.00275949 
0.00456199 
0.00634123 
0.00808812 
0.00979377 
