1.66667 
1.64357 
1.57493 
1.46264 
1.30981 
1.12069 
0.900504 
0.655364 
0.392063 
0.38848 
0.117895 
-0.159539 
-0.432552 
-0.693578 
-0.935382 
-1.15126 
-1.33524 
-1.48221 
-1.58811 
-1.64999 
-1.66614 
-1.63612 
-1.56076 
-1.44214 
-1.28356 
-1.08941 
-0.865059 
-0.616739 
-0.351326 
-0.0761773 
0.201083 
0.47277 
0.731356 
0.969672 
1.18112 
1.35983 
1.50085 
1.60028 
1.65537 
1.66457 
1.62765 
1.54561 
1.42075 
1.2565 
1.05744 
0.829071 
0.577726 
0.310369 
0.0344114 
-0.2425 
-0.512691 
-0.768673 
-1.00335 
-1.21023 
-1.38356 
-1.51855 
-1.61146 
-1.6597 
-1.66195 
-1.61815 
-1.52949 
-1.39845 
-1.22866 
-1.02481 
-0.792562 
-0.538349 
-0.269217 
0.00737616 
0.283765 
0.552289 
0.805508 
1.0364 
1.23858 
1.40642 
1.53529 
1.62162 
1.663 
1.65829 
1.60763 
1.51241 
1.37528 
1.20004 
0.991534 
0.755554 
0.498634 
0.227895 
-0.0491591 
-0.324851 
-0.59154 
-0.841836 
-1.0688 
-1.26615 
-1.4284 
-1.55107 
-1.63076 
-1.66525 
-1.65359 
-1.5961 
-1.49438 
-1.35124 
-1.17066 
-0.957636 
