-0.00166667 
-0.00165606 
-0.00163582 
-0.00160685 
-0.00156998 
-0.00152596 
-0.00147546 
-0.00141912 
-0.0013575 
-0.00129112 
-0.00122045 
-0.00114592 
-0.00106792 
-0.000986818 
-0.000902929 
-0.000816557 
-0.000727965 
-0.000637407 
-0.000545098 
-0.000451252 
-0.000356044 
-0.000259653 
-0.000162222 
-6.39032e-05 
3.51889e-05 
0.000134927 
0.000235217 
0.000335952 
0.000437058 
0.000538442 
0.000640047 
0.000741794 
0.000843638 
0.000945511 
0.00104738 
0.00114919 
0.0012509 
0.00135248 
0.00145391 
0.00155513 
0.00165614 
0.0017569 
0.0018574 
0.00195761 
0.00205752 
0.00215711 
0.00225637 
0.00235528 
0.00245385 
0.00255203 
0.00264985 
0.00274727 
0.00284432 
0.00294095 
0.00303719 
0.003133 
0.00322841 
0.00332339 
0.00341796 
0.00351209 
0.0036058 
0.00369906 
0.0037919 
0.00388428 
0.00397624 
0.00406773 
0.0041588 
0.0042494 
0.00433957 
0.00442927 
0.00451854 
0.00460733 
0.00469568 
0.00478356 
0.00487099 
0.00495795 
0.00504446 
0.00513049 
0.00521607 
0.00530117 
0.00538582 
0.00546998 
0.00555368 
0.0056369 
0.00571965 
0.00580192 
0.00588372 
0.00596503 
0.00604587 
0.00612622 
0.0062061 
0.00628547 
0.00636438 
0.00644278 
0.0065207 
0.00659812 
0.00667506 
0.00675149 
0.00682743 
0.00690287 
0.00697781 
0.00705224 
0.00712619 
0.0071996 
0.00727253 
0.00734494 
0.00741684 
0.00748822 
0.00755911 
0.00762945 
0.0076993 
0.00776861 
0.00783742 
0.00790569 
0.00797345 
0.00804067 
0.00810738 
0.00817354 
0.00823919 
0.00830428 
0.00836887 
0.00843289 
0.0084964 
0.00855936 
0.00862179 
0.00868366 
0.00874501 
0.00880579 
0.00886605 
0.00892574 
0.00898491 
0.0090435 
0.00910157 
0.00915906 
0.00921602 
0.00927241 
0.00932826 
0.00938353 
0.00943827 
0.00949243 
0.00954606 
0.0095991 
0.0096516 
0.00970352 
0.0097549 
0.0098057 
0.00985596 
0.00990563 
0.00995476 
0.0100033 
0.0100513 
0.0100987 
0.0101456 
0.0101919 
0.0102376 
0.0102828 
0.0103274 
0.0103714 
0.0104149 
0.0104577 
0.0105001 
0.0105418 
0.0105831 
0.0106237 
0.0106638 
0.0107033 
0.0107422 
0.0107806 
0.0108184 
0.0108557 
0.0108924 
0.0109285 
0.0109641 
0.0109991 
0.0110336 
0.0110675 
0.0111009 
0.0111337 
0.011166 
0.0111977 
0.0112288 
0.0112594 
0.0112895 
0.011319 
0.011348 
0.0113765 
0.0114044 
0.0114317 
0.0114586 
0.0114849 
0.0115106 
0.0115359 
0.0115606 
0.0115848 
0.0116084 
0.0116316 
0.0116542 
0.0116763 
0.0116979 
0.011719 
0.0117396 
0.0117597 
0.0117793 
0.0117983 
0.0118169 
0.011835 
0.0118526 
0.0118697 
0.0118864 
0.0119025 
0.0119182 
0.0119334 
0.0119481 
0.0119624 
0.0119762 
0.0119895 
0.0120024 
0.0120148 
0.0120268 
0.0120383 
0.0120494 
0.0120601 
0.0120703 
0.0120801 
0.0120894 
0.0120984 
0.0121069 
0.012115 
0.0121227 
0.0121299 
0.0121368 
0.0121433 
0.0121494 
0.012155 
0.0121603 
0.0121653 
0.0121698 
0.012174 
0.0121778 
0.0121812 
0.0121843 
0.012187 
0.0121894 
0.0121914 
0.0121931 
0.0121944 
0.0121954 
0.0121961 
0.0121964 
0.0121965 
0.0121962 
0.0121956 
0.0121947 
0.0121935 
0.012192 
0.0121902 
0.0121882 
0.0121858 
0.0121832 
0.0121803 
0.0121771 
0.0121737 
0.01217 
0.0121661 
0.0121619 
0.0121575 
0.0121529 
0.012148 
0.0121429 
0.0121376 
0.012132 
0.0121263 
0.0121203 
0.0121141 
0.0121078 
0.0121012 
0.0120945 
0.0120876 
0.0120805 
0.0120733 
0.0120658 
0.0120583 
0.0120505 
0.0120426 
0.0120346 
0.0120264 
0.0120181 
0.0120097 
0.0120012 
0.0119925 
0.0119837 
0.0119748 
0.0119658 
0.0119567 
0.0119475 
0.0119382 
0.0119289 
0.0119194 
0.0119099 
0.0119003 
0.0118907 
0.011881 
0.0118712 
0.0118614 
0.0118516 
0.0118417 
0.0118318 
0.0118218 
0.0118119 
0.0118019 
0.0117919 
0.0117819 
0.0117719 
0.0117619 
0.0117519 
0.0117419 
0.0117319 
0.011722 
0.011712 
0.0117021 
0.0116923 
0.0116825 
0.0116727 
0.0116629 
0.0116533 
0.0116437 
0.0116341 
0.0116246 
0.0116152 
0.0116059 
0.0115966 
0.0115875 
0.0115784 
0.0115694 
0.0115605 
0.0115517 
0.0115431 
0.0115345 
0.0115261 
0.0115177 
0.0115095 
0.0115015 
0.0114935 
0.0114857 
0.0114781 
0.0114706 
0.0114632 
0.011456 
0.011449 
0.0114421 
0.0114354 
0.0114288 
0.0114225 
0.0114163 
0.0114103 
0.0114044 
0.0113988 
0.0113933 
0.0113881 
0.011383 
0.0113782 
0.0113736 
0.0113691 
0.0113649 
0.0113609 
0.0113572 
0.0113536 
0.0113503 
0.0113472 
0.0113443 
0.0113417 
0.0113393 
0.0113372 
0.0113353 
0.0113337 
0.0113323 
0.0113312 
0.0113303 
0.0113297 
0.0113294 
0.0113293 
0.0113295 
0.01133 
0.0113308 
0.0113318 
0.0113331 
0.0113347 
0.0113366 
0.0113388 
0.0113412 
0.011344 
0.011347 
0.0113504 
0.011354 
0.011358 
0.0113623 
0.0113668 
0.0113717 
0.0113769 
0.0113824 
0.0113882 
0.0113944 
0.0114008 
0.0114076 
0.0114147 
0.0114221 
0.0114299 
0.011438 
0.0114464 
0.0114551 
0.0114642 
0.0114736 
0.0114833 
0.0114934 
0.0115038 
0.0115146 
0.0115257 
0.0115371 
0.0115489 
0.011561 
0.0115735 
0.0115863 
0.0115994 
0.0116129 
0.0116268 
0.011641 
0.0116555 
0.0116704 
0.0116856 
0.0117012 
0.0117172 
0.0117334 
0.0117501 
0.0117671 
0.0117844 
0.0118021 
0.0118202 
0.0118386 
0.0118573 
0.0118764 
0.0118959 
0.0119157 
0.0119359 
0.0119564 
0.0119772 
0.0119984 
0.01202 
0.0120419 
0.0120641 
0.0120867 
0.0121097 
0.012133 
0.0121566 
0.0121806 
0.012205 
0.0122296 
0.0122546 
0.01228 
0.0123057 
0.0123317 
0.0123581 
0.0123848 
0.0124119 
0.0124392 
0.0124669 
0.012495 
0.0125233 
0.012552 
0.0125811 
0.0126104 
0.0126401 
0.01267 
0.0127003 
0.012731 
0.0127619 
0.0127931 
0.0128247 
0.0128566 
0.0128887 
0.0129212 
0.012954 
0.012987 
0.0130204 
0.0130541 
0.013088 
0.0131223 
0.0131568 
0.0131916 
0.0132267 
0.0132621 
0.0132977 
0.0133336 
0.0133698 
0.0134063 
0.013443 
0.0134799 
0.0135172 
0.0135547 
0.0135924 
0.0136304 
0.0136686 
0.0137071 
0.0137458 
0.0137847 
0.0138239 
0.0138632 
0.0139029 
0.0139427 
0.0139827 
0.014023 
0.0140635 
0.0141041 
0.014145 
0.0141861 
0.0142273 
0.0142688 
0.0143104 
0.0143522 
0.0143942 
0.0144363 
0.0144787 
0.0145212 
0.0145638 
0.0146066 
0.0146496 
0.0146926 
0.0147359 
0.0147793 
0.0148228 
0.0148664 
0.0149102 
0.014954 
0.014998 
0.0150421 
0.0150863 
0.0151306 
0.015175 
0.0152195 
0.0152641 
0.0153088 
0.0153535 
0.0153983 
0.0154432 
0.0154881 
0.0155331 
0.0155781 
0.0156232 
0.0156683 
0.0157135 
0.0157587 
0.0158039 
0.0158491 
0.0158944 
0.0159397 
0.0159849 
0.0160302 
0.0160755 
0.0161207 
0.016166 
0.0162112 
0.0162564 
0.0163016 
0.0163467 
0.0163918 
0.0164368 
0.0164818 
0.0165268 
0.0165716 
0.0166164 
0.0166612 
0.0167058 
0.0167504 
0.0167949 
0.0168392 
0.0168835 
0.0169277 
0.0169718 
0.0170158 
0.0170596 
0.0171033 
0.0171469 
0.0171903 
0.0172336 
0.0172768 
0.0173198 
0.0173627 
0.0174054 
0.0174479 
0.0174902 
0.0175324 
0.0175744 
0.0176162 
0.0176578 
0.0176992 
0.0177404 
0.0177814 
0.0178222 
0.0178627 
0.0179031 
0.0179432 
0.0179831 
0.0180227 
0.0180621 
0.0181013 
0.0181402 
0.0181788 
0.0182172 
0.0182553 
0.0182932 
0.0183307 
0.018368 
0.018405 
0.0184418 
0.0184782 
0.0185143 
0.0185501 
0.0185856 
0.0186208 
0.0186557 
0.0186903 
0.0187245 
0.0187584 
0.018792 
0.0188252 
0.0188581 
0.0188906 
0.0189229 
0.0189547 
0.0189862 
0.0190173 
0.0190481 
0.0190784 
0.0191085 
0.0191381 
0.0191674 
0.0191963 
0.0192248 
0.0192528 
0.0192806 
0.0193079 
0.0193348 
0.0193613 
0.0193874 
0.0194131 
0.0194384 
0.0194632 
0.0194877 
0.0195117 
0.0195353 
0.0195584 
0.0195812 
0.0196035 
0.0196253 
0.0196468 
0.0196677 
0.0196883 
0.0197084 
0.019728 
0.0197472 
0.019766 
0.0197843 
0.0198021 
0.0198195 
0.0198364 
0.0198529 
0.0198688 
0.0198844 
0.0198994 
0.019914 
0.0199281 
0.0199418 
0.019955 
0.0199677 
0.0199799 
0.0199916 
0.0200029 
0.0200137 
0.020024 
0.0200338 
0.0200431 
0.020052 
0.0200603 
0.0200682 
0.0200756 
0.0200826 
0.020089 
0.0200949 
0.0201004 
0.0201053 
0.0201098 
0.0201138 
0.0201173 
0.0201203 
0.0201228 
0.0201249 
0.0201264 
0.0201275 
0.020128 
0.0201281 
0.0201277 
0.0201268 
0.0201255 
0.0201236 
0.0201213 
0.0201184 
0.0201151 
0.0201113 
0.020107 
0.0201023 
0.020097 
0.0200913 
0.0200851 
0.0200785 
0.0200713 
0.0200637 
0.0200556 
0.0200471 
0.020038 
0.0200286 
0.0200186 
0.0200082 
0.0199973 
0.0199859 
0.0199741 
0.0199619 
0.0199492 
0.019936 
0.0199224 
0.0199083 
0.0198938 
0.0198788 
0.0198634 
0.0198476 
0.0198313 
0.0198146 
0.0197974 
0.0197799 
0.0197618 
0.0197434 
0.0197246 
0.0197053 
0.0196856 
0.0196655 
0.019645 
0.0196241 
0.0196028 
0.019581 
0.0195589 
0.0195364 
0.0195135 
0.0194902 
0.0194665 
0.0194424 
0.0194179 
0.0193931 
0.0193679 
0.0193423 
0.0193164 
0.0192901 
0.0192634 
0.0192364 
0.019209 
0.0191813 
0.0191532 
0.0191248 
0.019096 
0.0190669 
0.0190375 
0.0190078 
0.0189777 
0.0189473 
0.0189166 
0.0188856 
0.0188542 
0.0188226 
0.0187907 
0.0187585 
0.0187259 
0.0186931 
0.01866 
0.0186266 
0.018593 
0.018559 
0.0185248 
0.0184904 
0.0184557 
0.0184207 
0.0183854 
0.01835 
0.0183142 
0.0182783 
0.0182421 
0.0182056 
0.018169 
0.0181321 
0.018095 
0.0180577 
0.0180201 
0.0179824 
0.0179445 
0.0179063 
0.017868 
0.0178295 
0.0177908 
0.0177519 
0.0177128 
0.0176736 
0.0176342 
0.0175946 
0.0175549 
0.017515 
0.0174749 
0.0174348 
0.0173944 
0.017354 
0.0173134 
0.0172726 
0.0172318 
0.0171908 
0.0171497 
0.0171085 
0.0170671 
0.0170257 
0.0169842 
0.0169425 
0.0169008 
0.016859 
0.0168171 
0.0167751 
0.0167331 
0.016691 
0.0166488 
0.0166065 
0.0165642 
0.0165218 
0.0164794 
0.0164369 
0.0163944 
0.0163518 
0.0163092 
0.0162666 
0.0162239 
0.0161812 
0.0161385 
0.0160958 
0.016053 
0.0160103 
0.0159675 
0.0159248 
0.015882 
0.0158392 
0.0157965 
0.0157538 
0.015711 
0.0156683 
0.0156256 
0.015583 
0.0155404 
0.0154978 
0.0154552 
0.0154127 
0.0153702 
0.0153278 
0.0152854 
0.0152431 
0.0152008 
0.0151586 
0.0151164 
0.0150743 
0.0150323 
0.0149903 
0.0149485 
0.0149067 
0.0148649 
0.0148233 
0.0147818 
0.0147403 
0.0146989 
0.0146576 
0.0146165 
0.0145754 
0.0145344 
0.0144935 
0.0144528 
0.0144121 
0.0143716 
0.0143311 
0.0142908 
0.0142506 
0.0142105 
0.0141706 
0.0141308 
0.0140911 
0.0140515 
0.0140121 
0.0139728 
0.0139336 
0.0138946 
0.0138557 
0.013817 
0.0137784 
0.0137399 
0.0137016 
0.0136635 
0.0136255 
0.0135876 
0.0135499 
0.0135124 
0.013475 
0.0134378 
0.0134007 
0.0133638 
0.0133271 
0.0132905 
0.0132541 
0.0132178 
0.0131817 
0.0131458 
0.0131101 
0.0130745 
0.0130391 
0.0130039 
0.0129688 
0.0129339 
0.0128992 
0.0128647 
0.0128303 
0.0127962 
0.0127622 
0.0127283 
0.0126947 
0.0126612 
0.0126279 
0.0125948 
0.0125619 
0.0125291 
0.0124965 
0.0124641 
0.0124319 
0.0123999 
0.012368 
0.0123363 
0.0123048 
0.0122735 
0.0122423 
0.0122114 
0.0121806 
0.01215 
0.0121195 
0.0120893 
0.0120592 
0.0120293 
0.0119996 
0.01197 
0.0119406 
0.0119114 
0.0118824 
0.0118535 
0.0118248 
0.0117963 
0.0117679 
0.0117397 
0.0117117 
0.0116839 
0.0116562 
0.0116287 
0.0116013 
0.0115741 
0.011547 
0.0115202 
0.0114934 
0.0114669 
0.0114404 
0.0114142 
0.0113881 
0.0113621 
0.0113363 
0.0113106 
0.0112851 
0.0112597 
0.0112345 
0.0112094 
0.0111844 
0.0111596 
0.0111349 
0.0111104 
0.0110859 
0.0110616 
0.0110375 
0.0110134 
0.0109895 
0.0109657 
0.010942 
0.0109185 
0.010895 
0.0108717 
0.0108484 
0.0108253 
0.0108023 
0.0107794 
0.0107566 
0.0107339 
0.0107112 
0.0106887 
0.0106663 
0.0106439 
0.0106217 
0.0105995 
0.0105774 
0.0105554 
0.0105335 
0.0105116 
0.0104898 
0.0104681 
0.0104464 
0.0104249 
0.0104033 
0.0103818 
0.0103604 
0.0103391 
0.0103177 
0.0102965 
0.0102753 
0.0102541 
0.0102329 
0.0102118 
0.0101908 
0.0101697 
0.0101487 
0.0101278 
0.0101068 
0.0100859 
0.0100649 
0.010044 
0.0100231 
0.0100023 
0.00998138 
0.00996052 
0.00993964 
0.00991878 
0.00989789 
0.00987702 
0.00985612 
0.00983522 
0.00981429 
0.00979336 
0.00977239 
0.00975142 
0.0097304 
0.00970937 
0.0096883 
0.0096672 
0.00964605 
0.00962488 
0.00960365 
0.00958239 
0.00956107 
0.00953972 
0.00951829 
0.00949683 
0.00947529 
0.00945371 
0.00943205 
0.00941034 
0.00938854 
0.0093667 
0.00934476 
0.00932276 
0.00930067 
0.00927851 
0.00925626 
0.00923394 
0.00921151 
0.00918901 
0.00916641 
0.00914372 
0.00912092 
0.00909804 
0.00907504 
0.00905196 
0.00902876 
0.00900546 
0.00898204 
0.00895852 
0.00893487 
0.00891113 
0.00888725 
0.00886327 
0.00883915 
0.00881492 
0.00879055 
0.00876608 
0.00874145 
0.00871672 
0.00869183 
0.00866683 
0.00864168 
0.00861641 
0.00859097 
0.00856543 
0.00853971 
0.00851388 
0.00848788 
0.00846176 
0.00843547 
0.00840905 
0.00838246 
0.00835575 
0.00832885 
0.00830183 
0.00827463 
0.0082473 
0.00821979 
0.00819215 
0.00816433 
0.00813637 
0.00810822 
0.00807995 
0.00805148 
0.00802288 
0.00799409 
0.00796516 
0.00793605 
0.00790679 
0.00787735 
0.00784776 
0.00781799 
0.00778807 
0.00775796 
0.00772772 
0.00769727 
0.00766669 
0.00763592 
0.00760501 
0.0075739 
0.00754265 
0.00751121 
0.00747963 
0.00744785 
0.00741594 
0.00738383 
0.00735159 
0.00731915 
0.00728658 
0.00725381 
0.00722091 
0.00718782 
0.00715459 
0.00712117 
0.00708762 
0.00705388 
0.00702001 
0.00698596 
0.00695177 
0.0069174 
0.0068829 
0.00684822 
0.00681342 
0.00677843 
0.00674332 
0.00670803 
0.00667262 
0.00663704 
0.00660134 
0.00656546 
0.00652948 
0.00649332 
0.00645706 
0.00642062 
0.00638408 
0.00634737 
0.00631057 
0.00627359 
0.00623653 
0.0061993 
0.00616199 
0.00612451 
0.00608695 
0.00604924 
0.00601145 
0.0059735 
0.00593548 
0.00589731 
0.00585908 
0.0058207 
0.00578226 
0.00574368 
0.00570504 
0.00566626 
0.00562744 
0.00558848 
0.00554948 
0.00551036 
0.00547119 
0.0054319 
0.00539259 
0.00535315 
0.00531369 
0.00527412 
0.00523453 
0.00519484 
0.00515513 
0.00511533 
0.00507552 
0.00503561 
0.00499571 
0.00495572 
0.00491574 
0.00487568 
0.00483563 
0.00479551 
0.00475541 
0.00471525 
0.00467511 
0.00463492 
0.00459476 
0.00455455 
0.00451438 
0.00447417 
0.00443401 
0.00439381 
0.00435367 
0.0043135 
0.0042734 
0.00423327 
0.00419322 
0.00415316 
0.00411317 
0.00407318 
0.00403328 
0.00399338 
0.00395358 
0.00391379 
0.0038741 
0.00383443 
0.00379488 
0.00375535 
0.00371594 
0.00367657 
0.00363733 
0.00359813 
0.00355907 
0.00352005 
0.00348119 
0.00344238 
0.00340373 
0.00336515 
0.00332673 
0.00328839 
0.00325022 
0.00321213 
0.00317423 
0.00313641 
0.00309879 
0.00306127 
0.00302395 
0.00298673 
0.00294972 
0.00291283 
0.00287616 
0.00283961 
0.00280329 
0.00276709 
0.00273114 
0.00269532 
0.00265975 
0.00262433 
0.00258916 
0.00255414 
0.00251939 
0.0024848 
0.00245048 
0.00241634 
0.00238247 
0.00234878 
0.00231538 
0.00228217 
0.00224925 
0.00221654 
0.00218412 
0.00215191 
0.00212001 
0.00208832 
0.00205695 
0.0020258 
0.00199498 
0.00196439 
0.00193413 
0.00190411 
0.00187442 
0.00184499 
0.0018159 
0.00178707 
0.00175859 
0.00173037 
0.00170251 
0.00167492 
0.0016477 
0.00162075 
0.00159418 
0.0015679 
0.00154199 
0.00151638 
0.00149115 
0.00146622 
0.00144168 
0.00141745 
0.00139362 
0.0013701 
0.00134698 
0.00132419 
0.0013018 
0.00127974 
0.00125809 
0.00123678 
0.00121588 
0.00119533 
0.0011752 
0.00115541 
0.00113606 
0.00111705 
0.00109848 
0.00108026 
0.00106248 
0.00104506 
0.00102809 
0.00101148 
0.000995325 
0.000979532 
0.000964197 
0.000949231 
0.000934727 
0.000920596 
0.000906931 
0.000893642 
0.000880822 
0.000868384 
0.000856417 
0.000844835 
0.000833727 
0.000823008 
0.000812767 
0.000802916 
0.000793546 
0.00078457 
0.000776077 
0.00076798 
0.000760368 
0.000753156 
0.000746429 
0.000740104 
0.000734267 
0.000728834 
0.00072389 
0.000719351 
0.000715303 
0.000711662 
0.000708511 
0.000705769 
0.000703518 
0.000701678 
0.000700328 
0.00069939 
0.000698943 
0.000698908 
0.000699363 
0.000700231 
0.000701589 
0.00070336 
0.00070562 
0.000708294 
0.000711455 
0.000715029 
0.00071909 
0.000723563 
0.000728522 
0.000733892 
0.000739746 
0.000746011 
0.000752757 
0.000759913 
0.000767548 
0.000775592 
0.000784112 
0.000793039 
0.00080244 
0.000812246 
0.000822523 
0.000833203 
0.00084435 
0.000855899 
0.000867911 
0.000880322 
0.000893193 
0.00090646 
0.000920184 
0.0009343 
0.000948868 
0.000963826 
0.000979233 
0.000995025 
0.00101126 
0.00102788 
0.00104494 
0.00106237 
0.00108024 
0.00109849 
0.00111716 
0.00113621 
0.00115567 
0.00117551 
0.00119576 
0.00121637 
0.0012374 
0.00125878 
0.00128057 
0.00130271 
0.00132525 
0.00134813 
0.00137141 
0.00139503 
0.00141904 
0.00144339 
0.00146811 
0.00149317 
0.00151859 
0.00154435 
0.00157047 
0.0015969 
0.0016237 
0.00165081 
0.00167827 
0.00170604 
0.00173415 
0.00176256 
0.00179131 
0.00182035 
0.00184972 
0.00187937 
0.00190935 
0.00193961 
0.00197017 
0.00200102 
0.00203216 
0.00206357 
0.00209528 
0.00212725 
0.0021595 
0.002192 
0.00222479 
0.00225781 
0.00229111 
0.00232464 
0.00235844 
0.00239246 
0.00242674 
0.00246124 
0.00249598 
0.00253093 
0.00256612 
0.00260151 
0.00263713 
0.00267294 
0.00270897 
0.00274519 
0.00278162 
0.00281822 
0.00285503 
0.00289201 
0.00292917 
0.0029665 
0.00300401 
0.00304167 
0.0030795 
0.00311748 
0.00315562 
0.0031939 
0.00323233 
0.00327088 
0.00330958 
0.0033484 
0.00338735 
0.00342641 
0.0034656 
0.00350489 
0.00354429 
0.00358378 
0.00362338 
0.00366306 
0.00370284 
0.00374269 
0.00378263 
0.00382263 
0.00386271 
0.00390284 
0.00394304 
0.00398329 
0.0040236 
0.00406394 
0.00410434 
0.00414476 
0.00418522 
0.0042257 
0.00426621 
0.00430673 
0.00434727 
0.00438781 
0.00442836 
0.00446891 
0.00450945 
0.00454999 
0.00459051 
0.00463101 
0.00467148 
0.00471193 
0.00475235 
0.00479272 
0.00483306 
0.00487335 
0.00491359 
0.00495378 
0.0049939 
0.00503396 
0.00507395 
0.00511387 
0.00515371 
0.00519347 
0.00523314 
0.00527273 
0.00531222 
0.00535162 
0.0053909 
0.00543009 
0.00546916 
0.00550811 
0.00554694 
0.00558565 
0.00562423 
0.00566268 
0.00570098 
0.00573915 
0.00577718 
0.00581505 
0.00585277 
0.00589033 
0.00592773 
0.00596497 
0.00600203 
0.00603893 
0.00607564 
0.00611217 
0.00614852 
0.00618468 
0.00622065 
0.00625642 
0.00629199 
0.00632735 
0.00636251 
0.00639746 
0.00643219 
0.0064667 
0.00650099 
0.00653506 
0.00656889 
0.0066025 
0.00663586 
0.00666899 
0.00670187 
0.00673451 
0.0067669 
0.00679903 
0.00683091 
0.00686253 
0.00689388 
0.00692498 
0.0069558 
0.00698635 
0.00701662 
0.00704662 
0.00707633 
0.00710576 
0.0071349 
0.00716376 
0.00719231 
0.00722058 
0.00724855 
0.00727622 
0.00730357 
0.00733063 
0.00735738 
0.00738382 
0.00740994 
0.00743574 
0.00746123 
0.0074864 
0.00751124 
0.00753575 
0.00755994 
0.0075838 
0.00760732 
0.00763052 
0.00765337 
0.00767589 
0.00769806 
0.00771989 
0.00774138 
0.00776252 
0.00778332 
0.00780376 
0.00782385 
0.00784359 
0.00786298 
0.00788201 
0.00790067 
0.00791899 
0.00793694 
0.00795453 
0.00797175 
0.00798861 
0.0080051 
0.00802123 
0.00803699 
0.00805238 
0.0080674 
0.00808205 
0.00809633 
0.00811024 
0.00812376 
0.00813692 
0.0081497 
0.00816211 
0.00817414 
0.0081858 
0.00819707 
0.00820798 
0.0082185 
0.00822864 
0.00823841 
0.0082478 
0.00825681 
0.00826544 
0.00827369 
0.00828156 
0.00828906 
0.00829618 
0.00830292 
0.00830929 
0.00831528 
0.00832089 
0.00832612 
0.00833099 
0.00833547 
0.00833958 
0.00834331 
0.00834668 
0.00834967 
0.00835229 
0.00835454 
0.00835642 
0.00835794 
0.00835908 
0.00835987 
0.00836029 
0.00836035 
0.00836004 
0.00835938 
0.00835836 
0.00835699 
0.00835525 
0.00835317 
0.00835074 
0.00834796 
0.00834483 
0.00834136 
0.00833754 
0.00833338 
0.00832889 
0.00832406 
0.00831889 
0.0083134 
0.00830757 
0.00830143 
0.00829495 
0.00828816 
0.00828105 
0.00827362 
0.00826588 
0.00825784 
0.00824948 
0.00824083 
0.00823187 
0.00822262 
0.00821307 
0.00820324 
0.00819311 
0.00818271 
0.00817203 
0.00816107 
0.00814984 
0.00813834 
0.00812657 
0.00811455 
0.00810227 
0.00808974 
0.00807695 
0.00806393 
0.00805066 
0.00803716 
0.00802342 
0.00800946 
0.00799527 
0.00798088 
0.00796626 
0.00795144 
0.0079364 
0.00792118 
0.00790575 
0.00789014 
0.00787434 
0.00785836 
0.0078422 
0.00782588 
0.00780939 
0.00779275 
0.00777594 
0.00775899 
0.00774188 
0.00772466 
0.00770728 
0.00768979 
0.00767216 
0.00765444 
0.00763658 
0.00761864 
0.00760058 
0.00758244 
0.0075642 
0.00754589 
0.00752749 
0.00750903 
0.00749049 
0.00747192 
0.00745327 
0.00743459 
0.00741585 
0.0073971 
0.0073783 
0.00735949 
0.00734065 
0.00732182 
0.00730297 
0.00728414 
0.00726529 
0.00724649 
0.00722768 
0.00720892 
0.00719018 
0.00717149 
0.00715283 
0.00713425 
0.00711571 
0.00709725 
0.00707884 
0.00706053 
0.00704229 
0.00702416 
0.0070061 
0.00698817 
0.00697034 
0.00695264 
0.00693504 
0.00691759 
0.00690026 
0.00688309 
0.00686606 
0.00684919 
0.00683247 
0.00681594 
0.00679956 
0.00678339 
0.00676738 
0.00675159 
0.00673597 
0.00672058 
0.00670538 
0.00669043 
0.00667567 
0.00666117 
0.00664688 
0.00663286 
0.00661907 
0.00660555 
0.00659227 
0.00657928 
0.00656654 
0.0065541 
0.00654192 
0.00653005 
0.00651845 
0.00650718 
0.00649619 
0.00648554 
0.00647518 
0.00646517 
0.00645546 
0.0064461 
0.00643707 
0.00642839 
0.00642005 
0.00641208 
0.00640444 
0.00639719 
0.00639029 
0.00638378 
0.00637762 
0.00637187 
0.00636648 
0.00636151 
0.0063569 
0.00635272 
0.00634892 
0.00634554 
0.00634256 
0.00634001 
0.00633785 
0.00633614 
0.00633484 
0.00633398 
0.00633354 
0.00633355 
0.00633398 
0.00633487 
0.00633618 
0.00633797 
0.00634018 
0.00634286 
0.00634599 
0.00634958 
0.00635362 
0.00635814 
0.00636311 
0.00636856 
0.00637446 
0.00638085 
0.00638769 
0.00639502 
0.00640281 
0.0064111 
0.00641984 
0.00642908 
0.00643878 
0.00644898 
0.00645964 
0.0064708 
0.00648243 
0.00649456 
0.00650715 
0.00652024 
0.0065338 
0.00654785 
0.00656238 
0.0065774 
0.00659289 
0.00660888 
0.00662533 
0.00664227 
0.00665968 
0.00667759 
0.00669595 
0.00671481 
0.00673413 
0.00675393 
0.00677419 
0.00679493 
0.00681613 
0.0068378 
0.00685993 
0.00688253 
0.00690558 
0.0069291 
0.00695306 
0.00697748 
0.00700234 
0.00702766 
0.00705341 
0.00707961 
0.00710624 
0.0071333 
0.0071608 
0.00718872 
0.00721706 
0.00724583 
0.007275 
0.0073046 
0.00733459 
0.00736499 
0.00739579 
0.00742699 
0.00745857 
0.00749054 
0.0075229 
0.00755562 
0.00758872 
0.00762219 
0.00765602 
0.00769021 
0.00772475 
0.00775963 
0.00779485 
0.00783042 
0.00786631 
0.00790252 
0.00793906 
0.00797591 
0.00801307 
0.00805052 
0.00808828 
0.00812632 
0.00816465 
0.00820326 
0.00824214 
0.00828128 
0.00832069 
0.00836034 
0.00840025 
0.00844039 
0.00848077 
0.00852137 
0.00856219 
0.00860323 
0.00864448 
0.00868592 
0.00872756 
0.00876938 
0.0088114 
0.00885357 
0.00889592 
0.00893842 
0.00898108 
0.00902388 
0.00906683 
0.0091099 
0.0091531 
0.00919641 
0.00923984 
0.00928336 
0.00932699 
0.00937069 
0.00941449 
0.00945836 
0.0095023 
0.00954629 
0.00959034 
0.00963443 
0.00967857 
0.00972273 
0.00976692 
0.00981112 
0.00985535 
0.00989956 
0.00994378 
0.00998798 
0.0100322 
0.0100763 
0.0101205 
0.0101645 
0.0102086 
0.0102526 
0.0102965 
0.0103404 
0.0103841 
0.0104278 
0.0104715 
0.010515 
0.0105584 
0.0106017 
0.0106449 
0.010688 
0.010731 
0.0107738 
0.0108164 
0.010859 
0.0109013 
0.0109435 
0.0109856 
0.0110275 
0.0110692 
0.0111107 
0.011152 
0.0111931 
0.011234 
0.0112747 
0.0113152 
0.0113555 
0.0113956 
0.0114354 
0.011475 
0.0115143 
0.0115534 
0.0115922 
0.0116308 
0.0116691 
0.0117071 
0.0117449 
0.0117824 
0.0118196 
0.0118565 
0.0118931 
0.0119295 
0.0119655 
0.0120012 
0.0120366 
0.0120717 
0.0121064 
0.0121409 
0.012175 
0.0122088 
0.0122422 
0.0122753 
0.012308 
0.0123404 
0.0123725 
0.0124042 
0.0124355 
0.0124665 
0.0124971 
0.0125274 
0.0125572 
0.0125867 
0.0126158 
0.0126446 
0.0126729 
0.0127009 
0.0127285 
0.0127557 
0.0127824 
0.0128089 
0.0128348 
0.0128605 
0.0128857 
0.0129105 
0.0129348 
0.0129588 
0.0129824 
0.0130056 
0.0130283 
0.0130507 
0.0130726 
0.0130941 
0.0131152 
0.0131359 
0.0131561 
0.013176 
0.0131954 
0.0132144 
0.0132329 
0.0132511 
0.0132688 
0.0132861 
0.013303 
0.0133195 
0.0133355 
0.0133511 
0.0133663 
0.0133811 
0.0133954 
0.0134093 
0.0134228 
0.0134359 
0.0134486 
0.0134608 
0.0134726 
0.013484 
0.013495 
0.0135056 
0.0135157 
0.0135255 
0.0135348 
0.0135437 
0.0135522 
0.0135603 
0.013568 
0.0135753 
0.0135821 
0.0135886 
0.0135947 
0.0136004 
0.0136056 
0.0136105 
0.013615 
0.0136191 
0.0136228 
0.0136262 
0.0136291 
0.0136317 
0.0136338 
0.0136357 
0.0136371 
0.0136382 
0.0136388 
0.0136392 
0.0136391 
0.0136387 
0.013638 
0.0136369 
0.0136354 
0.0136336 
0.0136315 
0.013629 
0.0136262 
0.013623 
0.0136195 
0.0136157 
0.0136115 
0.0136071 
0.0136023 
0.0135972 
0.0135918 
0.0135861 
0.0135801 
0.0135738 
0.0135671 
0.0135602 
0.0135531 
0.0135456 
0.0135378 
0.0135298 
0.0135215 
0.0135129 
0.0135041 
0.013495 
0.0134857 
0.0134761 
0.0134662 
0.0134562 
0.0134458 
0.0134353 
0.0134245 
0.0134135 
0.0134023 
0.0133908 
0.0133792 
0.0133673 
0.0133552 
0.013343 
0.0133305 
0.0133178 
0.013305 
0.013292 
0.0132788 
0.0132654 
0.0132519 
0.0132382 
0.0132244 
0.0132104 
0.0131962 
0.0131819 
0.0131675 
0.013153 
0.0131383 
0.0131235 
0.0131085 
0.0130935 
0.0130783 
0.0130631 
0.0130477 
0.0130322 
0.0130167 
0.0130011 
0.0129853 
0.0129696 
0.0129537 
0.0129378 
0.0129218 
0.0129057 
0.0128896 
0.0128735 
0.0128573 
0.0128411 
0.0128248 
0.0128085 
0.0127922 
0.0127759 
0.0127595 
0.0127432 
0.0127268 
0.0127105 
0.0126941 
0.0126778 
0.0126614 
0.0126451 
0.0126288 
0.0126126 
0.0125964 
0.0125802 
0.012564 
0.0125479 
0.0125319 
0.0125159 
0.0125 
0.0124841 
0.0124683 
0.0124526 
0.012437 
0.0124214 
0.012406 
0.0123906 
0.0123753 
0.0123602 
0.0123451 
0.0123301 
0.0123153 
0.0123006 
0.012286 
0.0122715 
0.0122572 
0.012243 
0.0122289 
0.012215 
0.0122012 
0.0121876 
0.0121742 
0.0121609 
0.0121478 
0.0121348 
0.012122 
0.0121094 
0.012097 
0.0120848 
0.0120727 
0.0120609 
0.0120492 
0.0120378 
0.0120265 
0.0120155 
0.0120047 
0.0119941 
0.0119837 
0.0119735 
0.0119636 
0.0119539 
0.0119444 
0.0119352 
0.0119262 
0.0119174 
0.0119089 
0.0119007 
0.0118927 
0.011885 
0.0118775 
0.0118703 
0.0118634 
0.0118567 
0.0118503 
0.0118442 
0.0118384 
0.0118328 
0.0118276 
0.0118226 
0.0118179 
0.0118135 
0.0118095 
0.0118057 
0.0118022 
0.011799 
0.0117962 
0.0117936 
0.0117914 
0.0117895 
0.0117878 
0.0117866 
0.0117856 
0.011785 
0.0117847 
0.0117847 
0.0117851 
0.0117858 
0.0117868 
0.0117882 
0.0117899 
0.011792 
0.0117944 
0.0117971 
0.0118002 
0.0118037 
0.0118075 
0.0118117 
0.0118162 
0.0118211 
0.0118263 
0.0118319 
0.0118378 
0.0118442 
0.0118509 
0.0118579 
0.0118653 
0.0118731 
0.0118813 
0.0118898 
0.0118987 
0.011908 
0.0119176 
0.0119277 
0.011938 
0.0119488 
0.01196 
0.0119715 
0.0119834 
0.0119957 
0.0120084 
0.0120214 
0.0120348 
0.0120486 
0.0120628 
0.0120774 
0.0120923 
0.0121077 
0.0121234 
0.0121395 
0.012156 
0.0121728 
0.0121901 
0.0122077 
0.0122257 
0.0122441 
0.0122628 
0.012282 
0.0123015 
0.0123214 
0.0123417 
0.0123623 
0.0123834 
0.0124048 
0.0124266 
0.0124487 
0.0124713 
0.0124942 
0.0125175 
0.0125411 
0.0125651 
0.0125895 
0.0126143 
0.0126394 
0.0126649 
0.0126907 
0.0127169 
0.0127435 
0.0127704 
0.0127977 
0.0128253 
0.0128533 
0.0128817 
0.0129104 
0.0129394 
0.0129688 
0.0129985 
0.0130286 
0.013059 
0.0130897 
0.0131208 
0.0131522 
0.013184 
0.013216 
0.0132484 
0.0132812 
0.0133142 
0.0133475 
0.0133812 
0.0134152 
0.0134495 
0.0134841 
0.013519 
0.0135542 
0.0135897 
0.0136255 
0.0136615 
0.0136979 
0.0137346 
0.0137715 
0.0138087 
0.0138462 
0.013884 
0.013922 
0.0139603 
0.0139988 
0.0140376 
0.0140767 
0.014116 
0.0141556 
0.0141954 
0.0142354 
0.0142757 
0.0143162 
0.0143569 
0.0143979 
0.0144391 
0.0144805 
0.014522 
0.0145639 
0.0146059 
0.0146481 
0.0146904 
0.014733 
0.0147758 
0.0148188 
0.0148619 
0.0149052 
0.0149486 
0.0149923 
0.015036 
0.01508 
0.015124 
0.0151683 
0.0152126 
0.0152571 
0.0153017 
0.0153465 
0.0153913 
0.0154363 
0.0154814 
0.0155266 
0.0155719 
0.0156172 
0.0156627 
0.0157083 
0.0157539 
0.0157996 
0.0158453 
0.0158912 
0.0159371 
0.015983 
0.016029 
0.016075 
0.0161211 
0.0161672 
0.0162133 
0.0162595 
0.0163056 
0.0163518 
0.0163979 
0.0164441 
0.0164903 
0.0165364 
0.0165826 
0.0166287 
0.0166747 
0.0167208 
0.0167668 
0.0168128 
0.0168587 
0.0169045 
0.0169503 
0.016996 
0.0170417 
0.0170872 
0.0171327 
0.0171781 
0.0172234 
0.0172686 
0.0173137 
0.0173587 
0.0174035 
0.0174483 
0.0174929 
0.0175374 
0.0175817 
0.0176259 
0.0176699 
0.0177138 
0.0177575 
0.0178011 
0.0178444 
0.0178876 
0.0179306 
0.0179735 
0.0180161 
0.0180586 
0.0181008 
0.0181428 
0.0181846 
0.0182262 
0.0182675 
0.0183087 
0.0183495 
0.0183902 
0.0184306 
0.0184708 
0.0185106 
0.0185503 
0.0185896 
0.0186287 
0.0186675 
0.0187061 
0.0187443 
0.0187822 
0.0188199 
0.0188572 
0.0188943 
0.018931 
0.0189674 
0.0190035 
0.0190393 
0.0190747 
0.0191098 
0.0191446 
0.019179 
0.0192131 
0.0192468 
0.0192802 
0.0193132 
0.0193458 
0.0193781 
0.01941 
0.0194415 
0.0194726 
0.0195034 
0.0195337 
0.0195637 
0.0195933 
0.0196224 
0.0196512 
0.0196796 
0.0197075 
0.019735 
0.0197622 
0.0197889 
0.0198151 
0.019841 
0.0198664 
0.0198913 
0.0199159 
0.0199399 
0.0199636 
0.0199868 
0.0200095 
0.0200318 
0.0200537 
0.020075 
0.020096 
0.0201164 
0.0201364 
0.0201559 
0.020175 
0.0201935 
0.0202116 
0.0202292 
0.0202464 
0.020263 
0.0202792 
0.0202949 
0.0203101 
0.0203248 
0.0203391 
0.0203528 
0.020366 
0.0203787 
0.020391 
0.0204027 
0.020414 
0.0204247 
0.020435 
0.0204447 
0.0204539 
0.0204627 
0.0204709 
0.0204786 
0.0204858 
0.0204925 
0.0204987 
0.0205044 
0.0205096 
0.0205142 
0.0205184 
0.020522 
0.0205252 
0.0205278 
0.0205299 
0.0205315 
0.0205326 
0.0205332 
0.0205333 
0.0205328 
0.0205319 
0.0205304 
0.0205285 
0.020526 
0.020523 
0.0205196 
0.0205156 
0.0205111 
0.0205061 
0.0205006 
0.0204946 
0.0204881 
0.0204812 
0.0204737 
0.0204657 
0.0204572 
0.0204483 
0.0204388 
0.0204288 
0.0204184 
0.0204075 
0.0203961 
0.0203842 
0.0203718 
0.020359 
0.0203457 
0.0203319 
0.0203176 
0.0203029 
0.0202876 
0.020272 
0.0202558 
0.0202393 
0.0202222 
0.0202047 
0.0201867 
0.0201683 
0.0201495 
0.0201302 
0.0201104 
0.0200903 
0.0200696 
0.0200486 
0.0200271 
0.0200052 
0.0199829 
0.0199601 
0.019937 
0.0199134 
0.0198894 
0.019865 
0.0198402 
0.019815 
0.0197894 
0.0197634 
0.019737 
0.0197103 
0.0196831 
0.0196556 
0.0196277 
0.0195994 
0.0195707 
0.0195417 
0.0195124 
0.0194827 
0.0194526 
0.0194221 
0.0193914 
0.0193603 
0.0193288 
0.019297 
0.0192649 
0.0192325 
0.0191997 
0.0191667 
0.0191333 
0.0190996 
0.0190656 
0.0190313 
0.0189967 
0.0189618 
0.0189267 
0.0188912 
0.0188555 
0.0188195 
0.0187832 
0.0187467 
0.0187099 
0.0186729 
0.0186356 
0.018598 
0.0185602 
0.0185222 
0.0184839 
0.0184454 
0.0184067 
0.0183678 
0.0183286 
0.0182892 
0.0182496 
0.0182099 
0.0181699 
0.0181297 
0.0180893 
0.0180488 
0.0180081 
0.0179672 
0.0179261 
0.0178848 
0.0178434 
0.0178019 
0.0177601 
0.0177183 
0.0176762 
0.0176341 
0.0175918 
0.0175494 
0.0175068 
0.0174641 
0.0174213 
0.0173784 
0.0173354 
0.0172923 
0.0172491 
0.0172057 
0.0171623 
0.0171188 
0.0170752 
0.0170315 
0.0169878 
0.016944 
0.0169001 
0.0168561 
0.0168121 
0.016768 
0.0167239 
0.0166798 
0.0166355 
0.0165913 
0.016547 
0.0165027 
0.0164584 
0.016414 
0.0163696 
0.0163252 
0.0162808 
0.0162364 
0.016192 
0.0161475 
0.0161031 
0.0160587 
0.0160143 
0.0159699 
0.0159255 
0.0158812 
0.0158369 
0.0157926 
0.0157483 
0.0157041 
0.0156599 
0.0156158 
0.0155717 
0.0155276 
0.0154836 
0.0154397 
0.0153958 
0.015352 
0.0153082 
0.0152645 
0.0152209 
0.0151774 
0.0151339 
0.0150905 
0.0150472 
0.015004 
0.0149609 
0.0149179 
0.0148749 
0.0148321 
0.0147894 
0.0147467 
0.0147042 
0.0146618 
0.0146195 
0.0145773 
0.0145352 
0.0144932 
0.0144514 
0.0144097 
0.0143681 
0.0143266 
0.0142853 
0.014244 
0.014203 
0.014162 
0.0141212 
0.0140806 
0.0140401 
0.0139997 
0.0139594 
0.0139194 
0.0138794 
0.0138396 
0.0138 
0.0137605 
0.0137212 
0.0136821 
0.0136431 
0.0136042 
0.0135655 
0.013527 
0.0134887 
0.0134505 
0.0134124 
0.0133746 
0.0133369 
0.0132994 
0.0132621 
0.0132249 
0.0131879 
0.0131511 
0.0131144 
0.013078 
0.0130417 
0.0130055 
0.0129696 
0.0129339 
0.0128983 
0.0128629 
0.0128277 
0.0127926 
0.0127578 
0.0127231 
0.0126886 
0.0126543 
0.0126202 
0.0125863 
0.0125525 
0.0125189 
0.0124855 
0.0124523 
0.0124193 
0.0123865 
0.0123538 
0.0123214 
0.0122891 
0.012257 
0.0122251 
0.0121933 
0.0121618 
0.0121304 
0.0120992 
0.0120682 
0.0120374 
0.0120068 
0.0119763 
0.011946 
0.0119159 
0.011886 
0.0118562 
0.0118266 
0.0117972 
0.011768 
0.011739 
0.0117101 
0.0116814 
0.0116528 
0.0116245 
0.0115963 
0.0115682 
0.0115404 
0.0115127 
0.0114851 
0.0114577 
0.0114305 
0.0114035 
0.0113766 
0.0113498 
0.0113232 
0.0112968 
0.0112705 
0.0112444 
0.0112184 
0.0111926 
0.0111669 
0.0111414 
0.011116 
0.0110907 
0.0110656 
0.0110406 
0.0110158 
0.0109911 
0.0109665 
0.0109421 
0.0109177 
0.0108936 
0.0108695 
0.0108455 
0.0108217 
0.010798 
0.0107744 
0.0107509 
0.0107276 
0.0107043 
0.0106812 
0.0106581 
0.0106352 
0.0106123 
0.0105896 
0.0105669 
0.0105444 
0.0105219 
0.0104995 
0.0104772 
0.010455 
0.0104329 
0.0104109 
0.0103889 
0.010367 
0.0103452 
0.0103234 
0.0103017 
0.0102801 
0.0102585 
0.010237 
0.0102156 
0.0101942 
0.0101728 
0.0101515 
0.0101303 
0.0101091 
0.0100879 
0.0100668 
0.0100457 
0.0100246 
0.0100036 
0.00998259 
0.00996162 
0.00994066 
0.00991972 
0.00989879 
0.00987789 
0.00985699 
0.0098361 
0.00981522 
0.00979434 
0.00977345 
0.00975257 
0.00973168 
0.00971079 
0.00968988 
0.00966896 
0.00964803 
0.00962707 
0.0096061 
0.0095851 
0.00956407 
0.00954302 
0.00952193 
0.00950081 
0.00947965 
0.00945845 
0.00943721 
0.00941592 
0.00939459 
0.00937321 
0.00935177 
0.00933028 
0.00930872 
0.00928712 
0.00926544 
0.00924371 
0.0092219 
0.00920002 
0.00917807 
0.00915605 
0.00913394 
0.00911177 
0.0090895 
0.00906715 
0.00904471 
0.00902219 
0.00899957 
0.00897687 
0.00895406 
0.00893116 
0.00890815 
0.00888505 
0.00886183 
0.00883852 
0.00881509 
0.00879156 
0.0087679 
0.00874414 
0.00872026 
0.00869626 
0.00867213 
0.0086479 
0.00862352 
0.00859904 
0.00857441 
0.00854966 
0.00852478 
0.00849977 
0.00847461 
0.00844933 
0.0084239 
0.00839835 
0.00837264 
0.0083468 
0.0083208 
0.00829468 
0.00826839 
0.00824197 
0.00821539 
0.00818867 
0.00816178 
0.00813476 
0.00810757 
0.00808024 
0.00805274 
0.0080251 
0.00799729 
0.00796933 
0.0079412 
0.00791292 
0.00788447 
0.00785588 
0.0078271 
0.00779818 
0.00776908 
0.00773983 
0.00771041 
0.00768083 
0.00765108 
0.00762117 
0.00759108 
0.00756085 
0.00753043 
0.00749986 
0.00746911 
0.00743821 
0.00740713 
0.00737589 
0.00734448 
0.00731292 
0.00728117 
0.00724928 
0.0072172 
0.00718498 
0.00715257 
0.00712002 
0.00708729 
0.00705441 
0.00702136 
0.00698816 
0.00695478 
0.00692126 
0.00688757 
0.00685373 
0.00681972 
0.00678557 
0.00675125 
0.00671679 
0.00668216 
0.00664739 
0.00661246 
0.0065774 
0.00654217 
0.00650681 
0.00647129 
0.00643565 
0.00639984 
0.00636391 
0.00632783 
0.00629163 
0.00625527 
0.0062188 
0.00618218 
0.00614544 
0.00610856 
0.00607158 
0.00603445 
0.00599722 
0.00595985 
0.00592238 
0.00588478 
0.00584708 
0.00580925 
0.00577134 
0.0057333 
0.00569518 
0.00565694 
0.00561861 
0.00558018 
0.00554167 
0.00550305 
0.00546436 
0.00542557 
0.00538672 
0.00534777 
0.00530876 
0.00526966 
0.00523052 
0.00519128 
0.005152 
0.00511264 
0.00507324 
0.00503377 
0.00499427 
0.0049547 
0.00491511 
0.00487545 
0.00483578 
0.00479605 
0.00475632 
0.00471653 
0.00467675 
0.00463692 
0.0045971 
0.00455724 
0.0045174 
0.00447753 
0.00443768 
0.00439781 
0.00435797 
0.00431811 
0.00427829 
0.00423847 
0.00419869 
0.00415892 
0.00411919 
0.00407948 
0.00403983 
0.0040002 
0.00396063 
0.00392109 
0.00388163 
0.0038422 
0.00380286 
0.00376356 
0.00372435 
0.0036852 
0.00364615 
0.00360715 
0.00356827 
0.00352946 
0.00349076 
0.00345214 
0.00341365 
0.00337524 
0.00333697 
0.00329879 
0.00326076 
0.00322283 
0.00318505 
0.00314738 
0.00310988 
0.00307249 
0.00303528 
0.00299819 
0.00296128 
0.00292451 
0.00288793 
0.00285149 
0.00281525 
0.00277916 
0.00274328 
0.00270756 
0.00267205 
0.00263672 
0.0026016 
0.00256667 
0.00253197 
0.00249745 
0.00246318 
0.0024291 
0.00239527 
0.00236164 
0.00232827 
0.00229512 
0.00226222 
0.00222955 
0.00219716 
0.00216499 
0.0021331 
0.00210145 
0.00207009 
0.00203898 
0.00200816 
0.00197759 
0.00194733 
0.00191733 
0.00188765 
0.00185823 
0.00182914 
0.00180031 
0.00177182 
0.00174361 
0.00171574 
0.00168816 
0.00166092 
0.00163398 
0.00160738 
0.0015811 
0.00155517 
0.00152955 
0.0015043 
0.00147936 
0.00145479 
0.00143055 
0.00140669 
0.00138316 
0.00136001 
0.0013372 
0.00131478 
0.0012927 
0.00127102 
0.00124969 
0.00122876 
0.00120818 
0.00118801 
0.0011682 
0.00114881 
0.00112978 
0.00111116 
0.00109292 
0.0010751 
0.00105766 
0.00104064 
0.00102401 
0.00100781 
0.00099199 
0.000976608 
0.000961617 
0.000947065 
0.000932908 
0.000919194 
0.000905879 
0.00089301 
0.000880545 
0.000868529 
0.000856919 
0.000845763 
0.000835016 
0.000824724 
0.000814846 
0.000805426 
0.000796422 
0.000787878 
0.000779753 
0.00077209 
0.000764849 
0.000758072 
0.000751718 
0.000745831 
0.000740368 
0.000735373 
0.000730805 
0.000726706 
0.000723036 
0.000719834 
0.000717063 
0.000714762 
0.000712891 
0.000711491 
0.000710523 
0.000710025 
0.000709959 
0.000710364 
0.000711201 
0.000712509 
0.000714249 
0.000716459 
0.000719101 
0.000722212 
0.000725754 
0.000729765 
0.000734207 
0.000739115 
0.000744453 
0.000750256 
0.000756488 
0.000763184 
0.000770307 
0.000777892 
0.000785901 
0.000794371 
0.000803264 
0.000812614 
0.000822385 
0.000832611 
0.000843256 
0.000854352 
0.000865864 
0.000877825 
0.0008902 
0.000903019 
0.000916249 
0.00092992 
0.000943999 
0.000958514 
0.000973434 
0.000988787 
0.00100454 
0.00102072 
0.0010373 
0.00105431 
0.0010717 
0.00108952 
0.00110772 
0.00112634 
0.00114534 
0.00116475 
0.00118454 
0.00120474 
0.00122531 
0.00124628 
0.00126761 
0.00128934 
0.00131144 
0.00133392 
0.00135676 
0.00137998 
0.00140355 
0.0014275 
0.0014518 
0.00147646 
0.00150147 
0.00152683 
0.00155253 
0.00157859 
0.00160498 
0.00163171 
0.00165877 
0.00168617 
0.00171388 
0.00174193 
0.00177028 
0.00179896 
0.00182795 
0.00185725 
0.00188685 
0.00191676 
0.00194696 
0.00197746 
0.00200824 
0.00203932 
0.00207067 
0.00210231 
0.00213422 
0.0021664 
0.00219884 
0.00223156 
0.00226452 
0.00229775 
0.00233121 
0.00236494 
0.0023989 
0.0024331 
0.00246753 
0.0025022 
0.00253708 
0.0025722 
0.00260752 
0.00264306 
0.00267881 
0.00271476 
0.00275091 
0.00278726 
0.0028238 
0.00286053 
0.00289743 
0.00293452 
0.00297178 
0.00300921 
0.0030468 
0.00308455 
0.00312246 
0.00316052 
0.00319872 
0.00323707 
0.00327555 
0.00331417 
0.00335291 
0.00339178 
0.00343077 
0.00346987 
0.00350908 
0.0035484 
0.00358782 
0.00362733 
0.00366694 
0.00370663 
0.0037464 
0.00378626 
0.00382618 
0.00386618 
0.00390623 
0.00394635 
0.00398652 
0.00402674 
0.00406701 
0.00410732 
0.00414766 
0.00418803 
0.00422844 
0.00426886 
0.0043093 
0.00434975 
0.00439022 
0.00443068 
0.00447115 
0.00451161 
0.00455206 
0.0045925 
0.00463292 
0.00467331 
0.00471367 
0.00475401 
0.0047943 
0.00483456 
0.00487476 
0.00491492 
0.00495502 
0.00499506 
0.00503505 
0.00507496 
0.0051148 
0.00515457 
0.00519425 
0.00523385 
0.00527336 
0.00531277 
0.00535208 
0.00539129 
0.0054304 
0.00546939 
0.00550826 
0.00554702 
0.00558565 
0.00562415 
0.00566253 
0.00570076 
0.00573885 
0.0057768 
0.0058146 
0.00585225 
0.00588974 
0.00592707 
0.00596423 
0.00600123 
0.00603805 
0.0060747 
0.00611116 
0.00614744 
0.00618354 
0.00621944 
0.00625514 
0.00629065 
0.00632595 
0.00636104 
0.00639593 
0.0064306 
0.00646506 
0.00649929 
0.00653329 
0.00656707 
0.00660062 
0.00663393 
0.006667 
0.00669983 
0.00673242 
0.00676476 
0.00679684 
0.00682867 
0.00686025 
0.00689155 
0.0069226 
0.00695338 
0.00698389 
0.00701412 
0.00704407 
0.00707375 
0.00710314 
0.00713225 
0.00716107 
0.0071896 
0.00721783 
0.00724577 
0.00727341 
0.00730074 
0.00732778 
0.0073545 
0.00738092 
0.00740702 
0.00743281 
0.00745827 
0.00748343 
0.00750825 
0.00753276 
0.00755694 
0.00758079 
0.00760431 
0.0076275 
0.00765035 
0.00767286 
0.00769504 
0.00771687 
0.00773837 
0.00775952 
0.00778032 
0.00780077 
0.00782088 
0.00784063 
0.00786003 
0.00787908 
0.00789777 
0.0079161 
0.00793408 
0.00795169 
0.00796895 
0.00798584 
0.00800236 
0.00801852 
0.00803432 
0.00804975 
0.00806481 
0.0080795 
0.00809382 
0.00810777 
0.00812135 
0.00813455 
0.00814739 
0.00815985 
0.00817193 
0.00818364 
0.00819498 
0.00820594 
0.00821652 
0.00822673 
0.00823656 
0.00824601 
0.00825509 
0.00826379 
0.00827211 
0.00828006 
0.00828763 
0.00829482 
0.00830164 
0.00830808 
0.00831414 
0.00831983 
0.00832514 
0.00833008 
0.00833464 
0.00833883 
0.00834264 
0.00834609 
0.00834916 
0.00835186 
0.00835419 
0.00835616 
0.00835775 
0.00835898 
0.00835985 
0.00836035 
0.00836048 
0.00836026 
0.00835967 
0.00835873 
0.00835743 
0.00835578 
0.00835377 
0.00835141 
0.00834869 
0.00834563 
0.00834222 
0.00833847 
0.00833437 
0.00832994 
0.00832516 
0.00832005 
0.0083146 
0.00830883 
0.00830272 
0.00829628 
0.00828952 
0.00828244 
0.00827504 
0.00826733 
0.00825929 
0.00825095 
0.0082423 
0.00823335 
0.00822408 
0.00821453 
0.00820467 
0.00819453 
0.00818409 
0.00817337 
0.00816241 
0.00815115 
0.00813962 
0.00812781 
0.00811574 
0.0081034 
0.0080908 
0.00807794 
0.00806483 
0.00805147 
0.00803786 
0.00802402 
0.00800993 
0.00799561 
0.00798106 
0.00796629 
0.0079513 
0.00793609 
0.00792067 
0.00790504 
0.00788921 
0.00787318 
0.00785695 
0.00784054 
0.00782394 
0.00780717 
0.00779021 
0.00777309 
0.00775581 
0.00773836 
0.00772076 
0.00770301 
0.00768511 
0.00766708 
0.0076489 
0.00763061 
0.00761218 
0.00759364 
0.00757498 
0.00755622 
0.00753735 
0.00751839 
0.00749934 
0.00748019 
0.00746097 
0.00744168 
0.00742231 
0.00740289 
0.0073834 
0.00736386 
0.00734428 
0.00732465 
0.00730499 
0.00728531 
0.0072656 
0.00724587 
0.00722613 
0.00720639 
0.00718665 
0.00716691 
0.00714719 
0.00712749 
0.00710781 
0.00708816 
0.00706855 
0.00704899 
0.00702947 
0.00701001 
0.00699061 
0.00697128 
0.00695202 
0.00693284 
0.00691375 
0.00689475 
0.00687585 
0.00685705 
0.00683837 
0.0068198 
0.00680135 
0.00678303 
0.00676485 
0.00674681 
0.00672892 
0.00671117 
0.00669359 
0.00667618 
0.00665893 
0.00664186 
0.00662498 
0.00660828 
0.00659179 
0.00657549 
0.0065594 
0.00654352 
0.00652786 
0.00651242 
0.00649722 
0.00648224 
0.00646752 
0.00645303 
0.00643881 
0.00642484 
0.00641114 
0.00639769 
0.00638454 
0.00637165 
0.00635906 
0.00634675 
0.00633474 
0.00632303 
0.00631163 
0.00630053 
0.00628977 
0.0062793 
0.00626918 
0.00625938 
0.00624993 
0.0062408 
0.00623203 
0.0062236 
0.00621553 
0.00620781 
0.00620047 
0.00619347 
0.00618687 
0.00618062 
0.00617477 
0.00616929 
0.00616421 
0.0061595 
0.00615521 
0.00615129 
0.0061478 
0.00614469 
0.00614202 
0.00613973 
0.00613788 
0.00613642 
0.00613541 
0.0061348 
0.00613464 
0.00613489 
0.00613559 
0.00613671 
0.00613828 
0.00614027 
0.00614273 
0.0061456 
0.00614895 
0.00615272 
0.00615696 
0.00616163 
0.00616678 
0.00617236 
0.00617842 
0.00618491 
0.00619188 
0.00619929 
0.00620718 
0.00621551 
0.00622433 
0.00623359 
0.00624333 
0.00625351 
0.00626419 
0.00627529 
0.0062869 
0.00629893 
0.00631146 
0.00632443 
0.00633789 
0.00635178 
0.00636616 
0.00638098 
0.00639629 
0.00641202 
0.00642825 
0.0064449 
0.00646205 
0.00647961 
0.00649766 
0.00651614 
0.00653509 
0.00655446 
0.00657432 
0.00659458 
0.00661532 
0.00663647 
0.00665809 
0.00668011 
0.0067026 
0.00672549 
0.00674884 
0.00677258 
0.00679677 
0.00682136 
0.00684639 
0.0068718 
0.00689765 
0.00692388 
0.00695055 
0.00697757 
0.00700503 
0.00703284 
0.00706108 
0.00708967 
0.00711867 
0.00714801 
0.00717775 
0.00720783 
0.0072383 
0.0072691 
0.00730029 
0.00733178 
0.00736366 
0.00739584 
0.00742839 
0.00746122 
0.00749443 
0.00752791 
0.00756174 
0.00759584 
0.00763028 
0.00766498 
0.00770001 
0.00773529 
0.00777089 
0.00780672 
0.00784286 
0.00787922 
0.00791588 
0.00795274 
0.0079899 
0.00802725 
0.00806488 
0.00810269 
0.00814076 
0.008179 
0.0082175 
0.00825615 
0.00829504 
0.00833408 
0.00837334 
0.00841273 
0.00845234 
0.00849206 
0.00853198 
0.00857201 
0.00861223 
0.00865254 
0.00869302 
0.00873358 
0.0087743 
0.00881509 
0.00885602 
0.008897 
0.00893812 
0.00897927 
0.00902055 
0.00906185 
0.00910325 
0.00914466 
0.00918617 
0.00922767 
0.00926926 
0.00931082 
0.00935245 
0.00939406 
0.00943571 
0.00947732 
0.00951897 
0.00956056 
0.00960217 
0.00964371 
0.00968527 
0.00972674 
0.00976821 
0.00980958 
0.00985094 
0.00989219 
0.00993341 
0.00997451 
0.0100156 
0.0100565 
0.0100973 
0.0101381 
0.0101787 
0.0102192 
0.0102596 
0.0102998 
0.01034 
0.0103799 
0.0104198 
0.0104595 
0.010499 
0.0105383 
0.0105775 
0.0106165 
0.0106554 
0.010694 
0.0107324 
0.0107707 
0.0108087 
0.0108465 
0.0108842 
0.0109215 
0.0109587 
0.0109956 
0.0110323 
0.0110688 
0.011105 
0.0111409 
0.0111766 
0.0112121 
0.0112473 
0.0112821 
0.0113168 
0.0113511 
0.0113852 
0.0114189 
0.0114524 
0.0114856 
0.0115185 
0.0115511 
0.0115834 
0.0116153 
0.011647 
0.0116783 
0.0117093 
0.01174 
0.0117704 
0.0118003 
0.01183 
0.0118594 
0.0118884 
0.011917 
0.0119453 
0.0119733 
0.0120009 
0.0120281 
0.012055 
0.0120815 
0.0121077 
0.0121334 
0.0121589 
0.0121839 
0.0122086 
0.0122329 
0.0122568 
0.0122804 
0.0123035 
0.0123263 
0.0123487 
0.0123707 
0.0123924 
0.0124136 
0.0124345 
0.0124549 
0.012475 
0.0124947 
0.012514 
0.0125329 
0.0125514 
0.0125695 
0.0125872 
0.0126045 
0.0126215 
0.012638 
0.0126541 
0.0126699 
0.0126852 
0.0127002 
0.0127147 
0.0127289 
0.0127426 
0.012756 
0.012769 
0.0127816 
0.0127938 
0.0128055 
0.0128169 
0.0128279 
0.0128386 
0.0128488 
0.0128587 
0.0128681 
0.0128772 
0.0128859 
0.0128942 
0.0129021 
0.0129097 
0.0129169 
0.0129237 
0.0129301 
0.0129362 
0.0129418 
0.0129471 
0.0129521 
0.0129567 
0.0129609 
0.0129648 
0.0129683 
0.0129714 
0.0129742 
0.0129767 
0.0129787 
0.0129805 
0.0129819 
0.012983 
0.0129837 
0.0129841 
0.0129842 
0.0129839 
0.0129833 
0.0129824 
0.0129812 
0.0129796 
0.0129778 
0.0129756 
0.0129731 
0.0129704 
0.0129673 
0.0129639 
0.0129602 
0.0129563 
0.012952 
0.0129475 
0.0129427 
0.0129376 
0.0129322 
0.0129266 
0.0129207 
0.0129146 
0.0129081 
0.0129015 
0.0128946 
0.0128874 
0.01288 
0.0128724 
0.0128645 
0.0128564 
0.0128481 
0.0128396 
0.0128308 
0.0128218 
0.0128126 
0.0128033 
0.0127937 
0.0127839 
0.0127739 
0.0127638 
0.0127534 
0.0127429 
0.0127322 
0.0127213 
0.0127103 
0.0126991 
0.0126878 
0.0126763 
0.0126646 
0.0126528 
0.0126409 
0.0126288 
0.0126166 
0.0126043 
0.0125919 
0.0125793 
0.0125667 
0.0125539 
0.012541 
0.012528 
0.012515 
0.0125018 
0.0124886 
0.0124752 
0.0124618 
0.0124484 
0.0124348 
0.0124212 
0.0124076 
0.0123939 
0.0123801 
0.0123663 
0.0123525 
0.0123386 
0.0123247 
0.0123108 
0.0122968 
0.0122829 
0.0122689 
0.0122549 
0.012241 
0.012227 
0.012213 
0.012199 
0.0121851 
0.0121712 
0.0121573 
0.0121434 
0.0121296 
0.0121158 
0.012102 
0.0120883 
0.0120746 
0.012061 
0.0120475 
0.012034 
0.0120206 
0.0120073 
0.011994 
0.0119808 
0.0119677 
0.0119547 
0.0119418 
0.011929 
0.0119163 
0.0119037 
0.0118912 
0.0118788 
0.0118665 
0.0118544 
0.0118424 
0.0118305 
0.0118188 
0.0118072 
0.0117957 
0.0117844 
0.0117732 
0.0117622 
0.0117514 
0.0117407 
0.0117302 
0.0117198 
0.0117096 
0.0116996 
0.0116898 
0.0116802 
0.0116707 
0.0116615 
0.0116524 
0.0116435 
0.0116349 
0.0116264 
0.0116182 
0.0116102 
0.0116023 
0.0115947 
0.0115874 
0.0115802 
0.0115733 
0.0115666 
0.0115601 
0.0115539 
0.011548 
0.0115422 
0.0115367 
0.0115315 
0.0115265 
0.0115218 
0.0115174 
0.0115132 
0.0115092 
0.0115056 
0.0115022 
0.011499 
0.0114962 
0.0114936 
0.0114913 
0.0114893 
0.0114876 
0.0114862 
0.011485 
0.0114842 
0.0114836 
0.0114834 
0.0114834 
0.0114837 
0.0114844 
0.0114853 
0.0114866 
0.0114882 
0.0114901 
0.0114923 
0.0114948 
0.0114976 
0.0115008 
0.0115042 
0.011508 
0.0115121 
0.0115166 
0.0115213 
0.0115264 
0.0115319 
0.0115376 
0.0115437 
0.0115502 
0.0115569 
0.011564 
0.0115715 
0.0115792 
0.0115874 
0.0115958 
0.0116046 
0.0116138 
0.0116233 
0.0116331 
0.0116433 
0.0116538 
0.0116647 
0.0116759 
0.0116874 
0.0116994 
0.0117116 
0.0117242 
0.0117372 
0.0117505 
0.0117642 
0.0117782 
0.0117926 
0.0118073 
0.0118223 
0.0118378 
0.0118535 
0.0118696 
0.0118861 
0.0119029 
0.0119201 
0.0119376 
0.0119555 
0.0119737 
0.0119923 
0.0120112 
0.0120304 
0.01205 
0.01207 
0.0120903 
0.0121109 
0.0121319 
0.0121532 
0.0121749 
0.0121969 
0.0122192 
0.0122419 
0.012265 
0.0122883 
0.012312 
0.012336 
0.0123604 
0.0123851 
0.0124101 
0.0124354 
0.0124611 
0.0124871 
0.0125134 
0.0125401 
0.012567 
0.0125943 
0.0126219 
0.0126498 
0.012678 
0.0127065 
0.0127353 
0.0127644 
0.0127939 
0.0128236 
0.0128536 
0.012884 
0.0129146 
0.0129455 
0.0129767 
0.0130081 
0.0130399 
0.013072 
0.0131043 
0.0131369 
0.0131697 
0.0132029 
0.0132362 
0.0132699 
0.0133038 
0.013338 
0.0133724 
0.0134071 
0.013442 
0.0134772 
0.0135126 
0.0135483 
0.0135841 
0.0136202 
0.0136566 
0.0136931 
0.0137299 
0.0137669 
0.0138041 
0.0138415 
0.0138791 
0.0139169 
0.0139549 
0.0139932 
0.0140315 
0.0140701 
0.0141089 
0.0141478 
0.0141869 
0.0142262 
0.0142657 
0.0143053 
0.014345 
0.0143849 
0.014425 
0.0144652 
0.0145055 
0.014546 
0.0145866 
0.0146274 
0.0146682 
0.0147092 
0.0147502 
0.0147914 
0.0148327 
0.0148741 
0.0149156 
0.0149572 
0.0149988 
0.0150406 
0.0150824 
0.0151242 
0.0151662 
0.0152082 
0.0152502 
0.0152924 
0.0153345 
0.0153767 
0.0154189 
0.0154612 
0.0155035 
0.0155458 
0.0155881 
0.0156304 
0.0156727 
0.0157151 
0.0157574 
0.0157997 
0.015842 
0.0158843 
0.0159266 
0.0159688 
0.016011 
0.0160532 
0.0160953 
0.0161373 
0.0161793 
0.0162213 
0.0162632 
0.016305 
0.0163467 
0.0163883 
0.0164299 
0.0164714 
0.0165127 
0.016554 
0.0165951 
0.0166362 
0.0166771 
0.0167179 
0.0167586 
0.0167991 
0.0168395 
0.0168798 
0.0169199 
0.0169599 
0.0169996 
0.0170393 
0.0170787 
0.017118 
0.0171571 
0.0171961 
0.0172348 
0.0172734 
0.0173117 
0.0173499 
0.0173878 
0.0174255 
0.017463 
0.0175003 
0.0175373 
0.0175741 
0.0176107 
0.0176471 
0.0176831 
0.017719 
0.0177546 
0.0177899 
0.0178249 
0.0178597 
0.0178942 
0.0179285 
0.0179624 
0.0179961 
0.0180294 
0.0180625 
0.0180953 
0.0181278 
0.0181599 
0.0181918 
0.0182233 
0.0182545 
0.0182853 
0.0183159 
0.0183461 
0.018376 
0.0184055 
0.0184347 
0.0184635 
0.018492 
0.0185201 
0.0185479 
0.0185753 
0.0186024 
0.018629 
0.0186553 
0.0186812 
0.0187068 
0.0187319 
0.0187567 
0.018781 
0.018805 
0.0188286 
0.0188517 
0.0188745 
0.0188969 
0.0189188 
0.0189404 
0.0189615 
0.0189822 
0.0190025 
0.0190224 
0.0190418 
0.0190608 
0.0190794 
0.0190976 
0.0191153 
0.0191326 
0.0191494 
0.0191658 
0.0191818 
0.0191973 
0.0192123 
0.019227 
0.0192411 
0.0192549 
0.0192681 
0.0192809 
0.0192932 
0.0193051 
0.0193166 
0.0193275 
0.019338 
0.0193481 
0.0193576 
0.0193668 
0.0193754 
0.0193836 
0.0193913 
0.0193985 
0.0194053 
0.0194116 
0.0194174 
0.0194227 
0.0194276 
0.019432 
0.0194359 
0.0194394 
0.0194423 
0.0194448 
0.0194468 
0.0194484 
0.0194495 
0.0194501 
0.0194502 
0.0194499 
0.019449 
0.0194477 
0.019446 
0.0194437 
0.019441 
0.0194378 
0.0194341 
0.01943 
0.0194254 
0.0194203 
0.0194148 
0.0194088 
0.0194023 
0.0193954 
0.019388 
0.0193801 
0.0193718 
0.019363 
0.0193537 
0.019344 
0.0193339 
0.0193233 
0.0193122 
0.0193007 
0.0192887 
0.0192763 
0.0192634 
0.0192501 
0.0192363 
0.0192221 
0.0192075 
0.0191924 
0.0191769 
0.019161 
0.0191446 
0.0191278 
0.0191106 
0.019093 
0.0190749 
0.0190564 
0.0190375 
0.0190182 
0.0189985 
0.0189784 
0.0189578 
0.0189369 
0.0189156 
0.0188938 
0.0188717 
0.0188492 
0.0188263 
0.018803 
0.0187793 
0.0187553 
0.0187309 
0.0187061 
0.0186809 
0.0186554 
0.0186295 
0.0186032 
0.0185766 
0.0185496 
0.0185223 
0.0184947 
0.0184667 
0.0184383 
0.0184096 
0.0183806 
0.0183513 
0.0183216 
0.0182916 
0.0182614 
0.0182307 
0.0181998 
0.0181686 
0.0181371 
0.0181052 
0.0180731 
0.0180407 
0.018008 
0.017975 
0.0179417 
0.0179082 
0.0178744 
0.0178403 
0.0178059 
0.0177713 
0.0177365 
0.0177014 
0.017666 
0.0176304 
0.0175946 
0.0175585 
0.0175222 
0.0174857 
0.0174489 
0.0174119 
0.0173747 
0.0173373 
0.0172997 
0.0172619 
0.0172239 
0.0171857 
0.0171473 
0.0171088 
0.01707 
0.0170311 
0.016992 
0.0169527 
0.0169133 
0.0168737 
0.0168339 
0.016794 
0.016754 
0.0167138 
0.0166734 
0.016633 
0.0165924 
0.0165516 
0.0165108 
0.0164698 
0.0164287 
0.0163875 
0.0163462 
0.0163048 
0.0162633 
0.0162218 
0.0161801 
0.0161383 
0.0160965 
0.0160545 
0.0160125 
0.0159705 
0.0159283 
0.0158861 
0.0158439 
0.0158016 
0.0157592 
0.0157168 
0.0156744 
0.0156319 
0.0155894 
0.0155469 
0.0155043 
0.0154617 
0.0154191 
0.0153765 
0.0153338 
0.0152912 
0.0152485 
0.0152059 
0.0151633 
0.0151206 
0.015078 
0.0150354 
0.0149928 
0.0149502 
0.0149077 
0.0148652 
0.0148227 
0.0147803 
0.0147379 
0.0146955 
0.0146532 
0.0146109 
0.0145687 
0.0145265 
0.0144844 
0.0144424 
0.0144004 
0.0143585 
0.0143167 
0.0142749 
0.0142332 
0.0141916 
0.0141501 
0.0141087 
0.0140673 
0.0140261 
0.0139849 
0.0139438 
0.0139029 
0.013862 
0.0138213 
0.0137806 
0.0137401 
0.0136996 
0.0136593 
0.0136191 
0.0135791 
0.0135391 
0.0134993 
0.0134596 
0.01342 
0.0133806 
0.0133413 
0.0133021 
0.0132631 
0.0132242 
0.0131854 
0.0131468 
0.0131084 
0.01307 
0.0130319 
0.0129939 
0.012956 
0.0129183 
0.0128807 
0.0128433 
0.0128061 
0.012769 
0.0127321 
0.0126953 
0.0126587 
0.0126223 
0.012586 
0.0125499 
0.012514 
0.0124783 
0.0124427 
0.0124073 
0.012372 
0.0123369 
0.012302 
0.0122673 
0.0122328 
0.0121984 
0.0121642 
0.0121302 
0.0120964 
0.0120627 
0.0120293 
0.011996 
0.0119628 
0.0119299 
0.0118971 
0.0118646 
0.0118322 
0.0118 
0.0117679 
0.0117361 
0.0117044 
0.0116729 
0.0116416 
0.0116105 
0.0115795 
0.0115487 
0.0115182 
0.0114877 
0.0114575 
0.0114275 
0.0113976 
0.0113679 
0.0113384 
0.011309 
0.0112798 
0.0112508 
0.011222 
0.0111934 
0.0111649 
0.0111366 
0.0111084 
0.0110804 
0.0110526 
0.011025 
0.0109975 
0.0109702 
0.0109431 
0.0109161 
0.0108893 
0.0108626 
0.0108361 
0.0108097 
0.0107835 
0.0107575 
0.0107316 
0.0107059 
0.0106803 
0.0106548 
0.0106295 
0.0106044 
0.0105793 
0.0105545 
0.0105297 
0.0105051 
0.0104806 
0.0104563 
0.0104321 
0.010408 
0.010384 
0.0103602 
0.0103365 
0.0103129 
0.0102894 
0.010266 
0.0102427 
0.0102196 
0.0101966 
0.0101736 
0.0101508 
0.0101281 
0.0101054 
0.0100829 
0.0100604 
0.0100381 
0.0100158 
0.00999363 
0.00997153 
0.00994951 
0.00992756 
0.0099057 
0.00988389 
0.00986217 
0.0098405 
0.00981891 
0.00979736 
0.00977589 
0.00975446 
0.00973309 
0.00971177 
0.00969049 
0.00966926 
0.00964807 
0.00962692 
0.0096058 
0.00958472 
0.00956366 
0.00954263 
0.00952163 
0.00950065 
0.00947969 
0.00945873 
0.0094378 
0.00941686 
0.00939595 
0.00937502 
0.00935411 
0.00933318 
0.00931226 
0.00929132 
0.00927037 
0.00924941 
0.00922843 
0.00920743 
0.00918641 
0.00916535 
0.00914428 
0.00912316 
0.00910202 
0.00908083 
0.00905961 
0.00903834 
0.00901702 
0.00899565 
0.00897424 
0.00895276 
0.00893123 
0.00890963 
0.00888798 
0.00886625 
0.00884446 
0.00882259 
0.00880065 
0.00877863 
0.00875654 
0.00873435 
0.00871208 
0.00868972 
0.00866728 
0.00864473 
0.00862209 
0.00859935 
0.00857651 
0.00855356 
0.00853052 
0.00850735 
0.00848408 
0.00846069 
0.00843719 
0.00841356 
0.00838982 
0.00836595 
0.00834196 
0.00831783 
0.00829358 
0.00826919 
0.00824468 
0.00822001 
0.00819522 
0.00817028 
0.0081452 
0.00811997 
0.0080946 
0.00806907 
0.0080434 
0.00801757 
0.00799159 
0.00796544 
0.00793915 
0.00791268 
0.00788607 
0.00785928 
0.00783234 
0.00780521 
0.00777794 
0.00775048 
0.00772286 
0.00769505 
0.00766709 
0.00763893 
0.00761062 
0.00758211 
0.00755344 
0.00752457 
0.00749554 
0.00746631 
0.00743691 
0.00740731 
0.00737754 
0.00734757 
0.00731743 
0.00728709 
0.00725657 
0.00722585 
0.00719496 
0.00716386 
0.00713258 
0.0071011 
0.00706944 
0.00703758 
0.00700554 
0.00697329 
0.00694086 
0.00690823 
0.00687542 
0.0068424 
0.0068092 
0.00677579 
0.00674221 
0.00670842 
0.00667445 
0.00664027 
0.00660592 
0.00657136 
0.00653663 
0.00650169 
0.00646657 
0.00643125 
0.00639576 
0.00636006 
0.00632419 
0.00628811 
0.00625187 
0.00621543 
0.00617881 
0.006142 
0.00610503 
0.00606785 
0.00603051 
0.00599298 
0.00595529 
0.0059174 
0.00587936 
0.00584112 
0.00580274 
0.00576416 
0.00572543 
0.00568652 
0.00564746 
0.00560822 
0.00556884 
0.00552928 
0.00548958 
0.0054497 
0.00540969 
0.00536951 
0.0053292 
0.00528872 
0.00524812 
0.00520735 
0.00516646 
0.00512542 
0.00508426 
0.00504294 
0.00500152 
0.00495994 
0.00491827 
0.00487644 
0.00483452 
0.00479246 
0.00475031 
0.00470802 
0.00466565 
0.00462315 
0.00458057 
0.00453786 
0.00449509 
0.00445219 
0.00440923 
0.00436616 
0.00432303 
0.0042798 
0.00423651 
0.00419312 
0.00414969 
0.00410617 
0.00406261 
0.00401896 
0.00397529 
0.00393154 
0.00388776 
0.00384392 
0.00380005 
0.00375613 
0.0037122 
0.00366822 
0.00362423 
0.0035802 
0.00353617 
0.00349211 
0.00344806 
0.00340399 
0.00335994 
0.00331586 
0.00327182 
0.00322777 
0.00318375 
0.00313973 
0.00309576 
0.0030518 
0.00300789 
0.002964 
0.00292017 
0.00287636 
0.00283263 
0.00278893 
