0 
-3.55866e-05 
-9.9702e-06 
-4.55459e-05 
-9.9702e-06 
-4.55428e-05 
-9.9702e-06 
-4.55407e-05 
-9.9702e-06 
-4.55353e-05 
-9.9702e-06 
-4.55235e-05 
-9.9702e-06 
-4.55039e-05 
-9.9702e-06 
-4.54761e-05 
-9.9702e-06 
-4.54405e-05 
-9.9702e-06 
-4.53979e-05 
-9.9702e-06 
-4.53496e-05 
-9.9702e-06 
-4.52965e-05 
-9.9702e-06 
-4.52397e-05 
-9.9702e-06 
-4.51801e-05 
-9.9702e-06 
-4.51184e-05 
-9.9702e-06 
-4.5055e-05 
-9.9702e-06 
-4.49902e-05 
-9.9702e-06 
-4.49238e-05 
-9.9702e-06 
-4.48558e-05 
-9.9702e-06 
-4.47858e-05 
-9.9702e-06 
-4.47134e-05 
-9.9702e-06 
-4.46379e-05 
-9.9702e-06 
-4.45587e-05 
-9.9702e-06 
-4.44753e-05 
-9.9702e-06 
-4.43869e-05 
-9.9702e-06 
-4.4293e-05 
-9.9702e-06 
-4.4193e-05 
-9.9702e-06 
-4.40862e-05 
-9.9702e-06 
-4.39724e-05 
-9.9702e-06 
-4.3851e-05 
-9.9702e-06 
-4.37218e-05 
-9.9702e-06 
-4.35846e-05 
-9.9702e-06 
-4.34392e-05 
-9.9702e-06 
-4.32854e-05 
-9.9702e-06 
-4.31234e-05 
-9.9702e-06 
-4.29531e-05 
-9.9702e-06 
-4.27747e-05 
-9.9702e-06 
-4.25883e-05 
-9.9702e-06 
-4.2394e-05 
-9.9702e-06 
-4.2192e-05 
-9.9702e-06 
-4.19827e-05 
-9.9702e-06 
-4.17662e-05 
-9.9702e-06 
-4.15427e-05 
-9.9702e-06 
-4.13126e-05 
-9.9702e-06 
-4.1076e-05 
-9.9702e-06 
-4.08333e-05 
-9.9702e-06 
-4.05846e-05 
-9.9702e-06 
-4.03303e-05 
-9.9702e-06 
-4.00705e-05 
-9.9702e-06 
-3.98054e-05 
-9.9702e-06 
-3.95353e-05 
-9.9702e-06 
-3.92604e-05 
-9.9702e-06 
-3.89808e-05 
-9.9702e-06 
-3.86969e-05 
-9.9702e-06 
-3.84087e-05 
-9.9702e-06 
-3.81164e-05 
-9.9702e-06 
-3.78203e-05 
-9.9702e-06 
-3.75205e-05 
-9.9702e-06 
-3.72171e-05 
-9.9702e-06 
-3.69105e-05 
-9.9702e-06 
-3.66006e-05 
-9.9702e-06 
-3.62878e-05 
-9.9702e-06 
-3.59721e-05 
-9.9702e-06 
-3.56538e-05 
-9.9702e-06 
-3.53331e-05 
-9.9702e-06 
-3.50101e-05 
-9.9702e-06 
-3.46849e-05 
-9.9702e-06 
-3.43579e-05 
-9.9702e-06 
-3.40291e-05 
-9.9702e-06 
-3.36987e-05 
-9.9702e-06 
-3.33669e-05 
-9.9702e-06 
-3.3034e-05 
-9.9702e-06 
-3.26999e-05 
-9.9702e-06 
-3.2365e-05 
-9.9702e-06 
-3.20294e-05 
-9.9702e-06 
-3.16933e-05 
-9.9702e-06 
-3.13569e-05 
-9.9702e-06 
-3.10202e-05 
-9.9702e-06 
-3.06835e-05 
-9.9702e-06 
-3.0347e-05 
-9.9702e-06 
-3.00108e-05 
-9.9702e-06 
-2.9675e-05 
-9.9702e-06 
-2.93398e-05 
-9.9702e-06 
-2.90054e-05 
-9.9702e-06 
-2.86719e-05 
-9.9702e-06 
-2.83395e-05 
-9.9702e-06 
-2.80083e-05 
-9.9702e-06 
-2.76784e-05 
-9.9702e-06 
-2.735e-05 
-9.9702e-06 
-2.70232e-05 
-9.9702e-06 
-2.66982e-05 
-9.9702e-06 
-2.6375e-05 
-9.9702e-06 
-2.60538e-05 
-9.9702e-06 
-2.57348e-05 
-9.9702e-06 
-2.5418e-05 
-9.9702e-06 
-2.51035e-05 
-9.9702e-06 
-2.47916e-05 
-9.9702e-06 
-2.44822e-05 
-9.9702e-06 
-2.41755e-05 
-9.9702e-06 
-2.38715e-05 
-9.9702e-06 
-2.35705e-05 
-9.9702e-06 
-2.32725e-05 
-9.9702e-06 
-2.29775e-05 
-9.9702e-06 
-2.26858e-05 
-9.9702e-06 
-2.23973e-05 
-9.9702e-06 
-2.21121e-05 
-9.9702e-06 
-2.18304e-05 
-9.9702e-06 
-2.15522e-05 
-9.9702e-06 
-2.12776e-05 
-9.9702e-06 
-2.10067e-05 
-9.9702e-06 
-2.07395e-05 
-9.9702e-06 
-2.04761e-05 
-9.9702e-06 
-2.02166e-05 
-9.9702e-06 
-1.9961e-05 
-9.9702e-06 
-1.97094e-05 
-9.9702e-06 
-1.94619e-05 
-9.9702e-06 
-1.92184e-05 
-9.9702e-06 
-1.89792e-05 
-9.9702e-06 
-1.87441e-05 
-9.9702e-06 
-1.85133e-05 
-9.9702e-06 
-1.82868e-05 
-9.9702e-06 
-1.80646e-05 
-9.9702e-06 
-1.78468e-05 
-9.9702e-06 
-1.76334e-05 
-9.9702e-06 
-1.74245e-05 
-9.9702e-06 
-1.722e-05 
-9.9702e-06 
-1.70201e-05 
-9.9702e-06 
-1.68247e-05 
-9.9702e-06 
-1.66338e-05 
-9.9702e-06 
-1.64476e-05 
-9.9702e-06 
-1.62659e-05 
-9.9702e-06 
-1.60889e-05 
-9.9702e-06 
-1.59165e-05 
-9.9702e-06 
-1.57488e-05 
-9.9702e-06 
-1.55857e-05 
-9.9702e-06 
-1.54273e-05 
-9.9702e-06 
-1.52737e-05 
-9.9702e-06 
-1.51247e-05 
-9.9702e-06 
-1.49804e-05 
-9.9702e-06 
-1.48408e-05 
-9.9702e-06 
-1.4706e-05 
-9.9702e-06 
-1.45758e-05 
-9.9702e-06 
-1.44504e-05 
-9.9702e-06 
-1.43297e-05 
-9.9702e-06 
-1.42137e-05 
-9.9702e-06 
-1.41024e-05 
-9.9702e-06 
-1.39958e-05 
-9.9702e-06 
-1.38939e-05 
-9.9702e-06 
-1.37967e-05 
-9.9702e-06 
-1.37041e-05 
-9.9702e-06 
-1.36162e-05 
-9.9702e-06 
-1.3533e-05 
-9.9702e-06 
-1.34544e-05 
-9.9702e-06 
-1.33804e-05 
-9.9702e-06 
-1.33111e-05 
-9.9702e-06 
-1.32463e-05 
-9.9702e-06 
-1.31861e-05 
-9.9702e-06 
-1.31305e-05 
-9.9702e-06 
-1.30794e-05 
-9.9702e-06 
-1.30328e-05 
-9.9702e-06 
-1.29908e-05 
-9.9702e-06 
-1.29532e-05 
-9.9702e-06 
-1.29201e-05 
-9.9702e-06 
-1.28914e-05 
-9.9702e-06 
-1.28671e-05 
-9.9702e-06 
-1.28473e-05 
-9.9702e-06 
-1.28317e-05 
-9.9702e-06 
-1.28206e-05 
-9.9702e-06 
-1.28137e-05 
-9.9702e-06 
-1.28111e-05 
-9.9702e-06 
-1.28128e-05 
-9.9702e-06 
-1.28188e-05 
-9.9702e-06 
-1.28289e-05 
-9.9702e-06 
-1.28432e-05 
-9.9702e-06 
-1.28617e-05 
-9.9702e-06 
-1.28843e-05 
-9.9702e-06 
-1.29109e-05 
-9.9702e-06 
-1.29417e-05 
-9.9702e-06 
-1.29764e-05 
-9.9702e-06 
-1.30152e-05 
-9.9702e-06 
-1.30579e-05 
-9.9702e-06 
-1.31046e-05 
-9.9702e-06 
-1.31551e-05 
-9.9702e-06 
-1.32095e-05 
-9.9702e-06 
-1.32678e-05 
-9.9702e-06 
-1.33298e-05 
-9.9702e-06 
-1.33956e-05 
-9.9702e-06 
-1.34652e-05 
-9.9702e-06 
-1.35384e-05 
-9.9702e-06 
-1.36153e-05 
-9.9702e-06 
-1.36959e-05 
-9.9702e-06 
-1.378e-05 
-9.9702e-06 
-1.38676e-05 
-9.9702e-06 
-1.39588e-05 
-9.9702e-06 
-1.40535e-05 
-9.9702e-06 
-1.41515e-05 
-9.9702e-06 
-1.4253e-05 
-9.9702e-06 
-1.43579e-05 
-9.9702e-06 
-1.4466e-05 
-9.9702e-06 
-1.45775e-05 
-9.9702e-06 
-1.46922e-05 
-9.9702e-06 
-1.48101e-05 
-9.9702e-06 
-1.49311e-05 
-9.9702e-06 
-1.50553e-05 
-9.9702e-06 
-1.51825e-05 
-9.9702e-06 
-1.53128e-05 
-9.9702e-06 
-1.5446e-05 
-9.9702e-06 
-1.55822e-05 
-9.9702e-06 
-1.57213e-05 
-9.9702e-06 
-1.58633e-05 
-9.9702e-06 
-1.6008e-05 
-9.9702e-06 
-1.61556e-05 
-9.9702e-06 
-1.63058e-05 
-9.9702e-06 
-1.64588e-05 
-9.9702e-06 
-1.66143e-05 
-9.9702e-06 
-1.67725e-05 
-9.9702e-06 
-1.69332e-05 
-9.9702e-06 
-1.70963e-05 
-9.9702e-06 
-1.72619e-05 
-9.9702e-06 
-1.74299e-05 
-9.9702e-06 
-1.76002e-05 
-9.9702e-06 
-1.77728e-05 
-9.9702e-06 
-1.79476e-05 
-9.9702e-06 
-1.81246e-05 
-9.9702e-06 
-1.83038e-05 
-9.9702e-06 
-1.8485e-05 
-9.9702e-06 
-1.86683e-05 
-9.9702e-06 
-1.88535e-05 
-9.9702e-06 
-1.90406e-05 
-9.9702e-06 
-1.92296e-05 
-9.9702e-06 
-1.94204e-05 
-9.9702e-06 
-1.96129e-05 
-9.9702e-06 
-1.98071e-05 
-9.9702e-06 
-2.0003e-05 
-9.9702e-06 
-2.02004e-05 
-9.9702e-06 
-2.03994e-05 
-9.9702e-06 
-2.05998e-05 
-9.9702e-06 
-2.08016e-05 
-9.9702e-06 
-2.10048e-05 
-9.9702e-06 
-2.12092e-05 
-9.9702e-06 
-2.14149e-05 
-9.9702e-06 
-2.16217e-05 
-9.9702e-06 
-2.18296e-05 
-9.9702e-06 
-2.20386e-05 
-9.9702e-06 
-2.22485e-05 
-9.9702e-06 
-2.24593e-05 
-9.9702e-06 
-2.2671e-05 
-9.9702e-06 
-2.28835e-05 
-9.9702e-06 
-2.30967e-05 
-9.9702e-06 
-2.33105e-05 
-9.9702e-06 
-2.35249e-05 
-9.9702e-06 
-2.37398e-05 
-9.9702e-06 
-2.39552e-05 
-9.9702e-06 
-2.4171e-05 
-9.9702e-06 
-2.43871e-05 
-9.9702e-06 
-2.46035e-05 
-9.9702e-06 
-2.48201e-05 
-9.9702e-06 
-2.50367e-05 
-9.9702e-06 
-2.52535e-05 
-9.9702e-06 
-2.54702e-05 
-9.9702e-06 
-2.56868e-05 
-9.9702e-06 
-2.59033e-05 
-9.9702e-06 
-2.61196e-05 
-9.9702e-06 
-2.63356e-05 
-9.9702e-06 
-2.65513e-05 
-9.9702e-06 
-2.67665e-05 
-9.9702e-06 
-2.69812e-05 
-9.9702e-06 
-2.71954e-05 
-9.9702e-06 
-2.7409e-05 
-9.9702e-06 
-2.76218e-05 
-9.9702e-06 
-2.78339e-05 
-9.9702e-06 
-2.80452e-05 
-9.9702e-06 
-2.82556e-05 
-9.9702e-06 
-2.8465e-05 
-9.9702e-06 
-2.86734e-05 
-9.9702e-06 
-2.88806e-05 
-9.9702e-06 
-2.90868e-05 
-9.9702e-06 
-2.92916e-05 
-9.9702e-06 
-2.94952e-05 
-9.9702e-06 
-2.96974e-05 
-9.9702e-06 
-2.98982e-05 
-9.9702e-06 
-3.00975e-05 
-9.9702e-06 
-3.02952e-05 
-9.9702e-06 
-3.04913e-05 
-9.9702e-06 
-3.06858e-05 
-9.9702e-06 
-3.08784e-05 
-9.9702e-06 
-3.10693e-05 
-9.9702e-06 
-3.12582e-05 
-9.9702e-06 
-3.14452e-05 
-9.9702e-06 
-3.16303e-05 
-9.9702e-06 
-3.18132e-05 
-9.9702e-06 
-3.19941e-05 
-9.9702e-06 
-3.21727e-05 
-9.9702e-06 
-3.23492e-05 
-9.9702e-06 
-3.25233e-05 
-9.9702e-06 
-3.26951e-05 
-9.9702e-06 
-3.28644e-05 
-9.9702e-06 
-3.30313e-05 
-9.9702e-06 
-3.31957e-05 
-9.9702e-06 
-3.33575e-05 
-9.9702e-06 
-3.35167e-05 
-9.9702e-06 
-3.36732e-05 
-9.9702e-06 
-3.3827e-05 
-9.9702e-06 
-3.39781e-05 
-9.9702e-06 
-3.41263e-05 
-9.9702e-06 
-3.42716e-05 
-9.9702e-06 
-3.4414e-05 
-9.9702e-06 
-3.45535e-05 
-9.9702e-06 
-3.46899e-05 
-9.9702e-06 
-3.48233e-05 
-9.9702e-06 
-3.49536e-05 
-9.9702e-06 
-3.50808e-05 
-9.9702e-06 
-3.52048e-05 
-9.9702e-06 
-3.53257e-05 
-9.9702e-06 
-3.54432e-05 
-9.9702e-06 
-3.55575e-05 
-9.9702e-06 
-3.56685e-05 
-9.9702e-06 
-3.57761e-05 
-9.9702e-06 
-3.58804e-05 
-9.9702e-06 
-3.59812e-05 
-9.9702e-06 
-3.60786e-05 
-9.9702e-06 
-3.61725e-05 
-9.9702e-06 
-3.6263e-05 
-9.9702e-06 
-3.63499e-05 
-9.9702e-06 
-3.64333e-05 
-9.9702e-06 
-3.65131e-05 
-9.9702e-06 
-3.65893e-05 
-9.9702e-06 
-3.66619e-05 
-9.9702e-06 
-3.67308e-05 
-9.9702e-06 
-3.67962e-05 
-9.9702e-06 
-3.68578e-05 
-9.9702e-06 
-3.69158e-05 
-9.9702e-06 
-3.69701e-05 
-9.9702e-06 
-3.70206e-05 
-9.9702e-06 
-3.70675e-05 
-9.9702e-06 
-3.71106e-05 
-9.9702e-06 
-3.715e-05 
-9.9702e-06 
-3.71857e-05 
-9.9702e-06 
-3.72175e-05 
-9.9702e-06 
-3.72457e-05 
-9.9702e-06 
-3.72701e-05 
-9.9702e-06 
-3.72907e-05 
-9.9702e-06 
-3.73075e-05 
-9.9702e-06 
-3.73206e-05 
-9.9702e-06 
-3.73299e-05 
-9.9702e-06 
-3.73355e-05 
-9.9702e-06 
-3.73373e-05 
-9.9702e-06 
-3.73353e-05 
-9.9702e-06 
-3.73296e-05 
-9.9702e-06 
-3.73202e-05 
-9.9702e-06 
-3.7307e-05 
-9.9702e-06 
-3.72901e-05 
-9.9702e-06 
-3.72695e-05 
-9.9702e-06 
-3.72452e-05 
-9.9702e-06 
-3.72172e-05 
-9.9702e-06 
-3.71856e-05 
-9.9702e-06 
-3.71503e-05 
-9.9702e-06 
-3.71113e-05 
-9.9702e-06 
-3.70687e-05 
-9.9702e-06 
-3.70226e-05 
-9.9702e-06 
-3.69728e-05 
-9.9702e-06 
-3.69195e-05 
-9.9702e-06 
-3.68627e-05 
-9.9702e-06 
-3.68023e-05 
-9.9702e-06 
-3.67384e-05 
-9.9702e-06 
-3.66711e-05 
-9.9702e-06 
-3.66004e-05 
-9.9702e-06 
-3.65262e-05 
-9.9702e-06 
-3.64486e-05 
-9.9702e-06 
-3.63677e-05 
-9.9702e-06 
-3.62835e-05 
-9.9702e-06 
-3.6196e-05 
-9.9702e-06 
-3.61052e-05 
-9.9702e-06 
-3.60112e-05 
-9.9702e-06 
-3.5914e-05 
-9.9702e-06 
-3.58136e-05 
-9.9702e-06 
-3.57101e-05 
-9.9702e-06 
-3.56036e-05 
-9.9702e-06 
-3.5494e-05 
-9.9702e-06 
-3.53814e-05 
-9.9702e-06 
-3.52658e-05 
-9.9702e-06 
-3.51474e-05 
-9.9702e-06 
-3.5026e-05 
-9.9702e-06 
-3.49018e-05 
-9.9702e-06 
-3.47748e-05 
-9.9702e-06 
-3.46451e-05 
-9.9702e-06 
-3.45127e-05 
-9.9702e-06 
-3.43776e-05 
-9.9702e-06 
-3.42399e-05 
-9.9702e-06 
-3.40997e-05 
-9.9702e-06 
-3.3957e-05 
-9.9702e-06 
-3.38118e-05 
-9.9702e-06 
-3.36642e-05 
-9.9702e-06 
-3.35143e-05 
-9.9702e-06 
-3.33621e-05 
-9.9702e-06 
-3.32077e-05 
-9.9702e-06 
-3.30511e-05 
-9.9702e-06 
-3.28923e-05 
-9.9702e-06 
-3.27315e-05 
-9.9702e-06 
-3.25687e-05 
-9.9702e-06 
-3.2404e-05 
-9.9702e-06 
-3.22373e-05 
-9.9702e-06 
-3.20689e-05 
-9.9702e-06 
-3.18987e-05 
-9.9702e-06 
-3.17268e-05 
-9.9702e-06 
-3.15532e-05 
-9.9702e-06 
-3.13781e-05 
-9.9702e-06 
-3.12015e-05 
-9.9702e-06 
-3.10235e-05 
-9.9702e-06 
-3.08441e-05 
-9.9702e-06 
-3.06635e-05 
-9.9702e-06 
-3.04816e-05 
-9.9702e-06 
-3.02985e-05 
-9.9702e-06 
-3.01144e-05 
-9.9702e-06 
-2.99293e-05 
-9.9702e-06 
-2.97432e-05 
-9.9702e-06 
-2.95563e-05 
-9.9702e-06 
-2.93686e-05 
-9.9702e-06 
-2.91802e-05 
-9.9702e-06 
-2.89912e-05 
-9.9702e-06 
-2.88016e-05 
-9.9702e-06 
-2.86116e-05 
-9.9702e-06 
-2.84211e-05 
-9.9702e-06 
-2.82303e-05 
-9.9702e-06 
-2.80393e-05 
-9.9702e-06 
-2.78482e-05 
-9.9702e-06 
-2.76569e-05 
-9.9702e-06 
-2.74657e-05 
-9.9702e-06 
-2.72745e-05 
-9.9702e-06 
-2.70836e-05 
-9.9702e-06 
-2.68928e-05 
-9.9702e-06 
-2.67024e-05 
-9.9702e-06 
-2.65125e-05 
-9.9702e-06 
-2.6323e-05 
-9.9702e-06 
-2.61341e-05 
-9.9702e-06 
-2.59459e-05 
-9.9702e-06 
-2.57584e-05 
-9.9702e-06 
-2.55718e-05 
-9.9702e-06 
-2.53861e-05 
-9.9702e-06 
-2.52014e-05 
-9.9702e-06 
-2.50178e-05 
-9.9702e-06 
-2.48354e-05 
-9.9702e-06 
-2.46543e-05 
-9.9702e-06 
-2.44745e-05 
-9.9702e-06 
-2.42961e-05 
-9.9702e-06 
-2.41192e-05 
-9.9702e-06 
-2.39439e-05 
-9.9702e-06 
-2.37703e-05 
-9.9702e-06 
-2.35985e-05 
-9.9702e-06 
-2.34285e-05 
-9.9702e-06 
-2.32604e-05 
-9.9702e-06 
-2.30943e-05 
-9.9702e-06 
-2.29303e-05 
-9.9702e-06 
-2.27685e-05 
-9.9702e-06 
-2.26089e-05 
-9.9702e-06 
-2.24516e-05 
-9.9702e-06 
-2.22967e-05 
-9.9702e-06 
-2.21443e-05 
-9.9702e-06 
-2.19944e-05 
-9.9702e-06 
-2.18472e-05 
-9.9702e-06 
-2.17026e-05 
-9.9702e-06 
-2.15608e-05 
-9.9702e-06 
-2.14218e-05 
-9.9702e-06 
-2.12857e-05 
-9.9702e-06 
-2.11525e-05 
-9.9702e-06 
-2.10224e-05 
-9.9702e-06 
-2.08954e-05 
-9.9702e-06 
-2.07715e-05 
-9.9702e-06 
-2.06509e-05 
-9.9702e-06 
-2.05335e-05 
-9.9702e-06 
-2.04195e-05 
-9.9702e-06 
-2.03088e-05 
-9.9702e-06 
-2.02016e-05 
-9.9702e-06 
-2.00979e-05 
-9.9702e-06 
-1.99977e-05 
-9.9702e-06 
-1.99012e-05 
-9.9702e-06 
-1.98082e-05 
-9.9702e-06 
-1.9719e-05 
-9.9702e-06 
-1.96334e-05 
-9.9702e-06 
-1.95517e-05 
-9.9702e-06 
-1.94737e-05 
-9.9702e-06 
-1.93996e-05 
-9.9702e-06 
-1.93294e-05 
-9.9702e-06 
-1.92631e-05 
-9.9702e-06 
-1.92007e-05 
-9.9702e-06 
-1.91423e-05 
-9.9702e-06 
-1.90879e-05 
-9.9702e-06 
-1.90375e-05 
-9.9702e-06 
-1.89912e-05 
-9.9702e-06 
-1.89489e-05 
-9.9702e-06 
-1.89107e-05 
-9.9702e-06 
-1.88766e-05 
-9.9702e-06 
-1.88466e-05 
-9.9702e-06 
-1.88207e-05 
-9.9702e-06 
-1.87989e-05 
-9.9702e-06 
-1.87813e-05 
-9.9702e-06 
-1.87678e-05 
-9.9702e-06 
-1.87584e-05 
-9.9702e-06 
-1.87532e-05 
-9.9702e-06 
-1.87521e-05 
-9.9702e-06 
-1.87551e-05 
-9.9702e-06 
-1.87623e-05 
-9.9702e-06 
-1.87735e-05 
-9.9702e-06 
-1.87888e-05 
-9.9702e-06 
-1.88083e-05 
-9.9702e-06 
-1.88318e-05 
-9.9702e-06 
-1.88593e-05 
-9.9702e-06 
-1.88909e-05 
-9.9702e-06 
-1.89264e-05 
-9.9702e-06 
-1.8966e-05 
-9.9702e-06 
-1.90095e-05 
-9.9702e-06 
-1.90569e-05 
-9.9702e-06 
-1.91082e-05 
-9.9702e-06 
-1.91633e-05 
-9.9702e-06 
-1.92223e-05 
-9.9702e-06 
-1.92851e-05 
-9.9702e-06 
-1.93516e-05 
-9.9702e-06 
-1.94218e-05 
-9.9702e-06 
-1.94956e-05 
-9.9702e-06 
-1.95731e-05 
-9.9702e-06 
-1.96541e-05 
-9.9702e-06 
-1.97387e-05 
-9.9702e-06 
-1.98267e-05 
-9.9702e-06 
-1.99181e-05 
-9.9702e-06 
-2.00129e-05 
-9.9702e-06 
-2.0111e-05 
-9.9702e-06 
-2.02123e-05 
-9.9702e-06 
-2.03168e-05 
-9.9702e-06 
-2.04244e-05 
-9.9702e-06 
-2.05351e-05 
-9.9702e-06 
-2.06488e-05 
-9.9702e-06 
-2.07654e-05 
-9.9702e-06 
-2.08848e-05 
-9.9702e-06 
-2.10071e-05 
-9.9702e-06 
-2.11321e-05 
-9.9702e-06 
-2.12597e-05 
-9.9702e-06 
-2.13899e-05 
-9.9702e-06 
-2.15225e-05 
-9.9702e-06 
-2.16576e-05 
-9.9702e-06 
-2.17951e-05 
-9.9702e-06 
-2.19348e-05 
-9.9702e-06 
-2.20767e-05 
-9.9702e-06 
-2.22207e-05 
-9.9702e-06 
-2.23667e-05 
-9.9702e-06 
-2.25147e-05 
-9.9702e-06 
-2.26645e-05 
-9.9702e-06 
-2.28161e-05 
-9.9702e-06 
-2.29694e-05 
-9.9702e-06 
-2.31242e-05 
-9.9702e-06 
-2.32806e-05 
-9.9702e-06 
-2.34384e-05 
-9.9702e-06 
-2.35975e-05 
-9.9702e-06 
-2.37579e-05 
-9.9702e-06 
-2.39194e-05 
-9.9702e-06 
-2.40819e-05 
-9.9702e-06 
-2.42454e-05 
-9.9702e-06 
-2.44098e-05 
-9.9702e-06 
-2.45749e-05 
-9.9702e-06 
-2.47407e-05 
-9.9702e-06 
-2.49071e-05 
-9.9702e-06 
-2.5074e-05 
-9.9702e-06 
-2.52413e-05 
-9.9702e-06 
-2.54088e-05 
-9.9702e-06 
-2.55766e-05 
-9.9702e-06 
-2.57444e-05 
-9.9702e-06 
-2.59123e-05 
-9.9702e-06 
-2.608e-05 
-9.9702e-06 
-2.62476e-05 
-9.9702e-06 
-2.64148e-05 
-9.9702e-06 
-2.65817e-05 
-9.9702e-06 
-2.67481e-05 
-9.9702e-06 
-2.69138e-05 
-9.9702e-06 
-2.70789e-05 
-9.9702e-06 
-2.72433e-05 
-9.9702e-06 
-2.74067e-05 
-9.9702e-06 
-2.75691e-05 
-9.9702e-06 
-2.77305e-05 
-9.9702e-06 
-2.78907e-05 
-9.9702e-06 
-2.80496e-05 
-9.9702e-06 
-2.82072e-05 
-9.9702e-06 
-2.83633e-05 
-9.9702e-06 
-2.85178e-05 
-9.9702e-06 
-2.86707e-05 
-9.9702e-06 
-2.88218e-05 
-9.9702e-06 
-2.89711e-05 
-9.9702e-06 
-2.91185e-05 
-9.9702e-06 
-2.92639e-05 
-9.9702e-06 
-2.94071e-05 
-9.9702e-06 
-2.95481e-05 
-9.9702e-06 
-2.96869e-05 
-9.9702e-06 
-2.98232e-05 
-9.9702e-06 
-2.99571e-05 
-9.9702e-06 
-3.00884e-05 
-9.9702e-06 
-3.02172e-05 
-9.9702e-06 
-3.03431e-05 
-9.9702e-06 
-3.04663e-05 
-9.9702e-06 
-3.05866e-05 
-9.9702e-06 
-3.07039e-05 
-9.9702e-06 
-3.08182e-05 
-9.9702e-06 
-3.09294e-05 
-9.9702e-06 
-3.10374e-05 
-9.9702e-06 
-3.11421e-05 
-9.9702e-06 
-3.12434e-05 
-9.9702e-06 
-3.13414e-05 
-9.9702e-06 
-3.14359e-05 
-9.9702e-06 
-3.15268e-05 
-9.9702e-06 
-3.16142e-05 
-9.9702e-06 
-3.16978e-05 
-9.9702e-06 
-3.17778e-05 
-9.9702e-06 
-3.18539e-05 
-9.9702e-06 
-3.19262e-05 
-9.9702e-06 
-3.19945e-05 
-9.9702e-06 
-3.2059e-05 
-9.9702e-06 
-3.21194e-05 
-9.9702e-06 
-3.21757e-05 
-9.9702e-06 
-3.22279e-05 
-9.9702e-06 
-3.2276e-05 
-9.9702e-06 
-3.23199e-05 
-9.9702e-06 
-3.23595e-05 
-9.9702e-06 
-3.23949e-05 
-9.9702e-06 
-3.24259e-05 
-9.9702e-06 
-3.24526e-05 
-9.9702e-06 
-3.2475e-05 
-9.9702e-06 
-3.24929e-05 
-9.9702e-06 
-3.25064e-05 
-9.9702e-06 
-3.25154e-05 
-9.9702e-06 
-3.25199e-05 
-9.9702e-06 
-3.252e-05 
-9.9702e-06 
-3.25155e-05 
-9.9702e-06 
-3.25065e-05 
-9.9702e-06 
-3.24929e-05 
-9.9702e-06 
-3.24748e-05 
-9.9702e-06 
-3.24521e-05 
-9.9702e-06 
-3.24249e-05 
-9.9702e-06 
-3.2393e-05 
-9.9702e-06 
-3.23566e-05 
-9.9702e-06 
-3.23157e-05 
-9.9702e-06 
-3.22701e-05 
-9.9702e-06 
-3.222e-05 
-9.9702e-06 
-3.21654e-05 
-9.9702e-06 
-3.21062e-05 
-9.9702e-06 
-3.20425e-05 
-9.9702e-06 
-3.19743e-05 
-9.9702e-06 
-3.19016e-05 
-9.9702e-06 
-3.18244e-05 
-9.9702e-06 
-3.17428e-05 
-9.9702e-06 
-3.16567e-05 
-9.9702e-06 
-3.15663e-05 
-9.9702e-06 
-3.14715e-05 
-9.9702e-06 
-3.13724e-05 
-9.9702e-06 
-3.1269e-05 
-9.9702e-06 
-3.11613e-05 
-9.9702e-06 
-3.10495e-05 
-9.9702e-06 
-3.09334e-05 
-9.9702e-06 
-3.08132e-05 
-9.9702e-06 
-3.0689e-05 
-9.9702e-06 
-3.05607e-05 
-9.9702e-06 
-3.04284e-05 
-9.9702e-06 
-3.02921e-05 
-9.9702e-06 
-3.0152e-05 
-9.9702e-06 
-3.00081e-05 
-9.9702e-06 
-2.98604e-05 
-9.9702e-06 
-2.9709e-05 
-9.9702e-06 
-2.95539e-05 
-9.9702e-06 
-2.93953e-05 
-9.9702e-06 
-2.92331e-05 
-9.9702e-06 
-2.90675e-05 
-9.9702e-06 
-2.88984e-05 
-9.9702e-06 
-2.87261e-05 
-9.9702e-06 
-2.85505e-05 
-9.9702e-06 
-2.83717e-05 
-9.9702e-06 
-2.81898e-05 
-9.9702e-06 
-2.80049e-05 
-9.9702e-06 
-2.7817e-05 
-9.9702e-06 
-2.76262e-05 
-9.9702e-06 
-2.74326e-05 
-9.9702e-06 
-2.72363e-05 
-9.9702e-06 
-2.70373e-05 
-9.9702e-06 
-2.68358e-05 
-9.9702e-06 
-2.66318e-05 
-9.9702e-06 
-2.64253e-05 
-9.9702e-06 
-2.62166e-05 
-9.9702e-06 
-2.60056e-05 
-9.9702e-06 
-2.57924e-05 
-9.9702e-06 
-2.55772e-05 
-9.9702e-06 
-2.536e-05 
-9.9702e-06 
-2.51409e-05 
-9.9702e-06 
-2.492e-05 
-9.9702e-06 
-2.46974e-05 
-9.9702e-06 
-2.44731e-05 
-9.9702e-06 
-2.42472e-05 
-9.9702e-06 
-2.40199e-05 
-9.9702e-06 
-2.37913e-05 
-9.9702e-06 
-2.35613e-05 
-9.9702e-06 
-2.33301e-05 
-9.9702e-06 
-2.30979e-05 
-9.9702e-06 
-2.28646e-05 
-9.9702e-06 
-2.26303e-05 
-9.9702e-06 
-2.23952e-05 
-9.9702e-06 
-2.21594e-05 
-9.9702e-06 
-2.19229e-05 
-9.9702e-06 
-2.16858e-05 
-9.9702e-06 
-2.14482e-05 
-9.9702e-06 
-2.12102e-05 
-9.9702e-06 
-2.09719e-05 
-9.9702e-06 
-2.07333e-05 
-9.9702e-06 
-2.04946e-05 
-9.9702e-06 
-2.02558e-05 
-9.9702e-06 
-2.00171e-05 
-9.9702e-06 
-1.97785e-05 
-9.9702e-06 
-1.954e-05 
-9.9702e-06 
-1.93018e-05 
-9.9702e-06 
-1.9064e-05 
-9.9702e-06 
-1.88267e-05 
-9.9702e-06 
-1.85898e-05 
-9.9702e-06 
-1.83536e-05 
-9.9702e-06 
-1.81181e-05 
-9.9702e-06 
-1.78833e-05 
-9.9702e-06 
-1.76494e-05 
-9.9702e-06 
-1.74164e-05 
-9.9702e-06 
-1.71844e-05 
-9.9702e-06 
-1.69535e-05 
-9.9702e-06 
-1.67238e-05 
-9.9702e-06 
-1.64953e-05 
-9.9702e-06 
-1.62681e-05 
-9.9702e-06 
-1.60423e-05 
-9.9702e-06 
-1.5818e-05 
-9.9702e-06 
-1.55952e-05 
-9.9702e-06 
-1.53741e-05 
-9.9702e-06 
-1.51546e-05 
-9.9702e-06 
-1.49369e-05 
-9.9702e-06 
-1.4721e-05 
-9.9702e-06 
-1.45071e-05 
-9.9702e-06 
-1.42951e-05 
-9.9702e-06 
-1.40851e-05 
-9.9702e-06 
-1.38773e-05 
-9.9702e-06 
-1.36716e-05 
-9.9702e-06 
-1.34682e-05 
-9.9702e-06 
-1.3267e-05 
-9.9702e-06 
-1.30683e-05 
-9.9702e-06 
-1.2872e-05 
-9.9702e-06 
-1.26782e-05 
-9.9702e-06 
-1.2487e-05 
-9.9702e-06 
-1.22984e-05 
-9.9702e-06 
-1.21126e-05 
-9.9702e-06 
-1.19294e-05 
-9.9702e-06 
-1.17491e-05 
-9.9702e-06 
-1.15717e-05 
-9.9702e-06 
-1.13973e-05 
-9.9702e-06 
-1.12258e-05 
-9.9702e-06 
-1.10574e-05 
-9.9702e-06 
-1.08922e-05 
-9.9702e-06 
-1.07301e-05 
-9.9702e-06 
-1.05712e-05 
-9.9702e-06 
-1.04157e-05 
-9.9702e-06 
-1.02635e-05 
-9.9702e-06 
-1.01148e-05 
-9.9702e-06 
-9.96947e-06 
-9.97088e-06 
-9.82907e-06 
-9.58628e-06 
-9.02442e-06 
-8.22402e-06 
-6.97043e-06 
-5.34443e-06 
-3.1348e-06 
-4.22638e-07 
2.99986e-06 
7.05118e-06 
1.19358e-05 
9.81551e-06 
1.05767e-05 
9.9702e-06 
1.08302e-05 
9.9702e-06 
1.10009e-05 
9.9702e-06 
1.11118e-05 
9.9702e-06 
1.1218e-05 
9.9702e-06 
1.132e-05 
9.9702e-06 
1.14178e-05 
9.9702e-06 
1.15112e-05 
9.9702e-06 
1.16003e-05 
9.9702e-06 
1.16849e-05 
9.9702e-06 
1.1765e-05 
9.9702e-06 
1.18406e-05 
9.9702e-06 
1.19116e-05 
9.9702e-06 
1.1978e-05 
9.9702e-06 
1.20397e-05 
9.9702e-06 
1.20967e-05 
9.9702e-06 
1.21488e-05 
9.9702e-06 
1.21952e-05 
9.9702e-06 
1.22367e-05 
9.9702e-06 
1.22734e-05 
9.9702e-06 
1.23052e-05 
9.9702e-06 
1.2332e-05 
9.9702e-06 
1.23538e-05 
9.9702e-06 
1.23706e-05 
9.9702e-06 
1.23823e-05 
9.9702e-06 
1.23889e-05 
9.9702e-06 
1.23903e-05 
9.9702e-06 
1.23866e-05 
9.9702e-06 
1.23775e-05 
9.9702e-06 
1.23632e-05 
9.9702e-06 
1.23435e-05 
9.9702e-06 
1.23184e-05 
9.9702e-06 
1.22879e-05 
9.9702e-06 
1.2252e-05 
9.9702e-06 
1.22105e-05 
9.9702e-06 
1.21636e-05 
9.9702e-06 
1.2111e-05 
9.9702e-06 
1.20529e-05 
9.9702e-06 
1.19892e-05 
9.9702e-06 
1.19197e-05 
9.9702e-06 
1.18446e-05 
9.9702e-06 
1.17638e-05 
9.9702e-06 
1.16772e-05 
9.9702e-06 
1.15848e-05 
9.9702e-06 
1.14857e-05 
9.9702e-06 
1.13805e-05 
9.9702e-06 
1.12694e-05 
9.9702e-06 
1.11523e-05 
9.9702e-06 
1.10293e-05 
9.9702e-06 
1.09003e-05 
9.9702e-06 
1.07653e-05 
9.9702e-06 
1.06243e-05 
9.9702e-06 
1.04772e-05 
9.9702e-06 
1.03241e-05 
9.9702e-06 
1.0165e-05 
9.9702e-06 
9.99982e-06 
1.00905e-05 
9.8296e-06 
9.59023e-06 
9.05197e-06 
8.24002e-06 
6.94726e-06 
5.19817e-06 
2.78164e-06 
-2.80711e-07 
-4.20305e-06 
-8.96665e-06 
-1.47887e-05 
-9.9702e-06 
-1.12123e-05 
-9.9702e-06 
-1.14166e-05 
-9.9702e-06 
-1.16334e-05 
-9.9702e-06 
-1.1856e-05 
-9.9702e-06 
-1.20845e-05 
-9.9702e-06 
-1.23188e-05 
-9.9702e-06 
-1.25589e-05 
-9.9702e-06 
-1.28047e-05 
-9.9702e-06 
-1.30563e-05 
-9.9702e-06 
-1.33136e-05 
-9.9702e-06 
-1.35765e-05 
-9.9702e-06 
-1.3845e-05 
-9.9702e-06 
-1.4119e-05 
-9.9702e-06 
-1.43986e-05 
-9.9702e-06 
-1.46835e-05 
-9.9702e-06 
-1.49738e-05 
-9.9702e-06 
-1.52694e-05 
-9.9702e-06 
-1.55703e-05 
-9.9702e-06 
-1.58763e-05 
-9.9702e-06 
-1.61874e-05 
-9.9702e-06 
-1.65035e-05 
-9.9702e-06 
-1.68245e-05 
-9.9702e-06 
-1.71503e-05 
-9.9702e-06 
-1.74808e-05 
-9.9702e-06 
-1.7816e-05 
-9.9702e-06 
-1.81557e-05 
-9.9702e-06 
-1.84999e-05 
-9.9702e-06 
-1.88483e-05 
-9.9702e-06 
-1.9201e-05 
-9.9702e-06 
-1.95577e-05 
-9.9702e-06 
-1.99184e-05 
-9.9702e-06 
-2.0283e-05 
-9.9702e-06 
-2.06512e-05 
-9.9702e-06 
-2.1023e-05 
-9.9702e-06 
-2.13983e-05 
-9.9702e-06 
-2.17768e-05 
-9.9702e-06 
-2.21585e-05 
-9.9702e-06 
-2.25432e-05 
-9.9702e-06 
-2.29307e-05 
-9.9702e-06 
-2.33209e-05 
-9.9702e-06 
-2.37136e-05 
-9.9702e-06 
-2.41087e-05 
-9.9702e-06 
-2.45059e-05 
-9.9702e-06 
-2.49052e-05 
-9.9702e-06 
-2.53063e-05 
-9.9702e-06 
-2.5709e-05 
-9.9702e-06 
-2.61132e-05 
-9.9702e-06 
-2.65187e-05 
-9.9702e-06 
-2.69253e-05 
-9.9702e-06 
-2.73329e-05 
-9.9702e-06 
-2.77411e-05 
-9.9702e-06 
-2.81498e-05 
-9.9702e-06 
-2.85589e-05 
-9.9702e-06 
-2.8968e-05 
-9.9702e-06 
-2.93771e-05 
-9.9702e-06 
-2.97859e-05 
-9.9702e-06 
-3.01941e-05 
-9.9702e-06 
-3.06017e-05 
-9.9702e-06 
-3.10083e-05 
-9.9702e-06 
-3.14137e-05 
-9.9702e-06 
-3.18178e-05 
-9.9702e-06 
-3.22204e-05 
-9.9702e-06 
-3.26211e-05 
-9.9702e-06 
-3.30198e-05 
-9.9702e-06 
-3.34163e-05 
-9.9702e-06 
-3.38104e-05 
-9.9702e-06 
-3.42017e-05 
-9.9702e-06 
-3.45903e-05 
-9.9702e-06 
-3.49757e-05 
-9.9702e-06 
-3.53578e-05 
-9.9702e-06 
-3.57363e-05 
-9.9702e-06 
-3.61111e-05 
-9.9702e-06 
-3.6482e-05 
-9.9702e-06 
-3.68486e-05 
-9.9702e-06 
-3.72109e-05 
-9.9702e-06 
-3.75686e-05 
-9.9702e-06 
-3.79215e-05 
-9.9702e-06 
-3.82694e-05 
-9.9702e-06 
-3.86121e-05 
-9.9702e-06 
-3.89494e-05 
-9.9702e-06 
-3.9281e-05 
-9.9702e-06 
-3.96069e-05 
-9.9702e-06 
-3.99268e-05 
-9.9702e-06 
-4.02405e-05 
-9.9702e-06 
-4.05478e-05 
-9.9702e-06 
-4.08486e-05 
-9.9702e-06 
-4.11427e-05 
-9.9702e-06 
-4.14299e-05 
-9.9702e-06 
-4.17101e-05 
-9.9702e-06 
-4.1983e-05 
-9.9702e-06 
-4.22486e-05 
-9.9702e-06 
-4.25067e-05 
-9.9702e-06 
-4.27571e-05 
-9.9702e-06 
-4.29997e-05 
-9.9702e-06 
-4.32344e-05 
-9.9702e-06 
-4.3461e-05 
-9.9702e-06 
-4.36794e-05 
-9.9702e-06 
-4.38896e-05 
-9.9702e-06 
-4.40912e-05 
-9.9702e-06 
-4.42844e-05 
-9.9702e-06 
-4.4469e-05 
-9.9702e-06 
-4.46448e-05 
-9.9702e-06 
-4.48118e-05 
-9.9702e-06 
-4.497e-05 
-9.9702e-06 
-4.51192e-05 
-9.9702e-06 
-4.52594e-05 
-9.9702e-06 
-4.53905e-05 
-9.9702e-06 
-4.55124e-05 
-9.9702e-06 
-4.56252e-05 
-9.9702e-06 
-4.57288e-05 
-9.9702e-06 
-4.58231e-05 
-9.9702e-06 
-4.59081e-05 
-9.9702e-06 
-4.59839e-05 
-9.9702e-06 
-4.60503e-05 
-9.9702e-06 
-4.61074e-05 
-9.9702e-06 
-4.61553e-05 
-9.9702e-06 
-4.61938e-05 
-9.9702e-06 
-4.6223e-05 
-9.9702e-06 
-4.6243e-05 
-9.9702e-06 
-4.62537e-05 
-9.9702e-06 
-4.62552e-05 
-9.9702e-06 
-4.62476e-05 
-9.9702e-06 
-4.62308e-05 
-9.9702e-06 
-4.6205e-05 
-9.9702e-06 
-4.61702e-05 
-9.9702e-06 
-4.61264e-05 
-9.9702e-06 
-4.60738e-05 
-9.9702e-06 
-4.60124e-05 
-9.9702e-06 
-4.59423e-05 
-9.9702e-06 
-4.58636e-05 
-9.9702e-06 
-4.57764e-05 
-9.9702e-06 
-4.56808e-05 
-9.9702e-06 
-4.55768e-05 
-9.9702e-06 
-4.54647e-05 
-9.9702e-06 
-4.53445e-05 
-9.9702e-06 
-4.52163e-05 
-9.9702e-06 
-4.50802e-05 
-9.9702e-06 
-4.49364e-05 
-9.9702e-06 
-4.47851e-05 
-9.9702e-06 
-4.46263e-05 
-9.9702e-06 
-4.44602e-05 
-9.9702e-06 
-4.42869e-05 
-9.9702e-06 
-4.41066e-05 
-9.9702e-06 
-4.39194e-05 
-9.9702e-06 
-4.37255e-05 
-9.9702e-06 
-4.35251e-05 
-9.9702e-06 
-4.33183e-05 
-9.9702e-06 
-4.31052e-05 
-9.9702e-06 
-4.2886e-05 
-9.9702e-06 
-4.2661e-05 
-9.9702e-06 
-4.24302e-05 
-9.9702e-06 
-4.21938e-05 
-9.9702e-06 
-4.1952e-05 
-9.9702e-06 
-4.1705e-05 
-9.9702e-06 
-4.1453e-05 
-9.9702e-06 
-4.1196e-05 
-9.9702e-06 
-4.09344e-05 
-9.9702e-06 
-4.06682e-05 
-9.9702e-06 
-4.03977e-05 
-9.9702e-06 
-4.0123e-05 
-9.9702e-06 
-3.98444e-05 
-9.9702e-06 
-3.95619e-05 
-9.9702e-06 
-3.92757e-05 
-9.9702e-06 
-3.89861e-05 
-9.9702e-06 
-3.86932e-05 
-9.9702e-06 
-3.83972e-05 
-9.9702e-06 
-3.80983e-05 
-9.9702e-06 
-3.77966e-05 
-9.9702e-06 
-3.74923e-05 
-9.9702e-06 
-3.71856e-05 
-9.9702e-06 
-3.68767e-05 
-9.9702e-06 
-3.65657e-05 
-9.9702e-06 
-3.62528e-05 
-9.9702e-06 
-3.59381e-05 
-9.9702e-06 
-3.56219e-05 
-9.9702e-06 
-3.53043e-05 
-9.9702e-06 
-3.49854e-05 
-9.9702e-06 
-3.46655e-05 
-9.9702e-06 
-3.43446e-05 
-9.9702e-06 
-3.4023e-05 
-9.9702e-06 
-3.37007e-05 
-9.9702e-06 
-3.3378e-05 
-9.9702e-06 
-3.30549e-05 
-9.9702e-06 
-3.27317e-05 
-9.9702e-06 
-3.24084e-05 
-9.9702e-06 
-3.20853e-05 
-9.9702e-06 
-3.17624e-05 
-9.9702e-06 
-3.14399e-05 
-9.9702e-06 
-3.11179e-05 
-9.9702e-06 
-3.07966e-05 
-9.9702e-06 
-3.0476e-05 
-9.9702e-06 
-3.01564e-05 
-9.9702e-06 
-2.98377e-05 
-9.9702e-06 
-2.95203e-05 
-9.9702e-06 
-2.92041e-05 
-9.9702e-06 
-2.88892e-05 
-9.9702e-06 
-2.85759e-05 
-9.9702e-06 
-2.82641e-05 
-9.9702e-06 
-2.79541e-05 
-9.9702e-06 
-2.76459e-05 
-9.9702e-06 
-2.73395e-05 
-9.9702e-06 
-2.70352e-05 
-9.9702e-06 
-2.6733e-05 
-9.9702e-06 
-2.64329e-05 
-9.9702e-06 
-2.61352e-05 
-9.9702e-06 
-2.58398e-05 
-9.9702e-06 
-2.55468e-05 
-9.9702e-06 
-2.52564e-05 
-9.9702e-06 
-2.49686e-05 
-9.9702e-06 
-2.46835e-05 
-9.9702e-06 
-2.44011e-05 
-9.9702e-06 
-2.41216e-05 
-9.9702e-06 
-2.38449e-05 
-9.9702e-06 
-2.35712e-05 
-9.9702e-06 
-2.33006e-05 
-9.9702e-06 
-2.3033e-05 
-9.9702e-06 
-2.27686e-05 
-9.9702e-06 
-2.25073e-05 
-9.9702e-06 
-2.22494e-05 
-9.9702e-06 
-2.19947e-05 
-9.9702e-06 
-2.17434e-05 
-9.9702e-06 
-2.14955e-05 
-9.9702e-06 
-2.1251e-05 
-9.9702e-06 
-2.10101e-05 
-9.9702e-06 
-2.07727e-05 
-9.9702e-06 
-2.05388e-05 
-9.9702e-06 
-2.03086e-05 
-9.9702e-06 
-2.0082e-05 
-9.9702e-06 
-1.98592e-05 
-9.9702e-06 
-1.964e-05 
-9.9702e-06 
-1.94246e-05 
-9.9702e-06 
-1.9213e-05 
-9.9702e-06 
-1.90052e-05 
-9.9702e-06 
-1.88013e-05 
-9.9702e-06 
-1.86012e-05 
-9.9702e-06 
-1.8405e-05 
-9.9702e-06 
-1.82127e-05 
-9.9702e-06 
-1.80244e-05 
-9.9702e-06 
-1.784e-05 
-9.9702e-06 
-1.76596e-05 
-9.9702e-06 
-1.74832e-05 
-9.9702e-06 
-1.73108e-05 
-9.9702e-06 
-1.71425e-05 
-9.9702e-06 
-1.69782e-05 
-9.9702e-06 
-1.6818e-05 
-9.9702e-06 
-1.66618e-05 
-9.9702e-06 
-1.65098e-05 
-9.9702e-06 
-1.63618e-05 
-9.9702e-06 
-1.6218e-05 
-9.9702e-06 
-1.60782e-05 
-9.9702e-06 
-1.59427e-05 
-9.9702e-06 
-1.58112e-05 
-9.9702e-06 
-1.5684e-05 
-9.9702e-06 
-1.55608e-05 
-9.9702e-06 
-1.54419e-05 
-9.9702e-06 
-1.53271e-05 
-9.9702e-06 
-1.52165e-05 
-9.9702e-06 
-1.51101e-05 
-9.9702e-06 
-1.50079e-05 
-9.9702e-06 
-1.49098e-05 
-9.9702e-06 
-1.4816e-05 
-9.9702e-06 
-1.47264e-05 
-9.9702e-06 
-1.4641e-05 
-9.9702e-06 
-1.45598e-05 
-9.9702e-06 
-1.44827e-05 
-9.9702e-06 
-1.44099e-05 
-9.9702e-06 
-1.43413e-05 
-9.9702e-06 
-1.4277e-05 
-9.9702e-06 
-1.42168e-05 
-9.9702e-06 
-1.41608e-05 
-9.9702e-06 
-1.4109e-05 
-9.9702e-06 
-1.40615e-05 
-9.9702e-06 
-1.40181e-05 
-9.9702e-06 
-1.39789e-05 
-9.9702e-06 
-1.3944e-05 
-9.9702e-06 
-1.39132e-05 
-9.9702e-06 
-1.38866e-05 
-9.9702e-06 
-1.38641e-05 
-9.9702e-06 
-1.38459e-05 
-9.9702e-06 
-1.38318e-05 
-9.9702e-06 
-1.38219e-05 
-9.9702e-06 
-1.38161e-05 
-9.9702e-06 
-1.38145e-05 
-9.9702e-06 
-1.3817e-05 
-9.9702e-06 
-1.38236e-05 
-9.9702e-06 
-1.38344e-05 
-9.9702e-06 
-1.38493e-05 
-9.9702e-06 
-1.38682e-05 
-9.9702e-06 
-1.38912e-05 
-9.9702e-06 
-1.39183e-05 
-9.9702e-06 
-1.39495e-05 
-9.9702e-06 
-1.39847e-05 
-9.9702e-06 
-1.40239e-05 
-9.9702e-06 
-1.40671e-05 
-9.9702e-06 
-1.41144e-05 
-9.9702e-06 
-1.41656e-05 
-9.9702e-06 
-1.42207e-05 
-9.9702e-06 
-1.42798e-05 
-9.9702e-06 
-1.43428e-05 
-9.9702e-06 
-1.44098e-05 
-9.9702e-06 
-1.44805e-05 
-9.9702e-06 
-1.45552e-05 
-9.9702e-06 
-1.46336e-05 
-9.9702e-06 
-1.47159e-05 
-9.9702e-06 
-1.4802e-05 
-9.9702e-06 
-1.48917e-05 
-9.9702e-06 
-1.49853e-05 
-9.9702e-06 
-1.50825e-05 
-9.9702e-06 
-1.51833e-05 
-9.9702e-06 
-1.52878e-05 
-9.9702e-06 
-1.53959e-05 
-9.9702e-06 
-1.55076e-05 
-9.9702e-06 
-1.56228e-05 
-9.9702e-06 
-1.57415e-05 
-9.9702e-06 
-1.58636e-05 
-9.9702e-06 
-1.59892e-05 
-9.9702e-06 
-1.61181e-05 
-9.9702e-06 
-1.62504e-05 
-9.9702e-06 
-1.6386e-05 
-9.9702e-06 
-1.65248e-05 
-9.9702e-06 
-1.66668e-05 
-9.9702e-06 
-1.6812e-05 
-9.9702e-06 
-1.69604e-05 
-9.9702e-06 
-1.71118e-05 
-9.9702e-06 
-1.72662e-05 
-9.9702e-06 
-1.74235e-05 
-9.9702e-06 
-1.75838e-05 
-9.9702e-06 
-1.7747e-05 
-9.9702e-06 
-1.79129e-05 
-9.9702e-06 
-1.80817e-05 
-9.9702e-06 
-1.82531e-05 
-9.9702e-06 
-1.84271e-05 
-9.9702e-06 
-1.86037e-05 
-9.9702e-06 
-1.87829e-05 
-9.9702e-06 
-1.89644e-05 
-9.9702e-06 
-1.91484e-05 
-9.9702e-06 
-1.93347e-05 
-9.9702e-06 
-1.95233e-05 
-9.9702e-06 
-1.9714e-05 
-9.9702e-06 
-1.99069e-05 
-9.9702e-06 
-2.01018e-05 
-9.9702e-06 
-2.02987e-05 
-9.9702e-06 
-2.04975e-05 
-9.9702e-06 
-2.06981e-05 
-9.9702e-06 
-2.09005e-05 
-9.9702e-06 
-2.11046e-05 
-9.9702e-06 
-2.13103e-05 
-9.9702e-06 
-2.15175e-05 
-9.9702e-06 
-2.17261e-05 
-9.9702e-06 
-2.19361e-05 
-9.9702e-06 
-2.21474e-05 
-9.9702e-06 
-2.23599e-05 
-9.9702e-06 
-2.25735e-05 
-9.9702e-06 
-2.27882e-05 
-9.9702e-06 
-2.30038e-05 
-9.9702e-06 
-2.32202e-05 
-9.9702e-06 
-2.34374e-05 
-9.9702e-06 
-2.36553e-05 
-9.9702e-06 
-2.38738e-05 
-9.9702e-06 
-2.40928e-05 
-9.9702e-06 
-2.43122e-05 
-9.9702e-06 
-2.4532e-05 
-9.9702e-06 
-2.47519e-05 
-9.9702e-06 
-2.4972e-05 
-9.9702e-06 
-2.51921e-05 
-9.9702e-06 
-2.54122e-05 
-9.9702e-06 
-2.56322e-05 
-9.9702e-06 
-2.58518e-05 
-9.9702e-06 
-2.60712e-05 
-9.9702e-06 
-2.62901e-05 
-9.9702e-06 
-2.65085e-05 
-9.9702e-06 
-2.67262e-05 
-9.9702e-06 
-2.69433e-05 
-9.9702e-06 
-2.71595e-05 
-9.9702e-06 
-2.73748e-05 
-9.9702e-06 
-2.7589e-05 
-9.9702e-06 
-2.78022e-05 
-9.9702e-06 
-2.80141e-05 
-9.9702e-06 
-2.82248e-05 
-9.9702e-06 
-2.8434e-05 
-9.9702e-06 
-2.86417e-05 
-9.9702e-06 
-2.88478e-05 
-9.9702e-06 
-2.90523e-05 
-9.9702e-06 
-2.92549e-05 
-9.9702e-06 
-2.94556e-05 
-9.9702e-06 
-2.96544e-05 
-9.9702e-06 
-2.98511e-05 
-9.9702e-06 
-3.00456e-05 
-9.9702e-06 
-3.02379e-05 
-9.9702e-06 
-3.04278e-05 
-9.9702e-06 
-3.06152e-05 
-9.9702e-06 
-3.08001e-05 
-9.9702e-06 
-3.09824e-05 
-9.9702e-06 
-3.1162e-05 
-9.9702e-06 
-3.13387e-05 
-9.9702e-06 
-3.15126e-05 
-9.9702e-06 
-3.16835e-05 
-9.9702e-06 
-3.18513e-05 
-9.9702e-06 
-3.20161e-05 
-9.9702e-06 
-3.21775e-05 
-9.9702e-06 
-3.23357e-05 
-9.9702e-06 
-3.24905e-05 
-9.9702e-06 
-3.26419e-05 
-9.9702e-06 
-3.27897e-05 
-9.9702e-06 
-3.29339e-05 
-9.9702e-06 
-3.30744e-05 
-9.9702e-06 
-3.32112e-05 
-9.9702e-06 
-3.33442e-05 
-9.9702e-06 
-3.34733e-05 
-9.9702e-06 
-3.35985e-05 
-9.9702e-06 
-3.37196e-05 
-9.9702e-06 
-3.38367e-05 
-9.9702e-06 
-3.39497e-05 
-9.9702e-06 
-3.40586e-05 
-9.9702e-06 
-3.41632e-05 
-9.9702e-06 
-3.42635e-05 
-9.9702e-06 
-3.43595e-05 
-9.9702e-06 
-3.44512e-05 
-9.9702e-06 
-3.45384e-05 
-9.9702e-06 
-3.46212e-05 
-9.9702e-06 
-3.46995e-05 
-9.9702e-06 
-3.47733e-05 
-9.9702e-06 
-3.48426e-05 
-9.9702e-06 
-3.49072e-05 
-9.9702e-06 
-3.49673e-05 
-9.9702e-06 
-3.50227e-05 
-9.9702e-06 
-3.50735e-05 
-9.9702e-06 
-3.51196e-05 
-9.9702e-06 
-3.51611e-05 
-9.9702e-06 
-3.51978e-05 
-9.9702e-06 
-3.52298e-05 
-9.9702e-06 
-3.52572e-05 
-9.9702e-06 
-3.52798e-05 
-9.9702e-06 
-3.52977e-05 
-9.9702e-06 
-3.53109e-05 
-9.9702e-06 
-3.53193e-05 
-9.9702e-06 
-3.53231e-05 
-9.9702e-06 
-3.53222e-05 
-9.9702e-06 
-3.53166e-05 
-9.9702e-06 
-3.53064e-05 
-9.9702e-06 
-3.52915e-05 
-9.9702e-06 
-3.5272e-05 
-9.9702e-06 
-3.52479e-05 
-9.9702e-06 
-3.52193e-05 
-9.9702e-06 
-3.51861e-05 
-9.9702e-06 
-3.51485e-05 
-9.9702e-06 
-3.51063e-05 
-9.9702e-06 
-3.50598e-05 
-9.9702e-06 
-3.50089e-05 
-9.9702e-06 
-3.49537e-05 
-9.9702e-06 
-3.48941e-05 
-9.9702e-06 
-3.48304e-05 
-9.9702e-06 
-3.47625e-05 
-9.9702e-06 
-3.46904e-05 
-9.9702e-06 
-3.46143e-05 
-9.9702e-06 
-3.45342e-05 
-9.9702e-06 
-3.44501e-05 
-9.9702e-06 
-3.43622e-05 
-9.9702e-06 
-3.42705e-05 
-9.9702e-06 
-3.4175e-05 
-9.9702e-06 
-3.40758e-05 
-9.9702e-06 
-3.39731e-05 
-9.9702e-06 
-3.38668e-05 
-9.9702e-06 
-3.37571e-05 
-9.9702e-06 
-3.36441e-05 
-9.9702e-06 
-3.35277e-05 
-9.9702e-06 
-3.34082e-05 
-9.9702e-06 
-3.32855e-05 
-9.9702e-06 
-3.31598e-05 
-9.9702e-06 
-3.30312e-05 
-9.9702e-06 
-3.28997e-05 
-9.9702e-06 
-3.27655e-05 
-9.9702e-06 
-3.26286e-05 
-9.9702e-06 
-3.24891e-05 
-9.9702e-06 
-3.23471e-05 
-9.9702e-06 
-3.22027e-05 
-9.9702e-06 
-3.2056e-05 
-9.9702e-06 
-3.19071e-05 
-9.9702e-06 
-3.17561e-05 
-9.9702e-06 
-3.16031e-05 
-9.9702e-06 
-3.14482e-05 
-9.9702e-06 
-3.12914e-05 
-9.9702e-06 
-3.11329e-05 
-9.9702e-06 
-3.09728e-05 
-9.9702e-06 
-3.08112e-05 
-9.9702e-06 
-3.06481e-05 
-9.9702e-06 
-3.04837e-05 
-9.9702e-06 
-3.03181e-05 
-9.9702e-06 
-3.01513e-05 
-9.9702e-06 
-2.99835e-05 
-9.9702e-06 
-2.98147e-05 
-9.9702e-06 
-2.9645e-05 
-9.9702e-06 
-2.94746e-05 
-9.9702e-06 
-2.93036e-05 
-9.9702e-06 
-2.91319e-05 
-9.9702e-06 
-2.89598e-05 
-9.9702e-06 
-2.87873e-05 
-9.9702e-06 
-2.86145e-05 
-9.9702e-06 
-2.84415e-05 
-9.9702e-06 
-2.82683e-05 
-9.9702e-06 
-2.80951e-05 
-9.9702e-06 
-2.7922e-05 
-9.9702e-06 
-2.7749e-05 
-9.9702e-06 
-2.75762e-05 
-9.9702e-06 
-2.74037e-05 
-9.9702e-06 
-2.72315e-05 
-9.9702e-06 
-2.70599e-05 
-9.9702e-06 
-2.68887e-05 
-9.9702e-06 
-2.67182e-05 
-9.9702e-06 
-2.65483e-05 
-9.9702e-06 
-2.63792e-05 
-9.9702e-06 
-2.62109e-05 
-9.9702e-06 
-2.60435e-05 
-9.9702e-06 
-2.58771e-05 
-9.9702e-06 
-2.57116e-05 
-9.9702e-06 
-2.55473e-05 
-9.9702e-06 
-2.5384e-05 
-9.9702e-06 
-2.5222e-05 
-9.9702e-06 
-2.50613e-05 
-9.9702e-06 
-2.49018e-05 
-9.9702e-06 
-2.47437e-05 
-9.9702e-06 
-2.4587e-05 
-9.9702e-06 
-2.44318e-05 
-9.9702e-06 
-2.42781e-05 
-9.9702e-06 
-2.4126e-05 
-9.9702e-06 
-2.39754e-05 
-9.9702e-06 
-2.38265e-05 
-9.9702e-06 
-2.36793e-05 
-9.9702e-06 
-2.35338e-05 
-9.9702e-06 
-2.33901e-05 
-9.9702e-06 
-2.32481e-05 
-9.9702e-06 
-2.3108e-05 
-9.9702e-06 
-2.29697e-05 
-9.9702e-06 
-2.28333e-05 
-9.9702e-06 
-2.26988e-05 
-9.9702e-06 
-2.25662e-05 
-9.9702e-06 
-2.24356e-05 
-9.9702e-06 
-2.2307e-05 
-9.9702e-06 
-2.21804e-05 
-9.9702e-06 
-2.20558e-05 
-9.9702e-06 
-2.19332e-05 
-9.9702e-06 
-2.18127e-05 
-9.9702e-06 
-2.16942e-05 
-9.9702e-06 
-2.15779e-05 
-9.9702e-06 
-2.14636e-05 
-9.9702e-06 
-2.13515e-05 
-9.9702e-06 
-2.12414e-05 
-9.9702e-06 
-2.11335e-05 
-9.9702e-06 
-2.10277e-05 
-9.9702e-06 
-2.09241e-05 
-9.9702e-06 
-2.08226e-05 
-9.9702e-06 
-2.07232e-05 
-9.9702e-06 
-2.0626e-05 
-9.9702e-06 
-2.0531e-05 
-9.9702e-06 
-2.04381e-05 
-9.9702e-06 
-2.03473e-05 
-9.9702e-06 
-2.02588e-05 
-9.9702e-06 
-2.01724e-05 
-9.9702e-06 
-2.00881e-05 
-9.9702e-06 
-2.0006e-05 
-9.9702e-06 
-1.9926e-05 
-9.9702e-06 
-1.98482e-05 
-9.9702e-06 
-1.97726e-05 
-9.9702e-06 
-1.96991e-05 
-9.9702e-06 
-1.96277e-05 
-9.9702e-06 
-1.95585e-05 
-9.9702e-06 
-1.94914e-05 
-9.9702e-06 
-1.94264e-05 
-9.9702e-06 
-1.93635e-05 
-9.9702e-06 
-1.93028e-05 
-9.9702e-06 
-1.92442e-05 
-9.9702e-06 
-1.91877e-05 
-9.9702e-06 
-1.91332e-05 
-9.9702e-06 
-1.90809e-05 
-9.9702e-06 
-1.90307e-05 
-9.9702e-06 
-1.89825e-05 
-9.9702e-06 
-1.89364e-05 
-9.9702e-06 
-1.88924e-05 
-9.9702e-06 
-1.88505e-05 
-9.9702e-06 
-1.88106e-05 
-9.9702e-06 
-1.87728e-05 
-9.9702e-06 
-1.87371e-05 
-9.9702e-06 
-1.87033e-05 
-9.9702e-06 
-1.86717e-05 
-9.9702e-06 
-1.8642e-05 
-9.9702e-06 
-1.86144e-05 
-9.9702e-06 
-1.85889e-05 
-9.9702e-06 
-1.85653e-05 
-9.9702e-06 
-1.85438e-05 
-9.9702e-06 
-1.85243e-05 
-9.9702e-06 
-1.85068e-05 
-9.9702e-06 
-1.84913e-05 
-9.9702e-06 
-1.84778e-05 
-9.9702e-06 
-1.84664e-05 
-9.9702e-06 
-1.84569e-05 
-9.9702e-06 
-1.84495e-05 
-9.9702e-06 
-1.8444e-05 
-9.9702e-06 
-1.84405e-05 
-9.9702e-06 
-1.8439e-05 
-9.9702e-06 
-1.84396e-05 
-9.9702e-06 
-1.84421e-05 
-9.9702e-06 
-1.84466e-05 
-9.9702e-06 
-1.84531e-05 
-9.9702e-06 
-1.84615e-05 
-9.9702e-06 
-1.8472e-05 
-9.9702e-06 
-1.84844e-05 
-9.9702e-06 
-1.84988e-05 
-9.9702e-06 
-1.85153e-05 
-9.9702e-06 
-1.85336e-05 
-9.9702e-06 
-1.8554e-05 
-9.9702e-06 
-1.85763e-05 
-9.9702e-06 
-1.86007e-05 
-9.9702e-06 
-1.86269e-05 
-9.9702e-06 
-1.86552e-05 
-9.9702e-06 
-1.86854e-05 
-9.9702e-06 
-1.87176e-05 
-9.9702e-06 
-1.87518e-05 
-9.9702e-06 
-1.87879e-05 
-9.9702e-06 
-1.8826e-05 
-9.9702e-06 
-1.8866e-05 
-9.9702e-06 
-1.8908e-05 
-9.9702e-06 
-1.8952e-05 
-9.9702e-06 
-1.89978e-05 
-9.9702e-06 
-1.90457e-05 
-9.9702e-06 
-1.90954e-05 
-9.9702e-06 
-1.91471e-05 
-9.9702e-06 
-1.92007e-05 
-9.9702e-06 
-1.92562e-05 
-9.9702e-06 
-1.93136e-05 
-9.9702e-06 
-1.93729e-05 
-9.9702e-06 
-1.9434e-05 
-9.9702e-06 
-1.94971e-05 
-9.9702e-06 
-1.9562e-05 
-9.9702e-06 
-1.96287e-05 
-9.9702e-06 
-1.96973e-05 
-9.9702e-06 
-1.97678e-05 
-9.9702e-06 
-1.984e-05 
-9.9702e-06 
-1.9914e-05 
-9.9702e-06 
-1.99898e-05 
-9.9702e-06 
-2.00674e-05 
-9.9702e-06 
-2.01466e-05 
-9.9702e-06 
-2.02277e-05 
-9.9702e-06 
-2.03104e-05 
-9.9702e-06 
-2.03948e-05 
-9.9702e-06 
-2.04808e-05 
-9.9702e-06 
-2.05685e-05 
-9.9702e-06 
-2.06578e-05 
-9.9702e-06 
-2.07486e-05 
-9.9702e-06 
-2.0841e-05 
-9.9702e-06 
-2.09349e-05 
-9.9702e-06 
-2.10304e-05 
-9.9702e-06 
-2.11272e-05 
-9.9702e-06 
-2.12255e-05 
-9.9702e-06 
-2.13252e-05 
-9.9702e-06 
-2.14263e-05 
-9.9702e-06 
-2.15287e-05 
-9.9702e-06 
-2.16323e-05 
-9.9702e-06 
-2.17372e-05 
-9.9702e-06 
-2.18433e-05 
-9.9702e-06 
-2.19506e-05 
-9.9702e-06 
-2.20589e-05 
-9.9702e-06 
-2.21684e-05 
-9.9702e-06 
-2.22789e-05 
-9.9702e-06 
-2.23903e-05 
-9.9702e-06 
-2.25027e-05 
-9.9702e-06 
-2.26159e-05 
-9.9702e-06 
-2.273e-05 
-9.9702e-06 
-2.28449e-05 
-9.9702e-06 
-2.29604e-05 
-9.9702e-06 
-2.30767e-05 
-9.9702e-06 
-2.31935e-05 
-9.9702e-06 
-2.33109e-05 
-9.9702e-06 
-2.34288e-05 
-9.9702e-06 
-2.35472e-05 
-9.9702e-06 
-2.36659e-05 
-9.9702e-06 
-2.37849e-05 
-9.9702e-06 
-2.39042e-05 
-9.9702e-06 
-2.40236e-05 
-9.9702e-06 
-2.41432e-05 
-9.9702e-06 
-2.42628e-05 
-9.9702e-06 
-2.43824e-05 
-9.9702e-06 
-2.45019e-05 
-9.9702e-06 
-2.46213e-05 
-9.9702e-06 
-2.47404e-05 
-9.9702e-06 
-2.48593e-05 
-9.9702e-06 
-2.49778e-05 
-9.9702e-06 
-2.50958e-05 
-9.9702e-06 
-2.52134e-05 
-9.9702e-06 
-2.53304e-05 
-9.9702e-06 
-2.54467e-05 
-9.9702e-06 
-2.55623e-05 
-9.9702e-06 
-2.56771e-05 
-9.9702e-06 
-2.5791e-05 
-9.9702e-06 
-2.5904e-05 
-9.9702e-06 
-2.60159e-05 
-9.9702e-06 
-2.61267e-05 
-9.9702e-06 
-2.62364e-05 
-9.9702e-06 
-2.63448e-05 
-9.9702e-06 
-2.64519e-05 
-9.9702e-06 
-2.65576e-05 
-9.9702e-06 
-2.66618e-05 
-9.9702e-06 
-2.67645e-05 
-9.9702e-06 
-2.68655e-05 
-9.9702e-06 
-2.69648e-05 
-9.9702e-06 
-2.70624e-05 
-9.9702e-06 
-2.71581e-05 
-9.9702e-06 
-2.72519e-05 
-9.9702e-06 
-2.73437e-05 
-9.9702e-06 
-2.74334e-05 
-9.9702e-06 
-2.7521e-05 
-9.9702e-06 
-2.76064e-05 
-9.9702e-06 
-2.76895e-05 
-9.9702e-06 
-2.77703e-05 
-9.9702e-06 
-2.78487e-05 
-9.9702e-06 
-2.79246e-05 
-9.9702e-06 
-2.79979e-05 
-9.9702e-06 
-2.80686e-05 
-9.9702e-06 
-2.81367e-05 
-9.9702e-06 
-2.8202e-05 
-9.9702e-06 
-2.82646e-05 
-9.9702e-06 
-2.83243e-05 
-9.9702e-06 
-2.83811e-05 
-9.9702e-06 
-2.84349e-05 
-9.9702e-06 
-2.84857e-05 
-9.9702e-06 
-2.85335e-05 
-9.9702e-06 
-2.85781e-05 
-9.9702e-06 
-2.86195e-05 
-9.9702e-06 
-2.86578e-05 
-9.9702e-06 
-2.86927e-05 
-9.9702e-06 
-2.87244e-05 
-9.9702e-06 
-2.87527e-05 
-9.9702e-06 
-2.87776e-05 
-9.9702e-06 
-2.87991e-05 
-9.9702e-06 
-2.88171e-05 
-9.9702e-06 
-2.88317e-05 
-9.9702e-06 
-2.88427e-05 
-9.9702e-06 
-2.88501e-05 
-9.9702e-06 
-2.88539e-05 
-9.9702e-06 
-2.88542e-05 
-9.9702e-06 
-2.88508e-05 
-9.9702e-06 
-2.88437e-05 
-9.9702e-06 
-2.88329e-05 
-9.9702e-06 
-2.88185e-05 
-9.9702e-06 
-2.88003e-05 
-9.9702e-06 
-2.87784e-05 
-9.9702e-06 
-2.87528e-05 
-9.9702e-06 
-2.87235e-05 
-9.9702e-06 
-2.86904e-05 
-9.9702e-06 
-2.86535e-05 
-9.9702e-06 
-2.86129e-05 
-9.9702e-06 
-2.85685e-05 
-9.9702e-06 
-2.85204e-05 
-9.9702e-06 
-2.84686e-05 
-9.9702e-06 
-2.8413e-05 
-9.9702e-06 
-2.83537e-05 
-9.9702e-06 
-2.82906e-05 
-9.9702e-06 
-2.82239e-05 
-9.9702e-06 
-2.81535e-05 
-9.9702e-06 
-2.80795e-05 
-9.9702e-06 
-2.80018e-05 
-9.9702e-06 
-2.79204e-05 
-9.9702e-06 
-2.78355e-05 
-9.9702e-06 
-2.7747e-05 
-9.9702e-06 
-2.7655e-05 
-9.9702e-06 
-2.75595e-05 
-9.9702e-06 
-2.74605e-05 
-9.9702e-06 
-2.73581e-05 
-9.9702e-06 
-2.72523e-05 
-9.9702e-06 
-2.71432e-05 
-9.9702e-06 
-2.70307e-05 
-9.9702e-06 
-2.69149e-05 
-9.9702e-06 
-2.6796e-05 
-9.9702e-06 
-2.66738e-05 
-9.9702e-06 
-2.65485e-05 
-9.9702e-06 
-2.64202e-05 
-9.9702e-06 
-2.62888e-05 
-9.9702e-06 
-2.61544e-05 
-9.9702e-06 
-2.60171e-05 
-9.9702e-06 
-2.5877e-05 
-9.9702e-06 
-2.5734e-05 
-9.9702e-06 
-2.55883e-05 
-9.9702e-06 
-2.54399e-05 
-9.9702e-06 
-2.52889e-05 
-9.9702e-06 
-2.51353e-05 
-9.9702e-06 
-2.49792e-05 
-9.9702e-06 
-2.48207e-05 
-9.9702e-06 
-2.46599e-05 
-9.9702e-06 
-2.44967e-05 
-9.9702e-06 
-2.43313e-05 
-9.9702e-06 
-2.41637e-05 
-9.9702e-06 
-2.39941e-05 
-9.9702e-06 
-2.38224e-05 
-9.9702e-06 
-2.36488e-05 
-9.9702e-06 
-2.34733e-05 
-9.9702e-06 
-2.3296e-05 
-9.9702e-06 
-2.31169e-05 
-9.9702e-06 
-2.29362e-05 
-9.9702e-06 
-2.2754e-05 
-9.9702e-06 
-2.25702e-05 
-9.9702e-06 
-2.2385e-05 
-9.9702e-06 
-2.21984e-05 
-9.9702e-06 
-2.20106e-05 
-9.9702e-06 
-2.18215e-05 
-9.9702e-06 
-2.16313e-05 
-9.9702e-06 
-2.14401e-05 
-9.9702e-06 
-2.12479e-05 
-9.9702e-06 
-2.10548e-05 
-9.9702e-06 
-2.08608e-05 
-9.9702e-06 
-2.06661e-05 
-9.9702e-06 
-2.04708e-05 
-9.9702e-06 
-2.02748e-05 
-9.9702e-06 
-2.00783e-05 
-9.9702e-06 
-1.98814e-05 
-9.9702e-06 
-1.96841e-05 
-9.9702e-06 
-1.94866e-05 
-9.9702e-06 
-1.92888e-05 
-9.9702e-06 
-1.90908e-05 
-9.9702e-06 
-1.88928e-05 
-9.9702e-06 
-1.86948e-05 
-9.9702e-06 
-1.84968e-05 
-9.9702e-06 
-1.82991e-05 
-9.9702e-06 
-1.81015e-05 
-9.9702e-06 
-1.79042e-05 
-9.9702e-06 
-1.77073e-05 
-9.9702e-06 
-1.75108e-05 
-9.9702e-06 
-1.73148e-05 
-9.9702e-06 
-1.71194e-05 
-9.9702e-06 
-1.69246e-05 
-9.9702e-06 
-1.67305e-05 
-9.9702e-06 
-1.65372e-05 
-9.9702e-06 
-1.63447e-05 
-9.9702e-06 
-1.61531e-05 
-9.9702e-06 
-1.59625e-05 
-9.9702e-06 
-1.57729e-05 
-9.9702e-06 
-1.55844e-05 
-9.9702e-06 
-1.53971e-05 
-9.9702e-06 
-1.5211e-05 
-9.9702e-06 
-1.50261e-05 
-9.9702e-06 
-1.48426e-05 
-9.9702e-06 
-1.46605e-05 
-9.9702e-06 
-1.44798e-05 
-9.9702e-06 
-1.43007e-05 
-9.9702e-06 
-1.41231e-05 
-9.9702e-06 
-1.39471e-05 
-9.9702e-06 
-1.37728e-05 
-9.9702e-06 
-1.36003e-05 
-9.9702e-06 
-1.34295e-05 
-9.9702e-06 
-1.32605e-05 
-9.9702e-06 
-1.30935e-05 
-9.9702e-06 
-1.29283e-05 
-9.9702e-06 
-1.27652e-05 
-9.9702e-06 
-1.26041e-05 
-9.9702e-06 
-1.2445e-05 
-9.9702e-06 
-1.22881e-05 
-9.9702e-06 
-1.21334e-05 
-9.9702e-06 
-1.19809e-05 
-9.9702e-06 
-1.18306e-05 
-9.9702e-06 
-1.16827e-05 
-9.9702e-06 
-1.15371e-05 
-9.9702e-06 
-1.13939e-05 
-9.9702e-06 
-1.12532e-05 
-9.9702e-06 
-1.11149e-05 
-9.9702e-06 
-1.09791e-05 
-9.9702e-06 
-1.08459e-05 
-9.9702e-06 
-1.07153e-05 
-9.9702e-06 
-1.05701e-05 
-9.9702e-06 
-1.04551e-05 
-9.9702e-06 
-1.03426e-05 
-9.9702e-06 
-1.02325e-05 
-9.9702e-06 
-1.01251e-05 
-9.9702e-06 
-1.00202e-05 
-9.9702e-06 
-9.91789e-06 
-9.76312e-06 
-9.45643e-06 
-8.94901e-06 
-8.19272e-06 
-7.14013e-06 
-5.74447e-06 
-3.95965e-06 
-1.7403e-06 
9.5829e-07 
4.1801e-06 
7.96844e-06 
1.23659e-05 
9.9702e-06 
1.06625e-05 
9.9702e-06 
1.07427e-05 
9.9702e-06 
1.08201e-05 
9.9702e-06 
1.08945e-05 
9.9702e-06 
1.09659e-05 
9.9702e-06 
1.10344e-05 
9.9702e-06 
1.10999e-05 
9.9702e-06 
1.11624e-05 
9.9702e-06 
1.12218e-05 
9.9702e-06 
1.12781e-05 
9.9702e-06 
1.13313e-05 
9.9702e-06 
1.13814e-05 
9.9702e-06 
1.14284e-05 
9.9702e-06 
1.14721e-05 
9.9702e-06 
1.15127e-05 
9.9702e-06 
1.155e-05 
9.9702e-06 
1.15841e-05 
9.9702e-06 
1.16149e-05 
9.9702e-06 
1.16423e-05 
9.9702e-06 
1.16665e-05 
9.9702e-06 
1.16873e-05 
9.9702e-06 
1.17048e-05 
9.9702e-06 
1.17188e-05 
9.9702e-06 
1.17295e-05 
9.9702e-06 
1.17367e-05 
9.9702e-06 
1.17404e-05 
9.9702e-06 
1.17407e-05 
9.9702e-06 
1.17375e-05 
9.9702e-06 
1.17307e-05 
9.9702e-06 
1.17204e-05 
9.9702e-06 
1.17065e-05 
9.9702e-06 
1.16891e-05 
9.9702e-06 
1.1668e-05 
9.9702e-06 
1.16433e-05 
9.9702e-06 
1.1615e-05 
9.9702e-06 
1.1583e-05 
9.9702e-06 
1.15473e-05 
9.9702e-06 
1.15079e-05 
9.9702e-06 
1.14648e-05 
9.9702e-06 
1.14179e-05 
9.9702e-06 
1.13673e-05 
9.9702e-06 
1.13128e-05 
9.9702e-06 
1.12546e-05 
9.9702e-06 
1.11926e-05 
9.9702e-06 
1.11267e-05 
9.9702e-06 
1.1057e-05 
9.9702e-06 
1.09834e-05 
9.9702e-06 
1.0906e-05 
9.9702e-06 
1.08246e-05 
9.9702e-06 
1.07393e-05 
9.9702e-06 
1.06501e-05 
9.9702e-06 
1.0557e-05 
9.9702e-06 
1.04599e-05 
9.9702e-06 
1.03588e-05 
9.9702e-06 
1.02538e-05 
9.9702e-06 
1.01448e-05 
9.9702e-06 
1.00317e-05 
9.9702e-06 
9.91469e-06 
9.74366e-06 
9.39608e-06 
8.80992e-06 
7.92214e-06 
6.6687e-06 
4.98456e-06 
2.80365e-06 
5.89088e-08 
-3.31774e-06 
-7.39537e-06 
-1.22441e-05 
-9.9702e-06 
-1.08847e-05 
-9.9702e-06 
-1.1032e-05 
-9.9702e-06 
-1.11834e-05 
-9.9702e-06 
-1.13388e-05 
-9.9702e-06 
-1.14982e-05 
-9.9702e-06 
-1.16617e-05 
-9.9702e-06 
-1.18293e-05 
-9.9702e-06 
-1.20009e-05 
-9.9702e-06 
-1.21765e-05 
-9.9702e-06 
-1.23561e-05 
-9.9702e-06 
-1.25398e-05 
-9.9702e-06 
-1.27274e-05 
-9.9702e-06 
-1.2919e-05 
-9.9702e-06 
-1.31146e-05 
-9.9702e-06 
-1.33142e-05 
-9.9702e-06 
-1.35176e-05 
-9.9702e-06 
-1.3725e-05 
-9.9702e-06 
-1.39363e-05 
-9.9702e-06 
-1.41514e-05 
-9.9702e-06 
-1.43704e-05 
-9.9702e-06 
-1.45932e-05 
-9.9702e-06 
-1.48197e-05 
-9.9702e-06 
-1.505e-05 
-9.9702e-06 
-1.5284e-05 
-9.9702e-06 
-1.55215e-05 
-9.9702e-06 
-1.57622e-05 
-9.9702e-06 
-1.60064e-05 
-9.9702e-06 
-1.62541e-05 
-9.9702e-06 
-1.65051e-05 
-9.9702e-06 
-1.67595e-05 
-9.9702e-06 
-1.70172e-05 
-9.9702e-06 
-1.72782e-05 
-9.9702e-06 
-1.75423e-05 
-9.9702e-06 
-1.78095e-05 
-9.9702e-06 
-1.80797e-05 
-9.9702e-06 
-1.83528e-05 
-9.9702e-06 
-1.86289e-05 
-9.9702e-06 
-1.89077e-05 
-9.9702e-06 
-1.91893e-05 
-9.9702e-06 
-1.94735e-05 
-9.9702e-06 
-1.97602e-05 
-9.9702e-06 
-2.00494e-05 
-9.9702e-06 
-2.03409e-05 
-9.9702e-06 
-2.06347e-05 
-9.9702e-06 
-2.09307e-05 
-9.9702e-06 
-2.12287e-05 
-9.9702e-06 
-2.15286e-05 
-9.9702e-06 
-2.18304e-05 
-9.9702e-06 
-2.21339e-05 
-9.9702e-06 
-2.2439e-05 
-9.9702e-06 
-2.27456e-05 
-9.9702e-06 
-2.30536e-05 
-9.9702e-06 
-2.33628e-05 
-9.9702e-06 
-2.36731e-05 
-9.9702e-06 
-2.39845e-05 
-9.9702e-06 
-2.42966e-05 
-9.9702e-06 
-2.46095e-05 
-9.9702e-06 
-2.49229e-05 
-9.9702e-06 
-2.52368e-05 
-9.9702e-06 
-2.5551e-05 
-9.9702e-06 
-2.58653e-05 
-9.9702e-06 
-2.61797e-05 
-9.9702e-06 
-2.64938e-05 
-9.9702e-06 
-2.68077e-05 
-9.9702e-06 
-2.71211e-05 
-9.9702e-06 
-2.74339e-05 
-9.9702e-06 
-2.77459e-05 
-9.9702e-06 
-2.80569e-05 
-9.9702e-06 
-2.83669e-05 
-9.9702e-06 
-2.86756e-05 
-9.9702e-06 
-2.89829e-05 
-9.9702e-06 
-2.92885e-05 
-9.9702e-06 
-2.95924e-05 
-9.9702e-06 
-2.98944e-05 
-9.9702e-06 
-3.01943e-05 
-9.9702e-06 
-3.04919e-05 
-9.9702e-06 
-3.07871e-05 
-9.9702e-06 
-3.10797e-05 
-9.9702e-06 
-3.13695e-05 
-9.9702e-06 
-3.16563e-05 
-9.9702e-06 
-3.19401e-05 
-9.9702e-06 
-3.22205e-05 
-9.9702e-06 
-3.24975e-05 
-9.9702e-06 
-3.27708e-05 
-9.9702e-06 
-3.30404e-05 
-9.9702e-06 
-3.3306e-05 
-9.9702e-06 
-3.35675e-05 
-9.9702e-06 
-3.38247e-05 
-9.9702e-06 
-3.40774e-05 
-9.9702e-06 
-3.43256e-05 
-9.9702e-06 
-3.45689e-05 
-9.9702e-06 
-3.48074e-05 
-9.9702e-06 
-3.50407e-05 
-9.9702e-06 
-3.52689e-05 
-9.9702e-06 
-3.54916e-05 
-9.9702e-06 
-3.57088e-05 
-9.9702e-06 
-3.59204e-05 
-9.9702e-06 
-3.61262e-05 
-9.9702e-06 
-3.6326e-05 
-9.9702e-06 
-3.65197e-05 
-9.9702e-06 
-3.67073e-05 
-9.9702e-06 
-3.68885e-05 
-9.9702e-06 
-3.70633e-05 
-9.9702e-06 
-3.72315e-05 
-9.9702e-06 
-3.7393e-05 
-9.9702e-06 
-3.75478e-05 
-9.9702e-06 
-3.76957e-05 
-9.9702e-06 
-3.78366e-05 
-9.9702e-06 
-3.79704e-05 
-9.9702e-06 
-3.8097e-05 
-9.9702e-06 
-3.82165e-05 
-9.9702e-06 
-3.83286e-05 
-9.9702e-06 
-3.84333e-05 
-9.9702e-06 
-3.85305e-05 
-9.9702e-06 
-3.86203e-05 
-9.9702e-06 
-3.87025e-05 
-9.9702e-06 
-3.8777e-05 
-9.9702e-06 
-3.88439e-05 
-9.9702e-06 
-3.89031e-05 
-9.9702e-06 
-3.89545e-05 
-9.9702e-06 
-3.89982e-05 
-9.9702e-06 
-3.90342e-05 
-9.9702e-06 
-3.90623e-05 
-9.9702e-06 
-3.90826e-05 
-9.9702e-06 
-3.90952e-05 
-9.9702e-06 
-3.90999e-05 
-9.9702e-06 
-3.90969e-05 
-9.9702e-06 
-3.90861e-05 
-9.9702e-06 
-3.90675e-05 
-9.9702e-06 
-3.90413e-05 
-9.9702e-06 
-3.90074e-05 
-9.9702e-06 
-3.89658e-05 
-9.9702e-06 
-3.89167e-05 
-9.9702e-06 
-3.886e-05 
-9.9702e-06 
-3.87958e-05 
-9.9702e-06 
-3.87242e-05 
-9.9702e-06 
-3.86453e-05 
-9.9702e-06 
-3.85591e-05 
-9.9702e-06 
-3.84657e-05 
-9.9702e-06 
-3.83653e-05 
-9.9702e-06 
-3.82578e-05 
-9.9702e-06 
-3.81434e-05 
-9.9702e-06 
-3.80221e-05 
-9.9702e-06 
-3.78942e-05 
-9.9702e-06 
-3.77597e-05 
-9.9702e-06 
-3.76186e-05 
-9.9702e-06 
-3.74713e-05 
-9.9702e-06 
-3.73176e-05 
-9.9702e-06 
-3.71579e-05 
-9.9702e-06 
-3.69922e-05 
-9.9702e-06 
-3.68206e-05 
-9.9702e-06 
-3.66433e-05 
-9.9702e-06 
-3.64604e-05 
-9.9702e-06 
-3.62721e-05 
-9.9702e-06 
-3.60786e-05 
-9.9702e-06 
-3.58799e-05 
-9.9702e-06 
-3.56762e-05 
-9.9702e-06 
-3.54677e-05 
-9.9702e-06 
-3.52546e-05 
-9.9702e-06 
-3.50369e-05 
-9.9702e-06 
-3.48149e-05 
-9.9702e-06 
-3.45887e-05 
-9.9702e-06 
-3.43585e-05 
-9.9702e-06 
-3.41245e-05 
-9.9702e-06 
-3.38868e-05 
-9.9702e-06 
-3.36456e-05 
-9.9702e-06 
-3.3401e-05 
-9.9702e-06 
-3.31532e-05 
-9.9702e-06 
-3.29025e-05 
-9.9702e-06 
-3.26489e-05 
-9.9702e-06 
-3.23926e-05 
-9.9702e-06 
-3.21339e-05 
-9.9702e-06 
-3.18728e-05 
-9.9702e-06 
-3.16096e-05 
-9.9702e-06 
-3.13444e-05 
-9.9702e-06 
-3.10774e-05 
-9.9702e-06 
-3.08087e-05 
-9.9702e-06 
-3.05385e-05 
-9.9702e-06 
-3.0267e-05 
-9.9702e-06 
-2.99944e-05 
-9.9702e-06 
-2.97207e-05 
-9.9702e-06 
-2.94462e-05 
-9.9702e-06 
-2.91711e-05 
-9.9702e-06 
-2.88954e-05 
-9.9702e-06 
-2.86193e-05 
-9.9702e-06 
-2.8343e-05 
-9.9702e-06 
-2.80666e-05 
-9.9702e-06 
-2.77903e-05 
-9.9702e-06 
-2.75143e-05 
-9.9702e-06 
-2.72385e-05 
-9.9702e-06 
-2.69633e-05 
-9.9702e-06 
-2.66888e-05 
-9.9702e-06 
-2.6415e-05 
-9.9702e-06 
-2.6142e-05 
-9.9702e-06 
-2.58702e-05 
-9.9702e-06 
-2.55995e-05 
-9.9702e-06 
-2.533e-05 
-9.9702e-06 
-2.50619e-05 
-9.9702e-06 
-2.47954e-05 
-9.9702e-06 
-2.45305e-05 
-9.9702e-06 
-2.42673e-05 
-9.9702e-06 
-2.40059e-05 
-9.9702e-06 
-2.37465e-05 
-9.9702e-06 
-2.34891e-05 
-9.9702e-06 
-2.32338e-05 
-9.9702e-06 
-2.29807e-05 
-9.9702e-06 
-2.273e-05 
-9.9702e-06 
-2.24816e-05 
-9.9702e-06 
-2.22358e-05 
-9.9702e-06 
-2.19924e-05 
-9.9702e-06 
-2.17518e-05 
-9.9702e-06 
-2.15138e-05 
-9.9702e-06 
-2.12786e-05 
-9.9702e-06 
-2.10462e-05 
-9.9702e-06 
-2.08167e-05 
-9.9702e-06 
-2.05902e-05 
-9.9702e-06 
-2.03667e-05 
-9.9702e-06 
-2.01463e-05 
-9.9702e-06 
-1.99289e-05 
-9.9702e-06 
-1.97148e-05 
-9.9702e-06 
-1.95038e-05 
-9.9702e-06 
-1.92961e-05 
-9.9702e-06 
-1.90917e-05 
-9.9702e-06 
-1.88906e-05 
-9.9702e-06 
-1.86929e-05 
-9.9702e-06 
-1.84985e-05 
-9.9702e-06 
-1.83075e-05 
-9.9702e-06 
-1.812e-05 
-9.9702e-06 
-1.7936e-05 
-9.9702e-06 
-1.77554e-05 
-9.9702e-06 
-1.75783e-05 
-9.9702e-06 
-1.74047e-05 
-9.9702e-06 
-1.72347e-05 
-9.9702e-06 
-1.70681e-05 
-9.9702e-06 
-1.69052e-05 
-9.9702e-06 
-1.67457e-05 
-9.9702e-06 
-1.65898e-05 
-9.9702e-06 
-1.64375e-05 
-9.9702e-06 
-1.62888e-05 
-9.9702e-06 
-1.61435e-05 
-9.9702e-06 
-1.60019e-05 
-9.9702e-06 
-1.58638e-05 
-9.9702e-06 
-1.57293e-05 
-9.9702e-06 
-1.55982e-05 
-9.9702e-06 
-1.54708e-05 
-9.9702e-06 
-1.53468e-05 
-9.9702e-06 
-1.52264e-05 
-9.9702e-06 
-1.51094e-05 
-9.9702e-06 
-1.4996e-05 
-9.9702e-06 
-1.4886e-05 
-9.9702e-06 
-1.47795e-05 
-9.9702e-06 
-1.46765e-05 
-9.9702e-06 
-1.45769e-05 
-9.9702e-06 
-1.44807e-05 
-9.9702e-06 
-1.43879e-05 
-9.9702e-06 
-1.42985e-05 
-9.9702e-06 
-1.42124e-05 
-9.9702e-06 
-1.41297e-05 
-9.9702e-06 
-1.40503e-05 
-9.9702e-06 
-1.39742e-05 
-9.9702e-06 
-1.39014e-05 
-9.9702e-06 
-1.38319e-05 
-9.9702e-06 
-1.37656e-05 
-9.9702e-06 
-1.37026e-05 
-9.9702e-06 
-1.36427e-05 
-9.9702e-06 
-1.3586e-05 
-9.9702e-06 
-1.35325e-05 
-9.9702e-06 
-1.34822e-05 
-9.9702e-06 
-1.34349e-05 
-9.9702e-06 
-1.33908e-05 
-9.9702e-06 
-1.33497e-05 
-9.9702e-06 
-1.33117e-05 
-9.9702e-06 
-1.32767e-05 
-9.9702e-06 
-1.32447e-05 
-9.9702e-06 
-1.32157e-05 
-9.9702e-06 
-1.31897e-05 
-9.9702e-06 
-1.31667e-05 
-9.9702e-06 
-1.31466e-05 
-9.9702e-06 
-1.31294e-05 
-9.9702e-06 
-1.3115e-05 
-9.9702e-06 
-1.31036e-05 
-9.9702e-06 
-1.3095e-05 
-9.9702e-06 
-1.30892e-05 
-9.9702e-06 
-1.30863e-05 
-9.9702e-06 
-1.30861e-05 
-9.9702e-06 
-1.30888e-05 
-9.9702e-06 
-1.30942e-05 
-9.9702e-06 
-1.31023e-05 
-9.9702e-06 
-1.31131e-05 
-9.9702e-06 
-1.31267e-05 
-9.9702e-06 
-1.31429e-05 
-9.9702e-06 
-1.31618e-05 
-9.9702e-06 
-1.31834e-05 
-9.9702e-06 
-1.32076e-05 
-9.9702e-06 
-1.32344e-05 
-9.9702e-06 
-1.32639e-05 
-9.9702e-06 
-1.32959e-05 
-9.9702e-06 
-1.33304e-05 
-9.9702e-06 
-1.33676e-05 
-9.9702e-06 
-1.34072e-05 
-9.9702e-06 
-1.34494e-05 
-9.9702e-06 
-1.34941e-05 
-9.9702e-06 
-1.35413e-05 
-9.9702e-06 
-1.3591e-05 
-9.9702e-06 
-1.36431e-05 
-9.9702e-06 
-1.36976e-05 
-9.9702e-06 
-1.37546e-05 
-9.9702e-06 
-1.3814e-05 
-9.9702e-06 
-1.38758e-05 
-9.9702e-06 
-1.39399e-05 
-9.9702e-06 
-1.40064e-05 
-9.9702e-06 
-1.40753e-05 
-9.9702e-06 
-1.41464e-05 
-9.9702e-06 
-1.42199e-05 
-9.9702e-06 
-1.42957e-05 
-9.9702e-06 
-1.43737e-05 
-9.9702e-06 
-1.4454e-05 
-9.9702e-06 
-1.45365e-05 
-9.9702e-06 
-1.46212e-05 
-9.9702e-06 
-1.47081e-05 
-9.9702e-06 
-1.47972e-05 
-9.9702e-06 
-1.48884e-05 
-9.9702e-06 
-1.49818e-05 
-9.9702e-06 
-1.50772e-05 
-9.9702e-06 
-1.51748e-05 
-9.9702e-06 
-1.52744e-05 
-9.9702e-06 
-1.53761e-05 
-9.9702e-06 
-1.54797e-05 
-9.9702e-06 
-1.55854e-05 
-9.9702e-06 
-1.5693e-05 
-9.9702e-06 
-1.58025e-05 
-9.9702e-06 
-1.5914e-05 
-9.9702e-06 
-1.60273e-05 
-9.9702e-06 
-1.61425e-05 
-9.9702e-06 
-1.62596e-05 
-9.9702e-06 
-1.63784e-05 
-9.9702e-06 
-1.6499e-05 
-9.9702e-06 
-1.66213e-05 
-9.9702e-06 
-1.67453e-05 
-9.9702e-06 
-1.6871e-05 
-9.9702e-06 
-1.69983e-05 
-9.9702e-06 
-1.71272e-05 
-9.9702e-06 
-1.72577e-05 
-9.9702e-06 
-1.73897e-05 
-9.9702e-06 
-1.75231e-05 
-9.9702e-06 
-1.76581e-05 
-9.9702e-06 
-1.77944e-05 
-9.9702e-06 
-1.79321e-05 
-9.9702e-06 
-1.80711e-05 
-9.9702e-06 
-1.82114e-05 
-9.9702e-06 
-1.8353e-05 
-9.9702e-06 
-1.84957e-05 
-9.9702e-06 
-1.86396e-05 
-9.9702e-06 
-1.87846e-05 
-9.9702e-06 
-1.89307e-05 
-9.9702e-06 
-1.90777e-05 
-9.9702e-06 
-1.92258e-05 
-9.9702e-06 
-1.93747e-05 
-9.9702e-06 
-1.95245e-05 
-9.9702e-06 
-1.96751e-05 
-9.9702e-06 
-1.98265e-05 
-9.9702e-06 
-1.99785e-05 
-9.9702e-06 
-2.01312e-05 
-9.9702e-06 
-2.02845e-05 
-9.9702e-06 
-2.04384e-05 
-9.9702e-06 
-2.05927e-05 
-9.9702e-06 
-2.07475e-05 
-9.9702e-06 
-2.09026e-05 
-9.9702e-06 
-2.1058e-05 
-9.9702e-06 
-2.12137e-05 
-9.9702e-06 
-2.13696e-05 
-9.9702e-06 
-2.15256e-05 
-9.9702e-06 
-2.16817e-05 
-9.9702e-06 
-2.18378e-05 
-9.9702e-06 
-2.19938e-05 
-9.9702e-06 
-2.21498e-05 
-9.9702e-06 
-2.23055e-05 
-9.9702e-06 
-2.2461e-05 
-9.9702e-06 
-2.26162e-05 
-9.9702e-06 
-2.27711e-05 
-9.9702e-06 
-2.29255e-05 
-9.9702e-06 
-2.30794e-05 
-9.9702e-06 
-2.32328e-05 
-9.9702e-06 
-2.33855e-05 
-9.9702e-06 
-2.35376e-05 
-9.9702e-06 
-2.36889e-05 
-9.9702e-06 
-2.38393e-05 
-9.9702e-06 
-2.39889e-05 
-9.9702e-06 
-2.41376e-05 
-9.9702e-06 
-2.42852e-05 
-9.9702e-06 
-2.44318e-05 
-9.9702e-06 
-2.45772e-05 
-9.9702e-06 
-2.47214e-05 
-9.9702e-06 
-2.48644e-05 
-9.9702e-06 
-2.5006e-05 
-9.9702e-06 
-2.51463e-05 
-9.9702e-06 
-2.5285e-05 
-9.9702e-06 
-2.54223e-05 
-9.9702e-06 
-2.5558e-05 
-9.9702e-06 
-2.56921e-05 
-9.9702e-06 
-2.58244e-05 
-9.9702e-06 
-2.5955e-05 
-9.9702e-06 
-2.60838e-05 
-9.9702e-06 
-2.62108e-05 
-9.9702e-06 
-2.63358e-05 
-9.9702e-06 
-2.64588e-05 
-9.9702e-06 
-2.65798e-05 
-9.9702e-06 
-2.66987e-05 
-9.9702e-06 
-2.68154e-05 
-9.9702e-06 
-2.693e-05 
-9.9702e-06 
-2.70423e-05 
-9.9702e-06 
-2.71523e-05 
-9.9702e-06 
-2.726e-05 
-9.9702e-06 
-2.73654e-05 
-9.9702e-06 
-2.74682e-05 
-9.9702e-06 
-2.75687e-05 
-9.9702e-06 
-2.76666e-05 
-9.9702e-06 
-2.77619e-05 
-9.9702e-06 
-2.78547e-05 
-9.9702e-06 
-2.79448e-05 
-9.9702e-06 
-2.80323e-05 
-9.9702e-06 
-2.8117e-05 
-9.9702e-06 
-2.81991e-05 
-9.9702e-06 
-2.82783e-05 
-9.9702e-06 
-2.83548e-05 
-9.9702e-06 
-2.84285e-05 
-9.9702e-06 
-2.84993e-05 
-9.9702e-06 
-2.85673e-05 
-9.9702e-06 
-2.86324e-05 
-9.9702e-06 
-2.86946e-05 
-9.9702e-06 
-2.87539e-05 
-9.9702e-06 
-2.88102e-05 
-9.9702e-06 
-2.88636e-05 
-9.9702e-06 
-2.8914e-05 
-9.9702e-06 
-2.89614e-05 
-9.9702e-06 
-2.90059e-05 
-9.9702e-06 
-2.90474e-05 
-9.9702e-06 
-2.90858e-05 
-9.9702e-06 
-2.91213e-05 
-9.9702e-06 
-2.91539e-05 
-9.9702e-06 
-2.91834e-05 
-9.9702e-06 
-2.92099e-05 
-9.9702e-06 
-2.92335e-05 
-9.9702e-06 
-2.92541e-05 
-9.9702e-06 
-2.92717e-05 
-9.9702e-06 
-2.92864e-05 
-9.9702e-06 
-2.92982e-05 
-9.9702e-06 
-2.9307e-05 
-9.9702e-06 
-2.93129e-05 
-9.9702e-06 
-2.9316e-05 
-9.9702e-06 
-2.93162e-05 
-9.9702e-06 
-2.93136e-05 
-9.9702e-06 
-2.93082e-05 
-9.9702e-06 
-2.92999e-05 
-9.9702e-06 
-2.9289e-05 
-9.9702e-06 
-2.92753e-05 
-9.9702e-06 
-2.92589e-05 
-9.9702e-06 
-2.92399e-05 
-9.9702e-06 
-2.92182e-05 
-9.9702e-06 
-2.9194e-05 
-9.9702e-06 
-2.91672e-05 
-9.9702e-06 
-2.9138e-05 
-9.9702e-06 
-2.91062e-05 
-9.9702e-06 
-2.90721e-05 
-9.9702e-06 
-2.90355e-05 
-9.9702e-06 
-2.89967e-05 
-9.9702e-06 
-2.89555e-05 
-9.9702e-06 
-2.89121e-05 
-9.9702e-06 
-2.88666e-05 
-9.9702e-06 
-2.88189e-05 
-9.9702e-06 
-2.87691e-05 
-9.9702e-06 
-2.87173e-05 
-9.9702e-06 
-2.86635e-05 
-9.9702e-06 
-2.86077e-05 
-9.9702e-06 
-2.85502e-05 
-9.9702e-06 
-2.84907e-05 
-9.9702e-06 
-2.84296e-05 
-9.9702e-06 
-2.83667e-05 
-9.9702e-06 
-2.83022e-05 
-9.9702e-06 
-2.8236e-05 
-9.9702e-06 
-2.81684e-05 
-9.9702e-06 
-2.80993e-05 
-9.9702e-06 
-2.80287e-05 
-9.9702e-06 
-2.79568e-05 
-9.9702e-06 
-2.78836e-05 
-9.9702e-06 
-2.78092e-05 
-9.9702e-06 
-2.77336e-05 
-9.9702e-06 
-2.76569e-05 
-9.9702e-06 
-2.75791e-05 
-9.9702e-06 
-2.75003e-05 
-9.9702e-06 
-2.74206e-05 
-9.9702e-06 
-2.73399e-05 
-9.9702e-06 
-2.72585e-05 
-9.9702e-06 
-2.71763e-05 
-9.9702e-06 
-2.70933e-05 
-9.9702e-06 
-2.70098e-05 
-9.9702e-06 
-2.69256e-05 
-9.9702e-06 
-2.68409e-05 
-9.9702e-06 
-2.67556e-05 
-9.9702e-06 
-2.667e-05 
-9.9702e-06 
-2.6584e-05 
-9.9702e-06 
-2.64977e-05 
-9.9702e-06 
-2.64111e-05 
-9.9702e-06 
-2.63243e-05 
-9.9702e-06 
-2.62373e-05 
-9.9702e-06 
-2.61502e-05 
-9.9702e-06 
-2.6063e-05 
-9.9702e-06 
-2.59759e-05 
-9.9702e-06 
-2.58888e-05 
-9.9702e-06 
-2.58017e-05 
-9.9702e-06 
-2.57148e-05 
-9.9702e-06 
-2.56281e-05 
-9.9702e-06 
-2.55415e-05 
-9.9702e-06 
-2.54553e-05 
-9.9702e-06 
-2.53694e-05 
-9.9702e-06 
-2.52838e-05 
-9.9702e-06 
-2.51986e-05 
-9.9702e-06 
-2.51138e-05 
-9.9702e-06 
-2.50295e-05 
-9.9702e-06 
-2.49457e-05 
-9.9702e-06 
-2.48624e-05 
-9.9702e-06 
-2.47798e-05 
-9.9702e-06 
-2.46977e-05 
-9.9702e-06 
-2.46163e-05 
-9.9702e-06 
-2.45356e-05 
-9.9702e-06 
-2.44556e-05 
-9.9702e-06 
-2.43764e-05 
-9.9702e-06 
-2.42979e-05 
-9.9702e-06 
-2.42203e-05 
-9.9702e-06 
-2.41435e-05 
-9.9702e-06 
-2.40675e-05 
-9.9702e-06 
-2.39924e-05 
-9.9702e-06 
-2.39183e-05 
-9.9702e-06 
-2.38451e-05 
-9.9702e-06 
-2.37728e-05 
-9.9702e-06 
-2.37016e-05 
-9.9702e-06 
-2.36313e-05 
-9.9702e-06 
-2.35621e-05 
-9.9702e-06 
-2.3494e-05 
-9.9702e-06 
-2.34269e-05 
-9.9702e-06 
-2.33609e-05 
-9.9702e-06 
-2.3296e-05 
-9.9702e-06 
-2.32323e-05 
-9.9702e-06 
-2.31697e-05 
-9.9702e-06 
-2.31083e-05 
-9.9702e-06 
-2.3048e-05 
-9.9702e-06 
-2.2989e-05 
-9.9702e-06 
-2.29311e-05 
-9.9702e-06 
-2.28745e-05 
-9.9702e-06 
-2.28191e-05 
-9.9702e-06 
-2.2765e-05 
-9.9702e-06 
-2.27121e-05 
-9.9702e-06 
-2.26605e-05 
-9.9702e-06 
-2.26101e-05 
-9.9702e-06 
-2.25611e-05 
-9.9702e-06 
-2.25134e-05 
-9.9702e-06 
-2.2467e-05 
-9.9702e-06 
-2.24219e-05 
-9.9702e-06 
-2.23782e-05 
-9.9702e-06 
-2.23358e-05 
-9.9702e-06 
-2.22947e-05 
-9.9702e-06 
-2.2255e-05 
-9.9702e-06 
-2.22166e-05 
-9.9702e-06 
-2.21797e-05 
-9.9702e-06 
-2.21441e-05 
-9.9702e-06 
-2.21099e-05 
-9.9702e-06 
-2.2077e-05 
-9.9702e-06 
-2.20456e-05 
-9.9702e-06 
-2.20155e-05 
-9.9702e-06 
-2.19869e-05 
-9.9702e-06 
-2.19596e-05 
-9.9702e-06 
-2.19338e-05 
-9.9702e-06 
-2.19094e-05 
-9.9702e-06 
-2.18863e-05 
-9.9702e-06 
-2.18647e-05 
-9.9702e-06 
-2.18445e-05 
-9.9702e-06 
-2.18257e-05 
-9.9702e-06 
-2.18084e-05 
-9.9702e-06 
-2.17924e-05 
-9.9702e-06 
-2.17779e-05 
-9.9702e-06 
-2.17647e-05 
-9.9702e-06 
-2.1753e-05 
-9.9702e-06 
-2.17427e-05 
-9.9702e-06 
-2.17339e-05 
-9.9702e-06 
-2.17264e-05 
-9.9702e-06 
-2.17203e-05 
-9.9702e-06 
-2.17156e-05 
-9.9702e-06 
-2.17124e-05 
-9.9702e-06 
-2.17105e-05 
-9.9702e-06 
-2.171e-05 
-9.9702e-06 
-2.17109e-05 
-9.9702e-06 
-2.17132e-05 
-9.9702e-06 
-2.17168e-05 
-9.9702e-06 
-2.17219e-05 
-9.9702e-06 
-2.17282e-05 
-9.9702e-06 
-2.1736e-05 
-9.9702e-06 
-2.17451e-05 
-9.9702e-06 
-2.17555e-05 
-9.9702e-06 
-2.17672e-05 
-9.9702e-06 
-2.17803e-05 
-9.9702e-06 
-2.17947e-05 
-9.9702e-06 
-2.18104e-05 
-9.9702e-06 
-2.18274e-05 
-9.9702e-06 
-2.18457e-05 
-9.9702e-06 
-2.18652e-05 
-9.9702e-06 
-2.1886e-05 
-9.9702e-06 
-2.1908e-05 
-9.9702e-06 
-2.19313e-05 
-9.9702e-06 
-2.19558e-05 
-9.9702e-06 
-2.19815e-05 
-9.9702e-06 
-2.20084e-05 
-9.9702e-06 
-2.20365e-05 
-9.9702e-06 
-2.20658e-05 
-9.9702e-06 
-2.20962e-05 
-9.9702e-06 
-2.21277e-05 
-9.9702e-06 
-2.21604e-05 
-9.9702e-06 
-2.21942e-05 
-9.9702e-06 
-2.2229e-05 
-9.9702e-06 
-2.2265e-05 
-9.9702e-06 
-2.2302e-05 
-9.9702e-06 
-2.234e-05 
-9.9702e-06 
-2.23791e-05 
-9.9702e-06 
-2.24192e-05 
-9.9702e-06 
-2.24602e-05 
-9.9702e-06 
-2.25023e-05 
-9.9702e-06 
-2.25452e-05 
-9.9702e-06 
-2.25891e-05 
-9.9702e-06 
-2.2634e-05 
-9.9702e-06 
-2.26797e-05 
-9.9702e-06 
-2.27263e-05 
-9.9702e-06 
-2.27738e-05 
-9.9702e-06 
-2.2822e-05 
-9.9702e-06 
-2.28711e-05 
-9.9702e-06 
-2.2921e-05 
-9.9702e-06 
-2.29717e-05 
-9.9702e-06 
-2.30232e-05 
-9.9702e-06 
-2.30753e-05 
-9.9702e-06 
-2.31282e-05 
-9.9702e-06 
-2.31818e-05 
-9.9702e-06 
-2.3236e-05 
-9.9702e-06 
-2.32909e-05 
-9.9702e-06 
-2.33464e-05 
-9.9702e-06 
-2.34025e-05 
-9.9702e-06 
-2.34592e-05 
-9.9702e-06 
-2.35164e-05 
-9.9702e-06 
-2.35742e-05 
-9.9702e-06 
-2.36325e-05 
-9.9702e-06 
-2.36913e-05 
-9.9702e-06 
-2.37505e-05 
-9.9702e-06 
-2.38102e-05 
-9.9702e-06 
-2.38703e-05 
-9.9702e-06 
-2.39308e-05 
-9.9702e-06 
-2.39917e-05 
-9.9702e-06 
-2.40529e-05 
-9.9702e-06 
-2.41145e-05 
-9.9702e-06 
-2.41763e-05 
-9.9702e-06 
-2.42384e-05 
-9.9702e-06 
-2.43008e-05 
-9.9702e-06 
-2.43634e-05 
-9.9702e-06 
-2.44261e-05 
-9.9702e-06 
-2.44891e-05 
-9.9702e-06 
-2.45521e-05 
-9.9702e-06 
-2.46153e-05 
-9.9702e-06 
-2.46786e-05 
-9.9702e-06 
-2.47419e-05 
-9.9702e-06 
-2.48053e-05 
-9.9702e-06 
-2.48687e-05 
-9.9702e-06 
-2.4932e-05 
-9.9702e-06 
-2.49953e-05 
-9.9702e-06 
-2.50585e-05 
-9.9702e-06 
-2.51215e-05 
-9.9702e-06 
-2.51845e-05 
-9.9702e-06 
-2.52472e-05 
-9.9702e-06 
-2.53098e-05 
-9.9702e-06 
-2.53721e-05 
-9.9702e-06 
-2.54341e-05 
-9.9702e-06 
-2.54959e-05 
-9.9702e-06 
-2.55573e-05 
-9.9702e-06 
-2.56183e-05 
-9.9702e-06 
-2.56789e-05 
-9.9702e-06 
-2.57391e-05 
-9.9702e-06 
-2.57989e-05 
-9.9702e-06 
-2.58581e-05 
-9.9702e-06 
-2.59168e-05 
-9.9702e-06 
-2.59749e-05 
-9.9702e-06 
-2.60324e-05 
-9.9702e-06 
-2.60892e-05 
-9.9702e-06 
-2.61454e-05 
-9.9702e-06 
-2.62008e-05 
-9.9702e-06 
-2.62555e-05 
-9.9702e-06 
-2.63094e-05 
-9.9702e-06 
-2.63625e-05 
-9.9702e-06 
-2.64147e-05 
-9.9702e-06 
-2.64659e-05 
-9.9702e-06 
-2.65163e-05 
-9.9702e-06 
-2.65656e-05 
-9.9702e-06 
-2.66139e-05 
-9.9702e-06 
-2.66611e-05 
-9.9702e-06 
-2.67072e-05 
-9.9702e-06 
-2.67522e-05 
-9.9702e-06 
-2.6796e-05 
-9.9702e-06 
-2.68386e-05 
-9.9702e-06 
-2.68798e-05 
-9.9702e-06 
-2.69198e-05 
-9.9702e-06 
-2.69584e-05 
-9.9702e-06 
-2.69957e-05 
-9.9702e-06 
-2.70314e-05 
-9.9702e-06 
-2.70658e-05 
-9.9702e-06 
-2.70986e-05 
-9.9702e-06 
-2.71298e-05 
-9.9702e-06 
-2.71595e-05 
-9.9702e-06 
-2.71875e-05 
-9.9702e-06 
-2.72138e-05 
-9.9702e-06 
-2.72384e-05 
-9.9702e-06 
-2.72613e-05 
-9.9702e-06 
-2.72824e-05 
-9.9702e-06 
-2.73016e-05 
-9.9702e-06 
-2.7319e-05 
-9.9702e-06 
-2.73345e-05 
-9.9702e-06 
-2.7348e-05 
-9.9702e-06 
-2.73595e-05 
-9.9702e-06 
-2.7369e-05 
-9.9702e-06 
-2.73765e-05 
-9.9702e-06 
-2.73818e-05 
-9.9702e-06 
-2.73851e-05 
-9.9702e-06 
-2.73861e-05 
-9.9702e-06 
-2.7385e-05 
-9.9702e-06 
-2.73817e-05 
-9.9702e-06 
-2.73761e-05 
-9.9702e-06 
-2.73683e-05 
-9.9702e-06 
-2.73581e-05 
-9.9702e-06 
-2.73455e-05 
-9.9702e-06 
