-0.0025 
-0.00249783 
-0.0024937 
-0.0024878 
-0.00248031 
-0.00247141 
-0.00246124 
-0.00244995 
-0.00243764 
-0.00242446 
-0.00241048 
-0.00239582 
-0.00238055 
-0.00236476 
-0.00234851 
-0.00233188 
-0.00231492 
-0.00229769 
-0.00228022 
-0.00226258 
-0.00224479 
-0.00222689 
-0.00220892 
-0.00219091 
-0.00217288 
-0.00215486 
-0.00213686 
-0.00211891 
-0.00210102 
-0.00208321 
-0.0020655 
-0.00204789 
-0.0020304 
-0.00201304 
-0.00199581 
-0.00197873 
-0.00196179 
-0.00194501 
-0.00192839 
-0.00191194 
-0.00189565 
-0.00187954 
-0.00186359 
-0.00184783 
-0.00183224 
-0.00181683 
-0.0018016 
-0.00178655 
-0.00177168 
-0.00175699 
-0.00174248 
-0.00172815 
-0.001714 
-0.00170003 
-0.00168623 
-0.00167262 
-0.00165917 
-0.0016459 
-0.0016328 
-0.00161987 
-0.0016071 
-0.00159451 
-0.00158207 
-0.0015698 
-0.00155769 
-0.00154574 
-0.00153394 
-0.0015223 
-0.00151081 
-0.00149947 
-0.00148828 
-0.00147723 
-0.00146632 
-0.00145556 
-0.00144493 
-0.00143443 
-0.00142407 
-0.00141384 
-0.00140374 
-0.00139377 
-0.00138391 
-0.00137418 
-0.00136457 
-0.00135507 
-0.00134569 
-0.00133642 
-0.00132725 
-0.0013182 
-0.00130925 
-0.0013004 
-0.00129165 
-0.001283 
-0.00127444 
-0.00126598 
-0.0012576 
-0.00124932 
-0.00124112 
-0.00123301 
-0.00122498 
-0.00121703 
-0.00120915 
-0.00120136 
-0.00119363 
-0.00118598 
-0.0011784 
-0.00117088 
-0.00116343 
-0.00115605 
-0.00114872 
-0.00114146 
-0.00113426 
-0.00112711 
-0.00112001 
-0.00111297 
-0.00110598 
-0.00109904 
-0.00109215 
-0.0010853 
-0.00107849 
-0.00107173 
-0.00106501 
-0.00105833 
-0.00105169 
-0.00104508 
-0.00103851 
-0.00103197 
-0.00102546 
-0.00101899 
-0.00101254 
-0.00100612 
-0.000999725 
-0.000993356 
-0.00098701 
-0.000980686 
-0.000974383 
-0.000968099 
-0.000961835 
-0.000955587 
-0.000949356 
-0.000943139 
-0.000936937 
-0.000930746 
-0.000924568 
-0.0009184 
-0.000912242 
-0.000906092 
-0.000899951 
-0.000893815 
-0.000887686 
-0.000881561 
-0.00087544 
-0.000869322 
-0.000863207 
-0.000857093 
-0.00085098 
-0.000844866 
-0.000838752 
-0.000832636 
-0.000826519 
-0.000820397 
-0.000814273 
-0.000808144 
-0.000802012 
-0.000795873 
-0.000789729 
-0.000783578 
-0.00077742 
-0.000771255 
-0.000765083 
-0.000758901 
-0.000752711 
-0.000746512 
-0.000740304 
-0.000734085 
-0.000727857 
-0.000721618 
-0.000715369 
-0.000709107 
-0.000702836 
-0.000696552 
-0.000690257 
-0.000683949 
-0.00067763 
-0.000671297 
-0.000664954 
-0.000658597 
-0.000652228 
-0.000645845 
-0.000639451 
-0.000633042 
-0.000626622 
-0.000620188 
-0.000613742 
-0.000607281 
-0.00060081 
-0.000594324 
-0.000587827 
-0.000581315 
-0.000574793 
-0.000568256 
-0.000561709 
-0.000555148 
-0.000548576 
-0.000541991 
-0.000535396 
-0.000528788 
-0.00052217 
-0.000515539 
-0.000508899 
-0.000502247 
-0.000495585 
-0.000488913 
-0.000482232 
-0.000475539 
-0.000468839 
-0.000462129 
-0.000455412 
-0.000448684 
-0.00044195 
-0.000435208 
-0.000428459 
-0.000421702 
-0.00041494 
-0.00040817 
-0.000401396 
-0.000394615 
-0.000387831 
-0.000381041 
-0.000374248 
-0.00036745 
-0.00036065 
-0.000353846 
-0.000347041 
-0.000340233 
-0.000333425 
-0.000326614 
-0.000319804 
-0.000312993 
-0.000306184 
-0.000299374 
-0.000292567 
-0.00028576 
-0.000278958 
-0.000272156 
-0.00026536 
-0.000258566 
-0.000251778 
-0.000244993 
-0.000238215 
-0.000231442 
-0.000224677 
-0.000217917 
-0.000211166 
-0.000204421 
-0.000197687 
-0.00019096 
-0.000184244 
-0.000177537 
-0.000170842 
-0.000164156 
-0.000157483 
-0.000150822 
-0.000144174 
-0.000137538 
-0.000130917 
-0.000124309 
-0.000117717 
-0.000111139 
-0.000104578 
-9.80325e-05 
-9.15046e-05 
-8.49927e-05 
-7.84998e-05 
-7.2024e-05 
-6.55681e-05 
-5.91303e-05 
-5.27135e-05 
-4.63157e-05 
-3.99398e-05 
-3.3584e-05 
-2.7251e-05 
-2.09391e-05 
-1.46509e-05 
-8.38475e-06 
-2.14324e-06 
4.07533e-06 
1.02683e-05 
1.64375e-05 
2.25801e-05 
2.8698e-05 
3.47886e-05 
4.08535e-05 
4.68903e-05 
5.29005e-05 
5.88817e-05 
6.48355e-05 
7.07596e-05 
7.66554e-05 
8.25206e-05 
8.83567e-05 
9.41615e-05 
9.99365e-05 
0.000105679 
0.000111392 
0.000117071 
0.000122719 
0.000128334 
0.000133916 
0.000139464 
0.00014498 
0.00015046 
0.000155907 
0.000161319 
0.000166696 
0.000172037 
0.000177344 
0.000182613 
0.000187848 
0.000193044 
0.000198205 
0.000203328 
0.000208415 
0.000213463 
0.000218474 
0.000223446 
0.000228381 
0.000233276 
0.000238132 
0.000242949 
0.000247728 
0.000252466 
0.000257165 
0.000261823 
0.000266442 
0.000271019 
0.000275557 
0.000280053 
0.000284509 
0.000288923 
0.000293296 
0.000297627 
0.000301917 
0.000306164 
0.000310371 
0.000314534 
0.000318655 
0.000322734 
0.00032677 
0.000330763 
0.000334714 
0.000338622 
0.000342487 
0.000346307 
0.000350086 
0.00035382 
0.000357511 
0.000361158 
0.000364763 
0.000368322 
0.000371839 
0.00037531 
0.000378739 
0.000382122 
0.000385463 
0.000388758 
0.00039201 
0.000395216 
0.00039838 
0.000401497 
0.000404572 
0.000407601 
0.000410586 
0.000413526 
0.000416423 
0.000419273 
0.000422081 
0.000424842 
0.00042756 
0.000430232 
0.000432861 
0.000435444 
0.000437984 
0.000440477 
0.000442928 
0.000445332 
0.000447693 
0.000450009 
0.000452281 
0.000454507 
0.000456691 
0.000458828 
0.000460922 
0.000462971 
0.000464977 
0.000466936 
0.000468854 
0.000470725 
0.000472554 
0.000474337 
0.000476078 
0.000477773 
0.000479426 
0.000481033 
0.000482599 
0.000484119 
0.000485597 
0.000487029 
0.00048842 
0.000489766 
0.00049107 
0.000492329 
0.000493547 
0.00049472 
0.000495852 
0.000496939 
0.000497985 
0.000498986 
0.000499947 
0.000500864 
0.00050174 
0.000502571 
0.000503363 
0.00050411 
0.000504817 
0.00050548 
0.000506104 
0.000506684 
0.000507225 
0.000507722 
0.00050818 
0.000508594 
0.00050897 
0.000509303 
0.000509597 
0.000509848 
0.000510061 
0.000510231 
0.000510364 
0.000510453 
0.000510506 
0.000510515 
0.000510488 
0.000510419 
0.000510313 
0.000510164 
0.00050998 
0.000509754 
0.000509492 
0.000509188 
0.000508849 
0.000508468 
0.000508052 
0.000507595 
0.000507103 
0.000506571 
0.000506004 
0.000505396 
0.000504755 
0.000504073 
0.000503358 
0.000502602 
0.000501814 
0.000500985 
0.000500124 
0.000499224 
0.000498291 
0.000497319 
0.000496315 
0.000495272 
0.000494198 
0.000493085 
0.000491941 
0.000490759 
0.000489546 
0.000488295 
0.000487015 
0.000485696 
0.000484348 
0.000482962 
0.000481548 
0.000480095 
0.000478615 
0.000477098 
0.000475553 
0.00047397 
0.000472361 
0.000470715 
0.000469043 
0.000467333 
0.000465598 
0.000463827 
0.00046203 
0.000460198 
0.00045834 
0.000456447 
0.000454529 
0.000452576 
0.0004506 
0.000448588 
0.000446553 
0.000444483 
0.000442391 
0.000440264 
0.000438115 
0.000435932 
0.000433727 
0.000431489 
0.000429229 
0.000426936 
0.000424623 
0.000422276 
0.000419909 
0.00041751 
0.000415091 
0.00041264 
0.000410169 
0.000407667 
0.000405146 
0.000402594 
0.000400024 
0.000397422 
0.000394803 
0.000392153 
0.000389486 
0.000386789 
0.000384075 
0.000381331 
0.000378571 
0.000375781 
0.000372976 
0.000370141 
0.000367291 
0.000364412 
0.00036152 
0.000358597 
0.000355662 
0.000352697 
0.00034972 
0.000346714 
0.000343696 
0.000340649 
0.00033759 
0.000334504 
0.000331406 
0.000328281 
0.000325144 
0.00032198 
0.000318807 
0.000315605 
0.000312394 
0.000309157 
0.00030591 
0.000302636 
0.000299354 
0.000296045 
0.000292728 
0.000289385 
0.000286034 
0.000282657 
0.000279273 
0.000275864 
0.000272447 
0.000269006 
0.000265558 
0.000262085 
0.000258606 
0.000255102 
0.000251592 
0.000248058 
0.000244519 
0.000240956 
0.000237388 
0.000233796 
0.000230199 
0.000226579 
0.000222955 
0.000219307 
0.000215655 
0.00021198 
0.000208302 
0.000204601 
0.000200897 
0.00019717 
0.00019344 
0.000189688 
0.000185934 
0.000182156 
0.000178377 
0.000174576 
0.000170773 
0.000166948 
0.000163122 
0.000159273 
0.000155424 
0.000151552 
0.000147681 
0.000143787 
0.000139893 
0.000135977 
0.000132062 
0.000128124 
0.000124188 
0.000120229 
0.000116272 
0.000112292 
0.000108314 
0.000104315 
0.000100317 
9.62967e-05 
9.22788e-05 
8.82394e-05 
8.42021e-05 
8.01433e-05 
7.60868e-05 
7.2009e-05 
6.79338e-05 
6.38373e-05 
5.97436e-05 
5.56287e-05 
5.15168e-05 
4.73838e-05 
4.32541e-05 
3.91033e-05 
3.49559e-05 
3.07876e-05 
2.6623e-05 
2.24374e-05 
1.82557e-05 
1.40532e-05 
9.85473e-06 
5.63549e-06 
1.42058e-06 
-2.81508e-06 
-7.0462e-06 
-1.1298e-05 
-1.55451e-05 
-1.98128e-05 
-2.40755e-05 
-2.83588e-05 
-3.26369e-05 
-3.69355e-05 
-4.12288e-05 
-4.55424e-05 
-4.98505e-05 
-5.41789e-05 
-5.85015e-05 
-6.28444e-05 
-6.71813e-05 
-7.15382e-05 
-7.58891e-05 
-8.02599e-05 
-8.46243e-05 
-8.90086e-05 
-9.33863e-05 
-9.77838e-05 
-0.000102174 
-0.000106585 
-0.000110988 
-0.000115411 
-0.000119826 
-0.000124261 
-0.000128688 
-0.000133134 
-0.000137573 
-0.000142031 
-0.00014648 
-0.000150948 
-0.000155409 
-0.000159887 
-0.000164357 
-0.000168846 
-0.000173325 
-0.000177823 
-0.000182311 
-0.000186817 
-0.000191314 
-0.000195829 
-0.000200333 
-0.000204855 
-0.000209367 
-0.000213896 
-0.000218414 
-0.000222949 
-0.000227474 
-0.000232014 
-0.000236543 
-0.000241089 
-0.000245622 
-0.000250172 
-0.000254709 
-0.000259261 
-0.000263801 
-0.000268356 
-0.000272898 
-0.000277454 
-0.000281997 
-0.000286554 
-0.000291096 
-0.000295653 
-0.000300195 
-0.000304749 
-0.000309289 
-0.000313842 
-0.000318379 
-0.000322928 
-0.00032746 
-0.000332004 
-0.000336532 
-0.00034107 
-0.000345591 
-0.000350123 
-0.000354636 
-0.000359159 
-0.000363664 
-0.000368177 
-0.000372672 
-0.000377174 
-0.000381657 
-0.000386147 
-0.000390617 
-0.000395094 
-0.000399549 
-0.000404011 
-0.000408451 
-0.000412896 
-0.000417318 
-0.000421745 
-0.000426149 
-0.000430557 
-0.00043494 
-0.000439326 
-0.000443687 
-0.000448051 
-0.000452389 
-0.000456728 
-0.00046104 
-0.000465353 
-0.000469639 
-0.000473924 
-0.000478181 
-0.000482436 
-0.000486662 
-0.000490886 
-0.000495081 
-0.000499272 
-0.000503432 
-0.000507588 
-0.000511712 
-0.000515832 
-0.000519918 
-0.000523999 
-0.000528046 
-0.000532086 
-0.000536092 
-0.00054009 
-0.000544052 
-0.000548006 
-0.000551923 
-0.00055583 
-0.0005597 
-0.000563559 
-0.00056738 
-0.000571189 
-0.00057496 
-0.000578717 
-0.000582434 
-0.000586137 
-0.0005898 
-0.000593447 
-0.000597053 
-0.000600643 
-0.00060419 
-0.00060772 
-0.000611207 
-0.000614675 
-0.000618099 
-0.000621505 
-0.000624865 
-0.000628204 
-0.000631498 
-0.000634771 
-0.000637997 
-0.000641201 
-0.000644357 
-0.000647491 
-0.000650575 
-0.000653636 
-0.000656648 
-0.000659634 
-0.000662571 
-0.000665482 
-0.000668342 
-0.000671175 
-0.000673957 
-0.000676711 
-0.000679413 
-0.000682086 
-0.000684707 
-0.000687298 
-0.000689836 
-0.000692344 
-0.000694797 
-0.00069722 
-0.000699588 
-0.000701924 
-0.000704205 
-0.000706454 
-0.000708647 
-0.000710806 
-0.00071291 
-0.00071498 
-0.000716993 
-0.000718972 
-0.000720893 
-0.00072278 
-0.000724609 
-0.000726403 
-0.000728138 
-0.000729838 
-0.00073148 
-0.000733085 
-0.000734632 
-0.000736141 
-0.000737593 
-0.000739007 
-0.000740362 
-0.000741679 
-0.000742938 
-0.000744158 
-0.00074532 
-0.000746443 
-0.000747508 
-0.000748534 
-0.000749501 
-0.000750429 
-0.000751299 
-0.00075213 
-0.000752901 
-0.000753635 
-0.000754309 
-0.000754945 
-0.000755522 
-0.000756061 
-0.000756542 
-0.000756984 
-0.000757367 
-0.000757713 
-0.000758001 
-0.00075825 
-0.000758443 
-0.000758597 
-0.000758695 
-0.000758755 
-0.000758759 
-0.000758726 
-0.000758637 
-0.000758511 
-0.00075833 
-0.000758112 
-0.00075784 
-0.000757533 
-0.000757171 
-0.000756774 
-0.000756325 
-0.00075584 
-0.000755304 
-0.000754733 
-0.000754111 
-0.000753456 
-0.00075275 
-0.000752012 
-0.000751225 
-0.000750406 
-0.000749538 
-0.00074864 
-0.000747694 
-0.000746718 
-0.000745696 
-0.000744645 
-0.000743549 
-0.000742426 
-0.000741258 
-0.000740063 
-0.000738825 
-0.000737562 
-0.000736258 
-0.000734928 
-0.000733559 
-0.000732166 
-0.000730735 
-0.000729281 
-0.00072779 
-0.000726278 
-0.00072473 
-0.000723162 
-0.00072156 
-0.000719939 
-0.000718286 
-0.000716616 
-0.000714914 
-0.000713196 
-0.000711449 
-0.000709687 
-0.000707898 
-0.000706095 
-0.000704266 
-0.000702426 
-0.00070056 
-0.000698685 
-0.000696786 
-0.00069488 
-0.000692951 
-0.000691016 
-0.000689061 
-0.000687101 
-0.000685122 
-0.00068314 
-0.000681142 
-0.000679141 
-0.000677126 
-0.00067511 
-0.000673081 
-0.000671054 
-0.000669015 
-0.000666979 
-0.000664934 
-0.000662893 
-0.000660844 
-0.000658801 
-0.000656752 
-0.000654711 
-0.000652666 
-0.00065063 
-0.000648592 
-0.000646564 
-0.000644536 
-0.000642521 
-0.000640506 
-0.000638506 
-0.000636508 
-0.000634526 
-0.000632548 
-0.000630588 
-0.000628634 
-0.000626698 
-0.000624771 
-0.000622864 
-0.000620966 
-0.00061909 
-0.000617225 
-0.000615384 
-0.000613555 
-0.000611752 
-0.000609962 
-0.000608199 
-0.000606452 
-0.000604732 
-0.00060303 
-0.000601356 
-0.000599702 
-0.000598078 
-0.000596474 
-0.000594902 
-0.000593352 
-0.000591834 
-0.00059034 
-0.00058888 
-0.000587444 
-0.000586043 
-0.000584668 
-0.00058333 
-0.000582019 
-0.000580745 
-0.000579499 
-0.000578292 
-0.000577114 
-0.000575976 
-0.000574868 
-0.0005738 
-0.000572764 
-0.00057177 
-0.000570807 
-0.000569887 
-0.000569 
-0.000568157 
-0.000567347 
-0.000566582 
-0.000565851 
-0.000565165 
-0.000564514 
-0.000563908 
-0.000563339 
-0.000562816 
-0.000562329 
-0.000561889 
-0.000561486 
-0.00056113 
-0.000560811 
-0.00056054 
-0.000560307 
-0.000560122 
-0.000559975 
-0.000559877 
-0.000559816 
-0.000559805 
-0.000559832 
-0.000559907 
-0.000560022 
-0.000560185 
-0.000560387 
-0.000560638 
-0.000560928 
-0.000561266 
-0.000561643 
-0.00056207 
-0.000562534 
-0.000563048 
-0.000563599 
-0.0005642 
-0.000564838 
-0.000565525 
-0.000566249 
-0.000567022 
-0.000567831 
-0.000568689 
-0.000569583 
-0.000570525 
-0.000571502 
-0.000572527 
-0.000573587 
-0.000574693 
-0.000575835 
-0.000577022 
-0.000578243 
-0.00057951 
-0.00058081 
-0.000582154 
-0.000583531 
-0.000584951 
-0.000586404 
-0.000587899 
-0.000589424 
-0.000590992 
-0.00059259 
-0.000594228 
-0.000595895 
-0.000597603 
-0.000599338 
-0.000601112 
-0.000602912 
-0.000604751 
-0.000606614 
-0.000608515 
-0.00061044 
-0.0006124 
-0.000614383 
-0.000616401 
-0.00061844 
-0.000620513 
-0.000622605 
-0.00062473 
-0.000626873 
-0.000629047 
-0.000631239 
-0.000633459 
-0.000635696 
-0.000637961 
-0.00064024 
-0.000642545 
-0.000644864 
-0.000647207 
-0.000649562 
-0.000651941 
-0.000654329 
-0.00065674 
-0.000659159 
-0.000661599 
-0.000664045 
-0.000666511 
-0.000668981 
-0.000671469 
-0.00067396 
-0.000676468 
-0.000678977 
-0.000681501 
-0.000684025 
-0.000686562 
-0.000689097 
-0.000691644 
-0.000694188 
-0.000696741 
-0.000699289 
-0.000701847 
-0.000704396 
-0.000706954 
-0.000709502 
-0.000712056 
-0.000714599 
-0.000717147 
-0.000719682 
-0.00072222 
-0.000724744 
-0.00072727 
-0.000729779 
-0.000732288 
-0.00073478 
-0.00073727 
-0.000739741 
-0.000742209 
-0.000744656 
-0.000747099 
-0.000749519 
-0.000751933 
-0.000754323 
-0.000756706 
-0.000759063 
-0.000761412 
-0.000763732 
-0.000766044 
-0.000768326 
-0.000770597 
-0.000772837 
-0.000775065 
-0.000777261 
-0.000779443 
-0.000781591 
-0.000783725 
-0.000785823 
-0.000787906 
-0.000789952 
-0.000791981 
-0.000793972 
-0.000795945 
-0.000797879 
-0.000799793 
-0.000801666 
-0.00080352 
-0.000805331 
-0.000807121 
-0.000808869 
-0.000810593 
-0.000812274 
-0.000813931 
-0.000815544 
-0.000817131 
-0.000818673 
-0.000820189 
-0.000821659 
-0.000823102 
-0.000824497 
-0.000825865 
-0.000827184 
-0.000828475 
-0.000829717 
-0.00083093 
-0.000832092 
-0.000833226 
-0.000834308 
-0.00083536 
-0.00083636 
-0.00083733 
-0.000838247 
-0.000839134 
-0.000839966 
-0.000840768 
-0.000841515 
-0.000842231 
-0.000842892 
-0.000843521 
-0.000844095 
-0.000844637 
-0.000845123 
-0.000845577 
-0.000845974 
-0.000846339 
-0.000846646 
-0.000846922 
-0.00084714 
-0.000847326 
-0.000847454 
-0.000847549 
-0.000847586 
-0.000847591 
-0.000847538 
-0.000847452 
-0.000847308 
-0.000847131 
-0.000846896 
-0.000846629 
-0.000846303 
-0.000845944 
-0.000845527 
-0.000845078 
-0.000844571 
-0.000844032 
-0.000843434 
-0.000842804 
-0.000842116 
-0.000841397 
-0.000840619 
-0.000839811 
-0.000838944 
-0.000838047 
-0.000837091 
-0.000836106 
-0.000835063 
-0.000833989 
-0.000832859 
-0.000831699 
-0.000830482 
-0.000829236 
-0.000827933 
-0.000826602 
-0.000825215 
-0.000823799 
-0.000822328 
-0.000820829 
-0.000819274 
-0.000817693 
-0.000816057 
-0.000814395 
-0.000812678 
-0.000810935 
-0.000809138 
-0.000807317 
-0.000805442 
-0.000803542 
-0.00080159 
-0.000799613 
-0.000797585 
-0.000795534 
-0.00079343 
-0.000791305 
-0.000789128 
-0.00078693 
-0.000784681 
-0.000782412 
-0.000780093 
-0.000777753 
-0.000775364 
-0.000772956 
-0.0007705 
-0.000768024 
-0.000765501 
-0.00076296 
-0.000760372 
-0.000757767 
-0.000755116 
-0.000752448 
-0.000749734 
-0.000747005 
-0.000744231 
-0.000741442 
-0.000738608 
-0.000735761 
-0.00073287 
-0.000729966 
-0.000727019 
-0.00072406 
-0.000721058 
-0.000718045 
-0.000714991 
-0.000711925 
-0.000708819 
-0.000705703 
-0.000702547 
-0.000699381 
-0.000696176 
-0.000692963 
-0.000689711 
-0.000686451 
-0.000683153 
-0.000679848 
-0.000676507 
-0.000673158 
-0.000669774 
-0.000666383 
-0.000662957 
-0.000659526 
-0.00065606 
-0.00065259 
-0.000649085 
-0.000645577 
-0.000642035 
-0.00063849 
-0.000634913 
-0.000631332 
-0.00062772 
-0.000624106 
-0.000620461 
-0.000616814 
-0.000613136 
-0.000609458 
-0.00060575 
-0.000602041 
-0.000598303 
-0.000594566 
-0.0005908 
-0.000587034 
-0.000583241 
-0.000579449 
-0.000575629 
-0.000571812 
-0.000567967 
-0.000564125 
-0.000560257 
-0.000556391 
-0.0005525 
-0.000548612 
-0.0005447 
-0.00054079 
-0.000536857 
-0.000532927 
-0.000528973 
-0.000525024 
-0.000521052 
-0.000517084 
-0.000513094 
-0.000509108 
-0.000505101 
-0.000501099 
-0.000497075 
-0.000493057 
-0.000489018 
-0.000484985 
-0.000480931 
-0.000476884 
-0.000472816 
-0.000468755 
-0.000464675 
-0.000460601 
-0.000456508 
-0.000452422 
-0.000448317 
-0.00044422 
-0.000440104 
-0.000435996 
-0.00043187 
-0.000427752 
-0.000423616 
-0.000419488 
-0.000415343 
-0.000411207 
-0.000407053 
-0.000402908 
-0.000398747 
-0.000394594 
-0.000390426 
-0.000386266 
-0.00038209 
-0.000377923 
-0.000373741 
-0.000369568 
-0.000365381 
-0.000361202 
-0.000357009 
-0.000352825 
-0.000348626 
-0.000344438 
-0.000340235 
-0.000336042 
-0.000331835 
-0.000327638 
-0.000323428 
-0.000319227 
-0.000315014 
-0.00031081 
-0.000306594 
-0.000302388 
-0.000298169 
-0.00029396 
-0.00028974 
-0.000285529 
-0.000281307 
-0.000277095 
-0.000272871 
-0.000268658 
-0.000264434 
-0.000260219 
-0.000255995 
-0.00025178 
-0.000247555 
-0.00024334 
-0.000239115 
-0.000234901 
-0.000230677 
-0.000226463 
-0.00022224 
-0.000218027 
-0.000213805 
-0.000209593 
-0.000205373 
-0.000201163 
-0.000196944 
-0.000192736 
-0.000188521 
-0.000184315 
-0.000180102 
-0.000175899 
-0.000171689 
-0.000167489 
-0.000163282 
-0.000159086 
-0.000154883 
-0.00015069 
-0.000146492 
-0.000142303 
-0.000138109 
-0.000133925 
-0.000129736 
-0.000125557 
-0.000121373 
-0.0001172 
-0.000113022 
-0.000108854 
-0.000104682 
-0.00010052 
-9.63546e-05 
-9.21996e-05 
-8.80409e-05 
-8.38929e-05 
-7.97415e-05 
-7.56009e-05 
-7.14573e-05 
-6.73244e-05 
-6.3189e-05 
-5.90644e-05 
-5.49377e-05 
-5.08218e-05 
-4.67041e-05 
-4.25973e-05 
-3.84892e-05 
-3.4392e-05 
-3.02938e-05 
-2.62068e-05 
-2.21191e-05 
-1.80426e-05 
-1.39658e-05 
-9.90032e-06 
-5.83495e-06 
-1.781e-06 
2.27245e-06 
6.31438e-06 
1.03554e-05 
1.43848e-05 
1.84129e-05 
2.24293e-05 
2.6444e-05 
3.04468e-05 
3.44475e-05 
3.84362e-05 
4.24224e-05 
4.63966e-05 
5.03677e-05 
5.43267e-05 
5.82823e-05 
6.22256e-05 
6.6165e-05 
7.0092e-05 
7.40148e-05 
7.7925e-05 
8.18306e-05 
8.57233e-05 
8.96111e-05 
9.34859e-05 
9.73552e-05 
0.000101211 
0.000105062 
0.000108899 
0.00011273 
0.000116547 
0.000120358 
0.000124155 
0.000127945 
0.000131721 
0.000135489 
0.000139244 
0.00014299 
0.000146723 
0.000150447 
0.000154156 
0.000157857 
0.000161543 
0.00016522 
0.000168882 
0.000172534 
0.000176172 
0.000179799 
0.000183411 
0.000187013 
0.000190599 
0.000194174 
0.000197733 
0.000201281 
0.000204814 
0.000208334 
0.000211838 
0.00021533 
0.000218806 
0.000222268 
0.000225715 
0.000229148 
0.000232564 
0.000235967 
0.000239353 
0.000242725 
0.000246079 
0.000249419 
0.000252742 
0.000256049 
0.000259339 
0.000262613 
0.000265869 
0.00026911 
0.000272332 
0.000275538 
0.000278726 
0.000281896 
0.000285048 
0.000288183 
0.000291298 
0.000294396 
0.000297474 
0.000300535 
0.000303575 
0.000306597 
0.000309598 
0.000312581 
0.000315546 
0.00031849 
0.000321415 
0.000324318 
0.000327202 
0.000330064 
0.000332907 
0.000335727 
0.000338528 
0.000341306 
0.000344063 
0.000346798 
0.000349511 
0.000352202 
0.000354871 
0.000357517 
0.000360141 
0.00036274 
0.000365319 
0.000367872 
0.000370403 
0.000372909 
0.000375393 
0.000377851 
0.000380286 
0.000382696 
0.000385082 
0.000387441 
0.000389778 
0.000392087 
0.000394372 
0.00039663 
0.000398864 
0.00040107 
0.000403251 
0.000405404 
0.000407532 
0.000409632 
0.000411706 
0.000413751 
0.00041577 
0.000417759 
0.000419723 
0.000421656 
0.000423563 
0.00042544 
0.000427289 
0.000429108 
0.000430899 
0.000432659 
0.000434391 
0.000436091 
0.000437763 
0.000439404 
0.000441015 
0.000442594 
0.000444144 
0.000445661 
0.000447148 
0.000448602 
0.000450026 
0.000451417 
0.000452777 
0.000454103 
0.000455398 
0.000456659 
0.000457888 
0.000459083 
0.000460246 
0.000461373 
0.000462469 
0.000463529 
0.000464556 
0.000465548 
0.000466506 
0.000467428 
0.000468317 
0.000469169 
0.000469988 
0.000470769 
0.000471516 
0.000472226 
0.000472901 
0.000473539 
0.000474141 
0.000474706 
0.000475235 
0.000475726 
0.000476181 
0.000476598 
0.000476978 
0.00047732 
0.000477625 
0.000477891 
0.00047812 
0.00047831 
0.000478463 
0.000478576 
0.000478651 
0.000478687 
0.000478685 
0.000478643 
0.000478563 
0.000478443 
0.000478284 
0.000478085 
0.000477848 
0.00047757 
0.000477253 
0.000476895 
0.000476498 
0.000476061 
0.000475584 
0.000475067 
0.000474509 
0.000473912 
0.000473274 
0.000472596 
0.000471878 
0.000471119 
0.000470321 
0.000469482 
0.000468603 
0.000467683 
0.00046672 
0.000465718 
0.000464675 
0.000463592 
0.000462468 
0.000461305 
0.0004601 
0.000458856 
0.000457572 
0.000456247 
0.000454882 
0.000453478 
0.000452033 
0.000450548 
0.000449024 
0.00044746 
0.000445856 
0.000444214 
0.000442532 
0.000440811 
0.000439051 
0.000437253 
0.000435414 
0.000433539 
0.000431625 
0.000429673 
0.000427682 
0.000425656 
0.00042359 
0.000421489 
0.000419349 
0.000417174 
0.000414961 
0.000412714 
0.000410428 
0.00040811 
0.000405753 
0.000403365 
0.000400939 
0.000398481 
0.000395987 
0.000393462 
0.000390901 
0.00038831 
0.000385683 
0.000383027 
0.000380336 
0.000377618 
0.000374865 
0.000372085 
0.000369271 
0.000366432 
0.000363559 
0.000360662 
0.000357733 
0.00035478 
0.000351795 
0.000348788 
0.000345751 
0.000342692 
0.000339604 
0.000336496 
0.000333359 
0.000330203 
0.000327019 
0.000323819 
0.000320591 
0.000317347 
0.000314078 
0.000310794 
0.000307485 
0.000304164 
0.000300818 
0.000297461 
0.000294081 
0.000290692 
0.00028728 
0.000283861 
0.000280421 
0.000276974 
0.000273508 
0.000270037 
0.000266548 
0.000263055 
0.000259546 
0.000256035 
0.000252508 
0.000248981 
0.000245441 
0.000241901 
0.000238349 
0.000234801 
0.00023124 
0.000227685 
0.00022412 
0.000220562 
0.000216995 
0.000213437 
0.000209872 
0.000206317 
0.000202757 
0.000199208 
0.000195656 
0.000192117 
0.000188576 
0.000185051 
0.000181524 
0.000178016 
0.000174507 
0.000171018 
0.000167531 
0.000164066 
0.000160603 
0.000157164 
0.00015373 
0.000150321 
0.000146918 
0.000143542 
0.000140174 
0.000136836 
0.000133506 
0.000130207 
0.000126919 
0.000123664 
0.000120421 
0.000117212 
0.000114017 
0.000110859 
0.000107716 
0.000104611 
0.000101522 
9.84742e-05 
9.54436e-05 
9.24554e-05 
8.9486e-05 
8.65608e-05 
8.36559e-05 
8.07968e-05 
7.79594e-05 
7.51696e-05 
7.24028e-05 
6.96853e-05 
6.6992e-05 
6.43497e-05 
6.1733e-05 
5.91688e-05 
5.66315e-05 
5.41483e-05 
5.16932e-05 
4.92938e-05 
4.69236e-05 
4.46106e-05 
4.2328e-05 
4.0104e-05 
3.79116e-05 
3.57792e-05 
3.36794e-05 
3.16411e-05 
2.96363e-05 
2.76943e-05 
2.5787e-05 
2.39436e-05 
2.21358e-05 
2.03932e-05 
1.86871e-05 
1.70474e-05 
1.54449e-05 
1.391e-05 
1.24131e-05 
1.09848e-05 
9.59531e-06 
8.27529e-06 
6.99487e-06 
5.78481e-06 
4.615e-06 
3.51639e-06 
2.45862e-06 
1.47284e-06 
5.28423e-07 
-3.43283e-07 
-1.17315e-06 
-1.92966e-06 
-2.64392e-06 
-3.28423e-06 
-3.88194e-06 
-4.40519e-06 
-4.88554e-06 
-5.291e-06 
-5.65333e-06 
-5.94039e-06 
-6.18416e-06 
-6.35236e-06 
-6.47717e-06 
-6.52618e-06 
-6.53175e-06 
-6.46138e-06 
-6.3476e-06 
-6.1578e-06 
-5.92467e-06 
-5.61552e-06 
-5.26321e-06 
-4.83493e-06 
-4.36371e-06 
-3.81668e-06 
-3.227e-06 
-2.56171e-06 
-1.85413e-06 
-1.07125e-06 
-2.4648e-07 
6.53222e-07 
1.59432e-06 
2.60991e-06 
3.66635e-06 
4.79677e-06 
5.96742e-06 
7.21146e-06 
8.49506e-06 
9.85138e-06 
1.12465e-05 
1.27136e-05 
1.42188e-05 
1.57951e-05 
1.74086e-05 
1.90923e-05 
2.08123e-05 
2.26017e-05 
2.44263e-05 
2.63192e-05 
2.82463e-05 
3.02407e-05 
3.22682e-05 
3.43617e-05 
3.64872e-05 
3.86776e-05 
4.08987e-05 
4.31834e-05 
4.54976e-05 
4.7874e-05 
5.02785e-05 
5.27439e-05 
5.52361e-05 
5.77877e-05 
6.03646e-05 
6.29994e-05 
6.5658e-05 
6.8373e-05 
7.11103e-05 
7.39023e-05 
7.67151e-05 
7.95809e-05 
8.24658e-05 
8.54021e-05 
8.83559e-05 
9.13593e-05 
9.43784e-05 
9.74453e-05 
0.000100526 
0.000103653 
0.000106792 
0.000109976 
0.000113169 
0.000116405 
0.00011965 
0.000122935 
0.000126226 
0.000129556 
0.00013289 
0.000136261 
0.000139635 
0.000143043 
0.000146452 
0.000149893 
0.000153333 
0.000156803 
0.000160271 
0.000163766 
0.000167256 
0.000170772 
0.000174281 
0.000177814 
0.000181338 
0.000184883 
0.000188418 
0.000191972 
0.000195513 
0.000199071 
0.000202615 
0.000206173 
0.000209715 
0.000213269 
0.000216804 
0.00022035 
0.000223875 
0.000227408 
0.000230919 
0.000234436 
0.000237928 
0.000241424 
0.000244894 
0.000248365 
0.000251808 
0.00025525 
0.000258662 
0.000262071 
0.000265448 
0.00026882 
0.000272159 
0.00027549 
0.000278786 
0.000282072 
0.000285321 
0.000288558 
0.000291757 
0.000294942 
0.000298086 
0.000301215 
0.000304301 
0.00030737 
0.000310395 
0.0003134 
0.00031636 
0.000319298 
0.000322189 
0.000325057 
0.000327876 
0.00033067 
0.000333414 
0.000336131 
0.000338796 
0.000341432 
0.000344016 
0.000346569 
0.000349067 
0.000351534 
0.000353945 
0.000356323 
0.000358643 
0.000360928 
0.000363155 
0.000365346 
0.000367477 
0.000369571 
0.000371603 
0.000373597 
0.000375529 
0.00037742 
0.000379249 
0.000381036 
0.00038276 
0.00038444 
0.000386056 
0.000387628 
0.000389135 
0.000390596 
0.000391992 
0.000393342 
0.000394624 
0.00039586 
0.000397028 
0.000398148 
0.000399201 
0.000400205 
0.00040114 
0.000402025 
0.000402842 
0.000403609 
0.000404306 
0.000404953 
0.000405529 
0.000406055 
0.00040651 
0.000406914 
0.000407248 
0.000407529 
0.00040774 
0.000407899 
0.000407987 
0.000408022 
0.000407987 
0.000407899 
0.00040774 
0.000407528 
0.000407246 
0.00040691 
0.000406505 
0.000406046 
0.000405517 
0.000404934 
0.000404283 
0.000403577 
0.000402803 
0.000401975 
0.000401078 
0.000400128 
0.000399111 
0.00039804 
0.000396901 
0.00039571 
0.000394451 
0.000393141 
0.000391763 
0.000390334 
0.000388839 
0.000387293 
0.000385681 
0.000384019 
0.000382292 
0.000380515 
0.000378675 
0.000376784 
0.000374831 
0.000372829 
0.000370765 
0.000368653 
0.00036648 
0.00036426 
0.000361979 
0.000359652 
0.000357266 
0.000354834 
0.000352345 
0.00034981 
0.000347219 
0.000344583 
0.000341893 
0.000339159 
0.000336371 
0.00033354 
0.000330657 
0.000327732 
0.000324755 
0.000321739 
0.000318672 
0.000315565 
0.00031241 
0.000309216 
0.000305975 
0.000302697 
0.000299372 
0.000296012 
0.000292606 
0.000289166 
0.000285683 
0.000282165 
0.000278606 
0.000275014 
0.000271382 
0.000267718 
0.000264015 
0.000260283 
0.000256512 
0.000252713 
0.000248878 
0.000245015 
0.000241117 
0.000237193 
0.000233236 
0.000229254 
0.00022524 
0.000221203 
0.000217135 
0.000213045 
0.000208926 
0.000204786 
0.000200618 
0.000196431 
0.000192218 
0.000187987 
0.000183731 
0.000179458 
0.000175162 
0.00017085 
0.000166517 
0.000162169 
0.000157801 
0.00015342 
0.00014902 
0.000144609 
0.00014018 
0.00013574 
0.000131285 
0.00012682 
0.000122341 
0.000117854 
0.000113353 
0.000108846 
0.000104327 
9.98027e-05 
9.52679e-05 
9.07285e-05 
8.61802e-05 
8.16286e-05 
7.70693e-05 
7.2508e-05 
6.79402e-05 
6.33715e-05 
5.87977e-05 
5.42241e-05 
4.96466e-05 
4.50704e-05 
4.04916e-05 
3.59152e-05 
3.13374e-05 
2.6763e-05 
2.21883e-05 
1.76182e-05 
1.3049e-05 
8.48532e-06 
3.92365e-06 
-6.31446e-07 
-5.18344e-06 
-9.72789e-06 
-1.42682e-05 
-1.87999e-05 
-2.33265e-05 
-2.78436e-05 
-3.23545e-05 
-3.68551e-05 
-4.13484e-05 
-4.58305e-05 
-5.03045e-05 
-5.47663e-05 
-5.92191e-05 
-6.36589e-05 
-6.80888e-05 
-7.25049e-05 
-7.69101e-05 
-8.13009e-05 
-8.56799e-05 
-9.00437e-05 
-9.4395e-05 
-9.87303e-05 
-0.000103052 
-0.000107358 
-0.000111649 
-0.000115923 
-0.000120182 
-0.000124423 
-0.000128648 
-0.000132855 
-0.000137046 
-0.000141218 
-0.000145373 
-0.000149508 
-0.000153625 
-0.000157722 
-0.000161802 
-0.00016586 
-0.0001699 
-0.000173918 
-0.000177918 
-0.000181895 
-0.000185853 
-0.000189789 
-0.000193704 
-0.000197597 
-0.000201469 
-0.000205318 
-0.000209147 
-0.000212951 
-0.000216734 
-0.000220494 
-0.000224231 
-0.000227945 
-0.000231636 
-0.000235303 
-0.000238947 
-0.000242566 
-0.000246163 
-0.000249734 
-0.000253283 
-0.000256806 
-0.000260305 
-0.000263779 
-0.000267229 
-0.000270654 
-0.000274054 
-0.000277429 
-0.000280779 
-0.000284103 
-0.000287403 
-0.000290676 
-0.000293925 
-0.000297147 
-0.000300345 
-0.000303515 
-0.000306661 
-0.00030978 
-0.000312874 
-0.000315941 
-0.000318983 
-0.000321997 
-0.000324986 
-0.000327948 
-0.000330885 
-0.000333794 
-0.000336678 
-0.000339535 
-0.000342366 
-0.000345169 
-0.000347947 
-0.000350697 
-0.000353421 
-0.000356118 
-0.000358789 
-0.000361432 
-0.00036405 
-0.00036664 
-0.000369204 
-0.00037174 
-0.000374251 
-0.000376733 
-0.00037919 
-0.000381619 
-0.000384022 
-0.000386397 
-0.000388746 
-0.000391067 
-0.000393363 
-0.00039563 
-0.000397872 
-0.000400085 
-0.000402273 
-0.000404432 
-0.000406566 
-0.000408672 
-0.000410752 
-0.000412804 
-0.00041483 
-0.000416828 
-0.000418801 
-0.000420745 
-0.000422664 
-0.000424554 
-0.000426419 
-0.000428255 
-0.000430066 
-0.000431849 
-0.000433606 
-0.000435335 
-0.000437039 
-0.000438714 
-0.000440363 
-0.000441985 
-0.000443581 
-0.000445148 
-0.000446691 
-0.000448205 
-0.000449694 
-0.000451154 
-0.000452589 
-0.000453996 
-0.000455377 
-0.00045673 
-0.000458058 
-0.000459357 
-0.000460632 
-0.000461877 
-0.000463098 
-0.00046429 
-0.000465457 
-0.000466596 
-0.00046771 
-0.000468794 
-0.000469855 
-0.000470886 
-0.000471893 
-0.00047287 
-0.000473824 
-0.000474748 
-0.000475648 
-0.000476518 
-0.000477365 
-0.000478182 
-0.000478974 
-0.000479738 
-0.000480477 
-0.000481187 
-0.000481873 
-0.00048253 
-0.000483162 
-0.000483765 
-0.000484344 
-0.000484893 
-0.000485419 
-0.000485915 
-0.000486387 
-0.000486829 
-0.000487248 
-0.000487637 
-0.000488002 
-0.000488337 
-0.000488649 
-0.000488931 
-0.000489189 
-0.000489417 
-0.000489622 
-0.000489797 
-0.000489948 
-0.00049007 
-0.000490168 
-0.000490236 
-0.00049028 
-0.000490295 
-0.000490286 
-0.000490247 
-0.000490185 
-0.000490092 
-0.000489977 
-0.000489831 
-0.000489662 
-0.000489463 
-0.00048924 
-0.000488988 
-0.000488712 
-0.000488406 
-0.000488078 
-0.000487719 
-0.000487336 
-0.000486924 
-0.000486489 
-0.000486023 
-0.000485535 
-0.000485016 
-0.000484474 
-0.000483903 
-0.000483308 
-0.000482683 
-0.000482036 
-0.000481358 
-0.000480657 
-0.000479926 
-0.000479173 
-0.000478389 
-0.000477583 
-0.000476747 
-0.000475888 
-0.000474999 
-0.000474087 
-0.000473145 
-0.000472181 
-0.000471187 
-0.00047017 
-0.000469123 
-0.000468054 
-0.000466955 
-0.000465834 
-0.000464682 
-0.000463509 
-0.000462305 
-0.000461079 
-0.000459823 
-0.000458546 
-0.000457238 
-0.000455909 
-0.000454549 
-0.000453168 
-0.000451756 
-0.000450323 
-0.00044886 
-0.000447376 
-0.000445861 
-0.000444325 
-0.000442759 
-0.000441172 
-0.000439555 
-0.000437917 
-0.000436248 
-0.000434559 
-0.000432839 
-0.000431099 
-0.000429328 
-0.000427537 
-0.000425716 
-0.000423874 
-0.000422002 
-0.00042011 
-0.000418188 
-0.000416245 
-0.000414272 
-0.000412279 
-0.000410256 
-0.000408212 
-0.000406139 
-0.000404046 
-0.000401923 
-0.000399779 
-0.000397606 
-0.000395413 
-0.00039319 
-0.000390947 
-0.000388674 
-0.000386382 
-0.00038406 
-0.000381718 
-0.000379346 
-0.000376955 
-0.000374534 
-0.000372093 
-0.000369623 
-0.000367134 
-0.000364614 
-0.000362075 
-0.000359507 
-0.000356919 
-0.000354302 
-0.000351666 
-0.000348999 
-0.000346314 
-0.000343599 
-0.000340865 
-0.000338102 
-0.000335319 
-0.000332507 
-0.000329676 
-0.000326815 
-0.000323936 
-0.000321026 
-0.000318098 
-0.000315141 
-0.000312165 
-0.000309159 
-0.000306134 
-0.00030308 
-0.000300008 
-0.000296905 
-0.000293784 
-0.000290634 
-0.000287465 
-0.000284267 
-0.00028105 
-0.000277803 
-0.000274538 
-0.000271244 
-0.000267931 
-0.000264588 
-0.000261227 
-0.000257837 
-0.000254428 
-0.00025099 
-0.000247534 
-0.000244048 
-0.000240543 
-0.00023701 
-0.000233458 
-0.000229876 
-0.000226276 
-0.000222647 
-0.000219 
-0.000215323 
-0.000211628 
-0.000207904 
-0.000204161 
-0.000200389 
-0.000196599 
-0.00019278 
-0.000188942 
-0.000185075 
-0.00018119 
-0.000177276 
-0.000173344 
-0.000169383 
-0.000165403 
-0.000161395 
-0.000157368 
-0.000153313 
-0.000149239 
-0.000145137 
-0.000141016 
-0.000136867 
-0.000132699 
-0.000128503 
-0.000124289 
-0.000120047 
-0.000115786 
-0.000111497 
-0.00010719 
-0.000102855 
-9.85023e-05 
-9.41211e-05 
-8.97222e-05 
-8.52952e-05 
-8.08507e-05 
-7.63781e-05 
-7.1888e-05 
-6.73702e-05 
-6.28349e-05 
-5.82721e-05 
-5.36919e-05 
-4.90843e-05 
-4.44596e-05 
-3.98076e-05 
-3.51387e-05 
-3.04427e-05 
-2.57299e-05 
-2.09902e-05 
-1.6234e-05 
-1.14511e-05 
-6.6518e-06 
-1.82615e-06 
3.01569e-06 
7.88365e-06 
1.27676e-05 
1.76773e-05 
2.26027e-05 
2.75537e-05 
3.25201e-05 
3.75117e-05 
4.25185e-05 
4.75502e-05 
5.25967e-05 
5.76677e-05 
6.27533e-05 
6.7863e-05 
7.29869e-05 
7.81345e-05 
8.3296e-05 
8.84807e-05 
9.3679e-05 
9.89001e-05 
0.000104134 
0.000109391 
0.00011466 
0.000119951 
0.000125255 
0.000130579 
0.000135916 
0.000141273 
0.000146642 
0.000152031 
0.00015743 
0.00016285 
0.000168279 
0.000173728 
0.000179186 
0.000184663 
0.000190149 
0.000195653 
0.000201165 
0.000206694 
0.000212231 
0.000217785 
0.000223346 
0.000228922 
0.000234505 
0.000240103 
0.000245707 
0.000251325 
0.000256948 
0.000262585 
0.000268226 
0.000273879 
0.000279536 
0.000285205 
0.000290876 
0.000296558 
0.000302243 
0.000307937 
0.000313632 
0.000319336 
0.000325041 
0.000330753 
0.000336465 
0.000342184 
0.000347902 
0.000353626 
0.000359347 
0.000365073 
0.000370796 
0.000376523 
0.000382246 
0.000387971 
0.000393691 
0.000399414 
0.00040513 
0.000410846 
0.000416556 
0.000422265 
0.000427965 
0.000433665 
0.000439355 
0.000445042 
0.000450719 
0.000456392 
0.000462054 
0.00046771 
0.000473355 
0.000478993 
0.000484617 
0.000490234 
0.000495836 
0.00050143 
0.000507008 
0.000512576 
0.000518127 
0.000523667 
0.000529189 
0.000534699 
0.000540189 
0.000545666 
0.000551123 
0.000556565 
0.000561985 
0.00056739 
0.000572771 
0.000578136 
0.000583477 
0.000588799 
0.000594096 
0.000599374 
0.000604626 
0.000609857 
0.00061506 
0.000620241 
0.000625394 
0.000630524 
0.000635624 
0.0006407 
0.000645745 
0.000650764 
0.000655751 
0.000660712 
0.00066564 
0.000670539 
0.000675405 
0.000680241 
0.000685043 
0.000689814 
0.000694549 
0.000699252 
0.000703919 
0.000708553 
0.000713148 
0.00071771 
0.000722233 
0.000726722 
0.00073117 
0.000735582 
0.000739953 
0.000744288 
0.000748581 
0.000752836 
0.000757048 
0.000761221 
0.000765351 
0.000769441 
0.000773486 
0.000777491 
0.000781451 
0.000785369 
0.000789242 
0.000793072 
0.000796855 
0.000800595 
0.000804288 
0.000807937 
0.000811538 
0.000815095 
0.000818602 
0.000822065 
0.000825478 
0.000828846 
0.000832163 
0.000835435 
0.000838656 
0.00084183 
0.000844953 
0.000848029 
0.000851054 
0.000854031 
0.000856956 
0.000859833 
0.000862658 
0.000865435 
0.000868159 
0.000870834 
0.000873457 
0.000876031 
0.000878552 
0.000881024 
0.000883443 
0.000885813 
0.00088813 
0.000890397 
0.000892611 
0.000894776 
0.000896887 
0.00089895 
0.000900959 
0.000902918 
0.000904825 
0.000906682 
0.000908487 
0.000910242 
0.000911945 
0.000913599 
0.0009152 
0.000916753 
0.000918254 
0.000919706 
0.000921107 
0.000922459 
0.00092376 
0.000925014 
0.000926217 
0.000927372 
0.000928477 
0.000929536 
0.000930544 
0.000931507 
0.00093242 
0.000933287 
0.000934106 
0.00093488 
0.000935606 
0.000936288 
0.000936923 
0.000937514 
0.000938059 
0.000938561 
0.000939017 
0.000939431 
0.000939801 
0.00094013 
0.000940415 
0.000940659 
0.000940861 
0.000941023 
0.000941143 
0.000941226 
0.000941267 
0.000941271 
0.000941235 
0.000941162 
0.000941052 
0.000940905 
0.000940721 
0.000940503 
0.000940249 
0.000939962 
0.000939639 
0.000939284 
0.000938896 
0.000938476 
0.000938024 
0.000937542 
0.000937029 
0.000936487 
0.000935915 
0.000935317 
0.000934689 
0.000934035 
0.000933354 
0.000932648 
0.000931916 
0.00093116 
0.00093038 
0.000929578 
0.000928752 
0.000927905 
0.000927036 
0.000926149 
0.000925239 
0.000924313 
0.000923366 
0.000922403 
0.000921422 
0.000920426 
0.000919412 
0.000918385 
0.000917343 
0.000916288 
0.000915219 
0.000914138 
0.000913045 
0.000911943 
0.000910828 
0.000909705 
0.000908572 
0.000907433 
0.000906284 
0.000905129 
0.000903967 
0.0009028 
0.000901627 
0.000900451 
0.00089927 
0.000898087 
0.0008969 
0.000895713 
0.000894523 
0.000893333 
0.000892142 
0.000890953 
0.000889764 
0.000888577 
0.000887392 
0.00088621 
0.000885031 
0.000883857 
0.000882686 
0.000881521 
0.00088036 
0.000879206 
0.000878058 
0.000876918 
0.000875784 
0.000874659 
0.000873542 
0.000872434 
0.000871335 
0.000870246 
0.000869167 
0.000868099 
0.000867041 
0.000865995 
0.00086496 
0.000863938 
0.000862928 
0.000861932 
0.000860947 
0.000859977 
0.00085902 
0.000858078 
0.000857149 
0.000856236 
0.000855336 
0.000854453 
0.000853584 
0.000852732 
0.000851895 
0.000851074 
0.000850269 
0.000849481 
0.000848708 
0.000847954 
0.000847215 
0.000846494 
0.000845789 
0.000845102 
0.000844431 
0.000843778 
0.000843142 
0.000842524 
0.000841923 
0.00084134 
0.000840773 
0.000840225 
0.000839692 
0.000839179 
0.000838681 
0.000838202 
0.000837739 
0.000837294 
0.000836864 
0.000836453 
0.000836057 
0.000835679 
0.000835316 
0.00083497 
0.000834639 
0.000834326 
0.000834026 
0.000833743 
0.000833474 
0.000833222 
0.000832983 
0.000832759 
0.000832548 
0.000832353 
0.000832169 
0.000832 
0.000831843 
0.0008317 
0.000831567 
0.000831448 
0.000831339 
0.000831243 
0.000831155 
0.00083108 
0.000831013 
0.000830957 
0.000830909 
0.000830871 
0.000830839 
0.000830817 
0.000830801 
0.000830793 
0.00083079 
0.000830795 
0.000830803 
0.000830818 
0.000830836 
0.000830859 
0.000830884 
0.000830914 
0.000830944 
0.000830978 
0.000831011 
0.000831047 
0.000831081 
0.000831117 
0.00083115 
0.000831183 
0.000831212 
0.00083124 
0.000831264 
0.000831285 
0.0008313 
0.000831312 
0.000831317 
0.000831317 
0.000831309 
0.000831294 
0.000831271 
0.00083124 
0.000831199 
0.000831149 
0.000831088 
0.000831017 
0.000830933 
0.000830838 
0.000830729 
0.000830609 
0.000830472 
0.000830323 
0.000830157 
0.000829976 
0.000829778 
0.000829564 
0.000829332 
0.000829082 
0.000828812 
0.000828525 
0.000828216 
0.000827888 
0.000827538 
0.000827167 
0.000826773 
0.000826358 
0.000825918 
0.000825455 
0.000824967 
0.000824455 
0.000823917 
0.000823353 
0.000822762 
0.000822146 
0.0008215 
0.000820828 
0.000820126 
0.000819396 
0.000818636 
0.000817847 
0.000817026 
0.000816176 
0.000815293 
0.00081438 
0.000813433 
0.000812455 
0.000811442 
0.000810398 
0.000809318 
0.000808206 
0.000807057 
0.000805875 
0.000804656 
0.000803403 
0.000802113 
0.000800788 
0.000799424 
0.000798025 
0.000796588 
0.000795114 
0.000793601 
0.000792051 
0.000790462 
0.000788835 
0.000787168 
0.000785464 
0.000783718 
0.000781935 
0.00078011 
0.000778247 
0.000776343 
0.000774399 
0.000772414 
0.00077039 
0.000768324 
0.000766218 
0.00076407 
0.000761883 
0.000759652 
0.000757383 
0.00075507 
0.000752718 
0.000750323 
0.000747889 
0.000745411 
0.000742893 
0.000740333 
0.000737733 
0.00073509 
0.000732407 
0.000729681 
0.000726916 
0.000724108 
0.000721261 
0.000718371 
0.000715442 
0.000712471 
0.00070946 
0.000706408 
0.000703316 
0.000700183 
0.000697012 
0.000693798 
0.000690547 
0.000687255 
0.000683925 
0.000680554 
0.000677146 
0.000673698 
0.000670213 
0.000666688 
0.000663127 
0.000659526 
0.00065589 
0.000652215 
0.000648505 
0.000644756 
0.000640973 
0.000637153 
0.000633298 
0.000629407 
0.000625482 
0.000621521 
0.000617528 
0.000613498 
0.000609437 
0.000605341 
0.000601214 
0.000597053 
0.000592862 
0.000588637 
0.000584383 
0.000580096 
0.000575781 
0.000571433 
0.000567058 
0.000562652 
0.00055822 
0.000553757 
0.000549268 
0.000544749 
0.000540206 
0.000535634 
0.000531038 
0.000526415 
0.000521768 
0.000517096 
0.0005124 
0.000507679 
0.000502937 
0.00049817 
0.000493383 
0.000488572 
0.000483741 
0.000478888 
0.000474017 
0.000469123 
0.000464213 
0.000459281 
0.000454333 
0.000449366 
0.000444383 
0.000439381 
0.000434364 
0.000429331 
0.000424283 
0.000419219 
0.000414142 
0.000409049 
0.000403945 
0.000398827 
0.000393697 
0.000388554 
0.000383402 
0.000378237 
0.000373063 
0.000367877 
0.000362684 
0.00035748 
0.000352269 
0.000347049 
0.000341823 
0.000336588 
0.000331348 
0.000326101 
0.00032085 
0.000315592 
0.000310331 
0.000305064 
0.000299795 
0.000294521 
0.000289246 
0.000283967 
0.000278687 
0.000273405 
0.000268123 
0.000262839 
0.000257557 
0.000252273 
0.000246991 
0.000241709 
0.00023643 
0.000231152 
0.000225877 
0.000220604 
0.000215335 
0.000210069 
0.000204807 
0.000199549 
0.000194297 
0.000189049 
0.000183807 
0.00017857 
0.000173341 
0.000168117 
0.000162901 
0.000157691 
0.00015249 
0.000147296 
0.000142111 
0.000136934 
0.000131767 
0.000126608 
0.00012146 
0.000116321 
0.000111193 
0.000106074 
0.000100968 
9.58713e-05 
9.07874e-05 
8.5714e-05 
8.06538e-05 
7.56047e-05 
7.05693e-05 
6.55455e-05 
6.05359e-05 
5.55385e-05 
5.05558e-05 
4.55858e-05 
4.06309e-05 
3.56892e-05 
3.07631e-05 
2.58507e-05 
2.09542e-05 
1.60719e-05 
1.1206e-05 
6.3546e-06 
1.52003e-06 
-3.29959e-06 
-8.10203e-06 
-1.28891e-05 
-1.76587e-05 
-2.24125e-05 
-2.71485e-05 
-3.18684e-05 
-3.65701e-05 
-4.12554e-05 
-4.59222e-05 
-5.05722e-05 
-5.52035e-05 
-5.98177e-05 
-6.44129e-05 
-6.89907e-05 
-7.35493e-05 
-7.80903e-05 
-8.26117e-05 
-8.71152e-05 
-9.15991e-05 
-9.60647e-05 
-0.00010051 
-0.000104938 
-0.000109345 
-0.000113734 
-0.000118102 
-0.000122452 
-0.000126781 
-0.000131091 
-0.000135381 
-0.000139651 
-0.000143901 
-0.000148132 
-0.000152341 
-0.000156531 
-0.000160701 
-0.00016485 
-0.000168979 
-0.000173087 
-0.000177175 
-0.000181243 
-0.00018529 
-0.000189316 
-0.000193322 
-0.000197307 
-0.000201271 
-0.000205215 
-0.000209138 
-0.00021304 
-0.000216921 
-0.000220782 
-0.000224621 
-0.00022844 
-0.000232238 
-0.000236015 
-0.000239771 
-0.000243506 
-0.00024722 
-0.000250913 
-0.000254585 
-0.000258237 
-0.000261867 
-0.000265477 
-0.000269065 
-0.000272633 
-0.000276179 
-0.000279705 
-0.000283209 
-0.000286693 
-0.000290156 
-0.000293598 
-0.000297019 
-0.00030042 
-0.000303799 
-0.000307158 
-0.000310495 
-0.000313813 
-0.000317109 
-0.000320384 
-0.000323639 
-0.000326873 
-0.000330087 
-0.00033328 
-0.000336452 
-0.000339604 
-0.000342735 
-0.000345845 
-0.000348935 
-0.000352005 
-0.000355054 
-0.000358084 
-0.000361092 
-0.00036408 
-0.000367048 
-0.000369996 
-0.000372924 
-0.000375832 
-0.000378719 
-0.000381586 
-0.000384434 
-0.000387261 
-0.000390069 
-0.000392856 
-0.000395624 
-0.000398372 
-0.000401101 
-0.000403809 
-0.000406498 
-0.000409168 
-0.000411817 
-0.000414448 
-0.000417059 
-0.000419651 
-0.000422223 
-0.000424776 
-0.000427309 
-0.000429824 
-0.00043232 
-0.000434796 
-0.000437254 
-0.000439692 
-0.000442112 
-0.000444513 
-0.000446895 
-0.000449258 
-0.000451603 
-0.000453929 
-0.000456236 
-0.000458525 
-0.000460796 
-0.000463048 
-0.000465283 
-0.000467498 
-0.000469696 
-0.000471876 
-0.000474037 
-0.000476181 
-0.000478307 
-0.000480414 
-0.000482505 
-0.000484577 
-0.000486632 
-0.000488669 
-0.000490688 
-0.000492691 
-0.000494675 
-0.000496643 
-0.000498593 
-0.000500526 
-0.000502442 
-0.000504341 
-0.000506223 
-0.000508087 
-0.000509936 
-0.000511767 
-0.000513581 
-0.000515379 
-0.00051716 
-0.000518925 
-0.000520674 
-0.000522405 
-0.000524121 
-0.00052582 
-0.000527503 
-0.00052917 
-0.000530821 
-0.000532456 
-0.000534075 
-0.000535678 
-0.000537265 
-0.000538836 
-0.000540392 
-0.000541932 
-0.000543457 
-0.000544966 
-0.000546459 
-0.000547937 
-0.0005494 
-0.000550847 
-0.000552279 
-0.000553696 
-0.000555098 
-0.000556485 
-0.000557856 
-0.000559213 
-0.000560554 
-0.000561881 
-0.000563193 
-0.00056449 
-0.000565772 
-0.00056704 
-0.000568293 
-0.000569531 
-0.000570754 
-0.000571963 
-0.000573158 
-0.000574338 
-0.000575503 
-0.000576655 
-0.000577791 
-0.000578913 
-0.000580021 
-0.000581115 
-0.000582194 
-0.000583259 
-0.000584309 
-0.000585345 
-0.000586367 
-0.000587375 
-0.000588368 
-0.000589348 
-0.000590312 
-0.000591263 
-0.000592199 
-0.000593122 
-0.000594029 
-0.000594923 
-0.000595802 
-0.000596667 
-0.000597518 
-0.000598354 
-0.000599176 
-0.000599984 
-0.000600777 
-0.000601556 
-0.00060232 
-0.00060307 
-0.000603805 
-0.000604525 
-0.000605231 
-0.000605922 
-0.000606599 
-0.000607261 
-0.000607907 
-0.000608539 
-0.000609156 
-0.000609758 
-0.000610345 
-0.000610916 
-0.000611472 
-0.000612013 
-0.000612539 
-0.000613049 
-0.000613543 
-0.000614022 
-0.000614485 
-0.000614932 
-0.000615363 
-0.000615778 
-0.000616177 
-0.000616559 
-0.000616925 
-0.000617275 
-0.000617608 
-0.000617924 
-0.000618223 
-0.000618505 
-0.00061877 
-0.000619018 
-0.000619248 
-0.000619461 
-0.000619656 
-0.000619833 
-0.000619992 
-0.000620134 
-0.000620256 
-0.00062036 
-0.000620446 
-0.000620513 
-0.000620561 
-0.000620589 
-0.000620599 
-0.000620589 
-0.000620559 
-0.00062051 
-0.00062044 
-0.000620351 
-0.000620241 
-0.000620111 
-0.000619959 
-0.000619788 
-0.000619594 
-0.00061938 
-0.000619144 
-0.000618887 
-0.000618607 
-0.000618306 
-0.000617982 
-0.000617636 
-0.000617268 
-0.000616876 
-0.000616462 
-0.000616024 
-0.000615563 
-0.000615078 
-0.000614569 
-0.000614036 
-0.000613479 
-0.000612898 
-0.000612292 
-0.000611661 
-0.000611005 
-0.000610324 
-0.000609618 
-0.000608886 
-0.000608128 
-0.000607344 
-0.000606533 
-0.000605697 
-0.000604834 
-0.000603944 
-0.000603027 
-0.000602083 
-0.000601111 
-0.000600112 
-0.000599086 
-0.000598032 
-0.000596949 
-0.000595839 
-0.0005947 
-0.000593532 
-0.000592336 
-0.000591111 
-0.000589856 
-0.000588573 
-0.00058726 
-0.000585918 
-0.000584546 
-0.000583145 
-0.000581713 
-0.000580252 
-0.00057876 
-0.000577239 
-0.000575687 
-0.000574105 
-0.000572492 
-0.000570849 
-0.000569175 
-0.00056747 
-0.000565734 
-0.000563968 
-0.00056217 
-0.000560342 
-0.000558482 
-0.000556591 
-0.000554669 
-0.000552716 
-0.000550732 
-0.000548717 
-0.00054667 
-0.000544592 
-0.000542483 
-0.000540343 
-0.000538171 
-0.000535968 
-0.000533734 
-0.00053147 
-0.000529174 
-0.000526847 
-0.000524489 
-0.000522101 
-0.000519682 
-0.000517233 
-0.000514752 
-0.000512242 
-0.000509701 
-0.000507131 
-0.00050453 
-0.0005019 
-0.000499231 
-0.000496539 
-0.000493815 
-0.000491064 
-0.000488281 
-0.000485473 
-0.000482633 
-0.000479768 
-0.000476872 
-0.000473951 
-0.000471 
-0.000468024 
-0.000465019 
-0.000461989 
-0.000458931 
-0.000455849 
-0.000452739 
-0.000449606 
-0.000446445 
-0.000443262 
-0.000440052 
-0.000436822 
-0.000433564 
-0.000430287 
-0.000426983 
-0.000423661 
-0.000420313 
-0.000416947 
-0.000413556 
-0.000410149 
-0.000406717 
-0.00040327 
-0.0003998 
-0.000396315 
-0.000392808 
-0.000389287 
-0.000385745 
-0.00038219 
-0.000378616 
-0.00037503 
-0.000371424 
-0.000367809 
-0.000364176 
-0.000360534 
-0.000356874 
-0.000353207 
-0.000349524 
-0.000345836 
-0.000342132 
-0.000338423 
-0.000334701 
-0.000330976 
-0.000327237 
-0.000323498 
-0.000319746 
-0.000315995 
-0.000312233 
-0.000308473 
-0.000304703 
-0.000300937 
-0.000297162 
-0.000293393 
-0.000289616 
-0.000285846 
-0.000282071 
-0.000278304 
-0.000274532 
-0.00027077 
-0.000267006 
-0.000263253 
-0.000259498 
-0.000255757 
-0.000252015 
-0.000248288 
-0.000244563 
-0.000240854 
-0.000237148 
-0.00023346 
-0.000229776 
-0.000226112 
-0.000222454 
-0.000218818 
-0.000215188 
-0.000211582 
-0.000207984 
-0.000204412 
-0.000200849 
-0.000197313 
-0.000193788 
-0.000190293 
-0.00018681 
-0.000183357 
-0.000179918 
-0.000176512 
-0.000173121 
-0.000169764 
-0.000166423 
-0.000163119 
-0.000159832 
-0.000156583 
-0.000153353 
-0.000150163 
-0.000146993 
-0.000143865 
-0.000140757 
-0.000137693 
-0.000134652 
-0.000131655 
-0.000128682 
-0.000125756 
-0.000122855 
-0.000120002 
-0.000117175 
-0.000114398 
-0.000111648 
-0.000108949 
-0.000106279 
-0.000103662 
-0.000101074 
-9.854e-05 
-9.60368e-05 
-9.35894e-05 
-9.11734e-05 
-8.88146e-05 
-8.64882e-05 
-8.42203e-05 
-8.19857e-05 
-7.9811e-05 
-7.76704e-05 
-7.55909e-05 
-7.35464e-05 
-7.15642e-05 
-6.96177e-05 
-6.77347e-05 
-6.58882e-05 
-6.41062e-05 
-6.23614e-05 
-6.06822e-05 
-5.90408e-05 
-5.74659e-05 
-5.59295e-05 
-5.44604e-05 
-5.30303e-05 
-5.16685e-05 
-5.03461e-05 
-4.90928e-05 
-4.78793e-05 
-4.67356e-05 
-4.56321e-05 
-4.4599e-05 
-4.36064e-05 
-4.26848e-05 
-4.1804e-05 
-4.09947e-05 
-4.02263e-05 
-3.95299e-05 
-3.88746e-05 
-3.82916e-05 
-3.77497e-05 
-3.72804e-05 
-3.68523e-05 
-3.6497e-05 
-3.61828e-05 
-3.59416e-05 
-3.57413e-05 
-3.56142e-05 
-3.55277e-05 
-3.55144e-05 
-3.55415e-05 
-3.56417e-05 
-3.5782e-05 
-3.59953e-05 
-3.62482e-05 
-3.6574e-05 
-3.69389e-05 
-3.73765e-05 
-3.78525e-05 
-3.84009e-05 
-3.89873e-05 
-3.96455e-05 
-4.0341e-05 
-4.11079e-05 
-4.19113e-05 
-4.27856e-05 
-4.36957e-05 
-4.4676e-05 
-4.56911e-05 
-4.67758e-05 
-4.78944e-05 
-4.90818e-05 
-5.03022e-05 
-5.15904e-05 
-5.29107e-05 
-5.42979e-05 
-5.57159e-05 
-5.72e-05 
-5.87138e-05 
-6.02925e-05 
-6.18997e-05 
-6.35708e-05 
-6.5269e-05 
-6.703e-05 
-6.88168e-05 
-7.0665e-05 
-7.25378e-05 
-7.44707e-05 
-7.64267e-05 
-7.84414e-05 
-8.04778e-05 
-8.25715e-05 
-8.46853e-05 
-8.6855e-05 
-8.90432e-05 
-9.12857e-05 
-9.35452e-05 
-9.58574e-05 
-9.81849e-05 
-0.000100563 
-0.000102956 
-0.000105397 
-0.000107851 
-0.000110352 
-0.000112863 
-0.00011542 
-0.000117986 
-0.000120595 
-0.000123211 
-0.000125869 
-0.000128532 
-0.000131235 
-0.000133941 
-0.000136686 
-0.000139431 
-0.000142212 
-0.000144993 
-0.000147808 
-0.00015062 
-0.000153464 
-0.000156303 
-0.000159173 
-0.000162036 
-0.000164927 
-0.000167809 
-0.000170717 
-0.000173614 
-0.000176536 
-0.000179444 
-0.000182375 
-0.00018529 
-0.000188225 
-0.000191144 
-0.00019408 
-0.000196997 
-0.00019993 
-0.000202841 
-0.000205766 
-0.000208668 
-0.000211582 
-0.00021447 
-0.000217368 
-0.000220238 
-0.000223116 
-0.000225964 
-0.000228818 
-0.00023164 
-0.000234465 
-0.000237258 
-0.000240051 
-0.000242809 
-0.000245566 
-0.000248286 
-0.000251003 
-0.000253681 
-0.000256353 
-0.000258986 
-0.00026161 
-0.000264193 
-0.000266765 
-0.000269294 
-0.000271811 
-0.000274283 
-0.000276741 
-0.000279152 
-0.000281547 
-0.000283893 
-0.000286221 
-0.0002885 
-0.000290758 
-0.000292965 
-0.00029515 
-0.000297282 
-0.000299391 
-0.000301445 
-0.000303474 
-0.000305447 
-0.000307393 
-0.000309281 
-0.000311142 
-0.000312943 
-0.000314714 
-0.000316425 
-0.000318105 
-0.000319723 
-0.000321308 
-0.00032283 
-0.000324318 
-0.000325743 
-0.000327132 
-0.000328455 
-0.000329742 
-0.000330963 
-0.000332146 
-0.000333261 
-0.000334338 
-0.000335346 
-0.000336314 
-0.000337214 
-0.000338072 
-0.00033886 
-0.000339606 
-0.000340282 
-0.000340914 
-0.000341475 
-0.000341992 
-0.000342438 
-0.000342838 
-0.000343166 
-0.000343449 
-0.000343659 
-0.000343822 
-0.000343913 
-0.000343956 
-0.000343927 
-0.000343849 
-0.000343699 
-0.000343499 
-0.000343227 
-0.000342905 
-0.000342511 
-0.000342066 
-0.000341549 
-0.000340981 
-0.00034034 
-0.000339649 
-0.000338885 
-0.000338071 
-0.000337184 
-0.000336246 
-0.000335235 
-0.000334174 
-0.00033304 
-0.000331856 
-0.0003306 
-0.000329293 
-0.000327915 
-0.000326486 
-0.000324986 
-0.000323435 
-0.000321814 
-0.000320143 
-0.000318402 
-0.000316611 
-0.000314751 
-0.000312841 
-0.000310863 
-0.000308836 
-0.000306741 
-0.000304597 
-0.000302386 
-0.000300127 
-0.000297802 
-0.000295429 
-0.000292991 
-0.000290506 
-0.000287958 
-0.000285362 
-0.000282704 
-0.00028 
-0.000277234 
-0.000274423 
-0.000271551 
-0.000268635 
-0.000265659 
-0.00026264 
-0.000259563 
-0.000256443 
-0.000253266 
-0.000250047 
-0.000246773 
-0.000243458 
-0.000240088 
-0.000236679 
-0.000233217 
-0.000229716 
-0.000226163 
-0.000222573 
-0.000218933 
-0.000215256 
-0.000211531 
-0.00020777 
-0.000203962 
-0.00020012 
-0.000196232 
-0.000192311 
-0.000188346 
-0.000184349 
-0.00018031 
-0.00017624 
-0.000172129 
-0.000167989 
-0.000163809 
-0.000159602 
-0.000155356 
-0.000151085 
-0.000146776 
-0.000142443 
-0.000138075 
-0.000133684 
-0.000129259 
-0.000124812 
-0.000120333 
-0.000115833 
-0.000111304 
-0.000106755 
-0.000102178 
-9.75826e-05 
-9.29608e-05 
-8.83225e-05 
-8.3659e-05 
-7.89806e-05 
-7.42787e-05 
-6.95633e-05 
-6.4826e-05 
-6.00767e-05 
-5.53071e-05 
-5.05269e-05 
-4.57282e-05 
-4.09202e-05 
-3.60954e-05 
-3.12627e-05 
-2.64148e-05 
-2.15605e-05 
-1.66926e-05 
-1.18198e-05 
-6.93496e-06 
-2.04659e-06 
2.85218e-06 
7.75306e-06 
1.26628e-05 
1.75732e-05 
2.24908e-05 
2.74078e-05 
3.23304e-05 
3.7251e-05 
4.21757e-05 
4.70969e-05 
5.20208e-05 
5.69399e-05 
6.18601e-05 
6.67742e-05 
7.16879e-05 
7.65941e-05 
8.14985e-05 
8.63941e-05 
9.12865e-05 
9.61687e-05 
0.000101046 
0.000105913 
0.000110773 
0.00011562 
0.00012046 
0.000125287 
0.000130104 
0.000134907 
0.000139699 
0.000144475 
0.00014924 
0.000153987 
0.000158722 
0.000163438 
0.00016814 
0.000172822 
0.00017749 
0.000182136 
0.000186766 
0.000191375 
0.000195966 
0.000200534 
0.000205083 
0.000209609 
0.000214115 
0.000218595 
0.000223056 
0.00022749 
0.000231902 
0.000236288 
0.000240651 
0.000244986 
0.000249297 
0.00025358 
0.000257838 
0.000262066 
0.000266269 
0.000270441 
0.000274587 
0.000278701 
0.000282788 
0.000286844 
0.000290871 
0.000294865 
0.00029883 
0.000302761 
0.000306663 
0.000310531 
0.000314368 
0.00031817 
0.000321941 
0.000325676 
0.00032938 
0.000333047 
0.000336681 
0.000340279 
0.000343843 
0.00034737 
0.000350864 
0.000354319 
0.00035774 
0.000361122 
0.000364469 
0.000367777 
0.00037105 
0.000374283 
0.00037748 
0.000380637 
0.000383758 
0.000386838 
0.000389882 
0.000392884 
0.000395849 
0.000398773 
0.000401659 
0.000404503 
0.00040731 
0.000410074 
0.0004128 
0.000415483 
0.000418128 
0.000420729 
0.000423292 
0.000425812 
0.000428292 
0.000430729 
0.000433127 
0.00043548 
0.000437795 
0.000440065 
0.000442295 
0.000444481 
0.000446627 
0.000448728 
0.000450789 
0.000452805 
0.000454781 
0.000456712 
0.000458603 
0.000460448 
0.000462253 
0.000464013 
0.000465732 
0.000467405 
0.000469038 
0.000470625 
0.000472171 
0.000473672 
0.000475132 
0.000476546 
0.000477919 
0.000479246 
0.000480533 
0.000481773 
0.000482973 
0.000484126 
0.000485239 
0.000486305 
0.000487331 
0.00048831 
0.00048925 
0.000490142 
0.000490994 
0.0004918 
0.000492566 
0.000493284 
0.000493963 
0.000494595 
0.000495188 
0.000495733 
0.000496239 
0.000496698 
0.000497118 
0.000497491 
0.000497824 
0.000498111 
0.000498359 
0.00049856 
0.000498722 
0.000498837 
0.000498914 
0.000498944 
0.000498935 
0.00049888 
0.000498787 
0.000498647 
0.000498469 
0.000498245 
0.000497983 
0.000497674 
0.000497328 
0.000496936 
0.000496507 
0.000496031 
0.000495519 
0.00049496 
0.000494365 
0.000493724 
0.000493047 
0.000492323 
0.000491564 
0.000490759 
0.000489919 
0.000489033 
0.000488111 
0.000487145 
0.000486143 
0.000485096 
0.000484014 
0.000482888 
0.000481727 
0.000480521 
0.000479281 
0.000477997 
0.000476679 
0.000475317 
0.000473921 
0.000472481 
0.000471009 
0.000469492 
0.000467944 
0.000466351 
0.000464726 
0.000463058 
0.000461359 
0.000459615 
0.000457841 
0.000456024 
0.000454176 
0.000452285 
0.000450364 
0.000448401 
0.000446407 
0.000444371 
0.000442307 
0.000440199 
0.000438064 
0.000435886 
0.00043368 
0.000431432 
0.000429157 
0.00042684 
0.000424497 
0.000422112 
0.0004197 
0.000417247 
0.000414769 
0.00041225 
0.000409705 
0.00040712 
0.00040451 
0.00040186 
0.000399185 
0.000396471 
0.000393733 
0.000390955 
0.000388154 
0.000385314 
0.000382451 
0.000379549 
0.000376625 
0.000373662 
0.000370679 
0.000367656 
0.000364613 
0.000361531 
0.00035843 
0.000355291 
0.000352132 
0.000348935 
0.00034572 
0.000342467 
0.000339196 
0.000335888 
0.000332562 
0.0003292 
0.000325821 
0.000322405 
0.000318973 
0.000315505 
0.000312021 
0.000308501 
0.000304967 
0.000301396 
0.000297812 
0.000294192 
0.000290558 
0.00028689 
0.000283208 
0.000279492 
0.000275763 
0.000272 
0.000268225 
0.000264416 
0.000260596 
0.000256743 
0.000252878 
0.000248981 
0.000245073 
0.000241132 
0.000237182 
0.0002332 
0.000229208 
0.000225185 
0.000221152 
0.000217089 
0.000213017 
0.000208914 
0.000204804 
0.000200662 
0.000196514 
0.000192335 
0.00018815 
0.000183935 
0.000179714 
0.000175463 
0.000171206 
0.000166921 
0.00016263 
0.000158311 
0.000153987 
0.000149634 
0.000145278 
0.000140893 
0.000136505 
0.000132088 
0.00012767 
0.000123223 
0.000118774 
0.000114297 
0.000109819 
0.000105314 
0.000100807 
9.62737e-05 
9.17397e-05 
8.71785e-05 
8.26176e-05 
7.80299e-05 
7.34429e-05 
6.88292e-05 
6.42168e-05 
5.9578e-05 
5.49409e-05 
5.02777e-05 
4.56167e-05 
4.09298e-05 
3.62454e-05 
3.15355e-05 
2.68285e-05 
2.20962e-05 
1.73674e-05 
1.26134e-05 
7.86324e-06 
3.08817e-06 
-1.6826e-06 
-6.4781e-06 
-1.12689e-05 
-1.60842e-05 
-2.08944e-05 
-2.57289e-05 
-3.05579e-05 
-3.5411e-05 
-4.02583e-05 
-4.51295e-05 
-4.99944e-05 
-5.4883e-05 
-5.97651e-05 
-6.46706e-05 
-6.95693e-05 
-7.44912e-05 
-7.94059e-05 
-8.43436e-05 
-8.92738e-05 
-9.42269e-05 
-9.91721e-05 
-0.00010414 
-0.0001091 
-0.000114082 
-0.000119056 
-0.000124052 
-0.000129039 
-0.000134048 
-0.000139049 
-0.000144071 
-0.000149084 
-0.000154119 
-0.000159143 
-0.00016419 
-0.000169227 
-0.000174285 
-0.000179333 
-0.000184402 
-0.00018946 
-0.00019454 
-0.000199608 
-0.000204698 
-0.000209777 
-0.000214876 
-0.000219964 
-0.000225072 
-0.000230169 
-0.000235286 
-0.000240391 
-0.000245517 
-0.00025063 
-0.000255763 
-0.000260884 
-0.000266024 
-0.000271152 
-0.000276299 
-0.000281433 
-0.000286586 
-0.000291726 
-0.000296885 
-0.000302031 
-0.000307195 
-0.000312345 
-0.000317514 
-0.000322669 
-0.000327842 
-0.000333001 
-0.000338178 
-0.000343339 
-0.000348519 
-0.000353684 
-0.000358865 
-0.000364032 
-0.000369216 
-0.000374384 
-0.000379568 
-0.000384737 
-0.000389922 
-0.000395091 
-0.000400275 
-0.000405443 
-0.000410627 
-0.000415794 
-0.000420976 
-0.00042614 
-0.000431319 
-0.000436481 
-0.000441657 
-0.000446815 
-0.000451986 
-0.000457139 
-0.000462306 
-0.000467454 
-0.000472614 
-0.000477755 
-0.000482909 
-0.000488043 
-0.000493189 
-0.000498314 
-0.000503451 
-0.000508567 
-0.000513694 
-0.000518799 
-0.000523915 
-0.000529009 
-0.000534113 
-0.000539194 
-0.000544285 
-0.000549352 
-0.000554428 
-0.000559481 
-0.000564541 
-0.000569577 
-0.000574621 
-0.000579639 
-0.000584665 
-0.000589664 
-0.00059467 
-0.00059965 
-0.000604634 
-0.000609592 
-0.000614555 
-0.00061949 
-0.000624428 
-0.000629339 
-0.000634252 
-0.000639137 
-0.000644023 
-0.00064888 
-0.000653738 
-0.000658566 
-0.000663395 
-0.000668192 
-0.000672989 
-0.000677754 
-0.000682517 
-0.000687248 
-0.000691977 
-0.000696672 
-0.000701364 
-0.000706022 
-0.000710676 
-0.000715294 
-0.000719908 
-0.000724486 
-0.000729057 
-0.000733593 
-0.00073812 
-0.000742611 
-0.000747093 
-0.000751537 
-0.000755972 
-0.000760368 
-0.000764753 
-0.000769099 
-0.000773433 
-0.000777726 
-0.000782007 
-0.000786247 
-0.000790473 
-0.000794656 
-0.000798825 
-0.00080295 
-0.00080706 
-0.000811126 
-0.000815175 
-0.000819178 
-0.000823164 
-0.000827104 
-0.000831025 
-0.000834899 
-0.000838754 
-0.00084256 
-0.000846345 
-0.000850082 
-0.000853797 
-0.000857462 
-0.000861104 
-0.000864695 
-0.000868263 
-0.000871779 
-0.00087527 
-0.000878708 
-0.000882121 
-0.00088548 
-0.000888812 
-0.00089209 
-0.000895341 
-0.000898536 
-0.000901702 
-0.000904812 
-0.000907893 
-0.000910917 
-0.00091391 
-0.000916846 
-0.00091975 
-0.000922596 
-0.000925409 
-0.000928163 
-0.000930884 
-0.000933545 
-0.000936172 
-0.000938738 
-0.000941269 
-0.000943739 
-0.000946174 
-0.000948546 
-0.000950882 
-0.000953155 
-0.000955391 
-0.000957564 
-0.000959699 
-0.000961771 
-0.000963804 
-0.000965772 
-0.000967702 
-0.000969566 
-0.000971391 
-0.000973151 
-0.00097487 
-0.000976524 
-0.000978137 
-0.000979684 
-0.00098119 
-0.000982629 
-0.000984027 
-0.000985358 
-0.000986647 
-0.000987869 
-0.000989049 
-0.000990162 
-0.000991231 
-0.000992234 
-0.000993193 
-0.000994086 
-0.000994935 
-0.000995717 
-0.000996455 
-0.000997126 
-0.000997754 
-0.000998314 
-0.00099883 
-0.00099928 
-0.000999686 
-0.00100002 
-0.00100032 
-0.00100055 
-0.00100073 
-0.00100085 
-0.00100093 
-0.00100093 
-0.0010009 
-0.0010008 
-0.00100066 
-0.00100045 
-0.0010002 
-0.00099988 
-0.000999521 
-0.000999098 
-0.000998633 
-0.000998104 
-0.000997534 
-0.0009969 
-0.000996226 
-0.000995489 
-0.000994711 
-0.000993872 
-0.000992993 
-0.000992053 
-0.000991075 
-0.000990036 
-0.000988958 
-0.000987822 
-0.000986648 
-0.000985415 
-0.000984146 
-0.00098282 
-0.000981458 
-0.000980039 
-0.000978586 
-0.000977078 
-0.000975536 
-0.000973939 
-0.000972311 
-0.000970629 
-0.000968916 
-0.000967151 
-0.000965356 
-0.00096351 
-0.000961635 
-0.000959711 
-0.000957759 
-0.00095576 
-0.000953734 
-0.000951661 
-0.000949564 
-0.000947421 
-0.000945255 
-0.000943045 
-0.000940813 
-0.000938538 
-0.000936244 
-0.000933908 
-0.000931554 
-0.00092916 
-0.000926749 
-0.000924301 
-0.000921836 
-0.000919336 
-0.000916821 
-0.000914273 
-0.000911711 
-0.000909117 
-0.000906513 
-0.000903877 
-0.000901233 
-0.000898559 
-0.000895878 
-0.000893169 
-0.000890455 
-0.000887715 
-0.000884972 
-0.000882204 
-0.000879435 
-0.000876644 
-0.000873852 
-0.00087104 
-0.00086823 
-0.000865402 
-0.000862577 
-0.000859735 
-0.000856899 
-0.000854048 
-0.000851205 
-0.000848348 
-0.000845501 
-0.000842642 
-0.000839795 
-0.000836938 
-0.000834094 
-0.000831243 
-0.000828406 
-0.000825564 
-0.000822738 
-0.000819908 
-0.000817097 
-0.000814284 
-0.000811491 
-0.000808698 
-0.000805927 
-0.000803157 
-0.000800412 
-0.000797669 
-0.000794953 
-0.000792241 
-0.000789556 
-0.000786879 
-0.00078423 
-0.00078159 
-0.000778981 
-0.000776382 
-0.000773815 
-0.00077126 
-0.000768739 
-0.000766232 
-0.00076376 
-0.000761303 
-0.000758883 
-0.00075648 
-0.000754116 
-0.000751769 
-0.000749463 
-0.000747176 
-0.000744931 
-0.000742706 
-0.000740525 
-0.000738366 
-0.000736251 
-0.00073416 
-0.000732115 
-0.000730094 
-0.00072812 
-0.000726172 
-0.000724273 
-0.000722401 
-0.000720578 
-0.000718783 
-0.000717039 
-0.000715324 
-0.000713661 
-0.000712027 
-0.000710447 
-0.000708898 
-0.000707402 
-0.000705938 
-0.000704529 
-0.000703152 
-0.000701831 
-0.000700543 
-0.000699312 
-0.000698113 
-0.000696973 
-0.000695867 
-0.000694819 
-0.000693805 
-0.00069285 
-0.00069193 
-0.00069107 
-0.000690245 
-0.000689479 
-0.00068875 
-0.00068808 
-0.000687447 
-0.000686874 
-0.000686337 
-0.000685862 
-0.000685422 
-0.000685044 
-0.000684701 
-0.00068442 
-0.000684175 
-0.000683992 
-0.000683845 
-0.000683759 
-0.000683709 
-0.00068372 
-0.000683767 
-0.000683876 
-0.000684019 
-0.000684224 
-0.000684464 
-0.000684765 
-0.0006851 
-0.000685496 
-0.000685925 
-0.000686416 
-0.000686939 
-0.000687522 
-0.000688139 
-0.000688814 
-0.000689522 
-0.000690288 
-0.000691086 
-0.000691942 
-0.000692828 
-0.000693773 
-0.000694746 
-0.000695777 
-0.000696836 
-0.000697951 
-0.000699094 
-0.000700293 
-0.000701518 
-0.000702797 
-0.000704102 
-0.00070546 
-0.000706842 
-0.000708277 
-0.000709736 
-0.000711245 
-0.000712777 
-0.000714359 
-0.000715961 
-0.000717613 
-0.000719284 
-0.000721003 
-0.00072274 
-0.000724524 
-0.000726324 
-0.00072817 
-0.000730031 
-0.000731936 
-0.000733855 
-0.000735817 
-0.000737791 
-0.000739806 
-0.000741832 
-0.000743898 
-0.000745972 
-0.000748086 
-0.000750207 
-0.000752365 
-0.000754529 
-0.000756729 
-0.000758932 
-0.00076117 
-0.000763411 
-0.000765684 
-0.000767958 
-0.000770263 
-0.000772567 
-0.0007749 
-0.000777231 
-0.00077959 
-0.000781945 
-0.000784326 
-0.000786701 
-0.000789101 
-0.000791493 
-0.000793908 
-0.000796313 
-0.000798741 
-0.000801157 
-0.000803593 
-0.000806015 
-0.000808457 
-0.000810883 
-0.000813327 
-0.000815754 
-0.000818196 
-0.00082062 
-0.000823057 
-0.000825475 
-0.000827905 
-0.000830312 
-0.000832731 
-0.000835126 
-0.00083753 
-0.000839909 
-0.000842296 
-0.000844656 
-0.000847022 
-0.000849359 
-0.000851701 
-0.000854013 
-0.000856328 
-0.000858612 
-0.000860897 
-0.000863148 
-0.000865401 
-0.000867618 
-0.000869834 
-0.000872014 
-0.000874191 
-0.000876331 
-0.000878467 
-0.000880563 
-0.000882655 
-0.000884705 
-0.00088675 
-0.000888752 
-0.000890747 
-0.000892698 
-0.000894641 
-0.000896539 
-0.000898427 
-0.000900269 
-0.0009021 
-0.000903883 
-0.000905655 
-0.000907378 
-0.000909088 
-0.000910749 
-0.000912395 
-0.00091399 
-0.000915571 
-0.0009171 
-0.000918613 
-0.000920072 
-0.000921516 
-0.000922905 
-0.000924277 
-0.000925594 
-0.000926892 
-0.000928135 
-0.000929359 
-0.000930526 
-0.000931674 
-0.000932764 
-0.000933834 
-0.000934845 
-0.000935836 
-0.000936767 
-0.000937678 
-0.000938529 
-0.000939358 
-0.000940126 
-0.000940873 
-0.000941558 
-0.000942221 
-0.000942822 
-0.000943401 
-0.000943917 
-0.00094441 
-0.000944841 
-0.000945248 
-0.000945592 
-0.000945913 
-0.00094617 
-0.000946404 
-0.000946574 
-0.00094672 
-0.000946802 
-0.000946861 
-0.000946855 
-0.000946825 
-0.00094673 
-0.000946612 
-0.000946429 
-0.000946223 
-0.000945951 
-0.000945656 
-0.000945296 
-0.000944913 
-0.000944464 
-0.000943992 
-0.000943456 
-0.000942896 
-0.000942271 
-0.000941624 
-0.000940911 
-0.000940176 
-0.000939376 
-0.000938554 
-0.000937667 
-0.000936758 
-0.000935786 
-0.00093479 
-0.000933732 
-0.000932651 
-0.000931508 
-0.000930342 
-0.000929114 
-0.000927865 
-0.000926553 
-0.00092522 
-0.000923825 
-0.00092241 
-0.000920933 
-0.000919437 
-0.000917879 
-0.000916301 
-0.000914663 
-0.000913006 
-0.000911288 
-0.000909553 
-0.000907757 
