-0.0005 
-0.000507691 
-0.000522236 
-0.000542816 
-0.000568639 
-0.000598935 
-0.000632971 
-0.000670043 
-0.000709495 
-0.000750705 
-0.000793104 
-0.000836159 
-0.000879392 
-0.000922363 
-0.000964688 
-0.00100602 
-0.00104605 
-0.00108454 
-0.00112126 
-0.00115603 
-0.00118873 
-0.00121923 
-0.00124748 
-0.00127342 
-0.00129704 
-0.00131836 
-0.0013374 
-0.0013542 
-0.00136886 
-0.00138143 
-0.00139203 
-0.00140074 
-0.0014077 
-0.00141302 
-0.00141682 
-0.00141922 
-0.00142037 
-0.00142038 
-0.00141939 
-0.0014175 
-0.00141486 
-0.00141156 
-0.00140774 
-0.00140347 
-0.00139888 
-0.00139404 
-0.00138905 
-0.00138397 
-0.0013789 
-0.00137387 
-0.00136897 
-0.00136422 
-0.00135968 
-0.00135539 
-0.00135137 
-0.00134765 
-0.00134425 
-0.00134118 
-0.00133846 
-0.00133607 
-0.00133404 
-0.00133234 
-0.001331 
-0.00132997 
-0.00132926 
-0.00132885 
-0.00132874 
-0.00132889 
-0.0013293 
-0.00132993 
-0.00133078 
-0.00133182 
-0.00133304 
-0.00133441 
-0.00133592 
-0.00133753 
-0.00133926 
-0.00134104 
-0.00134291 
-0.0013448 
-0.00134674 
-0.00134868 
-0.00135064 
-0.00135258 
-0.00135451 
-0.0013564 
-0.00135827 
-0.00136008 
-0.00136185 
-0.00136355 
-0.00136521 
-0.00136678 
-0.0013683 
-0.00136974 
-0.00137112 
-0.00137242 
-0.00137366 
-0.00137481 
-0.00137591 
-0.00137693 
-0.00137789 
-0.00137878 
-0.00137962 
-0.00138038 
-0.0013811 
-0.00138176 
-0.00138238 
-0.00138294 
-0.00138346 
-0.00138394 
-0.00138438 
-0.00138478 
-0.00138516 
-0.00138549 
-0.00138582 
-0.0013861 
-0.00138637 
-0.00138661 
-0.00138685 
-0.00138705 
-0.00138725 
-0.00138742 
-0.0013876 
-0.00138775 
-0.0013879 
-0.00138803 
-0.00138816 
-0.00138827 
-0.00138839 
-0.00138848 
-0.00138858 
-0.00138866 
-0.00138874 
-0.00138881 
-0.00138888 
-0.00138892 
-0.00138898 
-0.00138901 
-0.00138905 
-0.00138906 
-0.00138908 
-0.00138907 
-0.00138907 
-0.00138904 
-0.00138902 
-0.00138897 
-0.00138892 
-0.00138885 
-0.00138878 
-0.00138868 
-0.00138859 
-0.00138846 
-0.00138834 
-0.00138819 
-0.00138804 
-0.00138787 
-0.00138769 
-0.00138749 
-0.00138729 
-0.00138706 
-0.00138682 
-0.00138657 
-0.00138631 
-0.00138602 
-0.00138574 
-0.00138543 
-0.00138512 
-0.00138478 
-0.00138444 
-0.00138408 
-0.00138372 
-0.00138333 
-0.00138294 
-0.00138253 
-0.00138212 
-0.00138169 
-0.00138126 
-0.0013808 
-0.00138035 
-0.00137988 
-0.0013794 
-0.00137891 
-0.00137842 
-0.0013779 
-0.0013774 
-0.00137686 
-0.00137634 
-0.00137579 
-0.00137525 
-0.00137469 
-0.00137413 
-0.00137355 
-0.00137298 
-0.00137239 
-0.00137181 
-0.00137121 
-0.00137061 
-0.00137 
-0.00136939 
-0.00136876 
-0.00136814 
-0.00136751 
-0.00136688 
-0.00136624 
-0.0013656 
-0.00136495 
-0.0013643 
-0.00136364 
-0.00136299 
-0.00136232 
-0.00136166 
-0.00136099 
-0.00136032 
-0.00135964 
-0.00135897 
-0.00135829 
-0.00135761 
-0.00135693 
-0.00135625 
-0.00135556 
-0.00135488 
-0.00135418 
-0.0013535 
-0.00135281 
-0.00135212 
-0.00135142 
-0.00135074 
-0.00135004 
-0.00134936 
-0.00134866 
-0.00134798 
-0.00134729 
-0.0013466 
-0.00134591 
-0.00134523 
-0.00134454 
-0.00134386 
-0.00134318 
-0.00134251 
-0.00134183 
-0.00134116 
-0.00134048 
-0.00133982 
-0.00133915 
-0.00133849 
-0.00133783 
-0.00133718 
-0.00133652 
-0.00133588 
-0.00133523 
-0.0013346 
-0.00133396 
-0.00133333 
-0.0013327 
-0.00133209 
-0.00133147 
-0.00133086 
-0.00133025 
-0.00132966 
-0.00132906 
-0.00132848 
-0.00132789 
-0.00132732 
-0.00132675 
-0.00132619 
-0.00132563 
-0.00132509 
-0.00132454 
-0.00132401 
-0.00132348 
-0.00132297 
-0.00132245 
-0.00132195 
-0.00132145 
-0.00132097 
-0.00132049 
-0.00132002 
-0.00131956 
-0.0013191 
-0.00131866 
-0.00131822 
-0.0013178 
-0.00131738 
-0.00131697 
-0.00131658 
-0.00131618 
-0.00131581 
-0.00131544 
-0.00131508 
-0.00131473 
-0.00131439 
-0.00131406 
-0.00131375 
-0.00131344 
-0.00131315 
-0.00131286 
-0.00131259 
-0.00131232 
-0.00131208 
-0.00131183 
-0.00131161 
-0.00131139 
-0.00131119 
-0.00131099 
-0.00131081 
-0.00131064 
-0.00131049 
-0.00131034 
-0.00131021 
-0.00131009 
-0.00130998 
-0.00130989 
-0.00130981 
-0.00130974 
-0.00130968 
-0.00130964 
-0.00130961 
-0.00130959 
-0.00130959 
-0.0013096 
-0.00130962 
-0.00130966 
-0.00130971 
-0.00130977 
-0.00130985 
-0.00130994 
-0.00131005 
-0.00131017 
-0.0013103 
-0.00131045 
-0.00131062 
-0.00131079 
-0.00131098 
-0.00131119 
-0.00131141 
-0.00131164 
-0.00131189 
-0.00131215 
-0.00131243 
-0.00131272 
-0.00131303 
-0.00131335 
-0.00131369 
-0.00131404 
-0.00131441 
-0.00131479 
-0.00131519 
-0.0013156 
-0.00131602 
-0.00131646 
-0.00131692 
-0.00131739 
-0.00131788 
-0.00131838 
-0.0013189 
-0.00131943 
-0.00131998 
-0.00132054 
-0.00132112 
-0.00132171 
-0.00132232 
-0.00132294 
-0.00132358 
-0.00132424 
-0.00132491 
-0.00132559 
-0.00132629 
-0.001327 
-0.00132774 
-0.00132848 
-0.00132924 
-0.00133001 
-0.00133081 
-0.00133161 
-0.00133243 
-0.00133327 
-0.00133412 
-0.00133498 
-0.00133586 
-0.00133676 
-0.00133767 
-0.00133859 
-0.00133953 
-0.00134049 
-0.00134146 
-0.00134244 
-0.00134344 
-0.00134445 
-0.00134548 
-0.00134651 
-0.00134757 
-0.00134864 
-0.00134973 
-0.00135082 
-0.00135193 
-0.00135306 
-0.0013542 
-0.00135535 
-0.00135652 
-0.0013577 
-0.00135889 
-0.0013601 
-0.00136132 
-0.00136255 
-0.0013638 
-0.00136506 
-0.00136633 
-0.00136761 
-0.00136891 
-0.00137022 
-0.00137154 
-0.00137288 
-0.00137423 
-0.00137558 
-0.00137695 
-0.00137833 
-0.00137973 
-0.00138113 
-0.00138255 
-0.00138398 
-0.00138542 
-0.00138687 
-0.00138833 
-0.0013898 
-0.00139128 
-0.00139277 
-0.00139428 
-0.00139579 
-0.00139731 
-0.00139884 
-0.00140038 
-0.00140193 
-0.00140349 
-0.00140506 
-0.00140664 
-0.00140822 
-0.00140982 
-0.00141142 
-0.00141303 
-0.00141465 
-0.00141628 
-0.00141791 
-0.00141955 
-0.0014212 
-0.00142286 
-0.00142451 
-0.00142619 
-0.00142786 
-0.00142954 
-0.00143122 
-0.00143292 
-0.00143461 
-0.00143632 
-0.00143802 
-0.00143974 
-0.00144146 
-0.00144318 
-0.0014449 
-0.00144664 
-0.00144837 
-0.00145011 
-0.00145185 
-0.0014536 
-0.00145534 
-0.00145709 
-0.00145884 
-0.0014606 
-0.00146235 
-0.00146411 
-0.00146586 
-0.00146763 
-0.00146938 
-0.00147115 
-0.00147291 
-0.00147467 
-0.00147643 
-0.0014782 
-0.00147995 
-0.00148172 
-0.00148347 
-0.00148524 
-0.00148699 
-0.00148875 
-0.0014905 
-0.00149226 
-0.001494 
-0.00149575 
-0.00149749 
-0.00149923 
-0.00150096 
-0.0015027 
-0.00150442 
-0.00150615 
-0.00150786 
-0.00150959 
-0.00151129 
-0.001513 
-0.00151469 
-0.00151639 
-0.00151807 
-0.00151976 
-0.00152143 
-0.0015231 
-0.00152475 
-0.00152641 
-0.00152805 
-0.0015297 
-0.00153132 
-0.00153295 
-0.00153455 
-0.00153616 
-0.00153775 
-0.00153935 
-0.00154091 
-0.00154249 
-0.00154404 
-0.00154559 
-0.00154712 
-0.00154865 
-0.00155016 
-0.00155167 
-0.00155315 
-0.00155464 
-0.0015561 
-0.00155757 
-0.001559 
-0.00156044 
-0.00156185 
-0.00156326 
-0.00156465 
-0.00156604 
-0.00156739 
-0.00156875 
-0.00157008 
-0.00157141 
-0.00157271 
-0.00157401 
-0.00157528 
-0.00157656 
-0.00157779 
-0.00157904 
-0.00158024 
-0.00158145 
-0.00158263 
-0.00158381 
-0.00158495 
-0.0015861 
-0.0015872 
-0.00158832 
-0.00158939 
-0.00159047 
-0.00159151 
-0.00159255 
-0.00159355 
-0.00159456 
-0.00159553 
-0.0015965 
-0.00159743 
-0.00159836 
-0.00159925 
-0.00160015 
-0.001601 
-0.00160186 
-0.00160268 
-0.00160349 
-0.00160427 
-0.00160505 
-0.00160579 
-0.00160653 
-0.00160723 
-0.00160793 
-0.00160858 
-0.00160924 
-0.00160986 
-0.00161047 
-0.00161105 
-0.00161163 
-0.00161216 
-0.00161269 
-0.00161318 
-0.00161368 
-0.00161413 
-0.00161458 
-0.00161498 
-0.00161539 
-0.00161575 
-0.00161612 
-0.00161644 
-0.00161676 
-0.00161704 
-0.00161732 
-0.00161755 
-0.00161779 
-0.00161798 
-0.00161817 
-0.00161832 
-0.00161847 
-0.00161857 
-0.00161868 
-0.00161874 
-0.0016188 
-0.00161881 
-0.00161883 
-0.00161881 
-0.00161878 
-0.00161871 
-0.00161864 
-0.00161853 
-0.00161842 
-0.00161826 
-0.00161811 
-0.00161791 
-0.00161771 
-0.00161747 
-0.00161722 
-0.00161694 
-0.00161666 
-0.00161633 
-0.001616 
-0.00161563 
-0.00161527 
-0.00161485 
-0.00161445 
-0.00161399 
-0.00161354 
-0.00161305 
-0.00161256 
-0.00161202 
-0.00161149 
-0.00161092 
-0.00161034 
-0.00160973 
-0.00160912 
-0.00160846 
-0.00160781 
-0.00160712 
-0.00160643 
-0.0016057 
-0.00160497 
-0.0016042 
-0.00160344 
-0.00160263 
-0.00160183 
-0.00160098 
-0.00160014 
-0.00159926 
-0.00159839 
-0.00159747 
-0.00159656 
-0.00159561 
-0.00159467 
-0.00159369 
-0.00159271 
-0.00159169 
-0.00159068 
-0.00158963 
-0.00158858 
-0.0015875 
-0.00158643 
-0.00158531 
-0.00158421 
-0.00158306 
-0.00158192 
-0.00158075 
-0.00157958 
-0.00157838 
-0.00157719 
-0.00157596 
-0.00157473 
-0.00157347 
-0.00157222 
-0.00157094 
-0.00156966 
-0.00156835 
-0.00156705 
-0.00156572 
-0.00156439 
-0.00156303 
-0.00156168 
-0.0015603 
-0.00155893 
-0.00155752 
-0.00155613 
-0.0015547 
-0.00155328 
-0.00155184 
-0.0015504 
-0.00154894 
-0.00154748 
-0.001546 
-0.00154452 
-0.00154302 
-0.00154153 
-0.00154001 
-0.0015385 
-0.00153696 
-0.00153544 
-0.00153389 
-0.00153235 
-0.00153079 
-0.00152924 
-0.00152766 
-0.00152609 
-0.0015245 
-0.00152292 
-0.00152132 
-0.00151973 
-0.00151812 
-0.00151652 
-0.0015149 
-0.00151329 
-0.00151165 
-0.00151004 
-0.0015084 
-0.00150677 
-0.00150512 
-0.00150349 
-0.00150184 
-0.0015002 
-0.00149854 
-0.0014969 
-0.00149523 
-0.00149359 
-0.00149192 
-0.00149027 
-0.00148859 
-0.00148694 
-0.00148527 
-0.00148361 
-0.00148193 
-0.00148028 
-0.0014786 
-0.00147694 
-0.00147527 
-0.00147361 
-0.00147193 
-0.00147028 
-0.0014686 
-0.00146695 
-0.00146528 
-0.00146363 
-0.00146196 
-0.00146031 
-0.00145864 
-0.001457 
-0.00145534 
-0.0014537 
-0.00145204 
-0.0014504 
-0.00144875 
-0.00144712 
-0.00144548 
-0.00144386 
-0.00144222 
-0.0014406 
-0.00143897 
-0.00143737 
-0.00143574 
-0.00143414 
-0.00143253 
-0.00143094 
-0.00142933 
-0.00142775 
-0.00142616 
-0.00142458 
-0.001423 
-0.00142144 
-0.00141986 
-0.00141831 
-0.00141675 
-0.00141521 
-0.00141366 
-0.00141213 
-0.00141059 
-0.00140907 
-0.00140754 
-0.00140604 
-0.00140453 
-0.00140303 
-0.00140153 
-0.00140005 
-0.00139857 
-0.0013971 
-0.00139563 
-0.00139418 
-0.00139272 
-0.00139128 
-0.00138983 
-0.00138841 
-0.00138698 
-0.00138557 
-0.00138416 
-0.00138276 
-0.00138137 
-0.00137999 
-0.0013786 
-0.00137724 
-0.00137587 
-0.00137452 
-0.00137317 
-0.00137184 
-0.00137051 
-0.00136919 
-0.00136787 
-0.00136657 
-0.00136527 
-0.00136399 
-0.0013627 
-0.00136143 
-0.00136016 
-0.00135891 
-0.00135766 
-0.00135643 
-0.00135519 
-0.00135398 
-0.00135276 
-0.00135156 
-0.00135036 
-0.00134917 
-0.00134799 
-0.00134682 
-0.00134566 
-0.00134451 
-0.00134336 
-0.00134223 
-0.00134109 
-0.00133998 
-0.00133886 
-0.00133777 
-0.00133667 
-0.00133559 
-0.00133451 
-0.00133344 
-0.00133238 
-0.00133133 
-0.00133029 
-0.00132926 
-0.00132823 
-0.00132721 
-0.0013262 
-0.00132521 
-0.00132421 
-0.00132323 
-0.00132225 
-0.00132129 
-0.00132033 
-0.00131938 
-0.00131844 
-0.00131751 
-0.00131658 
-0.00131567 
-0.00131476 
-0.00131386 
-0.00131297 
-0.00131209 
-0.00131121 
-0.00131034 
-0.00130948 
-0.00130863 
-0.00130779 
-0.00130695 
-0.00130612 
-0.00130531 
-0.00130449 
-0.00130369 
-0.00130289 
-0.0013021 
-0.00130132 
-0.00130055 
-0.00129978 
-0.00129902 
-0.00129827 
-0.00129753 
-0.00129679 
-0.00129606 
-0.00129534 
-0.00129463 
-0.00129392 
-0.00129322 
-0.00129253 
-0.00129184 
-0.00129116 
-0.00129049 
-0.00128983 
-0.00128917 
-0.00128852 
-0.00128787 
-0.00128723 
-0.0012866 
-0.00128598 
-0.00128536 
-0.00128475 
-0.00128415 
-0.00128355 
-0.00128296 
-0.00128237 
-0.00128179 
-0.00128122 
-0.00128065 
-0.00128009 
-0.00127953 
-0.00127898 
-0.00127844 
-0.0012779 
-0.00127737 
-0.00127684 
-0.00127632 
-0.00127581 
-0.0012753 
-0.0012748 
-0.0012743 
-0.0012738 
-0.00127332 
-0.00127283 
-0.00127236 
-0.00127188 
-0.00127142 
-0.00127095 
-0.0012705 
-0.00127004 
-0.0012696 
-0.00126915 
-0.00126872 
-0.00126828 
-0.00126785 
-0.00126743 
-0.00126701 
-0.00126659 
-0.00126618 
-0.00126577 
-0.00126537 
-0.00126497 
-0.00126457 
-0.00126418 
-0.0012638 
-0.00126341 
-0.00126303 
-0.00126266 
-0.00126228 
-0.00126191 
-0.00126155 
-0.00126118 
-0.00126083 
-0.00126047 
-0.00126012 
-0.00125977 
-0.00125942 
-0.00125908 
-0.00125873 
-0.0012584 
-0.00125806 
-0.00125773 
-0.0012574 
-0.00125707 
-0.00125674 
-0.00125642 
-0.0012561 
-0.00125578 
-0.00125546 
-0.00125515 
-0.00125483 
-0.00125452 
-0.00125421 
-0.00125391 
-0.0012536 
-0.00125329 
-0.00125299 
-0.00125269 
-0.00125239 
-0.00125209 
-0.00125179 
-0.00125149 
-0.0012512 
-0.0012509 
-0.00125061 
-0.00125031 
-0.00125002 
-0.00124973 
-0.00124943 
-0.00124914 
-0.00124885 
-0.00124856 
-0.00124827 
-0.00124798 
-0.00124768 
-0.00124739 
-0.0012471 
-0.00124681 
-0.00124651 
-0.00124622 
-0.00124593 
-0.00124563 
-0.00124533 
-0.00124504 
-0.00124474 
-0.00124444 
-0.00124414 
-0.00124384 
-0.00124354 
-0.00124323 
-0.00124293 
-0.00124262 
-0.00124231 
-0.001242 
-0.00124169 
-0.00124137 
-0.00124106 
-0.00124074 
-0.00124042 
-0.00124009 
-0.00123977 
-0.00123944 
-0.00123911 
-0.00123877 
-0.00123844 
-0.0012381 
-0.00123775 
-0.00123741 
-0.00123706 
-0.00123671 
-0.00123635 
-0.00123599 
-0.00123563 
-0.00123526 
-0.00123489 
-0.00123451 
-0.00123413 
-0.00123375 
-0.00123336 
-0.00123297 
-0.00123258 
-0.00123218 
-0.00123177 
-0.00123137 
-0.00123095 
-0.00123053 
-0.00123011 
-0.00122968 
-0.00122925 
-0.00122881 
-0.00122836 
-0.00122791 
-0.00122746 
-0.001227 
-0.00122653 
-0.00122606 
-0.00122558 
-0.0012251 
-0.00122461 
-0.00122411 
-0.00122361 
-0.0012231 
-0.00122259 
-0.00122207 
-0.00122154 
-0.00122101 
-0.00122046 
-0.00121992 
-0.00121936 
-0.0012188 
-0.00121823 
-0.00121766 
-0.00121707 
-0.00121649 
-0.00121589 
-0.00121528 
-0.00121467 
-0.00121405 
-0.00121342 
-0.00121279 
-0.00121215 
-0.0012115 
-0.00121084 
-0.00121018 
-0.0012095 
-0.00120882 
-0.00120813 
-0.00120743 
-0.00120673 
-0.00120601 
-0.00120529 
-0.00120456 
-0.00120382 
-0.00120307 
-0.00120231 
-0.00120155 
-0.00120077 
-0.00119999 
-0.0011992 
-0.0011984 
-0.00119759 
-0.00119678 
-0.00119595 
-0.00119512 
-0.00119427 
-0.00119342 
-0.00119255 
-0.00119169 
-0.0011908 
-0.00118992 
-0.00118901 
-0.00118811 
-0.00118719 
-0.00118627 
-0.00118533 
-0.00118439 
-0.00118343 
-0.00118247 
-0.0011815 
-0.00118052 
-0.00117953 
-0.00117853 
-0.00117752 
-0.00117651 
-0.00117548 
-0.00117445 
-0.0011734 
-0.00117235 
-0.00117128 
-0.00117021 
-0.00116913 
-0.00116804 
-0.00116694 
-0.00116584 
-0.00116472 
-0.00116359 
-0.00116246 
-0.00116132 
-0.00116016 
-0.001159 
-0.00115783 
-0.00115666 
-0.00115547 
-0.00115428 
-0.00115307 
-0.00115186 
-0.00115064 
-0.00114941 
-0.00114817 
-0.00114693 
-0.00114568 
-0.00114442 
-0.00114315 
-0.00114188 
-0.00114059 
-0.0011393 
-0.001138 
-0.0011367 
-0.00113538 
-0.00113406 
-0.00113273 
-0.0011314 
-0.00113006 
-0.00112871 
-0.00112735 
-0.001126 
-0.00112462 
-0.00112326 
-0.00112187 
-0.00112049 
-0.00111909 
-0.0011177 
-0.00111629 
-0.00111489 
-0.00111347 
-0.00111205 
-0.00111062 
-0.0011092 
-0.00110776 
-0.00110633 
-0.00110488 
-0.00110344 
-0.00110198 
-0.00110053 
-0.00109906 
-0.00109761 
-0.00109614 
-0.00109467 
-0.00109319 
-0.00109172 
-0.00109024 
-0.00108877 
-0.00108728 
-0.0010858 
-0.0010843 
-0.00108282 
-0.00108132 
-0.00107984 
-0.00107834 
-0.00107685 
-0.00107535 
-0.00107386 
-0.00107236 
-0.00107087 
-0.00106936 
-0.00106788 
-0.00106637 
-0.00106489 
-0.00106338 
-0.0010619 
-0.0010604 
-0.00105892 
-0.00105742 
-0.00105594 
-0.00105445 
-0.00105298 
-0.00105149 
-0.00105002 
-0.00104854 
-0.00104708 
-0.0010456 
-0.00104415 
-0.00104268 
-0.00104124 
-0.00103978 
-0.00103834 
-0.00103689 
-0.00103547 
-0.00103403 
-0.00103261 
-0.00103119 
-0.00102978 
-0.00102837 
-0.00102698 
-0.00102558 
-0.0010242 
-0.00102282 
-0.00102145 
-0.00102008 
-0.00101874 
-0.00101738 
-0.00101605 
-0.00101472 
-0.00101341 
-0.00101209 
-0.00101079 
-0.00100949 
-0.00100822 
-0.00100694 
-0.00100569 
-0.00100443 
-0.0010032 
-0.00100197 
-0.00100076 
-0.000999543 
-0.000998359 
-0.000997169 
-0.000996009 
-0.000994843 
-0.000993708 
-0.000992569 
-0.00099146 
-0.000990347 
-0.000989265 
-0.000988179 
-0.000987125 
-0.000986068 
-0.000985042 
-0.000984014 
-0.000983018 
-0.000982019 
-0.000981054 
-0.000980086 
-0.000979152 
-0.000978216 
-0.000977313 
-0.000976409 
-0.00097554 
-0.000974669 
-0.000973833 
-0.000972996 
-0.000972194 
-0.000971391 
-0.000970624 
-0.000969857 
-0.000969126 
-0.000968395 
-0.000967699 
-0.000967005 
-0.000966347 
-0.000965689 
-0.000965068 
-0.000964449 
-0.000963866 
-0.000963285 
-0.000962742 
-0.0009622 
-0.000961695 
-0.000961192 
-0.000960728 
-0.000960265 
-0.000959841 
-0.000959419 
-0.000959035 
-0.000958654 
-0.000958312 
-0.000957972 
-0.000957671 
-0.000957374 
-0.000957115 
-0.00095686 
-0.000956643 
-0.00095643 
-0.000956256 
-0.000956086 
-0.000955955 
-0.000955829 
-0.000955741 
-0.000955658 
-0.000955613 
-0.000955573 
-0.000955573 
-0.000955577 
-0.00095562 
-0.000955668 
-0.000955755 
-0.000955848 
-0.000955979 
-0.000956115 
-0.000956291 
-0.000956471 
-0.000956691 
-0.000956916 
-0.00095718 
-0.000957449 
-0.000957757 
-0.000958071 
-0.000958423 
-0.000958781 
-0.000959177 
-0.000959579 
-0.000960019 
-0.000960465 
-0.00096095 
-0.000961439 
-0.000961967 
-0.000962501 
-0.000963072 
-0.000963649 
-0.000964263 
-0.000964883 
-0.000965541 
-0.000966204 
-0.000966904 
-0.000967609 
-0.000968352 
-0.0009691 
-0.000969884 
-0.000970674 
-0.000971499 
-0.000972331 
-0.000973198 
-0.00097407 
-0.000974978 
-0.000975891 
-0.000976839 
-0.000977792 
-0.00097878 
-0.000979773 
-0.000980799 
-0.000981831 
-0.000982897 
-0.000983967 
-0.000985071 
-0.000986179 
-0.00098732 
-0.000988466 
-0.000989644 
-0.000990826 
-0.00099204 
-0.000993259 
-0.000994508 
-0.000995762 
-0.000997046 
-0.000998335 
-0.000999653 
-0.00100098 
-0.00100233 
-0.00100368 
-0.00100507 
-0.00100645 
-0.00100787 
-0.00100929 
-0.00101074 
-0.00101219 
-0.00101366 
-0.00101514 
-0.00101665 
-0.00101816 
-0.0010197 
-0.00102123 
-0.0010228 
-0.00102436 
-0.00102595 
-0.00102754 
-0.00102916 
-0.00103077 
-0.00103241 
-0.00103405 
-0.00103572 
-0.00103738 
-0.00103907 
-0.00104076 
-0.00104247 
-0.00104417 
-0.0010459 
-0.00104763 
-0.00104938 
-0.00105113 
-0.0010529 
-0.00105467 
-0.00105646 
-0.00105825 
-0.00106005 
-0.00106185 
-0.00106367 
-0.00106549 
-0.00106733 
-0.00106916 
-0.00107101 
-0.00107286 
-0.00107472 
-0.00107658 
-0.00107846 
-0.00108033 
-0.00108221 
-0.0010841 
-0.00108599 
-0.00108788 
-0.00108979 
-0.00109169 
-0.0010936 
-0.00109551 
-0.00109743 
-0.00109935 
-0.00110127 
-0.00110319 
-0.00110512 
-0.00110705 
-0.00110898 
-0.00111091 
-0.00111284 
-0.00111477 
-0.00111671 
-0.00111864 
-0.00112058 
-0.00112252 
-0.00112445 
-0.00112639 
-0.00112832 
-0.00113025 
-0.00113219 
-0.00113412 
-0.00113605 
-0.00113797 
-0.0011399 
-0.00114182 
-0.00114374 
-0.00114565 
-0.00114757 
-0.00114948 
-0.00115138 
-0.00115328 
-0.00115518 
-0.00115708 
-0.00115897 
-0.00116085 
-0.00116273 
-0.0011646 
-0.00116647 
-0.00116833 
-0.00117019 
-0.00117204 
-0.00117388 
-0.00117572 
-0.00117755 
-0.00117937 
-0.00118119 
-0.001183 
-0.0011848 
-0.00118659 
-0.00118838 
-0.00119015 
-0.00119192 
-0.00119368 
-0.00119543 
-0.00119717 
-0.0011989 
-0.00120062 
-0.00120234 
-0.00120404 
-0.00120573 
-0.00120741 
-0.00120908 
-0.00121074 
-0.00121239 
-0.00121403 
-0.00121566 
-0.00121728 
-0.00121888 
-0.00122047 
-0.00122205 
-0.00122362 
-0.00122518 
-0.00122672 
-0.00122826 
-0.00122977 
-0.00123128 
-0.00123277 
-0.00123425 
-0.00123572 
-0.00123717 
-0.00123861 
-0.00124004 
-0.00124145 
-0.00124285 
-0.00124423 
-0.0012456 
-0.00124695 
-0.00124829 
-0.00124962 
-0.00125092 
-0.00125222 
-0.0012535 
-0.00125476 
-0.00125601 
-0.00125724 
-0.00125846 
-0.00125966 
-0.00126085 
-0.00126202 
-0.00126318 
-0.00126432 
-0.00126544 
-0.00126655 
-0.00126764 
-0.00126871 
-0.00126977 
-0.00127081 
-0.00127183 
-0.00127284 
-0.00127383 
-0.0012748 
-0.00127576 
-0.0012767 
-0.00127762 
-0.00127852 
-0.0012794 
-0.00128027 
-0.00128112 
-0.00128196 
-0.00128277 
-0.00128357 
-0.00128435 
-0.00128511 
-0.00128586 
-0.00128658 
-0.00128729 
-0.00128798 
-0.00128866 
-0.00128931 
-0.00128995 
-0.00129056 
-0.00129116 
-0.00129175 
-0.00129231 
-0.00129285 
-0.00129338 
-0.00129389 
-0.00129438 
-0.00129485 
-0.0012953 
-0.00129574 
-0.00129615 
-0.00129655 
-0.00129693 
-0.00129729 
-0.00129763 
-0.00129796 
-0.00129826 
-0.00129855 
-0.00129882 
-0.00129907 
-0.0012993 
-0.00129951 
-0.00129971 
-0.00129988 
-0.00130004 
-0.00130018 
-0.0013003 
-0.0013004 
-0.00130049 
-0.00130056 
-0.0013006 
-0.00130063 
-0.00130064 
-0.00130064 
-0.00130061 
-0.00130057 
-0.00130051 
-0.00130043 
-0.00130033 
-0.00130022 
-0.00130009 
-0.00129994 
-0.00129977 
-0.00129959 
-0.00129938 
-0.00129916 
-0.00129892 
-0.00129867 
-0.0012984 
-0.00129811 
-0.0012978 
-0.00129748 
-0.00129714 
-0.00129678 
-0.00129641 
-0.00129601 
-0.00129561 
-0.00129518 
-0.00129474 
-0.00129428 
-0.00129381 
-0.00129332 
-0.00129282 
-0.0012923 
-0.00129176 
-0.00129121 
-0.00129064 
-0.00129005 
-0.00128945 
-0.00128884 
-0.00128821 
-0.00128757 
-0.00128691 
-0.00128623 
-0.00128554 
-0.00128484 
-0.00128412 
-0.00128339 
-0.00128265 
-0.00128189 
-0.00128112 
-0.00128033 
-0.00127953 
-0.00127872 
-0.00127789 
-0.00127705 
-0.0012762 
-0.00127534 
-0.00127446 
-0.00127357 
-0.00127267 
-0.00127176 
-0.00127083 
-0.0012699 
-0.00126895 
-0.00126799 
-0.00126702 
-0.00126604 
-0.00126505 
-0.00126405 
-0.00126304 
-0.00126201 
-0.00126098 
-0.00125994 
-0.00125889 
-0.00125783 
-0.00125677 
-0.00125569 
-0.00125461 
-0.00125351 
-0.00125241 
-0.0012513 
-0.00125019 
-0.00124906 
-0.00124794 
-0.0012468 
-0.00124565 
-0.0012445 
-0.00124335 
-0.00124219 
-0.00124102 
-0.00123984 
-0.00123867 
-0.00123748 
-0.0012363 
-0.00123511 
-0.00123391 
-0.00123271 
-0.00123151 
-0.0012303 
-0.00122909 
-0.00122788 
-0.00122667 
-0.00122545 
-0.00122423 
-0.00122301 
-0.00122179 
-0.00122057 
-0.00121935 
-0.00121812 
-0.0012169 
-0.00121568 
-0.00121446 
-0.00121323 
-0.00121202 
-0.00121079 
-0.00120958 
-0.00120836 
-0.00120715 
-0.00120593 
-0.00120473 
-0.00120352 
-0.00120232 
-0.00120112 
-0.00119993 
-0.00119874 
-0.00119755 
-0.00119637 
-0.0011952 
-0.00119403 
-0.00119287 
-0.0011917 
-0.00119056 
-0.00118941 
-0.00118828 
-0.00118714 
-0.00118602 
-0.00118491 
-0.0011838 
-0.0011827 
-0.00118162 
-0.00118054 
-0.00117947 
-0.00117841 
-0.00117736 
-0.00117632 
-0.0011753 
-0.00117427 
-0.00117327 
-0.00117227 
-0.0011713 
-0.00117032 
-0.00116937 
-0.00116842 
-0.00116749 
-0.00116657 
-0.00116567 
-0.00116478 
-0.0011639 
-0.00116304 
-0.00116219 
-0.00116136 
-0.00116054 
-0.00115974 
-0.00115896 
-0.00115818 
-0.00115744 
-0.0011567 
-0.00115598 
-0.00115527 
-0.00115459 
-0.00115392 
-0.00115328 
-0.00115264 
-0.00115203 
-0.00115143 
-0.00115086 
-0.0011503 
-0.00114977 
-0.00114925 
-0.00114875 
-0.00114827 
-0.00114781 
-0.00114737 
-0.00114696 
-0.00114656 
-0.00114618 
-0.00114582 
-0.00114549 
-0.00114518 
-0.00114489 
-0.00114461 
-0.00114437 
-0.00114414 
-0.00114394 
-0.00114375 
-0.0011436 
-0.00114345 
-0.00114334 
-0.00114325 
-0.00114318 
-0.00114313 
-0.00114311 
-0.0011431 
-0.00114313 
-0.00114317 
-0.00114324 
-0.00114333 
-0.00114345 
-0.00114359 
-0.00114375 
-0.00114393 
-0.00114415 
-0.00114438 
-0.00114464 
-0.00114491 
-0.00114522 
-0.00114554 
-0.0011459 
-0.00114627 
-0.00114667 
-0.00114709 
-0.00114753 
-0.001148 
-0.00114849 
-0.00114901 
-0.00114955 
-0.00115011 
-0.00115069 
-0.0011513 
-0.00115193 
-0.00115258 
-0.00115326 
-0.00115396 
-0.00115469 
-0.00115543 
-0.0011562 
-0.00115698 
-0.0011578 
-0.00115863 
-0.00115949 
-0.00116036 
-0.00116126 
-0.00116218 
-0.00116312 
-0.00116408 
-0.00116506 
-0.00116606 
-0.00116709 
-0.00116813 
-0.0011692 
-0.00117028 
-0.00117138 
-0.0011725 
-0.00117365 
-0.00117481 
-0.00117599 
-0.00117718 
-0.0011784 
-0.00117963 
-0.00118088 
-0.00118215 
-0.00118344 
-0.00118474 
-0.00118606 
-0.00118739 
-0.00118874 
-0.00119011 
-0.00119149 
-0.00119289 
-0.0011943 
-0.00119573 
-0.00119717 
-0.00119862 
-0.00120009 
-0.00120157 
-0.00120307 
-0.00120457 
-0.00120609 
-0.00120762 
-0.00120917 
-0.00121072 
-0.00121228 
-0.00121386 
-0.00121544 
-0.00121704 
-0.00121864 
-0.00122025 
-0.00122188 
-0.00122351 
-0.00122515 
-0.00122679 
-0.00122845 
-0.00123011 
-0.00123177 
-0.00123345 
-0.00123513 
-0.00123681 
-0.0012385 
-0.0012402 
-0.0012419 
-0.0012436 
-0.00124531 
-0.00124702 
-0.00124873 
-0.00125045 
-0.00125216 
-0.00125388 
-0.0012556 
-0.00125733 
-0.00125905 
-0.00126077 
-0.0012625 
-0.00126422 
-0.00126594 
-0.00126766 
-0.00126938 
-0.0012711 
-0.00127282 
-0.00127453 
-0.00127624 
-0.00127795 
-0.00127965 
-0.00128135 
-0.00128305 
-0.00128474 
-0.00128643 
-0.00128811 
-0.00128978 
-0.00129145 
-0.00129311 
-0.00129477 
-0.00129642 
-0.00129807 
-0.0012997 
-0.00130133 
-0.00130295 
-0.00130456 
-0.00130616 
-0.00130775 
-0.00130934 
-0.00131091 
-0.00131247 
-0.00131403 
-0.00131557 
-0.00131711 
-0.00131863 
-0.00132014 
-0.00132164 
-0.00132313 
-0.0013246 
-0.00132606 
-0.00132751 
-0.00132895 
-0.00133037 
-0.00133179 
-0.00133318 
-0.00133457 
-0.00133594 
-0.0013373 
-0.00133864 
-0.00133997 
-0.00134128 
-0.00134258 
-0.00134386 
-0.00134513 
-0.00134638 
-0.00134762 
-0.00134884 
-0.00135004 
-0.00135123 
-0.00135241 
-0.00135356 
-0.0013547 
-0.00135582 
-0.00135693 
-0.00135802 
-0.00135909 
-0.00136014 
-0.00136118 
-0.0013622 
-0.00136321 
-0.00136419 
-0.00136516 
-0.0013661 
-0.00136704 
-0.00136795 
-0.00136885 
-0.00136972 
-0.00137059 
-0.00137142 
-0.00137225 
-0.00137305 
-0.00137384 
-0.0013746 
-0.00137536 
-0.00137609 
-0.0013768 
-0.00137749 
-0.00137817 
-0.00137882 
-0.00137947 
-0.00138008 
-0.00138069 
-0.00138127 
-0.00138184 
-0.00138238 
-0.00138291 
-0.00138341 
-0.00138391 
-0.00138438 
-0.00138483 
-0.00138527 
-0.00138569 
-0.00138608 
-0.00138647 
-0.00138683 
-0.00138718 
-0.0013875 
-0.00138781 
-0.0013881 
-0.00138838 
-0.00138863 
-0.00138887 
-0.00138909 
-0.00138929 
-0.00138948 
-0.00138965 
-0.0013898 
-0.00138994 
-0.00139005 
-0.00139016 
-0.00139024 
-0.00139031 
-0.00139036 
-0.0013904 
-0.00139041 
-0.00139042 
-0.0013904 
-0.00139038 
-0.00139033 
-0.00139028 
-0.0013902 
-0.00139011 
-0.00139 
-0.00138989 
-0.00138975 
-0.00138961 
-0.00138944 
-0.00138927 
-0.00138907 
-0.00138887 
-0.00138865 
-0.00138842 
-0.00138817 
-0.00138791 
-0.00138764 
-0.00138736 
-0.00138706 
-0.00138675 
-0.00138642 
-0.00138609 
-0.00138574 
-0.00138539 
-0.00138502 
-0.00138464 
-0.00138424 
-0.00138385 
-0.00138343 
-0.00138301 
-0.00138257 
-0.00138213 
-0.00138167 
-0.00138121 
-0.00138073 
-0.00138025 
-0.00137976 
-0.00137926 
-0.00137874 
-0.00137823 
-0.0013777 
-0.00137717 
-0.00137662 
-0.00137607 
-0.00137551 
-0.00137495 
-0.00137437 
-0.00137379 
-0.0013732 
-0.00137261 
-0.00137201 
-0.00137141 
-0.00137079 
-0.00137018 
-0.00136955 
-0.00136893 
-0.00136829 
-0.00136766 
-0.00136701 
-0.00136637 
-0.00136572 
-0.00136506 
-0.0013644 
-0.00136374 
-0.00136307 
-0.00136241 
-0.00136173 
-0.00136106 
-0.00136038 
-0.00135971 
-0.00135902 
-0.00135834 
-0.00135765 
-0.00135697 
-0.00135628 
-0.00135559 
-0.0013549 
-0.00135421 
-0.00135352 
-0.00135283 
-0.00135214 
-0.00135145 
-0.00135075 
-0.00135007 
-0.00134937 
-0.00134869 
-0.001348 
-0.00134731 
-0.00134663 
-0.00134595 
-0.00134526 
-0.00134459 
-0.00134391 
-0.00134324 
-0.00134256 
-0.00134189 
-0.00134123 
-0.00134057 
-0.0013399 
-0.00133925 
-0.0013386 
-0.00133795 
-0.0013373 
-0.00133667 
-0.00133603 
-0.0013354 
-0.00133477 
-0.00133416 
-0.00133354 
-0.00133293 
-0.00133232 
-0.00133173 
-0.00133113 
-0.00133055 
-0.00132997 
-0.00132939 
-0.00132883 
-0.00132827 
-0.00132771 
-0.00132717 
-0.00132663 
-0.0013261 
-0.00132557 
-0.00132505 
-0.00132454 
-0.00132404 
-0.00132355 
-0.00132307 
-0.00132259 
-0.00132212 
-0.00132166 
-0.00132122 
-0.00132077 
-0.00132034 
-0.00131992 
-0.00131951 
-0.00131911 
-0.00131871 
-0.00131833 
-0.00131796 
-0.00131759 
-0.00131724 
-0.0013169 
-0.00131657 
-0.00131625 
-0.00131594 
-0.00131564 
-0.00131535 
-0.00131508 
-0.00131481 
-0.00131456 
-0.00131432 
-0.00131409 
-0.00131387 
-0.00131366 
-0.00131347 
-0.00131329 
-0.00131312 
-0.00131296 
-0.00131282 
-0.00131268 
-0.00131257 
-0.00131246 
-0.00131237 
-0.00131229 
-0.00131222 
-0.00131217 
-0.00131213 
-0.0013121 
-0.00131209 
-0.00131208 
-0.0013121 
-0.00131213 
-0.00131217 
-0.00131222 
-0.00131229 
-0.00131238 
-0.00131248 
-0.00131259 
-0.00131271 
-0.00131285 
-0.00131301 
-0.00131318 
-0.00131337 
-0.00131356 
-0.00131378 
-0.00131401 
-0.00131425 
-0.00131451 
-0.00131479 
-0.00131507 
-0.00131538 
-0.0013157 
-0.00131603 
-0.00131638 
-0.00131675 
-0.00131713 
-0.00131752 
-0.00131793 
-0.00131836 
-0.0013188 
-0.00131926 
-0.00131973 
-0.00132022 
-0.00132072 
-0.00132125 
-0.00132178 
-0.00132233 
-0.0013229 
-0.00132348 
-0.00132408 
-0.00132469 
-0.00132532 
-0.00132597 
-0.00132663 
-0.0013273 
-0.001328 
-0.0013287 
-0.00132943 
-0.00133017 
-0.00133092 
-0.00133169 
-0.00133248 
-0.00133328 
-0.0013341 
-0.00133493 
-0.00133578 
-0.00133664 
-0.00133752 
-0.00133842 
-0.00133933 
-0.00134025 
-0.00134119 
-0.00134215 
-0.00134312 
-0.00134411 
-0.00134511 
-0.00134612 
-0.00134715 
-0.0013482 
-0.00134926 
-0.00135034 
-0.00135143 
-0.00135253 
-0.00135365 
-0.00135479 
-0.00135594 
-0.0013571 
-0.00135828 
-0.00135947 
-0.00136067 
-0.00136189 
-0.00136312 
-0.00136437 
-0.00136563 
-0.00136691 
-0.00136819 
-0.0013695 
-0.00137081 
-0.00137214 
-0.00137347 
-0.00137483 
-0.00137619 
-0.00137757 
-0.00137896 
-0.00138037 
-0.00138178 
-0.00138321 
-0.00138465 
-0.0013861 
-0.00138756 
-0.00138904 
-0.00139052 
-0.00139202 
-0.00139353 
-0.00139505 
-0.00139657 
-0.00139812 
-0.00139967 
-0.00140123 
-0.0014028 
-0.00140438 
-0.00140597 
-0.00140757 
-0.00140918 
-0.0014108 
-0.00141242 
-0.00141406 
-0.00141571 
-0.00141736 
-0.00141902 
-0.00142069 
-0.00142237 
-0.00142406 
-0.00142575 
-0.00142745 
-0.00142915 
-0.00143087 
-0.00143259 
-0.00143432 
-0.00143605 
-0.00143779 
-0.00143953 
-0.00144129 
-0.00144304 
-0.0014448 
-0.00144657 
-0.00144834 
-0.00145011 
-0.00145189 
-0.00145367 
-0.00145546 
-0.00145725 
-0.00145905 
-0.00146084 
-0.00146265 
-0.00146444 
-0.00146625 
-0.00146806 
-0.00146987 
-0.00147167 
-0.00147349 
-0.0014753 
-0.00147712 
-0.00147892 
-0.00148074 
-0.00148255 
-0.00148437 
-0.00148618 
-0.001488 
-0.00148981 
-0.00149162 
-0.00149343 
-0.00149524 
-0.00149704 
-0.00149885 
-0.00150065 
-0.00150245 
-0.00150424 
-0.00150604 
-0.00150782 
-0.00150961 
-0.00151139 
-0.00151317 
-0.00151494 
-0.00151671 
-0.00151847 
-0.00152023 
-0.00152198 
-0.00152373 
-0.00152546 
-0.0015272 
-0.00152892 
-0.00153065 
-0.00153235 
-0.00153407 
-0.00153576 
-0.00153745 
-0.00153913 
-0.00154081 
-0.00154247 
-0.00154413 
-0.00154577 
-0.00154741 
-0.00154903 
-0.00155065 
-0.00155226 
-0.00155386 
-0.00155544 
-0.00155702 
-0.00155858 
-0.00156013 
-0.00156167 
-0.0015632 
-0.00156471 
-0.00156622 
-0.00156771 
-0.00156919 
-0.00157065 
-0.00157211 
-0.00157354 
-0.00157497 
-0.00157638 
-0.00157778 
-0.00157916 
-0.00158053 
-0.00158188 
-0.00158322 
-0.00158453 
-0.00158585 
-0.00158713 
-0.00158841 
-0.00158966 
-0.00159091 
-0.00159213 
-0.00159335 
-0.00159453 
-0.00159571 
-0.00159686 
-0.00159801 
-0.00159912 
-0.00160023 
-0.00160131 
-0.00160239 
-0.00160343 
-0.00160447 
-0.00160547 
-0.00160647 
-0.00160744 
-0.0016084 
-0.00160933 
-0.00161025 
-0.00161114 
-0.00161202 
-0.00161287 
-0.00161371 
-0.00161452 
-0.00161533 
-0.00161609 
-0.00161685 
-0.00161758 
-0.0016183 
-0.00161899 
-0.00161966 
-0.0016203 
-0.00162094 
-0.00162154 
-0.00162213 
-0.00162269 
-0.00162323 
-0.00162375 
-0.00162425 
-0.00162472 
-0.00162518 
-0.00162561 
-0.00162602 
-0.0016264 
-0.00162678 
-0.00162711 
-0.00162744 
-0.00162773 
-0.00162801 
-0.00162826 
-0.0016285 
-0.0016287 
-0.00162889 
-0.00162905 
-0.00162919 
-0.0016293 
-0.00162941 
-0.00162947 
-0.00162953 
-0.00162955 
-0.00162956 
-0.00162953 
-0.0016295 
-0.00162943 
-0.00162935 
-0.00162923 
-0.00162911 
-0.00162895 
-0.00162878 
-0.00162857 
-0.00162836 
-0.00162811 
-0.00162785 
-0.00162756 
-0.00162725 
-0.00162691 
-0.00162657 
-0.00162618 
-0.00162579 
-0.00162537 
-0.00162493 
-0.00162446 
-0.00162398 
-0.00162347 
-0.00162295 
-0.0016224 
-0.00162183 
-0.00162123 
-0.00162063 
-0.00161999 
-0.00161934 
-0.00161866 
-0.00161797 
-0.00161725 
-0.00161653 
-0.00161576 
-0.001615 
-0.0016142 
-0.00161339 
-0.00161255 
-0.0016117 
-0.00161082 
-0.00160994 
-0.00160902 
-0.0016081 
-0.00160715 
-0.00160619 
-0.0016052 
-0.0016042 
-0.00160318 
-0.00160215 
-0.00160109 
-0.00160002 
-0.00159893 
-0.00159782 
-0.0015967 
-0.00159556 
-0.0015944 
-0.00159324 
-0.00159204 
-0.00159085 
-0.00158962 
-0.0015884 
-0.00158714 
-0.00158588 
-0.0015846 
-0.00158331 
-0.001582 
-0.00158068 
-0.00157934 
-0.001578 
-0.00157663 
-0.00157526 
-0.00157387 
-0.00157248 
-0.00157106 
-0.00156964 
-0.0015682 
-0.00156675 
-0.00156529 
-0.00156382 
-0.00156233 
-0.00156085 
-0.00155934 
-0.00155783 
-0.0015563 
-0.00155477 
-0.00155322 
-0.00155167 
-0.0015501 
-0.00154854 
-0.00154695 
-0.00154537 
-0.00154377 
-0.00154217 
-0.00154055 
-0.00153893 
-0.0015373 
-0.00153567 
-0.00153403 
-0.00153239 
-0.00153073 
-0.00152907 
-0.0015274 
-0.00152573 
-0.00152405 
-0.00152238 
-0.00152069 
-0.001519 
-0.0015173 
-0.0015156 
-0.0015139 
-0.00151219 
-0.00151048 
-0.00150877 
-0.00150705 
-0.00150533 
-0.0015036 
-0.00150188 
-0.00150015 
-0.00149843 
-0.00149669 
-0.00149496 
-0.00149323 
-0.0014915 
-0.00148976 
-0.00148803 
-0.00148629 
-0.00148455 
-0.00148281 
-0.00148108 
-0.00147934 
-0.00147761 
-0.00147587 
-0.00147414 
-0.00147241 
-0.00147068 
-0.00146895 
-0.00146722 
-0.0014655 
-0.00146377 
-0.00146205 
-0.00146034 
-0.00145862 
-0.00145691 
-0.0014552 
-0.00145349 
-0.00145179 
-0.00145009 
-0.00144839 
-0.0014467 
-0.00144501 
-0.00144333 
-0.00144165 
-0.00143998 
-0.0014383 
-0.00143664 
-0.00143498 
-0.00143333 
-0.00143167 
-0.00143003 
-0.00142839 
-0.00142676 
-0.00142513 
-0.00142351 
-0.00142189 
-0.00142029 
-0.00141868 
-0.00141709 
-0.00141549 
-0.00141391 
-0.00141233 
-0.00141077 
-0.0014092 
-0.00140765 
-0.0014061 
-0.00140456 
-0.00140302 
-0.00140149 
-0.00139997 
-0.00139846 
-0.00139696 
-0.00139546 
-0.00139397 
-0.00139249 
-0.00139102 
-0.00138956 
-0.0013881 
-0.00138665 
-0.00138521 
-0.00138378 
-0.00138236 
-0.00138094 
-0.00137954 
-0.00137814 
-0.00137675 
-0.00137537 
-0.001374 
-0.00137264 
-0.00137128 
-0.00136994 
-0.0013686 
-0.00136727 
-0.00136595 
-0.00136464 
-0.00136334 
-0.00136205 
-0.00136077 
-0.0013595 
-0.00135823 
-0.00135698 
-0.00135573 
-0.00135449 
-0.00135326 
-0.00135204 
-0.00135083 
-0.00134963 
-0.00134844 
-0.00134726 
-0.00134609 
-0.00134492 
-0.00134377 
-0.00134262 
-0.00134148 
-0.00134036 
-0.00133924 
-0.00133813 
-0.00133703 
-0.00133594 
-0.00133486 
-0.00133378 
-0.00133272 
-0.00133167 
-0.00133062 
-0.00132958 
-0.00132855 
-0.00132754 
-0.00132652 
-0.00132552 
-0.00132453 
-0.00132355 
-0.00132257 
-0.00132161 
-0.00132065 
-0.0013197 
-0.00131876 
-0.00131783 
-0.00131691 
-0.00131599 
-0.00131509 
-0.00131419 
-0.0013133 
-0.00131242 
-0.00131155 
-0.00131069 
-0.00130983 
-0.00130898 
-0.00130814 
-0.00130731 
-0.00130649 
-0.00130567 
-0.00130487 
-0.00130407 
-0.00130328 
-0.00130249 
-0.00130172 
-0.00130095 
-0.00130019 
-0.00129944 
-0.00129869 
-0.00129796 
-0.00129723 
-0.0012965 
-0.00129579 
-0.00129508 
-0.00129438 
-0.00129369 
-0.001293 
-0.00129232 
-0.00129165 
-0.00129099 
-0.00129033 
-0.00128968 
-0.00128903 
-0.0012884 
-0.00128777 
-0.00128714 
-0.00128652 
-0.00128591 
-0.00128531 
-0.00128471 
-0.00128412 
-0.00128354 
-0.00128296 
-0.00128238 
-0.00128182 
-0.00128126 
-0.0012807 
-0.00128015 
-0.00127961 
-0.00127907 
-0.00127854 
-0.00127802 
-0.0012775 
-0.00127698 
-0.00127648 
-0.00127597 
-0.00127548 
-0.00127498 
-0.0012745 
-0.00127402 
-0.00127354 
-0.00127307 
-0.0012726 
-0.00127214 
-0.00127169 
-0.00127123 
-0.00127079 
-0.00127035 
-0.00126991 
-0.00126948 
-0.00126905 
-0.00126863 
-0.00126821 
-0.00126779 
-0.00126738 
-0.00126698 
-0.00126658 
-0.00126618 
-0.00126579 
-0.0012654 
-0.00126501 
-0.00126463 
-0.00126425 
-0.00126388 
-0.00126351 
-0.00126314 
-0.00126278 
-0.00126242 
-0.00126207 
-0.00126171 
-0.00126137 
-0.00126102 
-0.00126068 
-0.00126034 
-0.00126 
-0.00125967 
-0.00125934 
-0.00125901 
-0.00125869 
-0.00125836 
-0.00125804 
-0.00125773 
-0.00125741 
-0.0012571 
-0.00125679 
-0.00125648 
-0.00125618 
-0.00125588 
-0.00125558 
-0.00125528 
-0.00125498 
-0.00125469 
-0.00125439 
-0.0012541 
-0.00125381 
-0.00125352 
-0.00125324 
-0.00125295 
-0.00125267 
-0.00125239 
-0.0012521 
-0.00125182 
-0.00125154 
-0.00125127 
-0.00125099 
-0.00125071 
-0.00125044 
-0.00125016 
-0.00124989 
-0.00124961 
-0.00124934 
-0.00124906 
-0.00124879 
-0.00124852 
-0.00124824 
-0.00124797 
-0.0012477 
-0.00124742 
-0.00124715 
-0.00124688 
-0.0012466 
-0.00124633 
-0.00124605 
-0.00124578 
-0.0012455 
-0.00124522 
-0.00124494 
-0.00124466 
-0.00124438 
-0.0012441 
-0.00124381 
-0.00124353 
-0.00124324 
-0.00124295 
-0.00124266 
-0.00124237 
-0.00124208 
-0.00124178 
-0.00124148 
-0.00124118 
-0.00124088 
-0.00124058 
-0.00124027 
-0.00123996 
-0.00123965 
-0.00123933 
-0.00123901 
-0.00123869 
-0.00123837 
-0.00123804 
-0.00123771 
-0.00123738 
-0.00123704 
-0.0012367 
-0.00123635 
-0.00123601 
-0.00123565 
-0.0012353 
-0.00123494 
-0.00123458 
-0.00123421 
-0.00123383 
-0.00123346 
-0.00123308 
-0.00123269 
-0.0012323 
-0.0012319 
-0.0012315 
-0.0012311 
-0.00123069 
-0.00123027 
-0.00122985 
-0.00122943 
-0.00122899 
-0.00122856 
-0.00122811 
-0.00122767 
-0.00122721 
-0.00122675 
-0.00122629 
-0.00122581 
-0.00122533 
-0.00122485 
-0.00122436 
-0.00122386 
-0.00122336 
-0.00122284 
-0.00122233 
-0.0012218 
-0.00122127 
-0.00122073 
-0.00122019 
-0.00121963 
-0.00121907 
-0.00121851 
-0.00121793 
-0.00121735 
-0.00121676 
-0.00121616 
-0.00121556 
-0.00121494 
-0.00121432 
-0.00121369 
-0.00121306 
-0.00121241 
-0.00121176 
-0.0012111 
-0.00121043 
-0.00120975 
-0.00120906 
-0.00120837 
-0.00120767 
-0.00120695 
-0.00120623 
-0.0012055 
-0.00120477 
-0.00120402 
-0.00120326 
-0.0012025 
-0.00120173 
-0.00120094 
-0.00120015 
-0.00119935 
-0.00119854 
-0.00119772 
-0.0011969 
-0.00119606 
-0.00119521 
-0.00119436 
-0.00119349 
-0.00119262 
-0.00119174 
-0.00119084 
-0.00118994 
-0.00118903 
-0.00118811 
-0.00118718 
-0.00118624 
-0.00118529 
-0.00118433 
-0.00118336 
-0.00118239 
-0.0011814 
-0.0011804 
-0.0011794 
-0.00117838 
-0.00117736 
-0.00117633 
-0.00117528 
-0.00117423 
-0.00117317 
-0.0011721 
-0.00117102 
-0.00116993 
-0.00116883 
-0.00116772 
-0.00116661 
-0.00116548 
-0.00116435 
-0.00116321 
-0.00116205 
-0.00116089 
-0.00115972 
-0.00115854 
-0.00115736 
-0.00115616 
-0.00115496 
-0.00115374 
-0.00115252 
-0.00115129 
-0.00115006 
-0.00114881 
-0.00114756 
-0.0011463 
-0.00114503 
-0.00114375 
-0.00114246 
-0.00114117 
-0.00113987 
-0.00113857 
-0.00113725 
-0.00113593 
-0.0011346 
-0.00113327 
-0.00113192 
-0.00113058 
-0.00112922 
-0.00112786 
-0.00112649 
-0.00112512 
-0.00112374 
-0.00112235 
-0.00112096 
-0.00111956 
-0.00111816 
-0.00111675 
-0.00111534 
-0.00111392 
-0.0011125 
-0.00111107 
-0.00110964 
-0.00110821 
-0.00110677 
-0.00110532 
-0.00110387 
-0.00110242 
-0.00110097 
-0.00109951 
-0.00109805 
-0.00109659 
-0.00109512 
-0.00109365 
-0.00109218 
-0.00109071 
-0.00108923 
-0.00108775 
-0.00108628 
-0.0010848 
-0.00108331 
-0.00108183 
-0.00108035 
-0.00107887 
-0.00107738 
-0.0010759 
-0.00107442 
-0.00107294 
-0.00107145 
-0.00106997 
-0.00106849 
-0.00106701 
-0.00106553 
-0.00106406 
-0.00106258 
-0.00106111 
-0.00105964 
-0.00105818 
-0.00105671 
-0.00105525 
-0.00105379 
-0.00105234 
-0.00105089 
-0.00104944 
-0.001048 
-0.00104656 
-0.00104513 
-0.0010437 
-0.00104228 
-0.00104086 
-0.00103945 
-0.00103804 
-0.00103664 
-0.00103525 
-0.00103386 
-0.00103248 
-0.00103111 
-0.00102975 
-0.00102839 
-0.00102704 
-0.0010257 
-0.00102436 
-0.00102304 
-0.00102172 
-0.00102041 
-0.00101912 
-0.00101783 
-0.00101655 
-0.00101528 
-0.00101402 
-0.00101277 
-0.00101154 
-0.00101031 
-0.0010091 
-0.00100789 
-0.0010067 
-0.00100552 
-0.00100435 
-0.00100319 
-0.00100205 
-0.00100092 
-0.000999804 
-0.000998697 
-0.000997607 
-0.000996528 
-0.000995466 
-0.000994414 
-0.00099338 
-0.000992357 
-0.000991352 
-0.000990358 
-0.000989383 
-0.00098842 
-0.000987476 
-0.000986544 
-0.000985631 
-0.000984731 
-0.00098385 
-0.000982982 
-0.000982135 
-0.000981301 
-0.000980487 
-0.000979687 
-0.000978907 
-0.000978142 
-0.000977398 
-0.000976668 
-0.000975959 
-0.000975266 
-0.000974593 
-0.000973936 
-0.000973301 
-0.000972682 
-0.000972084 
-0.000971503 
-0.000970943 
-0.0009704 
-0.00096988 
-0.000969375 
-0.000968894 
-0.000968429 
-0.000967988 
-0.000967563 
-0.000967162 
-0.000966777 
-0.000966417 
-0.000966073 
-0.000965753 
-0.000965451 
-0.000965173 
-0.000964912 
-0.000964675 
-0.000964456 
-0.000964262 
-0.000964085 
-0.000963933 
-0.000963799 
-0.000963689 
-0.000963598 
-0.000963531 
-0.000963483 
-0.000963459 
-0.000963454 
-0.000963473 
-0.000963511 
-0.000963574 
-0.000963655 
-0.000963761 
-0.000963886 
-0.000964035 
-0.000964203 
-0.000964397 
-0.000964608 
-0.000964845 
-0.0009651 
-0.000965381 
-0.000965679 
-0.000966003 
-0.000966345 
-0.000966712 
-0.000967097 
-0.000967508 
-0.000967936 
-0.00096839 
-0.000968861 
-0.000969358 
-0.000969872 
-0.000970411 
-0.000970968 
-0.00097155 
-0.000972149 
-0.000972773 
-0.000973414 
-0.00097408 
-0.000974763 
-0.00097547 
-0.000976195 
-0.000976943 
-0.000977709 
-0.000978498 
-0.000979304 
-0.000980134 
-0.00098098 
-0.00098185 
-0.000982736 
-0.000983645 
-0.000984571 
-0.000985519 
-0.000986483 
-0.00098747 
-0.000988472 
-0.000989497 
-0.000990537 
-0.000991599 
-0.000992676 
-0.000993774 
-0.000994888 
-0.000996023 
-0.000997172 
-0.000998342 
-0.000999527 
-0.00100073 
-0.00100195 
-0.00100319 
-0.00100444 
-0.00100572 
-0.001007 
-0.00100831 
-0.00100963 
-0.00101096 
-0.00101231 
-0.00101368 
-0.00101506 
-0.00101646 
-0.00101787 
-0.0010193 
-0.00102074 
-0.0010222 
-0.00102366 
-0.00102515 
-0.00102664 
-0.00102816 
-0.00102968 
-0.00103122 
-0.00103276 
-0.00103433 
-0.0010359 
-0.00103749 
-0.00103908 
-0.0010407 
-0.00104231 
-0.00104395 
-0.00104559 
-0.00104724 
-0.00104891 
-0.00105058 
-0.00105227 
-0.00105396 
-0.00105566 
-0.00105738 
-0.0010591 
-0.00106083 
-0.00106257 
-0.00106432 
-0.00106607 
-0.00106783 
-0.0010696 
-0.00107138 
-0.00107317 
-0.00107496 
-0.00107676 
-0.00107856 
-0.00108037 
-0.00108219 
-0.00108401 
-0.00108584 
-0.00108767 
-0.0010895 
-0.00109134 
-0.00109319 
-0.00109504 
-0.00109689 
-0.00109875 
-0.00110061 
-0.00110247 
-0.00110434 
-0.0011062 
-0.00110807 
-0.00110995 
-0.00111182 
-0.0011137 
-0.00111557 
-0.00111745 
-0.00111933 
-0.00112121 
-0.00112309 
-0.00112496 
-0.00112684 
-0.00112872 
-0.0011306 
-0.00113247 
-0.00113435 
-0.00113622 
-0.0011381 
-0.00113997 
-0.00114183 
-0.0011437 
-0.00114556 
-0.00114742 
-0.00114928 
-0.00115113 
-0.00115298 
-0.00115483 
-0.00115667 
-0.00115851 
-0.00116034 
-0.00116217 
-0.00116399 
-0.00116581 
-0.00116762 
-0.00116943 
-0.00117123 
-0.00117302 
-0.00117481 
-0.00117659 
-0.00117837 
-0.00118014 
-0.0011819 
-0.00118365 
-0.0011854 
-0.00118714 
-0.00118887 
-0.00119059 
-0.00119231 
-0.00119401 
-0.00119571 
-0.0011974 
-0.00119908 
-0.00120075 
-0.00120241 
-0.00120406 
-0.0012057 
-0.00120733 
-0.00120895 
-0.00121056 
-0.00121216 
-0.00121374 
-0.00121532 
-0.00121689 
-0.00121844 
-0.00121999 
-0.00122152 
-0.00122304 
-0.00122455 
-0.00122604 
-0.00122753 
-0.001229 
-0.00123046 
-0.0012319 
-0.00123334 
-0.00123476 
-0.00123616 
-0.00123756 
-0.00123894 
-0.0012403 
-0.00124165 
-0.00124299 
-0.00124432 
-0.00124562 
-0.00124692 
-0.0012482 
-0.00124947 
-0.00125072 
-0.00125196 
-0.00125318 
-0.00125439 
-0.00125558 
-0.00125676 
-0.00125792 
-0.00125907 
-0.0012602 
-0.00126132 
-0.00126242 
-0.00126351 
-0.00126458 
-0.00126563 
-0.00126667 
-0.00126769 
-0.00126869 
-0.00126968 
-0.00127066 
-0.00127162 
-0.00127256 
-0.00127348 
-0.00127439 
-0.00127528 
-0.00127615 
-0.00127701 
-0.00127785 
-0.00127868 
-0.00127949 
-0.00128028 
-0.00128105 
-0.00128181 
-0.00128255 
-0.00128327 
-0.00128398 
-0.00128467 
-0.00128534 
-0.00128599 
-0.00128663 
-0.00128725 
-0.00128785 
-0.00128843 
-0.001289 
-0.00128955 
-0.00129009 
-0.0012906 
-0.0012911 
-0.00129158 
-0.00129204 
-0.00129249 
-0.00129292 
-0.00129333 
-0.00129372 
-0.0012941 
-0.00129445 
-0.00129479 
-0.00129512 
-0.00129542 
-0.00129571 
-0.00129598 
-0.00129624 
-0.00129647 
-0.00129669 
-0.00129689 
-0.00129708 
-0.00129724 
-0.00129739 
-0.00129752 
-0.00129764 
-0.00129774 
-0.00129782 
-0.00129788 
-0.00129793 
-0.00129796 
-0.00129797 
-0.00129796 
-0.00129794 
-0.0012979 
-0.00129785 
-0.00129778 
-0.00129769 
-0.00129758 
-0.00129746 
-0.00129732 
-0.00129717 
-0.00129699 
-0.00129681 
-0.0012966 
-0.00129638 
-0.00129615 
-0.0012959 
-0.00129563 
-0.00129534 
-0.00129505 
-0.00129473 
-0.0012944 
-0.00129405 
-0.00129369 
-0.00129332 
-0.00129292 
-0.00129252 
-0.00129209 
-0.00129166 
-0.00129121 
-0.00129074 
-0.00129026 
-0.00128976 
-0.00128925 
-0.00128873 
-0.00128819 
-0.00128764 
-0.00128708 
-0.0012865 
-0.0012859 
-0.0012853 
-0.00128468 
-0.00128404 
-0.0012834 
-0.00128274 
-0.00128207 
-0.00128138 
-0.00128069 
-0.00127998 
-0.00127926 
-0.00127852 
-0.00127778 
-0.00127702 
-0.00127626 
-0.00127547 
-0.00127468 
-0.00127388 
-0.00127307 
-0.00127224 
-0.00127141 
-0.00127056 
-0.00126971 
-0.00126884 
-0.00126797 
-0.00126708 
-0.00126619 
-0.00126528 
-0.00126437 
-0.00126345 
-0.00126252 
-0.00126158 
-0.00126063 
-0.00125968 
-0.00125871 
-0.00125774 
-0.00125676 
-0.00125578 
-0.00125478 
-0.00125378 
-0.00125278 
-0.00125176 
-0.00125074 
-0.00124972 
-0.00124869 
-0.00124765 
-0.00124661 
-0.00124556 
-0.00124451 
-0.00124345 
-0.00124239 
-0.00124132 
-0.00124025 
-0.00123918 
-0.0012381 
-0.00123702 
-0.00123594 
-0.00123485 
-0.00123376 
-0.00123267 
-0.00123158 
-0.00123048 
-0.00122939 
-0.00122826 
-0.00122715 
-0.00122603 
-0.00122492 
-0.0012238 
-0.00122269 
-0.00122157 
-0.00122046 
-0.00121934 
-0.00121824 
-0.00121712 
-0.00121602 
-0.00121491 
-0.00121382 
-0.00121272 
-0.00121163 
-0.00121053 
-0.00120945 
-0.00120836 
-0.00120729 
-0.00120621 
-0.00120515 
-0.00120408 
-0.00120302 
-0.00120197 
-0.00120092 
-0.00119988 
-0.00119885 
-0.00119782 
-0.0011968 
-0.00119578 
-0.00119478 
-0.00119377 
-0.00119279 
-0.0011918 
-0.00119083 
-0.00118985 
-0.0011889 
-0.00118795 
-0.00118701 
-0.00118607 
-0.00118516 
-0.00118424 
-0.00118335 
-0.00118245 
-0.00118158 
-0.0011807 
-0.00117985 
-0.001179 
-0.00117817 
-0.00117734 
-0.00117654 
-0.00117574 
-0.00117496 
-0.00117418 
-0.00117343 
-0.00117268 
-0.00117196 
-0.00117124 
-0.00117054 
-0.00116985 
-0.00116918 
-0.00116852 
-0.00116789 
-0.00116725 
-0.00116665 
-0.00116605 
-0.00116548 
-0.00116491 
-0.00116437 
-0.00116384 
-0.00116333 
-0.00116284 
-0.00116237 
-0.0011619 
-0.00116147 
-0.00116104 
-0.00116064 
-0.00116025 
-0.00115989 
-0.00115954 
-0.00115921 
-0.0011589 
-0.00115862 
-0.00115834 
-0.00115809 
-0.00115786 
-0.00115765 
-0.00115745 
-0.00115729 
-0.00115713 
-0.00115701 
-0.00115689 
-0.00115681 
-0.00115673 
-0.00115669 
-0.00115666 
-0.00115666 
-0.00115666 
-0.00115671 
-0.00115676 
-0.00115684 
-0.00115694 
-0.00115706 
-0.0011572 
-0.00115737 
-0.00115755 
-0.00115777 
-0.00115799 
-0.00115825 
-0.00115851 
-0.00115881 
-0.00115913 
-0.00115947 
-0.00115982 
-0.00116021 
-0.00116061 
-0.00116104 
-0.00116148 
-0.00116195 
-0.00116244 
-0.00116295 
-0.00116348 
-0.00116404 
-0.00116461 
-0.00116521 
-0.00116582 
-0.00116647 
-0.00116712 
-0.00116781 
-0.00116851 
-0.00116923 
-0.00116997 
-0.00117074 
-0.00117152 
-0.00117233 
-0.00117315 
-0.001174 
-0.00117486 
-0.00117575 
-0.00117665 
-0.00117757 
-0.00117851 
-0.00117948 
-0.00118045 
-0.00118146 
-0.00118247 
-0.00118351 
-0.00118456 
-0.00118563 
-0.00118672 
-0.00118783 
-0.00118895 
-0.00119009 
-0.00119125 
-0.00119243 
-0.00119361 
-0.00119482 
-0.00119604 
-0.00119728 
-0.00119853 
-0.00119981 
-0.00120109 
-0.00120239 
-0.0012037 
-0.00120503 
-0.00120636 
-0.00120772 
-0.00120908 
-0.00121047 
-0.00121186 
-0.00121326 
-0.00121468 
-0.00121611 
-0.00121754 
-0.001219 
-0.00122046 
-0.00122193 
-0.00122341 
-0.0012249 
-0.0012264 
-0.00122791 
-0.00122943 
-0.00123096 
-0.00123249 
-0.00123404 
-0.00123559 
-0.00123715 
-0.00123871 
-0.00124028 
-0.00124186 
-0.00124344 
-0.00124503 
-0.00124663 
-0.00124822 
-0.00124983 
-0.00125143 
-0.00125305 
-0.00125466 
-0.00125628 
-0.0012579 
-0.00125952 
-0.00126114 
-0.00126277 
-0.0012644 
-0.00126602 
-0.00126765 
-0.00126928 
-0.00127091 
-0.00127254 
-0.00127417 
-0.00127579 
-0.00127742 
-0.00127904 
-0.00128066 
-0.00128228 
-0.0012839 
-0.00128551 
-0.00128712 
-0.00128873 
-0.00129033 
-0.00129193 
-0.00129352 
-0.00129511 
-0.00129669 
-0.00129827 
-0.00129984 
-0.0013014 
-0.00130296 
-0.00130451 
-0.00130606 
-0.00130759 
-0.00130912 
-0.00131064 
-0.00131215 
-0.00131365 
-0.00131515 
-0.00131663 
-0.00131811 
-0.00131957 
-0.00132103 
-0.00132247 
-0.00132391 
-0.00132533 
-0.00132675 
-0.00132815 
-0.00132954 
-0.00133092 
-0.00133228 
-0.00133363 
-0.00133498 
-0.0013363 
-0.00133762 
-0.00133892 
-0.00134022 
-0.00134149 
-0.00134275 
-0.001344 
-0.00134523 
-0.00134645 
-0.00134766 
-0.00134884 
-0.00135002 
-0.00135118 
-0.00135233 
-0.00135345 
-0.00135457 
-0.00135567 
-0.00135675 
-0.00135781 
-0.00135887 
-0.0013599 
-0.00136092 
-0.00136192 
-0.00136291 
-0.00136387 
-0.00136482 
-0.00136576 
-0.00136668 
-0.00136757 
-0.00136846 
-0.00136932 
-0.00137017 
-0.001371 
-0.00137182 
-0.00137261 
-0.00137339 
-0.00137415 
-0.00137489 
-0.00137561 
-0.00137632 
-0.00137701 
-0.00137768 
-0.00137833 
-0.00137897 
-0.00137959 
-0.00138019 
-0.00138077 
-0.00138133 
-0.00138187 
-0.00138241 
-0.00138291 
-0.00138341 
-0.00138388 
-0.00138434 
-0.00138477 
-0.0013852 
-0.00138559 
-0.00138598 
-0.00138634 
-0.0013867 
-0.00138702 
-0.00138734 
-0.00138764 
-0.00138792 
-0.00138818 
-0.00138842 
-0.00138865 
-0.00138886 
-0.00138905 
-0.00138923 
-0.00138939 
-0.00138953 
-0.00138965 
-0.00138977 
-0.00138986 
-0.00138994 
-0.00138999 
-0.00139004 
-0.00139006 
-0.00139008 
-0.00139007 
-0.00139006 
-0.00139002 
-0.00138997 
-0.0013899 
-0.00138982 
-0.00138972 
-0.00138962 
-0.00138949 
-0.00138935 
-0.00138919 
-0.00138903 
-0.00138884 
-0.00138865 
-0.00138843 
-0.00138821 
-0.00138797 
-0.00138772 
-0.00138746 
-0.00138718 
-0.00138689 
-0.00138659 
-0.00138627 
-0.00138595 
-0.00138561 
-0.00138526 
-0.00138489 
-0.00138452 
-0.00138413 
-0.00138374 
-0.00138333 
-0.00138291 
-0.00138248 
-0.00138205 
-0.00138159 
-0.00138114 
-0.00138066 
-0.00138019 
-0.0013797 
-0.0013792 
-0.00137869 
-0.00137818 
-0.00137765 
-0.00137712 
-0.00137658 
-0.00137603 
-0.00137547 
-0.00137491 
-0.00137434 
-0.00137376 
-0.00137317 
-0.00137258 
-0.00137198 
-0.00137138 
-0.00137077 
-0.00137015 
-0.00136953 
-0.0013689 
-0.00136826 
-0.00136763 
-0.00136698 
-0.00136633 
-0.00136568 
-0.00136502 
-0.00136436 
-0.0013637 
-0.00136303 
-0.00136236 
-0.00136168 
-0.001361 
-0.00136032 
-0.00135964 
-0.00135895 
-0.00135826 
-0.00135757 
-0.00135688 
-0.00135618 
-0.00135549 
-0.00135479 
-0.00135409 
-0.00135339 
-0.0013527 
-0.001352 
-0.0013513 
-0.0013506 
-0.0013499 
-0.0013492 
-0.0013485 
-0.0013478 
-0.00134711 
-0.00134641 
-0.00134572 
-0.00134503 
-0.00134434 
-0.00134365 
-0.00134297 
-0.00134228 
-0.0013416 
-0.00134092 
-0.00134025 
-0.00133957 
-0.00133891 
-0.00133824 
-0.00133758 
-0.00133692 
-0.00133627 
-0.00133562 
-0.00133498 
-0.00133433 
-0.0013337 
-0.00133307 
-0.00133244 
-0.00133182 
-0.00133121 
-0.0013306 
-0.00133 
-0.0013294 
-0.00132881 
-0.00132822 
-0.00132765 
-0.00132707 
-0.00132651 
-0.00132595 
-0.0013254 
-0.00132486 
-0.00132432 
-0.00132379 
-0.00132327 
-0.00132276 
-0.00132226 
-0.00132176 
-0.00132127 
-0.00132079 
-0.00132032 
-0.00131986 
-0.00131941 
-0.00131896 
-0.00131853 
-0.00131811 
-0.00131769 
-0.00131728 
-0.00131689 
-0.0013165 
-0.00131613 
-0.00131576 
-0.00131541 
-0.00131506 
-0.00131473 
-0.00131441 
-0.00131409 
-0.00131379 
-0.0013135 
-0.00131322 
-0.00131296 
-0.0013127 
-0.00131246 
-0.00131222 
-0.001312 
-0.00131179 
-0.0013116 
-0.00131141 
-0.00131124 
-0.00131108 
-0.00131093 
-0.0013108 
-0.00131068 
-0.00131057 
-0.00131047 
-0.00131039 
-0.00131032 
-0.00131026 
-0.00131022 
-0.00131018 
-0.00131017 
-0.00131016 
-0.00131018 
-0.0013102 
-0.00131024 
-0.00131029 
-0.00131035 
-0.00131043 
-0.00131053 
-0.00131063 
-0.00131076 
-0.00131089 
-0.00131104 
-0.00131121 
-0.00131139 
-0.00131158 
-0.00131179 
-0.00131202 
-0.00131226 
-0.00131251 
-0.00131278 
-0.00131306 
-0.00131336 
-0.00131367 
-0.001314 
-0.00131434 
-0.0013147 
-0.00131507 
-0.00131546 
-0.00131586 
-0.00131628 
-0.00131672 
-0.00131717 
-0.00131763 
-0.00131811 
-0.00131861 
-0.00131912 
-0.00131965 
-0.00132019 
-0.00132075 
-0.00132132 
-0.00132191 
-0.00132251 
-0.00132313 
-0.00132377 
-0.00132442 
-0.00132508 
-0.00132576 
-0.00132646 
-0.00132717 
-0.0013279 
-0.00132864 
-0.0013294 
-0.00133018 
-0.00133097 
-0.00133177 
-0.00133259 
-0.00133342 
-0.00133428 
-0.00133514 
-0.00133602 
-0.00133692 
-0.00133783 
-0.00133876 
-0.0013397 
-0.00134065 
-0.00134163 
-0.00134261 
-0.00134361 
-0.00134463 
-0.00134566 
-0.0013467 
-0.00134776 
-0.00134883 
-0.00134993 
-0.00135103 
-0.00135214 
-0.00135327 
-0.00135442 
-0.00135558 
-0.00135675 
-0.00135794 
-0.00135914 
-0.00136035 
-0.00136158 
-0.00136282 
-0.00136408 
-0.00136535 
-0.00136663 
-0.00136792 
-0.00136923 
-0.00137055 
-0.00137188 
-0.00137323 
-0.00137459 
-0.00137596 
-0.00137734 
-0.00137873 
-0.00138014 
-0.00138156 
-0.00138299 
-0.00138443 
-0.00138588 
-0.00138734 
-0.00138882 
-0.00139031 
-0.00139181 
-0.00139331 
-0.00139483 
-0.00139636 
-0.0013979 
-0.00139944 
-0.001401 
-0.00140257 
-0.00140415 
-0.00140573 
-0.00140733 
-0.00140893 
-0.00141055 
-0.00141217 
-0.0014138 
-0.00141544 
-0.00141709 
-0.00141874 
-0.0014204 
-0.00142207 
-0.00142375 
-0.00142543 
-0.00142713 
-0.00142882 
-0.00143053 
-0.00143224 
-0.00143396 
-0.00143567 
-0.00143741 
-0.00143914 
-0.00144088 
-0.00144262 
-0.00144437 
-0.00144612 
-0.00144788 
-0.00144964 
-0.0014514 
-0.00145317 
-0.00145495 
-0.00145672 
-0.0014585 
-0.00146028 
-0.00146206 
-0.00146385 
-0.00146564 
-0.00146742 
-0.00146922 
-0.00147101 
-0.0014728 
-0.00147459 
-0.00147639 
-0.00147818 
-0.00147998 
-0.00148177 
-0.00148357 
-0.00148536 
-0.00148716 
-0.00148894 
-0.00149074 
-0.00149252 
-0.00149431 
-0.00149609 
-0.00149788 
-0.00149966 
-0.00150144 
-0.00150321 
-0.00150498 
-0.00150674 
-0.00150851 
-0.00151026 
-0.00151202 
-0.00151377 
-0.00151552 
-0.00151725 
-0.00151899 
-0.00152071 
-0.00152244 
-0.00152415 
-0.00152586 
-0.00152756 
-0.00152926 
-0.00153094 
-0.00153263 
-0.0015343 
-0.00153597 
-0.00153762 
-0.00153927 
-0.00154091 
-0.00154254 
-0.00154416 
-0.00154578 
-0.00154737 
-0.00154897 
-0.00155055 
-0.00155213 
-0.00155368 
-0.00155524 
-0.00155677 
-0.00155831 
-0.00155982 
-0.00156133 
-0.00156281 
-0.0015643 
-0.00156576 
-0.00156722 
-0.00156866 
-0.00157009 
-0.0015715 
-0.00157291 
-0.00157429 
-0.00157567 
-0.00157703 
-0.00157838 
-0.0015797 
-0.00158102 
-0.00158232 
-0.00158361 
-0.00158487 
-0.00158613 
-0.00158737 
-0.00158859 
-0.00158979 
-0.00159099 
-0.00159216 
-0.00159332 
-0.00159445 
-0.00159558 
-0.00159668 
-0.00159777 
-0.00159883 
-0.00159989 
-0.00160092 
-0.00160194 
-0.00160293 
-0.00160392 
-0.00160487 
-0.00160582 
-0.00160673 
-0.00160764 
-0.00160852 
-0.00160939 
-0.00161023 
-0.00161106 
-0.00161186 
-0.00161265 
-0.00161341 
-0.00161417 
-0.00161489 
-0.0016156 
-0.00161628 
-0.00161695 
-0.00161759 
-0.00161822 
-0.00161881 
-0.0016194 
-0.00161995 
-0.0016205 
-0.00162101 
-0.00162152 
-0.00162199 
-0.00162245 
-0.00162287 
-0.00162329 
-0.00162368 
-0.00162405 
-0.00162439 
-0.00162473 
-0.00162502 
-0.00162531 
-0.00162557 
-0.00162581 
-0.00162602 
-0.00162623 
-0.00162639 
-0.00162655 
-0.00162668 
-0.00162679 
-0.00162687 
-0.00162694 
-0.00162698 
-0.00162701 
-0.001627 
-0.00162698 
-0.00162693 
-0.00162687 
-0.00162678 
-0.00162668 
-0.00162654 
-0.00162639 
-0.00162621 
-0.00162602 
-0.0016258 
-0.00162557 
-0.0016253 
-0.00162503 
-0.00162472 
-0.0016244 
-0.00162405 
-0.00162369 
-0.0016233 
-0.0016229 
-0.00162246 
-0.00162202 
-0.00162154 
-0.00162106 
-0.00162054 
-0.00162002 
-0.00161946 
-0.0016189 
-0.0016183 
-0.0016177 
-0.00161706 
-0.00161642 
-0.00161574 
-0.00161506 
-0.00161435 
-0.00161363 
-0.00161288 
-0.00161212 
-0.00161133 
-0.00161053 
-0.00160971 
-0.00160888 
-0.00160801 
-0.00160715 
-0.00160625 
-0.00160535 
-0.00160441 
-0.00160348 
-0.00160251 
-0.00160154 
-0.00160054 
-0.00159953 
-0.0015985 
-0.00159746 
-0.0015964 
-0.00159533 
-0.00159423 
-0.00159313 
-0.001592 
-0.00159087 
-0.00158972 
-0.00158856 
-0.00158737 
-0.00158618 
-0.00158497 
-0.00158375 
-0.00158251 
-0.00158127 
-0.00158 
-0.00157873 
-0.00157743 
-0.00157614 
-0.00157482 
-0.0015735 
-0.00157215 
-0.00157081 
-0.00156944 
-0.00156807 
-0.00156668 
-0.0015653 
-0.00156388 
-0.00156247 
-0.00156104 
-0.00155961 
-0.00155816 
-0.00155671 
-0.00155524 
-0.00155377 
-0.00155228 
-0.00155079 
-0.00154929 
-0.00154779 
-0.00154626 
-0.00154474 
-0.00154321 
-0.00154167 
-0.00154012 
-0.00153857 
-0.00153701 
-0.00153545 
-0.00153387 
-0.00153229 
-0.0015307 
-0.00152912 
-0.00152751 
-0.00152592 
-0.00152431 
-0.0015227 
-0.00152108 
-0.00151947 
-0.00151784 
-0.00151621 
-0.00151458 
-0.00151295 
-0.0015113 
-0.00150967 
-0.00150802 
-0.00150638 
-0.00150472 
-0.00150307 
-0.00150141 
-0.00149976 
-0.0014981 
-0.00149645 
-0.00149478 
-0.00149313 
-0.00149146 
-0.0014898 
-0.00148813 
-0.00148647 
-0.00148481 
-0.00148315 
-0.00148148 
-0.00147982 
-0.00147815 
-0.0014765 
-0.00147483 
-0.00147318 
-0.00147151 
-0.00146986 
-0.0014682 
-0.00146655 
-0.0014649 
-0.00146325 
-0.0014616 
-0.00145996 
-0.00145831 
-0.00145668 
-0.00145504 
-0.00145341 
-0.00145178 
-0.00145015 
-0.00144853 
-0.00144691 
-0.00144529 
-0.00144368 
-0.00144207 
-0.00144047 
-0.00143887 
-0.00143728 
-0.00143569 
-0.0014341 
-0.00143252 
-0.00143095 
-0.00142937 
-0.00142781 
-0.00142625 
-0.0014247 
-0.00142314 
-0.00142161 
-0.00142006 
-0.00141854 
-0.00141701 
-0.00141549 
-0.00141397 
-0.00141247 
-0.00141096 
-0.00140947 
-0.00140798 
-0.0014065 
-0.00140502 
-0.00140356 
-0.00140209 
-0.00140064 
-0.00139919 
-0.00139775 
-0.00139631 
-0.00139489 
-0.00139346 
-0.00139206 
-0.00139065 
-0.00138925 
-0.00138786 
-0.00138648 
-0.0013851 
-0.00138374 
-0.00138237 
-0.00138102 
-0.00137968 
-0.00137834 
-0.00137701 
-0.00137569 
-0.00137438 
-0.00137307 
-0.00137177 
-0.00137049 
-0.0013692 
-0.00136793 
-0.00136666 
-0.00136541 
-0.00136416 
-0.00136292 
-0.00136168 
-0.00136046 
-0.00135924 
-0.00135804 
-0.00135684 
-0.00135565 
-0.00135446 
-0.00135329 
-0.00135212 
-0.00135096 
-0.00134981 
-0.00134867 
-0.00134754 
-0.00134641 
-0.00134529 
-0.00134419 
-0.00134308 
-0.00134199 
-0.00134091 
-0.00133984 
-0.00133877 
-0.00133771 
-0.00133666 
-0.00133562 
-0.00133458 
-0.00133355 
-0.00133253 
-0.00133153 
-0.00133052 
-0.00132953 
-0.00132854 
-0.00132757 
-0.0013266 
-0.00132564 
-0.00132468 
-0.00132374 
-0.0013228 
-0.00132187 
-0.00132095 
-0.00132004 
-0.00131913 
-0.00131823 
-0.00131734 
-0.00131646 
-0.00131559 
-0.00131472 
-0.00131386 
-0.00131301 
-0.00131216 
-0.00131133 
-0.0013105 
-0.00130968 
-0.00130886 
-0.00130806 
-0.00130726 
-0.00130647 
-0.00130568 
-0.00130491 
-0.00130414 
-0.00130337 
-0.00130262 
-0.00130187 
-0.00130113 
-0.0013004 
-0.00129967 
-0.00129895 
-0.00129823 
-0.00129753 
-0.00129683 
-0.00129613 
-0.00129545 
-0.00129477 
-0.00129409 
-0.00129343 
-0.00129277 
-0.00129212 
-0.00129147 
-0.00129083 
-0.00129019 
-0.00128956 
-0.00128894 
-0.00128833 
-0.00128772 
-0.00128711 
-0.00128651 
-0.00128592 
-0.00128534 
-0.00128476 
-0.00128418 
-0.00128362 
-0.00128305 
-0.0012825 
-0.00128194 
-0.0012814 
-0.00128086 
-0.00128032 
-0.00127979 
-0.00127927 
-0.00127875 
-0.00127824 
-0.00127773 
-0.00127722 
-0.00127672 
-0.00127623 
-0.00127574 
-0.00127526 
-0.00127478 
-0.0012743 
-0.00127383 
-0.00127337 
-0.00127291 
-0.00127245 
-0.001272 
-0.00127155 
-0.00127111 
-0.00127067 
-0.00127023 
-0.0012698 
-0.00126937 
-0.00126895 
-0.00126853 
-0.00126812 
-0.0012677 
-0.0012673 
-0.00126689 
-0.00126649 
-0.00126609 
-0.0012657 
-0.00126531 
-0.00126492 
-0.00126454 
-0.00126416 
-0.00126378 
-0.0012634 
-0.00126303 
-0.00126266 
-0.00126229 
-0.00126193 
-0.00126157 
-0.00126121 
-0.00126085 
-0.0012605 
-0.00126015 
-0.0012598 
-0.00125945 
-0.0012591 
-0.00125876 
-0.00125842 
-0.00125808 
-0.00125774 
-0.00125741 
-0.00125707 
-0.00125674 
-0.00125641 
-0.00125608 
-0.00125575 
-0.00125542 
-0.00125509 
-0.00125477 
-0.00125444 
-0.00125412 
-0.00125379 
-0.00125347 
-0.00125315 
-0.00125283 
-0.00125251 
-0.00125219 
-0.00125187 
-0.00125155 
-0.00125123 
-0.00125091 
-0.00125059 
-0.00125027 
-0.00124994 
-0.00124962 
-0.0012493 
-0.00124898 
-0.00124866 
-0.00124833 
-0.00124801 
-0.00124768 
-0.00124736 
-0.00124703 
-0.0012467 
-0.00124637 
-0.00124604 
-0.00124571 
-0.00124537 
-0.00124503 
-0.0012447 
-0.00124436 
-0.00124401 
-0.00124367 
-0.00124332 
-0.00124298 
-0.00124262 
-0.00124227 
-0.00124192 
-0.00124156 
-0.0012412 
-0.00124083 
-0.00124046 
-0.0012401 
-0.00123972 
-0.00123935 
-0.00123897 
-0.00123858 
-0.0012382 
-0.00123781 
-0.00123741 
-0.00123702 
-0.00123661 
-0.00123621 
-0.0012358 
-0.00123539 
-0.00123497 
-0.00123454 
-0.00123412 
-0.00123369 
-0.00123325 
-0.00123281 
-0.00123236 
-0.00123191 
-0.00123145 
-0.00123099 
-0.00123053 
-0.00123006 
-0.00122958 
-0.0012291 
-0.00122861 
-0.00122811 
-0.00122761 
-0.00122711 
-0.00122659 
-0.00122608 
-0.00122555 
-0.00122503 
-0.00122449 
-0.00122395 
-0.00122339 
-0.00122284 
-0.00122227 
-0.00122171 
-0.00122113 
-0.00122055 
-0.00121996 
-0.00121936 
-0.00121875 
-0.00121814 
-0.00121752 
-0.0012169 
-0.00121626 
-0.00121562 
-0.00121497 
-0.00121432 
-0.00121365 
-0.00121298 
-0.0012123 
-0.00121161 
-0.00121091 
-0.00121021 
-0.00120949 
-0.00120878 
-0.00120804 
-0.00120731 
-0.00120656 
-0.00120581 
-0.00120504 
-0.00120427 
-0.00120349 
-0.00120271 
-0.0012019 
-0.0012011 
-0.00120028 
-0.00119946 
-0.00119863 
-0.00119779 
-0.00119693 
-0.00119608 
-0.00119521 
-0.00119433 
-0.00119344 
-0.00119255 
-0.00119164 
-0.00119073 
-0.0011898 
-0.00118887 
-0.00118793 
-0.00118698 
-0.00118601 
-0.00118505 
-0.00118406 
-0.00118308 
-0.00118208 
-0.00118107 
-0.00118005 
-0.00117903 
-0.00117799 
-0.00117695 
-0.00117589 
-0.00117484 
-0.00117376 
-0.00117268 
-0.00117159 
-0.00117049 
-0.00116938 
-0.00116826 
-0.00116713 
-0.001166 
-0.00116485 
-0.0011637 
-0.00116253 
-0.00116136 
-0.00116018 
-0.00115899 
-0.00115779 
-0.00115659 
-0.00115537 
-0.00115414 
-0.00115291 
-0.00115167 
-0.00115041 
-0.00114916 
-0.00114789 
-0.00114662 
-0.00114533 
-0.00114404 
-0.00114274 
-0.00114144 
-0.00114012 
-0.0011388 
-0.00113746 
-0.00113613 
-0.00113478 
-0.00113343 
-0.00113207 
-0.00113071 
-0.00112933 
-0.00112795 
-0.00112656 
-0.00112517 
-0.00112376 
-0.00112236 
-0.00112094 
-0.00111953 
-0.0011181 
-0.00111667 
-0.00111523 
-0.00111379 
-0.00111234 
-0.00111089 
-0.00110943 
-0.00110797 
-0.0011065 
-0.00110503 
-0.00110355 
-0.00110207 
-0.00110058 
-0.0010991 
-0.0010976 
-0.00109611 
-0.0010946 
-0.0010931 
-0.00109159 
-0.00109009 
-0.00108857 
-0.00108706 
-0.00108553 
-0.00108402 
-0.00108249 
-0.00108098 
-0.00107944 
-0.00107792 
-0.00107639 
-0.00107487 
-0.00107333 
-0.00107181 
-0.00107027 
-0.00106875 
-0.00106721 
-0.00106569 
-0.00106415 
-0.00106263 
-0.00106109 
-0.00105957 
-0.00105804 
-0.00105652 
-0.00105499 
-0.00105348 
-0.00105196 
-0.00105045 
-0.00104893 
-0.00104742 
-0.00104591 
-0.00104441 
-0.00104291 
-0.00104142 
-0.00103992 
-0.00103844 
-0.00103695 
-0.00103548 
-0.001034 
-0.00103254 
-0.00103107 
-0.00102963 
-0.00102817 
-0.00102673 
-0.00102529 
-0.00102387 
-0.00102244 
-0.00102103 
-0.00101961 
-0.00101822 
-0.00101682 
