-0.000454545 
-0.00041819 
-0.000357185 
-0.000264181 
-0.000147067 
-4.95381e-06 
0.000153327 
0.000332936 
0.000524572 
0.000733776 
0.000951589 
0.00118387 
0.00142193 
0.0016719 
0.00192533 
0.00218855 
0.00245331 
0.00272612 
0.0029989 
0.00327828 
0.00355634 
0.00383983 
0.00412093 
0.00440649 
0.00468879 
0.00497477 
0.00525679 
0.00554184 
0.00582235 
0.00610538 
0.00638341 
0.00666353 
0.0069383 
0.00721482 
0.00748569 
0.00775805 
0.00802454 
0.00829229 
0.008554 
0.00881682 
0.00907346 
0.00933109 
0.00958243 
0.00983466 
0.0100805 
0.0103272 
0.0105675 
0.0108086 
0.0110432 
0.0112786 
0.0115075 
0.0117371 
0.0119602 
0.0121841 
0.0124015 
0.0126195 
0.0128311 
0.0130434 
0.0132493 
0.0134558 
0.013656 
0.0138568 
0.0140512 
0.0142463 
0.014435 
0.0146244 
0.0148075 
0.0149913 
0.0151687 
0.0153469 
0.0155188 
0.0156913 
0.0158576 
0.0160246 
0.0161855 
0.016347 
0.0165023 
0.0166584 
0.0168083 
0.0169589 
0.0171034 
0.0172486 
0.0173878 
0.0175277 
0.0176616 
0.0177961 
0.0179248 
0.0180541 
0.0181775 
0.0183016 
0.0184199 
0.0185388 
0.0186519 
0.0187657 
0.0188738 
0.0189826 
0.0190857 
0.0191894 
0.0192875 
0.0193863 
0.0194795 
0.0195734 
0.0196618 
0.0197508 
0.0198344 
0.0199186 
0.0199975 
0.020077 
0.0201512 
0.020226 
0.0202956 
0.0203658 
0.0204308 
0.0204965 
0.020557 
0.0206182 
0.0206743 
0.0207311 
0.0207828 
0.0208352 
0.0208826 
0.0209307 
0.0209739 
0.0210177 
0.0210567 
0.0210964 
0.0211313 
0.0211668 
0.0211977 
0.0212292 
0.0212561 
0.0212836 
0.0213066 
0.0213302 
0.0213493 
0.0213691 
0.0213844 
0.0214004 
0.021412 
0.0214243 
0.0214322 
0.0214409 
0.0214453 
0.0214503 
0.0214512 
0.0214527 
0.0214502 
0.0214483 
0.0214423 
0.021437 
0.0214278 
0.0214192 
0.0214067 
0.0213949 
0.0213793 
0.0213643 
0.0213455 
0.0213274 
0.0213056 
0.0212845 
0.0212598 
0.0212357 
0.0212081 
0.0211811 
0.0211506 
0.0211208 
0.0210876 
0.0210551 
0.0210192 
0.0209839 
0.0209454 
0.0209076 
0.0208665 
0.0208261 
0.0207826 
0.0207397 
0.0206938 
0.0206485 
0.0206003 
0.0205527 
0.0205021 
0.0204522 
0.0203995 
0.0203474 
0.0202925 
0.0202383 
0.0201814 
0.0201251 
0.0200662 
0.0200079 
0.0199471 
0.0198869 
0.0198241 
0.0197621 
0.0196976 
0.0196337 
0.0195675 
0.0195019 
0.019434 
0.0193667 
0.0192972 
0.0192284 
0.0191574 
0.019087 
0.0190145 
0.0189426 
0.0188687 
0.0187955 
0.0187203 
0.0186457 
0.0185692 
0.0184933 
0.0184156 
0.0183385 
0.0182596 
0.0181814 
0.0181014 
0.0180221 
0.0179411 
0.0178608 
0.0177788 
0.0176975 
0.0176147 
0.0175325 
0.0174487 
0.0173657 
0.0172812 
0.0171973 
0.0171121 
0.0170275 
0.0169415 
0.0168563 
0.0167697 
0.0166839 
0.0165967 
0.0165103 
0.0164227 
0.0163357 
0.0162476 
0.0161602 
0.0160717 
0.0159839 
0.0158951 
0.0158069 
0.0157178 
0.0156293 
0.01554 
0.0154513 
0.0153617 
0.0152728 
0.015183 
0.015094 
0.0150042 
0.014915 
0.0148251 
0.0147359 
0.0146461 
0.0145569 
0.014467 
0.0143779 
0.0142881 
0.014199 
0.0141094 
0.0140205 
0.013931 
0.0138423 
0.013753 
0.0136645 
0.0135755 
0.0134872 
0.0133986 
0.0133106 
0.0132223 
0.0131347 
0.0130467 
0.0129595 
0.0128719 
0.0127851 
0.0126981 
0.0126117 
0.0125251 
0.0124393 
0.0123532 
0.0122679 
0.0121825 
0.0120977 
0.0120129 
0.0119287 
0.0118445 
0.011761 
0.0116775 
0.0115947 
0.0115118 
0.0114297 
0.0113476 
0.0112662 
0.0111849 
0.0111043 
0.0110237 
0.010944 
0.0108642 
0.0107853 
0.0107064 
0.0106283 
0.0105503 
0.0104731 
0.0103961 
0.0103198 
0.0102436 
0.0101683 
0.0100931 
0.0100188 
0.00994458 
0.00987121 
0.00979804 
0.00972569 
0.00965356 
0.00958225 
0.00951118 
0.00944094 
0.00937095 
0.0093018 
0.00923292 
0.00916488 
0.00909712 
0.00903021 
0.0089636 
0.00889785 
0.00883241 
0.00876783 
0.00870357 
0.00864018 
0.00857713 
0.00851495 
0.00845312 
0.00839217 
0.00833158 
0.00827188 
0.00821255 
0.00815411 
0.00809604 
0.00803889 
0.00798211 
0.00792625 
0.00787077 
0.00781622 
0.00776206 
0.00770883 
0.00765601 
0.00760412 
0.00755263 
0.0075021 
0.00745197 
0.00740279 
0.00735403 
0.00730624 
0.00725886 
0.00721245 
0.00716646 
0.00712145 
0.00707686 
0.00703326 
0.00699008 
0.00694791 
0.00690615 
0.0068654 
0.00682507 
0.00678576 
0.00674687 
0.00670901 
0.00667156 
0.00663516 
0.00659917 
0.00656423 
0.00652969 
0.00649622 
0.00646315 
0.00643116 
0.00639956 
0.00636905 
0.00633894 
0.00630992 
0.00628128 
0.00625375 
0.00622661 
0.00620058 
0.00617492 
0.0061504 
0.00612624 
0.00610323 
0.00608056 
0.00605906 
0.0060379 
0.00601791 
0.00599825 
0.00597978 
0.00596163 
0.00594468 
0.00592803 
0.0059126 
0.00589747 
0.00588356 
0.00586993 
0.00585754 
0.00584543 
0.00583457 
0.00582397 
0.00581462 
0.00580553 
0.00579771 
0.00579013 
0.00578383 
0.00577776 
0.00577298 
0.00576841 
0.00576516 
0.00576209 
0.00576036 
0.00575879 
0.00575857 
0.00575851 
0.0057598 
0.00576123 
0.00576403 
0.00576695 
0.00577126 
0.00577567 
0.00578148 
0.00578738 
0.00579469 
0.00580206 
0.00581086 
0.00581971 
0.00583 
0.00584032 
0.00585209 
0.00586387 
0.00587712 
0.00589036 
0.00590508 
0.00591976 
0.00593595 
0.00595208 
0.00596972 
0.00598728 
0.00600638 
0.00602537 
0.00604591 
0.00606631 
0.00608829 
0.0061101 
0.0061335 
0.00615672 
0.00618154 
0.00620615 
0.00623237 
0.00625837 
0.00628599 
0.00631336 
0.00634237 
0.0063711 
0.00640149 
0.00643157 
0.00646332 
0.00649474 
0.00652785 
0.0065606 
0.00659506 
0.00662912 
0.00666491 
0.00670028 
0.00673739 
0.00677405 
0.00681247 
0.00685041 
0.00689012 
0.00692933 
0.00697032 
0.00701078 
0.00705304 
0.00709473 
0.00713825 
0.00718116 
0.00722591 
0.00727004 
0.00731602 
0.00736133 
0.00740852 
0.00745502 
0.00750339 
0.00755105 
0.0076006 
0.00764941 
0.00770012 
0.00775005 
0.00780191 
0.00785295 
0.00790594 
0.00795808 
0.00801217 
0.00806538 
0.00812057 
0.00817484 
0.0082311 
0.00828641 
0.00834373 
0.00840006 
0.00845841 
0.00851574 
0.00857511 
0.00863343 
0.00869379 
0.00875307 
0.00881442 
0.00887464 
0.00893694 
0.00899808 
0.00906132 
0.00912337 
0.00918752 
0.00925045 
0.0093155 
0.00937928 
0.00944521 
0.00950983 
0.0095766 
0.00964204 
0.00970965 
0.00977588 
0.00984429 
0.0099113 
0.00998049 
0.0100482 
0.0101182 
0.0101867 
0.0102574 
0.0103266 
0.010398 
0.0104678 
0.0105399 
0.0106104 
0.0106832 
0.0107543 
0.0108278 
0.0108995 
0.0109735 
0.0110459 
0.0111205 
0.0111934 
0.0112686 
0.011342 
0.0114177 
0.0114916 
0.0115679 
0.0116423 
0.011719 
0.0117939 
0.0118711 
0.0119464 
0.0120241 
0.0120998 
0.0121778 
0.0122539 
0.0123323 
0.0124088 
0.0124876 
0.0125643 
0.0126435 
0.0127205 
0.0128 
0.0128773 
0.012957 
0.0130346 
0.0131145 
0.0131923 
0.0132725 
0.0133505 
0.0134309 
0.013509 
0.0135896 
0.0136679 
0.0137486 
0.013827 
0.0139078 
0.0139863 
0.0140672 
0.0141457 
0.0142267 
0.0143052 
0.0143863 
0.0144648 
0.0145458 
0.0146243 
0.0147053 
0.0147838 
0.0148647 
0.0149431 
0.015024 
0.0151022 
0.015183 
0.0152611 
0.0153418 
0.0154197 
0.0155002 
0.0155779 
0.0156582 
0.0157358 
0.0158158 
0.0158931 
0.0159729 
0.01605 
0.0161295 
0.0162062 
0.0162855 
0.0163619 
0.0164408 
0.0165168 
0.0165954 
0.016671 
0.0167492 
0.0168245 
0.0169023 
0.0169771 
0.0170544 
0.0171288 
0.0172057 
0.0172795 
0.0173559 
0.0174293 
0.0175052 
0.017578 
0.0176533 
0.0177256 
0.0178004 
0.017872 
0.0179462 
0.0180173 
0.0180909 
0.0181613 
0.0182343 
0.018304 
0.0183763 
0.0184453 
0.018517 
0.0185853 
0.0186562 
0.0187238 
0.018794 
0.0188608 
0.0189302 
0.0189963 
0.0190649 
0.0191302 
0.019198 
0.0192625 
0.0193295 
0.0193931 
0.0194592 
0.019522 
0.0195873 
0.0196491 
0.0197135 
0.0197744 
0.0198379 
0.0198979 
0.0199605 
0.0200195 
0.0200811 
0.0201392 
0.0201998 
0.0202569 
0.0203165 
0.0203726 
0.0204312 
0.0204863 
0.0205439 
0.0205979 
0.0206544 
0.0207074 
0.0207629 
0.0208147 
0.0208691 
0.0209199 
0.0209732 
0.0210229 
0.021075 
0.0211236 
0.0211746 
0.021222 
0.0212719 
0.0213182 
0.0213669 
0.021412 
0.0214595 
0.0215034 
0.0215497 
0.0215924 
0.0216376 
0.0216791 
0.021723 
0.0217632 
0.0218059 
0.021845 
0.0218864 
0.0219242 
0.0219644 
0.0220009 
0.0220398 
0.0220751 
0.0221127 
0.0221467 
0.0221831 
0.0222157 
0.0222508 
0.0222822 
0.0223159 
0.022346 
0.0223784 
0.0224072 
0.0224383 
0.0224657 
0.0224955 
0.0225216 
0.0225501 
0.0225749 
0.022602 
0.0226254 
0.0226511 
0.0226732 
0.0226976 
0.0227183 
0.0227414 
0.0227607 
0.0227824 
0.0228004 
0.0228207 
0.0228373 
0.0228563 
0.0228715 
0.0228891 
0.022903 
0.0229191 
0.0229317 
0.0229465 
0.0229576 
0.022971 
0.0229808 
0.0229928 
0.0230012 
0.0230118 
0.0230188 
0.0230281 
0.0230337 
0.0230415 
0.0230458 
0.0230523 
0.0230552 
0.0230602 
0.0230618 
0.0230655 
0.0230656 
0.0230679 
0.0230667 
0.0230676 
0.023065 
0.0230646 
0.0230607 
0.0230588 
0.0230535 
0.0230504 
0.0230437 
0.0230392 
0.0230312 
0.0230253 
0.0230159 
0.0230087 
0.022998 
0.0229894 
0.0229774 
0.0229674 
0.0229541 
0.0229428 
0.0229281 
0.0229155 
0.0228996 
0.0228856 
0.0228684 
0.0228531 
0.0228346 
0.022818 
0.0227982 
0.0227804 
0.0227593 
0.0227401 
0.0227178 
0.0226974 
0.0226738 
0.0226521 
0.0226272 
0.0226043 
0.0225782 
0.022554 
0.0225267 
0.0225013 
0.0224728 
0.0224462 
0.0224165 
0.0223886 
0.0223577 
0.0223287 
0.0222966 
0.0222664 
0.0222332 
0.0222018 
0.0221674 
0.0221349 
0.0220994 
0.0220657 
0.0220291 
0.0219943 
0.0219566 
0.0219207 
0.0218819 
0.0218449 
0.021805 
0.0217669 
0.021726 
0.0216868 
0.0216449 
0.0216047 
0.0215617 
0.0215205 
0.0214765 
0.0214342 
0.0213893 
0.021346 
0.0213001 
0.0212559 
0.021209 
0.0211638 
0.0211161 
0.0210699 
0.0210212 
0.0209742 
0.0209246 
0.0208766 
0.0208262 
0.0207773 
0.020726 
0.0206763 
0.0206242 
0.0205736 
0.0205207 
0.0204693 
0.0204156 
0.0203634 
0.0203089 
0.020256 
0.0202007 
0.020147 
0.0200911 
0.0200366 
0.01998 
0.0199248 
0.0198675 
0.0198116 
0.0197536 
0.0196971 
0.0196385 
0.0195814 
0.0195221 
0.0194644 
0.0194045 
0.0193462 
0.0192858 
0.0192269 
0.0191659 
0.0191065 
0.019045 
0.018985 
0.0189231 
0.0188626 
0.0188002 
0.0187393 
0.0186765 
0.0186151 
0.0185518 
0.01849 
0.0184264 
0.0183642 
0.0183002 
0.0182376 
0.0181733 
0.0181104 
0.0180458 
0.0179826 
0.0179177 
0.0178542 
0.017789 
0.0177253 
0.0176599 
0.0175959 
0.0175303 
0.0174661 
0.0174004 
0.017336 
0.0172701 
0.0172056 
0.0171396 
0.0170749 
0.0170088 
0.0169441 
0.0168779 
0.0168131 
0.016747 
0.0166821 
0.0166159 
0.0165511 
0.0164849 
0.0164201 
0.016354 
0.0162892 
0.0162232 
0.0161585 
0.0160926 
0.016028 
0.0159622 
0.0158977 
0.0158321 
0.0157678 
0.0157024 
0.0156383 
0.0155731 
0.0155092 
0.0154443 
0.0153806 
0.0153159 
0.0152526 
0.0151882 
0.0151252 
0.0150611 
0.0149984 
0.0149348 
0.0148724 
0.0148091 
0.0147472 
0.0146843 
0.0146228 
0.0145604 
0.0144993 
0.0144373 
0.0143767 
0.0143153 
0.0142552 
0.0141942 
0.0141347 
0.0140743 
0.0140153 
0.0139555 
0.013897 
0.0138379 
0.01378 
0.0137215 
0.0136643 
0.0136064 
0.0135499 
0.0134926 
0.0134368 
0.0133803 
0.0133252 
0.0132694 
0.013215 
0.01316 
0.0131064 
0.0130522 
0.0129993 
0.0129459 
0.0128939 
0.0128413 
0.0127901 
0.0127384 
0.0126881 
0.0126372 
0.0125878 
0.0125378 
0.0124893 
0.0124402 
0.0123926 
0.0123445 
0.0122978 
0.0122507 
0.012205 
0.0121588 
0.0121142 
0.012069 
0.0120253 
0.0119812 
0.0119385 
0.0118954 
0.0118538 
0.0118118 
0.0117712 
0.0117303 
0.0116908 
0.011651 
0.0116126 
0.0115739 
0.0115366 
0.011499 
0.0114629 
0.0114264 
0.0113915 
0.0113562 
0.0113224 
0.0112882 
0.0112557 
0.0112227 
0.0111913 
0.0111595 
0.0111293 
0.0110988 
0.0110698 
0.0110405 
0.0110128 
0.0109847 
0.0109582 
0.0109313 
0.0109061 
0.0108805 
0.0108566 
0.0108322 
0.0108096 
0.0107865 
0.0107651 
0.0107434 
0.0107233 
0.0107028 
0.010684 
0.0106648 
0.0106473 
0.0106294 
0.0106133 
0.0105967 
0.0105818 
0.0105666 
0.010553 
0.0105391 
0.0105269 
0.0105143 
0.0105034 
0.0104921 
0.0104826 
0.0104726 
0.0104644 
0.0104557 
0.0104489 
0.0104416 
0.010436 
0.01043 
0.0104259 
0.0104212 
0.0104184 
0.010415 
0.0104135 
0.0104115 
0.0104113 
0.0104106 
0.0104118 
0.0104124 
0.0104149 
0.0104168 
0.0104206 
0.0104239 
0.010429 
0.0104335 
0.01044 
0.0104458 
0.0104536 
0.0104607 
0.0104698 
0.0104782 
0.0104886 
0.0104982 
0.0105099 
0.0105208 
0.0105338 
0.010546 
0.0105602 
0.0105736 
0.0105891 
0.0106037 
0.0106205 
0.0106364 
0.0106543 
0.0106714 
0.0106906 
0.0107089 
0.0107293 
0.0107488 
0.0107704 
0.0107911 
0.0108139 
0.0108357 
0.0108597 
0.0108827 
0.0109078 
0.0109319 
0.0109582 
0.0109834 
0.0110108 
0.0110371 
0.0110656 
0.0110931 
0.0111226 
0.0111511 
0.0111818 
0.0112113 
0.0112431 
0.0112736 
0.0113064 
0.011338 
0.0113718 
0.0114043 
0.0114391 
0.0114727 
0.0115085 
0.011543 
0.0115797 
0.0116151 
0.0116528 
0.0116891 
0.0117277 
0.011765 
0.0118044 
0.0118426 
0.0118829 
0.0119219 
0.0119631 
0.0120029 
0.0120449 
0.0120855 
0.0121283 
0.0121697 
0.0122133 
0.0122554 
0.0122998 
0.0123426 
0.0123877 
0.0124313 
0.0124771 
0.0125213 
0.0125678 
0.0126127 
0.0126599 
0.0127054 
0.0127532 
0.0127993 
0.0128477 
0.0128943 
0.0129433 
0.0129905 
0.0130401 
0.0130878 
0.0131379 
0.0131861 
0.0132367 
0.0132854 
0.0133364 
0.0133856 
0.013437 
0.0134866 
0.0135385 
0.0135884 
0.0136407 
0.013691 
0.0137436 
0.0137942 
0.0138472 
0.0138981 
0.0139513 
0.0140025 
0.014056 
0.0141075 
0.0141612 
0.0142129 
0.0142668 
0.0143187 
0.0143728 
0.0144248 
0.0144791 
0.0145312 
0.0145856 
0.0146378 
0.0146923 
0.0147446 
0.0147992 
0.0148514 
0.0149061 
0.0149583 
0.015013 
0.0150652 
0.0151198 
0.015172 
0.0152266 
0.0152787 
0.0153331 
0.0153851 
0.0154394 
0.0154913 
0.0155455 
0.0155971 
0.0156511 
0.0157026 
0.0157564 
0.0158076 
0.0158612 
0.0159122 
0.0159654 
0.0160161 
0.0160691 
0.0161194 
0.0161721 
0.0162221 
0.0162744 
0.016324 
0.0163759 
0.0164251 
0.0164765 
0.0165253 
0.0165763 
0.0166246 
0.0166751 
0.0167229 
0.016773 
0.0168202 
0.0168697 
0.0169164 
0.0169654 
0.0170115 
0.0170598 
0.0171053 
0.0171531 
0.0171979 
0.017245 
0.0172892 
0.0173356 
0.0173791 
0.0174248 
0.0174676 
0.0175125 
0.0175545 
0.0175987 
0.01764 
0.0176834 
0.0177238 
0.0177664 
0.0178061 
0.0178478 
0.0178866 
0.0179275 
0.0179654 
0.0180054 
0.0180424 
0.0180814 
0.0181175 
0.0181557 
0.0181908 
0.0182279 
0.0182621 
0.0182983 
0.0183314 
0.0183666 
0.0183988 
0.0184329 
0.018464 
0.0184971 
0.0185271 
0.0185591 
0.0185881 
0.018619 
0.0186468 
0.0186766 
0.0187033 
0.0187319 
0.0187575 
0.018785 
0.0188094 
0.0188357 
0.0188589 
0.018884 
0.0189061 
0.0189299 
0.0189507 
0.0189734 
0.018993 
0.0190143 
0.0190327 
0.0190528 
0.0190698 
0.0190887 
0.0191044 
0.019122 
0.0191364 
0.0191526 
0.0191658 
0.0191807 
0.0191925 
0.0192061 
0.0192166 
0.0192287 
0.0192379 
0.0192487 
0.0192565 
0.0192659 
0.0192723 
0.0192803 
0.0192854 
0.019292 
0.0192956 
0.0193008 
0.019303 
0.0193068 
0.0193076 
0.01931 
0.0193094 
0.0193103 
0.0193083 
0.0193077 
0.0193043 
0.0193023 
0.0192974 
0.0192939 
0.0192876 
0.0192826 
0.0192748 
0.0192684 
0.0192592 
0.0192513 
0.0192406 
0.0192313 
0.0192191 
0.0192083 
0.0191947 
0.0191824 
0.0191673 
0.0191535 
0.019137 
0.0191217 
0.0191037 
0.0190869 
0.0190674 
0.0190492 
0.0190283 
0.0190085 
0.0189862 
0.018965 
0.0189411 
0.0189184 
0.0188931 
0.018869 
0.0188423 
0.0188166 
0.0187885 
0.0187614 
0.0187318 
0.0187032 
0.0186722 
0.0186422 
0.0186097 
0.0185783 
0.0185444 
0.0185115 
0.0184762 
0.0184419 
0.0184052 
0.0183695 
0.0183314 
0.0182943 
0.0182548 
0.0182163 
0.0181755 
0.0181355 
0.0180933 
0.018052 
0.0180085 
0.0179658 
0.017921 
0.0178769 
0.0178307 
0.0177854 
0.0177379 
0.0176912 
0.0176424 
0.0175944 
0.0175443 
0.017495 
0.0174437 
0.0173931 
0.0173405 
0.0172886 
0.0172348 
0.0171817 
0.0171267 
0.0170723 
0.0170161 
0.0169605 
0.0169031 
0.0168463 
0.0167878 
0.0167298 
0.0166701 
0.016611 
0.0165501 
0.0164899 
0.0164279 
0.0163666 
0.0163035 
0.0162411 
0.016177 
0.0161134 
0.0160483 
0.0159836 
0.0159175 
0.0158518 
0.0157846 
0.015718 
0.0156498 
0.0155821 
0.015513 
0.0154444 
0.0153743 
0.0153047 
0.0152338 
0.0151633 
0.0150914 
0.01502 
0.0149473 
0.014875 
0.0148014 
0.0147283 
0.0146539 
0.0145799 
0.0145048 
0.01443 
0.014354 
0.0142785 
0.0142018 
0.0141255 
0.0140481 
0.013971 
0.013893 
0.0138152 
0.0137365 
0.013658 
0.0135787 
0.0134996 
0.0134196 
0.0133399 
0.0132593 
0.013179 
0.0130979 
0.013017 
0.0129353 
0.0128539 
0.0127717 
0.0126898 
0.0126072 
0.0125247 
0.0124416 
0.0123588 
0.0122752 
0.0121919 
0.012108 
0.0120243 
0.01194 
0.0118559 
0.0117713 
0.0116869 
0.011602 
0.0115172 
0.011432 
0.011347 
0.0112615 
0.0111762 
0.0110905 
0.011005 
0.0109191 
0.0108333 
0.0107473 
0.0106614 
0.0105752 
0.0104891 
0.0104028 
0.0103167 
0.0102303 
0.010144 
0.0100576 
0.00997125 
0.00988481 
0.00979844 
0.00971201 
0.00962564 
0.00953924 
0.0094529 
0.00936656 
0.00928029 
0.00919404 
0.00910785 
0.00902173 
0.00893566 
0.00884968 
0.00876376 
0.00867797 
0.00859222 
0.00850664 
0.0084211 
0.00833575 
0.00825045 
0.00816534 
0.00808029 
0.00799545 
0.00791066 
0.00782609 
0.0077416 
0.00765733 
0.00757315 
0.00748921 
0.00740536 
0.00732224 
0.00723908 
0.00715619 
0.00707352 
0.00699112 
0.00690889 
0.00682697 
0.00674523 
0.00666384 
0.00658262 
0.00650178 
0.00642111 
0.00634085 
0.00626077 
0.00618112 
0.00610165 
0.00602264 
0.00594382 
0.00586548 
0.00578732 
0.00570969 
0.00563224 
0.00555533 
0.00547861 
0.00540246 
0.0053265 
0.00525114 
0.00517597 
0.00510143 
0.00502708 
0.00495338 
0.00487989 
0.00480705 
0.00473444 
0.00466251 
0.00459081 
0.00451981 
0.00444904 
0.004379 
0.0043092 
0.00424015 
0.00417134 
0.0041033 
0.00403552 
0.00396852 
0.0039018 
0.00383587 
0.00377022 
0.00370539 
0.00364086 
0.00357715 
0.00351376 
0.00345121 
0.00338898 
0.00332761 
0.00326658 
0.00320642 
0.00314661 
0.00308768 
0.00302912 
0.00297146 
0.00291418 
0.00285781 
0.00280184 
0.00274679 
0.00269215 
0.00263844 
0.00258517 
0.00253283 
0.00248095 
0.00243001 
0.00237954 
0.00233003 
0.002281 
0.00223294 
0.00218539 
0.0021388 
0.00209275 
0.00204766 
0.00200314 
0.00195958 
0.0019166 
0.0018746 
0.0018332 
0.00179278 
0.00175299 
0.00171417 
0.00167601 
0.00163882 
0.00160231 
0.00156678 
0.00153195 
0.0014981 
0.00146498 
0.00143284 
0.00140144 
0.00137103 
0.00134139 
0.00131273 
0.00128487 
0.00125798 
0.00123193 
0.00120684 
0.00118262 
0.00115935 
0.00113698 
0.00111556 
0.00109507 
0.00107551 
0.00105692 
0.00103925 
0.00102257 
0.00100681 
0.000992088 
0.000978285 
0.000965532 
0.000953724 
0.000942986 
0.000933209 
0.000924519 
0.000916807 
0.000910198 
0.000904582 
0.000900084 
0.000895889 
0.000893172 
0.000891277 
0.000890656 
0.000890847 
0.000892345 
0.000894634 
0.000898268 
0.000902672 
0.000908456 
0.000914989 
0.000922939 
0.000931615 
0.000941747 
0.000952581 
0.000964908 
0.000977913 
0.000992451 
0.00100764 
0.0010244 
0.00104179 
0.00106079 
0.00108039 
0.00110164 
0.00112346 
0.00114697 
0.00117102 
0.0011968 
0.0012231 
0.00125117 
0.00127971 
0.00131008 
0.00134089 
0.00137355 
0.00140663 
0.00144161 
0.00147697 
0.00151426 
0.0015519 
0.00159153 
0.00163146 
0.00167342 
0.00171564 
0.00175993 
0.00180446 
0.00185109 
0.00189792 
0.0019469 
0.00199603 
0.00204735 
0.00209879 
0.00215246 
0.0022062 
0.00226223 
0.00231827 
0.00237664 
0.00243499 
0.00249571 
0.00255635 
0.00261941 
0.00268235 
0.00274775 
0.00281298 
0.00288072 
0.00294823 
0.0030183 
0.00308809 
0.00316047 
0.00323253 
0.00330723 
0.00338155 
0.00345855 
0.00353511 
0.00361441 
0.00369321 
0.00377478 
0.0038558 
0.00393964 
0.00402287 
0.00410896 
0.00419439 
0.00428271 
0.00437032 
0.00446086 
0.00455062 
0.00464336 
0.00473526 
0.00483018 
0.0049242 
0.00502128 
0.00511739 
0.00521661 
0.00531479 
0.00541612 
0.00551635 
0.00561977 
0.00572202 
0.0058275 
0.00593175 
0.00603926 
0.00614547 
0.00625499 
0.00636314 
0.00647462 
0.00658468 
0.00669811 
0.00681003 
0.00692537 
0.00703914 
0.00715635 
0.00727192 
0.00739097 
0.0075083 
0.00762915 
0.00774821 
0.00787083 
0.00799158 
0.00811591 
0.00823831 
0.00836433 
0.00848833 
0.00861599 
0.00874155 
0.0088708 
0.00899789 
0.00912869 
0.00925725 
0.00938955 
0.00951953 
0.00965329 
0.00978465 
0.00991982 
0.0100525 
0.010189 
0.010323 
0.0104608 
0.010596 
0.0107351 
0.0108715 
0.0110117 
0.0111492 
0.0112906 
0.0114292 
0.0115717 
0.0117113 
0.0118548 
0.0119953 
0.0121398 
0.0122812 
0.0124266 
0.0125689 
0.0127151 
0.0128582 
0.0130052 
0.0131489 
0.0132967 
0.0134411 
0.0135896 
0.0137345 
0.0138836 
0.0140291 
0.0141787 
0.0143246 
0.0144747 
0.0146211 
0.0147715 
0.0149182 
0.015069 
0.015216 
0.015367 
0.0155142 
0.0156655 
0.0158128 
0.0159642 
0.0161115 
0.016263 
0.0164103 
0.0165618 
0.0167091 
0.0168605 
0.0170076 
0.0171589 
0.0173058 
0.0174569 
0.0176035 
0.0177543 
0.0179005 
0.018051 
0.0181968 
0.0183468 
0.0184921 
0.0186417 
0.0187864 
0.0189354 
0.0190796 
0.0192279 
0.0193713 
0.0195189 
0.0196616 
0.0198084 
0.0199503 
0.0200963 
0.0202372 
0.0203823 
0.0205222 
0.0206663 
0.0208052 
0.0209482 
0.021086 
0.0212279 
0.0213645 
0.0215052 
0.0216406 
0.02178 
0.021914 
0.0220522 
0.0221848 
0.0223215 
0.0224527 
0.022588 
0.0227177 
0.0228514 
0.0229796 
0.0231117 
0.0232382 
0.0233687 
0.0234935 
0.0236222 
0.0237453 
0.0238722 
0.0239935 
0.0241186 
0.0242379 
0.0243612 
0.0244786 
0.0245999 
0.0247153 
0.0248346 
0.0249479 
0.0250651 
0.0251764 
0.0252915 
0.0254006 
0.0255135 
0.0256204 
0.0257311 
0.0258357 
0.0259441 
0.0260464 
0.0261525 
0.0262525 
0.0263562 
0.0264538 
0.0265551 
0.0266502 
0.026749 
0.0268417 
0.026938 
0.0270281 
0.0271218 
0.0272094 
0.0273006 
0.0273855 
0.027474 
0.0275564 
0.0276422 
0.0277219 
0.027805 
0.027882 
0.0279624 
0.0280366 
0.0281142 
0.0281857 
0.0282605 
0.0283292 
0.0284012 
0.028467 
0.0285362 
0.0285992 
0.0286655 
0.0287256 
0.028789 
0.0288462 
0.0289067 
0.028961 
0.0290185 
0.0290699 
0.0291245 
0.0291729 
0.0292245 
0.02927 
0.0293187 
0.0293612 
0.0294068 
0.0294464 
0.029489 
0.0295256 
0.0295652 
0.0295987 
0.0296353 
0.0296659 
0.0296995 
0.0297271 
0.0297576 
0.0297822 
0.0298097 
0.0298313 
0.0298558 
0.0298743 
0.0298958 
0.0299114 
0.0299298 
0.0299424 
0.0299579 
0.0299675 
0.0299799 
0.0299866 
0.029996 
0.0299997 
0.0300061 
0.0300069 
0.0300104 
0.0300082 
0.0300087 
0.0300036 
0.0300011 
0.0299931 
0.0299878 
0.0299769 
0.0299686 
0.0299549 
0.0299437 
0.0299271 
0.0299131 
0.0298937 
0.0298768 
0.0298547 
0.029835 
0.02981 
0.0297875 
0.0297598 
0.0297346 
0.0297042 
0.0296762 
0.0296432 
0.0296125 
0.0295767 
0.0295434 
0.029505 
0.0294691 
0.0294281 
0.0293895 
0.029346 
0.0293049 
0.0292589 
0.0292152 
0.0291667 
0.0291205 
0.0290695 
0.0290209 
0.0289676 
0.0289165 
0.0288608 
0.0288073 
0.0287493 
0.0286935 
0.0286332 
0.0285751 
0.0285125 
0.0284522 
0.0283874 
0.0283248 
0.028258 
0.0281932 
0.0281242 
0.0280573 
0.0279863 
0.0279173 
0.0278442 
0.0277732 
0.0276982 
0.0276252 
0.0275482 
0.0274733 
0.0273944 
0.0273176 
0.0272369 
0.0271582 
0.0270758 
0.0269953 
0.0269111 
0.0268288 
0.026743 
0.026659 
0.0265715 
0.0264859 
0.0263968 
0.0263096 
0.0262189 
0.0261302 
0.0260381 
0.0259478 
0.0258542 
0.0257625 
0.0256676 
0.0255744 
0.0254782 
0.0253837 
0.0252861 
0.0251903 
0.0250915 
0.0249945 
0.0248945 
0.0247962 
0.0246951 
0.0245957 
0.0244935 
0.024393 
0.0242898 
0.0241882 
0.024084 
0.0239815 
0.0238763 
0.0237728 
0.0236668 
0.0235624 
0.0234555 
0.0233502 
0.0232426 
0.0231365 
0.0230281 
0.0229213 
0.0228122 
0.0227047 
0.022595 
0.0224869 
0.0223765 
0.0222678 
0.0221569 
0.0220476 
0.0219362 
0.0218264 
0.0217146 
0.0216044 
0.0214921 
0.0213815 
0.0212689 
0.0211578 
0.021045 
0.0209336 
0.0208205 
0.0207088 
0.0205955 
0.0204836 
0.0203701 
0.020258 
0.0201444 
0.0200322 
0.0199184 
0.0198062 
0.0196924 
0.01958 
0.0194663 
0.0193539 
0.0192402 
0.0191279 
0.0190142 
0.018902 
0.0187885 
0.0186764 
0.0185631 
0.0184511 
0.018338 
0.0182262 
0.0181133 
0.0180018 
0.0178892 
0.017778 
0.0176657 
0.0175548 
0.0174429 
0.0173324 
0.0172209 
0.0171107 
0.0169996 
0.0168899 
0.0167793 
0.0166701 
0.01656 
0.0164513 
0.0163417 
0.0162335 
0.0161245 
0.0160169 
0.0159085 
0.0158015 
0.0156938 
0.0155874 
0.0154804 
0.0153747 
0.0152684 
0.0151634 
0.0150578 
0.0149535 
0.0148487 
0.0147452 
0.0146412 
0.0145385 
0.0144354 
0.0143335 
0.0142312 
0.0141302 
0.0140288 
0.0139287 
0.0138281 
0.0137289 
0.0136294 
0.0135311 
0.0134325 
0.0133352 
0.0132376 
0.0131413 
0.0130448 
0.0129495 
0.012854 
0.0127597 
0.0126653 
0.0125721 
0.0124787 
0.0123867 
0.0122944 
0.0122035 
0.0121124 
0.0120226 
0.0119326 
0.011844 
0.0117552 
0.0116677 
0.0115802 
0.0114939 
0.0114076 
0.0113225 
0.0112374 
0.0111537 
0.0110698 
0.0109873 
0.0109047 
0.0108235 
0.0107422 
0.0106623 
0.0105824 
0.0105037 
0.0104251 
0.0103478 
0.0102706 
0.0101947 
0.0101188 
0.0100442 
0.00996968 
0.0098965 
0.00982338 
0.0097516 
0.00967989 
0.00960953 
0.00953923 
0.0094703 
0.00940144 
0.00933396 
0.00926655 
0.00920052 
0.00913457 
0.00907001 
0.00900553 
0.00894245 
0.00887945 
0.00881787 
0.00875637 
0.00869629 
0.00863629 
0.00857773 
0.00851924 
0.0084622 
0.00840524 
0.00834974 
0.00829431 
0.00824036 
0.00818647 
0.00813406 
0.00808173 
0.00803089 
0.00798011 
0.00793083 
0.00788162 
0.00783392 
0.00778628 
0.00774017 
0.0076941 
0.00764959 
0.0076051 
0.00756218 
0.00751928 
0.00747797 
0.00743666 
0.00739696 
0.00735725 
0.00731916 
0.00728105 
0.00724458 
0.00720807 
0.00717323 
0.00713833 
0.00710511 
0.00707183 
0.00704024 
0.00700856 
0.00697861 
0.00694855 
0.00692023 
0.00689179 
0.0068651 
0.00683828 
0.00681323 
0.00678803 
0.00676462 
0.00674104 
0.00671927 
0.0066973 
0.00667718 
0.00665683 
0.00663835 
0.00661961 
0.00660277 
0.00658565 
0.00657045 
0.00655495 
0.00654138 
0.00652749 
0.00651556 
0.00650328 
0.00649298 
0.00648231 
0.00647364 
0.00646457 
0.00645754 
0.00645006 
0.00644465 
0.00643877 
0.00643498 
0.00643069 
0.00642852 
0.00642582 
0.00642526 
0.00642414 
0.00642519 
0.00642564 
0.00642829 
0.00643031 
0.00643456 
0.00643813 
0.00644397 
0.00644911 
0.00645653 
0.00646321 
0.00647221 
0.00648043 
0.006491 
0.00650074 
0.00651288 
0.00652415 
0.00653783 
0.00655061 
0.00656584 
0.00658013 
0.0065969 
0.00661268 
0.00663097 
0.00664823 
0.00666804 
0.00668678 
0.00670809 
0.00672829 
0.0067511 
0.00677275 
0.00679704 
0.00682013 
0.0068459 
0.00687042 
0.00689764 
0.00692357 
0.00695225 
0.00697958 
0.00700969 
0.00703841 
0.00706995 
0.00710004 
0.00713298 
0.00716444 
0.00719878 
0.00723158 
0.0072673 
0.00730143 
0.00733851 
0.00737396 
0.0074124 
0.00744915 
0.00748892 
0.00752695 
0.00756804 
0.00760734 
0.00764973 
0.00769028 
0.00773396 
0.00777575 
0.0078207 
0.0078637 
0.0079099 
0.0079541 
0.00800153 
0.00804691 
0.00809556 
0.0081421 
0.00819195 
0.00823963 
0.00829065 
0.00833946 
0.00839164 
0.00844155 
0.00849487 
0.00854586 
0.0086003 
0.00865235 
0.00870789 
0.00876098 
0.00881759 
0.00887171 
0.00892938 
0.00898449 
0.00904319 
0.00909928 
0.00915899 
0.00921604 
0.00927674 
0.00933471 
0.00939638 
0.00945527 
0.00951787 
0.00957764 
0.00964117 
0.00970181 
0.00976623 
0.0098277 
0.009893 
0.00995528 
0.0100214 
0.0100845 
0.0101515 
0.0102153 
0.0102831 
0.0103476 
0.0104162 
0.0104815 
0.0105507 
0.0106167 
0.0106867 
0.0107533 
0.010824 
0.0108913 
0.0109627 
0.0110306 
0.0111025 
0.011171 
0.0112436 
0.0113126 
0.0113858 
0.0114554 
0.0115291 
0.0115992 
0.0116735 
0.011744 
0.0118188 
0.0118897 
0.011965 
0.0120364 
0.0121121 
0.0121838 
0.0122599 
0.0123321 
0.0124085 
0.012481 
0.0125579 
0.0126306 
0.0127078 
0.0127808 
0.0128583 
0.0129316 
0.0130093 
0.0130828 
0.0131608 
0.0132344 
0.0133126 
0.0133864 
0.0134648 
0.0135387 
0.0136172 
0.0136913 
0.0137699 
0.013844 
0.0139227 
0.0139968 
0.0140756 
0.0141497 
0.0142285 
0.0143026 
0.0143814 
0.0144555 
0.0145342 
0.0146082 
0.0146868 
0.0147607 
0.0148392 
0.014913 
0.0149914 
0.0150649 
0.0151432 
0.0152165 
0.0152946 
0.0153677 
0.0154455 
0.0155183 
0.0155959 
0.0156684 
0.0157457 
0.0158179 
0.0158949 
0.0159668 
0.0160434 
0.0161149 
0.0161911 
0.0162622 
0.016338 
0.0164086 
0.016484 
0.0165541 
0.0166291 
0.0166987 
0.0167731 
0.0168422 
0.0169161 
0.0169846 
0.017058 
0.0171259 
0.0171987 
0.017266 
0.0173381 
0.0174048 
0.0174763 
0.0175423 
0.0176131 
0.0176784 
0.0177486 
0.0178131 
0.0178825 
0.0179464 
0.018015 
0.018078 
0.0181459 
0.0182081 
0.0182752 
0.0183366 
0.0184028 
0.0184633 
0.0185286 
0.0185883 
0.0186528 
0.0187115 
0.0187751 
0.0188329 
0.0188955 
0.0189523 
0.019014 
0.0190699 
0.0191305 
0.0191854 
0.019245 
0.0192989 
0.0193575 
0.0194103 
0.0194679 
0.0195196 
0.0195761 
0.0196268 
0.0196821 
0.0197317 
0.019786 
0.0198344 
0.0198875 
0.0199348 
0.0199867 
0.0200329 
0.0200836 
0.0201286 
0.0201782 
0.0202219 
0.0202703 
0.0203128 
0.0203599 
0.0204012 
0.0204471 
0.0204871 
0.0205318 
0.0205705 
0.0206139 
0.0206514 
0.0206934 
0.0207296 
0.0207704 
0.0208053 
0.0208447 
0.0208783 
0.0209164 
0.0209486 
0.0209854 
0.0210163 
0.0210517 
0.0210813 
0.0211153 
0.0211435 
0.0211761 
0.021203 
0.0212342 
0.0212597 
0.0212895 
0.0213136 
0.0213421 
0.0213648 
0.0213918 
0.0214131 
0.0214388 
0.0214587 
0.0214829 
0.0215014 
0.0215241 
0.0215412 
0.0215626 
0.0215783 
0.0215982 
0.0216124 
0.0216309 
0.0216438 
0.0216608 
0.0216722 
0.0216878 
0.0216978 
0.021712 
0.0217206 
0.0217333 
0.0217405 
0.0217517 
0.0217575 
0.0217673 
0.0217717 
0.0217801 
0.0217831 
0.02179 
0.0217916 
0.0217971 
0.0217973 
0.0218013 
0.0218001 
0.0218028 
0.0218002 
0.0218014 
0.0217974 
0.0217973 
0.0217919 
0.0217904 
0.0217836 
0.0217807 
0.0217726 
0.0217683 
0.0217588 
0.0217531 
0.0217424 
0.0217353 
0.0217232 
0.0217148 
0.0217013 
0.0216916 
0.0216768 
0.0216657 
0.0216497 
0.0216373 
0.02162 
0.0216063 
0.0215877 
0.0215727 
0.0215529 
0.0215365 
0.0215155 
0.0214979 
0.0214756 
0.0214568 
0.0214333 
0.0214133 
0.0213886 
0.0213673 
0.0213414 
0.0213189 
0.0212919 
0.0212682 
0.0212401 
0.0212152 
0.0211859 
0.0211599 
0.0211295 
0.0211024 
0.0210709 
0.0210426 
0.0210101 
0.0209807 
0.0209471 
0.0209167 
0.020882 
0.0208505 
0.0208148 
0.0207823 
0.0207456 
0.0207121 
0.0206744 
0.0206399 
0.0206013 
0.0205658 
0.0205262 
0.0204898 
0.0204493 
0.0204119 
0.0203706 
0.0203322 
0.02029 
0.0202508 
0.0202077 
0.0201676 
0.0201238 
0.0200828 
0.0200381 
0.0199963 
0.0199509 
0.0199083 
0.0198621 
0.0198187 
0.0197717 
0.0197276 
0.0196799 
0.019635 
0.0195867 
0.0195411 
0.019492 
0.0194458 
0.019396 
0.0193491 
0.0192988 
0.0192512 
0.0192002 
0.019152 
0.0191005 
0.0190517 
0.0189996 
0.0189502 
0.0188976 
0.0188477 
0.0187946 
0.0187441 
0.0186905 
0.0186395 
0.0185854 
0.0185339 
0.0184794 
0.0184275 
0.0183725 
0.0183201 
0.0182647 
0.018212 
0.0181562 
0.018103 
0.0180469 
0.0179934 
0.0179369 
0.017883 
0.0178263 
0.0177721 
0.017715 
0.0176605 
0.0176031 
0.0175483 
0.0174908 
0.0174357 
0.0173779 
0.0173226 
0.0172646 
0.017209 
0.0171508 
0.0170951 
0.0170367 
0.0169808 
0.0169223 
0.0168663 
0.0168077 
0.0167515 
0.0166927 
0.0166364 
0.0165776 
0.0165212 
0.0164623 
0.0164059 
0.016347 
0.0162904 
0.0162315 
0.0161749 
0.016116 
0.0160594 
0.0160005 
0.0159439 
0.015885 
0.0158285 
0.0157697 
0.0157132 
0.0156544 
0.015598 
0.0155393 
0.015483 
0.0154244 
0.0153682 
0.0153097 
0.0152536 
0.0151953 
0.0151394 
0.0150812 
0.0150254 
0.0149674 
0.0149118 
0.014854 
0.0147986 
0.014741 
0.0146858 
0.0146285 
0.0145735 
0.0145164 
0.0144616 
0.0144048 
0.0143503 
0.0142938 
0.0142396 
0.0141833 
0.0141294 
0.0140735 
0.0140198 
0.0139642 
0.0139109 
0.0138557 
0.0138027 
0.0137478 
0.0136952 
0.0136407 
0.0135885 
0.0135343 
0.0134825 
0.0134288 
0.0133773 
0.013324 
0.013273 
0.0132201 
0.0131695 
0.0131171 
0.0130669 
0.0130149 
0.0129652 
0.0129137 
0.0128645 
0.0128135 
0.0127648 
0.0127143 
0.012666 
0.012616 
0.0125683 
0.0125188 
0.0124717 
0.0124227 
0.0123761 
0.0123277 
0.0122816 
0.0122338 
0.0121883 
0.0121411 
0.0120961 
0.0120495 
0.0120051 
0.0119591 
0.0119154 
0.0118699 
0.0118268 
0.011782 
0.0117395 
0.0116954 
0.0116535 
0.01161 
0.0115688 
0.011526 
0.0114854 
0.0114433 
0.0114034 
0.0113619 
0.0113228 
0.011282 
0.0112435 
0.0112034 
0.0111657 
0.0111263 
0.0110893 
0.0110506 
0.0110144 
0.0109764 
0.0109409 
0.0109037 
0.010869 
0.0108326 
0.0107986 
0.0107629 
0.0107297 
0.0106948 
0.0106624 
0.0106283 
0.0105967 
0.0105633 
0.0105325 
0.0105 
0.01047 
0.0104383 
0.0104092 
0.0103783 
0.0103499 
0.0103199 
0.0102924 
0.0102632 
0.0102366 
0.0102082 
0.0101825 
0.010155 
0.0101301 
0.0101034 
0.0100794 
0.0100536 
0.0100305 
0.0100056 
0.00998338 
0.00995938 
0.00993804 
0.00991494 
0.00989451 
0.00987231 
0.0098528 
0.0098315 
0.00981292 
0.00979254 
0.00977489 
0.00975542 
0.00973872 
0.00972017 
0.00970441 
0.0096868 
0.00967199 
0.00965531 
0.00964146 
0.00962572 
0.00961283 
0.00959804 
0.00958612 
0.00957228 
0.00956133 
0.00954845 
0.00953847 
0.00952655 
0.00951756 
0.0095066 
0.00949859 
0.00948859 
0.00948157 
0.00947255 
0.00946652 
0.00945847 
0.00945344 
0.00944636 
0.00944233 
0.00943623 
0.0094332 
0.00942808 
0.00942604 
0.0094219 
0.00942088 
0.00941771 
0.00941769 
0.00941551 
0.0094165 
0.0094153 
0.00941729 
0.00941707 
0.00942007 
0.00942084 
0.00942484 
0.00942659 
0.0094316 
0.00943432 
0.00944033 
0.00944403 
0.00945105 
0.00945573 
0.00946374 
0.00946939 
0.00947841 
0.00948502 
0.00949504 
0.00950262 
0.00951362 
0.00952217 
0.00953416 
0.00954366 
0.00955664 
0.00956709 
0.00958104 
0.00959245 
0.00960737 
0.00961972 
0.00963561 
0.00964889 
0.00966575 
0.00967996 
0.00969777 
0.0097129 
0.00973166 
0.0097477 
0.0097674 
0.00978435 
0.00980498 
0.00982283 
0.00984439 
0.00986312 
0.00988559 
0.0099052 
0.00992857 
0.00994905 
0.00997332 
0.00999466 
0.0100198 
0.010042 
0.010068 
0.010091 
0.0101179 
0.0101418 
0.0101695 
0.0101941 
0.0102227 
0.0102481 
0.0102775 
0.0103038 
0.0103339 
0.0103609 
0.0103919 
0.0104197 
0.0104514 
0.0104799 
0.0105125 
0.0105417 
0.0105749 
0.0106049 
0.0106389 
0.0106695 
0.0107042 
0.0107355 
0.0107709 
0.0108028 
0.0108389 
0.0108715 
0.0109083 
0.0109415 
0.0109788 
0.0110126 
0.0110507 
0.011085 
0.0111236 
0.0111586 
0.0111978 
0.0112333 
0.011273 
0.011309 
0.0113493 
0.0113858 
0.0114266 
0.0114636 
0.0115049 
0.0115424 
0.0115841 
0.011622 
0.0116642 
0.0117025 
0.0117452 
0.0117838 
0.0118269 
0.0118659 
0.0119094 
0.0119487 
0.0119925 
0.0120322 
0.0120763 
0.0121163 
0.0121607 
0.012201 
0.0122457 
0.0122862 
0.0123312 
0.0123719 
0.0124171 
0.012458 
0.0125034 
0.0125444 
0.01259 
0.0126312 
0.0126769 
0.0127183 
0.0127641 
0.0128055 
0.0128515 
0.0128929 
0.0129389 
0.0129805 
0.0130265 
0.013068 
0.0131141 
0.0131556 
0.0132016 
0.0132431 
0.0132891 
0.0133305 
0.0133764 
0.0134177 
0.0134635 
0.0135047 
0.0135504 
0.0135914 
0.0136369 
0.0136778 
0.0137231 
0.0137638 
0.0138089 
0.0138493 
0.0138942 
0.0139343 
0.013979 
0.0140188 
0.0140632 
0.0141027 
0.0141467 
0.0141859 
0.0142296 
0.0142684 
0.0143117 
0.0143501 
0.014393 
0.0144309 
0.0144734 
0.0145109 
0.0145529 
0.01459 
0.0146315 
0.014668 
0.014709 
0.014745 
0.0147855 
0.0148209 
0.0148608 
0.0148957 
0.014935 
0.0149692 
0.0150079 
0.0150415 
0.0150796 
0.0151125 
0.0151499 
0.0151822 
0.0152188 
0.0152504 
0.0152864 
0.0153172 
0.0153524 
0.0153825 
0.015417 
0.0154463 
0.0154799 
0.0155085 
0.0155413 
0.015569 
0.015601 
0.0156279 
0.015659 
0.015685 
0.0157152 
0.0157404 
0.0157697 
0.0157939 
0.0158223 
0.0158456 
0.0158731 
0.0158955 
0.0159219 
0.0159434 
0.0159688 
0.0159893 
0.0160138 
0.0160332 
0.0160567 
0.0160751 
0.0160975 
0.0161149 
0.0161363 
0.0161527 
0.0161729 
0.0161882 
0.0162074 
0.0162217 
0.0162397 
0.0162529 
0.0162698 
0.0162819 
0.0162977 
0.0163086 
0.0163233 
0.0163331 
0.0163466 
0.0163552 
0.0163676 
0.0163751 
0.0163862 
0.0163925 
0.0164025 
0.0164077 
0.0164164 
0.0164204 
0.0164279 
0.0164307 
0.016437 
0.0164385 
0.0164436 
0.016444 
0.0164478 
0.0164469 
0.0164495 
0.0164474 
0.0164487 
0.0164454 
0.0164455 
0.0164409 
0.0164397 
0.0164339 
0.0164314 
0.0164244 
0.0164206 
0.0164124 
0.0164073 
0.0163979 
0.0163915 
0.0163808 
0.0163731 
0.0163611 
0.0163522 
0.016339 
0.0163288 
0.0163143 
0.0163028 
0.016287 
0.0162742 
0.0162573 
0.0162432 
0.016225 
0.0162096 
0.0161901 
0.0161735 
0.0161528 
0.0161348 
0.0161129 
0.0160937 
0.0160705 
0.0160501 
0.0160257 
0.0160039 
0.0159783 
0.0159553 
0.0159285 
0.0159042 
0.0158762 
0.0158507 
0.0158214 
0.0157947 
0.0157643 
0.0157363 
0.0157047 
0.0156754 
0.0156427 
0.0156122 
0.0155783 
0.0155466 
0.0155115 
0.0154787 
0.0154425 
0.0154084 
0.0153711 
0.0153359 
0.0152974 
0.015261 
0.0152214 
0.0151839 
0.0151432 
0.0151045 
0.0150627 
0.0150229 
0.0149801 
0.0149392 
0.0148953 
0.0148533 
0.0148083 
0.0147652 
0.0147193 
0.0146751 
0.0146281 
0.0145829 
0.0145349 
0.0144886 
0.0144397 
0.0143924 
0.0143425 
0.0142942 
0.0142433 
0.014194 
0.0141422 
0.0140919 
0.0140392 
0.013988 
0.0139344 
0.0138822 
0.0138277 
0.0137747 
0.0137193 
0.0136653 
0.0136091 
0.0135543 
0.0134972 
0.0134415 
0.0133837 
0.0133271 
0.0132685 
0.0132111 
0.0131517 
0.0130936 
0.0130334 
0.0129745 
0.0129136 
0.0128539 
0.0127923 
0.0127318 
0.0126696 
0.0126084 
0.0125455 
0.0124836 
0.01242 
0.0123574 
0.0122932 
0.01223 
0.0121652 
0.0121014 
0.012036 
0.0119715 
0.0119056 
0.0118406 
0.0117741 
0.0117085 
0.0116415 
0.0115753 
0.0115078 
0.0114411 
0.0113732 
0.011306 
0.0112376 
0.0111699 
0.0111011 
0.011033 
0.0109638 
0.0108952 
0.0108256 
0.0107567 
0.0106867 
0.0106174 
0.0105471 
0.0104774 
0.0104068 
0.0103367 
0.0102658 
0.0101955 
0.0101243 
0.0100537 
0.00998228 
0.00991134 
0.00983975 
0.00976856 
0.00969678 
0.00962537 
0.00955341 
0.00948181 
0.0094097 
0.00933792 
0.00926569 
0.00919377 
0.00912144 
0.00904939 
0.00897698 
0.00890482 
0.00883236 
0.00876013 
0.00868763 
0.00861535 
0.00854285 
0.00847054 
0.00839805 
0.00832573 
0.00825328 
0.00818097 
0.0081086 
0.00803634 
0.00796404 
0.00789185 
0.00781966 
0.00774758 
0.00767554 
0.0076036 
0.00753172 
0.00745995 
0.00738827 
0.0073167 
0.00724523 
0.00717388 
0.00710263 
0.00703149 
0.00696048 
0.00688959 
0.00681883 
0.0067482 
0.0066777 
0.00660735 
0.00653715 
0.00646709 
0.00639778 
0.0063284 
0.00625932 
0.00619031 
0.00612163 
0.00605301 
0.00598475 
0.00591656 
0.00584874 
0.005781 
0.00571365 
0.00564638 
0.00557952 
0.00551274 
0.0054464 
0.00538014 
0.00531433 
0.00524861 
0.00518336 
0.00511819 
0.00505353 
0.00498894 
0.00492488 
0.0048609 
0.00479745 
0.0047341 
0.0046713 
0.00460859 
0.00454645 
0.00448441 
0.00442296 
0.00436161 
0.00430086 
0.00424022 
0.00418019 
0.00412028 
0.004061 
0.00400184 
0.00394333 
0.00388494 
0.00382722 
0.00376962 
0.0037127 
0.00365591 
0.00359982 
0.00354386 
0.00348861 
0.00343351 
0.00337913 
0.0033249 
0.0032714 
0.00321807 
0.00316547 
0.00311305 
0.00306138 
0.00300989 
0.00295916 
0.00290862 
0.00285885 
0.00280929 
0.0027605 
0.00271193 
0.00266414 
0.00261658 
0.00256981 
0.00252329 
0.00247755 
0.00243207 
0.0023874 
0.00234299 
0.00229938 
0.00225607 
0.00221356 
0.00217135 
0.00212995 
0.00208886 
0.00204859 
0.00200866 
0.00196953 
0.00193076 
0.0018928 
0.00185521 
0.00181844 
0.00178205 
0.00174648 
0.00171131 
0.00167695 
0.00164302 
0.0016099 
0.00157723 
0.00154536 
0.00151396 
0.00148337 
0.00145325 
0.00142395 
0.00139514 
0.00136714 
0.00133966 
0.00131298 
0.00128685 
0.00126151 
0.00123673 
0.00121274 
0.00118934 
0.00116672 
0.00114472 
0.00112348 
0.00110289 
0.00108306 
0.00106388 
0.00104547 
0.00102774 
0.00101076 
0.000994488 
0.000978954 
0.000964154 
0.0009501 
0.000936799 
0.00092426 
0.000912489 
0.000901492 
0.000891277 
0.000881849 
0.000873214 
0.000865378 
0.000858347 
0.000852125 
0.000846113 
0.000841137 
0.000836812 
0.000833436 
0.000830692 
0.000828925 
0.000827772 
0.000827625 
0.000828072 
0.000829555 
0.000831612 
0.000834735 
0.000838412 
0.000843185 
0.000848491 
0.000854924 
0.000861868 
0.000869971 
0.000878564 
0.000888347 
0.000898596 
0.000910068 
0.000921983 
0.000935153 
0.000948742 
0.000963619 
0.000978889 
0.000995482 
0.00101244 
0.00103076 
0.00104941 
0.00106946 
0.00108982 
0.00111161 
0.00113368 
0.00115721 
0.00118099 
0.00120628 
0.00123178 
0.00125882 
0.00128605 
0.00131485 
0.00134381 
0.00137438 
0.00140508 
0.00143741 
0.00146985 
0.00150396 
0.00154169 
0.00157925 
0.00161731 
0.0016567 
0.00169657 
0.0017378 
0.00177949 
0.00182255 
0.00186605 
0.00191095 
0.00195627 
0.002003 
0.00205014 
0.00209869 
0.00214765 
0.00219803 
0.0022488 
0.00230101 
0.00235358 
0.00240761 
0.00246198 
0.00251784 
0.002574 
0.00263167 
0.00268963 
0.0027491 
0.00280884 
0.00287011 
0.00293163 
0.00299469 
0.00305797 
0.00312282 
0.00318786 
0.00325448 
0.00332127 
0.00338965 
0.00345817 
0.00352831 
0.00359855 
0.00367042 
0.00374238 
0.00381597 
0.00388962 
0.00396493 
0.00404026 
0.00411727 
0.00419426 
0.00427294 
0.00435159 
0.00443193 
0.0045122 
0.00459419 
0.00467608 
0.00475969 
0.00484316 
0.00492838 
0.00501342 
0.00510022 
0.00518682 
0.00527518 
0.00536329 
0.00545319 
0.00554281 
0.00563422 
0.00572531 
0.0058182 
0.00591075 
0.0060051 
0.00609907 
0.00619486 
0.00629022 
0.00638741 
0.00648414 
0.00658271 
0.00668077 
0.00678068 
0.00688005 
0.00698127 
0.00708191 
0.00718441 
0.00728629 
0.00739004 
0.00749312 
0.00759808 
0.00770233 
0.00780847 
0.00791384 
0.00802112 
0.00812759 
0.00823597 
0.0083435 
0.00845294 
0.00856149 
0.00867195 
0.00878148 
0.00889292 
0.00900338 
0.00911577 
0.00922712 
0.00934041 
0.00945261 
0.00956675 
0.00967975 
0.0097947 
0.00990847 
0.0100242 
0.0101387 
0.0102551 
0.0103703 
0.0104874 
0.0106031 
0.0107209 
0.0108372 
0.0109555 
0.0110724 
0.0111912 
0.0113086 
0.0114279 
0.0115457 
0.0116654 
0.0117836 
0.0119037 
0.0120221 
0.0121426 
0.0122613 
0.012382 
0.012501 
0.0126219 
0.012741 
0.0128621 
0.0129813 
0.0131025 
0.0132218 
0.013343 
0.0134623 
0.0135836 
0.0137028 
0.013824 
0.0139431 
0.0140642 
0.0141832 
0.014304 
0.0144228 
0.0145435 
0.0146619 
0.0147823 
0.0149005 
0.0150205 
0.0151382 
0.0152579 
0.0153752 
0.0154944 
0.0156112 
0.0157298 
0.0158461 
0.0159642 
0.0160798 
0.0161973 
0.0163122 
0.016429 
0.0165432 
0.0166592 
0.0167727 
0.0168879 
0.0170005 
0.0171149 
0.0172266 
0.01734 
0.0174508 
0.0175633 
0.017673 
0.0177845 
0.0178931 
0.0180035 
0.0181111 
0.0182203 
0.0183267 
0.0184348 
0.0185399 
0.0186467 
0.0187506 
0.0188561 
0.0189586 
0.0190628 
0.0191639 
0.0192667 
0.0193664 
0.0194677 
0.0195659 
0.0196657 
0.0197624 
0.0198607 
0.0199558 
0.0200524 
0.0201459 
0.0202409 
0.0203327 
0.020426 
0.020516 
0.0206076 
0.0206959 
0.0207857 
0.0208721 
0.0209601 
0.0210447 
0.0211308 
0.0212135 
0.0212976 
0.0213784 
0.0214606 
0.0215394 
0.0216196 
0.0216964 
0.0217746 
0.0218493 
0.0219254 
0.021998 
0.022072 
0.0221425 
0.0222144 
0.0222827 
0.0223524 
0.0224185 
0.022486 
0.02255 
0.0226152 
0.0226769 
0.0227399 
0.0227993 
0.02286 
0.0229171 
0.0229755 
0.0230303 
0.0230864 
0.0231388 
0.0231925 
0.0232426 
0.0232939 
0.0233416 
0.0233905 
0.0234358 
0.0234822 
0.0235251 
0.0235692 
0.0236096 
0.0236512 
0.0236892 
0.0237283 
0.0237638 
0.0238004 
0.0238335 
0.0238677 
0.0238982 
0.0239299 
0.023958 
0.0239871 
0.0240127 
0.0240394 
0.0240624 
0.0240866 
0.0241072 
0.0241288 
0.0241469 
0.024166 
0.0241816 
0.0241982 
0.0242113 
0.0242254 
0.024236 
0.0242476 
0.0242557 
0.0242647 
0.0242704 
0.024277 
0.0242801 
0.0242842 
0.0242849 
0.0242865 
0.0242848 
0.0242839 
0.0242798 
0.0242765 
0.0242698 
0.0242641 
0.0242551 
0.024247 
0.0242355 
0.024225 
0.0242112 
0.0241983 
0.0241821 
0.0241668 
0.0241483 
0.0241307 
0.0241099 
0.02409 
0.0240669 
0.0240446 
0.0240193 
0.0239948 
0.0239672 
0.0239404 
0.0239106 
0.0238816 
0.0238497 
0.0238185 
0.0237844 
0.023751 
0.0237148 
0.0236793 
0.023641 
0.0236034 
0.0235631 
0.0235234 
0.023481 
0.0234394 
0.0233949 
0.0233513 
0.0233049 
0.0232593 
0.023211 
0.0231635 
0.0231133 
0.0230639 
0.0230119 
0.0229606 
0.0229068 
0.0228537 
0.0227981 
0.0227432 
0.0226859 
0.0226293 
0.0225703 
0.022512 
0.0224513 
0.0223914 
0.0223291 
0.0222676 
0.0222037 
0.0221406 
0.0220753 
0.0220106 
0.0219438 
0.0218776 
0.0218094 
0.0217418 
0.0216721 
0.0216031 
0.0215321 
0.0214618 
0.0213894 
0.0213178 
0.0212442 
0.0211713 
0.0210965 
0.0210223 
0.0209463 
0.020871 
0.0207939 
0.0207175 
0.0206392 
0.0205617 
0.0204824 
0.0204039 
0.0203236 
0.0202441 
0.0201628 
0.0200823 
0.0200002 
0.0199188 
0.0198358 
0.0197535 
0.0196696 
0.0195865 
0.0195019 
0.019418 
0.0193327 
0.0192481 
0.0191621 
0.0190768 
0.0189901 
0.0189041 
0.0188169 
0.0187303 
0.0186425 
0.0185553 
0.018467 
0.0183793 
0.0182905 
0.0182024 
0.0181131 
0.0180246 
0.0179349 
0.017846 
0.017756 
0.0176667 
0.0175764 
0.0174868 
0.0173962 
0.0173063 
0.0172155 
0.0171254 
0.0170344 
0.0169441 
0.0168529 
0.0167625 
0.0166712 
0.0165806 
0.0164893 
0.0163986 
0.0163072 
0.0162165 
0.0161251 
0.0160344 
0.0159431 
0.0158524 
0.0157611 
0.0156705 
0.0155793 
0.0154888 
0.0153977 
0.0153074 
0.0152165 
0.0151263 
0.0150356 
0.0149456 
0.0148551 
0.0147654 
0.0146751 
0.0145857 
0.0144957 
0.0144065 
0.0143169 
0.0142281 
0.0141388 
0.0140503 
0.0139614 
0.0138733 
0.0137849 
0.0136972 
0.0136091 
0.0135219 
0.0134343 
0.0133475 
0.0132604 
0.0131741 
0.0130876 
0.0130018 
0.0129158 
0.0128305 
0.0127451 
0.0126604 
0.0125755 
0.0124914 
0.0124072 
0.0123237 
0.0122401 
0.0121572 
0.0120742 
0.011992 
0.0119097 
0.0118282 
0.0117466 
0.0116658 
0.0115849 
0.0115048 
0.0114247 
0.0113453 
0.0112659 
0.0111873 
0.0111086 
0.0110308 
0.0109529 
0.0108759 
0.0107988 
0.0107226 
0.0106463 
0.0105709 
0.0104955 
0.0104209 
0.0103463 
0.0102726 
0.0101989 
0.010126 
0.0100532 
0.00998117 
0.00990923 
0.00983812 
0.00976708 
0.00969686 
0.00962674 
0.00955744 
0.00948824 
0.00941986 
0.0093516 
0.00928416 
0.00921684 
0.00915034 
0.00908398 
0.00901844 
0.00895304 
0.00888847 
0.00882404 
0.00876045 
0.008697 
0.00863439 
0.00857193 
0.00851031 
0.00844885 
0.00838824 
0.00832778 
0.00826817 
0.00820873 
0.00815013 
0.00809171 
0.00803413 
0.00797673 
0.00792018 
0.00786381 
0.00780829 
0.00775296 
0.00769848 
0.00764418 
0.00759075 
0.0075375 
0.00748511 
0.00743291 
0.00738158 
0.00733043 
0.00728015 
0.00723006 
0.00718084 
0.00713181 
0.00708366 
0.00703569 
0.00698861 
0.00694171 
0.00689569 
0.00684986 
0.00680492 
0.00676016 
0.00671629 
0.0066726 
0.00662981 
0.0065872 
0.00654549 
0.00650395 
0.00646332 
0.00642287 
0.00638332 
0.00634394 
0.00630548 
0.00626718 
0.0062298 
0.00619258 
0.00615629 
0.00612016 
0.00608495 
0.00604989 
0.00601577 
0.0059818 
0.00594877 
0.00591587 
0.00588393 
0.00585212 
0.00582126 
0.00579052 
0.00576075 
0.0057311 
0.00570241 
0.00567384 
0.00564623 
0.00561874 
0.00559222 
0.0055658 
0.00554037 
0.00551502 
0.00549067 
0.0054664 
0.00544313 
0.00541993 
0.00539773 
0.00537561 
0.00535449 
0.00533343 
0.00531339 
0.0052934 
0.00527443 
0.0052555 
0.0052376 
0.00521973 
0.0052029 
0.00518609 
0.00517033 
0.00515458 
0.00513988 
0.00512518 
0.00511154 
0.00509789 
0.00508531 
0.00507271 
0.00506118 
0.00504962 
0.00503915 
0.00502863 
0.0050192 
0.00500972 
0.00500134 
0.00499288 
0.00498554 
0.00497812 
0.00497182 
0.00496542 
0.00496015 
0.00495477 
0.00495053 
0.00494616 
0.00494295 
0.00493959 
0.0049374 
0.00493505 
0.00493386 
0.00493252 
0.00493235 
0.00493199 
0.00493283 
0.00493346 
0.0049353 
0.00493692 
0.00493975 
0.00494235 
0.00494617 
0.00494974 
0.00495454 
0.00495908 
0.00496486 
0.00497036 
0.0049771 
0.00498356 
0.00499127 
0.00499867 
0.00500734 
0.00501568 
0.0050253 
0.00503458 
0.00504514 
0.00505534 
0.00506684 
0.00507796 
0.00509039 
0.00510242 
0.00511577 
0.0051287 
0.00514296 
0.00515679 
0.00517196 
0.00518667 
0.00520274 
0.00521832 
0.00523528 
0.00525174 
0.00526957 
0.00528688 
0.00530559 
0.00532375 
0.00534332 
0.00536232 
0.00538274 
0.00540257 
0.00542383 
0.00544449 
0.00546658 
0.00548804 
0.00551095 
0.00553322 
0.00555694 
0.00557999 
0.00560451 
0.00562834 
0.00565365 
0.00567825 
0.00570433 
0.00572969 
0.00575654 
0.00578264 
0.00581024 
0.00583707 
0.00586541 
0.00589296 
0.00592204 
0.00595029 
0.00598008 
0.00600903 
0.00603952 
0.00606915 
0.00610034 
0.00613063 
0.0061625 
0.00619345 
0.00622597 
0.00625756 
0.00629074 
0.00632296 
0.00635677 
0.0063896 
0.00642403 
0.00645745 
0.0064925 
0.0065265 
0.00656214 
0.00659671 
0.00663292 
0.00666805 
0.00670483 
0.00674049 
0.00677781 
0.00681399 
0.00685185 
0.00688854 
0.0069269 
0.00696408 
0.00700295 
0.0070406 
0.00707995 
0.00711806 
0.00715788 
0.00719643 
0.00723669 
0.00727567 
0.00731636 
0.00735574 
0.00739685 
0.00743663 
0.00747813 
0.00751828 
0.00756017 
0.00760066 
0.00764291 
0.00768375 
0.00772635 
0.0077675 
0.00781042 
0.00785188 
0.00789511 
0.00793685 
0.00798037 
0.00802238 
0.00806617 
0.00810842 
0.00815247 
0.00819495 
0.00823923 
0.00828192 
0.00832642 
0.0083693 
0.008414 
0.00845706 
0.00850193 
0.00854514 
0.00859018 
0.00863352 
0.0086787 
0.00872216 
0.00876746 
0.00881101 
0.00885642 
0.00890005 
0.00894554 
0.00898923 
0.00903479 
0.00907852 
0.00912412 
0.00916788 
0.0092135 
0.00925726 
0.00930289 
0.00934664 
0.00939226 
0.00943597 
0.00948156 
0.00952521 
0.00957076 
0.00961434 
0.00965981 
0.0097033 
0.00974869 
0.00979207 
0.00983735 
0.00988061 
0.00992576 
0.00996887 
0.0100139 
0.0100568 
0.0101017 
0.0101444 
0.0101891 
0.0102317 
0.0102761 
0.0103185 
0.0103627 
0.0104048 
0.0104489 
0.0104907 
0.0105345 
0.0105761 
0.0106196 
0.0106609 
0.0107041 
0.0107451 
0.010788 
0.0108287 
0.0108712 
0.0109116 
0.0109538 
0.0109938 
0.0110357 
0.0110753 
0.0111168 
0.0111561 
0.0111972 
0.011236 
0.0112768 
0.0113152 
0.0113555 
0.0113935 
0.0114334 
0.0114709 
0.0115104 
0.0115474 
0.0115864 
0.011623 
0.0116616 
0.0116977 
0.0117357 
0.0117713 
0.0118088 
0.0118439 
0.011881 
0.0119155 
0.011952 
0.0119861 
0.012022 
0.0120555 
0.0120909 
0.0121238 
0.0121587 
0.012191 
0.0122253 
0.0122571 
0.0122908 
0.0123219 
0.012355 
0.0123856 
0.0124181 
0.0124481 
0.0124799 
0.0125093 
0.0125405 
0.0125693 
0.0125999 
0.012628 
0.0126579 
0.0126854 
0.0127147 
0.0127415 
0.0127702 
0.0127963 
0.0128243 
0.0128498 
0.0128772 
0.0129019 
0.0129286 
0.0129527 
0.0129787 
0.0130022 
0.0130275 
0.0130502 
0.0130749 
0.0130969 
0.0131209 
0.0131422 
0.0131655 
0.0131861 
0.0132087 
0.0132287 
0.0132505 
0.0132698 
0.0132909 
0.0133095 
0.0133299 
0.0133477 
0.0133675 
0.0133846 
0.0134036 
0.0134201 
0.0134384 
0.0134541 
0.0134717 
0.0134867 
0.0135036 
0.0135179 
0.0135341 
0.0135477 
0.0135631 
0.013576 
0.0135908 
0.013603 
0.0136171 
0.0136286 
0.0136419 
0.0136527 
0.0136654 
0.0136755 
0.0136874 
0.0136968 
0.0137081 
0.0137168 
0.0137274 
0.0137354 
0.0137453 
0.0137527 
0.0137619 
0.0137686 
0.0137771 
0.0137831 
0.013791 
0.0137963 
0.0138035 
0.0138082 
0.0138147 
0.0138188 
0.0138246 
0.013828 
0.0138333 
0.013836 
0.0138406 
0.0138428 
0.0138467 
0.0138482 
0.0138515 
0.0138524 
0.0138551 
0.0138554 
0.0138575 
0.0138572 
0.0138587 
0.0138577 
0.0138586 
0.0138571 
0.0138574 
0.0138554 
0.0138551 
0.0138525 
0.0138516 
0.0138484 
0.013847 
0.0138433 
0.0138413 
0.013837 
0.0138345 
0.0138297 
0.0138267 
0.0138213 
0.0138178 
0.0138119 
0.0138079 
0.0138015 
0.013797 
0.0137901 
0.0137851 
0.0137777 
0.0137722 
0.0137644 
0.0137584 
0.0137502 
0.0137437 
0.013735 
0.013728 
0.0137189 
0.0137115 
0.013702 
0.0136942 
0.0136842 
0.013676 
0.0136656 
0.0136569 
0.0136462 
0.0136371 
0.013626 
0.0136165 
0.013605 
0.0135952 
0.0135833 
0.0135731 
0.0135608 
0.0135503 
0.0135377 
0.0135268 
0.0135139 
0.0135027 
0.0134894 
0.0134779 
0.0134643 
0.0134524 
0.0134386 
0.0134264 
0.0134122 
0.0133998 
0.0133853 
0.0133726 
0.0133579 
0.0133449 
0.0133299 
0.0133166 
0.0133014 
0.0132879 
0.0132724 
0.0132586 
0.0132429 
0.0132289 
0.013213 
0.0131988 
0.0131826 
0.0131682 
0.0131518 
0.0131372 
0.0131207 
0.0131058 
0.0130891 
0.0130741 
0.0130572 
0.013042 
0.0130249 
0.0130096 
0.0129924 
0.0129768 
0.0129595 
0.0129438 
0.0129263 
0.0129105 
0.0128929 
0.0128769 
0.0128592 
0.0128431 
0.0128253 
0.0128091 
0.0127912 
0.0127749 
0.0127568 
0.0127404 
0.0127223 
0.0127058 
0.0126876 
0.0126711 
0.0126528 
0.0126362 
0.0126178 
0.0126011 
0.0125827 
0.012566 
0.0125476 
0.0125308 
0.0125123 
0.0124954 
0.0124769 
0.0124601 
0.0124415 
0.0124246 
0.0124061 
0.0123891 
0.0123706 
0.0123537 
0.0123351 
0.0123182 
0.0122996 
0.0122827 
0.0122641 
0.0122472 
0.0122287 
0.0122117 
0.0121932 
0.0121763 
0.0121579 
0.012141 
0.0121226 
0.0121058 
0.0120874 
0.0120706 
0.0120522 
0.0120355 
0.0120172 
0.0120005 
0.0119823 
0.0119657 
0.0119475 
0.011931 
0.0119129 
0.0118964 
0.0118784 
0.011862 
0.0118441 
0.0118278 
0.01181 
0.0117938 
0.011776 
0.0117599 
0.0117423 
0.0117263 
0.0117088 
0.0116928 
0.0116755 
0.0116597 
0.0116424 
0.0116267 
0.0116095 
0.011594 
0.011577 
0.0115615 
0.0115447 
0.0115294 
0.0115126 
0.0114975 
0.0114809 
0.0114659 
0.0114494 
0.0114346 
0.0114183 
0.0114036 
0.0113875 
0.0113729 
0.011357 
0.0113426 
0.0113268 
0.0113126 
0.011297 
0.011283 
0.0112675 
0.0112537 
0.0112384 
0.0112248 
0.0112097 
0.0111963 
0.0111814 
0.0111681 
0.0111535 
0.0111404 
0.0111259 
0.0111131 
0.0110988 
0.0110862 
0.0110721 
0.0110597 
0.0110459 
0.0110337 
0.0110201 
0.0110081 
0.0109947 
0.0109829 
0.0109698 
0.0109582 
0.0109453 
0.010934 
0.0109213 
0.0109103 
0.0108979 
0.010887 
0.0108748 
0.0108643 
0.0108523 
0.010842 
0.0108303 
0.0108203 
0.0108089 
0.0107991 
0.0107879 
0.0107784 
0.0107674 
0.0107582 
0.0107475 
0.0107386 
0.0107282 
0.0107195 
0.0107094 
0.0107009 
0.0106911 
0.010683 
0.0106734 
0.0106656 
0.0106563 
0.0106487 
0.0106398 
0.0106325 
0.0106238 
0.0106168 
0.0106084 
0.0106018 
0.0105937 
0.0105873 
0.0105795 
0.0105734 
0.0105659 
0.0105602 
0.010553 
0.0105475 
0.0105407 
0.0105355 
0.010529 
0.0105241 
0.0105179 
0.0105134 
0.0105075 
0.0105033 
0.0104977 
0.0104938 
0.0104885 
0.010485 
0.01048 
0.0104768 
0.0104722 
0.0104693 
0.010465 
0.0104624 
0.0104585 
0.0104563 
0.0104526 
0.0104507 
0.0104474 
0.0104459 
0.0104429 
0.0104417 
0.0104391 
0.0104383 
0.0104359 
0.0104355 
0.0104335 
0.0104333 
0.0104317 
0.0104319 
0.0104306 
0.0104312 
0.0104303 
0.0104312 
0.0104306 
0.0104318 
0.0104316 
0.0104332 
0.0104333 
0.0104353 
0.0104357 
0.0104381 
0.0104389 
0.0104415 
0.0104427 
0.0104457 
0.0104472 
0.0104506 
0.0104525 
0.0104563 
0.0104585 
0.0104626 
0.0104651 
0.0104696 
0.0104725 
0.0104774 
0.0104807 
0.0104859 
0.0104895 
0.0104951 
0.010499 
0.010505 
0.0105093 
0.0105156 
0.0105203 
0.0105269 
0.0105319 
0.0105389 
0.0105443 
0.0105517 
0.0105574 
0.0105652 
0.0105713 
0.0105793 
0.0105858 
0.0105942 
0.010601 
0.0106098 
0.0106169 
0.0106261 
0.0106336 
0.0106431 
0.0106509 
0.0106608 
0.0106689 
0.0106792 
0.0106877 
0.0106982 
0.0107071 
0.010718 
0.0107272 
0.0107384 
0.0107479 
0.0107595 
0.0107694 
0.0107813 
0.0107915 
0.0108037 
0.0108143 
0.0108269 
0.0108377 
0.0108506 
0.0108618 
0.010875 
0.0108865 
0.0109001 
0.0109119 
0.0109258 
0.0109378 
0.0109521 
0.0109645 
0.010979 
0.0109917 
0.0110065 
0.0110195 
0.0110346 
0.0110479 
0.0110634 
0.0110769 
0.0110927 
0.0111065 
0.0111225 
0.0111366 
0.0111529 
0.0111673 
0.0111839 
0.0111986 
0.0112154 
0.0112303 
0.0112474 
0.0112626 
0.01128 
0.0112954 
0.011313 
0.0113287 
0.0113465 
0.0113624 
0.0113805 
0.0113966 
0.0114149 
0.0114312 
0.0114498 
0.0114663 
0.011485 
0.0115018 
0.0115207 
0.0115377 
0.0115568 
0.0115739 
0.0115932 
0.0116105 
0.01163 
0.0116475 
0.0116671 
0.0116848 
0.0117046 
0.0117223 
0.0117423 
0.0117602 
0.0117803 
0.0117983 
0.0118185 
0.0118367 
0.011857 
0.0118752 
0.0118957 
0.011914 
0.0119345 
0.011953 
0.0119736 
0.0119921 
0.0120127 
0.0120313 
0.012052 
0.0120706 
0.0120914 
0.01211 
0.0121308 
0.0121495 
0.0121703 
0.0121889 
0.0122098 
0.0122284 
0.0122492 
0.0122679 
0.0122887 
0.0123073 
0.012328 
0.0123466 
0.0123673 
0.0123858 
0.0124064 
0.0124249 
0.0124454 
0.0124638 
0.0124842 
0.0125025 
0.0125228 
0.012541 
0.0125612 
0.0125792 
0.0125993 
0.0126171 
0.0126371 
0.0126548 
0.0126745 
0.0126921 
0.0127116 
0.012729 
