-0.000357143 
-0.000313364 
-0.000227163 
-0.000106888 
5.22823e-05 
0.000236208 
0.00045029 
0.000683609 
0.000941525 
0.00121363 
0.00150575 
0.0018079 
0.00212629 
0.00245128 
0.0027894 
0.0031313 
0.00348375 
0.00383767 
0.00420004 
0.00456198 
0.00493063 
0.00529729 
0.00566924 
0.00603794 
0.00641077 
0.00677932 
0.00715105 
0.00751767 
0.00788671 
0.00824997 
0.00861503 
0.00897378 
0.00933384 
0.00968716 
0.0100414 
0.0103886 
0.0107364 
0.0110769 
0.0114177 
0.0117511 
0.0120846 
0.0124105 
0.0127365 
0.0130547 
0.0133728 
0.0136832 
0.0139934 
0.0142958 
0.014598 
0.0148923 
0.0151864 
0.0154727 
0.0157588 
0.0160369 
0.0163149 
0.016585 
0.0168549 
0.017117 
0.0173789 
0.017633 
0.0178868 
0.018133 
0.018379 
0.0186172 
0.0188553 
0.0190858 
0.0193161 
0.0195388 
0.0197614 
0.0199764 
0.0201913 
0.0203988 
0.0206061 
0.020806 
0.0210058 
0.0211982 
0.0213906 
0.0215757 
0.0217607 
0.0219384 
0.0221162 
0.0222867 
0.0224572 
0.0226207 
0.0227841 
0.0229404 
0.0230968 
0.0232462 
0.0233957 
0.0235382 
0.0236808 
0.0238165 
0.0239523 
0.0240813 
0.0242105 
0.0243329 
0.0244554 
0.0245713 
0.0246874 
0.0247969 
0.0249065 
0.0250097 
0.025113 
0.02521 
0.0253071 
0.0253979 
0.0254889 
0.0255737 
0.0256587 
0.0257376 
0.0258167 
0.0258897 
0.025963 
0.0260303 
0.0260978 
0.0261595 
0.0262214 
0.0262776 
0.026334 
0.0263848 
0.0264358 
0.0264812 
0.0265269 
0.0265671 
0.0266076 
0.0266427 
0.0266781 
0.0267082 
0.0267386 
0.0267637 
0.0267892 
0.0268096 
0.0268303 
0.0268459 
0.026862 
0.026873 
0.0268845 
0.026891 
0.0268979 
0.0269001 
0.0269027 
0.0269005 
0.0268988 
0.0268924 
0.0268865 
0.0268761 
0.0268661 
0.0268517 
0.0268378 
0.0268195 
0.0268016 
0.0267795 
0.0267579 
0.0267321 
0.0267069 
0.0266775 
0.0266487 
0.0266158 
0.0265835 
0.0265472 
0.0265115 
0.026472 
0.026433 
0.0263903 
0.0263482 
0.0263024 
0.0262571 
0.0262083 
0.0261601 
0.0261084 
0.0260573 
0.0260028 
0.0259489 
0.0258917 
0.0258351 
0.0257753 
0.0257161 
0.0256538 
0.0255921 
0.0255273 
0.0254632 
0.0253961 
0.0253297 
0.0252603 
0.0251917 
0.0251202 
0.0250494 
0.0249758 
0.024903 
0.0248274 
0.0247526 
0.0246752 
0.0245985 
0.0245193 
0.0244408 
0.0243599 
0.0242796 
0.0241971 
0.0241153 
0.0240311 
0.0239478 
0.0238622 
0.0237774 
0.0236904 
0.0236042 
0.0235159 
0.0234284 
0.0233389 
0.0232502 
0.0231596 
0.0230697 
0.022978 
0.0228871 
0.0227943 
0.0227024 
0.0226088 
0.0225159 
0.0224214 
0.0223277 
0.0222324 
0.0221379 
0.0220419 
0.0219468 
0.0218501 
0.0217543 
0.0216571 
0.0215607 
0.0214629 
0.021366 
0.0212678 
0.0211705 
0.0210719 
0.0209742 
0.0208753 
0.0207773 
0.0206781 
0.0205798 
0.0204804 
0.0203819 
0.0202824 
0.0201837 
0.0200841 
0.0199854 
0.0198858 
0.019787 
0.0196874 
0.0195886 
0.019489 
0.0193904 
0.0192909 
0.0191924 
0.0190931 
0.0189947 
0.0188957 
0.0187975 
0.0186987 
0.0186008 
0.0185023 
0.0184048 
0.0183066 
0.0182094 
0.0181117 
0.0180148 
0.0179176 
0.0178212 
0.0177244 
0.0176284 
0.0175322 
0.0174368 
0.017341 
0.0172462 
0.0171511 
0.0170568 
0.0169623 
0.0168687 
0.0167748 
0.0166819 
0.0165887 
0.0164965 
0.016404 
0.0163125 
0.0162208 
0.01613 
0.0160392 
0.0159492 
0.0158591 
0.0157699 
0.0156807 
0.0155923 
0.015504 
0.0154165 
0.015329 
0.0152424 
0.0151559 
0.0150702 
0.0149846 
0.0148998 
0.0148152 
0.0147314 
0.0146477 
0.0145649 
0.0144822 
0.0144005 
0.0143188 
0.014238 
0.0141574 
0.0140776 
0.013998 
0.0139194 
0.0138408 
0.0137632 
0.0136858 
0.0136092 
0.0135329 
0.0134575 
0.0133822 
0.0133079 
0.0132338 
0.0131606 
0.0130876 
0.0130155 
0.0129437 
0.0128727 
0.0128021 
0.0127323 
0.0126628 
0.0125941 
0.0125258 
0.0124583 
0.0123912 
0.0123249 
0.0122589 
0.0121938 
0.012129 
0.0120651 
0.0120015 
0.0119388 
0.0118764 
0.0118149 
0.0117537 
0.0116934 
0.0116334 
0.0115744 
0.0115156 
0.0114577 
0.0114001 
0.0113435 
0.0112871 
0.0112317 
0.0111766 
0.0111223 
0.0110684 
0.0110154 
0.0109627 
0.0109109 
0.0108595 
0.0108089 
0.0107586 
0.0107093 
0.0106602 
0.0106121 
0.0105643 
0.0105174 
0.0104707 
0.010425 
0.0103796 
0.0103351 
0.0102909 
0.0102477 
0.0102046 
0.0101626 
0.0101208 
0.0100799 
0.0100393 
0.00999963 
0.00996021 
0.00992174 
0.0098835 
0.00984623 
0.00980917 
0.00977308 
0.0097372 
0.00970229 
0.00966758 
0.00963385 
0.00960031 
0.00956775 
0.00953536 
0.00950397 
0.00947273 
0.0094425 
0.00941241 
0.00938333 
0.00935438 
0.00932644 
0.00929863 
0.00927183 
0.00924515 
0.00921948 
0.00919391 
0.00916937 
0.00914492 
0.00912149 
0.00909814 
0.00907583 
0.00905357 
0.00903236 
0.0090112 
0.00899108 
0.008971 
0.00895197 
0.00893296 
0.00891501 
0.00889706 
0.00888018 
0.00886329 
0.00884747 
0.00883163 
0.00881687 
0.00880206 
0.00878834 
0.00877456 
0.00876189 
0.00874913 
0.00873748 
0.00872573 
0.0087151 
0.00870436 
0.00869474 
0.00868499 
0.00867638 
0.00866761 
0.00865999 
0.00865219 
0.00864556 
0.00863873 
0.00863307 
0.0086272 
0.0086225 
0.00861757 
0.00861383 
0.00860985 
0.00860705 
0.00860399 
0.00860214 
0.0086 
0.00859907 
0.00859783 
0.00859783 
0.00859749 
0.00859839 
0.00859894 
0.00860074 
0.00860218 
0.00860487 
0.00860717 
0.00861074 
0.0086139 
0.00861834 
0.00862235 
0.00862765 
0.0086325 
0.00863865 
0.00864433 
0.00865132 
0.00865783 
0.00866565 
0.00867296 
0.0086816 
0.00868971 
0.00869917 
0.00870807 
0.00871832 
0.00872801 
0.00873905 
0.00874951 
0.00876133 
0.00877254 
0.00878514 
0.0087971 
0.00881046 
0.00882316 
0.00883727 
0.00885071 
0.00886555 
0.00887971 
0.00889529 
0.00891015 
0.00892645 
0.00894201 
0.00895902 
0.00897527 
0.00899298 
0.0090099 
0.0090283 
0.0090459 
0.00906498 
0.00908323 
0.00910298 
0.00912188 
0.00914229 
0.00916182 
0.00918288 
0.00920304 
0.00922474 
0.00924552 
0.00926784 
0.00928923 
0.00931216 
0.00933415 
0.00935769 
0.00938026 
0.0094044 
0.00942754 
0.00945226 
0.00947597 
0.00950127 
0.00952553 
0.0095514 
0.0095762 
0.00960262 
0.00962795 
0.00965491 
0.00968077 
0.00970826 
0.00973463 
0.00976264 
0.00978951 
0.00981803 
0.00984539 
0.00987441 
0.00990225 
0.00993176 
0.00996007 
0.00999006 
0.0100188 
0.0100493 
0.0100785 
0.0101094 
0.010139 
0.0101704 
0.0102005 
0.0102322 
0.0102627 
0.0102949 
0.0103258 
0.0103584 
0.0103897 
0.0104227 
0.0104544 
0.0104878 
0.0105198 
0.0105536 
0.010586 
0.0106202 
0.0106529 
0.0106874 
0.0107205 
0.0107553 
0.0107887 
0.0108239 
0.0108576 
0.0108931 
0.0109271 
0.0109629 
0.0109972 
0.0110333 
0.0110679 
0.0111043 
0.0111391 
0.0111758 
0.0112109 
0.0112478 
0.0112832 
0.0113204 
0.0113559 
0.0113934 
0.0114292 
0.0114668 
0.0115028 
0.0115407 
0.0115769 
0.011615 
0.0116513 
0.0116896 
0.0117262 
0.0117646 
0.0118013 
0.01184 
0.0118768 
0.0119156 
0.0119526 
0.0119915 
0.0120287 
0.0120677 
0.012105 
0.0121442 
0.0121815 
0.0122208 
0.0122583 
0.0122976 
0.0123352 
0.0123746 
0.0124123 
0.0124518 
0.0124895 
0.012529 
0.0125668 
0.0126064 
0.0126441 
0.0126838 
0.0127216 
0.0127613 
0.0127991 
0.0128388 
0.0128766 
0.0129163 
0.0129541 
0.0129938 
0.0130315 
0.0130712 
0.0131089 
0.0131486 
0.0131862 
0.0132258 
0.0132635 
0.013303 
0.0133405 
0.01338 
0.0134175 
0.0134568 
0.0134942 
0.0135335 
0.0135708 
0.01361 
0.0136471 
0.0136862 
0.0137232 
0.0137622 
0.0137991 
0.0138378 
0.0138746 
0.0139132 
0.0139498 
0.0139883 
0.0140247 
0.014063 
0.0140993 
0.0141374 
0.0141735 
0.0142114 
0.0142472 
0.014285 
0.0143206 
0.0143581 
0.0143935 
0.0144308 
0.014466 
0.014503 
0.0145379 
0.0145747 
0.0146094 
0.0146459 
0.0146803 
0.0147166 
0.0147507 
0.0147867 
0.0148206 
0.0148563 
0.0148898 
0.0149252 
0.0149585 
0.0149935 
0.0150265 
0.0150612 
0.0150939 
0.0151283 
0.0151606 
0.0151947 
0.0152266 
0.0152604 
0.015292 
0.0153254 
0.0153566 
0.0153896 
0.0154205 
0.0154531 
0.0154836 
0.0155159 
0.015546 
0.0155779 
0.0156076 
0.0156391 
0.0156684 
0.0156995 
0.0157284 
0.015759 
0.0157876 
0.0158178 
0.0158459 
0.0158757 
0.0159033 
0.0159327 
0.0159599 
0.0159888 
0.0160156 
0.016044 
0.0160703 
0.0160983 
0.0161242 
0.0161517 
0.0161771 
0.0162042 
0.0162291 
0.0162557 
0.0162802 
0.0163063 
0.0163303 
0.0163559 
0.0163793 
0.0164045 
0.0164275 
0.0164521 
0.0164746 
0.0164987 
0.0165207 
0.0165442 
0.0165657 
0.0165888 
0.0166098 
0.0166323 
0.0166528 
0.0166748 
0.0166948 
0.0167163 
0.0167357 
0.0167566 
0.0167755 
0.016796 
0.0168143 
0.0168342 
0.016852 
0.0168713 
0.0168886 
0.0169074 
0.0169242 
0.0169424 
0.0169586 
0.0169763 
0.0169919 
0.017009 
0.0170241 
0.0170407 
0.0170552 
0.0170712 
0.0170852 
0.0171006 
0.0171141 
0.0171289 
0.0171418 
0.0171561 
0.0171684 
0.0171822 
0.0171939 
0.0172071 
0.0172183 
0.0172308 
0.0172415 
0.0172535 
0.0172635 
0.017275 
0.0172845 
0.0172953 
0.0173043 
0.0173145 
0.0173229 
0.0173326 
0.0173404 
0.0173495 
0.0173567 
0.0173653 
0.0173719 
0.0173799 
0.017386 
0.0173934 
0.0173989 
0.0174057 
0.0174107 
0.0174169 
0.0174213 
0.017427 
0.0174308 
0.0174359 
0.0174392 
0.0174437 
0.0174464 
0.0174503 
0.0174525 
0.0174558 
0.0174574 
0.0174602 
0.0174613 
0.0174635 
0.017464 
0.0174656 
0.0174655 
0.0174666 
0.017466 
0.0174665 
0.0174653 
0.0174653 
0.0174636 
0.017463 
0.0174607 
0.0174595 
0.0174568 
0.017455 
0.0174517 
0.0174494 
0.0174455 
0.0174427 
0.0174383 
0.0174349 
0.01743 
0.0174261 
0.0174206 
0.0174162 
0.0174102 
0.0174052 
0.0173987 
0.0173932 
0.0173862 
0.0173801 
0.0173726 
0.017366 
0.017358 
0.0173509 
0.0173423 
0.0173347 
0.0173257 
0.0173175 
0.017308 
0.0172994 
0.0172894 
0.0172802 
0.0172697 
0.0172601 
0.0172491 
0.017239 
0.0172275 
0.0172169 
0.017205 
0.0171939 
0.0171815 
0.0171699 
0.017157 
0.017145 
0.0171317 
0.0171192 
0.0171054 
0.0170925 
0.0170783 
0.0170648 
0.0170502 
0.0170363 
0.0170213 
0.017007 
0.0169915 
0.0169768 
0.0169609 
0.0169457 
0.0169294 
0.0169139 
0.0168971 
0.0168812 
0.0168641 
0.0168477 
0.0168302 
0.0168134 
0.0167956 
0.0167784 
0.0167602 
0.0167427 
0.0167241 
0.0167062 
0.0166872 
0.016669 
0.0166497 
0.0166311 
0.0166115 
0.0165925 
0.0165726 
0.0165533 
0.016533 
0.0165134 
0.0164929 
0.016473 
0.0164521 
0.0164319 
0.0164107 
0.0163902 
0.0163688 
0.016348 
0.0163264 
0.0163053 
0.0162834 
0.016262 
0.0162399 
0.0162183 
0.0161959 
0.0161741 
0.0161515 
0.0161295 
0.0161066 
0.0160844 
0.0160614 
0.016039 
0.0160158 
0.0159931 
0.0159698 
0.015947 
0.0159234 
0.0159005 
0.0158768 
0.0158537 
0.0158299 
0.0158067 
0.0157828 
0.0157594 
0.0157354 
0.0157119 
0.0156878 
0.0156643 
0.0156401 
0.0156164 
0.0155922 
0.0155685 
0.0155442 
0.0155205 
0.0154961 
0.0154724 
0.015448 
0.0154242 
0.0153999 
0.0153761 
0.0153518 
0.015328 
0.0153037 
0.0152799 
0.0152557 
0.015232 
0.0152078 
0.0151841 
0.01516 
0.0151364 
0.0151124 
0.0150889 
0.015065 
0.0150417 
0.0150178 
0.0149946 
0.014971 
0.0149479 
0.0149244 
0.0149015 
0.0148781 
0.0148554 
0.0148323 
0.0148097 
0.0147868 
0.0147645 
0.0147418 
0.0147197 
0.0146972 
0.0146753 
0.0146531 
0.0146316 
0.0146096 
0.0145883 
0.0145667 
0.0145457 
0.0145244 
0.0145037 
0.0144827 
0.0144624 
0.0144417 
0.0144217 
0.0144014 
0.0143818 
0.0143619 
0.0143427 
0.0143232 
0.0143044 
0.0142853 
0.0142669 
0.0142482 
0.0142302 
0.014212 
0.0141945 
0.0141768 
0.0141598 
0.0141425 
0.014126 
0.0141092 
0.0140932 
0.014077 
0.0140614 
0.0140458 
0.0140308 
0.0140156 
0.0140012 
0.0139867 
0.0139728 
0.0139588 
0.0139456 
0.0139322 
0.0139196 
0.0139068 
0.0138948 
0.0138826 
0.0138712 
0.0138597 
0.013849 
0.0138382 
0.0138281 
0.013818 
0.0138086 
0.0137991 
0.0137905 
0.0137817 
0.0137737 
0.0137657 
0.0137585 
0.0137511 
0.0137447 
0.0137381 
0.0137324 
0.0137265 
0.0137216 
0.0137165 
0.0137124 
0.0137081 
0.0137047 
0.0137012 
0.0136987 
0.013696 
0.0136942 
0.0136924 
0.0136915 
0.0136905 
0.0136904 
0.0136902 
0.0136909 
0.0136916 
0.0136932 
0.0136948 
0.0136973 
0.0136997 
0.013703 
0.0137063 
0.0137106 
0.0137148 
0.0137199 
0.013725 
0.013731 
0.013737 
0.0137439 
0.0137508 
0.0137587 
0.0137665 
0.0137753 
0.013784 
0.0137938 
0.0138034 
0.0138141 
0.0138247 
0.0138362 
0.0138478 
0.0138603 
0.0138728 
0.0138863 
0.0138997 
0.0139141 
0.0139285 
0.0139438 
0.0139592 
0.0139755 
0.0139918 
0.0140091 
0.0140263 
0.0140445 
0.0140627 
0.0140819 
0.014101 
0.0141212 
0.0141413 
0.0141624 
0.0141834 
0.0142055 
0.0142274 
0.0142505 
0.0142734 
0.0142974 
0.0143212 
0.0143462 
0.014371 
0.0143968 
0.0144226 
0.0144494 
0.0144761 
0.0145038 
0.0145314 
0.0145601 
0.0145886 
0.0146182 
0.0146476 
0.0146781 
0.0147085 
0.0147399 
0.0147711 
0.0148034 
0.0148355 
0.0148688 
0.0149017 
0.0149358 
0.0149697 
0.0150047 
0.0150394 
0.0150752 
0.0151108 
0.0151475 
0.0151839 
0.0152214 
0.0152586 
0.015297 
0.015335 
0.0153742 
0.015413 
0.0154529 
0.0154926 
0.0155333 
0.0155737 
0.0156152 
0.0156564 
0.0156986 
0.0157405 
0.0157835 
0.0158261 
0.0158698 
0.0159131 
0.0159575 
0.0160015 
0.0160466 
0.0160913 
0.0161371 
0.0161824 
0.0162288 
0.0162747 
0.0163218 
0.0163683 
0.016416 
0.0164631 
0.0165113 
0.0165591 
0.0166078 
0.0166561 
0.0167054 
0.0167542 
0.0168041 
0.0168534 
0.0169037 
0.0169535 
0.0170043 
0.0170545 
0.0171058 
0.0171565 
0.0172081 
0.0172592 
0.0173113 
0.0173628 
0.0174152 
0.017467 
0.0175198 
0.017572 
0.0176251 
0.0176775 
0.0177309 
0.0177837 
0.0178374 
0.0178903 
0.0179442 
0.0179974 
0.0180516 
0.018105 
0.0181593 
0.0182128 
0.0182673 
0.018321 
0.0183756 
0.0184294 
0.0184841 
0.0185379 
0.0185927 
0.0186466 
0.0187014 
0.0187554 
0.0188102 
0.0188641 
0.0189189 
0.0189728 
0.0190275 
0.0190813 
0.0191359 
0.0191896 
0.0192442 
0.0192977 
0.0193521 
0.0194055 
0.0194597 
0.0195129 
0.0195669 
0.0196199 
0.0196736 
0.0197263 
0.0197798 
0.0198322 
0.0198854 
0.0199375 
0.0199903 
0.0200421 
0.0200945 
0.0201459 
0.0201979 
0.0202489 
0.0203005 
0.020351 
0.0204021 
0.0204521 
0.0205027 
0.0205522 
0.0206023 
0.0206513 
0.0207008 
0.0207492 
0.0207982 
0.0208459 
0.0208943 
0.0209414 
0.020989 
0.0210355 
0.0210825 
0.0211282 
0.0211745 
0.0212195 
0.021265 
0.0213093 
0.021354 
0.0213975 
0.0214414 
0.021484 
0.0215271 
0.0215689 
0.0216111 
0.021652 
0.0216933 
0.0217333 
0.0217737 
0.0218127 
0.0218522 
0.0218903 
0.0219287 
0.0219658 
0.0220032 
0.0220393 
0.0220757 
0.0221107 
0.022146 
0.02218 
0.0222142 
0.022247 
0.0222801 
0.0223118 
0.0223438 
0.0223744 
0.0224052 
0.0224346 
0.0224642 
0.0224924 
0.0225208 
0.0225477 
0.0225749 
0.0226006 
0.0226265 
0.0226509 
0.0226755 
0.0226987 
0.022722 
0.0227438 
0.0227658 
0.0227863 
0.022807 
0.0228261 
0.0228454 
0.0228632 
0.0228811 
0.0228975 
0.022914 
0.022929 
0.0229441 
0.0229576 
0.0229713 
0.0229834 
0.0229956 
0.0230063 
0.0230171 
0.0230263 
0.0230356 
0.0230433 
0.0230511 
0.0230573 
0.0230636 
0.0230684 
0.0230731 
0.0230764 
0.0230796 
0.0230813 
0.023083 
0.0230832 
0.0230833 
0.023082 
0.0230806 
0.0230777 
0.0230747 
0.0230703 
0.0230657 
0.0230597 
0.0230536 
0.023046 
0.0230383 
0.0230292 
0.0230199 
0.0230092 
0.0229983 
0.022986 
0.0229736 
0.0229597 
0.0229457 
0.0229302 
0.0229146 
0.0228975 
0.0228803 
0.0228617 
0.0228429 
0.0228226 
0.0228023 
0.0227805 
0.0227585 
0.0227351 
0.0227116 
0.0226867 
0.0226616 
0.022635 
0.0226084 
0.0225803 
0.022552 
0.0225224 
0.0224926 
0.0224614 
0.0224301 
0.0223974 
0.0223645 
0.0223302 
0.0222958 
0.02226 
0.0222241 
0.0221868 
0.0221494 
0.0221106 
0.0220716 
0.0220314 
0.0219909 
0.0219492 
0.0219072 
0.0218641 
0.0218207 
0.021776 
0.0217312 
0.0216851 
0.0216388 
0.0215914 
0.0215437 
0.0214948 
0.0214457 
0.0213954 
0.0213449 
0.0212933 
0.0212415 
0.0211885 
0.0211353 
0.021081 
0.0210265 
0.0209708 
0.020915 
0.0208581 
0.020801 
0.0207428 
0.0206844 
0.020625 
0.0205654 
0.0205047 
0.0204438 
0.020382 
0.0203199 
0.0202569 
0.0201936 
0.0201294 
0.020065 
0.0199997 
0.0199342 
0.0198677 
0.0198011 
0.0197336 
0.0196658 
0.0195972 
0.0195285 
0.0194588 
0.019389 
0.0193184 
0.0192476 
0.0191759 
0.0191042 
0.0190316 
0.0189588 
0.0188853 
0.0188116 
0.0187372 
0.0186627 
0.0185874 
0.0185119 
0.0184358 
0.0183595 
0.0182825 
0.0182054 
0.0181277 
0.0180498 
0.0179713 
0.0178927 
0.0178134 
0.0177341 
0.0176541 
0.0175741 
0.0174934 
0.0174127 
0.0173314 
0.0172501 
0.0171682 
0.0170862 
0.0170037 
0.0169212 
0.0168382 
0.0167551 
0.0166715 
0.0165879 
0.0165039 
0.0164198 
0.0163353 
0.0162508 
0.0161658 
0.0160808 
0.0159955 
0.0159101 
0.0158244 
0.0157387 
0.0156527 
0.0155666 
0.0154802 
0.0153939 
0.0153073 
0.0152206 
0.0151338 
0.0150469 
0.0149598 
0.0148728 
0.0147855 
0.0146982 
0.0146108 
0.0145234 
0.0144359 
0.0143484 
0.0142608 
0.0141732 
0.0140855 
0.0139979 
0.0139101 
0.0138225 
0.0137348 
0.0136472 
0.0135595 
0.0134719 
0.0133843 
0.0132968 
0.0132093 
0.0131219 
0.0130345 
0.0129473 
0.01286 
0.0127729 
0.0126859 
0.012599 
0.0125122 
0.0124255 
0.012339 
0.0122526 
0.0121663 
0.0120802 
0.0119942 
0.0119084 
0.0118228 
0.0117374 
0.0116521 
0.0115671 
0.0114823 
0.0113977 
0.0113133 
0.0112291 
0.0111452 
0.0110615 
0.0109781 
0.0108949 
0.0108119 
0.0107292 
0.0106468 
0.0105647 
0.0104829 
0.0104013 
0.0103201 
0.0102392 
0.0101587 
0.0100784 
0.00999851 
0.00991891 
0.00983973 
0.00976084 
0.00968239 
0.00960424 
0.00952654 
0.00944915 
0.00937224 
0.00929565 
0.00921954 
0.00914377 
0.0090685 
0.00899358 
0.00891918 
0.00884514 
0.00877163 
0.00869849 
0.0086259 
0.00855369 
0.00848205 
0.0084108 
0.00834013 
0.00826987 
0.0082002 
0.00813096 
0.00806231 
0.00799411 
0.00792652 
0.00785938 
0.00779286 
0.00772682 
0.00766141 
0.00759648 
0.0075322 
0.00746842 
0.0074053 
0.00734268 
0.00728074 
0.00721932 
0.00715859 
0.00709838 
0.00703889 
0.00697993 
0.00692169 
0.00686399 
0.00680703 
0.00675063 
0.00669498 
0.0066399 
0.00658557 
0.00653183 
0.00647885 
0.00642648 
0.00637488 
0.00632389 
0.00627369 
0.00622411 
0.00617534 
0.00612719 
0.00607986 
0.00603317 
0.0059873 
0.00594209 
0.00589771 
0.00585401 
0.00581114 
0.00576895 
0.00572761 
0.00568697 
0.00564718 
0.00560811 
0.00556989 
0.0055324 
0.00549578 
0.00545989 
0.00542489 
0.00539062 
0.00535725 
0.00532463 
0.00529291 
0.00526196 
0.00523191 
0.00520264 
0.00517428 
0.00514671 
0.00512006 
0.00509421 
0.00506928 
0.00504517 
0.00502199 
0.00499963 
0.00497821 
0.00495762 
0.00493797 
0.00491917 
0.00490132 
0.00488432 
0.00486827 
0.0048531 
0.00483887 
0.00482553 
0.00481314 
0.00480164 
0.00479111 
0.00478146 
0.00477278 
0.00476499 
0.00475818 
0.00475227 
0.00474734 
0.00474331 
0.00474026 
0.00473828 
0.00473722 
0.00473711 
0.00473797 
0.00473979 
0.00474257 
0.00474634 
0.00475107 
0.00475678 
0.00476346 
0.00477113 
0.00477977 
0.00478942 
0.00480002 
0.00481164 
0.00482422 
0.00483783 
0.00485239 
0.00486798 
0.00488453 
0.00490212 
0.00492066 
0.00494024 
0.00496078 
0.00498237 
0.0050049 
0.0050285 
0.00505303 
0.00507864 
0.00510518 
0.0051328 
0.00516134 
0.00519097 
0.00522151 
0.00525315 
0.0052857 
0.00531935 
0.0053539 
0.00538956 
0.00542611 
0.00546377 
0.00550231 
0.00554198 
0.00558252 
0.00562418 
0.0056667 
0.00571036 
0.00575486 
0.0058005 
0.00584697 
0.00589459 
0.00594303 
0.00599262 
0.00604302 
0.00609457 
0.00614691 
0.00620041 
0.00625469 
0.00631012 
0.00636633 
0.00642369 
0.00648181 
0.00654108 
0.00660109 
0.00666227 
0.00672416 
0.00678722 
0.00685098 
0.00691591 
0.00698152 
0.00704829 
0.00711573 
0.00718434 
0.00725359 
0.00732401 
0.00739505 
0.00746727 
0.00754008 
0.00761406 
0.00768862 
0.00776435 
0.00784063 
0.00791809 
0.00799607 
0.00807522 
0.00815488 
0.0082357 
0.00831701 
0.00839948 
0.00848241 
0.00856649 
0.00865102 
0.00873669 
0.00882277 
0.00891 
0.00899762 
0.00908637 
0.00917548 
0.00926573 
0.00935631 
0.00944802 
0.00954003 
0.00963317 
0.00972658 
0.0098211 
0.00991587 
0.0100117 
0.0101078 
0.010205 
0.0103024 
0.0104009 
0.0104995 
0.0105992 
0.010699 
0.0107999 
0.0109009 
0.011003 
0.0111051 
0.0112083 
0.0113115 
0.0114157 
0.01152 
0.0116252 
0.0117304 
0.0118367 
0.0119428 
0.01205 
0.0121571 
0.0122651 
0.0123731 
0.012482 
0.0125907 
0.0127004 
0.0128098 
0.0129203 
0.0130304 
0.0131415 
0.0132524 
0.0133641 
0.0134755 
0.0135879 
0.0136999 
0.0138127 
0.0139252 
0.0140386 
0.0141515 
0.0142653 
0.0143786 
0.0144927 
0.0146063 
0.0147208 
0.0148347 
0.0149495 
0.0150636 
0.0151786 
0.0152929 
0.015408 
0.0155224 
0.0156376 
0.015752 
0.0158673 
0.0159818 
0.016097 
0.0162114 
0.0163265 
0.0164408 
0.0165558 
0.0166699 
0.0167847 
0.0168986 
0.0170132 
0.0171268 
0.017241 
0.0173543 
0.0174682 
0.017581 
0.0176945 
0.0178069 
0.0179198 
0.0180317 
0.0181442 
0.0182555 
0.0183673 
0.0184779 
0.0185891 
0.0186991 
0.0188095 
0.0189188 
0.0190284 
0.0191369 
0.0192457 
0.0193533 
0.0194612 
0.0195679 
0.0196749 
0.0197805 
0.0198866 
0.0199912 
0.0200962 
0.0201997 
0.0203036 
0.020406 
0.0205087 
0.0206099 
0.0207114 
0.0208113 
0.0209116 
0.0210102 
0.0211091 
0.0212065 
0.021304 
0.0213999 
0.021496 
0.0215905 
0.0216851 
0.0217781 
0.0218712 
0.0219627 
0.0220542 
0.022144 
0.022234 
0.0223222 
0.0224105 
0.022497 
0.0225835 
0.0226683 
0.0227532 
0.0228362 
0.0229192 
0.0230004 
0.0230816 
0.0231609 
0.0232403 
0.0233177 
0.0233952 
0.0234707 
0.0235462 
0.0236197 
0.0236932 
0.0237647 
0.0238362 
0.0239057 
0.0239752 
0.0240426 
0.0241099 
0.0241753 
0.0242405 
0.0243037 
0.0243668 
0.0244278 
0.0244887 
0.0245476 
0.0246063 
0.0246629 
0.0247194 
0.0247738 
0.024828 
0.0248802 
0.0249322 
0.024982 
0.0250317 
0.0250792 
0.0251266 
0.0251719 
0.0252169 
0.0252598 
0.0253025 
0.025343 
0.0253834 
0.0254216 
0.0254595 
0.0254954 
0.0255309 
0.0255644 
0.0255976 
0.0256286 
0.0256594 
0.025688 
0.0257164 
0.0257426 
0.0257686 
0.0257924 
0.025816 
0.0258374 
0.0258585 
0.0258775 
0.0258962 
0.0259128 
0.0259291 
0.0259433 
0.0259572 
0.025969 
0.0259804 
0.0259898 
0.0259989 
0.0260059 
0.0260125 
0.0260171 
0.0260214 
0.0260236 
0.0260256 
0.0260254 
0.0260249 
0.0260224 
0.0260196 
0.0260148 
0.0260097 
0.0260025 
0.025995 
0.0259856 
0.0259758 
0.025964 
0.025952 
0.0259379 
0.0259236 
0.0259073 
0.0258908 
0.0258723 
0.0258535 
0.0258328 
0.0258118 
0.0257889 
0.0257657 
0.0257407 
0.0257154 
0.0256882 
0.0256608 
0.0256315 
0.025602 
0.0255707 
0.0255391 
0.0255057 
0.0254721 
0.0254367 
0.025401 
0.0253637 
0.0253261 
0.0252868 
0.0252472 
0.025206 
0.0251645 
0.0251214 
0.0250781 
0.0250332 
0.024988 
0.0249413 
0.0248943 
0.0248458 
0.0247971 
0.0247468 
0.0246964 
0.0246444 
0.0245923 
0.0245387 
0.0244849 
0.0244297 
0.0243743 
0.0243175 
0.0242606 
0.0242022 
0.0241438 
0.0240839 
0.024024 
0.0239627 
0.0239013 
0.0238385 
0.0237757 
0.0237116 
0.0236475 
0.0235821 
0.0235166 
0.0234499 
0.0233831 
0.0233151 
0.0232471 
0.023178 
0.0231088 
0.0230385 
0.0229681 
0.0228967 
0.0228252 
0.0227527 
0.0226802 
0.0226066 
0.0225331 
0.0224586 
0.0223841 
0.0223086 
0.0222332 
0.0221568 
0.0220804 
0.0220032 
0.021926 
0.0218479 
0.02177 
0.0216911 
0.0216124 
0.0215328 
0.0214533 
0.0213731 
0.0212929 
0.021212 
0.0211313 
0.0210497 
0.0209684 
0.0208863 
0.0208044 
0.0207218 
0.0206393 
0.0205562 
0.0204733 
0.0203898 
0.0203065 
0.0202225 
0.0201388 
0.0200545 
0.0199704 
0.0198858 
0.0198014 
0.0197165 
0.0196319 
0.0195467 
0.0194618 
0.0193765 
0.0192914 
0.0192058 
0.0191206 
0.0190349 
0.0189495 
0.0188637 
0.0187783 
0.0186924 
0.0186069 
0.0185211 
0.0184355 
0.0183496 
0.0182641 
0.0181783 
0.0180928 
0.0180071 
0.0179217 
0.017836 
0.0177507 
0.0176652 
0.0175801 
0.0174947 
0.0174098 
0.0173246 
0.0172398 
0.0171549 
0.0170704 
0.0169857 
0.0169015 
0.0168171 
0.0167331 
0.016649 
0.0165654 
0.0164816 
0.0163983 
0.0163149 
0.016232 
0.016149 
0.0160665 
0.0159839 
0.0159018 
0.0158196 
0.015738 
0.0156563 
0.0155751 
0.0154939 
0.0154132 
0.0153325 
0.0152523 
0.0151721 
0.0150924 
0.0150128 
0.0149337 
0.0148546 
0.0147761 
0.0146976 
0.0146196 
0.0145418 
0.0144644 
0.0143871 
0.0143104 
0.0142338 
0.0141577 
0.0140817 
0.0140063 
0.013931 
0.0138562 
0.0137816 
0.0137075 
0.0136336 
0.0135602 
0.0134871 
0.0134144 
0.0133419 
0.0132699 
0.0131982 
0.013127 
0.013056 
0.0129855 
0.0129153 
0.0128456 
0.0127761 
0.0127072 
0.0126385 
0.0125703 
0.0125024 
0.012435 
0.0123679 
0.0123013 
0.012235 
0.0121692 
0.0121037 
0.0120387 
0.011974 
0.0119098 
0.011846 
0.0117826 
0.0117196 
0.011657 
0.0115948 
0.0115331 
0.0114717 
0.0114108 
0.0113503 
0.0112903 
0.0112306 
0.0111714 
0.0111125 
0.0110541 
0.0109961 
0.0109386 
0.0108814 
0.0108248 
0.0107684 
0.0107126 
0.0106572 
0.0106022 
0.0105476 
0.0104934 
0.0104397 
0.0103864 
0.0103334 
0.010281 
0.0102289 
0.0101774 
0.0101261 
0.0100754 
0.010025 
0.0099751 
0.00992555 
0.0098765 
0.00982779 
0.00977958 
0.0097317 
0.00968433 
0.00963729 
0.00959075 
0.00954454 
0.00949884 
0.00945346 
0.00940857 
0.00936402 
0.00931996 
0.00927622 
0.00923298 
0.00919006 
0.00914763 
0.00910553 
0.00906391 
0.00902261 
0.00898179 
0.0089413 
0.00890128 
0.00886158 
0.00882236 
0.00878345 
0.00874502 
0.0087069 
0.00866925 
0.0086319 
0.00859503 
0.00855846 
0.00852236 
0.00848656 
0.00845123 
0.00841619 
0.00838161 
0.00834733 
0.00831351 
0.00827997 
0.0082469 
0.00821411 
0.00818177 
0.00814972 
0.00811811 
0.00808679 
0.00805591 
0.00802531 
0.00799515 
0.00796526 
0.00793582 
0.00790664 
0.00787791 
0.00784943 
0.00782139 
0.0077936 
0.00776626 
0.00773916 
0.00771251 
0.00768609 
0.00766011 
0.00763436 
0.00760906 
0.00758398 
0.00755933 
0.00753491 
0.00751093 
0.00748716 
0.00746382 
0.0074407 
0.00741801 
0.00739552 
0.00737347 
0.00735161 
0.00733019 
0.00730896 
0.00728815 
0.00726754 
0.00724735 
0.00722734 
0.00720776 
0.00718836 
0.00716939 
0.00715058 
0.0071322 
0.00711398 
0.00709619 
0.00707856 
0.00706135 
0.00704429 
0.00702766 
0.00701117 
0.00699511 
0.00697918 
0.00696368 
0.00694832 
0.00693337 
0.00691856 
0.00690416 
0.0068899 
0.00687605 
0.00686232 
0.00684901 
0.00683581 
0.00682303 
0.00681036 
0.00679812 
0.00678597 
0.00677424 
0.00676261 
0.0067514 
0.00674028 
0.00672958 
0.00671896 
0.00670877 
0.00669866 
0.00668897 
0.00667935 
0.00667015 
0.00666102 
0.00665232 
0.00664367 
0.00663546 
0.00662729 
0.00661956 
0.00661187 
0.00660461 
0.0065974 
0.00659061 
0.00658386 
0.00657755 
0.00657126 
0.00656542 
0.00655959 
0.0065542 
0.00654883 
0.0065439 
0.00653898 
0.00653451 
0.00653003 
0.00652601 
0.00652198 
0.0065184 
0.00651482 
0.00651168 
0.00650853 
0.00650584 
0.00650313 
0.00650087 
0.00649859 
0.00649677 
0.00649491 
0.00649352 
0.0064921 
0.00649114 
0.00649013 
0.0064896 
0.00648902 
0.00648891 
0.00648875 
0.00648906 
0.00648931 
0.00649004 
0.00649071 
0.00649186 
0.00649294 
0.00649451 
0.006496 
0.00649798 
0.00649988 
0.00650227 
0.00650457 
0.00650738 
0.00651009 
0.0065133 
0.00651641 
0.00652003 
0.00652355 
0.00652757 
0.00653149 
0.00653592 
0.00654023 
0.00654507 
0.00654978 
0.00655501 
0.00656013 
0.00656576 
0.00657127 
0.00657731 
0.00658321 
0.00658964 
0.00659594 
0.00660277 
0.00660946 
0.00661669 
0.00662377 
0.0066314 
0.00663887 
0.0066469 
0.00665476 
0.00666318 
0.00667143 
0.00668025 
0.00668889 
0.00669809 
0.00670712 
0.00671672 
0.00672614 
0.00673613 
0.00674594 
0.00675632 
0.00676651 
0.00677729 
0.00678787 
0.00679903 
0.00681 
0.00682155 
0.0068329 
0.00684484 
0.00685657 
0.0068689 
0.00688102 
0.00689374 
0.00690624 
0.00691934 
0.00693223 
0.00694572 
0.00695898 
0.00697286 
0.0069865 
0.00700076 
0.00701479 
0.00702943 
0.00704383 
0.00705886 
0.00707364 
0.00708905 
0.00710421 
0.00711999 
0.00713553 
0.0071517 
0.00716761 
0.00718415 
0.00720043 
0.00721736 
0.00723401 
0.00725131 
0.00726834 
0.00728601 
0.0073034 
0.00732145 
0.00733921 
0.00735763 
0.00737576 
0.00739454 
0.00741304 
0.00743219 
0.00745104 
0.00747056 
0.00748978 
0.00750966 
0.00752923 
0.00754947 
0.00756941 
0.00759001 
0.00761029 
0.00763125 
0.00765188 
0.00767319 
0.00769418 
0.00771584 
0.00773717 
0.00775918 
0.00778085 
0.0078032 
0.00782522 
0.00784791 
0.00787026 
0.00789329 
0.00791598 
0.00793934 
0.00796236 
0.00798606 
0.0080094 
0.00803342 
0.00805709 
0.00808143 
0.00810542 
0.00813008 
0.00815438 
0.00817936 
0.00820397 
0.00822925 
0.00825417 
0.00827976 
0.00830498 
0.00833087 
0.00835639 
0.00838258 
0.00840838 
0.00843486 
0.00846095 
0.00848772 
0.00851409 
0.00854113 
0.00856778 
0.0085951 
0.00862202 
0.0086496 
0.00867679 
0.00870463 
0.00873207 
0.00876017 
0.00878787 
0.00881622 
0.00884416 
0.00887275 
0.00890093 
0.00892976 
0.00895818 
0.00898723 
0.00901587 
0.00904515 
0.00907401 
0.00910351 
0.00913258 
0.00916228 
0.00919156 
0.00922146 
0.00925093 
0.00928103 
0.00931069 
0.00934097 
0.00937082 
0.00940128 
0.00943129 
0.00946192 
0.0094921 
0.0095229 
0.00955324 
0.00958418 
0.00961467 
0.00964576 
0.00967639 
0.00970761 
0.00973838 
0.00976973 
0.00980061 
0.00983208 
0.00986309 
0.00989466 
0.00992577 
0.00995745 
0.00998866 
0.0100204 
0.0100517 
0.0100836 
0.010115 
0.0101469 
0.0101783 
0.0102103 
0.0102418 
0.0102739 
0.0103054 
0.0103375 
0.0103691 
0.0104012 
0.0104329 
0.010465 
0.0104967 
0.0105288 
0.0105605 
0.0105927 
0.0106243 
0.0106565 
0.0106882 
0.0107203 
0.010752 
0.0107841 
0.0108157 
0.0108478 
0.0108794 
0.0109115 
0.010943 
0.010975 
0.0110065 
0.0110384 
0.0110698 
0.0111017 
0.011133 
0.0111648 
0.0111961 
0.0112278 
0.0112589 
0.0112905 
0.0113216 
0.0113531 
0.011384 
0.0114154 
0.0114462 
0.0114774 
0.0115081 
0.0115392 
0.0115697 
0.0116007 
0.0116311 
0.0116618 
0.0116921 
0.0117227 
0.0117527 
0.0117831 
0.011813 
0.0118432 
0.0118729 
0.011903 
0.0119325 
0.0119623 
0.0119916 
0.0120212 
0.0120502 
0.0120796 
0.0121085 
0.0121376 
0.0121662 
0.0121951 
0.0122235 
0.0122521 
0.0122802 
0.0123086 
0.0123365 
0.0123646 
0.0123921 
0.01242 
0.0124473 
0.0124748 
0.0125019 
0.0125291 
0.0125558 
0.0125828 
0.0126092 
0.0126359 
0.012662 
0.0126883 
0.0127141 
0.0127401 
0.0127656 
0.0127912 
0.0128164 
0.0128417 
0.0128665 
0.0128915 
0.012916 
0.0129406 
0.0129647 
0.012989 
0.0130127 
0.0130366 
0.01306 
0.0130835 
0.0131065 
0.0131297 
0.0131523 
0.0131751 
0.0131973 
0.0132197 
0.0132415 
0.0132635 
0.013285 
0.0133065 
0.0133276 
0.0133488 
0.0133694 
0.0133902 
0.0134104 
0.0134307 
0.0134506 
0.0134705 
0.0134899 
0.0135094 
0.0135283 
0.0135474 
0.0135659 
0.0135845 
0.0136026 
0.0136208 
0.0136385 
0.0136562 
0.0136734 
0.0136907 
0.0137075 
0.0137243 
0.0137406 
0.013757 
0.0137729 
0.0137888 
0.0138042 
0.0138197 
0.0138346 
0.0138496 
0.0138641 
0.0138786 
0.0138927 
0.0139067 
0.0139203 
0.0139338 
0.0139469 
0.01396 
0.0139727 
0.0139853 
0.0139974 
0.0140096 
0.0140213 
0.0140329 
0.0140441 
0.0140553 
0.014066 
0.0140767 
0.014087 
0.0140972 
0.014107 
0.0141167 
0.014126 
0.0141353 
0.014144 
0.0141528 
0.0141611 
0.0141694 
0.0141773 
0.0141851 
0.0141924 
0.0141998 
0.0142066 
0.0142135 
0.0142199 
0.0142262 
0.0142321 
0.014238 
0.0142434 
0.0142488 
0.0142538 
0.0142587 
0.0142632 
0.0142676 
0.0142716 
0.0142756 
0.0142791 
0.0142826 
0.0142857 
0.0142887 
0.0142913 
0.0142939 
0.014296 
0.0142981 
0.0142997 
0.0143014 
0.0143026 
0.0143037 
0.0143045 
0.0143052 
0.0143055 
0.0143057 
0.0143056 
0.0143054 
0.0143048 
0.0143041 
0.0143031 
0.014302 
0.0143005 
0.014299 
0.0142971 
0.0142952 
0.0142928 
0.0142904 
0.0142877 
0.0142849 
0.0142817 
0.0142785 
0.0142749 
0.0142713 
0.0142673 
0.0142633 
0.0142589 
0.0142544 
0.0142497 
0.0142449 
0.0142397 
0.0142345 
0.0142289 
0.0142234 
0.0142174 
0.0142115 
0.0142052 
0.0141989 
0.0141923 
0.0141856 
0.0141786 
0.0141716 
0.0141643 
0.014157 
0.0141493 
0.0141417 
0.0141337 
0.0141257 
0.0141174 
0.0141092 
0.0141006 
0.014092 
0.0140831 
0.0140742 
0.0140651 
0.0140559 
0.0140465 
0.0140371 
0.0140274 
0.0140177 
0.0140078 
0.0139979 
0.0139877 
0.0139775 
0.0139671 
0.0139568 
0.0139461 
0.0139356 
0.0139248 
0.013914 
0.013903 
0.013892 
0.0138808 
0.0138697 
0.0138584 
0.0138471 
0.0138356 
0.0138242 
0.0138125 
0.013801 
0.0137893 
0.0137776 
0.0137657 
0.013754 
0.013742 
0.0137302 
0.0137181 
0.0137063 
0.0136941 
0.0136822 
0.01367 
0.0136581 
0.0136459 
0.0136339 
0.0136217 
0.0136096 
0.0135975 
0.0135854 
0.0135733 
0.0135613 
0.0135491 
0.0135372 
0.0135251 
0.0135132 
0.0135012 
0.0134894 
0.0134775 
0.0134658 
0.013454 
0.0134424 
0.0134307 
0.0134192 
0.0134076 
0.0133963 
0.0133849 
0.0133738 
0.0133626 
0.0133516 
0.0133406 
0.0133298 
0.013319 
0.0133085 
0.0132979 
0.0132876 
0.0132773 
0.0132673 
0.0132572 
0.0132475 
0.0132377 
0.0132282 
0.0132188 
0.0132097 
0.0132005 
0.0131917 
0.0131829 
0.0131745 
0.0131661 
0.0131581 
0.01315 
0.0131424 
0.0131348 
0.0131275 
0.0131203 
0.0131135 
0.0131068 
0.0131005 
0.0130942 
0.0130883 
0.0130825 
0.0130771 
0.0130718 
0.013067 
0.0130622 
0.0130579 
0.0130537 
0.0130499 
0.0130462 
0.013043 
0.0130399 
0.0130373 
0.0130348 
0.0130329 
0.013031 
0.0130296 
0.0130284 
0.0130277 
0.0130271 
0.0130271 
0.0130271 
0.0130278 
0.0130286 
0.0130299 
0.0130314 
0.0130335 
0.0130357 
0.0130385 
0.0130415 
0.013045 
0.0130487 
0.0130531 
0.0130576 
0.0130627 
0.013068 
0.0130739 
0.01308 
0.0130867 
0.0130937 
0.0131012 
0.013109 
0.0131174 
0.0131261 
0.0131354 
0.0131449 
0.013155 
0.0131654 
0.0131765 
0.0131878 
0.0131997 
0.0132119 
0.0132248 
0.0132379 
0.0132517 
0.0132658 
0.0132806 
0.0132955 
0.0133113 
0.0133272 
0.0133439 
0.0133608 
0.0133785 
0.0133964 
0.013415 
0.0134339 
0.0134536 
0.0134735 
0.0134941 
0.013515 
0.0135367 
0.0135586 
0.0135812 
0.0136042 
0.0136279 
0.0136518 
0.0136766 
0.0137015 
0.0137273 
0.0137533 
0.0137801 
0.0138072 
0.013835 
0.0138632 
0.0138921 
0.0139212 
0.0139512 
0.0139814 
0.0140124 
0.0140436 
0.0140757 
0.014108 
0.0141411 
0.0141745 
0.0142086 
0.014243 
0.0142782 
0.0143137 
0.0143499 
0.0143865 
0.0144238 
0.0144613 
0.0144997 
0.0145382 
0.0145776 
0.0146172 
0.0146577 
0.0146983 
0.0147398 
0.0147814 
0.0148239 
0.0148666 
0.0149101 
0.0149537 
0.0149982 
0.0150429 
0.0150884 
0.0151341 
0.0151805 
0.0152272 
0.0152746 
0.0153222 
0.0153706 
0.0154192 
0.0154685 
0.015518 
0.0155683 
0.0156187 
0.0156699 
0.0157213 
0.0157734 
0.0158256 
0.0158786 
0.0159317 
0.0159856 
0.0160396 
0.0160943 
0.0161491 
0.0162046 
0.0162603 
0.0163166 
0.0163731 
0.0164303 
0.0164875 
0.0165454 
0.0166034 
0.0166621 
0.0167208 
0.0167803 
0.0168397 
0.0168998 
0.01696 
0.0170208 
0.0170816 
0.0171431 
0.0172045 
0.0172666 
0.0173287 
0.0173914 
0.0174541 
0.0175174 
0.0175806 
0.0176444 
0.0177082 
0.0177726 
0.0178369 
0.0179017 
0.0179665 
0.0180318 
0.018097 
0.0181627 
0.0182284 
0.0182945 
0.0183605 
0.018427 
0.0184934 
0.0185603 
0.018627 
0.0186941 
0.0187611 
0.0188285 
0.0188958 
0.0189635 
0.0190309 
0.0190988 
0.0191665 
0.0192345 
0.0193023 
0.0193705 
0.0194384 
0.0195067 
0.0195747 
0.0196431 
0.0197111 
0.0197795 
0.0198476 
0.0199159 
0.019984 
0.0200523 
0.0201203 
0.0201885 
0.0202564 
0.0203245 
0.0203922 
0.0204602 
0.0205277 
0.0205955 
0.0206628 
0.0207303 
0.0207974 
0.0208647 
0.0209314 
0.0209984 
0.0210648 
0.0211314 
0.0211975 
0.0212637 
0.0213294 
0.0213952 
0.0214604 
0.0215257 
0.0215904 
0.0216552 
0.0217194 
0.0217837 
0.0218473 
0.021911 
0.0219741 
0.0220371 
0.0220995 
0.0221619 
0.0222236 
0.0222853 
0.0223463 
0.0224072 
0.0224675 
0.0225277 
0.0225871 
0.0226465 
0.0227051 
0.0227636 
0.0228213 
0.0228789 
0.0229358 
0.0229925 
0.0230484 
0.0231041 
0.023159 
0.0232137 
0.0232676 
0.0233213 
0.0233741 
0.0234268 
0.0234785 
0.02353 
0.0235807 
0.023631 
0.0236805 
0.0237297 
0.023778 
0.023826 
0.023873 
0.0239198 
0.0239656 
0.024011 
0.0240555 
0.0240997 
0.0241429 
0.0241857 
0.0242276 
0.024269 
0.0243095 
0.0243495 
0.0243886 
0.0244272 
0.0244648 
0.024502 
0.0245381 
0.0245738 
0.0246085 
0.0246427 
0.0246758 
0.0247084 
0.02474 
0.0247711 
0.0248011 
0.0248306 
0.024859 
0.0248868 
0.0249136 
0.0249399 
0.024965 
0.0249896 
0.0250131 
0.025036 
0.0250578 
0.025079 
0.0250991 
0.0251186 
0.0251369 
0.0251547 
0.0251713 
0.0251873 
0.0252021 
0.0252164 
0.0252295 
0.0252419 
0.0252532 
0.0252638 
0.0252733 
0.0252821 
0.0252898 
0.0252968 
0.0253026 
0.0253078 
0.0253118 
0.0253151 
0.0253172 
0.0253186 
0.0253189 
0.0253185 
0.0253169 
0.0253145 
0.0253111 
0.0253069 
0.0253015 
0.0252954 
0.0252881 
0.0252802 
0.025271 
0.0252611 
0.0252501 
0.0252383 
0.0252253 
0.0252116 
0.0251968 
0.0251811 
0.0251644 
0.0251469 
0.0251282 
0.0251088 
0.0250882 
0.0250669 
0.0250444 
0.0250212 
0.0249968 
0.0249717 
0.0249454 
0.0249184 
0.0248903 
0.0248614 
0.0248314 
0.0248006 
0.0247687 
0.024736 
0.0247022 
0.0246677 
0.0246321 
0.0245957 
0.0245583 
0.0245201 
0.0244808 
0.0244407 
0.0243996 
0.0243577 
0.0243148 
0.0242711 
0.0242264 
0.0241809 
0.0241344 
0.0240872 
0.0240389 
0.0239899 
0.0239398 
0.0238891 
0.0238373 
0.0237849 
0.0237314 
0.0236772 
0.023622 
0.0235661 
0.0235093 
0.0234517 
0.0233932 
0.023334 
0.0232739 
0.0232131 
0.0231513 
0.0230889 
0.0230255 
0.0229615 
0.0228966 
0.022831 
0.0227645 
0.0226974 
0.0226294 
0.0225608 
0.0224913 
0.0224212 
0.0223503 
0.0222787 
0.0222063 
0.0221333 
0.0220595 
0.0219851 
0.0219099 
0.0218342 
0.0217576 
0.0216805 
0.0216026 
0.0215241 
0.0214449 
0.0213652 
0.0212848 
0.0212038 
0.0211221 
0.0210398 
0.0209569 
0.0208735 
0.0207894 
0.0207048 
0.0206196 
0.0205339 
0.0204475 
0.0203607 
0.0202733 
0.0201854 
0.0200969 
0.020008 
0.0199185 
0.0198286 
0.0197381 
0.0196472 
0.0195558 
0.0194639 
0.0193716 
0.0192789 
0.0191857 
0.0190921 
0.018998 
0.0189036 
0.0188088 
0.0187136 
0.0186179 
0.018522 
0.0184256 
0.018329 
0.0182319 
0.0181346 
0.0180368 
0.0179388 
0.0178405 
0.0177419 
0.0176429 
0.0175438 
0.0174443 
0.0173446 
0.0172446 
0.0171444 
0.0170439 
0.0169433 
0.0168424 
0.0167413 
0.01664 
0.0165385 
0.0164369 
0.0163351 
0.0162331 
0.016131 
0.0160287 
0.0159264 
0.0158239 
0.0157213 
0.0156186 
0.0155158 
0.0154129 
0.01531 
0.015207 
0.015104 
0.0150009 
0.0148978 
0.0147946 
0.0146915 
0.0145884 
0.0144853 
0.0143822 
0.0142792 
0.0141762 
0.0140733 
0.0139704 
0.0138677 
0.013765 
0.0136624 
0.01356 
0.0134577 
0.0133555 
0.0132535 
0.0131516 
0.0130499 
0.0129484 
0.0128468 
0.0127456 
0.0126445 
0.0125436 
0.0124429 
0.0123425 
0.0122423 
0.0121424 
0.0120427 
0.0119433 
0.0118442 
0.0117454 
0.0116468 
0.0115486 
0.0114506 
0.011353 
0.0112557 
0.0111588 
0.0110622 
0.010966 
0.0108701 
0.0107747 
0.0106796 
0.010585 
0.0104906 
0.0103968 
0.0103034 
0.0102104 
0.0101178 
0.0100258 
0.00993412 
0.00984302 
0.0097523 
0.00966217 
0.00957244 
0.00948333 
0.00939463 
0.00930657 
0.00921893 
0.00913195 
0.00904542 
0.00895956 
0.00887417 
0.00878947 
0.00870526 
0.00862175 
0.00853875 
0.00845647 
0.00837472 
0.00829371 
0.00821324 
0.00813354 
0.00805438 
0.00797602 
0.00789822 
0.00782123 
0.00774483 
0.00766925 
0.00759427 
0.00752013 
0.00744662 
0.00737396 
0.00730194 
0.0072308 
0.00716031 
0.00709072 
0.0070218 
0.00695379 
0.00688647 
0.00682008 
0.0067544 
0.00668965 
0.00662564 
0.00656258 
0.00650028 
0.00643894 
0.00637837 
0.00631878 
0.00625998 
0.00620218 
0.00614518 
0.00608919 
0.00603404 
0.0059799 
0.00592661 
0.00587435 
0.00582297 
0.00577262 
0.00572317 
0.00567477 
0.00562728 
0.00558086 
0.00553536 
0.00549095 
0.00544748 
0.0054051 
0.00536369 
0.00532338 
0.00528406 
0.00524584 
0.00520864 
0.00517255 
0.00513749 
0.00510356 
0.00507067 
0.00503892 
0.00500825 
0.00497871 
0.00495026 
0.00492296 
0.00489678 
0.00487175 
0.00484785 
0.00482511 
0.00480353 
0.00478311 
0.00476386 
0.00474578 
0.00472888 
0.00471317 
0.00469864 
0.0046853 
0.00467316 
0.00466223 
0.0046525 
0.00464398 
0.00463669 
0.00463085 
0.00462616 
0.00462277 
0.00462057 
0.00461969 
0.00462 
0.00462166 
0.00462451 
0.00462872 
0.00463413 
0.00464092 
0.00464891 
0.0046583 
0.00466888 
0.00468088 
0.00469408 
0.00470872 
0.00472455 
0.00474184 
0.00476032 
0.00478028 
0.00480142 
0.00482407 
0.00484789 
0.00487323 
0.00489975 
0.00492781 
0.00495703 
0.00498781 
0.00501976 
0.00505328 
0.00508796 
0.00512422 
0.00516164 
0.00520066 
0.00524083 
0.00528263 
0.00532555 
0.00537012 
0.00541582 
0.00546317 
0.00551163 
0.00556177 
0.00561302 
0.00566595 
0.00571998 
0.00577571 
0.00583252 
0.00589353 
0.00595429 
0.00601711 
0.0060807 
0.00614638 
0.00621279 
0.00628132 
0.00635056 
0.00642194 
0.00649399 
0.00656822 
0.00664309 
0.00672016 
0.00679785 
0.00687775 
0.00695824 
0.00704098 
0.00712426 
0.00720982 
0.00729589 
0.00738426 
0.0074731 
0.00756427 
0.00765588 
0.00774984 
0.00784419 
0.00794093 
0.00803802 
0.00813751 
0.00823732 
0.00833955 
0.00844206 
0.00854702 
0.0086522 
0.00875986 
0.00886771 
0.00897805 
0.00908853 
0.00920153 
0.00931463 
0.00943026 
0.00954595 
0.00966419 
0.00978243 
0.00990325 
0.010024 
0.0101474 
0.0102707 
0.0103966 
0.0105223 
0.0106507 
0.0107789 
0.0109097 
0.0110403 
0.0111735 
0.0113065 
0.0114421 
0.0115774 
0.0117154 
0.0118529 
0.0119932 
0.012133 
0.0122756 
0.0124176 
0.0125623 
0.0127065 
0.0128534 
0.0129997 
0.0131487 
0.0132971 
0.0134482 
0.0135986 
0.0137517 
0.013904 
0.0140591 
0.0142134 
0.0143704 
0.0145265 
0.0146854 
0.0148433 
0.015004 
0.0151636 
0.0153261 
0.0154874 
0.0156516 
0.0158145 
0.0159803 
0.0161448 
0.0163121 
0.0164782 
0.016647 
0.0168145 
0.0169848 
0.0171536 
0.0173252 
0.0174954 
0.0176683 
0.0178397 
0.0180139 
0.0181865 
0.0183618 
0.0185355 
0.0187119 
0.0188866 
0.019064 
0.0192396 
0.019418 
0.0195945 
0.0197738 
0.0199511 
0.0201312 
0.0203092 
0.02049 
0.0206686 
0.02085 
0.0210293 
0.0212112 
0.021391 
0.0215734 
0.0217536 
0.0219364 
0.0221169 
0.0223 
0.0224807 
0.0226641 
0.022845 
0.0230285 
0.0232094 
0.023393 
0.023574 
0.0237575 
0.0239384 
0.0241218 
0.0243025 
0.0244858 
0.0246662 
0.0248491 
0.0250292 
0.0252118 
0.0253915 
0.0255736 
0.0257528 
0.0259344 
0.0261129 
0.0262939 
0.0264717 
0.026652 
0.0268291 
0.0270085 
0.0271847 
0.0273633 
0.0275385 
0.0277161 
0.0278903 
0.0280669 
0.02824 
0.0284153 
0.0285872 
0.0287614 
0.028932 
0.0291048 
0.029274 
0.0294454 
0.0296132 
0.0297831 
0.0299493 
0.0301176 
0.0302822 
0.0304489 
0.0306118 
0.0307767 
0.0309378 
0.0311009 
0.0312601 
0.0314213 
0.0315785 
0.0317377 
0.031893 
0.0320501 
0.0322032 
0.0323582 
0.0325092 
0.0326619 
0.0328106 
0.0329611 
0.0331074 
0.0332556 
0.0333995 
0.0335452 
0.0336866 
0.0338298 
0.0339687 
0.0341092 
0.0342455 
0.0343834 
0.034517 
0.0346522 
0.0347831 
0.0349155 
0.0350435 
0.0351731 
0.0352983 
0.0354249 
0.0355471 
0.0356708 
0.03579 
0.0359107 
0.0360269 
0.0361444 
0.0362575 
0.0363719 
0.0364818 
0.0365931 
0.0366998 
0.0368077 
0.0369112 
0.0370159 
0.037116 
0.0372174 
0.0373142 
0.0374121 
0.0375055 
0.0376001 
0.0376901 
0.0377811 
0.0378676 
0.0379552 
0.0380382 
0.0381222 
0.0382017 
0.0382822 
0.038358 
0.0384349 
0.0385072 
0.0385804 
0.0386491 
0.0387186 
0.0387836 
0.0388495 
0.0389108 
0.038973 
0.0390307 
0.0390891 
0.039143 
0.0391977 
0.0392479 
0.0392989 
0.0393453 
0.0393925 
0.0394352 
0.0394786 
0.0395176 
0.0395572 
0.0395924 
0.0396282 
0.0396596 
0.0396916 
0.0397193 
0.0397475 
0.0397714 
0.0397958 
0.0398159 
0.0398366 
0.0398529 
0.0398697 
0.0398823 
0.0398954 
0.0399042 
0.0399135 
0.0399186 
0.0399242 
0.0399255 
0.0399274 
0.039925 
0.0399231 
0.0399171 
0.0399115 
0.0399018 
0.0398925 
0.0398792 
0.0398662 
0.0398492 
0.0398327 
0.0398121 
0.0397919 
0.0397678 
0.039744 
0.0397164 
0.0396891 
0.0396579 
0.0396271 
0.0395924 
0.0395581 
0.03952 
0.0394823 
0.0394408 
0.0393996 
0.0393548 
0.0393103 
0.0392621 
0.0392143 
0.0391628 
0.0391117 
0.039057 
0.0390026 
0.0389448 
0.0388872 
0.0388262 
0.0387655 
0.0387014 
0.0386376 
0.0385705 
0.0385036 
0.0384335 
0.0383636 
0.0382906 
0.0382178 
0.0381418 
0.0380661 
0.0379874 
0.0379088 
0.0378273 
0.037746 
0.0376617 
0.0375777 
0.0374907 
0.037404 
0.0373145 
0.0372252 
0.0371331 
0.0370413 
0.0369467 
0.0368524 
0.0367553 
0.0366586 
0.0365592 
0.0364601 
0.0363584 
0.036257 
0.0361531 
0.0360495 
0.0359434 
0.0358376 
0.0357293 
0.0356214 
0.0355111 
0.0354012 
0.0352889 
0.035177 
0.0350628 
0.034949 
0.034833 
0.0347173 
0.0345995 
0.034482 
0.0343625 
0.0342433 
0.0341221 
0.0340012 
0.0338785 
0.033756 
0.0336317 
0.0335078 
0.033382 
0.0332566 
0.0331295 
0.0330027 
0.0328742 
0.0327461 
0.0326164 
0.032487 
0.0323561 
0.0322256 
0.0320935 
0.0319618 
0.0318287 
0.031696 
0.0315618 
0.0314281 
0.0312931 
0.0311584 
0.0310225 
0.030887 
0.0307502 
0.030614 
0.0304765 
0.0303395 
0.0302013 
0.0300636 
0.0299248 
0.0297865 
0.0296471 
0.0295083 
0.0293684 
0.0292291 
0.0290888 
0.028949 
0.0288084 
0.0286682 
0.0285272 
0.0283868 
0.0282456 
0.0281049 
0.0279635 
0.0278226 
0.027681 
0.02754 
0.0273983 
0.0272573 
0.0271155 
0.0269745 
0.0268328 
0.0266917 
0.0265501 
0.0264092 
0.0262677 
0.0261269 
0.0259856 
0.0258449 
0.0257039 
0.0255635 
0.0254227 
0.0252826 
0.0251422 
0.0250025 
0.0248624 
0.0247231 
0.0245834 
0.0244445 
0.0243054 
0.024167 
0.0240284 
0.0238905 
0.0237525 
0.0236152 
0.0234777 
0.0233411 
0.0232043 
0.0230683 
0.0229322 
0.0227969 
0.0226616 
0.0225271 
0.0223925 
0.0222588 
0.0221251 
0.0219922 
0.0218593 
0.0217272 
0.0215953 
0.0214641 
0.0213331 
0.0212029 
0.0210729 
0.0209436 
0.0208146 
0.0206864 
0.0205584 
0.0204312 
0.0203043 
0.0201782 
0.0200523 
0.0199274 
0.0198027 
0.0196788 
0.0195553 
0.0194326 
0.0193103 
0.0191888 
0.0190677 
0.0189475 
0.0188276 
0.0187086 
0.01859 
0.0184723 
0.018355 
0.0182386 
0.0181226 
0.0180075 
0.0178929 
0.0177792 
0.0176659 
0.0175536 
0.0174417 
0.0173307 
0.0172203 
0.0171107 
0.0170017 
0.0168936 
0.016786 
0.0166794 
0.0165733 
0.0164681 
0.0163635 
0.0162598 
0.0161566 
0.0160545 
0.0159529 
0.0158522 
0.0157521 
0.015653 
0.0155545 
0.0154569 
0.0153599 
0.0152639 
0.0151685 
0.0150741 
0.0149803 
0.0148875 
0.0147952 
0.014704 
0.0146134 
0.0145238 
0.0144348 
0.0143468 
0.0142594 
0.014173 
0.0140873 
0.0140026 
0.0139185 
0.0138354 
0.0137529 
0.0136715 
0.0135907 
0.0135109 
0.0134318 
0.0133537 
0.0132762 
0.0131998 
0.013124 
0.0130493 
0.0129751 
0.0129021 
0.0128296 
0.0127582 
0.0126875 
0.0126178 
0.0125487 
0.0124807 
0.0124133 
0.012347 
0.0122813 
0.0122166 
0.0121526 
0.0120897 
0.0120274 
0.0119661 
0.0119055 
0.011846 
0.0117871 
0.0117292 
0.011672 
0.0116158 
0.0115603 
0.0115058 
0.0114519 
0.0113991 
0.011347 
0.0112959 
0.0112454 
0.011196 
0.0111472 
0.0110995 
0.0110523 
0.0110063 
0.0109609 
0.0109165 
0.0108727 
0.01083 
0.0107879 
0.0107469 
0.0107064 
0.0106671 
0.0106283 
0.0105906 
0.0105535 
0.0105174 
0.0104819 
0.0104475 
0.0104137 
0.0103809 
0.0103487 
0.0103176 
0.010287 
0.0102575 
0.0102286 
0.0102007 
0.0101734 
0.0101471 
0.0101214 
0.0100967 
0.0100726 
0.0100496 
0.0100271 
0.0100056 
0.00998467 
0.00996482 
0.00994545 
0.00992718 
0.00990938 
0.00989268 
0.00987644 
0.0098613 
0.00984662 
0.00983304 
0.0098199 
0.00980786 
0.00979625 
0.00978575 
0.00977567 
0.0097667 
0.00975813 
0.00975068 
0.00974362 
0.00973767 
0.00973211 
0.00972766 
0.00972358 
0.00972062 
0.00971802 
0.00971653 
0.0097154 
0.00971538 
0.0097157 
0.00971714 
0.0097189 
0.00972179 
0.00972498 
0.0097293 
0.00973392 
0.00973966 
0.00974569 
0.00975285 
0.00976028 
0.00976883 
0.00977765 
0.00978759 
0.00979778 
0.0098091 
0.00982066 
0.00983335 
0.00984625 
0.00986029 
0.00987454 
0.00988992 
0.00990549 
0.0099222 
0.00993909 
0.00995712 
0.00997531 
0.00999464 
0.0100141 
0.0100347 
0.0100555 
0.0100774 
0.0100994 
0.0101226 
0.0101458 
0.0101702 
0.0101947 
0.0102204 
0.0102461 
0.010273 
0.0102999 
0.010328 
0.0103561 
0.0103854 
0.0104147 
0.0104452 
0.0104756 
0.0105073 
0.0105389 
0.0105717 
0.0106044 
0.0106383 
0.0106722 
0.0107073 
0.0107423 
0.0107784 
0.0108145 
0.0108517 
0.0108889 
0.0109272 
0.0109654 
0.0110048 
0.0110441 
0.0110845 
0.0111248 
0.0111663 
0.0112076 
0.0112501 
0.0112924 
0.0113359 
0.0113792 
0.0114236 
0.0114679 
0.0115133 
0.0115586 
0.0116049 
0.0116511 
0.0116984 
0.0117455 
0.0117937 
0.0118417 
0.0118908 
0.0119397 
0.0119897 
0.0120394 
0.0120903 
0.0121408 
0.0121926 
0.012244 
0.0122965 
0.0123488 
0.0124021 
0.0124551 
0.0125093 
0.0125631 
0.0126181 
0.0126726 
0.0127283 
0.0127836 
0.0128401 
0.0128961 
0.0129532 
0.01301 
0.0130679 
0.0131253 
0.0131838 
0.0132419 
0.0133011 
0.0133599 
0.0134197 
0.0134791 
0.0135396 
0.0135996 
0.0136607 
0.0137213 
0.013783 
0.0138441 
0.0139064 
0.0139681 
0.0140309 
0.0140931 
0.0141565 
0.0142192 
0.0142831 
0.0143463 
0.0144107 
0.0144744 
0.0145392 
0.0146034 
0.0146686 
0.0147332 
0.0147989 
0.0148639 
0.01493 
0.0149955 
0.0150619 
0.0151277 
0.0151946 
0.0152607 
0.0153279 
0.0153944 
0.0154619 
0.0155287 
0.0155965 
0.0156636 
0.0157317 
0.0157991 
0.0158675 
0.015935 
0.0160037 
0.0160715 
0.0161403 
0.0162083 
0.0162774 
0.0163456 
0.0164148 
0.0164832 
0.0165525 
0.016621 
0.0166905 
0.0167592 
0.0168288 
0.0168975 
0.0169672 
0.017036 
0.0171058 
0.0171747 
0.0172445 
0.0173134 
0.0173832 
0.0174521 
0.017522 
0.0175909 
0.0176607 
0.0177296 
0.0177994 
0.0178682 
0.017938 
0.0180067 
0.0180764 
0.018145 
0.0182146 
0.0182831 
0.0183525 
0.0184209 
0.0184902 
0.0185584 
0.0186275 
0.0186956 
0.0187645 
0.0188324 
0.0189011 
0.0189687 
0.0190372 
0.0191046 
0.0191728 
0.0192399 
0.0193079 
0.0193747 
0.0194423 
0.0195089 
0.0195762 
0.0196424 
0.0197094 
0.0197752 
0.0198419 
0.0199074 
0.0199736 
0.0200387 
0.0201046 
0.0201692 
0.0202347 
0.0202989 
0.0203639 
0.0204277 
0.0204923 
0.0205556 
0.0206196 
0.0206825 
0.020746 
0.0208084 
0.0208714 
0.0209332 
0.0209957 
0.0210569 
0.0211189 
0.0211795 
0.0212409 
0.021301 
0.0213617 
0.0214212 
0.0214814 
0.0215402 
0.0215997 
0.0216579 
0.0217168 
0.0217744 
0.0218325 
0.0218894 
0.0219469 
0.0220031 
0.0220599 
0.0221153 
0.0221714 
0.0222261 
0.0222815 
0.0223354 
0.02239 
0.0224432 
0.022497 
0.0225495 
0.0226024 
0.0226541 
0.0227063 
0.0227571 
0.0228085 
0.0228585 
0.022909 
0.0229582 
0.0230078 
0.0230561 
0.0231049 
0.0231523 
0.0232002 
0.0232468 
0.0232938 
0.0233394 
0.0233855 
0.0234303 
0.0234754 
0.0235192 
0.0235634 
0.0236063 
0.0236496 
0.0236914 
0.0237337 
0.0237747 
0.023816 
0.0238559 
0.0238963 
0.0239352 
0.0239745 
0.0240125 
0.0240508 
0.0240877 
0.024125 
0.0241609 
0.0241972 
0.024232 
0.0242672 
0.024301 
0.0243352 
0.0243679 
0.024401 
0.0244327 
0.0244647 
0.0244953 
0.0245262 
0.0245557 
0.0245855 
0.024614 
0.0246427 
0.02467 
0.0246976 
0.0247238 
0.0247503 
0.0247754 
0.0248007 
0.0248247 
0.0248489 
0.0248718 
0.0248948 
0.0249165 
0.0249385 
0.024959 
0.0249798 
0.0249992 
0.0250188 
0.0250371 
0.0250555 
0.0250726 
0.0250899 
0.0251058 
0.0251219 
0.0251367 
0.0251516 
0.0251652 
0.0251789 
0.0251913 
0.0252039 
0.0252151 
0.0252265 
0.0252366 
0.0252468 
0.0252556 
0.0252646 
0.0252723 
0.0252801 
0.0252866 
0.0252932 
0.0252985 
0.0253039 
0.0253081 
0.0253123 
0.0253152 
0.0253182 
0.02532 
0.0253218 
0.0253224 
0.025323 
0.0253224 
0.0253218 
0.02532 
0.0253182 
0.0253152 
0.0253123 
0.0253081 
0.025304 
0.0252986 
0.0252933 
0.0252868 
0.0252803 
0.0252726 
0.0252649 
0.025256 
0.0252472 
0.0252372 
0.0252272 
0.0252159 
0.0252048 
0.0251924 
0.0251801 
0.0251666 
0.0251531 
0.0251384 
0.0251238 
0.025108 
0.0250922 
0.0250753 
0.0250584 
0.0250404 
0.0250224 
0.0250032 
0.024984 
0.0249638 
0.0249435 
0.0249221 
0.0249008 
0.0248783 
0.0248559 
0.0248323 
0.0248088 
0.0247842 
0.0247596 
0.0247339 
0.0247083 
0.0246815 
0.0246548 
0.0246271 
0.0245993 
0.0245705 
0.0245418 
0.0245119 
0.0244822 
0.0244513 
0.0244206 
0.0243887 
0.024357 
0.0243242 
0.0242914 
0.0242577 
0.024224 
0.0241893 
0.0241546 
0.024119 
0.0240834 
0.0240468 
0.0240103 
0.0239729 
0.0239355 
0.0238971 
0.0238588 
0.0238196 
0.0237805 
0.0237404 
0.0237004 
0.0236595 
0.0236186 
0.0235769 
0.0235353 
0.0234927 
0.0234503 
0.023407 
0.0233638 
0.0233197 
0.0232757 
0.0232309 
0.0231862 
0.0231406 
0.0230952 
0.0230489 
0.0230028 
0.0229559 
0.0229091 
0.0228615 
0.022814 
0.0227658 
0.0227177 
0.0226689 
0.0226202 
0.0225707 
0.0225215 
0.0224714 
0.0224216 
0.022371 
0.0223207 
0.0222696 
0.0222187 
0.0221671 
0.0221157 
0.0220637 
0.0220118 
0.0219593 
0.0219071 
0.0218541 
0.0218014 
0.0217481 
0.021695 
0.0216413 
0.0215879 
0.0215338 
0.02148 
0.0214256 
0.0213716 
0.0213169 
0.0212626 
0.0212076 
0.021153 
0.0210978 
0.021043 
0.0209876 
0.0209326 
0.020877 
0.0208219 
0.0207661 
0.0207108 
0.020655 
0.0205996 
0.0205436 
0.0204881 
0.0204321 
0.0203766 
0.0203205 
0.020265 
0.0202089 
0.0201534 
0.0200973 
0.0200418 
0.0199858 
0.0199304 
0.0198745 
0.0198192 
0.0197634 
0.0197082 
0.0196526 
0.0195975 
0.0195421 
0.0194872 
0.019432 
0.0193774 
0.0193224 
0.019268 
0.0192133 
0.0191592 
0.0191048 
0.019051 
0.0189969 
0.0189435 
0.0188898 
0.0188368 
0.0187834 
0.0187308 
0.0186779 
0.0186257 
0.0185733 
0.0185216 
0.0184696 
0.0184184 
0.018367 
0.0183163 
0.0182654 
0.0182153 
0.018165 
0.0181155 
0.0180658 
0.0180169 
0.0179679 
0.0179197 
0.0178713 
0.0178237 
0.017776 
0.0177292 
0.0176823 
0.0176362 
0.01759 
0.0175447 
0.0174993 
0.0174548 
0.0174102 
0.0173666 
0.0173228 
0.0172801 
0.0172372 
0.0171953 
0.0171533 
0.0171123 
0.0170713 
0.0170313 
0.0169912 
0.0169521 
0.016913 
0.016875 
0.0168369 
0.0167998 
0.0167628 
0.0167268 
0.0166908 
0.0166559 
0.016621 
0.0165872 
0.0165534 
0.0165207 
0.016488 
0.0164565 
0.016425 
0.0163946 
0.0163643 
0.0163351 
0.016306 
0.0162781 
0.0162502 
0.0162235 
0.0161968 
0.0161713 
0.0161459 
0.0161218 
0.0160977 
0.0160748 
0.016052 
0.0160304 
0.0160089 
0.0159887 
0.0159686 
0.0159497 
0.0159309 
0.0159134 
0.015896 
0.0158799 
0.0158639 
0.0158491 
0.0158345 
0.0158212 
0.015808 
0.0157962 
0.0157844 
0.015774 
0.0157636 
0.0157547 
0.0157458 
0.0157383 
0.0157309 
0.0157249 
0.0157189 
0.0157144 
0.01571 
0.0157069 
0.015704 
0.0157024 
0.015701 
0.015701 
0.0157011 
0.0157026 
0.0157042 
0.0157072 
0.0157103 
0.0157148 
0.0157195 
0.0157256 
0.0157318 
0.0157394 
0.0157471 
0.0157563 
0.0157655 
0.0157762 
0.015787 
0.0157993 
0.0158116 
0.0158254 
0.0158393 
0.0158546 
0.01587 
0.0158869 
0.0159038 
0.0159223 
0.0159407 
0.0159607 
0.0159807 
0.0160022 
0.0160237 
0.0160467 
0.0160698 
0.0160943 
0.0161189 
0.0161449 
0.016171 
0.0161985 
0.0162261 
0.0162551 
0.0162842 
0.0163147 
0.0163452 
0.0163772 
0.0164092 
0.0164427 
0.0164761 
0.0165111 
0.016546 
0.0165823 
0.0166187 
0.0166564 
0.0166942 
0.0167334 
0.0167725 
0.0168131 
0.0168537 
0.0168956 
0.0169375 
0.0169809 
0.0170241 
0.0170688 
0.0171134 
0.0171594 
0.0172053 
0.0172526 
0.0172998 
0.0173484 
0.0173969 
0.0174467 
0.0174965 
0.0175476 
0.0175985 
0.0176509 
0.017703 
0.0177566 
0.0178099 
0.0178646 
0.0179191 
0.017975 
0.0180306 
0.0180876 
0.0181443 
0.0182024 
0.0182603 
0.0183194 
0.0183783 
0.0184385 
0.0184984 
0.0185596 
0.0186205 
0.0186827 
0.0187446 
0.0188077 
0.0188706 
0.0189346 
0.0189984 
0.0190633 
0.0191279 
0.0191938 
0.0192592 
0.0193259 
0.0193922 
0.0194596 
0.0195267 
0.0195949 
0.0196627 
0.0197317 
0.0198002 
0.0198699 
0.019939 
0.0200094 
0.0200792 
0.0201502 
0.0202206 
0.0202921 
0.0203631 
0.0204353 
0.0205068 
0.0205794 
0.0206515 
0.0207246 
0.0207971 
0.0208706 
0.0209436 
0.0210175 
0.0210908 
0.0211652 
0.0212388 
0.0213135 
0.0213874 
0.0214624 
0.0215366 
0.0216118 
0.0216863 
0.0217617 
0.0218364 
0.021912 
0.0219867 
0.0220625 
0.0221374 
0.0222132 
0.0222882 
0.022364 
0.022439 
0.0225149 
0.0225899 
0.0226657 
0.0227407 
0.0228164 
0.0228913 
0.0229669 
0.0230416 
0.0231171 
0.0231916 
0.0232669 
0.0233412 
0.0234163 
0.0234903 
0.0235651 
0.0236389 
0.0237133 
0.0237867 
0.0238608 
0.0239338 
0.0240075 
0.0240801 
0.0241533 
0.0242254 
0.0242982 
0.0243698 
0.024442 
0.024513 
0.0245847 
0.0246551 
0.0247262 
