-0.000576923 
-0.000616028 
-0.00069341 
-0.000801197 
-0.000944643 
-0.00111 
-0.00130301 
-0.00151309 
-0.00174587 
-0.00199121 
-0.00225517 
-0.00252798 
-0.00281603 
-0.00310986 
-0.00341615 
-0.0037257 
-0.00404539 
-0.00436627 
-0.00469541 
-0.00502401 
-0.00535931 
-0.00569268 
-0.00603146 
-0.00636716 
-0.00670723 
-0.00704329 
-0.00738285 
-0.00771764 
-0.00805524 
-0.00838747 
-0.00872194 
-0.00905055 
-0.00938094 
-0.00970509 
-0.0100307 
-0.0103497 
-0.0106698 
-0.0109832 
-0.0112975 
-0.0116048 
-0.0119129 
-0.0122138 
-0.0125153 
-0.0128097 
-0.0131045 
-0.0133921 
-0.0136801 
-0.0139608 
-0.0142419 
-0.0145156 
-0.0147896 
-0.0150563 
-0.0153233 
-0.015583 
-0.0158429 
-0.0160955 
-0.0163484 
-0.016594 
-0.0168398 
-0.0170783 
-0.0173171 
-0.0175486 
-0.0177804 
-0.018005 
-0.0182298 
-0.0184474 
-0.0186653 
-0.018876 
-0.019087 
-0.0192909 
-0.0194951 
-0.0196921 
-0.0198894 
-0.0200797 
-0.0202703 
-0.0204539 
-0.0206377 
-0.0208146 
-0.0209918 
-0.0211621 
-0.0213326 
-0.0214963 
-0.0216603 
-0.0218175 
-0.021975 
-0.0221257 
-0.0222767 
-0.0224211 
-0.0225657 
-0.0227036 
-0.0228419 
-0.0229736 
-0.0231056 
-0.023231 
-0.0233568 
-0.0234761 
-0.0235957 
-0.0237089 
-0.0238224 
-0.0239296 
-0.0240371 
-0.0241383 
-0.0242399 
-0.0243352 
-0.0244309 
-0.0245204 
-0.0246103 
-0.0246941 
-0.0247782 
-0.0248563 
-0.0249348 
-0.0250074 
-0.0250803 
-0.0251473 
-0.0252147 
-0.0252763 
-0.0253383 
-0.0253946 
-0.0254512 
-0.0255022 
-0.0255536 
-0.0255994 
-0.0256456 
-0.0256863 
-0.0257274 
-0.0257631 
-0.0257992 
-0.02583 
-0.0258611 
-0.025887 
-0.0259133 
-0.0259345 
-0.025956 
-0.0259725 
-0.0259894 
-0.0260013 
-0.0260136 
-0.026021 
-0.0260287 
-0.0260317 
-0.0260351 
-0.0260337 
-0.0260328 
-0.0260272 
-0.026022 
-0.0260122 
-0.0260029 
-0.0259891 
-0.0259757 
-0.0259579 
-0.0259405 
-0.0259188 
-0.0258976 
-0.0258721 
-0.025847 
-0.0258178 
-0.0257891 
-0.0257563 
-0.0257239 
-0.0256876 
-0.0256517 
-0.0256119 
-0.0255726 
-0.0255295 
-0.0254869 
-0.0254405 
-0.0253946 
-0.025345 
-0.025296 
-0.0252433 
-0.0251912 
-0.0251356 
-0.0250805 
-0.0250219 
-0.0249639 
-0.0249026 
-0.0248418 
-0.0247777 
-0.0247142 
-0.0246475 
-0.0245814 
-0.0245122 
-0.0244435 
-0.0243718 
-0.0243007 
-0.0242266 
-0.0241531 
-0.0240768 
-0.024001 
-0.0239225 
-0.0238445 
-0.0237639 
-0.0236838 
-0.0236011 
-0.0235191 
-0.0234345 
-0.0233505 
-0.023264 
-0.0231781 
-0.0230899 
-0.0230023 
-0.0229124 
-0.0228231 
-0.0227315 
-0.0226406 
-0.0225476 
-0.0224552 
-0.0223606 
-0.0222668 
-0.0221709 
-0.0220757 
-0.0219785 
-0.021882 
-0.0217837 
-0.021686 
-0.0215865 
-0.0214876 
-0.0213871 
-0.0212872 
-0.0211856 
-0.0210848 
-0.0209823 
-0.0208806 
-0.0207773 
-0.0206747 
-0.0205706 
-0.0204673 
-0.0203625 
-0.0202585 
-0.0201531 
-0.0200484 
-0.0199425 
-0.0198373 
-0.0197308 
-0.0196251 
-0.0195183 
-0.0194122 
-0.019305 
-0.0191985 
-0.019091 
-0.0189842 
-0.0188765 
-0.0187695 
-0.0186616 
-0.0185545 
-0.0184464 
-0.0183392 
-0.0182311 
-0.0181238 
-0.0180158 
-0.0179085 
-0.0178005 
-0.0176933 
-0.0175854 
-0.0174783 
-0.0173706 
-0.0172637 
-0.0171562 
-0.0170495 
-0.0169423 
-0.0168359 
-0.016729 
-0.016623 
-0.0165165 
-0.0164108 
-0.0163047 
-0.0161995 
-0.0160939 
-0.0159892 
-0.0158841 
-0.0157798 
-0.0156753 
-0.0155717 
-0.0154678 
-0.0153647 
-0.0152614 
-0.0151591 
-0.0150565 
-0.0149548 
-0.014853 
-0.014752 
-0.014651 
-0.0145508 
-0.0144505 
-0.0143512 
-0.0142518 
-0.0141533 
-0.0140547 
-0.0139571 
-0.0138595 
-0.0137628 
-0.0136661 
-0.0135704 
-0.0134747 
-0.0133799 
-0.0132852 
-0.0131915 
-0.0130979 
-0.0130052 
-0.0129126 
-0.012821 
-0.0127295 
-0.012639 
-0.0125487 
-0.0124593 
-0.0123701 
-0.0122819 
-0.0121939 
-0.0121068 
-0.01202 
-0.0119342 
-0.0118486 
-0.011764 
-0.0116797 
-0.0115963 
-0.0115132 
-0.0114311 
-0.0113494 
-0.0112686 
-0.0111881 
-0.0111086 
-0.0110295 
-0.0109513 
-0.0108735 
-0.0107967 
-0.0107203 
-0.0106448 
-0.0105697 
-0.0104957 
-0.010422 
-0.0103493 
-0.0102771 
-0.0102058 
-0.0101349 
-0.0100651 
-0.00999569 
-0.00992729 
-0.00985931 
-0.00979236 
-0.00972584 
-0.00966035 
-0.00959529 
-0.00953126 
-0.00946768 
-0.00940514 
-0.00934303 
-0.00928198 
-0.00922137 
-0.00916182 
-0.00910271 
-0.00904466 
-0.00898705 
-0.00893052 
-0.00887443 
-0.00881941 
-0.00876484 
-0.00871134 
-0.0086583 
-0.00860633 
-0.00855482 
-0.00850439 
-0.00845441 
-0.00840552 
-0.00835708 
-0.00830973 
-0.00826282 
-0.00821703 
-0.00817166 
-0.00812741 
-0.0080836 
-0.0080409 
-0.00799862 
-0.00795748 
-0.00791675 
-0.00787716 
-0.00783798 
-0.00779994 
-0.00776231 
-0.00772583 
-0.00768975 
-0.00765481 
-0.00762028 
-0.0075869 
-0.00755391 
-0.00752208 
-0.00749064 
-0.00746036 
-0.00743045 
-0.00740172 
-0.00737336 
-0.00734617 
-0.00731934 
-0.0072937 
-0.0072684 
-0.0072443 
-0.00722053 
-0.00719796 
-0.00717572 
-0.00715468 
-0.00713396 
-0.00711445 
-0.00709524 
-0.00707725 
-0.00705955 
-0.00704308 
-0.00702689 
-0.00701193 
-0.00699723 
-0.00698378 
-0.00697057 
-0.00695862 
-0.0069469 
-0.00693645 
-0.0069262 
-0.00691723 
-0.00690846 
-0.00690097 
-0.00689366 
-0.00688764 
-0.00688179 
-0.00687724 
-0.00687283 
-0.00686973 
-0.00686677 
-0.00686512 
-0.00686359 
-0.00686337 
-0.00686326 
-0.00686448 
-0.00686578 
-0.00686842 
-0.00687112 
-0.00687518 
-0.00687927 
-0.00688473 
-0.0068902 
-0.00689705 
-0.0069039 
-0.00691213 
-0.00692034 
-0.00692993 
-0.0069395 
-0.00695045 
-0.00696136 
-0.00697366 
-0.00698589 
-0.00699953 
-0.00701308 
-0.00702804 
-0.00704289 
-0.00705917 
-0.00707532 
-0.00709289 
-0.00711032 
-0.00712918 
-0.00714787 
-0.00716801 
-0.00718796 
-0.00720936 
-0.00723054 
-0.00725319 
-0.0072756 
-0.00729949 
-0.00732311 
-0.00734822 
-0.00737304 
-0.00739935 
-0.00742536 
-0.00745286 
-0.00748004 
-0.00750872 
-0.00753705 
-0.0075669 
-0.00759637 
-0.00762736 
-0.00765795 
-0.00769008 
-0.00772178 
-0.00775502 
-0.00778782 
-0.00782216 
-0.00785603 
-0.00789146 
-0.00792639 
-0.00796288 
-0.00799886 
-0.0080364 
-0.0080734 
-0.00811198 
-0.00814999 
-0.00818959 
-0.00822859 
-0.00826919 
-0.00830917 
-0.00835074 
-0.00839168 
-0.00843422 
-0.00847609 
-0.00851957 
-0.00856237 
-0.00860678 
-0.00865047 
-0.00869579 
-0.00874037 
-0.00878658 
-0.00883202 
-0.0088791 
-0.00892538 
-0.00897331 
-0.00902042 
-0.00906918 
-0.00911709 
-0.00916666 
-0.00921536 
-0.00926572 
-0.00931519 
-0.00936632 
-0.00941653 
-0.00946841 
-0.00951934 
-0.00957195 
-0.00962359 
-0.00967691 
-0.00972922 
-0.00978323 
-0.00983621 
-0.00989088 
-0.0099445 
-0.00999981 
-0.010054 
-0.01011 
-0.0101648 
-0.0102213 
-0.0102767 
-0.0103339 
-0.0103898 
-0.0104475 
-0.010504 
-0.0105622 
-0.0106192 
-0.0106779 
-0.0107353 
-0.0107945 
-0.0108525 
-0.0109121 
-0.0109705 
-0.0110306 
-0.0110894 
-0.0111499 
-0.0112091 
-0.01127 
-0.0113295 
-0.0113908 
-0.0114507 
-0.0115123 
-0.0115725 
-0.0116345 
-0.011695 
-0.0117572 
-0.011818 
-0.0118805 
-0.0119416 
-0.0120043 
-0.0120656 
-0.0121285 
-0.01219 
-0.0122532 
-0.0123148 
-0.0123782 
-0.01244 
-0.0125035 
-0.0125654 
-0.012629 
-0.012691 
-0.0127547 
-0.0128168 
-0.0128806 
-0.0129428 
-0.0130066 
-0.0130688 
-0.0131327 
-0.0131949 
-0.0132587 
-0.0133209 
-0.0133848 
-0.0134469 
-0.0135107 
-0.0135727 
-0.0136364 
-0.0136984 
-0.013762 
-0.0138238 
-0.0138874 
-0.013949 
-0.0140124 
-0.0140739 
-0.0141371 
-0.0141984 
-0.0142614 
-0.0143225 
-0.0143853 
-0.0144461 
-0.0145087 
-0.0145692 
-0.0146315 
-0.0146918 
-0.0147538 
-0.0148137 
-0.0148754 
-0.014935 
-0.0149963 
-0.0150556 
-0.0151165 
-0.0151754 
-0.015236 
-0.0152945 
-0.0153546 
-0.0154126 
-0.0154723 
-0.0155299 
-0.0155892 
-0.0156463 
-0.015705 
-0.0157617 
-0.0158199 
-0.015876 
-0.0159337 
-0.0159893 
-0.0160464 
-0.0161014 
-0.016158 
-0.0162124 
-0.0162684 
-0.0163222 
-0.0163776 
-0.0164307 
-0.0164855 
-0.016538 
-0.0165921 
-0.0166439 
-0.0166973 
-0.0167485 
-0.0168012 
-0.0168516 
-0.0169036 
-0.0169533 
-0.0170046 
-0.0170535 
-0.017104 
-0.0171522 
-0.0172019 
-0.0172493 
-0.0172983 
-0.0173449 
-0.017393 
-0.0174388 
-0.017486 
-0.017531 
-0.0175774 
-0.0176215 
-0.0176671 
-0.0177103 
-0.017755 
-0.0177973 
-0.0178411 
-0.0178826 
-0.0179255 
-0.017966 
-0.0180079 
-0.0180475 
-0.0180885 
-0.0181272 
-0.0181673 
-0.0182049 
-0.018244 
-0.0182807 
-0.0183189 
-0.0183546 
-0.0183917 
-0.0184264 
-0.0184626 
-0.0184963 
-0.0185314 
-0.0185641 
-0.0185982 
-0.0186298 
-0.0186629 
-0.0186935 
-0.0187255 
-0.0187551 
-0.018786 
-0.0188145 
-0.0188444 
-0.0188719 
-0.0189006 
-0.018927 
-0.0189547 
-0.01898 
-0.0190067 
-0.0190309 
-0.0190564 
-0.0190795 
-0.0191039 
-0.0191259 
-0.0191493 
-0.0191702 
-0.0191924 
-0.0192122 
-0.0192332 
-0.0192519 
-0.0192719 
-0.0192895 
-0.0193083 
-0.0193247 
-0.0193424 
-0.0193578 
-0.0193743 
-0.0193885 
-0.019404 
-0.019417 
-0.0194313 
-0.0194433 
-0.0194564 
-0.0194673 
-0.0194793 
-0.019489 
-0.0194999 
-0.0195084 
-0.0195182 
-0.0195256 
-0.0195342 
-0.0195406 
-0.0195481 
-0.0195532 
-0.0195596 
-0.0195637 
-0.0195689 
-0.0195719 
-0.019576 
-0.0195778 
-0.0195808 
-0.0195816 
-0.0195835 
-0.0195831 
-0.0195839 
-0.0195824 
-0.0195821 
-0.0195795 
-0.0195781 
-0.0195745 
-0.019572 
-0.0195672 
-0.0195636 
-0.0195579 
-0.0195532 
-0.0195463 
-0.0195406 
-0.0195327 
-0.0195259 
-0.0195169 
-0.019509 
-0.0194991 
-0.0194901 
-0.0194791 
-0.0194692 
-0.0194571 
-0.0194462 
-0.0194331 
-0.0194211 
-0.0194071 
-0.0193941 
-0.0193791 
-0.0193651 
-0.0193491 
-0.0193341 
-0.0193171 
-0.0193012 
-0.0192833 
-0.0192664 
-0.0192475 
-0.0192297 
-0.0192099 
-0.0191911 
-0.0191704 
-0.0191507 
-0.0191291 
-0.0191085 
-0.019086 
-0.0190645 
-0.0190411 
-0.0190187 
-0.0189945 
-0.0189712 
-0.0189462 
-0.0189221 
-0.0188962 
-0.0188712 
-0.0188445 
-0.0188187 
-0.0187912 
-0.0187646 
-0.0187363 
-0.0187089 
-0.0186799 
-0.0186517 
-0.0186219 
-0.018593 
-0.0185624 
-0.0185327 
-0.0185014 
-0.018471 
-0.018439 
-0.0184079 
-0.0183752 
-0.0183434 
-0.01831 
-0.0182775 
-0.0182435 
-0.0182103 
-0.0181756 
-0.0181418 
-0.0181065 
-0.0180721 
-0.0180362 
-0.0180011 
-0.0179646 
-0.017929 
-0.0178919 
-0.0178556 
-0.017818 
-0.0177812 
-0.017743 
-0.0177056 
-0.0176669 
-0.0176291 
-0.0175898 
-0.0175514 
-0.0175117 
-0.0174728 
-0.0174326 
-0.0173933 
-0.0173526 
-0.0173128 
-0.0172717 
-0.0172315 
-0.0171899 
-0.0171493 
-0.0171073 
-0.0170662 
-0.0170239 
-0.0169824 
-0.0169398 
-0.0168979 
-0.0168549 
-0.0168127 
-0.0167693 
-0.0167267 
-0.016683 
-0.0166402 
-0.0165962 
-0.016553 
-0.0165087 
-0.0164652 
-0.0164207 
-0.016377 
-0.0163322 
-0.0162882 
-0.0162431 
-0.0161989 
-0.0161537 
-0.0161092 
-0.0160638 
-0.0160191 
-0.0159735 
-0.0159287 
-0.0158829 
-0.0158379 
-0.0157919 
-0.0157468 
-0.0157007 
-0.0156554 
-0.0156092 
-0.0155638 
-0.0155175 
-0.015472 
-0.0154256 
-0.01538 
-0.0153336 
-0.0152879 
-0.0152414 
-0.0151957 
-0.0151491 
-0.0151034 
-0.0150568 
-0.015011 
-0.0149645 
-0.0149187 
-0.0148722 
-0.0148264 
-0.0147799 
-0.0147341 
-0.0146877 
-0.0146419 
-0.0145955 
-0.0145499 
-0.0145035 
-0.0144579 
-0.0144117 
-0.0143662 
-0.0143201 
-0.0142747 
-0.0142287 
-0.0141834 
-0.0141375 
-0.0140923 
-0.0140466 
-0.0140016 
-0.013956 
-0.0139112 
-0.0138658 
-0.0138211 
-0.0137759 
-0.0137315 
-0.0136865 
-0.0136422 
-0.0135974 
-0.0135534 
-0.0135088 
-0.013465 
-0.0134207 
-0.0133771 
-0.0133331 
-0.0132898 
-0.013246 
-0.013203 
-0.0131595 
-0.0131167 
-0.0130736 
-0.0130311 
-0.0129882 
-0.0129461 
-0.0129035 
-0.0128617 
-0.0128195 
-0.012778 
-0.0127362 
-0.012695 
-0.0126535 
-0.0126127 
-0.0125716 
-0.0125312 
-0.0124905 
-0.0124505 
-0.0124101 
-0.0123705 
-0.0123306 
-0.0122914 
-0.0122519 
-0.0122131 
-0.012174 
-0.0121356 
-0.012097 
-0.0120591 
-0.0120209 
-0.0119834 
-0.0119457 
-0.0119087 
-0.0118714 
-0.0118349 
-0.0117981 
-0.011762 
-0.0117258 
-0.0116902 
-0.0116544 
-0.0116194 
-0.0115841 
-0.0115495 
-0.0115148 
-0.0114808 
-0.0114466 
-0.0114131 
-0.0113794 
-0.0113464 
-0.0113133 
-0.0112808 
-0.0112483 
-0.0112164 
-0.0111844 
-0.0111531 
-0.0111216 
-0.0110909 
-0.01106 
-0.0110299 
-0.0109996 
-0.01097 
-0.0109403 
-0.0109113 
-0.0108822 
-0.0108538 
-0.0108253 
-0.0107976 
-0.0107697 
-0.0107425 
-0.0107152 
-0.0106887 
-0.010662 
-0.0106361 
-0.0106101 
-0.0105848 
-0.0105594 
-0.0105347 
-0.01051 
-0.0104859 
-0.0104618 
-0.0104384 
-0.010415 
-0.0103922 
-0.0103694 
-0.0103473 
-0.0103252 
-0.0103037 
-0.0102822 
-0.0102614 
-0.0102406 
-0.0102205 
-0.0102003 
-0.0101808 
-0.0101613 
-0.0101426 
-0.0101237 
-0.0101056 
-0.0100874 
-0.01007 
-0.0100525 
-0.0100357 
-0.0100189 
-0.0100028 
-0.00998664 
-0.00997123 
-0.00995575 
-0.00994102 
-0.00992622 
-0.00991217 
-0.00989805 
-0.00988467 
-0.00987123 
-0.00985854 
-0.00984577 
-0.00983376 
-0.00982167 
-0.00981034 
-0.00979893 
-0.00978827 
-0.00977754 
-0.00976756 
-0.0097575 
-0.00974821 
-0.00973882 
-0.0097302 
-0.00972148 
-0.00971354 
-0.00970549 
-0.00969821 
-0.00969083 
-0.00968423 
-0.00967752 
-0.00967158 
-0.00966553 
-0.00966025 
-0.00965486 
-0.00965025 
-0.00964551 
-0.00964156 
-0.00963747 
-0.00963417 
-0.00963073 
-0.00962808 
-0.00962529 
-0.00962329 
-0.00962113 
-0.00961977 
-0.00961825 
-0.00961752 
-0.00961663 
-0.00961654 
-0.00961628 
-0.00961681 
-0.00961716 
-0.00961831 
-0.00961928 
-0.00962105 
-0.00962262 
-0.009625 
-0.00962718 
-0.00963015 
-0.00963292 
-0.0096365 
-0.00963986 
-0.00964402 
-0.00964796 
-0.0096527 
-0.00965721 
-0.00966253 
-0.00966761 
-0.0096735 
-0.00967913 
-0.00968558 
-0.00969176 
-0.00969875 
-0.00970548 
-0.00971302 
-0.00972028 
-0.00972835 
-0.00973613 
-0.00974472 
-0.00975302 
-0.00976213 
-0.00977093 
-0.00978055 
-0.00978985 
-0.00979996 
-0.00980975 
-0.00982035 
-0.00983061 
-0.00984168 
-0.00985241 
-0.00986395 
-0.00987514 
-0.00988713 
-0.00989876 
-0.0099112 
-0.00992327 
-0.00993614 
-0.00994863 
-0.00996192 
-0.00997482 
-0.00998853 
-0.0100018 
-0.0100159 
-0.0100296 
-0.0100441 
-0.0100582 
-0.010073 
-0.0100875 
-0.0101027 
-0.0101175 
-0.0101331 
-0.0101482 
-0.0101641 
-0.0101795 
-0.0101958 
-0.0102115 
-0.0102281 
-0.0102441 
-0.010261 
-0.0102773 
-0.0102945 
-0.0103111 
-0.0103285 
-0.0103454 
-0.0103631 
-0.0103802 
-0.0103981 
-0.0104154 
-0.0104336 
-0.0104512 
-0.0104695 
-0.0104873 
-0.0105058 
-0.0105238 
-0.0105425 
-0.0105607 
-0.0105796 
-0.0105979 
-0.010617 
-0.0106354 
-0.0106546 
-0.0106732 
-0.0106925 
-0.0107112 
-0.0107306 
-0.0107494 
-0.010769 
-0.0107878 
-0.0108074 
-0.0108264 
-0.0108461 
-0.010865 
-0.0108848 
-0.0109038 
-0.0109236 
-0.0109426 
-0.0109624 
-0.0109814 
-0.0110012 
-0.0110203 
-0.01104 
-0.011059 
-0.0110788 
-0.0110977 
-0.0111174 
-0.0111363 
-0.0111559 
-0.0111748 
-0.0111943 
-0.011213 
-0.0112325 
-0.0112511 
-0.0112704 
-0.011289 
-0.0113081 
-0.0113265 
-0.0113456 
-0.0113638 
-0.0113827 
-0.0114007 
-0.0114194 
-0.0114373 
-0.0114558 
-0.0114734 
-0.0114917 
-0.0115092 
-0.0115272 
-0.0115444 
-0.0115622 
-0.0115792 
-0.0115967 
-0.0116134 
-0.0116307 
-0.0116471 
-0.0116641 
-0.0116802 
-0.0116968 
-0.0117126 
-0.011729 
-0.0117444 
-0.0117604 
-0.0117755 
-0.0117912 
-0.0118059 
-0.0118212 
-0.0118355 
-0.0118504 
-0.0118644 
-0.0118789 
-0.0118924 
-0.0119065 
-0.0119196 
-0.0119333 
-0.011946 
-0.0119592 
-0.0119714 
-0.0119841 
-0.0119959 
-0.0120082 
-0.0120194 
-0.0120312 
-0.012042 
-0.0120533 
-0.0120635 
-0.0120743 
-0.012084 
-0.0120943 
-0.0121035 
-0.0121132 
-0.0121218 
-0.0121309 
-0.012139 
-0.0121476 
-0.0121551 
-0.0121631 
-0.01217 
-0.0121774 
-0.0121837 
-0.0121905 
-0.0121962 
-0.0122023 
-0.0122075 
-0.012213 
-0.0122174 
-0.0122223 
-0.0122261 
-0.0122304 
-0.0122335 
-0.0122371 
-0.0122396 
-0.0122425 
-0.0122443 
-0.0122465 
-0.0122477 
-0.0122492 
-0.0122496 
-0.0122504 
-0.0122502 
-0.0122503 
-0.0122493 
-0.0122487 
-0.012247 
-0.0122457 
-0.0122433 
-0.0122412 
-0.0122381 
-0.0122353 
-0.0122314 
-0.0122278 
-0.0122232 
-0.0122189 
-0.0122135 
-0.0122085 
-0.0122023 
-0.0121965 
-0.0121896 
-0.012183 
-0.0121753 
-0.0121679 
-0.0121595 
-0.0121513 
-0.0121421 
-0.0121332 
-0.0121232 
-0.0121134 
-0.0121026 
-0.0120921 
-0.0120806 
-0.0120692 
-0.0120569 
-0.0120448 
-0.0120316 
-0.0120187 
-0.0120048 
-0.0119911 
-0.0119763 
-0.0119618 
-0.0119463 
-0.011931 
-0.0119147 
-0.0118986 
-0.0118815 
-0.0118645 
-0.0118466 
-0.0118289 
-0.0118102 
-0.0117917 
-0.0117723 
-0.011753 
-0.0117327 
-0.0117126 
-0.0116915 
-0.0116706 
-0.0116488 
-0.0116271 
-0.0116045 
-0.011582 
-0.0115586 
-0.0115354 
-0.0115112 
-0.0114872 
-0.0114623 
-0.0114375 
-0.0114118 
-0.0113862 
-0.0113598 
-0.0113334 
-0.0113062 
-0.0112792 
-0.0112512 
-0.0112234 
-0.0111947 
-0.0111661 
-0.0111367 
-0.0111074 
-0.0110772 
-0.0110472 
-0.0110163 
-0.0109855 
-0.0109539 
-0.0109224 
-0.0108902 
-0.010858 
-0.010825 
-0.0107921 
-0.0107584 
-0.0107249 
-0.0106905 
-0.0106563 
-0.0106213 
-0.0105863 
-0.0105507 
-0.0105151 
-0.0104788 
-0.0104426 
-0.0104056 
-0.0103687 
-0.0103311 
-0.0102937 
-0.0102555 
-0.0102174 
-0.0101786 
-0.0101399 
-0.0101005 
-0.0100612 
-0.0100212 
-0.0099813 
-0.00994075 
-0.0099003 
-0.0098592 
-0.00981819 
-0.00977655 
-0.009735 
-0.00969282 
-0.00965074 
-0.00960804 
-0.00956544 
-0.00952224 
-0.00947914 
-0.00943545 
-0.00939185 
-0.00934768 
-0.00930361 
-0.00925897 
-0.00921443 
-0.00916935 
-0.00912436 
-0.00907884 
-0.00903342 
-0.00898748 
-0.00894163 
-0.00889528 
-0.00884903 
-0.00880229 
-0.00875564 
-0.00870852 
-0.0086615 
-0.00861401 
-0.00856663 
-0.00851879 
-0.00847106 
-0.00842289 
-0.00837482 
-0.00832634 
-0.00827795 
-0.00822916 
-0.00818047 
-0.0081314 
-0.00808242 
-0.00803307 
-0.00798382 
-0.00793421 
-0.00788471 
-0.00783486 
-0.00778511 
-0.00773503 
-0.00768506 
-0.00763477 
-0.00758459 
-0.0075341 
-0.00748373 
-0.00743306 
-0.00738251 
-0.00733168 
-0.00728096 
-0.00722998 
-0.00717912 
-0.00712801 
-0.00707701 
-0.00702578 
-0.00697467 
-0.00692334 
-0.00687213 
-0.00682071 
-0.00676942 
-0.00671793 
-0.00666657 
-0.00661503 
-0.00656361 
-0.00651203 
-0.00646058 
-0.00640898 
-0.00635751 
-0.0063059 
-0.00625442 
-0.00620282 
-0.00615135 
-0.00609977 
-0.00604833 
-0.0059968 
-0.0059454 
-0.00589392 
-0.00584258 
-0.00579116 
-0.0057399 
-0.00568857 
-0.00563739 
-0.00558617 
-0.0055351 
-0.00548399 
-0.00543304 
-0.00538207 
-0.00533125 
-0.00528043 
-0.00522976 
-0.0051791 
-0.0051286 
-0.00507812 
-0.00502781 
-0.00497752 
-0.0049274 
-0.00487732 
-0.00482742 
-0.00477757 
-0.00472789 
-0.00467828 
-0.00462884 
-0.00457949 
-0.00453031 
-0.00448122 
-0.00443232 
-0.00438352 
-0.00433491 
-0.00428642 
-0.00423812 
-0.00418994 
-0.00414198 
-0.00409414 
-0.00404652 
-0.00399903 
-0.00395177 
-0.00390466 
-0.0038577 
-0.00381092 
-0.0037643 
-0.00371795 
-0.00367174 
-0.00362579 
-0.00357999 
-0.00353446 
-0.00348908 
-0.00344399 
-0.00339905 
-0.00335441 
-0.00330993 
-0.00326574 
-0.00322173 
-0.00317803 
-0.00313451 
-0.0030913 
-0.00304827 
-0.00300557 
-0.00296305 
-0.00292087 
-0.00287889 
-0.00283724 
-0.0027958 
-0.00275471 
-0.00271383 
-0.0026733 
-0.00263299 
-0.00259304 
-0.00255332 
-0.00251396 
-0.00247484 
-0.00243609 
-0.00239759 
-0.00235946 
-0.00232159 
-0.0022841 
-0.00224687 
-0.00221004 
-0.00217347 
-0.0021373 
-0.0021014 
-0.00206592 
-0.00203071 
-0.00199592 
-0.00196141 
-0.00192733 
-0.00189354 
-0.00186019 
-0.00182713 
-0.00179451 
-0.0017622 
-0.00173034 
-0.00169878 
-0.00166769 
-0.00163691 
-0.0016066 
-0.00157661 
-0.00154709 
-0.0015179 
-0.0014892 
-0.00146083 
-0.00143295 
-0.00140541 
-0.00137837 
-0.00135168 
-0.00132549 
-0.00129966 
-0.00127434 
-0.00124938 
-0.00122494 
-0.00120088 
-0.00117733 
-0.00115417 
-0.00113154 
-0.00110929 
-0.00108758 
-0.00106627 
-0.0010455 
-0.00102513 
-0.00100531 
-0.000985905 
-0.000967049 
-0.000948617 
-0.00093074 
-0.000913297 
-0.000896413 
-0.000879971 
-0.000864095 
-0.000848668 
-0.000833812 
-0.000819415 
-0.000805594 
-0.00079224 
-0.000779466 
-0.000767169 
-0.000755456 
-0.000744228 
-0.00073359 
-0.000723446 
-0.000713896 
-0.000704849 
-0.000696399 
-0.000688462 
-0.000681126 
-0.000674311 
-0.000668103 
-0.000662424 
-0.000657354 
-0.000652824 
-0.000648907 
-0.000645539 
-0.000642785 
-0.000640586 
-0.000639007 
-0.000637987 
-0.000637592 
-0.00063776 
-0.000638559 
-0.000639926 
-0.000641929 
-0.000644506 
-0.000647725 
-0.000651653 
-0.000656172 
-0.000661299 
-0.000667055 
-0.000673435 
-0.000680444 
-0.000688087 
-0.000696361 
-0.000705278 
-0.000714828 
-0.000725031 
-0.000735866 
-0.000747366 
-0.000759498 
-0.000772304 
-0.000785743 
-0.000799866 
-0.00081462 
-0.000830069 
-0.000846149 
-0.000862934 
-0.000880348 
-0.000898477 
-0.000917233 
-0.000936715 
-0.000956822 
-0.000977665 
-0.000999131 
-0.00102134 
-0.00104417 
-0.00106776 
-0.00109197 
-0.00111693 
-0.00114252 
-0.00116888 
-0.00119585 
-0.0012236 
-0.00125196 
-0.00128112 
-0.00131088 
-0.00134144 
-0.0013726 
-0.00140457 
-0.00143714 
-0.00147052 
-0.0015045 
-0.0015393 
-0.00157469 
-0.00161092 
-0.00164773 
-0.00168538 
-0.0017236 
-0.00176268 
-0.00180232 
-0.00184283 
-0.00188389 
-0.00192583 
-0.00196832 
-0.00201168 
-0.00205559 
-0.00210039 
-0.00214572 
-0.00219195 
-0.0022387 
-0.00228635 
-0.00233452 
-0.0023836 
-0.00243319 
-0.00248369 
-0.00253469 
-0.00258662 
-0.00263903 
-0.00269237 
-0.00274618 
-0.00280094 
-0.00285615 
-0.00291232 
-0.00296893 
-0.00302649 
-0.00308449 
-0.00314345 
-0.00320283 
-0.00326317 
-0.00332393 
-0.00338565 
-0.00344778 
-0.00351087 
-0.00357435 
-0.00363881 
-0.00370363 
-0.00376944 
-0.0038356 
-0.00390275 
-0.00397023 
-0.00403871 
-0.0041075 
-0.00417729 
-0.00424739 
-0.00431849 
-0.00438987 
-0.00446225 
-0.0045349 
-0.00460856 
-0.00468246 
-0.00475738 
-0.00483253 
-0.00490868 
-0.00498505 
-0.00506243 
-0.00514 
-0.00521859 
-0.00529735 
-0.00537712 
-0.00545704 
-0.00553798 
-0.00561906 
-0.00570114 
-0.00578334 
-0.00586655 
-0.00594985 
-0.00603416 
-0.00611854 
-0.00620393 
-0.00628937 
-0.00637582 
-0.00646229 
-0.00654977 
-0.00663725 
-0.00672574 
-0.0068142 
-0.00690366 
-0.00699308 
-0.00708349 
-0.00717384 
-0.00726518 
-0.00735642 
-0.00744865 
-0.00754077 
-0.00763387 
-0.00772682 
-0.00782075 
-0.00791452 
-0.00800926 
-0.0081038 
-0.00819931 
-0.0082946 
-0.00839085 
-0.00848685 
-0.0085838 
-0.00868048 
-0.00877811 
-0.00887544 
-0.0089737 
-0.00907164 
-0.0091705 
-0.00926901 
-0.00936844 
-0.00946749 
-0.00956745 
-0.00966699 
-0.00976744 
-0.00986745 
-0.00996836 
-0.0100688 
-0.0101701 
-0.0102709 
-0.0103726 
-0.0104738 
-0.0105758 
-0.0106773 
-0.0107796 
-0.0108813 
-0.0109839 
-0.0110859 
-0.0111886 
-0.0112908 
-0.0113937 
-0.011496 
-0.0115991 
-0.0117015 
-0.0118046 
-0.0119071 
-0.0120103 
-0.0121127 
-0.0122159 
-0.0123183 
-0.0124215 
-0.0125238 
-0.0126269 
-0.0127291 
-0.012832 
-0.0129341 
-0.0130368 
-0.0131386 
-0.0132412 
-0.0133427 
-0.013445 
-0.0135463 
-0.0136482 
-0.0137491 
-0.0138507 
-0.0139512 
-0.0140524 
-0.0141525 
-0.0142532 
-0.0143528 
-0.014453 
-0.0145521 
-0.0146517 
-0.0147502 
-0.0148493 
-0.0149472 
-0.0150456 
-0.0151428 
-0.0152405 
-0.0153371 
-0.0154341 
-0.0155298 
-0.015626 
-0.015721 
-0.0158164 
-0.0159105 
-0.016005 
-0.0160982 
-0.0161919 
-0.0162842 
-0.0163768 
-0.0164681 
-0.0165598 
-0.0166501 
-0.0167407 
-0.0168299 
-0.0169195 
-0.0170075 
-0.017096 
-0.0171829 
-0.0172702 
-0.0173559 
-0.0174419 
-0.0175265 
-0.0176112 
-0.0176945 
-0.017778 
-0.0178599 
-0.017942 
-0.0180226 
-0.0181034 
-0.0181826 
-0.0182619 
-0.0183397 
-0.0184176 
-0.0184939 
-0.0185703 
-0.018645 
-0.01872 
-0.0187932 
-0.0188665 
-0.0189382 
-0.0190099 
-0.01908 
-0.0191501 
-0.0192185 
-0.019287 
-0.0193537 
-0.0194204 
-0.0194855 
-0.0195505 
-0.0196138 
-0.0196771 
-0.0197386 
-0.0198001 
-0.0198598 
-0.0199195 
-0.0199774 
-0.0200353 
-0.0200914 
-0.0201474 
-0.0202015 
-0.0202557 
-0.0203079 
-0.0203601 
-0.0204105 
-0.0204608 
-0.0205092 
-0.0205575 
-0.020604 
-0.0206503 
-0.0206948 
-0.0207392 
-0.0207817 
-0.020824 
-0.0208645 
-0.0209048 
-0.0209432 
-0.0209815 
-0.0210179 
-0.0210541 
-0.0210884 
-0.0211225 
-0.0211548 
-0.0211868 
-0.021217 
-0.021247 
-0.0212751 
-0.0213029 
-0.0213289 
-0.0213547 
-0.0213786 
-0.0214022 
-0.021424 
-0.0214455 
-0.0214651 
-0.0214845 
-0.021502 
-0.0215193 
-0.0215347 
-0.0215498 
-0.0215631 
-0.0215761 
-0.0215873 
-0.0215982 
-0.0216072 
-0.0216159 
-0.0216229 
-0.0216295 
-0.0216343 
-0.0216388 
-0.0216415 
-0.0216439 
-0.0216445 
-0.0216447 
-0.0216433 
-0.0216414 
-0.0216379 
-0.0216339 
-0.0216283 
-0.0216223 
-0.0216146 
-0.0216065 
-0.0215968 
-0.0215866 
-0.0215748 
-0.0215627 
-0.0215489 
-0.0215347 
-0.0215188 
-0.0215027 
-0.0214848 
-0.0214667 
-0.0214468 
-0.0214267 
-0.0214049 
-0.0213828 
-0.0213591 
-0.0213351 
-0.0213095 
-0.0212836 
-0.0212561 
-0.0212282 
-0.0211988 
-0.0211691 
-0.0211379 
-0.0211064 
-0.0210733 
-0.02104 
-0.0210051 
-0.02097 
-0.0209334 
-0.0208965 
-0.0208581 
-0.0208194 
-0.0207794 
-0.020739 
-0.0206973 
-0.0206552 
-0.0206118 
-0.0205681 
-0.020523 
-0.0204777 
-0.0204311 
-0.0203842 
-0.020336 
-0.0202875 
-0.0202378 
-0.0201878 
-0.0201365 
-0.020085 
-0.0200323 
-0.0199794 
-0.0199252 
-0.0198708 
-0.0198153 
-0.0197595 
-0.0197026 
-0.0196455 
-0.0195872 
-0.0195288 
-0.0194692 
-0.0194095 
-0.0193487 
-0.0192877 
-0.0192256 
-0.0191634 
-0.0191002 
-0.0190368 
-0.0189724 
-0.0189079 
-0.0188424 
-0.0187768 
-0.0187102 
-0.0186435 
-0.0185759 
-0.0185082 
-0.0184396 
-0.0183708 
-0.0183013 
-0.0182316 
-0.0181611 
-0.0180905 
-0.0180191 
-0.0179476 
-0.0178754 
-0.017803 
-0.01773 
-0.0176569 
-0.017583 
-0.0175091 
-0.0174346 
-0.0173599 
-0.0172847 
-0.0172094 
-0.0171334 
-0.0170575 
-0.0169809 
-0.0169043 
-0.0168272 
-0.01675 
-0.0166723 
-0.0165946 
-0.0165164 
-0.0164382 
-0.0163595 
-0.0162809 
-0.0162018 
-0.0161227 
-0.0160432 
-0.0159637 
-0.0158838 
-0.015804 
-0.0157238 
-0.0156436 
-0.0155631 
-0.0154827 
-0.0154019 
-0.0153213 
-0.0152403 
-0.0151594 
-0.0150782 
-0.0149972 
-0.0149158 
-0.0148346 
-0.0147532 
-0.0146719 
-0.0145903 
-0.014509 
-0.0144274 
-0.014346 
-0.0142644 
-0.014183 
-0.0141014 
-0.01402 
-0.0139385 
-0.0138571 
-0.0137757 
-0.0136944 
-0.0136131 
-0.013532 
-0.0134508 
-0.0133698 
-0.0132888 
-0.013208 
-0.0131272 
-0.0130466 
-0.012966 
-0.0128857 
-0.0128053 
-0.0127253 
-0.0126452 
-0.0125655 
-0.0124858 
-0.0124063 
-0.012327 
-0.0122479 
-0.0121689 
-0.0120902 
-0.0120116 
-0.0119333 
-0.0118551 
-0.0117773 
-0.0116995 
-0.0116221 
-0.0115449 
-0.011468 
-0.0113912 
-0.0113148 
-0.0112386 
-0.0111627 
-0.011087 
-0.0110117 
-0.0109365 
-0.0108618 
-0.0107873 
-0.0107131 
-0.0106392 
-0.0105657 
-0.0104924 
-0.0104195 
-0.0103469 
-0.0102746 
-0.0102027 
-0.0101311 
-0.0100598 
-0.00998902 
-0.00991844 
-0.00984832 
-0.00977847 
-0.00970909 
-0.00963999 
-0.00957136 
-0.00950302 
-0.00943516 
-0.0093676 
-0.00930053 
-0.00923376 
-0.00916749 
-0.00910154 
-0.00903608 
-0.00897096 
-0.00890634 
-0.00884205 
-0.00877827 
-0.00871484 
-0.00865192 
-0.00858936 
-0.00852731 
-0.00846563 
-0.00840447 
-0.00834368 
-0.00828342 
-0.00822353 
-0.00816418 
-0.00810521 
-0.00804679 
-0.00798874 
-0.00793125 
-0.00787414 
-0.00781758 
-0.00776142 
-0.00770582 
-0.00765062 
-0.00759598 
-0.00754174 
-0.00748807 
-0.00743481 
-0.00738212 
-0.00732984 
-0.00727814 
-0.00722685 
-0.00717614 
-0.00712585 
-0.00707614 
-0.00702686 
-0.00697816 
-0.00692989 
-0.0068822 
-0.00683495 
-0.00678828 
-0.00674205 
-0.00669641 
-0.00665121 
-0.0066066 
-0.00656243 
-0.00651886 
-0.00647573 
-0.0064332 
-0.00639112 
-0.00634963 
-0.00630859 
-0.00626815 
-0.00622816 
-0.00618878 
-0.00614984 
-0.00611151 
-0.00607363 
-0.00603636 
-0.00599954 
-0.00596333 
-0.00592756 
-0.00589242 
-0.00585772 
-0.00582363 
-0.00579 
-0.00575698 
-0.00572441 
-0.00569246 
-0.00566096 
-0.00563008 
-0.00559964 
-0.00556983 
-0.00554046 
-0.00551172 
-0.00548342 
-0.00545574 
-0.00542851 
-0.00540191 
-0.00537574 
-0.00535021 
-0.00532511 
-0.00530064 
-0.00527661 
-0.00525321 
-0.00523024 
-0.00520791 
-0.00518601 
-0.00516474 
-0.0051439 
-0.00512369 
-0.00510391 
-0.00508477 
-0.00506605 
-0.00504796 
-0.0050303 
-0.00501327 
-0.00499666 
-0.00498069 
-0.00496513 
-0.00495021 
-0.0049357 
-0.00492183 
-0.00490837 
-0.00489555 
-0.00488313 
-0.00487135 
-0.00485996 
-0.00484923 
-0.00483888 
-0.00482918 
-0.00481986 
-0.00481119 
-0.00480291 
-0.00479527 
-0.00478801 
-0.00478139 
-0.00477515 
-0.00476956 
-0.00476433 
-0.00475976 
-0.00475554 
-0.00475198 
-0.00474877 
-0.00474621 
-0.00474401 
-0.00474245 
-0.00474124 
-0.00474068 
-0.00474047 
-0.0047409 
-0.00474167 
-0.00474309 
-0.00474484 
-0.00474725 
-0.00474997 
-0.00475335 
-0.00475705 
-0.0047614 
-0.00476606 
-0.00477137 
-0.00477699 
-0.00478326 
-0.00478983 
-0.00479705 
-0.00480457 
-0.00481274 
-0.00482119 
-0.0048303 
-0.00483969 
-0.00484973 
-0.00486004 
-0.00487101 
-0.00488224 
-0.00489413 
-0.00490628 
-0.00491908 
-0.00493212 
-0.00494583 
-0.00495977 
-0.00497438 
-0.00498921 
-0.00500471 
-0.00502043 
-0.0050368 
-0.0050534 
-0.00507065 
-0.00508811 
-0.00510623 
-0.00512455 
-0.00514352 
-0.0051627 
-0.00518252 
-0.00520254 
-0.00522321 
-0.00524406 
-0.00526556 
-0.00528724 
-0.00530957 
-0.00533206 
-0.00535521 
-0.00537851 
-0.00540247 
-0.00542657 
-0.00545133 
-0.00547622 
-0.00550176 
-0.00552743 
-0.00555376 
-0.00558021 
-0.0056073 
-0.00563451 
-0.00566237 
-0.00569033 
-0.00571894 
-0.00574764 
-0.00577699 
-0.00580643 
-0.00583651 
-0.00586667 
-0.00589748 
-0.00592834 
-0.00595986 
-0.00599143 
-0.00602365 
-0.00605591 
-0.00608882 
-0.00612177 
-0.00615535 
-0.00618896 
-0.00622322 
-0.00625749 
-0.0062924 
-0.00632732 
-0.00636288 
-0.00639843 
-0.00643462 
-0.0064708 
-0.00650762 
-0.00654441 
-0.00658183 
-0.00661922 
-0.00665725 
-0.00669522 
-0.00673384 
-0.00677239 
-0.00681158 
-0.00685069 
-0.00689044 
-0.00693011 
-0.00697041 
-0.00701061 
-0.00705145 
-0.00709218 
-0.00713354 
-0.00717479 
-0.00721665 
-0.0072584 
-0.00730076 
-0.007343 
-0.00738584 
-0.00742855 
-0.00747187 
-0.00751503 
-0.00755881 
-0.00760242 
-0.00764664 
-0.00769068 
-0.00773533 
-0.00777979 
-0.00782485 
-0.00786971 
-0.00791517 
-0.00796043 
-0.00800627 
-0.0080519 
-0.00809812 
-0.00814411 
-0.00819068 
-0.00823702 
-0.00828393 
-0.0083306 
-0.00837784 
-0.00842482 
-0.00847237 
-0.00851965 
-0.0085675 
-0.00861507 
-0.0086632 
-0.00871103 
-0.00875943 
-0.00880752 
-0.00885616 
-0.00890449 
-0.00895337 
-0.00900193 
-0.00905102 
-0.00909978 
-0.00914908 
-0.00919803 
-0.00924752 
-0.00929665 
-0.0093463 
-0.00939559 
-0.0094454 
-0.00949483 
-0.00954477 
-0.00959433 
-0.0096444 
-0.00969406 
-0.00974424 
-0.009794 
-0.00984426 
-0.0098941 
-0.00994443 
-0.00999433 
-0.0100447 
-0.0100947 
-0.0101451 
-0.0101951 
-0.0102455 
-0.0102955 
-0.010346 
-0.0103959 
-0.0104464 
-0.0104963 
-0.0105468 
-0.0105967 
-0.010647 
-0.0106969 
-0.0107472 
-0.010797 
-0.0108472 
-0.0108969 
-0.0109471 
-0.0109967 
-0.0110467 
-0.0110962 
-0.0111461 
-0.0111954 
-0.0112452 
-0.0112944 
-0.0113439 
-0.011393 
-0.0114424 
-0.0114912 
-0.0115404 
-0.011589 
-0.011638 
-0.0116864 
-0.0117352 
-0.0117834 
-0.0118319 
-0.0118798 
-0.0119281 
-0.0119757 
-0.0120237 
-0.0120711 
-0.0121188 
-0.0121658 
-0.0122132 
-0.01226 
-0.012307 
-0.0123534 
-0.0124002 
-0.0124462 
-0.0124926 
-0.0125383 
-0.0125843 
-0.0126296 
-0.0126752 
-0.0127202 
-0.0127654 
-0.0128099 
-0.0128547 
-0.0128988 
-0.0129432 
-0.0129868 
-0.0130307 
-0.013074 
-0.0131174 
-0.0131602 
-0.0132032 
-0.0132454 
-0.0132879 
-0.0133297 
-0.0133717 
-0.013413 
-0.0134545 
-0.0134952 
-0.0135362 
-0.0135764 
-0.0136168 
-0.0136565 
-0.0136964 
-0.0137355 
-0.0137748 
-0.0138134 
-0.0138521 
-0.0138901 
-0.0139282 
-0.0139656 
-0.0140031 
-0.0140399 
-0.0140768 
-0.014113 
-0.0141493 
-0.0141848 
-0.0142205 
-0.0142554 
-0.0142905 
-0.0143247 
-0.0143591 
-0.0143927 
-0.0144264 
-0.0144593 
-0.0144924 
-0.0145246 
-0.014557 
-0.0145886 
-0.0146203 
-0.0146511 
-0.0146821 
-0.0147123 
-0.0147426 
-0.0147721 
-0.0148016 
-0.0148304 
-0.0148592 
-0.0148873 
-0.0149154 
-0.0149427 
-0.0149701 
-0.0149966 
-0.0150233 
-0.0150491 
-0.015075 
-0.0151001 
-0.0151252 
-0.0151495 
-0.0151739 
-0.0151975 
-0.0152211 
-0.0152439 
-0.0152668 
-0.0152888 
-0.0153109 
-0.0153322 
-0.0153535 
-0.015374 
-0.0153945 
-0.0154143 
-0.015434 
-0.015453 
-0.0154719 
-0.0154901 
-0.0155082 
-0.0155256 
-0.015543 
-0.0155596 
-0.0155762 
-0.015592 
-0.0156078 
-0.0156228 
-0.0156379 
-0.0156521 
-0.0156663 
-0.0156797 
-0.0156932 
-0.0157058 
-0.0157185 
-0.0157303 
-0.0157422 
-0.0157532 
-0.0157643 
-0.0157746 
-0.0157848 
-0.0157943 
-0.0158038 
-0.0158125 
-0.0158212 
-0.0158291 
-0.015837 
-0.0158441 
-0.0158513 
-0.0158576 
-0.015864 
-0.0158696 
-0.0158751 
-0.0158799 
-0.0158847 
-0.0158888 
-0.0158928 
-0.015896 
-0.0158993 
-0.0159018 
-0.0159043 
-0.0159061 
-0.0159078 
-0.0159088 
-0.0159097 
-0.01591 
-0.0159102 
-0.0159097 
-0.0159092 
-0.015908 
-0.0159067 
-0.0159048 
-0.0159028 
-0.0159001 
-0.0158974 
-0.015894 
-0.0158905 
-0.0158864 
-0.0158822 
-0.0158774 
-0.0158725 
-0.015867 
-0.0158614 
-0.0158552 
-0.0158489 
-0.015842 
-0.0158351 
-0.0158275 
-0.0158198 
-0.0158116 
-0.0158032 
-0.0157943 
-0.0157853 
-0.0157757 
-0.0157661 
-0.0157559 
-0.0157456 
-0.0157347 
-0.0157237 
-0.0157122 
-0.0157006 
-0.0156885 
-0.0156763 
-0.0156635 
-0.0156507 
-0.0156373 
-0.0156239 
-0.0156099 
-0.0155959 
-0.0155813 
-0.0155667 
-0.0155515 
-0.0155363 
-0.0155206 
-0.0155048 
-0.0154885 
-0.0154722 
-0.0154553 
-0.0154384 
-0.015421 
-0.0154035 
-0.0153856 
-0.0153676 
-0.0153491 
-0.0153306 
-0.0153116 
-0.0152925 
-0.015273 
-0.0152535 
-0.0152335 
-0.0152134 
-0.0151929 
-0.0151724 
-0.0151514 
-0.0151303 
-0.0151089 
-0.0150874 
-0.0150654 
-0.0150435 
-0.0150211 
-0.0149987 
-0.0149759 
-0.014953 
-0.0149297 
-0.0149064 
-0.0148827 
-0.014859 
-0.0148349 
-0.0148108 
-0.0147863 
-0.0147618 
-0.0147368 
-0.0147119 
-0.0146866 
-0.0146613 
-0.0146356 
-0.01461 
-0.0145839 
-0.0145579 
-0.0145315 
-0.0145051 
-0.0144783 
-0.0144516 
-0.0144245 
-0.0143974 
-0.01437 
-0.0143426 
-0.0143149 
-0.0142872 
-0.0142592 
-0.0142311 
-0.0142028 
-0.0141745 
-0.0141459 
-0.0141173 
-0.0140884 
-0.0140596 
-0.0140304 
-0.0140013 
-0.0139719 
-0.0139425 
-0.0139128 
-0.0138832 
-0.0138533 
-0.0138235 
-0.0137934 
-0.0137633 
-0.013733 
-0.0137027 
-0.0136722 
-0.0136417 
-0.013611 
-0.0135804 
-0.0135494 
-0.0135186 
-0.0134875 
-0.0134565 
-0.0134253 
-0.0133941 
-0.0133628 
-0.0133315 
-0.0132999 
-0.0132685 
-0.0132368 
-0.0132053 
-0.0131735 
-0.0131419 
-0.01311 
-0.0130782 
-0.0130462 
-0.0130144 
-0.0129823 
-0.0129504 
-0.0129183 
-0.0128863 
-0.0128541 
-0.012822 
-0.0127898 
-0.0127577 
-0.0127254 
-0.0126933 
-0.012661 
-0.0126288 
-0.0125965 
-0.0125644 
-0.0125321 
-0.0124999 
-0.0124676 
-0.0124355 
-0.0124032 
-0.0123711 
-0.0123388 
-0.0123067 
-0.0122745 
-0.0122425 
-0.0122103 
-0.0121784 
-0.0121463 
-0.0121144 
-0.0120824 
-0.0120506 
-0.0120187 
-0.011987 
-0.0119552 
-0.0119237 
-0.011892 
-0.0118605 
-0.011829 
-0.0117977 
-0.0117663 
-0.0117351 
-0.0117039 
-0.0116729 
-0.0116418 
-0.011611 
-0.0115801 
-0.0115495 
-0.0115188 
-0.0114884 
-0.0114579 
-0.0114277 
-0.0113975 
-0.0113675 
-0.0113375 
-0.0113078 
-0.011278 
-0.0112486 
-0.0112191 
-0.0111899 
-0.0111606 
-0.0111317 
-0.0111028 
-0.0110742 
-0.0110456 
-0.0110173 
-0.010989 
-0.010961 
-0.0109331 
-0.0109054 
-0.0108778 
-0.0108505 
-0.0108233 
-0.0107964 
-0.0107695 
-0.010743 
-0.0107165 
-0.0106904 
-0.0106643 
-0.0106385 
-0.0106129 
-0.0105876 
-0.0105623 
-0.0105375 
-0.0105127 
-0.0104883 
-0.0104639 
-0.01044 
-0.0104161 
-0.0103927 
-0.0103693 
-0.0103463 
-0.0103234 
-0.010301 
-0.0102786 
-0.0102567 
-0.0102348 
-0.0102134 
-0.0101921 
-0.0101713 
-0.0101505 
-0.0101302 
-0.01011 
-0.0100903 
-0.0100707 
-0.0100516 
-0.0100325 
-0.010014 
-0.00999561 
-0.0099777 
-0.00995991 
-0.00994263 
-0.00992546 
-0.00990882 
-0.0098923 
-0.00987632 
-0.00986045 
-0.00984513 
-0.00982994 
-0.00981529 
-0.00980078 
-0.00978682 
-0.009773 
-0.00975974 
-0.00974663 
-0.00973408 
-0.00972168 
-0.00970986 
-0.00969819 
-0.0096871 
-0.00967616 
-0.00966582 
-0.00965563 
-0.00964604 
-0.00963662 
-0.00962779 
-0.00961914 
-0.00961109 
-0.00960321 
-0.00959594 
-0.00958886 
-0.00958239 
-0.00957609 
-0.00957043 
-0.00956494 
-0.00956009 
-0.00955541 
-0.00955138 
-0.00954753 
-0.00954432 
-0.0095413 
-0.00953893 
-0.00953675 
-0.00953522 
-0.00953389 
-0.00953321 
-0.00953272 
-0.0095329 
-0.00953327 
-0.00953431 
-0.00953554 
-0.00953745 
-0.00953955 
-0.00954233 
-0.0095453 
-0.00954895 
-0.00955281 
-0.00955734 
-0.00956207 
-0.00956749 
-0.00957311 
-0.00957941 
-0.00958592 
-0.00959311 
-0.00960051 
-0.00960859 
-0.00961688 
-0.00962586 
-0.00963504 
-0.00964491 
-0.00965498 
-0.00966575 
-0.00967672 
-0.00968838 
-0.00970024 
-0.0097128 
-0.00972555 
-0.00973901 
-0.00975265 
-0.00976699 
-0.00978153 
-0.00979676 
-0.00981218 
-0.0098283 
-0.0098446 
-0.00986161 
-0.00987879 
-0.00989667 
-0.00991473 
-0.00993349 
-0.00995242 
-0.00997205 
-0.00999184 
-0.0100123 
-0.010033 
-0.0100543 
-0.0100758 
-0.010098 
-0.0101204 
-0.0101434 
-0.0101666 
-0.0101905 
-0.0102145 
-0.0102392 
-0.0102641 
-0.0102896 
-0.0103153 
-0.0103416 
-0.010368 
-0.0103952 
-0.0104224 
-0.0104503 
-0.0104783 
-0.010507 
-0.0105358 
-0.0105652 
-0.0105948 
-0.010625 
-0.0106552 
-0.0106862 
-0.0107172 
-0.0107488 
-0.0107805 
-0.0108129 
-0.0108453 
-0.0108783 
-0.0109114 
-0.0109451 
-0.0109789 
-0.0110133 
-0.0110477 
-0.0110827 
-0.0111177 
-0.0111534 
-0.011189 
-0.0112253 
-0.0112615 
-0.0112983 
-0.0113352 
-0.0113725 
-0.0114099 
-0.0114479 
-0.0114858 
-0.0115242 
-0.0115627 
-0.0116016 
-0.0116406 
-0.01168 
-0.0117194 
-0.0117593 
-0.0117992 
-0.0118395 
-0.0118798 
-0.0119206 
-0.0119613 
-0.0120024 
-0.0120435 
-0.0120851 
-0.0121265 
-0.0121684 
-0.0122101 
-0.0122523 
-0.0122944 
-0.0123369 
-0.0123793 
-0.012422 
-0.0124646 
-0.0125077 
-0.0125505 
-0.0125938 
-0.0126368 
-0.0126803 
-0.0127235 
-0.0127671 
-0.0128105 
-0.0128543 
-0.0128978 
-0.0129416 
-0.0129853 
-0.0130292 
-0.0130729 
-0.0131169 
-0.0131607 
-0.0132047 
-0.0132485 
-0.0132925 
-0.0133363 
-0.0133803 
-0.013424 
-0.013468 
-0.0135116 
-0.0135555 
-0.013599 
-0.0136428 
-0.0136862 
-0.0137299 
-0.0137731 
-0.0138166 
-0.0138597 
-0.013903 
-0.0139459 
-0.0139889 
-0.0140316 
-0.0140744 
-0.0141167 
-0.0141592 
-0.0142013 
-0.0142435 
-0.0142853 
-0.0143271 
-0.0143685 
-0.01441 
-0.014451 
-0.0144921 
-0.0145327 
-0.0145734 
-0.0146135 
-0.0146537 
-0.0146934 
-0.0147332 
-0.0147723 
-0.0148116 
-0.0148502 
-0.0148889 
-0.014927 
-0.0149651 
-0.0150026 
-0.0150401 
-0.015077 
-0.0151139 
-0.0151502 
-0.0151864 
-0.0152221 
-0.0152576 
-0.0152925 
-0.0153274 
-0.0153616 
-0.0153957 
-0.0154292 
-0.0154626 
-0.0154953 
-0.0155278 
-0.0155597 
-0.0155915 
-0.0156226 
-0.0156536 
-0.0156838 
-0.0157139 
-0.0157433 
-0.0157725 
-0.0158009 
-0.0158292 
-0.0158568 
-0.0158842 
-0.0159108 
-0.0159372 
-0.0159629 
-0.0159884 
-0.0160131 
-0.0160375 
-0.0160612 
-0.0160846 
-0.0161073 
-0.0161297 
-0.0161513 
-0.0161727 
-0.0161932 
-0.0162135 
-0.016233 
-0.0162522 
-0.0162705 
-0.0162886 
-0.0163059 
-0.0163228 
-0.0163389 
-0.0163547 
-0.0163697 
-0.0163843 
-0.0163981 
-0.0164115 
-0.0164241 
-0.0164364 
-0.0164478 
-0.0164588 
-0.016469 
-0.0164788 
-0.0164878 
-0.0164964 
-0.0165041 
-0.0165114 
-0.0165179 
-0.016524 
-0.0165292 
-0.016534 
-0.0165379 
-0.0165414 
-0.016544 
-0.0165463 
-0.0165476 
-0.0165485 
-0.0165485 
-0.0165482 
-0.0165469 
-0.0165452 
-0.0165426 
-0.0165395 
-0.0165356 
-0.0165312 
-0.016526 
-0.0165203 
-0.0165137 
-0.0165066 
-0.0164987 
-0.0164903 
-0.016481 
-0.0164712 
-0.0164606 
-0.0164495 
-0.0164375 
-0.0164251 
-0.0164117 
-0.0163979 
-0.0163832 
-0.016368 
-0.016352 
-0.0163354 
-0.016318 
-0.0163002 
-0.0162814 
-0.0162621 
-0.016242 
-0.0162214 
-0.0162 
-0.016178 
-0.0161552 
-0.0161319 
-0.0161078 
-0.0160831 
-0.0160577 
-0.0160317 
-0.0160049 
-0.0159775 
-0.0159494 
-0.0159208 
-0.0158913 
-0.0158613 
-0.0158306 
-0.0157993 
-0.0157672 
-0.0157346 
-0.0157013 
-0.0156674 
-0.0156327 
-0.0155976 
-0.0155616 
-0.0155252 
-0.015488 
-0.0154503 
-0.0154118 
-0.0153729 
-0.0153332 
-0.015293 
-0.015252 
-0.0152106 
-0.0151685 
-0.0151258 
-0.0150824 
-0.0150386 
-0.014994 
-0.014949 
-0.0149033 
-0.0148571 
-0.0148102 
-0.0147628 
-0.0147147 
-0.0146662 
-0.014617 
-0.0145674 
-0.0145171 
-0.0144664 
-0.0144149 
-0.0143631 
-0.0143106 
-0.0142577 
-0.0142042 
-0.0141502 
-0.0140956 
-0.0140406 
-0.0139849 
-0.0139289 
-0.0138723 
-0.0138152 
-0.0137576 
-0.0136996 
-0.013641 
-0.013582 
-0.0135225 
-0.0134626 
-0.0134021 
-0.0133413 
-0.0132799 
-0.0132182 
-0.0131559 
-0.0130933 
-0.0130302 
-0.0129667 
-0.0129028 
-0.0128385 
-0.0127737 
-0.0127086 
-0.012643 
-0.0125771 
-0.0125108 
-0.0124441 
-0.012377 
-0.0123097 
-0.0122418 
-0.0121737 
-0.0121052 
-0.0120364 
-0.0119672 
-0.0118978 
-0.0118279 
-0.0117578 
-0.0116873 
-0.0116166 
-0.0115455 
-0.0114742 
-0.0114026 
-0.0113307 
-0.0112585 
-0.0111861 
-0.0111133 
-0.0110404 
-0.0109672 
-0.0108938 
-0.0108201 
-0.0107462 
-0.010672 
-0.0105977 
-0.0105232 
-0.0104484 
-0.0103735 
-0.0102984 
-0.010223 
-0.0101476 
-0.0100719 
-0.00999613 
-0.00992015 
-0.00984407 
-0.00976781 
-0.00969145 
-0.00961493 
-0.00953833 
-0.00946158 
-0.00938476 
-0.00930781 
-0.0092308 
-0.00915367 
-0.0090765 
-0.00899922 
-0.00892193 
-0.00884454 
-0.00876713 
-0.00868966 
-0.00861217 
-0.00853465 
-0.00845712 
-0.00837958 
-0.00830205 
-0.00822452 
-0.00814701 
-0.00806953 
-0.00799208 
-0.00791468 
-0.00783734 
-0.00776005 
-0.00768284 
-0.00760571 
-0.00752866 
-0.00745171 
-0.00737486 
-0.00729812 
-0.0072215 
-0.007145 
-0.00706841 
-0.00699205 
-0.00691578 
-0.00683971 
-0.00676373 
-0.00668797 
-0.00661233 
-0.00653691 
-0.00646161 
-0.00638656 
-0.00631165 
-0.006237 
-0.00616249 
-0.00608826 
-0.00601418 
-0.00594041 
-0.0058668 
-0.00579351 
-0.00572038 
-0.0056476 
-0.005575 
-0.00550275 
-0.0054307 
-0.00535901 
-0.00528753 
-0.00521644 
-0.00514557 
-0.0050751 
-0.00500485 
-0.00493503 
-0.00486545 
-0.00479631 
-0.00472742 
-0.00465898 
-0.0045908 
-0.0045231 
-0.00445567 
-0.00438873 
-0.00432208 
-0.00425593 
-0.00419007 
-0.00412474 
-0.00405973 
-0.00399524 
-0.00393109 
-0.00386748 
-0.00380421 
-0.00374151 
-0.00367916 
-0.00361739 
-0.00355599 
-0.00349518 
-0.00343476 
-0.00337494 
-0.00331552 
-0.00325672 
-0.00319833 
-0.00314059 
-0.00308326 
-0.00302659 
-0.00297035 
-0.00291479 
-0.00285967 
-0.00280524 
-0.00275127 
-0.002698 
-0.00264521 
-0.00259313 
-0.00254155 
-0.00249069 
-0.00244035 
-0.00239073 
-0.00234165 
-0.00229331 
-0.00224552 
-0.00219849 
-0.00215202 
-0.00210632 
-0.00206121 
-0.00201687 
-0.00197313 
-0.00193018 
-0.00188786 
-0.00184632 
-0.00180543 
-0.00176535 
-0.00172592 
-0.00168731 
-0.00164937 
-0.00161227 
-0.00157585 
-0.00154028 
-0.00150541 
-0.00147139 
-0.0014381 
-0.00140567 
-0.00137399 
-0.00134317 
-0.00131312 
-0.00128395 
-0.00125556 
-0.00122805 
-0.00120135 
-0.00117554 
-0.00115056 
-0.00112647 
-0.00110323 
-0.0010809 
-0.00105942 
-0.00103887 
-0.00101919 
-0.00100044 
-0.00098259 
-0.000965667 
-0.000949667 
-0.000934601 
-0.000920472 
-0.000907284 
-0.000895042 
-0.000883753 
-0.00087342 
-0.00086405 
-0.000855647 
-0.000848218 
-0.000841767 
-0.0008363 
-0.000831824 
-0.000828577 
-0.000826245 
-0.000824987 
-0.000824693 
-0.000825493 
-0.000827261 
-0.000830145 
-0.000833999 
-0.000838991 
-0.000844956 
-0.00085208 
-0.000860179 
-0.000869459 
-0.000879715 
-0.000891172 
-0.000903607 
-0.000917265 
-0.000931902 
-0.000947782 
-0.00096464 
-0.000982763 
-0.00100186 
-0.00102225 
-0.00104362 
-0.00106629 
-0.00108993 
-0.00111491 
-0.00114086 
-0.00116815 
-0.00119642 
-0.00122606 
-0.00125666 
-0.00128866 
-0.00132162 
-0.00135599 
-0.00139132 
-0.00142808 
-0.00146579 
-0.00150496 
-0.00154508 
-0.00158666 
-0.0016292 
-0.00167322 
-0.00171818 
-0.00176465 
-0.00181205 
-0.00186099 
-0.00191084 
-0.0019648 
-0.00201832 
-0.00207374 
-0.00212977 
-0.00218774 
-0.00224629 
-0.00230682 
-0.0023679 
-0.00243098 
-0.0024946 
-0.00256026 
-0.00262642 
-0.00269465 
-0.00276336 
-0.00283418 
-0.00290544 
-0.00297885 
-0.00305267 
-0.00312866 
-0.00320504 
-0.00328362 
-0.00336256 
-0.00344374 
-0.00352524 
-0.00360901 
-0.00369307 
-0.00377942 
-0.00386604 
-0.00395498 
-0.00404415 
-0.00413568 
-0.0042274 
-0.00432151 
-0.00441577 
-0.00451245 
-0.00460924 
-0.00470849 
-0.00480781 
-0.0049096 
-0.00501144 
-0.00511578 
-0.00522013 
-0.005327 
-0.00543384 
-0.00554323 
-0.00565254 
-0.00576444 
-0.00587622 
-0.0059906 
-0.00610482 
-0.00622168 
-0.00633832 
-0.00645763 
-0.00657669 
-0.00669842 
-0.00681986 
-0.006944 
-0.00706781 
-0.00719434 
-0.00732048 
-0.00744937 
-0.00757782 
-0.00770904 
-0.00783978 
-0.0079733 
-0.0081063 
-0.00824209 
-0.00837731 
-0.00851535 
-0.00865276 
-0.00879301 
-0.00893258 
-0.00907501 
-0.0092167 
-0.00936126 
-0.00950504 
-0.0096517 
-0.00979753 
-0.00994626 
-0.0100941 
-0.0102448 
-0.0103946 
-0.0105474 
-0.0106991 
-0.0108537 
-0.0110073 
-0.0111639 
-0.0113193 
-0.0114777 
-0.0116349 
-0.0117951 
-0.011954 
-0.0121159 
-0.0122765 
-0.0124401 
-0.0126024 
-0.0127676 
-0.0129314 
-0.0130983 
-0.0132636 
-0.0134319 
-0.0135987 
-0.0137685 
-0.0139367 
-0.0141079 
-0.0142775 
-0.01445 
-0.0146209 
-0.0147947 
-0.0149667 
-0.0151417 
-0.015315 
-0.0154911 
-0.0156654 
-0.0158427 
-0.016018 
-0.0161963 
-0.0163725 
-0.0165518 
-0.0167289 
-0.016909 
-0.017087 
-0.0172679 
-0.0174466 
-0.0176282 
-0.0178076 
-0.0179898 
-0.0181698 
-0.0183526 
-0.0185331 
-0.0187165 
-0.0188974 
-0.0190812 
-0.0192625 
-0.0194466 
-0.0196282 
-0.0198126 
-0.0199944 
-0.020179 
-0.0203609 
-0.0205456 
-0.0207276 
-0.0209123 
-0.0210942 
-0.0212789 
-0.0214607 
-0.0216452 
-0.0218269 
-0.0220112 
-0.0221925 
-0.0223765 
-0.0225575 
-0.0227411 
-0.0229217 
-0.0231048 
-0.0232849 
-0.0234674 
-0.0236469 
-0.0238288 
-0.0240075 
-0.0241887 
-0.0243667 
-0.0245471 
-0.0247241 
-0.0249036 
-0.0250798 
-0.0252583 
-0.0254334 
-0.0256108 
-0.0257848 
-0.0259611 
-0.0261338 
-0.0263089 
-0.0264804 
-0.0266541 
-0.0268243 
-0.0269966 
-0.0271652 
-0.0273361 
-0.0275032 
-0.0276725 
-0.027838 
-0.0280056 
-0.0281695 
-0.0283353 
-0.0284974 
-0.0286614 
-0.0288216 
-0.0289838 
-0.029142 
-0.0293022 
-0.0294585 
-0.0296166 
-0.0297708 
-0.0299268 
-0.0300787 
-0.0302325 
-0.0303823 
-0.0305338 
-0.0306812 
-0.0308304 
-0.0309754 
-0.0311221 
-0.0312647 
-0.0314089 
-0.0315489 
-0.0316906 
-0.031828 
-0.031967 
-0.0321018 
-0.0322381 
-0.0323701 
-0.0325037 
-0.0326329 
-0.0327636 
-0.03289 
-0.0330178 
-0.0331412 
-0.033266 
-0.0333865 
-0.0335083 
-0.0336258 
-0.0337445 
-0.0338588 
-0.0339744 
-0.0340856 
-0.0341981 
-0.034306 
-0.0344152 
-0.03452 
-0.0346259 
-0.0347273 
-0.0348299 
-0.034928 
-0.0350271 
-0.0351219 
-0.0352176 
-0.0353089 
-0.0354012 
-0.035489 
-0.0355778 
-0.0356621 
-0.0357473 
-0.0358281 
-0.0359097 
-0.0359869 
-0.036065 
-0.0361386 
-0.0362129 
-0.0362829 
-0.0363536 
-0.0364199 
-0.0364869 
-0.0365496 
-0.0366129 
-0.0366718 
-0.0367313 
-0.0367865 
-0.0368423 
-0.0368937 
-0.0369457 
-0.0369934 
-0.0370416 
-0.0370855 
-0.0371299 
-0.03717 
-0.0372106 
-0.0372469 
-0.0372837 
-0.0373162 
-0.0373491 
-0.0373778 
-0.0374069 
-0.0374318 
-0.0374571 
-0.0374782 
-0.0374996 
-0.0375169 
-0.0375345 
-0.037548 
-0.0375618 
-0.0375715 
-0.0375814 
-0.0375873 
-0.0375935 
-0.0375956 
-0.037598 
-0.0375964 
-0.037595 
-0.0375896 
-0.0375844 
-0.0375753 
-0.0375664 
-0.0375536 
-0.037541 
-0.0375245 
-0.0375081 
-0.037488 
-0.037468 
-0.0374442 
-0.0374205 
-0.0373931 
-0.0373659 
-0.0373349 
-0.037304 
-0.0372695 
-0.0372351 
-0.0371971 
-0.0371591 
-0.0371176 
-0.0370762 
-0.0370312 
-0.0369864 
-0.036938 
-0.0368897 
-0.036838 
-0.0367864 
-0.0367314 
-0.0366764 
-0.0366181 
-0.0365598 
-0.0364983 
-0.0364368 
-0.0363721 
-0.0363074 
-0.0362396 
-0.0361717 
-0.0361008 
-0.0360299 
-0.0359559 
-0.035882 
-0.035805 
-0.0357281 
-0.0356482 
-0.0355683 
-0.0354856 
-0.0354028 
-0.0353173 
-0.0352317 
-0.0351434 
-0.035055 
-0.034964 
-0.034873 
-0.0347793 
-0.0346856 
-0.0345893 
-0.0344931 
-0.0343942 
-0.0342955 
-0.0341942 
-0.034093 
-0.0339893 
-0.0338856 
-0.0337796 
-0.0336736 
-0.0335653 
-0.0334571 
-0.0333466 
-0.0332361 
-0.0331235 
-0.0330109 
-0.0328961 
-0.0327814 
-0.0326647 
-0.032548 
-0.0324293 
-0.0323107 
-0.03219 
-0.0320695 
-0.0319471 
-0.0318248 
-0.0317006 
-0.0315766 
-0.0314507 
-0.031325 
-0.0311975 
-0.0310702 
-0.0309411 
-0.0308123 
-0.0306817 
-0.0305514 
-0.0304194 
-0.0302877 
-0.0301544 
-0.0300213 
-0.0298868 
-0.0297524 
-0.0296166 
-0.0294811 
-0.0293442 
-0.0292075 
-0.0290695 
-0.0289317 
-0.0287927 
-0.028654 
-0.028514 
-0.0283744 
-0.0282335 
-0.028093 
-0.0279513 
-0.02781 
-0.0276676 
-0.0275255 
-0.0273824 
-0.0272397 
-0.027096 
-0.0269527 
-0.0268084 
-0.0266646 
-0.0265198 
-0.0263755 
-0.0262303 
-0.0260856 
-0.0259401 
-0.025795 
-0.0256491 
-0.0255038 
-0.0253577 
-0.0252121 
-0.0250659 
-0.0249201 
-0.0247738 
-0.0246279 
-0.0244815 
-0.0243356 
-0.0241892 
-0.0240433 
-0.023897 
-0.0237512 
-0.0236049 
-0.0234593 
-0.0233132 
-0.0231678 
-0.0230219 
-0.0228767 
-0.0227312 
-0.0225863 
-0.0224411 
-0.0222965 
-0.0221517 
-0.0220076 
-0.0218632 
-0.0217195 
-0.0215757 
-0.0214325 
-0.0212892 
-0.0211466 
-0.021004 
-0.020862 
-0.0207199 
-0.0205786 
-0.0204373 
-0.0202967 
-0.0201561 
-0.0200162 
-0.0198765 
-0.0197374 
-0.0195985 
-0.0194603 
-0.0193222 
-0.019185 
-0.0190478 
-0.0189115 
-0.0187753 
-0.01864 
-0.0185048 
-0.0183705 
-0.0182364 
-0.0181032 
-0.0179702 
-0.017838 
-0.0177062 
-0.0175752 
-0.0174445 
-0.0173147 
-0.0171852 
-0.0170566 
-0.0169284 
-0.0168011 
-0.0166742 
-0.0165481 
-0.0164225 
-0.0162978 
-0.0161735 
-0.0160502 
-0.0159273 
-0.0158054 
-0.0156839 
-0.0155634 
-0.0154434 
-0.0153244 
-0.0152058 
-0.0150883 
-0.0149712 
-0.0148552 
-0.0147397 
-0.0146252 
-0.0145113 
-0.0143984 
-0.014286 
-0.0141747 
-0.014064 
-0.0139543 
-0.0138452 
-0.0137372 
-0.0136298 
-0.0135234 
-0.0134177 
-0.013313 
-0.013209 
-0.0131061 
-0.0130038 
-0.0129026 
-0.0128021 
-0.0127026 
-0.0126039 
-0.0125062 
-0.0124092 
-0.0123134 
-0.0122182 
-0.0121242 
-0.0120309 
-0.0119387 
-0.0118472 
-0.0117568 
-0.0116672 
-0.0115787 
-0.011491 
-0.0114044 
-0.0113186 
-0.0112339 
-0.0111499 
-0.0110671 
-0.0109851 
-0.0109042 
-0.0108242 
-0.0107452 
-0.0106671 
-0.0105901 
-0.0105139 
-0.0104389 
-0.0103646 
-0.0102916 
-0.0102193 
-0.0101483 
-0.010078 
-0.0100089 
-0.00994061 
-0.00987352 
-0.00980723 
-0.00974215 
-0.00967786 
-0.00961479 
-0.00955251 
-0.00949145 
-0.0094312 
-0.00937216 
-0.00931393 
-0.00925692 
-0.00920071 
-0.00914573 
-0.00909156 
-0.00903861 
-0.00898647 
-0.00893557 
-0.00888546 
-0.0088366 
-0.00878853 
-0.00874171 
-0.00869569 
-0.00865091 
-0.00860693 
-0.0085642 
-0.00852226 
-0.00848158 
-0.00844168 
-0.00840304 
-0.00836518 
-0.00832859 
-0.00829278 
-0.00825823 
-0.00822445 
-0.00819195 
-0.00816021 
-0.00812975 
-0.00810004 
-0.00807162 
-0.00804394 
-0.00801755 
-0.0079919 
-0.00796754 
-0.00794392 
-0.00792159 
-0.00789998 
-0.00787967 
-0.00786008 
-0.00784179 
-0.00782421 
-0.00780792 
-0.00779234 
-0.00777806 
-0.00776448 
-0.0077522 
-0.00774061 
-0.00773032 
-0.0077207 
-0.0077124 
-0.00770476 
-0.00769843 
-0.00769276 
-0.0076884 
-0.00768468 
-0.00768227 
-0.0076805 
-0.00768005 
-0.00768022 
-0.0076817 
-0.0076838 
-0.00768721 
-0.00769122 
-0.00769656 
-0.00770247 
-0.00770971 
-0.00771753 
-0.00772666 
-0.00773636 
-0.00774738 
-0.00775894 
-0.00777183 
-0.00778526 
-0.0078 
-0.00781527 
-0.00783187 
-0.00784897 
-0.00786739 
-0.00788631 
-0.00790655 
-0.00792727 
-0.00794931 
-0.00797182 
-0.00799565 
-0.00801994 
-0.00804554 
-0.00807158 
-0.00809894 
-0.00812672 
-0.00815582 
-0.00818533 
-0.00821615 
-0.00824736 
-0.0082799 
-0.0083128 
-0.00834702 
-0.0083816 
-0.00841749 
-0.00845372 
-0.00849127 
-0.00852914 
-0.00856832 
-0.00860781 
-0.0086486 
-0.00868969 
-0.00873208 
-0.00877474 
-0.00881872 
-0.00886294 
-0.00890846 
-0.00895422 
-0.00900129 
-0.00904857 
-0.00909714 
-0.00914592 
-0.00919599 
-0.00924624 
-0.00929778 
-0.00934948 
-0.00940248 
-0.00945561 
-0.00951003 
-0.00956457 
-0.00962039 
-0.00967632 
-0.00973352 
-0.00979081 
-0.00984937 
-0.009908 
-0.0099679 
-0.0100278 
-0.010089 
-0.0101503 
-0.0102128 
-0.0102752 
-0.010339 
-0.0104027 
-0.0104677 
-0.0105327 
-0.0105988 
-0.010665 
-0.0107324 
-0.0107996 
-0.0108682 
-0.0109366 
-0.0110063 
-0.0110758 
-0.0111466 
-0.0112172 
-0.011289 
-0.0113607 
-0.0114336 
-0.0115063 
-0.0115802 
-0.0116539 
-0.0117288 
-0.0118034 
-0.0118793 
-0.0119549 
-0.0120317 
-0.0121082 
-0.0121859 
-0.0122633 
-0.0123418 
-0.0124201 
-0.0124995 
-0.0125786 
-0.0126588 
-0.0127387 
-0.0128197 
-0.0129003 
-0.0129821 
-0.0130635 
-0.0131459 
-0.013228 
-0.0133112 
-0.0133939 
-0.0134778 
-0.0135612 
-0.0136456 
-0.0137296 
-0.0138147 
-0.0138993 
-0.0139849 
-0.01407 
-0.0141562 
-0.0142418 
-0.0143285 
-0.0144146 
-0.0145018 
-0.0145883 
-0.0146759 
-0.0147629 
-0.0148509 
-0.0149383 
-0.0150266 
-0.0151143 
-0.0152031 
-0.0152911 
-0.0153801 
-0.0154684 
-0.0155577 
-0.0156463 
-0.0157358 
-0.0158246 
-0.0159144 
-0.0160034 
-0.0160933 
-0.0161825 
-0.0162725 
-0.0163618 
-0.016452 
-0.0165413 
-0.0166316 
-0.016721 
-0.0168113 
-0.0169007 
-0.0169911 
-0.0170805 
-0.0171708 
-0.0172602 
-0.0173504 
-0.0174397 
-0.0175299 
-0.0176191 
-0.0177091 
-0.0177981 
-0.017888 
-0.0179769 
-0.0180666 
-0.0181553 
-0.0182447 
-0.0183332 
-0.0184224 
-0.0185106 
-0.0185995 
-0.0186874 
-0.018776 
-0.0188635 
-0.0189518 
-0.019039 
-0.0191268 
-0.0192136 
-0.0193011 
-0.0193874 
-0.0194744 
-0.0195603 
-0.0196469 
-0.0197322 
-0.0198183 
-0.0199031 
-0.0199886 
-0.0200729 
-0.0201579 
-0.0202416 
-0.0203259 
-0.020409 
-0.0204927 
-0.0205752 
-0.0206582 
-0.02074 
-0.0208224 
-0.0209035 
-0.0209851 
-0.0210654 
-0.0211463 
-0.0212259 
-0.021306 
-0.0213848 
-0.0214641 
-0.0215421 
-0.0216206 
-0.0216977 
-0.0217753 
-0.0218516 
-0.0219283 
-0.0220036 
-0.0220795 
-0.0221539 
-0.0222288 
-0.0223022 
-0.0223761 
-0.0224486 
-0.0225216 
-0.022593 
-0.0226649 
-0.0227354 
-0.0228063 
-0.0228757 
-0.0229455 
-0.0230138 
-0.0230825 
-0.0231497 
-0.0232173 
-0.0232834 
-0.0233499 
-0.0234148 
-0.0234801 
-0.0235439 
-0.023608 
-0.0236706 
-0.0237336 
-0.023795 
-0.0238566 
-0.0239168 
-0.0239772 
-0.0240362 
-0.0240953 
-0.024153 
-0.0242109 
-0.0242672 
-0.0243238 
-0.0243789 
-0.0244342 
-0.0244879 
-0.0245418 
-0.0245942 
-0.0246468 
-0.0246978 
-0.024749 
-0.0247987 
-0.0248485 
-0.0248968 
-0.0249452 
-0.0249921 
-0.0250391 
-0.0250845 
-0.0251301 
-0.0251741 
-0.0252182 
-0.0252608 
-0.0253034 
-0.0253445 
-0.0253857 
-0.0254253 
-0.0254651 
-0.0255032 
-0.0255414 
-0.0255781 
-0.0256148 
-0.0256499 
-0.0256851 
-0.0257187 
-0.0257524 
-0.0257845 
-0.0258166 
-0.0258472 
-0.0258778 
-0.0259068 
-0.0259359 
-0.0259633 
-0.0259908 
-0.0260167 
-0.0260427 
-0.026067 
-0.0260914 
-0.0261142 
-0.0261369 
-0.0261581 
-0.0261793 
-0.026199 
-0.0262186 
-0.0262366 
-0.0262546 
-0.0262711 
-0.0262875 
-0.0263024 
-0.0263172 
-0.0263305 
-0.0263438 
-0.0263554 
-0.0263671 
-0.0263772 
-0.0263872 
-0.0263957 
-0.0264041 
-0.026411 
-0.0264179 
-0.0264232 
-0.0264284 
-0.0264321 
-0.0264358 
-0.0264379 
-0.0264399 
-0.0264405 
-0.0264409 
-0.0264399 
-0.0264387 
-0.0264361 
-0.0264333 
-0.0264291 
-0.0264248 
-0.026419 
-0.0264131 
-0.0264058 
-0.0263983 
-0.0263894 
-0.0263803 
-0.0263698 
-0.0263592 
-0.0263472 
-0.026335 
-0.0263214 
-0.0263077 
-0.0262926 
-0.0262774 
-0.0262607 
-0.0262439 
-0.0262257 
-0.0262074 
-0.0261877 
-0.0261679 
-0.0261467 
-0.0261254 
-0.0261027 
-0.0260798 
-0.0260557 
-0.0260314 
-0.0260057 
-0.0259799 
-0.0259528 
-0.0259255 
-0.025897 
-0.0258683 
-0.0258383 
-0.0258081 
-0.0257767 
-0.0257451 
-0.0257123 
-0.0256793 
-0.0256451 
-0.0256107 
-0.0255751 
-0.0255393 
-0.0255023 
-0.0254652 
-0.0254268 
-0.0253884 
-0.0253487 
-0.0253089 
-0.0252678 
-0.0252267 
-0.0251844 
-0.0251419 
-0.0250983 
-0.0250546 
-0.0250097 
-0.0249647 
-0.0249185 
-0.0248722 
-0.0248248 
-0.0247774 
-0.0247287 
-0.02468 
-0.0246302 
-0.0245803 
-0.0245293 
-0.0244782 
-0.024426 
-0.0243738 
-0.0243205 
-0.0242671 
-0.0242126 
-0.0241581 
-0.0241026 
-0.024047 
-0.0239903 
-0.0239337 
-0.023876 
-0.0238182 
-0.0237595 
-0.0237007 
-0.023641 
-0.0235812 
-0.0235205 
-0.0234597 
-0.023398 
-0.0233362 
-0.0232736 
-0.0232109 
-0.0231473 
-0.0230837 
-0.0230192 
-0.0229547 
-0.0228893 
-0.022824 
-0.0227577 
-0.0226915 
-0.0226244 
-0.0225574 
-0.0224895 
-0.0224217 
-0.022353 
-0.0222844 
-0.022215 
-0.0221457 
-0.0220755 
-0.0220055 
-0.0219346 
-0.0218639 
-0.0217924 
-0.021721 
-0.0216488 
-0.0215767 
-0.0215039 
-0.0214312 
-0.0213578 
-0.0212846 
-0.0212106 
-0.0211368 
-0.0210623 
-0.020988 
-0.0209129 
-0.0208381 
-0.0207626 
-0.0206873 
-0.0206113 
-0.0205355 
-0.0204591 
-0.020383 
-0.0203061 
-0.0202296 
-0.0201524 
-0.0200755 
-0.019998 
-0.0199207 
-0.0198429 
-0.0197653 
-0.0196872 
-0.0196094 
-0.019531 
-0.0194529 
-0.0193743 
-0.019296 
-0.0192172 
-0.0191387 
-0.0190597 
-0.0189811 
-0.018902 
-0.0188232 
-0.018744 
-0.0186652 
-0.0185859 
-0.018507 
-0.0184276 
-0.0183487 
-0.0182693 
-0.0181903 
-0.0181109 
-0.018032 
-0.0179527 
-0.0178738 
-0.0177946 
-0.0177158 
-0.0176366 
-0.0175579 
-0.0174789 
-0.0174004 
-0.0173215 
-0.0172431 
-0.0171644 
-0.0170863 
-0.0170078 
-0.0169299 
-0.0168516 
-0.016774 
-0.016696 
-0.0166186 
-0.016541 
-0.0164639 
-0.0163866 
-0.0163099 
-0.0162329 
-0.0161566 
-0.01608 
-0.0160041 
-0.015928 
-0.0158525 
-0.0157768 
-0.0157017 
-0.0156265 
-0.015552 
-0.0154772 
-0.0154032 
-0.015329 
-0.0152556 
-0.0151819 
-0.015109 
-0.015036 
-0.0149637 
-0.0148912 
-0.0148195 
-0.0147477 
-0.0146767 
-0.0146055 
-0.0145352 
-0.0144647 
-0.0143951 
-0.0143253 
-0.0142564 
-0.0141874 
-0.0141193 
-0.014051 
-0.0139836 
-0.0139162 
-0.0138496 
-0.013783 
-0.0137172 
-0.0136514 
-0.0135865 
-0.0135215 
-0.0134575 
-0.0133934 
-0.0133303 
-0.0132671 
-0.0132049 
-0.0131426 
-0.0130813 
-0.01302 
-0.0129597 
-0.0128994 
-0.01284 
-0.0127807 
-0.0127223 
-0.012664 
-0.0126066 
-0.0125493 
-0.012493 
-0.0124367 
-0.0123815 
-0.0123262 
-0.0122721 
-0.0122179 
-0.0121648 
-0.0121118 
-0.0120598 
-0.0120079 
-0.011957 
-0.0119062 
-0.0118565 
-0.0118068 
-0.0117583 
-0.0117098 
-0.0116624 
-0.011615 
-0.0115688 
-0.0115227 
-0.0114777 
-0.0114327 
-0.0113889 
-0.0113451 
-0.0113025 
-0.01126 
-0.0112187 
-0.0111774 
-0.0111372 
-0.0110972 
-0.0110583 
-0.0110195 
-0.0109819 
-0.0109444 
-0.010908 
-0.0108718 
-0.0108367 
-0.0108017 
-0.0107679 
-0.0107342 
-0.0107017 
-0.0106693 
-0.0106381 
-0.010607 
-0.0105771 
-0.0105473 
-0.0105187 
-0.0104902 
-0.010463 
-0.0104358 
-0.0104098 
-0.0103839 
-0.0103593 
-0.0103347 
-0.0103114 
-0.0102882 
-0.0102662 
-0.0102443 
-0.0102236 
-0.010203 
-0.0101837 
-0.0101644 
-0.0101464 
-0.0101284 
-0.0101117 
-0.0100951 
-0.0100797 
-0.0100644 
-0.0100503 
-0.0100363 
-0.0100236 
-0.0100109 
-0.00999948 
-0.0099881 
-0.00997798 
-0.00996791 
-0.00995909 
-0.00995031 
-0.00994279 
-0.00993531 
-0.00992909 
-0.0099229 
-0.00991796 
-0.00991304 
-0.00990938 
-0.00990574 
-0.00990335 
-0.00990098 
-0.00989985 
-0.00989873 
-0.00989886 
-0.00989899 
-0.00990037 
-0.00990173 
-0.00990434 
-0.00990693 
-0.00991076 
-0.00991457 
-0.00991961 
-0.00992462 
-0.00993087 
-0.00993707 
-0.00994451 
-0.00995189 
-0.0099605 
-0.00996904 
-0.00997882 
-0.00998852 
-0.00999944 
-0.0100103 
-0.0100223 
-0.0100343 
-0.0100475 
-0.0100605 
-0.0100748 
-0.010089 
-0.0101043 
-0.0101196 
-0.010136 
-0.0101523 
-0.0101698 
-0.0101871 
-0.0102056 
-0.010224 
-0.0102435 
-0.0102629 
-0.0102834 
-0.0103038 
-0.0103253 
-0.0103466 
-0.0103691 
-0.0103913 
-0.0104148 
-0.0104379 
-0.0104623 
-0.0104864 
-0.0105116 
-0.0105366 
-0.0105627 
-0.0105886 
-0.0106155 
-0.0106422 
-0.01067 
-0.0106976 
-0.0107262 
-0.0107545 
-0.0107839 
-0.010813 
-0.0108432 
-0.010873 
-0.0109039 
-0.0109345 
-0.0109661 
-0.0109974 
-0.0110298 
-0.0110617 
-0.0110947 
-0.0111273 
-0.011161 
-0.0111942 
-0.0112285 
-0.0112624 
-0.0112972 
-0.0113317 
-0.0113671 
-0.0114021 
-0.0114381 
-0.0114736 
-0.0115101 
-0.0115462 
-0.0115832 
-0.0116197 
-0.0116571 
-0.0116941 
-0.011732 
-0.0117694 
-0.0118077 
-0.0118455 
-0.0118842 
-0.0119223 
-0.0119614 
-0.0119999 
-0.0120393 
-0.0120781 
-0.0121178 
-0.0121569 
-0.0121969 
-0.0122362 
-0.0122765 
-0.0123161 
-0.0123565 
-0.0123963 
-0.012437 
-0.0124769 
-0.0125177 
-0.0125579 
-0.0125988 
-0.0126391 
-0.0126801 
-0.0127204 
-0.0127616 
-0.012802 
-0.0128432 
-0.0128836 
-0.0129248 
-0.0129653 
-0.0130065 
-0.0130469 
-0.0130881 
-0.0131284 
-0.0131696 
-0.0132099 
-0.0132509 
-0.0132911 
-0.013332 
-0.0133721 
-0.0134128 
-0.0134527 
-0.0134934 
-0.0135331 
-0.0135735 
-0.013613 
-0.0136531 
-0.0136924 
-0.0137323 
-0.0137713 
-0.0138109 
-0.0138496 
-0.013889 
-0.0139273 
-0.0139663 
-0.0140043 
-0.0140429 
