0 
5.27356e-16 
8.32667e-17 
-1.94289e-16 
-8.32667e-17 
-1.38778e-17 
-6.245e-17 
-7.28584e-17 
0.0150778 
3.60822e-16 
2.04697e-16 
-1.04083e-16 
-5.55112e-17 
-2.63678e-16 
1.94289e-16 
-4.78784e-16 
3.33067e-16 
-8.32667e-17 
-4.02456e-16 
-7.32053e-16 
-1.76942e-16 
5.89806e-17 
-6.81746e-16 
3.322e-16 
-3.40873e-16 
-5.09575e-16 
9.31547e-16 
-3.46945e-17 
9.88792e-16 
4.44848e-16 
-9.00972e-17 
8.65193e-17 
-1.56125e-16 
4.25007e-17 
5.50775e-17 
9.87166e-17 
5.94143e-16 
-2.08167e-16 
-4.51028e-16 
-5.48173e-16 
2.02963e-16 
-6.47052e-16 
-1.61329e-16 
-5.0162e-16 
2.64545e-16 
3.51282e-17 
-2.94903e-17 
1.73472e-18 
2.48065e-16 
-2.42861e-17 
5.89806e-16 
-3.53884e-16 
-2.84495e-16 
-1.11022e-16 
-3.81639e-16 
-8.32667e-17 
3.60822e-16 
1.59595e-16 
-3.1225e-16 
-1.11022e-16 
-1.80411e-16 
3.46945e-17 
-1.80411e-16 
-1.38778e-17 
-1.80411e-16 
-1.52656e-16 
6.93889e-17 
-8.32667e-17 
-9.02056e-17 
-1.38778e-17 
2.77556e-17 
-6.26127e-18 
1.62197e-16 
1.04083e-17 
1.73472e-16 
-1.94289e-16 
-2.22045e-16 
2.498e-16 
8.04912e-16 
-1.11022e-16 
-3.60822e-16 
-1.04083e-16 
1.70003e-16 
1.45717e-16 
-3.97252e-16 
1.78677e-16 
3.62557e-16 
-5.30825e-16 
4.30211e-16 
8.29198e-16 
6.07153e-16 
7.45931e-16 
-2.81025e-16 
-7.04298e-16 
-6.85216e-16 
1.61329e-16 
5.23886e-16 
1.38778e-17 
1.52656e-16 
6.66134e-16 
-5.75928e-16 
