0 
2.77556e-16 
-2.77556e-17 
-3.05311e-16 
-6.93889e-17 
-2.77556e-17 
-4.16334e-17 
-1.00614e-16 
0.0150778 
7.77156e-16 
8.67362e-17 
3.43475e-16 
-4.02456e-16 
1.17961e-16 
1.66533e-16 
-2.01228e-16 
-4.3715e-16 
1.17961e-16 
-3.50414e-16 
-9.33281e-16 
-4.85723e-17 
1.99493e-16 
-1.08247e-15 
2.32887e-16 
-5.46004e-16 
2.85796e-16 
5.15213e-16 
-6.85216e-17 
6.91287e-16 
6.43691e-16 
1.60354e-16 
1.13408e-16 
-8.2833e-17 
1.69136e-16 
9.97466e-17 
1.24792e-16 
5.72459e-16 
-2.96638e-16 
-7.14706e-16 
-7.21645e-16 
1.23165e-16 
2.68882e-16 
-2.09902e-16 
-1.95021e-16 
3.77302e-16 
-2.5804e-16 
-6.93889e-17 
2.77556e-17 
1.26635e-16 
1.70003e-16 
2.63678e-16 
-2.08167e-16 
3.67761e-16 
-1.80411e-16 
2.56739e-16 
-1.11022e-16 
8.32667e-17 
-4.51028e-16 
-1.8735e-16 
1.249e-16 
-1.17961e-16 
-8.32667e-17 
0 
-1.11022e-16 
9.71445e-17 
-2.498e-16 
3.46945e-16 
1.38778e-16 
2.08167e-17 
6.93889e-17 
6.41848e-17 
1.13435e-17 
5.20417e-17 
1.76942e-16 
7.14706e-16 
-5.55112e-17 
0 
4.996e-16 
1.19349e-15 
4.16334e-17 
-2.498e-16 
-3.46945e-17 
-6.59195e-17 
1.94289e-16 
-2.13371e-16 
3.1225e-16 
-4.26742e-16 
-9.67976e-16 
4.02456e-16 
1.9082e-16 
2.39392e-16 
1.18308e-15 
-9.36751e-17 
-2.65413e-16 
-2.89699e-16 
3.05311e-16 
1.73472e-18 
-2.08167e-16 
3.26128e-16 
4.16334e-16 
5.55112e-17 
