2.5 
2.5 
2.42228 
2.19396 
1.82922 
1.35076 
0.788306 
0.176843 
0.17452 
-1.04037 
-1.57043 
-2.00286 
-2.31076 
-2.47498 
-2.48532 
-2.34114 
-2.0514 
-1.63411 
-1.11522 
-0.526989 
0.0940054 
0.709155 
1.28021 
1.77167 
2.15298 
2.40043 
2.49862 
2.44147 
2.23252 
1.88476 
1.41981 
0.866588 
0.259486 
-0.36375 
-0.96437 
-1.50503 
-1.95211 
-2.27783 
-2.46191 
-2.49293 
-2.36895 
-2.09768 
-1.69598 
-1.18884 
-0.607784 
0.0110642 
0.629224 
1.20826 
1.71218 
2.10963 
2.37593 
2.4945 
2.45797 
2.26862 
1.93821 
1.4873 
0.943916 
0.341843 
-0.281484 
-0.887311 
-1.43797 
-1.89922 
-2.24239 
-2.44613 
-2.49779 
-2.39415 
-2.14165 
-1.75599 
-1.26116 
-0.687908 
-0.0718891 
0.5486 
1.13498 
1.65079 
2.06397 
2.34881 
2.48762 
2.47176 
2.30222 
1.98954 
1.55316 
1.02021 
0.423824 
-0.198909 
-0.809274 
-1.36932 
-1.84423 
-2.20448 
-2.42766 
-2.4999 
-2.41671 
-2.18326 
-1.81407 
-1.33208 
-0.767276 
-0.154763 
0.467372 
1.06045 
1.58759 
2.01602 
2.31911 
