0.5 
0.438791 
0.270151 
0.0353686 
-0.208073 
-0.400572 
-0.494996 
-0.468228 
-0.326822 
-0.105398 
0.141831 
0.354335 
0.480085 
0.488294 
0.376951 
0.173318 
-0.07275 
-0.301006 
-0.455565 
-0.498586 
-0.419536 
-0.237768 
0.00221285 
0.241652 
0.421927 
0.498899 
0.453723 
0.29746 
0.0683686 
-0.177462 
-0.379844 
-0.489227 
-0.47883 
-0.351199 
-0.137582 
0.10972 
0.330158 
0.469762 
0.494352 
0.397907 
0.204041 
-0.0397818 
-0.273865 
-0.440896 
-0.49998 
-0.436652 
-0.266417 
-0.0309526 
0.21209 
0.403205 
0.495601 
0.466658 
0.32346 
0.101068 
-0.146069 
-0.357443 
-0.481303 
-0.487323 
-0.374029 
-0.16916 
0.0771257 
0.304528 
0.457371 
0.498234 
0.417112 
0.233866 
-0.00663837 
-0.245517 
-0.424285 
-0.499173 
-0.451846 
-0.293891 
-0.0639818 
0.181593 
0.382707 
0.490121 
0.477537 
0.348035 
0.133321 
-0.114033 
-0.333469 
-0.47126 
-0.49367 
-0.395212 
-0.199993 
0.0441918 
0.277557 
0.442966 
0.499922 
0.434479 
0.262661 
0.0265343 
-0.216089 
-0.405806 
-0.496168 
-0.46505 
-0.320072 
-0.0967293 
0.150296 
0.360524 
0.482483 
