0.454545 
0.454545 
0.454076 
0.452668 
0.450326 
0.447053 
0.442857 
0.437745 
0.20554 
0.424823 
0.417038 
0.408391 
0.398901 
0.388587 
0.37747 
0.365574 
0.352922 
0.339541 
0.325459 
0.310704 
0.295308 
0.279301 
0.262718 
0.245592 
0.227959 
0.209854 
0.191316 
0.172383 
0.153094 
0.133489 
0.113607 
0.0934916 
0.0731825 
0.0527224 
0.0321533 
0.0115178 
-0.00914155 
-0.029782 
-0.0503609 
-0.0708357 
-0.0911643 
-0.111304 
-0.131215 
-0.150854 
-0.170182 
-0.189158 
-0.207743 
-0.225899 
-0.243589 
-0.260775 
-0.277422 
-0.293497 
-0.308965 
-0.323795 
-0.337956 
-0.351419 
-0.364156 
-0.376141 
-0.387349 
-0.397756 
-0.407342 
-0.416087 
-0.423971 
-0.43098 
-0.437099 
-0.442315 
-0.446617 
-0.449997 
-0.452446 
-0.453962 
-0.454539 
-0.454178 
-0.452878 
-0.450643 
-0.447477 
-0.443386 
-0.43838 
-0.432468 
-0.425662 
-0.417977 
-0.409429 
-0.400035 
-0.389815 
-0.378789 
-0.366981 
-0.354415 
-0.341117 
-0.327114 
-0.312435 
-0.297111 
-0.281173 
-0.264654 
-0.247589 
-0.230012 
-0.21196 
-0.19347 
-0.17458 
-0.15533 
-0.135759 
-0.115907 
-0.0958163 
