0.357143 
0.357143 
0.356915 
0.356232 
0.355095 
0.353505 
0.351464 
0.348974 
0.011291 
0.342664 
0.338852 
0.334607 
0.329935 
0.324843 
0.319336 
0.313422 
0.307109 
0.300403 
0.293315 
0.285852 
0.278025 
0.269843 
0.261317 
0.252458 
0.243277 
0.233786 
0.223996 
0.213921 
0.203573 
0.192965 
0.182111 
0.171025 
0.159721 
0.148213 
0.136516 
0.124645 
0.112615 
0.100441 
0.0881398 
0.0757256 
0.0632149 
0.0506235 
0.0379676 
0.0252633 
0.0125267 
-0.000225802 
-0.012978 
-0.0257137 
-0.0384166 
-0.0510705 
-0.0636593 
-0.0761669 
-0.0885773 
-0.100875 
-0.113044 
-0.125068 
-0.136933 
-0.148624 
-0.160125 
-0.171422 
-0.1825 
-0.193345 
-0.203944 
-0.214282 
-0.224348 
-0.234127 
-0.243608 
-0.252778 
-0.261625 
-0.270139 
-0.278308 
-0.286123 
-0.293572 
-0.300647 
-0.307339 
-0.313639 
-0.319538 
-0.32503 
-0.330108 
-0.334765 
-0.338994 
-0.342792 
-0.346152 
-0.34907 
-0.351544 
-0.353569 
-0.355143 
-0.356264 
-0.356931 
-0.357143 
-0.356899 
-0.3562 
-0.355046 
-0.35344 
-0.351383 
-0.348878 
-0.345928 
-0.342537 
-0.338709 
-0.334449 
-0.329762 
