0.00576923 
0.0153786 
0.0232019 
0.0313305 
0.0394924 
0.047022 
0.0550888 
0.0622881 
0.0701398 
0.0770892 
0.0846897 
0.0914106 
0.098743 
0.105238 
0.11229 
0.118557 
0.125318 
0.131359 
0.137825 
0.143646 
0.149822 
0.155436 
0.161338 
0.166765 
0.17242 
0.177685 
0.183125 
0.188257 
0.193522 
0.19855 
0.20368 
0.208633 
0.213667 
0.21857 
0.223546 
0.228422 
0.233371 
0.238237 
0.243186 
0.248038 
0.25301 
0.25789 
0.262902 
0.267806 
0.272866 
0.277795 
0.282912 
0.287864 
0.293042 
0.298015 
0.303252 
0.308238 
0.313529 
0.31852 
0.323853 
0.328838 
0.334199 
0.339162 
0.344532 
0.349457 
0.354814 
0.359682 
0.365001 
0.369792 
0.375046 
0.379741 
0.384903 
0.389481 
0.394524 
0.398968 
0.403866 
0.40816 
0.412891 
0.417023 
0.421567 
0.425526 
0.42987 
0.43365 
0.437782 
0.441379 
0.445293 
0.448706 
0.4524 
0.455633 
0.459108 
0.462162 
0.465423 
0.468305 
0.471358 
0.474074 
0.476928 
0.479486 
0.482155 
0.484564 
0.48706 
0.48933 
0.491669 
0.493811 
0.496008 
0.498034 
0.500106 
0.502027 
0.50399 
0.505814 
0.507683 
0.50942 
0.511205 
0.512861 
0.51457 
0.516148 
0.517786 
0.519285 
0.520852 
0.52227 
0.523763 
0.525093 
0.526505 
0.52774 
0.529061 
0.530191 
0.531409 
0.532423 
0.533525 
0.534411 
0.535381 
0.536127 
0.536952 
0.537545 
0.538209 
0.538637 
0.539128 
0.539379 
0.539683 
0.53975 
0.539856 
0.53973 
0.539631 
0.539306 
0.538996 
0.53847 
0.537947 
0.537221 
0.536485 
0.53556 
0.534616 
0.533499 
0.532352 
0.531051 
0.52971 
0.528236 
0.526714 
0.525078 
0.523389 
0.521605 
0.519766 
0.517849 
0.515878 
0.513846 
0.511761 
0.509632 
0.507456 
0.505249 
0.503005 
0.500741 
0.498453 
0.496151 
0.493843 
0.491523 
0.489221 
0.4869 
0.484623 
0.482318 
0.480086 
0.477808 
0.475635 
0.473391 
0.471286 
0.469076 
0.467042 
0.464859 
0.462888 
0.46072 
0.458797 
0.456623 
0.454723 
0.452516 
0.450605 
0.448333 
0.446371 
0.443998 
0.44194 
0.439427 
0.437227 
0.434539 
0.43215 
0.429256 
0.426639 
0.423511 
0.420633 
0.417255 
0.414093 
0.410454 
0.406999 
0.403099 
0.399349 
0.395196 
0.391162 
0.386771 
0.382471 
0.377862 
0.373322 
0.368519 
0.363765 
0.358794 
0.353858 
0.348744 
0.343657 
0.338426 
0.333215 
0.32789 
0.322584 
0.317187 
0.31181 
0.306359 
0.300936 
0.295448 
0.289998 
0.284488 
0.27903 
0.27351 
0.26806 
0.262543 
0.257116 
0.251609 
0.246217 
0.240728 
0.235382 
0.229916 
0.224622 
0.219183 
0.213945 
0.208533 
0.203354 
0.197967 
0.192843 
0.187479 
0.182405 
0.177057 
0.172025 
0.166687 
0.161685 
0.156348 
0.151364 
0.146018 
0.141037 
0.135673 
0.13068 
0.125288 
0.120268 
0.11484 
0.109778 
0.104306 
0.0991904 
0.0936678 
0.0884878 
0.08291 
0.0776578 
0.072022 
0.0666927 
0.0609977 
0.0555889 
0.0498351 
0.0443471 
0.0385363 
0.0329718 
0.0271071 
0.0214708 
0.0155564 
0.00985495 
0.00389663 
-0.00186119 
-0.00785605 
-0.0136593 
-0.0196814 
-0.0255165 
-0.0315543 
-0.037405 
-0.0434448 
-0.049292 
-0.055318 
-0.0611403 
-0.0671352 
-0.0729096 
-0.0788556 
-0.084559 
-0.0904385 
-0.0960486 
-0.101846 
-0.107343 
-0.113045 
-0.118414 
-0.12401 
-0.12924 
-0.134725 
-0.139812 
-0.145184 
-0.150129 
-0.155391 
-0.160202 
-0.16536 
-0.170049 
-0.175115 
-0.1797 
-0.184686 
-0.189187 
-0.194108 
-0.198549 
-0.203421 
-0.207827 
-0.212666 
-0.217061 
-0.221883 
-0.22629 
-0.231109 
-0.235548 
-0.240374 
-0.244862 
-0.249705 
-0.254253 
-0.259116 
-0.263732 
-0.268616 
-0.2733 
-0.278201 
-0.282946 
-0.287857 
-0.292653 
-0.297561 
-0.302391 
-0.307279 
-0.31212 
-0.31697 
-0.321786 
-0.326587 
-0.331336 
-0.336143 
-0.34076 
-0.34541 
-0.349916 
-0.354411 
-0.358758 
-0.363063 
-0.367214 
-0.371286 
-0.375206 
-0.379003 
-0.382657 
-0.386143 
-0.389496 
-0.392636 
-0.395658 
-0.398421 
-0.400956 
-0.403349 
-0.405553 
-0.40753 
-0.409338 
-0.410903 
-0.41232 
-0.413485 
-0.414531 
-0.415325 
-0.416036 
-0.4165 
-0.416925 
-0.417115 
-0.417316 
-0.417298 
-0.417345 
-0.417194 
-0.41716 
-0.416953 
-0.416911 
-0.416725 
-0.416742 
-0.416645 
-0.416776 
-0.416823 
-0.417111 
-0.417341 
-0.41781 
-0.418244 
-0.418902 
-0.419541 
-0.420379 
-0.421207 
-0.422202 
-0.423189 
-0.424305 
-0.425409 
-0.426606 
-0.427781 
-0.429011 
-0.430207 
-0.431425 
-0.432594 
-0.433754 
-0.434848 
-0.435909 
-0.436887 
-0.43781 
-0.438634 
-0.439411 
-0.440051 
-0.440617 
-0.441024 
-0.441363 
-0.441529 
-0.441623 
-0.441527 
-0.44136 
-0.440985 
-0.440545 
-0.439879 
-0.439159 
-0.438193 
-0.437189 
-0.435923 
-0.434637 
-0.433072 
-0.431511 
-0.429657 
-0.427832 
-0.425704 
-0.423631 
-0.421248 
-0.418947 
-0.416335 
-0.41383 
-0.411017 
-0.408336 
-0.405353 
-0.402525 
-0.399406 
-0.396459 
-0.393237 
-0.390201 
-0.386908 
-0.38381 
-0.380477 
-0.377342 
-0.373993 
-0.370844 
-0.367502 
-0.364356 
-0.361037 
-0.357907 
-0.354623 
-0.351518 
-0.348274 
-0.345199 
-0.341995 
-0.338949 
-0.335781 
-0.332757 
-0.329615 
-0.326605 
-0.323475 
-0.320463 
-0.317327 
-0.314296 
-0.31113 
-0.308059 
-0.30484 
-0.301705 
-0.298407 
-0.295183 
-0.29178 
-0.288444 
-0.284912 
-0.281442 
-0.277759 
-0.274137 
-0.270285 
-0.266498 
-0.262467 
-0.258507 
-0.25429 
-0.250155 
-0.245753 
-0.241446 
-0.236866 
-0.232396 
-0.22765 
-0.223031 
-0.218134 
-0.213382 
-0.208355 
-0.20349 
-0.198354 
-0.193397 
