0.5 
0.270151 
-0.208073 
-0.494996 
-0.326822 
0.141831 
0.480085 
0.376951 
-0.07275 
-0.455565 
-0.419536 
0.00221285 
0.421927 
0.453723 
0.0683686 
-0.379844 
-0.47883 
-0.137582 
0.330158 
0.494352 
0.204041 
-0.273865 
-0.49998 
-0.266417 
0.21209 
0.495601 
0.32346 
-0.146069 
-0.481303 
-0.374029 
0.0771257 
0.457371 
0.417112 
-0.00663837 
-0.424285 
-0.451846 
-0.0639818 
0.382707 
0.477537 
0.133321 
-0.333469 
-0.49367 
-0.199993 
0.277557 
0.499922 
0.262661 
-0.216089 
-0.496168 
-0.320072 
0.150296 
0.482483 
