0.357143 
0.357143 
0.356232 
0.353505 
0.348974 
0.342664 
0.334607 
0.324843 
0.313422 
0.300403 
0.285852 
0.269843 
0.252458 
0.233786 
0.213921 
0.192965 
0.171025 
0.148213 
0.124645 
0.100441 
0.0757256 
0.0506235 
0.0252633 
-0.000225802 
-0.0257137 
-0.0510705 
-0.0761669 
-0.100875 
-0.125068 
-0.148624 
-0.171422 
-0.193345 
-0.214282 
-0.234127 
-0.252778 
-0.270139 
-0.286123 
-0.300647 
-0.313639 
-0.32503 
-0.334765 
-0.342792 
-0.34907 
-0.353569 
-0.356264 
-0.357143 
-0.3562 
-0.35344 
-0.348878 
-0.342537 
-0.334449 
