-0.0288462 
-0.104104 
-0.0626906 
-0.0742058 
-0.0871883 
-0.166612 
-0.111045 
0.0161185 
0.0176199 
-0.0245303 
-0.0325136 
-0.0128603 
-0.0213585 
-0.0684429 
-0.114969 
-0.0776382 
-0.0278414 
-0.00876806 
-0.0279022 
-0.0382294 
-0.0285004 
-0.0126339 
-0.0137437 
-0.0250777 
-0.0328763 
-0.03229 
-0.0327427 
-0.0350664 
-0.0334751 
-0.0194082 
-0.00275505 
0.00701453 
0.0062322 
0.0022729 
-0.00198756 
-0.00971445 
-0.0234889 
-0.0462778 
-0.0608164 
-0.0823995 
-0.0762345 
-0.0700571 
-0.0429647 
-0.0221736 
-0.00624643 
-0.0012516 
-0.0034963 
-0.0100173 
-0.0176668 
-0.0266199 
-0.0354805 
-0.044127 
-0.0466576 
-0.0461892 
-0.0390103 
-0.0328285 
-0.0260225 
-0.0216991 
-0.0185312 
-0.0171426 
-0.0186278 
-0.0249964 
-0.0346119 
-0.0450255 
-0.0505473 
-0.0494898 
-0.040718 
-0.0266427 
-0.0104717 
0.00309994 
0.0101178 
0.00840781 
-0.00318612 
-0.0244286 
-0.0527433 
-0.0903429 
-0.11154 
-0.128418 
-0.110844 
-0.0879196 
-0.0497014 
-0.0221161 
-0.00453702 
-0.00262207 
-0.00892433 
-0.0206095 
-0.0341042 
-0.0513326 
-0.0655902 
-0.0768589 
-0.0763228 
-0.0705017 
-0.0567865 
-0.0439192 
-0.0290745 
-0.0196359 
-0.01254 
-0.0146826 
-0.0194666 
-0.0313905 
-0.0370409 
