-0.00576923 
-0.0096095 
-0.0116645 
-0.0140262 
-0.0164237 
-0.0181918 
-0.0205011 
-0.0219474 
-0.0240515 
-0.0252594 
-0.0271254 
-0.0281193 
-0.0297333 
-0.030519 
-0.0318711 
-0.0324502 
-0.0335335 
-0.0339098 
-0.0347236 
-0.0349061 
-0.0354588 
-0.0354639 
-0.0357741 
-0.0356247 
-0.0357212 
-0.0354457 
-0.0353651 
-0.034995 
-0.0347789 
-0.0343467 
-0.0340386 
-0.0335758 
-0.0332181 
-0.0327531 
-0.0323852 
-0.0319429 
-0.0315997 
-0.0312009 
-0.0309121 
-0.0305554 
-0.030347 
-0.0300764 
-0.0299679 
-0.0297827 
-0.0297853 
-0.0296886 
-0.0298138 
-0.0298074 
-0.0300612 
-0.0301445 
-0.030528 
-0.0306974 
-0.0312073 
-0.0314563 
-0.0320848 
-0.0324039 
-0.0331387 
-0.0335159 
-0.0343407 
-0.0347614 
-0.0356564 
-0.0361046 
-0.0370471 
-0.0375053 
-0.0384709 
-0.0389214 
-0.0398849 
-0.0403106 
-0.0412471 
-0.0416323 
-0.0425189 
-0.0428499 
-0.043666 
-0.043932 
-0.0446607 
-0.0448539 
-0.0454824 
-0.0455983 
-0.0461181 
-0.046155 
-0.0465618 
-0.0465211 
-0.0468143 
-0.0466997 
-0.0468825 
-0.0466993 
-0.0467777 
-0.0465331 
-0.0465158 
-0.0462181 
-0.0461163 
-0.0457749 
-0.0456017 
-0.0452274 
-0.0449981 
-0.0446023 
-0.0443335 
-0.0439287 
-0.043638 
-0.0432367 
-0.042942 
-0.0425565 
-0.0422749 
-0.0419164 
-0.0416631 
-0.0413412 
-0.0411288 
-0.0408503 
-0.0406879 
-0.0404569 
-0.0403497 
-0.0401671 
-0.0401163 
-0.0399801 
-0.0399831 
-0.0398884 
-0.039939 
-0.0398786 
-0.039968 
-0.0399327 
-0.0400496 
-0.040029 
-0.0401605 
-0.040143 
-0.0402753 
-0.0402489 
-0.0403675 
-0.0403202 
-0.0404109 
-0.040331 
-0.0403802 
-0.0402571 
-0.0402526 
-0.0400768 
-0.0400082 
-0.0397725 
-0.0396315 
-0.0393306 
-0.0391118 
-0.0387432 
-0.0384442 
-0.0380079 
-0.037629 
-0.0371278 
-0.0366726 
-0.0361119 
-0.0355868 
-0.0349742 
-0.0343883 
-0.0337337 
-0.0330985 
-0.0324136 
-0.0317427 
-0.0310411 
-0.0303503 
-0.0296469 
-0.028954 
-0.028265 
-0.0275884 
-0.0269314 
-0.0262922 
-0.0256859 
-0.0251063 
-0.0245699 
-0.0240732 
-0.0236259 
-0.0232356 
-0.0228961 
-0.0226361 
-0.0224206 
-0.02231 
-0.0222331 
-0.0222903 
-0.0223624 
-0.0226006 
-0.0228272 
-0.0232541 
-0.0236345 
-0.0242503 
-0.0247769 
-0.0255736 
-0.0262317 
-0.0271922 
-0.0279597 
-0.0290576 
-0.0299059 
-0.0311063 
-0.0320012 
-0.033262 
-0.0341658 
-0.0354401 
-0.0363138 
-0.037553 
-0.0383587 
-0.0395157 
-0.0402194 
-0.041252 
-0.0418258 
-0.0426996 
-0.0431234 
-0.0438143 
-0.0440767 
-0.0445714 
-0.0446699 
-0.0449663 
-0.0449066 
-0.0450128 
-0.0448077 
-0.0447397 
-0.0444073 
-0.0441876 
-0.0437494 
-0.043404 
-0.0428834 
-0.0424404 
-0.0418609 
-0.0413481 
-0.0407325 
-0.0401768 
-0.0395459 
-0.0389722 
-0.0383449 
-0.0377759 
-0.0371686 
-0.0366245 
-0.0360514 
-0.0355504 
-0.0350237 
-0.0345817 
-0.0341114 
-0.0337422 
-0.0333367 
-0.0330522 
-0.0327176 
-0.0325274 
-0.0322684 
-0.0321796 
-0.0319985 
-0.0320157 
-0.0319128 
-0.0320372 
-0.0320106 
-0.0322405 
-0.032286 
-0.0326163 
-0.0327274 
-0.0331498 
-0.033318 
-0.0338211 
-0.0340364 
-0.0346061 
-0.0348569 
-0.0354771 
-0.0357511 
-0.0364045 
-0.036689 
-0.0373573 
-0.0376397 
-0.0383049 
-0.0385734 
-0.0392183 
-0.0394622 
-0.0400712 
-0.0402811 
-0.0408408 
-0.041009 
-0.0415084 
-0.0416291 
-0.0420602 
-0.0421289 
-0.0424864 
-0.0425006 
-0.0427816 
-0.04274 
-0.0429441 
-0.0428466 
-0.0429755 
-0.0428234 
-0.0428807 
-0.0426767 
-0.042668 
-0.0424164 
-0.0423497 
-0.0420566 
-0.0419423 
-0.0416164 
-0.0414678 
-0.0411197 
-0.0409528 
-0.0405952 
-0.0404285 
-0.0400756 
-0.039929 
-0.0395957 
-0.0394894 
-0.0391903 
-0.0391434 
-0.0388914 
-0.0389206 
-0.0387261 
-0.0388438 
-0.0387138 
-0.0389275 
-0.0388648 
-0.0391763 
-0.0391795 
-0.0395845 
-0.0396478 
-0.040136 
-0.0402499 
-0.0408058 
-0.040957 
-0.0415605 
-0.0417334 
-0.0423607 
-0.0425375 
-0.0431626 
-0.0433245 
-0.0439201 
-0.0440483 
-0.0445873 
-0.0446638 
-0.0451204 
-0.0451288 
-0.04548 
-0.0454065 
-0.0456333 
-0.0454671 
-0.0455552 
-0.0452893 
-0.0452298 
-0.0448613 
-0.0446512 
-0.0441815 
-0.0438241 
-0.0432587 
-0.042763 
-0.0421117 
-0.0414925 
-0.0407691 
-0.0400467 
-0.0392685 
-0.0384769 
-0.037653 
-0.0368312 
-0.0359034 
-0.0351158 
-0.0342456 
-0.0334685 
-0.0326513 
-0.0319302 
-0.0311994 
-0.03057 
-0.0299668 
-0.0294622 
-0.0290276 
-0.0286806 
-0.0284469 
-0.0282913 
-0.0282921 
-0.0283561 
-0.0286219 
-0.02906 
-0.0295819 
-0.0302353 
-0.0310576 
-0.0319899 
-0.0331077 
-0.0343138 
-0.0357118 
-0.0371699 
-0.0388194 
-0.0404921 
-0.0423502 
-0.0441866 
-0.0461967 
-0.048134 
-0.0502282 
-0.0521956 
-0.0542982 
-0.0562211 
-0.0582532 
-0.0600577 
-0.0619427 
-0.0635613 
-0.0652301 
-0.0666058 
-0.0680018 
-0.0690921 
-0.0701756 
-0.0709549 
-0.0717046 
-0.0721647 
-0.0725787 
-0.072728 
-0.0728218 
-0.0726833 
-0.0724867 
-0.0720944 
-0.071648 
-0.0710435 
-0.0703941 
-0.0696229 
-0.0688198 
-0.0679282 
-0.0670201 
-0.0660532 
-0.0650861 
-0.0640856 
-0.0631016 
-0.0621057 
-0.0611421 
-0.0601595 
-0.0592469 
-0.0583418 
-0.0575302 
-0.0567194 
-0.0560153 
-0.0553174 
-0.0547428 
-0.0541736 
-0.053746 
-0.0533177 
-0.0530499 
-0.0527706 
-0.0526708 
-0.0525441 
-0.052615 
-0.05264 
-0.0528791 
-0.05305 
-0.053449 
-0.0537552 
-0.0543002 
-0.0547264 
-0.0553982 
-0.0559248 
-0.0566997 
-0.0573036 
-0.0581537 
-0.0588089 
-0.0597038 
-0.0603827 
-0.0612903 
-0.0619644 
-0.0628526 
-0.0634942 
-0.064332 
-0.0649147 
-0.0656738 
-0.0661739 
-0.0668296 
-0.0672268 
-0.0677589 
-0.0680368 
-0.0684301 
-0.0685769 
-0.0688219 
-0.0688302 
-0.0689226 
-0.0687903 
-0.0687314 
-0.0684606 
-0.068257 
-0.0678551 
-0.0675183 
-0.0669971 
-0.0665432 
-0.0659189 
-0.0653683 
-0.0646609 
-0.0640376 
-0.0632704 
-0.0626009 
-0.0617994 
-0.0611117 
-0.0603024 
-0.0596245 
-0.0588332 
-0.0581919 
-0.0574424 
-0.0568613 
-0.0561741 
-0.0556726 
-0.0550633 
-0.0546554 
-0.0541342 
-0.0538278 
-0.0533993 
-0.0531963 
-0.0528593 
-0.0527556 
-0.0525036 
-0.05249 
-0.0523123 
-0.052375 
-0.0522571 
-0.0523792 
-0.0523043 
-0.0524661 
-0.0524157 
