0.5 
0.499975 
0.4999 
0.499775 
0.4996 
0.499375 
0.4991 
0.498776 
0.498401 
0.497976 
0.497502 
0.496978 
0.496404 
0.495781 
0.495108 
0.494386 
0.493614 
0.492792 
0.491922 
0.491002 
0.490033 
0.489015 
0.487949 
0.486833 
0.485669 
0.484456 
0.483195 
0.481885 
0.480528 
0.479122 
0.477668 
0.476167 
0.474618 
0.473021 
0.471377 
0.469686 
0.467948 
0.466164 
0.464332 
0.462455 
0.46053 
0.45856 
0.456544 
0.454483 
0.452376 
0.450224 
0.448026 
0.445784 
0.443497 
0.441166 
0.438791 
0.436372 
0.43391 
0.431404 
0.428854 
0.426262 
0.423628 
0.42095 
0.418231 
0.41547 
0.412668 
0.409824 
0.406939 
0.404014 
0.401048 
0.398042 
0.394996 
0.391911 
0.388786 
0.385623 
0.382421 
0.379181 
0.375903 
0.372587 
0.369234 
0.365844 
0.362418 
0.358955 
0.355457 
0.351923 
0.348353 
0.344749 
0.341111 
0.337438 
0.333731 
0.329992 
0.326219 
0.322413 
0.318576 
0.314706 
0.310805 
0.306873 
0.30291 
0.298917 
0.294894 
0.290842 
0.28676 
0.28265 
0.278511 
0.274345 
0.270151 
0.26593 
0.261683 
0.257409 
0.25311 
0.248786 
0.244436 
0.240062 
0.235664 
0.231243 
0.226798 
0.222331 
0.217841 
0.21333 
0.208797 
0.204244 
0.19967 
0.195076 
0.190462 
0.18583 
0.181179 
0.17651 
0.171823 
0.167119 
0.162398 
0.157661 
0.152908 
0.14814 
0.143358 
0.13856 
0.133749 
0.128925 
0.124088 
0.119238 
0.114376 
0.109503 
0.104619 
0.0997249 
0.0948204 
0.0899065 
0.0849836 
0.0800522 
0.0751127 
0.0701658 
0.0652119 
0.0602514 
0.0552849 
0.0503129 
0.0453358 
0.0403542 
0.0353686 
0.0303794 
0.0253872 
0.0203925 
0.0153957 
0.0103974 
0.00539806 
0.000398163 
-0.00460177 
-0.00960125 
-0.0145998 
-0.0195968 
-0.0245919 
-0.0295845 
-0.0345742 
-0.0395604 
-0.0445427 
-0.0495205 
-0.0544934 
-0.0594608 
-0.0644222 
-0.0693773 
-0.0743254 
-0.079266 
-0.0841987 
-0.089123 
-0.0940384 
-0.0989444 
-0.103841 
-0.108726 
-0.113601 
-0.118465 
-0.123316 
-0.128155 
-0.132982 
-0.137795 
-0.142595 
-0.14738 
-0.15215 
-0.156905 
-0.161645 
-0.166368 
-0.171075 
-0.175764 
-0.180436 
-0.18509 
-0.189726 
-0.194342 
-0.198939 
-0.203517 
-0.208073 
-0.212609 
-0.217124 
-0.221617 
-0.226088 
-0.230536 
-0.234962 
-0.239363 
-0.243741 
-0.248094 
-0.252423 
-0.256726 
-0.261004 
-0.265256 
-0.269481 
-0.273679 
-0.27785 
-0.281993 
-0.286107 
-0.290193 
-0.294251 
-0.298278 
-0.302276 
-0.306244 
-0.310181 
-0.314087 
-0.317961 
-0.321804 
-0.325615 
-0.329393 
-0.333138 
-0.33685 
-0.340528 
-0.344172 
-0.347782 
-0.351357 
-0.354896 
-0.358401 
-0.361869 
-0.365301 
-0.368697 
-0.372056 
-0.375377 
-0.378661 
-0.381908 
-0.385116 
-0.388285 
-0.391416 
-0.394507 
-0.397559 
-0.400572 
-0.403544 
-0.406476 
-0.409367 
-0.412218 
-0.415027 
-0.417794 
-0.42052 
-0.423204 
-0.425845 
-0.428444 
-0.431 
-0.433513 
-0.435983 
-0.438409 
-0.440791 
-0.443129 
-0.445423 
-0.447672 
-0.449877 
-0.452036 
-0.45415 
-0.456219 
-0.458242 
-0.46022 
-0.462151 
-0.464036 
-0.465875 
-0.467667 
-0.469413 
-0.471111 
-0.472763 
-0.474367 
-0.475923 
-0.477432 
-0.478894 
-0.480307 
-0.481672 
-0.48299 
-0.484259 
-0.485479 
-0.486651 
-0.487774 
-0.488849 
-0.489874 
-0.490851 
-0.491779 
-0.492657 
-0.493486 
-0.494266 
-0.494996 
-0.495677 
-0.496308 
-0.49689 
-0.497422 
-0.497904 
-0.498337 
-0.498719 
-0.499052 
-0.499335 
-0.499568 
-0.49975 
-0.499883 
-0.499966 
-0.499999 
-0.499982 
-0.499915 
-0.499798 
-0.499631 
-0.499414 
-0.499147 
-0.498831 
-0.498464 
-0.498047 
-0.497581 
-0.497065 
-0.496499 
-0.495884 
-0.495218 
-0.494504 
-0.49374 
-0.492926 
-0.492064 
-0.491152 
-0.490191 
-0.489181 
-0.488122 
-0.487014 
-0.485858 
-0.484653 
-0.483399 
-0.482097 
-0.480747 
-0.479349 
-0.477903 
-0.476409 
-0.474868 
-0.473279 
-0.471642 
-0.469959 
-0.468228 
-0.466451 
-0.464627 
-0.462757 
-0.46084 
-0.458877 
-0.456869 
-0.454814 
-0.452714 
-0.450569 
-0.448379 
-0.446144 
-0.443865 
-0.441541 
-0.439173 
-0.43676 
-0.434305 
-0.431806 
-0.429263 
-0.426678 
-0.42405 
-0.42138 
-0.418667 
-0.415913 
-0.413117 
-0.41028 
-0.407401 
-0.404482 
-0.401523 
-0.398523 
-0.395484 
-0.392405 
-0.389287 
-0.386129 
-0.382934 
-0.3797 
-0.376427 
-0.373118 
-0.369771 
-0.366387 
-0.362966 
-0.359509 
-0.356016 
-0.352488 
-0.348924 
-0.345326 
-0.341692 
-0.338025 
-0.334324 
-0.330589 
-0.326822 
-0.323022 
-0.319189 
-0.315324 
-0.311428 
-0.307501 
-0.303543 
-0.299555 
-0.295537 
-0.291489 
-0.287412 
-0.283306 
-0.279172 
-0.27501 
-0.270821 
-0.266604 
-0.262361 
-0.258092 
-0.253797 
-0.249476 
-0.24513 
-0.24076 
-0.236366 
-0.231948 
-0.227507 
-0.223044 
-0.218558 
-0.21405 
-0.209521 
-0.20497 
-0.2004 
-0.195809 
-0.191198 
-0.186569 
-0.181921 
-0.177255 
-0.17257 
-0.167869 
-0.163151 
-0.158417 
-0.153666 
-0.148901 
-0.14412 
-0.139325 
-0.134517 
-0.129694 
-0.124859 
-0.120011 
-0.115151 
-0.11028 
-0.105398 
-0.100505 
-0.0956022 
-0.0906897 
-0.0857682 
-0.0808381 
-0.0758999 
-0.0709542 
-0.0660013 
-0.0610418 
-0.0560763 
-0.0511051 
-0.0461288 
-0.0411479 
-0.0361629 
-0.0311743 
-0.0261825 
-0.0211881 
-0.0161917 
-0.0111936 
-0.00619433 
-0.00119449 
0.00380547 
0.00880505 
0.0138038 
0.0188011 
0.0237965 
0.0287896 
0.0337798 
0.0387666 
0.0437495 
0.048728 
0.0537017 
0.05867 
0.0636325 
0.0685886 
0.0735378 
0.0784796 
0.0834137 
0.0883393 
0.0932562 
0.0981637 
0.103061 
0.107949 
0.112825 
0.117691 
0.122544 
0.127386 
0.132214 
0.137029 
0.141831 
0.146619 
0.151391 
0.156149 
0.160891 
0.165617 
0.170326 
0.175019 
0.179694 
0.18435 
0.188989 
0.193608 
0.198209 
0.202789 
0.207349 
0.211888 
0.216407 
0.220903 
0.225378 
0.229829 
0.234258 
0.238664 
0.243045 
0.247403 
0.251735 
0.256043 
0.260325 
0.26458 
0.26881 
0.273012 
0.277187 
0.281335 
0.285454 
0.289545 
0.293606 
0.297639 
0.301641 
0.305614 
0.309556 
0.313467 
0.317346 
0.321194 
0.32501 
0.328793 
0.332544 
0.336261 
0.339944 
0.343594 
0.347209 
0.35079 
0.354335 
0.357845 
0.361319 
0.364757 
0.368159 
0.371523 
0.374851 
0.378141 
0.381393 
0.384607 
0.387783 
0.39092 
0.394018 
0.397076 
0.400095 
0.403073 
0.406012 
0.40891 
0.411766 
0.414582 
0.417356 
0.420089 
0.422779 
0.425428 
0.428033 
0.430596 
0.433116 
0.435593 
0.438025 
0.440415 
0.44276 
0.445061 
0.447317 
0.449529 
0.451695 
0.453817 
0.455893 
0.457923 
0.459908 
0.461847 
0.463739 
0.465585 
0.467385 
0.469138 
0.470844 
0.472503 
0.474114 
0.475679 
0.477195 
0.478664 
0.480085 
0.481458 
0.482783 
0.48406 
0.485288 
0.486468 
0.487599 
0.488681 
0.489714 
0.490699 
0.491634 
0.49252 
0.493357 
0.494145 
0.494883 
0.495572 
0.496211 
0.496801 
0.497341 
0.497831 
0.498271 
0.498662 
0.499002 
0.499293 
0.499534 
0.499725 
0.499866 
0.499957 
0.499997 
0.499988 
0.499929 
0.49982 
0.499661 
0.499452 
0.499193 
0.498884 
0.498526 
0.498117 
0.497659 
0.49715 
0.496592 
0.495985 
0.495328 
0.494621 
0.493865 
0.493059 
0.492204 
0.4913 
0.490347 
0.489345 
0.488294 
0.487194 
0.486045 
0.484848 
0.483602 
0.482308 
0.480965 
0.479575 
0.478136 
0.47665 
0.475116 
0.473535 
0.471906 
0.47023 
0.468507 
0.466737 
0.464921 
0.463058 
0.461148 
0.459193 
0.457192 
0.455144 
0.453052 
0.450914 
0.448731 
0.446503 
0.444231 
0.441914 
0.439553 
0.437148 
0.434699 
0.432206 
0.429671 
0.427093 
0.424471 
0.421808 
0.419102 
0.416354 
0.413565 
0.410734 
0.407863 
0.40495 
0.401997 
0.399004 
0.395971 
0.392898 
0.389786 
0.386635 
0.383445 
0.380217 
0.376951 
0.373647 
0.370306 
0.366928 
0.363513 
0.360062 
0.356575 
0.353052 
0.349494 
0.345901 
0.342273 
0.338611 
0.334916 
0.331186 
0.327424 
0.323629 
0.319801 
0.315942 
0.312051 
0.308129 
0.304176 
0.300192 
0.296179 
0.292136 
0.288063 
0.283962 
0.279833 
0.275675 
0.27149 
0.267278 
0.263039 
0.258773 
0.254482 
0.250166 
0.245824 
0.241458 
0.237068 
0.232654 
0.228216 
0.223756 
0.219274 
0.214769 
0.210243 
0.205696 
0.201129 
0.196541 
0.191934 
0.187308 
0.182662 
0.177999 
0.173318 
0.168619 
0.163904 
0.159172 
0.154424 
0.149661 
0.144883 
0.14009 
0.135283 
0.130463 
0.12563 
0.120784 
0.115926 
0.111057 
0.106176 
0.101285 
0.0963837 
0.0914727 
0.0865526 
0.0816239 
0.0766869 
0.0717423 
0.0667906 
0.0618321 
0.0568675 
0.0518972 
0.0469217 
0.0419415 
0.0369571 
0.031969 
0.0269777 
0.0219837 
0.0169875 
0.0119897 
0.00699059 
0.00199081 
-0.00300916 
-0.00800884 
-0.0130077 
-0.0180053 
-0.0230011 
-0.0279945 
-0.0329852 
-0.0379726 
-0.0429562 
-0.0479354 
-0.0529099 
-0.0578791 
-0.0628425 
-0.0677997 
-0.07275 
-0.0776931 
-0.0826284 
-0.0875554 
-0.0924737 
-0.0973827 
-0.102282 
-0.107171 
-0.112049 
-0.116917 
-0.121772 
-0.126615 
-0.131446 
-0.136263 
-0.141067 
-0.145857 
-0.150632 
-0.155392 
-0.160137 
-0.164865 
-0.169577 
-0.174273 
-0.17895 
-0.18361 
-0.188251 
-0.192874 
-0.197477 
-0.202061 
-0.206624 
-0.211167 
-0.215688 
-0.220188 
-0.224666 
-0.229122 
-0.233555 
-0.237964 
-0.242349 
-0.24671 
-0.251047 
-0.255358 
-0.259644 
-0.263904 
-0.268138 
-0.272345 
-0.276524 
-0.280676 
-0.2848 
-0.288895 
-0.292961 
-0.296999 
-0.301006 
-0.304983 
-0.30893 
-0.312846 
-0.316731 
-0.320584 
-0.324405 
-0.328193 
-0.331949 
-0.335671 
-0.33936 
-0.343015 
-0.346636 
-0.350222 
-0.353773 
-0.357288 
-0.360768 
-0.364212 
-0.367619 
-0.37099 
-0.374323 
-0.377619 
-0.380878 
-0.384098 
-0.38728 
-0.390423 
-0.393527 
-0.396592 
-0.399617 
-0.402602 
-0.405547 
-0.408451 
-0.411314 
-0.414136 
-0.416917 
-0.419657 
-0.422354 
-0.425009 
-0.427621 
-0.430191 
-0.432718 
-0.435201 
-0.437641 
-0.440037 
-0.442389 
-0.444697 
-0.446961 
-0.449179 
-0.451353 
-0.453482 
-0.455565 
-0.457603 
-0.459595 
-0.461541 
-0.463441 
-0.465294 
-0.467101 
-0.468862 
-0.470575 
-0.472242 
-0.473861 
-0.475433 
-0.476957 
-0.478433 
-0.479862 
-0.481243 
-0.482575 
-0.48386 
-0.485096 
-0.486283 
-0.487422 
-0.488512 
-0.489553 
-0.490545 
-0.491489 
-0.492383 
-0.493227 
-0.494023 
-0.494769 
-0.495466 
-0.496113 
-0.49671 
-0.497258 
-0.497756 
-0.498204 
-0.498603 
-0.498951 
-0.49925 
-0.499499 
-0.499698 
-0.499847 
-0.499945 
-0.499994 
-0.499993 
-0.499942 
-0.499841 
-0.49969 
-0.499489 
-0.499238 
-0.498937 
-0.498586 
-0.498185 
-0.497735 
-0.497235 
-0.496685 
-0.496085 
-0.495436 
-0.494737 
-0.493989 
-0.493191 
-0.492344 
-0.491448 
-0.490502 
-0.489508 
-0.488464 
-0.487372 
-0.486231 
-0.485042 
-0.483804 
-0.482517 
-0.481182 
-0.4798 
-0.478369 
-0.47689 
-0.475364 
-0.47379 
-0.472169 
-0.4705 
-0.468785 
-0.467022 
-0.465213 
-0.463358 
-0.461456 
-0.459507 
-0.457513 
-0.455474 
-0.453388 
-0.451258 
-0.449082 
-0.446861 
-0.444596 
-0.442286 
-0.439932 
-0.437534 
-0.435092 
-0.432606 
-0.430078 
-0.427506 
-0.424892 
-0.422235 
-0.419536 
-0.416795 
-0.414012 
-0.411188 
-0.408323 
-0.405417 
-0.40247 
-0.399483 
-0.396456 
-0.39339 
-0.390284 
-0.387139 
-0.383956 
-0.380734 
-0.377474 
-0.374176 
-0.370841 
-0.367469 
-0.36406 
-0.360614 
-0.357133 
-0.353616 
-0.350063 
-0.346476 
-0.342853 
-0.339197 
-0.335507 
-0.331783 
-0.328025 
-0.324236 
-0.320413 
-0.316559 
-0.312673 
-0.308755 
-0.304807 
-0.300829 
-0.29682 
-0.292781 
-0.288714 
-0.284617 
-0.280492 
-0.276339 
-0.272158 
-0.26795 
-0.263716 
-0.259455 
-0.255167 
-0.250855 
-0.246517 
-0.242155 
-0.237768 
-0.233358 
-0.228925 
-0.224468 
-0.219989 
-0.215488 
-0.210966 
-0.206422 
-0.201858 
-0.197273 
-0.192669 
-0.188046 
-0.183403 
-0.178743 
-0.174064 
-0.169369 
-0.164656 
-0.159926 
-0.155181 
-0.15042 
-0.145645 
-0.140854 
-0.13605 
-0.131232 
-0.126401 
-0.121557 
-0.116701 
-0.111833 
-0.106954 
-0.102065 
-0.097165 
-0.0922555 
-0.0873368 
-0.0824094 
-0.0774737 
-0.0725303 
-0.0675797 
-0.0626223 
-0.0576586 
-0.0526891 
-0.0477144 
-0.0427349 
-0.0377512 
-0.0327637 
-0.0277728 
-0.0227793 
-0.0177834 
-0.0127857 
-0.00778683 
-0.00278713 
0.00221285 
0.00721261 
0.0122116 
0.0172095 
0.0222056 
0.0271994 
0.0321906 
0.0371785 
0.0421627 
0.0471427 
0.052118 
0.0570881 
0.0620525 
0.0670106 
0.0719621 
0.0769063 
0.0818429 
0.0867713 
0.091691 
0.0966015 
0.101502 
0.106393 
0.111273 
0.116142 
0.121 
0.125845 
0.130677 
0.135497 
0.140303 
0.145095 
0.149873 
0.154635 
0.159382 
0.164113 
0.168828 
0.173526 
0.178206 
0.182869 
0.187513 
0.192139 
0.196745 
0.201332 
0.205899 
0.210445 
0.21497 
0.219473 
0.223955 
0.228414 
0.23285 
0.237263 
0.241652 
0.246017 
0.250358 
0.254673 
0.258963 
0.263228 
0.267465 
0.271676 
0.27586 
0.280017 
0.284145 
0.288245 
0.292316 
0.296358 
0.30037 
0.304352 
0.308304 
0.312224 
0.316114 
0.319972 
0.323798 
0.327592 
0.331353 
0.335081 
0.338775 
0.342435 
0.346061 
0.349653 
0.353209 
0.356731 
0.360216 
0.363666 
0.367079 
0.370455 
0.373795 
0.377097 
0.380361 
0.383588 
0.386776 
0.389925 
0.393035 
0.396106 
0.399138 
0.402129 
0.40508 
0.407991 
0.410861 
0.41369 
0.416477 
0.419223 
0.421927 
0.424589 
0.427208 
0.429785 
0.432318 
0.434808 
0.437255 
0.439658 
0.442018 
0.444333 
0.446603 
0.448829 
0.45101 
0.453146 
0.455236 
0.457281 
0.459281 
0.461234 
0.463141 
0.465002 
0.466817 
0.468585 
0.470306 
0.471979 
0.473606 
0.475185 
0.476717 
0.478201 
0.479638 
0.481026 
0.482366 
0.483658 
0.484902 
0.486097 
0.487244 
0.488342 
0.489391 
0.490391 
0.491342 
0.492243 
0.493096 
0.4939 
0.494653 
0.495358 
0.496013 
0.496618 
0.497174 
0.49768 
0.498136 
0.498543 
0.498899 
0.499206 
0.499463 
0.499669 
0.499826 
0.499933 
0.49999 
0.499997 
0.499954 
0.49986 
0.499717 
0.499524 
0.499281 
0.498988 
0.498645 
0.498253 
0.49781 
0.497318 
0.496776 
0.496184 
0.495542 
0.494852 
0.494111 
0.493321 
0.492482 
0.491594 
0.490656 
0.48967 
0.488634 
0.487549 
0.486416 
0.485234 
0.484004 
0.482725 
0.481398 
0.480023 
0.4786 
0.477129 
0.47561 
0.474044 
0.47243 
0.470769 
0.469061 
0.467306 
0.465504 
0.463656 
0.461762 
0.459821 
0.457834 
0.455802 
0.453723 
0.4516 
0.449431 
0.447218 
0.444959 
0.442657 
0.440309 
0.437918 
0.435483 
0.433005 
0.430483 
0.427919 
0.425311 
0.422661 
0.419968 
0.417234 
0.414458 
0.41164 
0.408782 
0.405882 
0.402942 
0.399962 
0.396941 
0.393881 
0.390781 
0.387643 
0.384465 
0.38125 
0.377996 
0.374704 
0.371375 
0.368008 
0.364605 
0.361165 
0.35769 
0.354178 
0.350631 
0.347049 
0.343433 
0.339782 
0.336097 
0.332378 
0.328626 
0.324841 
0.321024 
0.317175 
0.313294 
0.309381 
0.305438 
0.301464 
0.29746 
0.293427 
0.289364 
0.285272 
0.281151 
0.277002 
0.272826 
0.268622 
0.264392 
0.260135 
0.255852 
0.251543 
0.24721 
0.242851 
0.238469 
0.234062 
0.229632 
0.225179 
0.220704 
0.216206 
0.211687 
0.207147 
0.202586 
0.198005 
0.193404 
0.188783 
0.184144 
0.179486 
0.174811 
0.170118 
0.165407 
0.160681 
0.155938 
0.15118 
0.146406 
0.141618 
0.136816 
0.132 
0.127171 
0.122329 
0.117475 
0.112609 
0.107732 
0.102844 
0.097946 
0.093038 
0.0881208 
0.0831947 
0.0782603 
0.0733181 
0.0683686 
0.0634122 
0.0584495 
0.053481 
0.0485071 
0.0435283 
0.0385452 
0.0335582 
0.0285679 
0.0235747 
0.0185792 
0.0135818 
0.00858305 
0.00358344 
-0.00141653 
-0.00641635 
-0.0114155 
-0.0164136 
-0.02141 
-0.0264042 
-0.0313959 
-0.0363843 
-0.0413692 
-0.0463499 
-0.051326 
-0.0562969 
-0.0612622 
-0.0662214 
-0.0711739 
-0.0761194 
-0.0810572 
-0.0859869 
-0.0909081 
-0.0958201 
-0.100723 
-0.105615 
-0.110497 
-0.115368 
-0.120227 
-0.125074 
-0.129909 
-0.13473 
-0.139539 
-0.144333 
-0.149113 
-0.153878 
-0.158627 
-0.163361 
-0.168078 
-0.172779 
-0.177462 
-0.182128 
-0.186775 
-0.191404 
-0.196013 
-0.200603 
-0.205173 
-0.209722 
-0.21425 
-0.218757 
-0.223242 
-0.227705 
-0.232145 
-0.236562 
-0.240955 
-0.245324 
-0.249668 
-0.253988 
-0.258282 
-0.26255 
-0.266792 
-0.271008 
-0.275196 
-0.279356 
-0.283489 
-0.287594 
-0.291669 
-0.295716 
-0.299733 
-0.30372 
-0.307676 
-0.311602 
-0.315497 
-0.31936 
-0.323191 
-0.32699 
-0.330756 
-0.334489 
-0.338189 
-0.341854 
-0.345486 
-0.349083 
-0.352645 
-0.356172 
-0.359664 
-0.363119 
-0.366538 
-0.36992 
-0.373266 
-0.376574 
-0.379844 
-0.383076 
-0.38627 
-0.389426 
-0.392542 
-0.39562 
-0.398657 
-0.401655 
-0.404613 
-0.40753 
-0.410407 
-0.413242 
-0.416036 
-0.418789 
-0.421499 
-0.424168 
-0.426794 
-0.429377 
-0.431917 
-0.434415 
-0.436868 
-0.439279 
-0.441645 
-0.443967 
-0.446244 
-0.448477 
-0.450666 
-0.452809 
-0.454906 
-0.456959 
-0.458965 
-0.460926 
-0.462841 
-0.464709 
-0.466531 
-0.468306 
-0.470035 
-0.471716 
-0.47335 
-0.474937 
-0.476476 
-0.477968 
-0.479412 
-0.480808 
-0.482156 
-0.483456 
-0.484707 
-0.48591 
-0.487064 
-0.48817 
-0.489227 
-0.490235 
-0.491193 
-0.492103 
-0.492964 
-0.493775 
-0.494537 
-0.495249 
-0.495912 
-0.496525 
-0.497089 
-0.497603 
-0.498067 
-0.498481 
-0.498846 
-0.49916 
-0.499425 
-0.49964 
-0.499805 
-0.499919 
-0.499984 
-0.499999 
-0.499964 
-0.499879 
-0.499743 
-0.499558 
-0.499323 
-0.499038 
-0.498703 
-0.498318 
-0.497884 
-0.497399 
-0.496865 
-0.496281 
-0.495648 
-0.494965 
-0.494232 
-0.49345 
-0.492619 
-0.491739 
-0.490809 
-0.48983 
-0.488802 
-0.487725 
-0.4866 
-0.485426 
-0.484203 
-0.482932 
-0.481613 
-0.480245 
-0.47883 
-0.477366 
-0.475855 
-0.474296 
-0.47269 
-0.471037 
-0.469336 
-0.467589 
-0.465794 
-0.463954 
-0.462066 
-0.460133 
-0.458154 
-0.456128 
-0.454057 
-0.451941 
-0.44978 
-0.447573 
-0.445322 
-0.443026 
-0.440686 
-0.438302 
-0.435874 
-0.433403 
-0.430888 
-0.42833 
-0.425729 
-0.423086 
-0.4204 
-0.417672 
-0.414903 
-0.412092 
-0.40924 
-0.406347 
-0.403413 
-0.400439 
-0.397425 
-0.394371 
-0.391278 
-0.388145 
-0.384974 
-0.381764 
-0.378516 
-0.375231 
-0.371907 
-0.368547 
-0.36515 
-0.361716 
-0.358246 
-0.35474 
-0.351199 
-0.347622 
-0.344011 
-0.340365 
-0.336686 
-0.332972 
-0.329226 
-0.325446 
-0.321634 
-0.31779 
-0.313914 
-0.310007 
-0.306068 
-0.302099 
-0.2981 
-0.294071 
-0.290013 
-0.285925 
-0.281809 
-0.277665 
-0.273493 
-0.269294 
-0.265067 
-0.260815 
-0.256536 
-0.252231 
-0.247902 
-0.243547 
-0.239168 
-0.234766 
-0.230339 
-0.22589 
-0.221418 
-0.216924 
-0.212408 
-0.207871 
-0.203314 
-0.198736 
-0.194138 
-0.18952 
-0.184884 
-0.180229 
-0.175557 
-0.170866 
-0.166159 
-0.161435 
-0.156694 
-0.151939 
-0.147167 
-0.142382 
-0.137582 
-0.132768 
-0.127941 
-0.123101 
-0.118249 
-0.113385 
-0.108509 
-0.103623 
-0.0987267 
-0.0938203 
-0.0889045 
-0.0839798 
-0.0790468 
-0.0741058 
-0.0691574 
-0.0642021 
-0.0592403 
-0.0542727 
-0.0492996 
-0.0443215 
-0.0393391 
-0.0343527 
-0.0293629 
-0.0243701 
-0.0193749 
-0.0143778 
-0.00937925 
-0.00437974 
0.000620202 
0.00562008 
0.0106194 
0.0156177 
0.0206144 
0.025609 
0.0306011 
0.0355901 
0.0405755 
0.0455569 
0.0505338 
0.0555056 
0.0604718 
0.065432 
0.0703856 
0.0753322 
0.0802713 
0.0852024 
0.0901249 
0.0950384 
0.0999424 
0.104836 
0.10972 
0.114593 
0.119454 
0.124303 
0.12914 
0.133963 
0.138774 
0.14357 
0.148352 
0.15312 
0.157872 
0.162608 
0.167328 
0.172031 
0.176717 
0.181386 
0.186036 
0.190668 
0.19528 
0.199873 
0.204446 
0.208999 
0.213531 
0.218041 
0.22253 
0.226996 
0.23144 
0.23586 
0.240257 
0.24463 
0.248978 
0.253302 
0.2576 
0.261872 
0.266118 
0.270338 
0.274531 
0.278696 
0.282833 
0.286942 
0.291022 
0.295073 
0.299095 
0.303087 
0.307048 
0.310979 
0.314879 
0.318747 
0.322583 
0.326387 
0.330158 
0.333897 
0.337602 
0.341273 
0.34491 
0.348513 
0.35208 
0.355613 
0.35911 
0.362571 
0.365996 
0.369384 
0.372735 
0.376049 
0.379326 
0.382564 
0.385764 
0.388926 
0.392049 
0.395132 
0.398176 
0.40118 
0.404145 
0.407068 
0.409951 
0.412793 
0.415594 
0.418353 
0.42107 
0.423745 
0.426378 
0.428968 
0.431516 
0.43402 
0.436481 
0.438898 
0.441271 
0.4436 
0.445885 
0.448125 
0.45032 
0.45247 
0.454575 
0.456635 
0.458649 
0.460617 
0.462539 
0.464415 
0.466244 
0.468027 
0.469762 
0.471451 
0.473093 
0.474688 
0.476234 
0.477734 
0.479185 
0.480589 
0.481945 
0.483252 
0.484511 
0.485722 
0.486884 
0.487997 
0.489062 
0.490077 
0.491044 
0.491962 
0.49283 
0.493649 
0.494419 
0.495139 
0.49581 
0.496431 
0.497002 
0.497524 
0.497996 
0.498419 
0.498791 
0.499114 
0.499386 
0.499609 
0.499782 
0.499904 
0.499977 
0.5 
0.499973 
0.499896 
0.499768 
0.499591 
0.499364 
0.499087 
0.49876 
0.498383 
0.497956 
0.49748 
0.496954 
0.496378 
0.495752 
0.495077 
0.494352 
0.493578 
0.492755 
0.491882 
0.49096 
0.489989 
0.488969 
0.4879 
0.486783 
0.485616 
0.484401 
0.483138 
0.481826 
0.480466 
0.479058 
0.477603 
0.476099 
0.474548 
0.472949 
0.471303 
0.46961 
0.46787 
0.466083 
0.46425 
0.46237 
0.460444 
0.458472 
0.456454 
0.45439 
0.452281 
0.450127 
0.447928 
0.445684 
0.443395 
0.441062 
0.438685 
0.436264 
0.433799 
0.431291 
0.42874 
0.426146 
0.42351 
0.420831 
0.41811 
0.415347 
0.412542 
0.409697 
0.40681 
0.403883 
0.400915 
0.397907 
0.39486 
0.391773 
0.388647 
0.385482 
0.382278 
0.379036 
0.375756 
0.372439 
0.369085 
0.365693 
0.362265 
0.358801 
0.355301 
0.351765 
0.348194 
0.344588 
0.340948 
0.337274 
0.333566 
0.329825 
0.32605 
0.322244 
0.318404 
0.314533 
0.310631 
0.306698 
0.302733 
0.298739 
0.294715 
0.290661 
0.286578 
0.282467 
0.278327 
0.274159 
0.269964 
0.265742 
0.261494 
0.257219 
0.252919 
0.248593 
0.244242 
0.239867 
0.235468 
0.231046 
0.2266 
0.222132 
0.217641 
0.213129 
0.208595 
0.204041 
0.199466 
0.194871 
0.190257 
0.185624 
0.180972 
0.176302 
0.171614 
0.16691 
0.162188 
0.15745 
0.152697 
0.147928 
0.143145 
0.138347 
0.133535 
0.12871 
0.123873 
0.119022 
0.11416 
0.109287 
0.104402 
0.0995073 
0.0946024 
0.0896881 
0.0847648 
0.079833 
0.0748932 
0.069946 
0.0649917 
0.060031 
0.0550642 
0.0500919 
0.0451147 
0.0401329 
0.0351471 
0.0301578 
0.0251655 
0.0201706 
0.0151738 
0.0101754 
0.00517603 
0.000176124 
-0.0048238 
-0.00982324 
-0.0148217 
-0.0198187 
-0.0248137 
-0.0298062 
-0.0347957 
-0.0397818 
-0.0447639 
-0.0497415 
-0.0547141 
-0.0596812 
-0.0646424 
-0.0695972 
-0.0745449 
-0.0794852 
-0.0844176 
-0.0893415 
-0.0942565 
-0.099162 
-0.104058 
-0.108943 
-0.113817 
-0.11868 
-0.123531 
-0.12837 
-0.133196 
-0.138009 
-0.142807 
-0.147592 
-0.152362 
-0.157116 
-0.161855 
-0.166577 
-0.171283 
-0.175972 
-0.180643 
-0.185297 
-0.189931 
-0.194547 
-0.199143 
-0.203719 
-0.208275 
-0.21281 
-0.217324 
-0.221816 
-0.226286 
-0.230733 
-0.235158 
-0.239558 
-0.243935 
-0.248287 
-0.252615 
-0.256917 
-0.261193 
-0.265444 
-0.269668 
-0.273865 
-0.278034 
-0.282176 
-0.286289 
-0.290374 
-0.29443 
-0.298456 
-0.302453 
-0.306419 
-0.310355 
-0.31426 
-0.318133 
-0.321974 
-0.325783 
-0.32956 
-0.333304 
-0.337014 
-0.34069 
-0.344333 
-0.347941 
-0.351514 
-0.355053 
-0.358555 
-0.362022 
-0.365453 
-0.368847 
-0.372204 
-0.375524 
-0.378806 
-0.382051 
-0.385257 
-0.388425 
-0.391554 
-0.394644 
-0.397694 
-0.400705 
-0.403675 
-0.406605 
-0.409495 
-0.412343 
-0.415151 
-0.417916 
-0.42064 
-0.423322 
-0.425962 
-0.428559 
-0.431113 
-0.433624 
-0.436092 
-0.438516 
-0.440896 
-0.443232 
-0.445524 
-0.447771 
-0.449973 
-0.452131 
-0.454243 
-0.45631 
-0.458331 
-0.460307 
-0.462236 
-0.464119 
-0.465956 
-0.467746 
-0.469489 
-0.471186 
-0.472835 
-0.474437 
-0.475991 
-0.477498 
-0.478957 
-0.480369 
-0.481732 
-0.483047 
-0.484314 
-0.485532 
-0.486702 
-0.487823 
-0.488895 
-0.489919 
-0.490893 
-0.491819 
-0.492695 
-0.493522 
-0.494299 
-0.495028 
-0.495706 
-0.496335 
-0.496915 
-0.497444 
-0.497924 
-0.498355 
-0.498735 
-0.499066 
-0.499346 
-0.499577 
-0.499757 
-0.499888 
-0.499969 
-0.5 
-0.49998 
-0.499911 
-0.499792 
-0.499623 
-0.499404 
-0.499134 
-0.498815 
-0.498446 
-0.498028 
-0.497559 
-0.497041 
-0.496473 
-0.495855 
-0.495188 
-0.494471 
-0.493705 
-0.492889 
-0.492024 
-0.49111 
-0.490147 
-0.489135 
-0.488074 
-0.486964 
-0.485805 
-0.484598 
-0.483342 
-0.482038 
-0.480686 
-0.479286 
-0.477838 
-0.476342 
-0.474798 
-0.473207 
-0.471569 
-0.469883 
-0.46815 
-0.466371 
-0.464545 
-0.462673 
-0.460754 
-0.458789 
-0.456778 
-0.454722 
-0.45262 
-0.450473 
-0.448281 
-0.446044 
-0.443762 
-0.441436 
-0.439066 
-0.436652 
-0.434195 
-0.431694 
-0.429149 
-0.426562 
-0.423932 
-0.42126 
-0.418546 
-0.41579 
-0.412992 
-0.410153 
-0.407273 
-0.404352 
-0.401391 
-0.398389 
-0.395348 
-0.392267 
-0.389147 
-0.385988 
-0.382791 
-0.379555 
-0.376281 
-0.37297 
-0.369621 
-0.366236 
-0.362813 
-0.359355 
-0.35586 
-0.35233 
-0.348765 
-0.345165 
-0.34153 
-0.337861 
-0.334159 
-0.330423 
-0.326654 
-0.322852 
-0.319018 
-0.315152 
-0.311255 
-0.307326 
-0.303367 
-0.299377 
-0.295358 
-0.291308 
-0.28723 
-0.283123 
-0.278988 
-0.274825 
-0.270634 
-0.266417 
-0.262172 
-0.257902 
-0.253605 
-0.249284 
-0.244937 
-0.240566 
-0.236171 
-0.231752 
-0.22731 
-0.222845 
-0.218358 
-0.213849 
-0.209319 
-0.204768 
-0.200196 
-0.195604 
-0.190993 
-0.186363 
-0.181714 
-0.177047 
-0.172362 
-0.16766 
-0.162941 
-0.158206 
-0.153455 
-0.148689 
-0.143908 
-0.139112 
-0.134303 
-0.12948 
-0.124644 
-0.119796 
-0.114935 
-0.110064 
-0.105181 
-0.100288 
-0.0953842 
-0.0904714 
-0.0855494 
-0.080619 
-0.0756805 
-0.0707344 
-0.0657812 
-0.0608214 
-0.0558556 
-0.0508842 
-0.0459077 
-0.0409266 
-0.0359414 
-0.0309526 
-0.0259608 
-0.0209663 
-0.0159697 
-0.0109716 
-0.00597231 
-0.00097245 
0.00402751 
0.00902706 
0.0140257 
0.019023 
0.0240183 
0.0290112 
0.0340013 
0.0389879 
0.0439707 
0.048949 
0.0539225 
0.0588905 
0.0638527 
0.0688085 
0.0737574 
0.0786989 
0.0836326 
0.0885579 
0.0934743 
0.0983814 
0.103279 
0.108166 
0.113042 
0.117907 
0.12276 
0.1276 
0.132428 
0.137243 
0.142044 
0.146831 
0.151603 
0.15636 
0.161101 
0.165826 
0.170535 
0.175227 
0.179901 
0.184557 
0.189194 
0.193813 
0.198412 
0.202992 
0.207551 
0.21209 
0.216607 
0.221102 
0.225576 
0.230027 
0.234454 
0.238859 
0.243239 
0.247596 
0.251927 
0.256233 
0.260514 
0.264769 
0.268997 
0.273198 
0.277372 
0.281518 
0.285636 
0.289726 
0.293786 
0.297817 
0.301818 
0.30579 
0.30973 
0.31364 
0.317518 
0.321364 
0.325179 
0.328961 
0.33271 
0.336425 
0.340107 
0.343755 
0.347369 
0.350948 
0.354492 
0.358 
0.361472 
0.364909 
0.368309 
0.371672 
0.374998 
0.378286 
0.381537 
0.384749 
0.387923 
0.391058 
0.394154 
0.397211 
0.400228 
0.403205 
0.406141 
0.409037 
0.411892 
0.414706 
0.417479 
0.420209 
0.422898 
0.425544 
0.428148 
0.430709 
0.433227 
0.435702 
0.438133 
0.44052 
0.442863 
0.445162 
0.447416 
0.449626 
0.45179 
0.45391 
0.455984 
0.458012 
0.459995 
0.461932 
0.463822 
0.465666 
0.467464 
0.469215 
0.470918 
0.472575 
0.474185 
0.475747 
0.477261 
0.478728 
0.480147 
0.481518 
0.482841 
0.484115 
0.485341 
0.486519 
0.487648 
0.488728 
0.489759 
0.490741 
0.491675 
0.492559 
0.493393 
0.494179 
0.494915 
0.495601 
0.496238 
0.496826 
0.497363 
0.497851 
0.498289 
0.498678 
0.499016 
0.499305 
0.499543 
0.499732 
0.499871 
0.499959 
0.499998 
0.499987 
0.499926 
0.499814 
0.499653 
0.499442 
0.499181 
0.498869 
0.498509 
0.498098 
0.497637 
0.497127 
0.496567 
0.495957 
0.495297 
0.494589 
0.49383 
0.493022 
0.492165 
0.491259 
0.490304 
0.489299 
0.488246 
0.487144 
0.485993 
0.484793 
0.483546 
0.482249 
0.480905 
0.479512 
0.478071 
0.476583 
0.475047 
0.473464 
0.471833 
0.470155 
0.468429 
0.466658 
0.464839 
0.462974 
0.461063 
0.459105 
0.457102 
0.455053 
0.452958 
0.450818 
0.448633 
0.446403 
0.444129 
0.44181 
0.439447 
0.43704 
0.434589 
0.432095 
0.429557 
0.426977 
0.424354 
0.421689 
0.418981 
0.416231 
0.41344 
0.410608 
0.407734 
0.40482 
0.401865 
0.39887 
0.395835 
0.39276 
0.389647 
0.386494 
0.383303 
0.380073 
0.376805 
0.3735 
0.370157 
0.366777 
0.363361 
0.359908 
0.356419 
0.352895 
0.349335 
0.345741 
0.342111 
0.338448 
0.334751 
0.33102 
0.327256 
0.32346 
0.319631 
0.31577 
0.311877 
0.307954 
0.303999 
0.300015 
0.296 
0.291955 
0.287882 
0.283779 
0.279649 
0.27549 
0.271303 
0.26709 
0.26285 
0.258583 
0.254291 
0.249973 
0.245631 
0.241264 
0.236872 
0.232457 
0.228019 
0.223558 
0.219074 
0.214569 
0.210042 
0.205494 
0.200926 
0.196337 
0.191729 
0.187102 
0.182456 
0.177791 
0.173109 
0.16841 
0.163694 
0.158961 
0.154213 
0.149449 
0.14467 
0.139877 
0.13507 
0.130249 
0.125415 
0.120569 
0.11571 
0.11084 
0.105959 
0.101068 
0.0961658 
0.0912544 
0.0863339 
0.0814048 
0.0764675 
0.0715226 
0.0665705 
0.0616118 
0.0566469 
0.0516763 
0.0467006 
0.0417202 
0.0367356 
0.0317474 
0.026756 
0.0217619 
0.0167656 
0.0117677 
0.00676857 
0.00176877 
-0.0032312 
-0.00823085 
-0.0132297 
-0.0182272 
-0.0232229 
-0.0282162 
-0.0332068 
-0.038194 
-0.0431774 
-0.0481565 
-0.0531307 
-0.0580997 
-0.0630628 
-0.0680197 
-0.0729697 
-0.0779124 
-0.0828474 
-0.087774 
-0.0926919 
-0.0976005 
-0.102499 
-0.107388 
-0.112266 
-0.117132 
-0.121987 
-0.12683 
-0.13166 
-0.136477 
-0.14128 
-0.146069 
-0.150844 
-0.155603 
-0.160347 
-0.165075 
-0.169786 
-0.174481 
-0.179158 
-0.183816 
-0.188457 
-0.193079 
-0.197681 
-0.202264 
-0.206826 
-0.211368 
-0.215889 
-0.220388 
-0.224865 
-0.229319 
-0.233751 
-0.238159 
-0.242543 
-0.246904 
-0.251239 
-0.255549 
-0.259834 
-0.264093 
-0.268325 
-0.272531 
-0.276709 
-0.28086 
-0.284982 
-0.289076 
-0.293141 
-0.297177 
-0.301183 
-0.305159 
-0.309105 
-0.313019 
-0.316902 
-0.320754 
-0.324573 
-0.32836 
-0.332115 
-0.335836 
-0.339523 
-0.343176 
-0.346796 
-0.35038 
-0.353929 
-0.357443 
-0.360922 
-0.364364 
-0.36777 
-0.371139 
-0.37447 
-0.377765 
-0.381022 
-0.38424 
-0.38742 
-0.390562 
-0.393664 
-0.396727 
-0.39975 
-0.402733 
-0.405676 
-0.408579 
-0.41144 
-0.414261 
-0.41704 
-0.419777 
-0.422473 
-0.425126 
-0.427736 
-0.430304 
-0.432829 
-0.43531 
-0.437748 
-0.440142 
-0.442493 
-0.444799 
-0.44706 
-0.449277 
-0.451449 
-0.453575 
-0.455657 
-0.457692 
-0.459682 
-0.461626 
-0.463524 
-0.465376 
-0.467181 
-0.468939 
-0.47065 
-0.472315 
-0.473932 
-0.475501 
-0.477023 
-0.478498 
-0.479924 
-0.481303 
-0.482633 
-0.483916 
-0.485149 
-0.486335 
-0.487471 
-0.488559 
-0.489598 
-0.490588 
-0.491529 
-0.492421 
-0.493264 
-0.494057 
-0.494801 
-0.495495 
-0.49614 
-0.496735 
-0.497281 
-0.497777 
-0.498223 
-0.498619 
-0.498966 
-0.499262 
-0.499509 
-0.499705 
-0.499852 
-0.499949 
-0.499995 
-0.499992 
-0.499939 
-0.499835 
-0.499682 
-0.499479 
-0.499226 
-0.498922 
-0.498569 
-0.498166 
-0.497714 
-0.497211 
-0.496659 
-0.496057 
-0.495406 
-0.494705 
-0.493954 
-0.493154 
-0.492305 
-0.491407 
-0.490459 
-0.489463 
-0.488417 
-0.487323 
-0.48618 
-0.484988 
-0.483748 
-0.482459 
-0.481122 
-0.479737 
-0.478304 
-0.476823 
-0.475295 
-0.473719 
-0.472096 
-0.470425 
-0.468707 
-0.466943 
-0.465132 
-0.463274 
-0.46137 
-0.45942 
-0.457424 
-0.455382 
-0.453295 
-0.451162 
-0.448984 
-0.446761 
-0.444494 
-0.442182 
-0.439826 
-0.437426 
-0.434982 
-0.432495 
-0.429964 
-0.427391 
-0.424775 
-0.422116 
-0.419415 
-0.416672 
-0.413887 
-0.411062 
-0.408194 
-0.405287 
-0.402338 
-0.39935 
-0.396321 
-0.393253 
-0.390145 
-0.386999 
-0.383813 
-0.38059 
-0.377328 
-0.374029 
-0.370692 
-0.367318 
-0.363907 
-0.36046 
-0.356977 
-0.353459 
-0.349905 
-0.346315 
-0.342692 
-0.339034 
-0.335342 
-0.331616 
-0.327858 
-0.324066 
-0.320243 
-0.316387 
-0.312499 
-0.308581 
-0.304631 
-0.300651 
-0.296641 
-0.292601 
-0.288532 
-0.284435 
-0.280308 
-0.276154 
-0.271972 
-0.267763 
-0.263527 
-0.259265 
-0.254977 
-0.250663 
-0.246324 
-0.241961 
-0.237573 
-0.233162 
-0.228727 
-0.22427 
-0.21979 
-0.215288 
-0.210764 
-0.20622 
-0.201655 
-0.197069 
-0.192464 
-0.18784 
-0.183197 
-0.178535 
-0.173856 
-0.16916 
-0.164446 
-0.159716 
-0.15497 
-0.150209 
-0.145432 
-0.140641 
-0.135836 
-0.131017 
-0.126186 
-0.121341 
-0.116485 
-0.111617 
-0.106737 
-0.101847 
-0.0969471 
-0.0920373 
-0.0871182 
-0.0821904 
-0.0772544 
-0.0723106 
-0.0673597 
-0.062402 
-0.057438 
-0.0524683 
-0.0474934 
-0.0425137 
-0.0375298 
-0.0325421 
-0.0275511 
-0.0225574 
-0.0175615 
-0.0125638 
-0.00756482 
-0.00256509 
0.00243489 
0.00743462 
0.0124336 
0.0174314 
0.0224274 
0.0274211 
0.0324122 
0.0373999 
0.042384 
0.0473638 
0.0523388 
0.0573087 
0.0622728 
0.0672306 
0.0721818 
0.0771257 
0.0820619 
0.08699 
0.0919093 
0.0968194 
0.10172 
0.10661 
0.11149 
0.116358 
0.121215 
0.12606 
0.130892 
0.135711 
0.140516 
0.145308 
0.150084 
0.154846 
0.159593 
0.164323 
0.169037 
0.173734 
0.178414 
0.183076 
0.187719 
0.192344 
0.19695 
0.201535 
0.206101 
0.210646 
0.21517 
0.219673 
0.224153 
0.228611 
0.233047 
0.237459 
0.241847 
0.246211 
0.25055 
0.254865 
0.259153 
0.263416 
0.267653 
0.271863 
0.276045 
0.2802 
0.284327 
0.288426 
0.292496 
0.296536 
0.300547 
0.304528 
0.308478 
0.312398 
0.316286 
0.320143 
0.323967 
0.32776 
0.331519 
0.335245 
0.338938 
0.342597 
0.346222 
0.349812 
0.353367 
0.356886 
0.36037 
0.363818 
0.36723 
0.370605 
0.373942 
0.377243 
0.380505 
0.38373 
0.386916 
0.390064 
0.393172 
0.396242 
0.399271 
0.402261 
0.40521 
0.408119 
0.410987 
0.413814 
0.4166 
0.419344 
0.422046 
0.424706 
0.427323 
0.429898 
0.43243 
0.434918 
0.437363 
0.439764 
0.442121 
0.444434 
0.446703 
0.448927 
0.451106 
0.45324 
0.455328 
0.457371 
0.459368 
0.46132 
0.463225 
0.465084 
0.466896 
0.468662 
0.470381 
0.472053 
0.473677 
0.475254 
0.476784 
0.478266 
0.4797 
0.481087 
0.482425 
0.483715 
0.484956 
0.486149 
0.487293 
0.488389 
0.489436 
0.490434 
0.491383 
0.492282 
0.493133 
0.493934 
0.494686 
0.495388 
0.496041 
0.496644 
0.497198 
0.497701 
0.498155 
0.498559 
0.498914 
0.499218 
0.499473 
0.499677 
0.499832 
0.499937 
0.499991 
0.499996 
0.49995 
0.499855 
0.49971 
0.499514 
0.499269 
0.498974 
0.498629 
0.498234 
0.497789 
0.497295 
0.49675 
0.496156 
0.495513 
0.49482 
0.494077 
0.493285 
0.492444 
0.491553 
0.490613 
0.489625 
0.488587 
0.4875 
0.486365 
0.485181 
0.483948 
0.482667 
0.481338 
0.479961 
0.478536 
0.477062 
0.475542 
0.473973 
0.472357 
0.470694 
0.468984 
0.467227 
0.465423 
0.463573 
0.461676 
0.459734 
0.457745 
0.45571 
0.45363 
0.451505 
0.449334 
0.447118 
0.444858 
0.442553 
0.440204 
0.437811 
0.435374 
0.432894 
0.43037 
0.427804 
0.425194 
0.422542 
0.419848 
0.417112 
0.414334 
0.411514 
0.408654 
0.405752 
0.40281 
0.399828 
0.396806 
0.393744 
0.390643 
0.387502 
0.384323 
0.381106 
0.37785 
0.374557 
0.371226 
0.367858 
0.364453 
0.361012 
0.357535 
0.354021 
0.350473 
0.346889 
0.343271 
0.339619 
0.335932 
0.332212 
0.328459 
0.324673 
0.320854 
0.317003 
0.313121 
0.309207 
0.305262 
0.301287 
0.297282 
0.293247 
0.289182 
0.285089 
0.280967 
0.276817 
0.27264 
0.268435 
0.264203 
0.259945 
0.255661 
0.251352 
0.247017 
0.242657 
0.238274 
0.233866 
0.229435 
0.224981 
0.220505 
0.216006 
0.211486 
0.206945 
0.202383 
0.197801 
0.193199 
0.188578 
0.183938 
0.179279 
0.174603 
0.169909 
0.165198 
0.16047 
0.155727 
0.150968 
0.146194 
0.141405 
0.136602 
0.131786 
0.126956 
0.122114 
0.117259 
0.112393 
0.107515 
0.102627 
0.0977282 
0.0928199 
0.0879022 
0.0829758 
0.078041 
0.0730985 
0.0681486 
0.063192 
0.058229 
0.0532602 
0.0482861 
0.0433071 
0.0383238 
0.0333367 
0.0283462 
0.0233529 
0.0183573 
0.0133598 
0.00836104 
0.00336141 
-0.00163857 
-0.00663837 
-0.0116375 
-0.0166355 
-0.0216318 
-0.026626 
-0.0316175 
-0.0366058 
-0.0415905 
-0.046571 
-0.0515468 
-0.0565175 
-0.0614826 
-0.0664415 
-0.0713937 
-0.0763388 
-0.0812763 
-0.0862057 
-0.0911264 
-0.096038 
-0.10094 
-0.105832 
-0.110713 
-0.115584 
-0.120442 
-0.125289 
-0.130123 
-0.134944 
-0.139752 
-0.144545 
-0.149325 
-0.154089 
-0.158838 
-0.163571 
-0.168287 
-0.172987 
-0.17767 
-0.182334 
-0.186981 
-0.191609 
-0.196217 
-0.200806 
-0.205375 
-0.209924 
-0.214451 
-0.218957 
-0.223441 
-0.227903 
-0.232342 
-0.236757 
-0.241149 
-0.245517 
-0.249861 
-0.254179 
-0.258472 
-0.262739 
-0.26698 
-0.271194 
-0.275381 
-0.279541 
-0.283672 
-0.287775 
-0.29185 
-0.295895 
-0.29991 
-0.303896 
-0.307851 
-0.311776 
-0.315669 
-0.319531 
-0.32336 
-0.327158 
-0.330922 
-0.334654 
-0.338352 
-0.342016 
-0.345647 
-0.349242 
-0.352803 
-0.356328 
-0.359818 
-0.363271 
-0.366689 
-0.37007 
-0.373413 
-0.37672 
-0.379988 
-0.383219 
-0.386411 
-0.389565 
-0.39268 
-0.395755 
-0.398791 
-0.401787 
-0.404743 
-0.407659 
-0.410533 
-0.413367 
-0.416159 
-0.41891 
-0.421619 
-0.424285 
-0.426909 
-0.429491 
-0.432029 
-0.434525 
-0.436976 
-0.439385 
-0.441749 
-0.444069 
-0.446345 
-0.448576 
-0.450762 
-0.452903 
-0.454999 
-0.457049 
-0.459053 
-0.461012 
-0.462925 
-0.464791 
-0.466611 
-0.468384 
-0.47011 
-0.47179 
-0.473422 
-0.475006 
-0.476544 
-0.478033 
-0.479475 
-0.480869 
-0.482215 
-0.483512 
-0.484762 
-0.485962 
-0.487114 
-0.488218 
-0.489273 
-0.490278 
-0.491235 
-0.492142 
-0.493001 
-0.49381 
-0.494569 
-0.49528 
-0.49594 
-0.496551 
-0.497113 
-0.497624 
-0.498086 
-0.498498 
-0.498861 
-0.499173 
-0.499436 
-0.499648 
-0.499811 
-0.499923 
-0.499986 
-0.499998 
-0.499961 
-0.499874 
-0.499736 
-0.499549 
-0.499312 
-0.499024 
-0.498687 
-0.4983 
-0.497863 
-0.497377 
-0.49684 
-0.496254 
-0.495619 
-0.494933 
-0.494199 
-0.493415 
-0.492581 
-0.491698 
-0.490766 
-0.489785 
-0.488755 
-0.487677 
-0.486549 
-0.485373 
-0.484148 
-0.482875 
-0.481553 
-0.480183 
-0.478766 
-0.4773 
-0.475787 
-0.474226 
-0.472618 
-0.470962 
-0.46926 
-0.46751 
-0.465714 
-0.463871 
-0.461982 
-0.460046 
-0.458065 
-0.456037 
-0.453964 
-0.451846 
-0.449683 
-0.447474 
-0.445221 
-0.442923 
-0.440581 
-0.438195 
-0.435765 
-0.433292 
-0.430775 
-0.428215 
-0.425613 
-0.422967 
-0.42028 
-0.41755 
-0.414779 
-0.411966 
-0.409112 
-0.406217 
-0.403282 
-0.400306 
-0.39729 
-0.394234 
-0.391139 
-0.388005 
-0.384832 
-0.381621 
-0.378371 
-0.375084 
-0.371759 
-0.368397 
-0.364998 
-0.361562 
-0.358091 
-0.354583 
-0.35104 
-0.347462 
-0.34385 
-0.340203 
-0.336522 
-0.332807 
-0.329059 
-0.325278 
-0.321464 
-0.317619 
-0.313741 
-0.309832 
-0.305893 
-0.301922 
-0.297922 
-0.293891 
-0.289832 
-0.285743 
-0.281626 
-0.27748 
-0.273307 
-0.269107 
-0.264879 
-0.260625 
-0.256345 
-0.25204 
-0.247709 
-0.243353 
-0.238973 
-0.234569 
-0.230142 
-0.225692 
-0.221219 
-0.216724 
-0.212207 
-0.20767 
-0.203111 
-0.198532 
-0.193933 
-0.189315 
-0.184678 
-0.180022 
-0.175349 
-0.170657 
-0.165949 
-0.161224 
-0.156484 
-0.151727 
-0.146955 
-0.142169 
-0.137368 
-0.132554 
-0.127726 
-0.122886 
-0.118033 
-0.113169 
-0.108293 
-0.103406 
-0.0985091 
-0.0936022 
-0.088686 
-0.083761 
-0.0788275 
-0.0738862 
-0.0689375 
-0.0639818 
-0.0590198 
-0.0540519 
-0.0490786 
-0.0441004 
-0.0391177 
-0.0341312 
-0.0291412 
-0.0241484 
-0.0191531 
-0.0141559 
-0.00915725 
-0.00415771 
0.000842241 
0.00584211 
0.0108414 
0.0158396 
0.0208362 
0.0258307 
0.0308227 
0.0358116 
0.0407968 
0.045778 
0.0507547 
0.0557262 
0.0606922 
0.0656521 
0.0706055 
0.0755517 
0.0804905 
0.0854212 
0.0903433 
0.0952564 
0.10016 
0.105054 
0.109937 
0.114809 
0.119669 
0.124518 
0.129354 
0.134177 
0.138987 
0.143783 
0.148565 
0.153331 
0.158083 
0.162818 
0.167537 
0.17224 
0.176925 
0.181593 
0.186242 
0.190873 
0.195485 
0.200077 
0.204649 
0.209201 
0.213731 
0.218241 
0.222728 
0.227194 
0.231636 
0.236056 
0.240452 
0.244823 
0.249171 
0.253493 
0.25779 
0.262061 
0.266306 
0.270525 
0.274716 
0.27888 
0.283016 
0.287124 
0.291203 
0.295253 
0.299273 
0.303263 
0.307223 
0.311153 
0.315051 
0.318918 
0.322753 
0.326555 
0.330325 
0.334062 
0.337765 
0.341435 
0.345071 
0.348672 
0.352238 
0.355769 
0.359264 
0.362724 
0.366147 
0.369534 
0.372883 
0.376196 
0.37947 
0.382707 
0.385906 
0.389065 
0.392186 
0.395268 
0.39831 
0.401313 
0.404275 
0.407197 
0.410078 
0.412918 
0.415717 
0.418475 
0.42119 
0.423863 
0.426494 
0.429082 
0.431628 
0.43413 
0.436589 
0.439004 
0.441375 
0.443702 
0.445985 
0.448223 
0.450417 
0.452565 
0.454668 
0.456725 
0.458737 
0.460703 
0.462623 
0.464497 
0.466324 
0.468105 
0.469838 
0.471525 
0.473165 
0.474757 
0.476302 
0.477799 
0.479249 
0.48065 
0.482004 
0.483309 
0.484566 
0.485774 
0.486934 
0.488045 
0.489108 
0.490121 
0.491086 
0.492001 
0.492867 
0.493684 
0.494452 
0.49517 
0.495838 
0.496457 
0.497027 
0.497546 
0.498016 
0.498436 
0.498806 
0.499127 
0.499397 
0.499618 
0.499788 
0.499909 
0.499979 
0.5 
0.49997 
0.499891 
0.499761 
0.499582 
0.499353 
0.499073 
0.498744 
0.498365 
0.497936 
0.497458 
0.496929 
0.496351 
0.495723 
0.495046 
0.494319 
0.493543 
0.492717 
0.491842 
0.490918 
0.489945 
0.488923 
0.487852 
0.486732 
0.485563 
0.484346 
0.483081 
0.481767 
0.480405 
0.478995 
0.477537 
0.476031 
0.474478 
0.472877 
0.471229 
0.469534 
0.467792 
0.466003 
0.464167 
0.462286 
0.460357 
0.458383 
0.456363 
0.454298 
0.452187 
0.45003 
0.447829 
0.445583 
0.443292 
0.440957 
0.438578 
0.436155 
0.433689 
0.431179 
0.428626 
0.42603 
0.423392 
0.420711 
0.417988 
0.415223 
0.412417 
0.409569 
0.406681 
0.403752 
0.400783 
0.397773 
0.394724 
0.391635 
0.388507 
0.38534 
0.382135 
0.378891 
0.37561 
0.372291 
0.368935 
0.365542 
0.362112 
0.358646 
0.355144 
0.351607 
0.348035 
0.344427 
0.340786 
0.33711 
0.333401 
0.329658 
0.325882 
0.322074 
0.318233 
0.314361 
0.310457 
0.306522 
0.302557 
0.298561 
0.294535 
0.29048 
0.286396 
0.282283 
0.278142 
0.273974 
0.269777 
0.265554 
0.261304 
0.257029 
0.252727 
0.2484 
0.244049 
0.239672 
0.235272 
0.230849 
0.226402 
0.221933 
0.217441 
0.212928 
0.208394 
0.203838 
0.199263 
0.194667 
0.190052 
0.185418 
0.180765 
0.176094 
0.171406 
0.1667 
0.161978 
0.15724 
0.152486 
0.147716 
0.142932 
0.138134 
0.133321 
0.128496 
0.123657 
0.118807 
0.113944 
0.10907 
0.104185 
0.0992897 
0.0943844 
0.0894696 
0.0845459 
0.0796138 
0.0746737 
0.0697261 
0.0647715 
0.0598105 
0.0548435 
0.049871 
0.0448935 
0.0399116 
0.0349256 
0.0299362 
0.0249437 
0.0199488 
0.0149519 
0.00995343 
0.004954 
-4.59151e-05 
-0.00504583 
-0.0100452 
-0.0150436 
-0.0200405 
-0.0250354 
-0.0300278 
-0.0350172 
-0.0400031 
-0.044985 
-0.0499624 
-0.0549348 
-0.0599017 
-0.0648626 
-0.069817 
-0.0747645 
-0.0797044 
-0.0846364 
-0.08956 
-0.0944745 
-0.0993797 
-0.104275 
-0.10916 
-0.114033 
-0.118896 
-0.123746 
-0.128585 
-0.13341 
-0.138222 
-0.14302 
-0.147804 
-0.152573 
-0.157327 
-0.162065 
-0.166787 
-0.171492 
-0.17618 
-0.180851 
-0.185503 
-0.190137 
-0.194751 
-0.199347 
-0.203922 
-0.208477 
-0.213011 
-0.217524 
-0.222015 
-0.226484 
-0.23093 
-0.235353 
-0.239753 
-0.244129 
-0.24848 
-0.252806 
-0.257107 
-0.261383 
-0.265632 
-0.269855 
-0.27405 
-0.278219 
-0.282359 
-0.286471 
-0.290555 
-0.294609 
-0.298635 
-0.30263 
-0.306595 
-0.310529 
-0.314432 
-0.318304 
-0.322144 
-0.325952 
-0.329727 
-0.333469 
-0.337178 
-0.340853 
-0.344494 
-0.348101 
-0.351672 
-0.355209 
-0.35871 
-0.362175 
-0.365604 
-0.368997 
-0.372352 
-0.375671 
-0.378951 
-0.382194 
-0.385399 
-0.388565 
-0.391692 
-0.39478 
-0.397829 
-0.400837 
-0.403806 
-0.406734 
-0.409622 
-0.412469 
-0.415274 
-0.418038 
-0.42076 
-0.42344 
-0.426078 
-0.428673 
-0.431225 
-0.433734 
-0.4362 
-0.438622 
-0.441001 
-0.443335 
-0.445625 
-0.44787 
-0.45007 
-0.452226 
-0.454336 
-0.456401 
-0.45842 
-0.460393 
-0.46232 
-0.464202 
-0.466036 
-0.467824 
-0.469565 
-0.47126 
-0.472907 
-0.474507 
-0.476059 
-0.477564 
-0.479021 
-0.48043 
-0.481791 
-0.483104 
-0.484369 
-0.485585 
-0.486753 
-0.487872 
-0.488942 
-0.489963 
-0.490935 
-0.491859 
-0.492733 
-0.493557 
-0.494333 
-0.495059 
-0.495735 
-0.496362 
-0.496939 
-0.497467 
-0.497945 
-0.498373 
-0.498751 
-0.499079 
-0.499357 
-0.499586 
-0.499764 
-0.499893 
-0.499971 
-0.5 
-0.499978 
-0.499907 
-0.499785 
-0.499614 
-0.499393 
-0.499121 
-0.4988 
-0.498429 
-0.498008 
-0.497537 
-0.497017 
-0.496446 
-0.495826 
-0.495157 
-0.494438 
-0.49367 
-0.492852 
-0.491985 
-0.491069 
-0.490103 
-0.489089 
-0.488025 
-0.486913 
-0.485753 
-0.484543 
-0.483285 
-0.481979 
-0.480625 
-0.479223 
-0.477772 
-0.476274 
-0.474728 
-0.473135 
-0.471495 
-0.469807 
-0.468072 
-0.466291 
-0.464463 
-0.462588 
-0.460668 
-0.458701 
-0.456688 
-0.45463 
-0.452526 
-0.450377 
-0.448183 
-0.445944 
-0.44366 
-0.441332 
-0.43896 
-0.436544 
-0.434085 
-0.431582 
-0.429035 
-0.426446 
-0.423815 
-0.42114 
-0.418424 
-0.415666 
-0.412867 
-0.410026 
-0.407144 
-0.404221 
-0.401258 
-0.398255 
-0.395212 
-0.392129 
-0.389008 
-0.385847 
-0.382648 
-0.37941 
-0.376135 
-0.372822 
-0.369472 
-0.366084 
-0.362661 
-0.3592 
-0.355704 
-0.352173 
-0.348606 
-0.345004 
-0.341368 
-0.337698 
-0.333994 
-0.330256 
-0.326486 
-0.322682 
-0.318847 
-0.31498 
-0.311081 
-0.307151 
-0.30319 
-0.299199 
-0.295178 
-0.291128 
-0.287048 
-0.28294 
-0.278804 
-0.274639 
-0.270447 
-0.266229 
-0.261983 
-0.257711 
-0.253414 
-0.249091 
-0.244743 
-0.240371 
-0.235975 
-0.231555 
-0.227112 
-0.222646 
-0.218158 
-0.213648 
-0.209117 
-0.204565 
-0.199993 
-0.1954 
-0.190788 
-0.186157 
-0.181507 
-0.176839 
-0.172154 
-0.167451 
-0.162731 
-0.157995 
-0.153244 
-0.148477 
-0.143695 
-0.138899 
-0.134089 
-0.129265 
-0.124429 
-0.11958 
-0.114719 
-0.109847 
-0.104964 
-0.10007 
-0.0951662 
-0.090253 
-0.0853307 
-0.0803998 
-0.075461 
-0.0705145 
-0.0655611 
-0.0606011 
-0.055635 
-0.0506633 
-0.0456866 
-0.0407053 
-0.03572 
-0.030731 
-0.025739 
-0.0207445 
-0.0157478 
-0.0107496 
-0.00575028 
-0.000750411 
0.00424954 
0.00924906 
0.0142477 
0.0192448 
0.0242401 
0.0292329 
0.0342228 
0.0392093 
0.0441918 
0.04917 
0.0541432 
0.059111 
0.0640729 
0.0690284 
0.073977 
0.0789182 
0.0838515 
0.0887764 
0.0936924 
0.0985991 
0.103496 
0.108382 
0.113258 
0.118122 
0.122975 
0.127815 
0.132642 
0.137456 
0.142257 
0.147043 
0.151815 
0.156571 
0.161311 
0.166036 
0.170744 
0.175435 
0.180108 
0.184763 
0.1894 
0.194018 
0.198616 
0.203195 
0.207753 
0.212291 
0.216807 
0.221301 
0.225774 
0.230224 
0.234651 
0.239054 
0.243433 
0.247789 
0.252119 
0.256424 
0.260704 
0.264957 
0.269184 
0.273384 
0.277557 
0.281702 
0.285818 
0.289907 
0.293966 
0.297995 
0.301995 
0.305965 
0.309904 
0.313813 
0.317689 
0.321535 
0.325347 
0.329128 
0.332875 
0.336589 
0.34027 
0.343916 
0.347528 
0.351106 
0.354648 
0.358155 
0.361626 
0.365061 
0.368459 
0.37182 
0.375145 
0.378431 
0.38168 
0.384891 
0.388063 
0.391197 
0.394291 
0.397346 
0.400361 
0.403336 
0.406271 
0.409165 
0.412018 
0.41483 
0.417601 
0.42033 
0.423016 
0.425661 
0.428263 
0.430822 
0.433338 
0.43581 
0.438239 
0.440625 
0.442966 
0.445263 
0.447515 
0.449723 
0.451885 
0.454003 
0.456075 
0.458101 
0.460082 
0.462017 
0.463905 
0.465747 
0.467543 
0.469291 
0.470993 
0.472648 
0.474255 
0.475815 
0.477328 
0.478792 
0.480209 
0.481578 
0.482898 
0.484171 
0.485395 
0.48657 
0.487697 
0.488775 
0.489804 
0.490784 
0.491715 
0.492597 
0.493429 
0.494213 
0.494946 
0.495631 
0.496266 
0.496851 
0.497386 
0.497872 
0.498308 
0.498694 
0.49903 
0.499316 
0.499553 
0.499739 
0.499876 
0.499962 
0.499999 
0.499985 
0.499922 
0.499808 
0.499645 
0.499431 
0.499168 
0.498855 
0.498491 
0.498078 
0.497615 
0.497103 
0.496541 
0.495929 
0.495267 
0.494556 
0.493795 
0.492985 
0.492126 
0.491218 
0.49026 
0.489254 
0.488198 
0.487094 
0.485941 
0.484739 
0.483489 
0.482191 
0.480844 
0.479449 
0.478006 
0.476516 
0.474978 
0.473392 
0.471759 
0.470079 
0.468352 
0.466578 
0.464757 
0.46289 
0.460977 
0.459017 
0.457012 
0.45496 
0.452864 
0.450722 
0.448535 
0.446303 
0.444027 
0.441706 
0.439341 
0.436932 
0.434479 
0.431983 
0.429444 
0.426861 
0.424237 
0.421569 
0.41886 
0.416108 
0.413315 
0.410481 
0.407606 
0.404689 
0.401733 
0.398736 
0.395699 
0.392623 
0.389508 
0.386353 
0.38316 
0.379929 
0.376659 
0.373352 
0.370008 
0.366626 
0.363208 
0.359754 
0.356264 
0.352738 
0.349176 
0.34558 
0.341949 
0.338285 
0.334586 
0.330854 
0.327088 
0.32329 
0.31946 
0.315598 
0.311704 
0.307779 
0.303823 
0.299837 
0.295821 
0.291775 
0.2877 
0.283596 
0.279464 
0.275304 
0.271117 
0.266902 
0.262661 
0.258393 
0.2541 
0.249781 
0.245437 
0.241069 
0.236677 
0.23226 
0.227821 
0.223359 
0.218874 
0.214368 
0.20984 
0.205292 
0.200722 
0.196133 
0.191524 
0.186896 
0.182249 
0.177584 
0.172901 
0.168201 
0.163484 
0.158751 
0.154002 
0.149237 
0.144458 
0.139664 
0.134856 
0.130034 
0.1252 
0.120353 
0.115494 
0.110624 
0.105742 
0.10085 
0.0959479 
0.0910361 
0.0861152 
0.0811857 
0.0762481 
0.0713028 
0.0663504 
0.0613914 
0.0564263 
0.0514555 
0.0464795 
0.0414989 
0.0365142 
0.0315258 
0.0265343 
0.0215401 
0.0165437 
0.0115457 
0.00654655 
0.00154674 
-0.00345323 
-0.00845286 
-0.0134516 
-0.0184491 
-0.0234447 
-0.0284379 
-0.0334283 
-0.0384154 
-0.0433986 
-0.0483775 
-0.0533515 
-0.0583202 
-0.0632831 
-0.0682396 
-0.0731893 
-0.0781317 
-0.0830663 
-0.0879926 
-0.0929101 
-0.0978183 
-0.102717 
-0.107605 
-0.112482 
-0.117348 
-0.122203 
-0.127045 
-0.131874 
-0.136691 
-0.141493 
-0.146282 
-0.151056 
-0.155814 
-0.160557 
-0.165285 
-0.169995 
-0.174689 
-0.179365 
-0.184023 
-0.188663 
-0.193284 
-0.197885 
-0.202467 
-0.207028 
-0.211569 
-0.216089 
-0.220587 
-0.225063 
-0.229517 
-0.233947 
-0.238354 
-0.242738 
-0.247097 
-0.251431 
-0.25574 
-0.260024 
-0.264281 
-0.268513 
-0.272717 
-0.276894 
-0.281043 
-0.285165 
-0.289257 
-0.293321 
-0.297356 
-0.30136 
-0.305335 
-0.309279 
-0.313192 
-0.317074 
-0.320924 
-0.324742 
-0.328528 
-0.332281 
-0.336 
-0.339686 
-0.343338 
-0.346956 
-0.350538 
-0.354086 
-0.357599 
-0.361075 
-0.364516 
-0.36792 
-0.371287 
-0.374618 
-0.37791 
-0.381165 
-0.384382 
-0.38756 
-0.3907 
-0.393801 
-0.396862 
-0.399883 
-0.402865 
-0.405806 
-0.408707 
-0.411567 
-0.414385 
-0.417162 
-0.419898 
-0.422591 
-0.425242 
-0.427851 
-0.430417 
-0.43294 
-0.435419 
-0.437856 
-0.440248 
-0.442596 
-0.4449 
-0.447159 
-0.449374 
-0.451544 
-0.453669 
-0.455748 
-0.457782 
-0.45977 
-0.461712 
-0.463607 
-0.465457 
-0.46726 
-0.469016 
-0.470725 
-0.472387 
-0.474002 
-0.47557 
-0.47709 
-0.478562 
-0.479987 
-0.481363 
-0.482691 
-0.483971 
-0.485203 
-0.486386 
-0.487521 
-0.488606 
-0.489643 
-0.490631 
-0.49157 
-0.49246 
-0.4933 
-0.494091 
-0.494833 
-0.495525 
-0.496168 
-0.496761 
-0.497304 
-0.497798 
-0.498242 
-0.498636 
-0.49898 
-0.499274 
-0.499518 
-0.499713 
-0.499857 
-0.499952 
-0.499996 
-0.499991 
-0.499935 
-0.49983 
-0.499674 
-0.499469 
-0.499213 
-0.498908 
-0.498553 
-0.498147 
-0.497692 
-0.497188 
-0.496633 
-0.496029 
-0.495376 
-0.494672 
-0.49392 
-0.493118 
-0.492266 
-0.491366 
-0.490416 
-0.489417 
-0.488369 
-0.487273 
-0.486128 
-0.484934 
-0.483691 
-0.482401 
-0.481062 
-0.479674 
-0.478239 
-0.476756 
-0.475226 
-0.473648 
-0.472022 
-0.47035 
-0.46863 
-0.466863 
-0.46505 
-0.46319 
-0.461284 
-0.459332 
-0.457334 
-0.45529 
-0.453201 
-0.451066 
-0.448886 
-0.446662 
-0.444392 
-0.442078 
-0.43972 
-0.437318 
-0.434873 
-0.432383 
-0.429851 
-0.427276 
-0.424657 
-0.421997 
-0.419294 
-0.416549 
-0.413763 
-0.410935 
-0.408066 
-0.405157 
-0.402206 
-0.399216 
-0.396186 
-0.393116 
-0.390006 
-0.386858 
-0.383671 
-0.380446 
-0.377182 
-0.373881 
-0.370543 
-0.367167 
-0.363755 
-0.360307 
-0.356822 
-0.353302 
-0.349746 
-0.346155 
-0.34253 
-0.338871 
-0.335177 
-0.33145 
-0.32769 
-0.323897 
-0.320072 
-0.316215 
-0.312326 
-0.308406 
-0.304455 
-0.300474 
-0.296462 
-0.292421 
-0.288351 
-0.284252 
-0.280124 
-0.275969 
-0.271786 
-0.267575 
-0.263338 
-0.259075 
-0.254786 
-0.250471 
-0.246131 
-0.241766 
-0.237378 
-0.232965 
-0.22853 
-0.224071 
-0.21959 
-0.215087 
-0.210563 
-0.206017 
-0.201451 
-0.196865 
-0.192259 
-0.187634 
-0.18299 
-0.178328 
-0.173648 
-0.168951 
-0.164236 
-0.159506 
-0.154759 
-0.149997 
-0.14522 
-0.140428 
-0.135622 
-0.130803 
-0.125971 
-0.121126 
-0.116269 
-0.1114 
-0.10652 
-0.10163 
-0.0967293 
-0.091819 
-0.0868995 
-0.0819714 
-0.077035 
-0.0720909 
-0.0671396 
-0.0621817 
-0.0572174 
-0.0522475 
-0.0472724 
-0.0422925 
-0.0373084 
-0.0323205 
-0.0273294 
-0.0223356 
-0.0173396 
-0.0123418 
-0.0073428 
-0.00234306 
0.00265692 
0.00765664 
0.0126556 
0.0176533 
0.0226492 
0.0276428 
0.0326337 
0.0376213 
0.0426052 
0.0475848 
0.0525597 
0.0575292 
0.0624931 
0.0674507 
0.0724015 
0.0773451 
0.082281 
0.0872086 
0.0921275 
0.0970372 
0.101937 
0.106827 
0.111706 
0.116574 
0.12143 
0.126275 
0.131106 
0.135924 
0.140729 
0.14552 
0.150296 
0.155057 
0.159803 
0.164533 
0.169246 
0.173942 
0.178621 
0.183282 
0.187925 
0.192549 
0.197154 
0.201739 
0.206303 
0.210848 
0.215371 
0.219872 
0.224352 
0.228809 
0.233243 
0.237654 
0.242041 
0.246404 
0.250742 
0.255056 
0.259343 
0.263605 
0.26784 
0.272049 
0.276231 
0.280384 
0.28451 
0.288607 
0.292676 
0.296715 
0.300725 
0.304704 
0.308653 
0.312571 
0.316458 
0.320313 
0.324136 
0.327927 
0.331685 
0.33541 
0.339101 
0.342759 
0.346382 
0.34997 
0.353524 
0.357042 
0.360524 
0.36397 
0.36738 
0.370754 
0.37409 
0.377388 
0.380649 
0.383872 
0.387057 
0.390203 
0.393309 
0.396377 
0.399405 
0.402393 
0.40534 
0.408247 
0.411114 
0.413939 
0.416723 
0.419465 
0.422165 
0.424823 
0.427439 
0.430011 
0.432541 
0.435027 
0.43747 
0.43987 
0.442225 
0.444536 
0.446803 
0.449024 
0.451201 
0.453333 
0.45542 
0.457461 
0.459456 
0.461405 
0.463309 
0.465165 
0.466976 
0.468739 
0.470456 
0.472126 
0.473748 
0.475323 
0.476851 
0.478331 
0.479763 
0.481147 
