0.454545 
0.452668 
0.447053 
0.437745 
0.424823 
0.408391 
0.388587 
0.365574 
0.339541 
0.310704 
0.279301 
0.245592 
0.209854 
0.172383 
0.133489 
0.0934916 
0.0527224 
0.0115178 
-0.029782 
-0.0708357 
-0.111304 
-0.150854 
-0.189158 
-0.225899 
-0.260775 
-0.293497 
-0.323795 
-0.351419 
-0.376141 
-0.397756 
-0.416087 
-0.43098 
-0.442315 
-0.449997 
-0.453962 
-0.454178 
-0.450643 
-0.443386 
-0.432468 
-0.417977 
-0.400035 
-0.378789 
-0.354415 
-0.327114 
-0.297111 
-0.264654 
-0.230012 
-0.19347 
-0.15533 
-0.115907 
-0.0755274 
