0.454545 
0.418645 
0.454545 
0.41858 
0.454544 
0.418523 
0.454541 
0.418473 
0.454536 
0.41843 
0.45453 
0.418396 
0.454523 
0.418368 
0.454514 
0.418349 
0.454503 
0.418336 
0.454491 
0.418332 
0.454478 
0.418335 
0.454463 
0.418345 
0.454446 
0.418363 
0.454428 
0.418389 
0.454409 
0.418422 
0.454387 
0.418462 
0.454365 
0.418509 
0.454341 
0.418564 
0.454315 
0.418626 
0.454288 
0.418694 
0.45426 
0.41877 
0.45423 
0.418853 
0.454198 
0.418943 
0.454165 
0.419039 
0.454131 
0.419142 
0.454095 
0.419251 
0.454057 
0.419367 
0.454018 
0.419489 
0.453977 
0.419617 
0.453935 
0.419752 
0.453892 
0.419892 
0.453847 
0.420038 
0.4538 
0.420189 
0.453752 
0.420346 
0.453703 
0.420509 
0.453651 
0.420676 
0.453599 
0.420849 
0.453545 
0.421026 
0.453489 
0.421209 
0.453432 
0.421395 
0.453374 
0.421586 
0.453314 
0.421782 
0.453252 
0.421981 
0.453189 
0.422184 
0.453125 
0.422391 
0.453058 
0.422602 
0.452991 
0.422815 
0.452922 
0.423032 
0.452851 
0.423252 
0.452779 
0.423475 
0.452706 
0.4237 
0.452631 
0.423928 
0.452554 
0.424158 
0.452476 
0.42439 
0.452397 
0.424624 
0.452316 
0.42486 
0.452233 
0.425097 
0.452149 
0.425335 
0.452064 
0.425575 
0.451977 
0.425815 
0.451888 
0.426056 
0.451798 
0.426298 
0.451707 
0.42654 
0.451614 
0.426782 
0.451519 
0.427025 
0.451423 
0.427267 
0.451326 
0.427509 
0.451227 
0.42775 
0.451127 
0.427991 
0.451025 
0.428231 
0.450921 
0.42847 
0.450816 
0.428707 
0.45071 
0.428944 
0.450602 
0.429178 
0.450493 
0.429411 
0.450382 
0.429642 
0.450269 
0.429872 
0.450156 
0.430099 
0.45004 
0.430323 
0.449924 
0.430546 
0.449805 
0.430765 
0.449685 
0.449625 
0.449564 
0.449503 
0.449441 
0.449379 
0.449317 
0.449254 
0.449191 
0.449128 
0.449064 
0.449 
0.448936 
0.448871 
0.448805 
0.44874 
0.448674 
0.448607 
0.448541 
0.448473 
0.448406 
0.448338 
0.44827 
0.448201 
0.448132 
0.448063 
0.447993 
0.447923 
0.447853 
0.447782 
0.44771 
0.447639 
0.447567 
0.447495 
0.447422 
0.447349 
0.447275 
0.447202 
0.447128 
0.447053 
0.446978 
0.446903 
0.446827 
0.446751 
0.446675 
0.446598 
0.446521 
0.446443 
0.446366 
0.446287 
0.446209 
0.44613 
0.44605 
0.445971 
0.445891 
0.44581 
0.445729 
0.445648 
0.445567 
0.445485 
0.445403 
0.44532 
0.445237 
0.445153 
0.44507 
0.444986 
0.444901 
0.444816 
0.444731 
0.444645 
0.44456 
0.444473 
0.444386 
0.444299 
0.444212 
0.444124 
0.444036 
0.443948 
0.443859 
0.443769 
0.44368 
0.44359 
0.443499 
0.443409 
0.443318 
0.443226 
0.443134 
0.443042 
0.44295 
0.442857 
0.442763 
0.44267 
0.442576 
0.442481 
0.442386 
0.442291 
0.442196 
0.4421 
0.442004 
0.441907 
0.44181 
0.441713 
0.441615 
0.441517 
0.441419 
0.44132 
0.441221 
0.441121 
0.441022 
0.440921 
0.440821 
0.44072 
0.440618 
0.440517 
0.440415 
0.440312 
0.44021 
0.440106 
0.440003 
0.439899 
0.439795 
0.43969 
0.439585 
0.43948 
0.439374 
0.439268 
0.439162 
0.439055 
0.438948 
0.43884 
0.438732 
0.438624 
0.438516 
0.438407 
0.438297 
0.438188 
0.438078 
0.437967 
0.437857 
0.437745 
0.437634 
0.437522 
0.43741 
0.437297 
0.437184 
0.437071 
0.436957 
0.436843 
0.436729 
0.436614 
0.436499 
0.436384 
0.436268 
0.436152 
0.436035 
0.435918 
0.435801 
0.435683 
0.435565 
0.435447 
0.435328 
0.435209 
0.43509 
0.43497 
0.43485 
0.434729 
0.434609 
0.434487 
0.434366 
0.434244 
0.434122 
0.433999 
0.433876 
0.433753 
0.433629 
0.433505 
0.43338 
0.433255 
0.43313 
0.433005 
0.432879 
0.432753 
0.432626 
0.432499 
0.432372 
0.432244 
0.432116 
0.431988 
0.431859 
0.43173 
0.4316 
0.431471 
0.43134 
0.43121 
0.431079 
0.430948 
0.430816 
0.430684 
0.430552 
0.430419 
0.430286 
0.430153 
0.430019 
0.429885 
0.429751 
0.429616 
0.429481 
0.429345 
0.429209 
0.429073 
0.428937 
0.4288 
0.428662 
0.428525 
0.428387 
0.428249 
0.42811 
0.427971 
0.427831 
0.427692 
0.427552 
0.427411 
0.42727 
0.427129 
0.426988 
0.426846 
0.426704 
0.426561 
0.426418 
0.426275 
0.426131 
0.425987 
0.425843 
0.425698 
0.425553 
0.425408 
0.425262 
0.425116 
0.424969 
0.424823 
0.424675 
0.424528 
0.42438 
0.424232 
0.424083 
0.423934 
0.423785 
0.423636 
0.423486 
0.423335 
0.423185 
0.423034 
0.422882 
0.422731 
0.422579 
0.422426 
0.422273 
0.42212 
0.421967 
0.421813 
0.421659 
0.421504 
0.42135 
0.421194 
0.421039 
0.420883 
0.420727 
0.42057 
0.420413 
0.420256 
0.420098 
0.41994 
0.419782 
0.419623 
0.419464 
0.419305 
0.419145 
0.418985 
0.418825 
0.418664 
0.418503 
0.418342 
0.41818 
0.418018 
0.417855 
0.417692 
0.417529 
0.417366 
0.417202 
0.417038 
0.416873 
0.416708 
0.416543 
0.416377 
0.416211 
0.416045 
0.415879 
0.415712 
0.415544 
0.415377 
0.415209 
0.41504 
0.414872 
0.414703 
0.414533 
0.414364 
0.414194 
0.414023 
0.413853 
0.413681 
0.41351 
0.413338 
0.413166 
0.412994 
0.412821 
0.412648 
0.412474 
0.412301 
0.412127 
0.411952 
0.411777 
0.411602 
0.411427 
0.411251 
0.411075 
0.410898 
0.410721 
0.410544 
0.410366 
0.410189 
0.41001 
0.409832 
0.409653 
0.409474 
0.409294 
0.409114 
0.408934 
0.408753 
0.408572 
0.408391 
0.40821 
0.408028 
0.407845 
0.407663 
0.40748 
0.407297 
0.407113 
0.406929 
0.406745 
0.40656 
0.406375 
0.40619 
0.406004 
0.405818 
0.405632 
0.405445 
0.405258 
0.405071 
0.404883 
0.404695 
0.404507 
0.404318 
0.404129 
0.40394 
0.40375 
0.40356 
0.40337 
0.40318 
0.402989 
0.402797 
0.402606 
0.402414 
0.402221 
0.402029 
0.401836 
0.401642 
0.401449 
0.401255 
0.40106 
0.400866 
0.400671 
0.400475 
0.40028 
0.400084 
0.399888 
0.399691 
0.399494 
0.399297 
0.399099 
0.398901 
0.398703 
0.398504 
0.398305 
0.398106 
0.397906 
0.397707 
0.397506 
0.397306 
0.397105 
0.396904 
0.396702 
0.3965 
0.396298 
0.396095 
0.395893 
0.395689 
0.395486 
0.395282 
0.395078 
0.394873 
0.394668 
0.394463 
0.394258 
0.394052 
0.393846 
0.393639 
0.393433 
0.393225 
0.393018 
0.39281 
0.392602 
0.392394 
0.392185 
0.391976 
0.391767 
0.391557 
0.391347 
0.391136 
0.390926 
0.390715 
0.390503 
0.390292 
0.39008 
0.389868 
0.389655 
0.389442 
0.389229 
0.389015 
0.388801 
0.388587 
0.388373 
0.388158 
0.387942 
0.387727 
0.387511 
0.387295 
0.387079 
0.386862 
0.386645 
0.386427 
0.386209 
0.385991 
0.385773 
0.385554 
0.385335 
0.385116 
0.384896 
0.384676 
0.384456 
0.384235 
0.384014 
0.383793 
0.383572 
0.38335 
0.383128 
0.382905 
0.382682 
0.382459 
0.382236 
0.382012 
0.381788 
0.381563 
0.381339 
0.381114 
0.380888 
0.380663 
0.380437 
0.38021 
0.379984 
0.379757 
0.37953 
0.379302 
0.379074 
0.378846 
0.378617 
0.378389 
0.378159 
0.37793 
0.3777 
0.37747 
0.37724 
0.377009 
0.376778 
0.376547 
0.376315 
0.376083 
0.375851 
0.375619 
0.375386 
0.375153 
0.374919 
0.374685 
0.374451 
0.374217 
0.373982 
0.373747 
0.373512 
0.373276 
0.37304 
0.372804 
0.372567 
0.37233 
0.372093 
0.371856 
0.371618 
0.37138 
0.371141 
0.370903 
0.370664 
0.370424 
0.370185 
0.369945 
0.369705 
0.369464 
0.369223 
0.368982 
0.36874 
0.368499 
0.368257 
0.368014 
0.367772 
0.367529 
0.367285 
0.367042 
0.366798 
0.366554 
0.366309 
0.366064 
0.365819 
0.365574 
0.365328 
0.365082 
0.364836 
0.364589 
0.364342 
0.364095 
0.363847 
0.363599 
0.363351 
0.363103 
0.362854 
0.362605 
0.362356 
0.362106 
0.361856 
0.361606 
0.361356 
0.361105 
0.360854 
0.360602 
0.36035 
0.360098 
0.359846 
0.359593 
0.359341 
0.359087 
0.358834 
0.35858 
0.358326 
0.358072 
0.357817 
0.357562 
0.357307 
0.357051 
0.356795 
0.356539 
0.356283 
0.356026 
0.355769 
0.355511 
0.355254 
0.354996 
0.354738 
0.354479 
0.35422 
0.353961 
0.353702 
0.353442 
0.353182 
0.352922 
0.352661 
0.3524 
0.352139 
0.351878 
0.351616 
0.351354 
0.351092 
0.350829 
0.350566 
0.350303 
0.35004 
0.349776 
0.349512 
0.349248 
0.348983 
0.348718 
0.348453 
0.348187 
0.347922 
0.347656 
0.347389 
0.347123 
0.346856 
0.346588 
0.346321 
0.346053 
0.345785 
0.345517 
0.345248 
0.344979 
0.34471 
0.34444 
0.344171 
0.343901 
0.34363 
0.34336 
0.343089 
0.342818 
0.342546 
0.342274 
0.342002 
0.34173 
0.341457 
0.341184 
0.340911 
0.340638 
0.340364 
0.34009 
0.339816 
0.339541 
0.339266 
0.338991 
0.338716 
0.33844 
0.338164 
0.337888 
0.337611 
0.337334 
0.337057 
0.33678 
0.336502 
0.336224 
0.335946 
0.335668 
0.335389 
0.33511 
0.33483 
0.334551 
0.334271 
0.333991 
0.33371 
0.33343 
0.333149 
0.332867 
0.332586 
0.332304 
0.332022 
0.33174 
0.331457 
0.331174 
0.330891 
0.330607 
0.330324 
0.33004 
0.329755 
0.329471 
0.329186 
0.328901 
0.328616 
0.32833 
0.328044 
0.327758 
0.327472 
0.327185 
0.326898 
0.326611 
0.326323 
0.326035 
0.325747 
0.325459 
0.32517 
0.324881 
0.324592 
0.324303 
0.324013 
0.323723 
0.323433 
0.323143 
0.322852 
0.322561 
0.322269 
0.321978 
0.321686 
0.321394 
0.321102 
0.320809 
0.320516 
0.320223 
0.31993 
0.319636 
0.319342 
0.319048 
0.318753 
0.318459 
0.318164 
0.317868 
0.317573 
0.317277 
0.316981 
0.316685 
0.316388 
0.316091 
0.315794 
0.315497 
0.315199 
0.314902 
0.314603 
0.314305 
0.314006 
0.313708 
0.313408 
0.313109 
0.312809 
0.312509 
0.312209 
0.311909 
0.311608 
0.311307 
0.311006 
0.310704 
0.310403 
0.310101 
0.309798 
0.309496 
0.309193 
0.30889 
0.308587 
0.308283 
0.307979 
0.307675 
0.307371 
0.307067 
0.306762 
0.306457 
0.306151 
0.305846 
0.30554 
0.305234 
0.304928 
0.304621 
0.304314 
0.304007 
0.3037 
0.303392 
0.303084 
0.302776 
0.302468 
0.302159 
0.301851 
0.301541 
0.301232 
0.300923 
0.300613 
0.300303 
0.299992 
0.299682 
0.299371 
0.29906 
0.298749 
0.298437 
0.298125 
0.297813 
0.297501 
0.297188 
0.296876 
0.296562 
0.296249 
0.295936 
0.295622 
0.295308 
0.294994 
0.294679 
0.294364 
0.294049 
0.293734 
0.293419 
0.293103 
0.292787 
0.292471 
0.292154 
0.291838 
0.291521 
0.291204 
0.290886 
0.290569 
0.290251 
0.289933 
0.289614 
0.289296 
0.288977 
0.288658 
0.288338 
0.288019 
0.287699 
0.287379 
0.287059 
0.286738 
0.286417 
0.286096 
0.285775 
0.285454 
0.285132 
0.28481 
0.284488 
0.284166 
0.283843 
0.28352 
0.283197 
0.282874 
0.28255 
0.282226 
0.281902 
0.281578 
0.281253 
0.280929 
0.280604 
0.280278 
0.279953 
0.279627 
0.279301 
0.278975 
0.278649 
0.278322 
0.277996 
0.277669 
0.277341 
0.277014 
0.276686 
0.276358 
0.27603 
0.275701 
0.275373 
0.275044 
0.274715 
0.274385 
0.274056 
0.273726 
0.273396 
0.273066 
0.272735 
0.272405 
0.272074 
0.271743 
0.271411 
0.27108 
0.270748 
0.270416 
0.270084 
0.269751 
0.269418 
0.269086 
0.268752 
0.268419 
0.268085 
0.267752 
0.267418 
0.267083 
0.266749 
0.266414 
0.266079 
0.265744 
0.265409 
0.265073 
0.264737 
0.264401 
0.264065 
0.263729 
0.263392 
0.263055 
0.262718 
0.262381 
0.262043 
0.261705 
0.261367 
0.261029 
0.260691 
0.260352 
0.260013 
0.259674 
0.259335 
0.258996 
0.258656 
0.258316 
0.257976 
0.257636 
0.257295 
0.256954 
0.256613 
0.256272 
0.255931 
0.255589 
0.255247 
0.254905 
0.254563 
0.254221 
0.253878 
0.253535 
0.253192 
0.252849 
0.252505 
0.252162 
0.251818 
0.251474 
0.251129 
0.250785 
0.25044 
0.250095 
0.24975 
0.249404 
0.249059 
0.248713 
0.248367 
0.248021 
0.247675 
0.247328 
0.246981 
0.246634 
0.246287 
0.24594 
0.245592 
0.245244 
0.244896 
0.244548 
0.244199 
0.243851 
0.243502 
0.243153 
0.242804 
0.242454 
0.242105 
0.241755 
0.241405 
0.241055 
0.240704 
0.240354 
0.240003 
0.239652 
0.2393 
0.238949 
0.238597 
0.238246 
0.237894 
0.237541 
0.237189 
0.236836 
0.236484 
0.236131 
0.235777 
0.235424 
0.23507 
0.234717 
0.234363 
0.234009 
0.233654 
0.2333 
0.232945 
0.23259 
0.232235 
0.23188 
0.231524 
0.231168 
0.230812 
0.230456 
0.2301 
0.229744 
0.229387 
0.22903 
0.228673 
0.228316 
0.227959 
0.227601 
0.227243 
0.226885 
0.226527 
0.226169 
0.22581 
0.225451 
0.225093 
0.224733 
0.224374 
0.224015 
0.223655 
0.223295 
0.222935 
0.222575 
0.222215 
0.221854 
0.221493 
0.221132 
0.220771 
0.22041 
0.220048 
0.219687 
0.219325 
0.218963 
0.218601 
0.218238 
0.217876 
0.217513 
0.21715 
0.216787 
0.216424 
0.21606 
0.215697 
0.215333 
0.214969 
0.214605 
0.21424 
0.213876 
0.213511 
0.213146 
0.212781 
0.212416 
0.21205 
0.211685 
0.211319 
0.210953 
0.210587 
0.210221 
0.209854 
0.209488 
0.209121 
0.208754 
0.208387 
0.208019 
0.207652 
0.207284 
0.206916 
0.206548 
0.20618 
0.205812 
0.205443 
0.205074 
0.204706 
0.204337 
0.203967 
0.203598 
0.203228 
0.202859 
0.202489 
0.202119 
0.201749 
0.201378 
0.201008 
0.200637 
0.200266 
0.199895 
0.199524 
0.199153 
0.198781 
0.198409 
0.198037 
0.197665 
0.197293 
0.196921 
0.196548 
0.196176 
0.195803 
0.19543 
0.195057 
0.194683 
0.19431 
0.193936 
0.193562 
0.193189 
0.192814 
0.19244 
0.192066 
0.191691 
0.191316 
0.190941 
0.190566 
0.190191 
0.189816 
0.18944 
0.189064 
0.188689 
0.188313 
0.187936 
0.18756 
0.187184 
0.186807 
0.18643 
0.186053 
0.185676 
0.185299 
0.184921 
0.184544 
0.184166 
0.183788 
0.18341 
0.183032 
0.182654 
0.182275 
0.181897 
0.181518 
0.181139 
0.18076 
0.180381 
0.180001 
0.179622 
0.179242 
0.178862 
0.178482 
0.178102 
0.177722 
0.177342 
0.176961 
0.17658 
0.1762 
0.175819 
0.175437 
0.175056 
0.174675 
0.174293 
0.173911 
0.17353 
0.173148 
0.172766 
0.172383 
0.172001 
0.171618 
0.171236 
0.170853 
0.17047 
0.170087 
0.169703 
0.16932 
0.168936 
0.168553 
0.168169 
0.167785 
0.167401 
0.167016 
0.166632 
0.166248 
0.165863 
0.165478 
0.165093 
0.164708 
0.164323 
0.163938 
0.163552 
0.163166 
0.162781 
0.162395 
0.162009 
0.161623 
0.161236 
0.16085 
0.160463 
0.160077 
0.15969 
0.159303 
0.158916 
0.158529 
0.158141 
0.157754 
0.157366 
0.156978 
0.156591 
0.156203 
0.155814 
0.155426 
0.155038 
0.154649 
0.154261 
0.153872 
0.153483 
0.153094 
0.152705 
0.152316 
0.151926 
0.151537 
0.151147 
0.150757 
0.150367 
0.149977 
0.149587 
0.149197 
0.148807 
0.148416 
0.148025 
0.147635 
0.147244 
0.146853 
0.146462 
0.14607 
0.145679 
0.145288 
0.144896 
0.144504 
0.144112 
0.14372 
0.143328 
0.142936 
0.142544 
0.142151 
0.141759 
0.141366 
0.140973 
0.14058 
0.140187 
0.139794 
0.139401 
0.139008 
0.138614 
0.138221 
0.137827 
0.137433 
0.137039 
0.136645 
0.136251 
0.135857 
0.135462 
0.135068 
0.134673 
0.134278 
0.133884 
0.133489 
0.133094 
0.132698 
0.132303 
0.131908 
0.131512 
0.131117 
0.130721 
0.130325 
0.129929 
0.129533 
0.129137 
0.128741 
0.128344 
0.127948 
0.127551 
0.127155 
0.126758 
0.126361 
0.125964 
0.125567 
0.12517 
0.124772 
0.124375 
0.123978 
0.12358 
0.123182 
0.122784 
0.122387 
0.121988 
0.12159 
0.121192 
0.120794 
0.120395 
0.119997 
0.119598 
0.1192 
0.118801 
0.118402 
0.118003 
0.117604 
0.117205 
0.116805 
0.116406 
0.116006 
0.115607 
0.115207 
0.114807 
0.114407 
0.114007 
0.113607 
0.113207 
0.112807 
0.112407 
0.112006 
0.111606 
0.111205 
0.110804 
0.110404 
0.110003 
0.109602 
0.109201 
0.108799 
0.108398 
0.107997 
0.107595 
0.107194 
0.106792 
0.106391 
0.105989 
0.105587 
0.105185 
0.104783 
0.104381 
0.103979 
0.103576 
0.103174 
0.102771 
0.102369 
0.101966 
0.101563 
0.101161 
0.100758 
0.100355 
0.0999516 
0.0995485 
0.0991453 
0.0987419 
0.0983386 
0.0979351 
0.0975315 
0.0971279 
0.0967242 
0.0963204 
0.0959165 
0.0955125 
0.0951085 
0.0947044 
0.0943002 
0.0938959 
0.0934916 
0.0930871 
0.0926826 
0.092278 
0.0918734 
0.0914687 
0.0910638 
0.090659 
0.090254 
0.089849 
0.0894439 
0.0890387 
0.0886334 
0.0882281 
0.0878227 
0.0874172 
0.0870117 
0.0866061 
0.0862004 
0.0857946 
0.0853888 
0.0849829 
0.0845769 
0.0841709 
0.0837648 
0.0833586 
0.0829523 
0.082546 
0.0821396 
0.0817332 
0.0813267 
0.0809201 
0.0805134 
0.0801067 
0.0796999 
0.079293 
0.0788861 
0.0784791 
0.0780721 
0.077665 
0.0772578 
0.0768505 
0.0764432 
0.0760359 
0.0756284 
0.0752209 
0.0748134 
0.0744058 
0.0739981 
0.0735904 
0.0731825 
0.0727747 
0.0723668 
0.0719588 
0.0715507 
0.0711426 
0.0707345 
0.0703263 
0.069918 
0.0695097 
0.0691013 
0.0686928 
0.0682843 
0.0678757 
0.0674671 
0.0670585 
0.0666497 
0.0662409 
0.0658321 
0.0654232 
0.0650143 
0.0646053 
0.0641962 
0.0637871 
0.0633779 
0.0629687 
0.0625595 
0.0621501 
0.0617408 
0.0613314 
0.0609219 
0.0605124 
0.0601028 
0.0596932 
0.0592835 
0.0588738 
0.058464 
0.0580542 
0.0576443 
0.0572344 
0.0568245 
0.0564145 
0.0560044 
0.0555943 
0.0551842 
0.054774 
0.0543638 
0.0539535 
0.0535431 
0.0531328 
0.0527224 
0.0523119 
0.0519014 
0.0514909 
0.0510803 
0.0506697 
0.050259 
0.0498483 
0.0494375 
0.0490267 
0.0486159 
0.048205 
0.0477941 
0.0473832 
0.0469722 
0.0465611 
0.0461501 
0.045739 
0.0453278 
0.0449166 
0.0445054 
0.0440942 
0.0436829 
0.0432715 
0.0428602 
0.0424488 
0.0420373 
0.0416259 
0.0412144 
0.0408028 
0.0403913 
0.0399797 
0.039568 
0.0391564 
0.0387446 
0.0383329 
0.0379211 
0.0375093 
0.0370975 
0.0366857 
0.0362738 
0.0358618 
0.0354499 
0.0350379 
0.0346259 
0.0342139 
0.0338018 
0.0333897 
0.0329776 
0.0325654 
0.0321533 
0.0317411 
0.0313288 
0.0309166 
0.0305043 
0.030092 
0.0296797 
0.0292673 
0.0288549 
0.0284425 
0.0280301 
0.0276177 
0.0272052 
0.0267927 
0.0263802 
0.0259677 
0.0255551 
0.0251425 
0.0247299 
0.0243173 
0.0239047 
0.023492 
0.0230793 
0.0226666 
0.0222539 
0.0218412 
0.0214284 
0.0210156 
0.0206028 
0.02019 
0.0197772 
0.0193644 
0.0189515 
0.0185386 
0.0181258 
0.0177129 
0.0172999 
0.016887 
0.0164741 
0.0160611 
0.0156481 
0.0152351 
0.0148221 
0.0144091 
0.0139961 
0.0135831 
0.01317 
0.012757 
0.0123439 
0.0119308 
0.0115178 
0.0111047 
0.0106916 
0.0102784 
0.00986532 
0.00945219 
0.00903906 
0.00862591 
0.00821276 
0.0077996 
0.00738643 
0.00697326 
0.00656009 
0.0061469 
0.00573372 
0.00532052 
0.00490733 
0.00449412 
0.00408092 
0.00366771 
0.0032545 
0.00284129 
0.00242807 
0.00201485 
0.00160163 
0.00118841 
0.000775189 
0.000361967 
-5.12564e-05 
-0.000464479 
-0.000877702 
-0.00129092 
-0.00170414 
-0.00211736 
-0.00253058 
-0.0029438 
-0.00335701 
-0.00377022 
-0.00418343 
-0.00459663 
-0.00500983 
-0.00542303 
-0.00583622 
-0.00624941 
-0.00666259 
-0.00707576 
-0.00748893 
-0.0079021 
-0.00831526 
-0.00872841 
-0.00914155 
-0.00955468 
-0.00996781 
-0.0103809 
-0.010794 
-0.0112071 
-0.0116202 
-0.0120333 
-0.0124464 
-0.0128595 
-0.0132725 
-0.0136856 
-0.0140986 
-0.0145116 
-0.0149246 
-0.0153376 
-0.0157506 
-0.0161636 
-0.0165765 
-0.0169894 
-0.0174024 
-0.0178153 
-0.0182282 
-0.0186411 
-0.0190539 
-0.0194668 
-0.0198796 
-0.0202924 
-0.0207052 
-0.021118 
-0.0215308 
-0.0219436 
-0.0223563 
-0.022769 
-0.0231817 
-0.0235944 
-0.024007 
-0.0244197 
-0.0248323 
-0.0252449 
-0.0256574 
-0.02607 
-0.0264825 
-0.026895 
-0.0273075 
-0.02772 
-0.0281324 
-0.0285449 
-0.0289573 
-0.0293696 
-0.029782 
-0.0301943 
-0.0306066 
-0.0310189 
-0.0314311 
-0.0318433 
-0.0322555 
-0.0326677 
-0.0330798 
-0.033492 
-0.033904 
-0.0343161 
-0.0347281 
-0.0351401 
-0.0355521 
-0.035964 
-0.036376 
-0.0367878 
-0.0371997 
-0.0376115 
-0.0380233 
-0.0384351 
-0.0388468 
-0.0392585 
-0.0396701 
-0.0400818 
-0.0404934 
-0.0409049 
-0.0413165 
-0.041728 
-0.0421394 
-0.0425508 
-0.0429622 
-0.0433736 
-0.0437849 
-0.0441962 
-0.0446074 
-0.0450187 
-0.0454298 
-0.045841 
-0.0462521 
-0.0466631 
-0.0470741 
-0.0474851 
-0.0478961 
-0.048307 
-0.0487178 
-0.0491287 
-0.0495394 
-0.0499502 
-0.0503609 
-0.0507715 
-0.0511821 
-0.0515927 
-0.0520033 
-0.0524137 
-0.0528242 
-0.0532346 
-0.0536449 
-0.0540553 
-0.0544655 
-0.0548758 
-0.0552859 
-0.0556961 
-0.0561061 
-0.0565162 
-0.0569262 
-0.0573361 
-0.057746 
-0.0581559 
-0.0585657 
-0.0589754 
-0.0593851 
-0.0597948 
-0.0602044 
-0.060614 
-0.0610235 
-0.0614329 
-0.0618423 
-0.0622517 
-0.062661 
-0.0630702 
-0.0634794 
-0.0638886 
-0.0642977 
-0.0647067 
-0.0651157 
-0.0655246 
-0.0659335 
-0.0663424 
-0.0667511 
-0.0671598 
-0.0675685 
-0.0679771 
-0.0683857 
-0.0687941 
-0.0692026 
-0.069611 
-0.0700193 
-0.0704275 
-0.0708357 
-0.0712439 
-0.071652 
-0.07206 
-0.072468 
-0.0728759 
-0.0732837 
-0.0736915 
-0.0740992 
-0.0745069 
-0.0749145 
-0.075322 
-0.0757295 
-0.0761369 
-0.0765443 
-0.0769516 
-0.0773588 
-0.077766 
-0.0781731 
-0.0785801 
-0.0789871 
-0.079394 
-0.0798008 
-0.0802076 
-0.0806143 
-0.0810209 
-0.0814275 
-0.081834 
-0.0822404 
-0.0826468 
-0.0830531 
-0.0834594 
-0.0838655 
-0.0842716 
-0.0846776 
-0.0850836 
-0.0854895 
-0.0858953 
-0.086301 
-0.0867067 
-0.0871123 
-0.0875178 
-0.0879233 
-0.0883287 
-0.088734 
-0.0891392 
-0.0895444 
-0.0899495 
-0.0903545 
-0.0907594 
-0.0911643 
-0.0915691 
-0.0919738 
-0.0923784 
-0.092783 
-0.0931875 
-0.0935919 
-0.0939962 
-0.0944005 
-0.0948046 
-0.0952087 
-0.0956127 
-0.0960167 
-0.0964205 
-0.0968243 
-0.097228 
-0.0976316 
-0.0980352 
-0.0984386 
-0.098842 
-0.0992453 
-0.0996485 
-0.100052 
-0.100455 
-0.100858 
-0.101261 
-0.101663 
-0.102066 
-0.102469 
-0.102871 
-0.103274 
-0.103676 
-0.104078 
-0.104481 
-0.104883 
-0.105285 
-0.105687 
-0.106088 
-0.10649 
-0.106892 
-0.107294 
-0.107695 
-0.108096 
-0.108498 
-0.108899 
-0.1093 
-0.109701 
-0.110102 
-0.110503 
-0.110904 
-0.111304 
-0.111705 
-0.112106 
-0.112506 
-0.112906 
-0.113307 
-0.113707 
-0.114107 
-0.114507 
-0.114907 
-0.115306 
-0.115706 
-0.116105 
-0.116505 
-0.116904 
-0.117304 
-0.117703 
-0.118102 
-0.118501 
-0.1189 
-0.119299 
-0.119697 
-0.120096 
-0.120494 
-0.120893 
-0.121291 
-0.121689 
-0.122087 
-0.122485 
-0.122883 
-0.123281 
-0.123679 
-0.124076 
-0.124474 
-0.124871 
-0.125268 
-0.125665 
-0.126063 
-0.126459 
-0.126856 
-0.127253 
-0.12765 
-0.128046 
-0.128443 
-0.128839 
-0.129235 
-0.129631 
-0.130027 
-0.130423 
-0.130819 
-0.131215 
-0.13161 
-0.132006 
-0.132401 
-0.132796 
-0.133192 
-0.133587 
-0.133982 
-0.134376 
-0.134771 
-0.135166 
-0.13556 
-0.135954 
-0.136349 
-0.136743 
-0.137137 
-0.137531 
-0.137925 
-0.138318 
-0.138712 
-0.139105 
-0.139499 
-0.139892 
-0.140285 
-0.140678 
-0.141071 
-0.141464 
-0.141856 
-0.142249 
-0.142641 
-0.143033 
-0.143426 
-0.143818 
-0.14421 
-0.144601 
-0.144993 
-0.145385 
-0.145776 
-0.146167 
-0.146559 
-0.14695 
-0.147341 
-0.147732 
-0.148122 
-0.148513 
-0.148903 
-0.149294 
-0.149684 
-0.150074 
-0.150464 
-0.150854 
-0.151244 
-0.151633 
-0.152023 
-0.152412 
-0.152801 
-0.153191 
-0.15358 
-0.153968 
-0.154357 
-0.154746 
-0.155134 
-0.155523 
-0.155911 
-0.156299 
-0.156687 
-0.157075 
-0.157462 
-0.15785 
-0.158237 
-0.158625 
-0.159012 
-0.159399 
-0.159786 
-0.160173 
-0.160559 
-0.160946 
-0.161332 
-0.161718 
-0.162105 
-0.162491 
-0.162876 
-0.163262 
-0.163648 
-0.164033 
-0.164418 
-0.164804 
-0.165189 
-0.165574 
-0.165958 
-0.166343 
-0.166727 
-0.167112 
-0.167496 
-0.16788 
-0.168264 
-0.168648 
-0.169031 
-0.169415 
-0.169798 
-0.170182 
-0.170565 
-0.170948 
-0.17133 
-0.171713 
-0.172096 
-0.172478 
-0.17286 
-0.173242 
-0.173624 
-0.174006 
-0.174388 
-0.174769 
-0.175151 
-0.175532 
-0.175913 
-0.176294 
-0.176675 
-0.177056 
-0.177436 
-0.177816 
-0.178197 
-0.178577 
-0.178957 
-0.179336 
-0.179716 
-0.180096 
-0.180475 
-0.180854 
-0.181233 
-0.181612 
-0.181991 
-0.182369 
-0.182748 
-0.183126 
-0.183504 
-0.183882 
-0.18426 
-0.184638 
-0.185015 
-0.185392 
-0.18577 
-0.186147 
-0.186524 
-0.1869 
-0.187277 
-0.187653 
-0.18803 
-0.188406 
-0.188782 
-0.189158 
-0.189533 
-0.189909 
-0.190284 
-0.190659 
-0.191034 
-0.191409 
-0.191784 
-0.192159 
-0.192533 
-0.192907 
-0.193281 
-0.193655 
-0.194029 
-0.194403 
-0.194776 
-0.195149 
-0.195522 
-0.195895 
-0.196268 
-0.196641 
-0.197013 
-0.197386 
-0.197758 
-0.19813 
-0.198502 
-0.198873 
-0.199245 
-0.199616 
-0.199987 
-0.200358 
-0.200729 
-0.2011 
-0.20147 
-0.201841 
-0.202211 
-0.202581 
-0.202951 
-0.20332 
-0.20369 
-0.204059 
-0.204428 
-0.204797 
-0.205166 
-0.205535 
-0.205903 
-0.206271 
-0.20664 
-0.207008 
-0.207375 
-0.207743 
-0.20811 
-0.208478 
-0.208845 
-0.209212 
-0.209578 
-0.209945 
-0.210312 
-0.210678 
-0.211044 
-0.21141 
-0.211775 
-0.212141 
-0.212506 
-0.212872 
-0.213237 
-0.213601 
-0.213966 
-0.214331 
-0.214695 
-0.215059 
-0.215423 
-0.215787 
-0.21615 
-0.216514 
-0.216877 
-0.21724 
-0.217603 
-0.217966 
-0.218328 
-0.218691 
-0.219053 
-0.219415 
-0.219776 
-0.220138 
-0.2205 
-0.220861 
-0.221222 
-0.221583 
-0.221943 
-0.222304 
-0.222664 
-0.223025 
-0.223384 
-0.223744 
-0.224104 
-0.224463 
-0.224823 
-0.225182 
-0.22554 
-0.225899 
-0.226258 
-0.226616 
-0.226974 
-0.227332 
-0.22769 
-0.228047 
-0.228405 
-0.228762 
-0.229119 
-0.229476 
-0.229832 
-0.230189 
-0.230545 
-0.230901 
-0.231257 
-0.231612 
-0.231968 
-0.232323 
-0.232678 
-0.233033 
-0.233388 
-0.233742 
-0.234096 
-0.234451 
-0.234804 
-0.235158 
-0.235512 
-0.235865 
-0.236218 
-0.236571 
-0.236924 
-0.237276 
-0.237629 
-0.237981 
-0.238333 
-0.238685 
-0.239036 
-0.239388 
-0.239739 
-0.24009 
-0.240441 
-0.240791 
-0.241142 
-0.241492 
-0.241842 
-0.242191 
-0.242541 
-0.24289 
-0.24324 
-0.243589 
-0.243937 
-0.244286 
-0.244634 
-0.244982 
-0.24533 
-0.245678 
-0.246026 
-0.246373 
-0.24672 
-0.247067 
-0.247414 
-0.247761 
-0.248107 
-0.248453 
-0.248799 
-0.249145 
-0.24949 
-0.249835 
-0.250181 
-0.250525 
-0.25087 
-0.251215 
-0.251559 
-0.251903 
-0.252247 
-0.252591 
-0.252934 
-0.253277 
-0.25362 
-0.253963 
-0.254306 
-0.254648 
-0.25499 
-0.255332 
-0.255674 
-0.256016 
-0.256357 
-0.256698 
-0.257039 
-0.25738 
-0.25772 
-0.25806 
-0.2584 
-0.25874 
-0.25908 
-0.259419 
-0.259759 
-0.260098 
-0.260436 
-0.260775 
-0.261113 
-0.261451 
-0.261789 
-0.262127 
-0.262464 
-0.262802 
-0.263139 
-0.263476 
-0.263812 
-0.264149 
-0.264485 
-0.264821 
-0.265156 
-0.265492 
-0.265827 
-0.266162 
-0.266497 
-0.266832 
-0.267166 
-0.267501 
-0.267834 
-0.268168 
-0.268502 
-0.268835 
-0.269168 
-0.269501 
-0.269834 
-0.270166 
-0.270498 
-0.27083 
-0.271162 
-0.271494 
-0.271825 
-0.272156 
-0.272487 
-0.272817 
-0.273148 
-0.273478 
-0.273808 
-0.274138 
-0.274467 
-0.274796 
-0.275126 
-0.275454 
-0.275783 
-0.276111 
-0.276439 
-0.276767 
-0.277095 
-0.277422 
-0.27775 
-0.278077 
-0.278403 
-0.27873 
-0.279056 
-0.279382 
-0.279708 
-0.280034 
-0.280359 
-0.280684 
-0.281009 
-0.281334 
-0.281658 
-0.281983 
-0.282307 
-0.28263 
-0.282954 
-0.283277 
-0.2836 
-0.283923 
-0.284246 
-0.284568 
-0.28489 
-0.285212 
-0.285533 
-0.285855 
-0.286176 
-0.286497 
-0.286818 
-0.287138 
-0.287458 
-0.287778 
-0.288098 
-0.288418 
-0.288737 
-0.289056 
-0.289375 
-0.289693 
-0.290011 
-0.29033 
-0.290647 
-0.290965 
-0.291282 
-0.291599 
-0.291916 
-0.292233 
-0.292549 
-0.292865 
-0.293181 
-0.293497 
-0.293812 
-0.294128 
-0.294442 
-0.294757 
-0.295072 
-0.295386 
-0.2957 
-0.296013 
-0.296327 
-0.29664 
-0.296953 
-0.297266 
-0.297578 
-0.297891 
-0.298203 
-0.298514 
-0.298826 
-0.299137 
-0.299448 
-0.299759 
-0.300069 
-0.30038 
-0.30069 
-0.300999 
-0.301309 
-0.301618 
-0.301927 
-0.302236 
-0.302544 
-0.302853 
-0.303161 
-0.303469 
-0.303776 
-0.304083 
-0.30439 
-0.304697 
-0.305004 
-0.30531 
-0.305616 
-0.305922 
-0.306227 
-0.306532 
-0.306837 
-0.307142 
-0.307447 
-0.307751 
-0.308055 
-0.308359 
-0.308662 
-0.308965 
-0.309268 
-0.309571 
-0.309873 
-0.310175 
-0.310477 
-0.310779 
-0.311081 
-0.311382 
-0.311683 
-0.311983 
-0.312284 
-0.312584 
-0.312884 
-0.313183 
-0.313483 
-0.313782 
-0.314081 
-0.314379 
-0.314677 
-0.314976 
-0.315273 
-0.315571 
-0.315868 
-0.316165 
-0.316462 
-0.316758 
-0.317055 
-0.317351 
-0.317646 
-0.317942 
-0.318237 
-0.318532 
-0.318827 
-0.319121 
-0.319415 
-0.319709 
-0.320003 
-0.320296 
-0.320589 
-0.320882 
-0.321174 
-0.321467 
-0.321759 
-0.32205 
-0.322342 
-0.322633 
-0.322924 
-0.323215 
-0.323505 
-0.323795 
-0.324085 
-0.324375 
-0.324664 
-0.324953 
-0.325242 
-0.32553 
-0.325819 
-0.326107 
-0.326394 
-0.326682 
-0.326969 
-0.327256 
-0.327543 
-0.327829 
-0.328115 
-0.328401 
-0.328686 
-0.328972 
-0.329257 
-0.329542 
-0.329826 
-0.33011 
-0.330394 
-0.330678 
-0.330961 
-0.331244 
-0.331527 
-0.33181 
-0.332092 
-0.332374 
-0.332656 
-0.332937 
-0.333218 
-0.333499 
-0.33378 
-0.33406 
-0.33434 
-0.33462 
-0.3349 
-0.335179 
-0.335458 
-0.335737 
-0.336015 
-0.336293 
-0.336571 
-0.336849 
-0.337126 
-0.337403 
-0.33768 
-0.337956 
-0.338232 
-0.338508 
-0.338784 
-0.339059 
-0.339334 
-0.339609 
-0.339884 
-0.340158 
-0.340432 
-0.340706 
-0.340979 
-0.341252 
-0.341525 
-0.341797 
-0.34207 
-0.342342 
-0.342613 
-0.342885 
-0.343156 
-0.343427 
-0.343697 
-0.343968 
-0.344238 
-0.344507 
-0.344777 
-0.345046 
-0.345315 
-0.345583 
-0.345852 
-0.34612 
-0.346387 
-0.346655 
-0.346922 
-0.347189 
-0.347455 
-0.347722 
-0.347988 
-0.348253 
-0.348519 
-0.348784 
-0.349049 
-0.349313 
-0.349577 
-0.349841 
-0.350105 
-0.350369 
-0.350632 
-0.350894 
-0.351157 
-0.351419 
-0.351681 
-0.351943 
-0.352204 
-0.352465 
-0.352726 
-0.352986 
-0.353247 
-0.353507 
-0.353766 
-0.354026 
-0.354285 
-0.354543 
-0.354802 
-0.35506 
-0.355318 
-0.355575 
-0.355833 
-0.35609 
-0.356346 
-0.356603 
-0.356859 
-0.357114 
-0.35737 
-0.357625 
-0.35788 
-0.358135 
-0.358389 
-0.358643 
-0.358897 
-0.35915 
-0.359403 
-0.359656 
-0.359909 
-0.360161 
-0.360413 
-0.360665 
-0.360916 
-0.361167 
-0.361418 
-0.361668 
-0.361918 
-0.362168 
-0.362418 
-0.362667 
-0.362916 
-0.363165 
-0.363413 
-0.363661 
-0.363909 
-0.364156 
-0.364403 
-0.36465 
-0.364897 
-0.365143 
-0.365389 
-0.365635 
-0.36588 
-0.366125 
-0.36637 
-0.366614 
-0.366858 
-0.367102 
-0.367346 
-0.367589 
-0.367832 
-0.368074 
-0.368317 
-0.368559 
-0.3688 
-0.369042 
-0.369283 
-0.369524 
-0.369764 
-0.370004 
-0.370244 
-0.370484 
-0.370723 
-0.370962 
-0.371201 
-0.371439 
-0.371677 
-0.371915 
-0.372152 
-0.372389 
-0.372626 
-0.372862 
-0.373099 
-0.373335 
-0.37357 
-0.373805 
-0.37404 
-0.374275 
-0.374509 
-0.374743 
-0.374977 
-0.37521 
-0.375444 
-0.375676 
-0.375909 
-0.376141 
-0.376373 
-0.376604 
-0.376836 
-0.377066 
-0.377297 
-0.377527 
-0.377757 
-0.377987 
-0.378216 
-0.378445 
-0.378674 
-0.378903 
-0.379131 
-0.379358 
-0.379586 
-0.379813 
-0.38004 
-0.380266 
-0.380493 
-0.380719 
-0.380944 
-0.381169 
-0.381394 
-0.381619 
-0.381843 
-0.382067 
-0.382291 
-0.382515 
-0.382738 
-0.38296 
-0.383183 
-0.383405 
-0.383627 
-0.383848 
-0.384069 
-0.38429 
-0.384511 
-0.384731 
-0.384951 
-0.38517 
-0.38539 
-0.385609 
-0.385827 
-0.386046 
-0.386264 
-0.386481 
-0.386699 
-0.386916 
-0.387132 
-0.387349 
-0.387565 
-0.38778 
-0.387996 
-0.388211 
-0.388426 
-0.38864 
-0.388854 
-0.389068 
-0.389282 
-0.389495 
-0.389708 
-0.38992 
-0.390132 
-0.390344 
-0.390556 
-0.390767 
-0.390978 
-0.391189 
-0.391399 
-0.391609 
-0.391819 
-0.392028 
-0.392237 
-0.392446 
-0.392654 
-0.392862 
-0.39307 
-0.393277 
-0.393484 
-0.393691 
-0.393897 
-0.394103 
-0.394309 
-0.394514 
-0.394719 
-0.394924 
-0.395128 
-0.395333 
-0.395536 
-0.39574 
-0.395943 
-0.396146 
-0.396348 
-0.39655 
-0.396752 
-0.396954 
-0.397155 
-0.397356 
-0.397556 
-0.397756 
-0.397956 
-0.398156 
-0.398355 
-0.398554 
-0.398752 
-0.39895 
-0.399148 
-0.399346 
-0.399543 
-0.39974 
-0.399936 
-0.400133 
-0.400328 
-0.400524 
-0.400719 
-0.400914 
-0.401109 
-0.401303 
-0.401497 
-0.40169 
-0.401884 
-0.402076 
-0.402269 
-0.402461 
-0.402653 
-0.402845 
-0.403036 
-0.403227 
-0.403417 
-0.403608 
-0.403798 
-0.403987 
-0.404176 
-0.404365 
-0.404554 
-0.404742 
-0.40493 
-0.405118 
-0.405305 
-0.405492 
-0.405678 
-0.405864 
-0.40605 
-0.406236 
-0.406421 
-0.406606 
-0.40679 
-0.406975 
-0.407159 
-0.407342 
-0.407525 
-0.407708 
-0.407891 
-0.408073 
-0.408255 
-0.408436 
-0.408617 
-0.408798 
-0.408979 
-0.409159 
-0.409339 
-0.409518 
-0.409697 
-0.409876 
-0.410055 
-0.410233 
-0.410411 
-0.410588 
-0.410765 
-0.410942 
-0.411118 
-0.411294 
-0.41147 
-0.411646 
-0.411821 
-0.411995 
-0.41217 
-0.412344 
-0.412518 
-0.412691 
-0.412864 
-0.413037 
-0.413209 
-0.413381 
-0.413553 
-0.413724 
-0.413895 
-0.414066 
-0.414236 
-0.414406 
-0.414575 
-0.414745 
-0.414914 
-0.415082 
-0.41525 
-0.415418 
-0.415586 
-0.415753 
-0.41592 
-0.416087 
-0.416253 
-0.416419 
-0.416584 
-0.416749 
-0.416914 
-0.417078 
-0.417243 
-0.417406 
-0.41757 
-0.417733 
-0.417896 
-0.418058 
-0.41822 
-0.418382 
-0.418543 
-0.418704 
-0.418865 
-0.419025 
-0.419185 
-0.419345 
-0.419504 
-0.419663 
-0.419821 
-0.41998 
-0.420137 
-0.420295 
-0.420452 
-0.420609 
-0.420766 
-0.420922 
-0.421077 
-0.421233 
-0.421388 
-0.421543 
-0.421697 
-0.421851 
-0.422005 
-0.422158 
-0.422311 
-0.422464 
-0.422616 
-0.422768 
-0.42292 
-0.423071 
-0.423222 
-0.423373 
-0.423523 
-0.423673 
-0.423822 
-0.423971 
-0.42412 
-0.424269 
-0.424417 
-0.424565 
-0.424712 
-0.424859 
-0.425006 
-0.425152 
-0.425298 
-0.425444 
-0.425589 
-0.425734 
-0.425879 
-0.426023 
-0.426167 
-0.42631 
-0.426453 
-0.426596 
-0.426739 
-0.426881 
-0.427023 
-0.427164 
-0.427305 
-0.427446 
-0.427586 
-0.427726 
-0.427866 
-0.428005 
-0.428144 
-0.428283 
-0.428421 
-0.428559 
-0.428697 
-0.428834 
-0.428971 
-0.429107 
-0.429243 
-0.429379 
-0.429514 
-0.429649 
-0.429784 
-0.429918 
-0.430052 
-0.430186 
-0.430319 
-0.430452 
-0.430585 
-0.430717 
-0.430849 
-0.43098 
-0.431112 
-0.431242 
-0.431373 
-0.431503 
-0.431633 
-0.431762 
-0.431891 
-0.43202 
-0.432148 
-0.432276 
-0.432403 
-0.432531 
-0.432658 
-0.432784 
-0.43291 
-0.433036 
-0.433161 
-0.433286 
-0.433411 
-0.433536 
-0.43366 
-0.433783 
-0.433906 
-0.434029 
-0.434152 
-0.434274 
-0.434396 
-0.434517 
-0.434639 
-0.434759 
-0.43488 
-0.435 
-0.43512 
-0.435239 
-0.435358 
-0.435476 
-0.435595 
-0.435713 
-0.43583 
-0.435947 
-0.436064 
-0.436181 
-0.436297 
-0.436412 
-0.436528 
-0.436643 
-0.436757 
-0.436872 
-0.436986 
-0.437099 
-0.437212 
-0.437325 
-0.437438 
-0.43755 
-0.437662 
-0.437773 
-0.437884 
-0.437995 
-0.438105 
-0.438215 
-0.438325 
-0.438434 
-0.438543 
-0.438651 
-0.438759 
-0.438867 
-0.438974 
-0.439082 
-0.439188 
-0.439295 
-0.4394 
-0.439506 
-0.439611 
-0.439716 
-0.439821 
-0.439925 
-0.440029 
-0.440132 
-0.440235 
-0.440338 
-0.44044 
-0.440542 
-0.440644 
-0.440745 
-0.440846 
-0.440946 
-0.441046 
-0.441146 
-0.441246 
-0.441345 
-0.441443 
-0.441542 
-0.44164 
-0.441737 
-0.441834 
-0.441931 
-0.442028 
-0.442124 
-0.44222 
-0.442315 
-0.44241 
-0.442505 
-0.442599 
-0.442693 
-0.442786 
-0.44288 
-0.442973 
-0.443065 
-0.443157 
-0.443249 
-0.44334 
-0.443431 
-0.443522 
-0.443612 
-0.443702 
-0.443792 
-0.443881 
-0.44397 
-0.444058 
-0.444146 
-0.444234 
-0.444321 
-0.444408 
-0.444495 
-0.444581 
-0.444667 
-0.444752 
-0.444837 
-0.444922 
-0.445007 
-0.445091 
-0.445174 
-0.445257 
-0.44534 
-0.445423 
-0.445505 
-0.445587 
-0.445668 
-0.44575 
-0.44583 
-0.445911 
-0.445991 
-0.44607 
-0.446149 
-0.446228 
-0.446307 
-0.446385 
-0.446463 
-0.44654 
-0.446617 
-0.446694 
-0.44677 
-0.446846 
-0.446922 
-0.446997 
-0.447072 
-0.447146 
-0.44722 
-0.447294 
-0.447367 
-0.44744 
-0.447513 
-0.447585 
-0.447657 
-0.447728 
-0.447799 
-0.44787 
-0.44794 
-0.44801 
-0.44808 
-0.448149 
-0.448218 
-0.448287 
-0.448355 
-0.448423 
-0.44849 
-0.448557 
-0.448624 
-0.44869 
-0.448756 
-0.448822 
-0.448887 
-0.448952 
-0.449016 
-0.44908 
-0.449144 
-0.449207 
-0.44927 
-0.449333 
-0.449395 
-0.449457 
-0.449518 
-0.449579 
-0.44964 
-0.4497 
-0.44976 
-0.44982 
-0.449879 
-0.449938 
-0.449997 
-0.450055 
-0.450112 
-0.45017 
-0.450227 
-0.450284 
-0.45034 
-0.450396 
-0.450451 
-0.450506 
-0.450561 
-0.450616 
-0.45067 
-0.450723 
-0.450777 
-0.450829 
-0.450882 
-0.450934 
-0.450986 
-0.451037 
-0.451088 
-0.451139 
-0.451189 
-0.451239 
-0.451289 
-0.451338 
-0.451387 
-0.451435 
-0.451483 
-0.451531 
-0.451578 
-0.451625 
-0.451672 
-0.451718 
-0.451764 
-0.451809 
-0.451855 
-0.451899 
-0.451944 
-0.451988 
-0.452031 
-0.452074 
-0.452117 
-0.45216 
-0.452202 
-0.452243 
-0.452285 
-0.452326 
-0.452366 
-0.452407 
-0.452446 
-0.452486 
-0.452525 
-0.452564 
-0.452602 
-0.45264 
-0.452678 
-0.452715 
-0.452752 
-0.452788 
-0.452824 
-0.45286 
-0.452896 
-0.452931 
-0.452965 
-0.452999 
-0.453033 
-0.453067 
-0.4531 
-0.453133 
-0.453165 
-0.453197 
-0.453229 
-0.45326 
-0.453291 
-0.453321 
-0.453351 
-0.453381 
-0.45341 
-0.453439 
-0.453468 
-0.453496 
-0.453524 
-0.453552 
-0.453579 
-0.453606 
-0.453632 
-0.453658 
-0.453684 
-0.453709 
-0.453734 
-0.453758 
-0.453782 
-0.453806 
-0.453829 
-0.453852 
-0.453875 
-0.453897 
-0.453919 
-0.453941 
-0.453962 
-0.453983 
-0.454003 
-0.454023 
-0.454042 
-0.454062 
-0.454081 
-0.454099 
-0.454117 
-0.454135 
-0.454152 
-0.454169 
-0.454186 
-0.454202 
-0.454218 
-0.454234 
-0.454249 
-0.454263 
-0.454278 
-0.454292 
-0.454305 
-0.454319 
-0.454331 
-0.454344 
-0.454356 
-0.454368 
-0.454379 
-0.45439 
-0.454401 
-0.454411 
-0.454421 
-0.45443 
-0.454439 
-0.454448 
-0.454457 
-0.454465 
-0.454472 
-0.454479 
-0.454486 
-0.454493 
-0.454499 
-0.454505 
-0.45451 
-0.454515 
-0.45452 
-0.454524 
-0.454528 
-0.454531 
-0.454534 
-0.454537 
-0.454539 
-0.454541 
-0.454543 
-0.454544 
-0.454545 
-0.454545 
-0.454545 
-0.454545 
-0.454545 
-0.454543 
-0.454542 
-0.45454 
-0.454538 
-0.454536 
-0.454533 
-0.454529 
-0.454526 
-0.454522 
-0.454517 
-0.454512 
-0.454507 
-0.454502 
-0.454496 
-0.45449 
-0.454483 
-0.454476 
-0.454468 
-0.454461 
-0.454452 
-0.454444 
-0.454435 
-0.454426 
-0.454416 
-0.454406 
-0.454396 
-0.454385 
-0.454374 
-0.454362 
-0.45435 
-0.454338 
-0.454325 
-0.454312 
-0.454299 
-0.454285 
-0.454271 
-0.454256 
-0.454241 
-0.454226 
-0.45421 
-0.454194 
-0.454178 
-0.454161 
-0.454144 
-0.454126 
-0.454108 
-0.45409 
-0.454071 
-0.454052 
-0.454033 
-0.454013 
-0.453993 
-0.453972 
-0.453951 
-0.45393 
-0.453908 
-0.453886 
-0.453864 
-0.453841 
-0.453818 
-0.453794 
-0.45377 
-0.453746 
-0.453721 
-0.453696 
-0.453671 
-0.453645 
-0.453619 
-0.453592 
-0.453565 
-0.453538 
-0.45351 
-0.453482 
-0.453454 
-0.453425 
-0.453396 
-0.453366 
-0.453336 
-0.453306 
-0.453275 
-0.453244 
-0.453213 
-0.453181 
-0.453149 
-0.453116 
-0.453083 
-0.45305 
-0.453017 
-0.452982 
-0.452948 
-0.452913 
-0.452878 
-0.452843 
-0.452807 
-0.45277 
-0.452734 
-0.452697 
-0.452659 
-0.452621 
-0.452583 
-0.452545 
-0.452506 
-0.452466 
-0.452427 
-0.452387 
-0.452346 
-0.452306 
-0.452264 
-0.452223 
-0.452181 
-0.452139 
-0.452096 
-0.452053 
-0.45201 
-0.451966 
-0.451922 
-0.451877 
-0.451832 
-0.451787 
-0.451741 
-0.451695 
-0.451649 
-0.451602 
-0.451555 
-0.451508 
-0.45146 
-0.451411 
-0.451363 
-0.451314 
-0.451264 
-0.451215 
-0.451165 
-0.451114 
-0.451063 
-0.451012 
-0.45096 
-0.450908 
-0.450856 
-0.450803 
-0.45075 
-0.450697 
-0.450643 
-0.450589 
-0.450534 
-0.450479 
-0.450424 
-0.450368 
-0.450312 
-0.450255 
-0.450199 
-0.450141 
-0.450084 
-0.450026 
-0.449968 
-0.449909 
-0.44985 
-0.44979 
-0.449731 
-0.44967 
-0.44961 
-0.449549 
-0.449488 
-0.449426 
-0.449364 
-0.449302 
-0.449239 
-0.449176 
-0.449112 
-0.449048 
-0.448984 
-0.448919 
-0.448854 
-0.448789 
-0.448723 
-0.448657 
-0.448591 
-0.448524 
-0.448457 
-0.448389 
-0.448321 
-0.448253 
-0.448184 
-0.448115 
-0.448046 
-0.447976 
-0.447906 
-0.447835 
-0.447764 
-0.447693 
-0.447621 
-0.447549 
-0.447477 
-0.447404 
-0.447331 
-0.447257 
-0.447183 
-0.447109 
-0.447034 
-0.446959 
-0.446884 
-0.446808 
-0.446732 
-0.446656 
-0.446579 
-0.446502 
-0.446424 
-0.446346 
-0.446268 
-0.446189 
-0.44611 
-0.446031 
-0.445951 
-0.445871 
-0.44579 
-0.445709 
-0.445628 
-0.445546 
-0.445464 
-0.445382 
-0.445299 
-0.445216 
-0.445133 
-0.445049 
-0.444965 
-0.44488 
-0.444795 
-0.44471 
-0.444624 
-0.444538 
-0.444452 
-0.444365 
-0.444278 
-0.44419 
-0.444102 
-0.444014 
-0.443926 
-0.443837 
-0.443747 
-0.443657 
-0.443567 
-0.443477 
-0.443386 
-0.443295 
-0.443203 
-0.443111 
-0.443019 
-0.442927 
-0.442833 
-0.44274 
-0.442646 
-0.442552 
-0.442458 
-0.442363 
-0.442268 
-0.442172 
-0.442076 
-0.44198 
-0.441883 
-0.441786 
-0.441689 
-0.441591 
-0.441493 
-0.441394 
-0.441296 
-0.441196 
-0.441097 
-0.440997 
-0.440896 
-0.440796 
-0.440695 
-0.440593 
-0.440492 
-0.440389 
-0.440287 
-0.440184 
-0.440081 
-0.439977 
-0.439873 
-0.439769 
-0.439664 
-0.439559 
-0.439454 
-0.439348 
-0.439242 
-0.439135 
-0.439028 
-0.438921 
-0.438814 
-0.438706 
-0.438597 
-0.438489 
-0.43838 
-0.43827 
-0.43816 
-0.43805 
-0.43794 
-0.437829 
-0.437718 
-0.437606 
-0.437494 
-0.437382 
-0.437269 
-0.437156 
-0.437043 
-0.436929 
-0.436815 
-0.436701 
-0.436586 
-0.436471 
-0.436355 
-0.436239 
-0.436123 
-0.436006 
-0.435889 
-0.435772 
-0.435654 
-0.435536 
-0.435418 
-0.435299 
-0.43518 
-0.43506 
-0.43494 
-0.43482 
-0.4347 
-0.434579 
-0.434457 
-0.434336 
-0.434214 
-0.434091 
-0.433968 
-0.433845 
-0.433722 
-0.433598 
-0.433474 
-0.433349 
-0.433224 
-0.433099 
-0.432974 
-0.432848 
-0.432721 
-0.432595 
-0.432468 
-0.43234 
-0.432212 
-0.432084 
-0.431956 
-0.431827 
-0.431698 
-0.431568 
-0.431438 
-0.431308 
-0.431178 
-0.431047 
-0.430915 
-0.430784 
-0.430652 
-0.430519 
-0.430386 
-0.430253 
-0.43012 
-0.429986 
-0.429852 
-0.429717 
-0.429582 
-0.429447 
-0.429312 
-0.429176 
-0.429039 
-0.428903 
-0.428766 
-0.428628 
-0.428491 
-0.428353 
-0.428214 
-0.428075 
-0.427936 
-0.427797 
-0.427657 
-0.427517 
-0.427376 
-0.427235 
-0.427094 
-0.426952 
-0.42681 
-0.426668 
-0.426526 
-0.426382 
-0.426239 
-0.426095 
-0.425951 
-0.425807 
-0.425662 
-0.425517 
-0.425372 
-0.425226 
-0.42508 
-0.424933 
-0.424786 
-0.424639 
-0.424491 
-0.424343 
-0.424195 
-0.424046 
-0.423897 
-0.423748 
-0.423598 
-0.423448 
-0.423298 
-0.423147 
-0.422996 
-0.422845 
-0.422693 
-0.422541 
-0.422388 
-0.422235 
-0.422082 
-0.421929 
-0.421775 
-0.421621 
-0.421466 
-0.421311 
-0.421156 
-0.421 
-0.420844 
-0.420688 
-0.420531 
-0.420374 
-0.420217 
-0.420059 
-0.419901 
-0.419743 
-0.419584 
-0.419425 
-0.419265 
-0.419106 
-0.418945 
-0.418785 
-0.418624 
-0.418463 
-0.418301 
-0.41814 
-0.417977 
-0.417815 
-0.417652 
-0.417489 
-0.417325 
-0.417161 
-0.416997 
-0.416832 
-0.416667 
-0.416502 
-0.416336 
-0.41617 
-0.416004 
-0.415837 
-0.41567 
-0.415503 
-0.415335 
-0.415167 
-0.414999 
-0.41483 
-0.414661 
-0.414491 
-0.414322 
-0.414151 
-0.413981 
-0.41381 
-0.413639 
-0.413468 
-0.413296 
-0.413124 
-0.412951 
-0.412778 
-0.412605 
-0.412431 
-0.412258 
-0.412083 
-0.411909 
-0.411734 
-0.411559 
-0.411383 
-0.411207 
-0.411031 
-0.410854 
-0.410677 
-0.4105 
-0.410322 
-0.410144 
-0.409966 
-0.409787 
-0.409609 
-0.409429 
-0.40925 
-0.40907 
-0.408889 
-0.408709 
-0.408528 
-0.408346 
-0.408165 
-0.407983 
-0.4078 
-0.407617 
-0.407434 
-0.407251 
-0.407067 
-0.406883 
-0.406699 
-0.406514 
-0.406329 
-0.406144 
-0.405958 
-0.405772 
-0.405586 
-0.405399 
-0.405212 
-0.405024 
-0.404837 
-0.404649 
-0.40446 
-0.404272 
-0.404082 
-0.403893 
-0.403703 
-0.403513 
-0.403323 
-0.403132 
-0.402941 
-0.40275 
-0.402558 
-0.402366 
-0.402173 
-0.401981 
-0.401788 
-0.401594 
-0.401401 
-0.401207 
-0.401012 
-0.400817 
-0.400622 
-0.400427 
-0.400231 
-0.400035 
-0.399839 
-0.399642 
-0.399445 
-0.399248 
-0.39905 
-0.398852 
-0.398654 
-0.398455 
-0.398256 
-0.398057 
-0.397857 
-0.397657 
-0.397457 
-0.397256 
-0.397055 
-0.396854 
-0.396652 
-0.39645 
-0.396248 
-0.396045 
-0.395842 
-0.395639 
-0.395435 
-0.395231 
-0.395027 
-0.394822 
-0.394618 
-0.394412 
-0.394207 
-0.394001 
-0.393795 
-0.393588 
-0.393381 
-0.393174 
-0.392967 
-0.392759 
-0.392551 
-0.392342 
-0.392133 
-0.391924 
-0.391715 
-0.391505 
-0.391295 
-0.391084 
-0.390874 
-0.390662 
-0.390451 
-0.390239 
-0.390027 
-0.389815 
-0.389602 
-0.389389 
-0.389176 
-0.388962 
-0.388748 
-0.388534 
-0.388319 
-0.388104 
-0.387889 
-0.387673 
-0.387458 
-0.387241 
-0.387025 
-0.386808 
-0.386591 
-0.386373 
-0.386155 
-0.385937 
-0.385719 
-0.3855 
-0.385281 
-0.385061 
-0.384842 
-0.384622 
-0.384401 
-0.384181 
-0.38396 
-0.383738 
-0.383517 
-0.383295 
-0.383072 
-0.38285 
-0.382627 
-0.382404 
-0.38218 
-0.381956 
-0.381732 
-0.381508 
-0.381283 
-0.381058 
-0.380832 
-0.380607 
-0.38038 
-0.380154 
-0.379927 
-0.3797 
-0.379473 
-0.379245 
-0.379018 
-0.378789 
-0.378561 
-0.378332 
-0.378103 
-0.377873 
-0.377643 
-0.377413 
-0.377183 
-0.376952 
-0.376721 
-0.376489 
-0.376258 
-0.376026 
-0.375793 
-0.375561 
-0.375328 
-0.375095 
-0.374861 
-0.374627 
-0.374393 
-0.374159 
-0.373924 
-0.373689 
-0.373453 
-0.373218 
-0.372982 
-0.372745 
-0.372509 
-0.372272 
-0.372034 
-0.371797 
-0.371559 
-0.371321 
-0.371082 
-0.370843 
-0.370604 
-0.370365 
-0.370125 
-0.369885 
-0.369645 
-0.369404 
-0.369163 
-0.368922 
-0.36868 
-0.368439 
-0.368196 
-0.367954 
-0.367711 
-0.367468 
-0.367225 
-0.366981 
-0.366737 
-0.366493 
-0.366248 
-0.366003 
-0.365758 
-0.365513 
-0.365267 
-0.365021 
-0.364774 
-0.364528 
-0.364281 
-0.364033 
-0.363786 
-0.363538 
-0.36329 
-0.363041 
-0.362792 
-0.362543 
-0.362294 
-0.362044 
-0.361794 
-0.361544 
-0.361293 
-0.361042 
-0.360791 
-0.36054 
-0.360288 
-0.360036 
-0.359783 
-0.359531 
-0.359278 
-0.359025 
-0.358771 
-0.358517 
-0.358263 
-0.358008 
-0.357754 
-0.357499 
-0.357243 
-0.356988 
-0.356732 
-0.356475 
-0.356219 
-0.355962 
-0.355705 
-0.355448 
-0.35519 
-0.354932 
-0.354674 
-0.354415 
-0.354156 
-0.353897 
-0.353637 
-0.353378 
-0.353118 
-0.352857 
-0.352597 
-0.352336 
-0.352075 
-0.351813 
-0.351551 
-0.351289 
-0.351027 
-0.350764 
-0.350501 
-0.350238 
-0.349974 
-0.34971 
-0.349446 
-0.349182 
-0.348917 
-0.348652 
-0.348387 
-0.348121 
-0.347856 
-0.347589 
-0.347323 
-0.347056 
-0.346789 
-0.346522 
-0.346255 
-0.345987 
-0.345719 
-0.34545 
-0.345181 
-0.344912 
-0.344643 
-0.344374 
-0.344104 
-0.343834 
-0.343563 
-0.343292 
-0.343021 
-0.34275 
-0.342479 
-0.342207 
-0.341935 
-0.341662 
-0.34139 
-0.341117 
-0.340843 
-0.34057 
-0.340296 
-0.340022 
-0.339748 
-0.339473 
-0.339198 
-0.338923 
-0.338647 
-0.338371 
-0.338095 
-0.337819 
-0.337542 
-0.337266 
-0.336988 
-0.336711 
-0.336433 
-0.336155 
-0.335877 
-0.335598 
-0.33532 
-0.33504 
-0.334761 
-0.334481 
-0.334201 
-0.333921 
-0.333641 
-0.33336 
-0.333079 
-0.332798 
-0.332516 
-0.332234 
-0.331952 
-0.33167 
-0.331387 
-0.331104 
-0.330821 
-0.330537 
-0.330253 
-0.329969 
-0.329685 
-0.3294 
-0.329115 
-0.32883 
-0.328545 
-0.328259 
-0.327973 
-0.327687 
-0.3274 
-0.327114 
-0.326827 
-0.326539 
-0.326252 
-0.325964 
-0.325676 
-0.325387 
-0.325099 
-0.32481 
-0.32452 
-0.324231 
-0.323941 
-0.323651 
-0.323361 
-0.32307 
-0.32278 
-0.322489 
-0.322197 
-0.321906 
-0.321614 
-0.321322 
-0.321029 
-0.320736 
-0.320444 
-0.32015 
-0.319857 
-0.319563 
-0.319269 
-0.318975 
-0.31868 
-0.318386 
-0.318091 
-0.317795 
-0.3175 
-0.317204 
-0.316908 
-0.316611 
-0.316315 
-0.316018 
-0.315721 
-0.315423 
-0.315126 
-0.314828 
-0.314529 
-0.314231 
-0.313932 
-0.313633 
-0.313334 
-0.313035 
-0.312735 
-0.312435 
-0.312135 
-0.311834 
-0.311533 
-0.311232 
-0.310931 
-0.310629 
-0.310328 
-0.310026 
-0.309723 
-0.309421 
-0.309118 
-0.308815 
-0.308511 
-0.308208 
-0.307904 
-0.3076 
-0.307296 
-0.306991 
-0.306686 
-0.306381 
-0.306076 
-0.30577 
-0.305464 
-0.305158 
-0.304852 
-0.304545 
-0.304238 
-0.303931 
-0.303623 
-0.303316 
-0.303008 
-0.3027 
-0.302391 
-0.302083 
-0.301774 
-0.301465 
-0.301155 
-0.300846 
-0.300536 
-0.300226 
-0.299915 
-0.299605 
-0.299294 
-0.298983 
-0.298671 
-0.29836 
-0.298048 
-0.297736 
-0.297423 
-0.297111 
-0.296798 
-0.296485 
-0.296171 
-0.295858 
-0.295544 
-0.29523 
-0.294916 
-0.294601 
-0.294286 
-0.293971 
-0.293656 
-0.29334 
-0.293025 
-0.292709 
-0.292392 
-0.292076 
-0.291759 
-0.291442 
-0.291125 
-0.290807 
-0.29049 
-0.290172 
-0.289854 
-0.289535 
-0.289216 
-0.288898 
-0.288578 
-0.288259 
-0.287939 
-0.28762 
-0.287299 
-0.286979 
-0.286659 
-0.286338 
-0.286017 
-0.285695 
-0.285374 
-0.285052 
-0.28473 
-0.284408 
-0.284085 
-0.283763 
-0.28344 
-0.283117 
-0.282793 
-0.28247 
-0.282146 
-0.281822 
-0.281497 
-0.281173 
-0.280848 
-0.280523 
-0.280198 
-0.279872 
-0.279547 
-0.279221 
-0.278894 
-0.278568 
-0.278241 
-0.277914 
-0.277587 
-0.27726 
-0.276932 
-0.276605 
-0.276277 
-0.275948 
-0.27562 
-0.275291 
-0.274962 
-0.274633 
-0.274304 
-0.273974 
-0.273644 
-0.273314 
-0.272984 
-0.272653 
-0.272323 
-0.271992 
-0.271661 
-0.271329 
-0.270997 
-0.270666 
-0.270334 
-0.270001 
-0.269669 
-0.269336 
-0.269003 
-0.26867 
-0.268336 
-0.268003 
-0.267669 
-0.267335 
-0.267 
-0.266666 
-0.266331 
-0.265996 
-0.265661 
-0.265326 
-0.26499 
-0.264654 
-0.264318 
-0.263982 
-0.263645 
-0.263309 
-0.262972 
-0.262634 
-0.262297 
-0.261959 
-0.261622 
-0.261284 
-0.260945 
-0.260607 
-0.260268 
-0.259929 
-0.25959 
-0.259251 
-0.258911 
-0.258572 
-0.258232 
-0.257892 
-0.257551 
-0.257211 
-0.25687 
-0.256529 
-0.256188 
-0.255846 
-0.255504 
-0.255163 
-0.25482 
-0.254478 
-0.254136 
-0.253793 
-0.25345 
-0.253107 
-0.252764 
-0.25242 
-0.252076 
-0.251732 
-0.251388 
-0.251044 
-0.250699 
-0.250354 
-0.250009 
-0.249664 
-0.249319 
-0.248973 
-0.248627 
-0.248281 
-0.247935 
-0.247589 
-0.247242 
-0.246895 
-0.246548 
-0.246201 
-0.245853 
-0.245506 
-0.245158 
-0.24481 
-0.244461 
-0.244113 
-0.243764 
-0.243415 
-0.243066 
-0.242717 
-0.242368 
-0.242018 
-0.241668 
-0.241318 
-0.240968 
-0.240617 
-0.240267 
-0.239916 
-0.239565 
-0.239213 
-0.238862 
-0.23851 
-0.238158 
-0.237806 
-0.237454 
-0.237102 
-0.236749 
-0.236396 
-0.236043 
-0.23569 
-0.235336 
-0.234983 
-0.234629 
-0.234275 
-0.233921 
-0.233566 
-0.233212 
-0.232857 
-0.232502 
-0.232147 
-0.231791 
-0.231436 
-0.23108 
-0.230724 
-0.230368 
-0.230012 
-0.229655 
-0.229298 
-0.228942 
-0.228585 
-0.228227 
-0.22787 
-0.227512 
-0.227154 
-0.226796 
-0.226438 
-0.22608 
-0.225721 
-0.225362 
-0.225003 
-0.224644 
-0.224285 
-0.223925 
-0.223566 
-0.223206 
-0.222846 
-0.222486 
-0.222125 
-0.221765 
-0.221404 
-0.221043 
-0.220682 
-0.22032 
-0.219959 
-0.219597 
-0.219235 
-0.218873 
-0.218511 
-0.218148 
-0.217786 
-0.217423 
-0.21706 
-0.216697 
-0.216333 
-0.21597 
-0.215606 
-0.215242 
-0.214878 
-0.214514 
-0.21415 
-0.213785 
-0.21342 
-0.213055 
-0.21269 
-0.212325 
-0.21196 
-0.211594 
-0.211228 
-0.210862 
-0.210496 
-0.21013 
-0.209763 
-0.209397 
-0.20903 
-0.208663 
-0.208295 
-0.207928 
-0.207561 
-0.207193 
-0.206825 
-0.206457 
-0.206089 
-0.20572 
-0.205352 
-0.204983 
-0.204614 
-0.204245 
-0.203876 
-0.203506 
-0.203137 
-0.202767 
-0.202397 
-0.202027 
-0.201657 
-0.201286 
-0.200916 
-0.200545 
-0.200174 
-0.199803 
-0.199432 
-0.19906 
-0.198689 
-0.198317 
-0.197945 
-0.197573 
-0.197201 
-0.196829 
-0.196456 
-0.196083 
-0.19571 
-0.195337 
-0.194964 
-0.194591 
-0.194217 
-0.193844 
-0.19347 
-0.193096 
-0.192722 
-0.192347 
-0.191973 
-0.191598 
-0.191223 
-0.190848 
-0.190473 
-0.190098 
-0.189723 
-0.189347 
-0.188971 
-0.188595 
-0.188219 
-0.187843 
-0.187467 
-0.18709 
-0.186713 
-0.186337 
-0.18596 
-0.185583 
-0.185205 
-0.184828 
-0.18445 
-0.184072 
-0.183695 
-0.183317 
-0.182938 
-0.18256 
-0.182181 
-0.181803 
-0.181424 
-0.181045 
-0.180666 
-0.180287 
-0.179907 
-0.179528 
-0.179148 
-0.178768 
-0.178388 
-0.178008 
-0.177628 
-0.177247 
-0.176867 
-0.176486 
-0.176105 
-0.175724 
-0.175343 
-0.174962 
-0.17458 
-0.174199 
-0.173817 
-0.173435 
-0.173053 
-0.172671 
-0.172288 
-0.171906 
-0.171523 
-0.171141 
-0.170758 
-0.170375 
-0.169991 
-0.169608 
-0.169225 
-0.168841 
-0.168457 
-0.168074 
-0.16769 
-0.167305 
-0.166921 
-0.166537 
-0.166152 
-0.165767 
-0.165383 
-0.164998 
-0.164613 
-0.164227 
-0.163842 
-0.163456 
-0.163071 
-0.162685 
-0.162299 
-0.161913 
-0.161527 
-0.16114 
-0.160754 
-0.160367 
-0.159981 
-0.159594 
-0.159207 
-0.15882 
-0.158433 
-0.158045 
-0.157658 
-0.15727 
-0.156882 
-0.156494 
-0.156106 
-0.155718 
-0.15533 
-0.154941 
-0.154553 
-0.154164 
-0.153775 
-0.153387 
-0.152998 
-0.152608 
-0.152219 
-0.15183 
-0.15144 
-0.15105 
-0.150661 
-0.150271 
-0.149881 
-0.14949 
-0.1491 
-0.14871 
-0.148319 
-0.147929 
-0.147538 
-0.147147 
-0.146756 
-0.146365 
-0.145973 
-0.145582 
-0.14519 
-0.144799 
-0.144407 
-0.144015 
-0.143623 
-0.143231 
-0.142839 
-0.142446 
-0.142054 
-0.141661 
-0.141269 
-0.140876 
-0.140483 
-0.14009 
-0.139697 
-0.139303 
-0.13891 
-0.138517 
-0.138123 
-0.137729 
-0.137335 
-0.136941 
-0.136547 
-0.136153 
-0.135759 
-0.135364 
-0.13497 
-0.134575 
-0.13418 
-0.133786 
-0.133391 
-0.132996 
-0.1326 
-0.132205 
-0.13181 
-0.131414 
-0.131018 
-0.130623 
-0.130227 
-0.129831 
-0.129435 
-0.129039 
-0.128642 
-0.128246 
-0.12785 
-0.127453 
-0.127056 
-0.126659 
-0.126263 
-0.125866 
-0.125468 
-0.125071 
-0.124674 
-0.124276 
-0.123879 
-0.123481 
-0.123084 
-0.122686 
-0.122288 
-0.12189 
-0.121492 
-0.121093 
-0.120695 
-0.120297 
-0.119898 
-0.119499 
-0.119101 
-0.118702 
-0.118303 
-0.117904 
-0.117505 
-0.117106 
-0.116706 
-0.116307 
-0.115907 
-0.115508 
-0.115108 
-0.114708 
-0.114308 
-0.113908 
-0.113508 
-0.113108 
-0.112708 
-0.112307 
-0.111907 
-0.111506 
-0.111106 
-0.110705 
-0.110304 
-0.109903 
-0.109502 
-0.109101 
-0.1087 
-0.108299 
-0.107897 
-0.107496 
-0.107094 
-0.106693 
-0.106291 
-0.105889 
-0.105487 
-0.105085 
-0.104683 
-0.104281 
-0.103879 
-0.103476 
-0.103074 
-0.102672 
-0.102269 
-0.101866 
-0.101463 
-0.101061 
-0.100658 
-0.100255 
-0.0998516 
-0.0994485 
-0.0990452 
-0.0986419 
-0.0982385 
-0.097835 
-0.0974314 
-0.0970277 
-0.096624 
-0.0962202 
-0.0958163 
-0.0954123 
-0.0950082 
-0.0946041 
-0.0941999 
-0.0937956 
-0.0933912 
-0.0929868 
-0.0925823 
-0.0921777 
-0.091773 
-0.0913682 
-0.0909634 
-0.0905585 
-0.0901535 
-0.0897485 
-0.0893434 
-0.0889382 
-0.0885329 
-0.0881275 
-0.0877221 
-0.0873166 
-0.0869111 
-0.0865054 
-0.0860997 
-0.0856939 
-0.0852881 
-0.0848822 
-0.0844762 
-0.0840701 
-0.083664 
-0.0832578 
-0.0828515 
-0.0824452 
-0.0820388 
-0.0816323 
-0.0812258 
-0.0808192 
-0.0804125 
-0.0800058 
-0.079599 
-0.0791921 
-0.0787852 
-0.0783782 
-0.0779711 
-0.077564 
-0.0771568 
-0.0767495 
-0.0763422 
