0 
-0.000469491 
-0.0014075 
-0.00234261 
-0.00327287 
-0.00419638 
-0.00511121 
-0.00601549 
0.219282 
-9.75536e-05 
-0.00768737 
-0.00864642 
-0.00949006 
-0.0103141 
-0.0111168 
-0.0118966 
-0.0126518 
-0.0133808 
-0.0140822 
-0.0147546 
-0.0153964 
-0.0160064 
-0.0165834 
-0.0171261 
-0.0176334 
-0.0181044 
-0.0185379 
-0.0189331 
-0.0192892 
-0.0196054 
-0.0198812 
-0.0201159 
-0.020309 
-0.0204602 
-0.0205691 
-0.0206355 
-0.0206593 
-0.0206404 
-0.0205789 
-0.0204749 
-0.0203285 
-0.0201402 
-0.0199103 
-0.0196392 
-0.0193276 
-0.018976 
-0.0185853 
-0.0181561 
-0.0176895 
-0.0171863 
-0.0166476 
-0.0160745 
-0.0154682 
-0.01483 
-0.0141611 
-0.0134629 
-0.012737 
-0.0119847 
-0.0112077 
-0.0104076 
-0.00958588 
-0.00874441 
-0.00788488 
-0.00700906 
-0.00611875 
-0.00521581 
-0.00430209 
-0.00337949 
-0.00244991 
-0.00151526 
-0.000577484 
0.000361485 
0.00129971 
0.00223524 
0.00316616 
0.00409054 
0.00500647 
0.00591206 
0.00680543 
0.00768475 
0.00854819 
0.00939397 
0.0102203 
0.0110256 
0.0118081 
0.0125662 
0.0132983 
0.014003 
0.0146787 
0.0153242 
0.0159379 
0.0165187 
0.0170655 
0.0175769 
0.0180521 
0.0184899 
0.0188896 
0.0192502 
0.0195711 
0.0198515 
0.020091 
0.0202889 
