-0.00166667
-0.00166019
-0.00165278
-0.00164779
-0.00164725
-0.00165231
-0.00166379
-0.00168209
-0.00170753
-0.00174022
-0.00178028
-0.00182768
-0.00188245
-0.00194453
-0.00201389
-0.00209044
-0.00217413
-0.00226485
-0.00236255
-0.0024671
-0.00257845
-0.00269647
-0.00282109
-0.00295219
-0.00308968
-0.00323344
-0.0033834
-0.00353943
-0.00370144
-0.00386932
-0.00404297
-0.00422229
-0.00440717
-0.00459751
-0.0047932
-0.00499415
-0.00520024
-0.00541139
-0.00562747
-0.0058484
-0.00607407
-0.00630438
-0.00653923
-0.00677852
-0.00702214
-0.00727002
-0.00752203
-0.0077781
-0.0080381
-0.00830198
-0.00856959
-0.00884089
-0.00911573
-0.00939408
-0.00967513
-0.00995745
-0.0102418
-0.00917003
-0.00868915
-0.010048
-0.0108183
-0.0111113
-0.0114077
-0.009778
-0.00977535
-0.0117048
-0.0120105
-0.0123167
-0.0126256
-0.0129375
-0.0132518
-0.011626
-0.0135688
-0.0138882
-0.0122648
-0.01421
-0.0145341
-0.0129133
-0.0148604
-0.0151887
-0.0135705
-0.0155191
-0.0158514
-0.0142358
-0.0143856
-0.0142616
-0.0160613
-0.0165209
-0.0149082
-0.0149119
-0.0149089
-0.0168551
-0.0171973
-0.0155874
-0.0175379
-0.0178801
-0.0162731
-0.0182236
-0.0185686
-0.0169646
-0.0189148
-0.0192622
-0.0176612
-0.0196107
-0.0199603
-0.0183625
-0.0203109
-0.0206625
-0.0190679
-0.021015
-0.0213683
-0.019777
-0.0217224
-0.0220773
-0.0204892
-0.0224328
-0.022789
-0.0212043
-0.0231457
-0.023503
-0.0219218
-0.0238607
-0.0242189
-0.0226412
-0.0245774
-0.0249363
-0.0233623
-0.0252954
-0.0256549
-0.0240846
-0.0260145
-0.0263743
-0.0248077
-0.0267342
-0.0270942
-0.0255314
-0.0274542
-0.0278142
-0.0262554
-0.0281741
-0.0285341
-0.0269792
-0.0288938
-0.0292535
-0.0277026
-0.0296129
-0.0299721
-0.0284254
-0.0303311
-0.0306897
-0.0291472
-0.0310481
-0.0314061
-0.0298678
-0.0317637
-0.0321209
-0.0305869
-0.0324777
-0.032834
-0.0313044
-0.0331898
-0.0335451
-0.0320199
-0.0338998
-0.034254
-0.0327334
-0.0346076
-0.0349605
-0.0334444
-0.0353128
-0.0356644
-0.034153
-0.0360154
-0.0363656
-0.0348589
-0.0367151
-0.0370638
-0.0355619
-0.0374117
-0.0377589
-0.0362618
-0.0381052
-0.0384507
-0.0369586
-0.0387954
-0.0391392
-0.037652
-0.0394821
-0.0398241
-0.038342
-0.0401652
-0.0405054
-0.0390283
-0.0408446
-0.0411828
-0.039711
-0.0415201
-0.0418564
-0.0403898
-0.0421917
-0.0425259
-0.0410647
-0.0428592
-0.0431914
-0.0417355
-0.0435225
-0.0438526
-0.0424021
-0.0441816
-0.0445096
-0.0430646
-0.0432062
-0.0430908
-0.0447208
-0.0451621
-0.0437227
-0.043727
-0.0437235
-0.0454831
-0.0458102
-0.0443765
-0.0461326
-0.0464539
-0.0450258
-0.046774
-0.0470929
-0.0456706
-0.0474106
-0.0477272
-0.0463107
-0.0480426
-0.0483567
-0.0469461
-0.0486697
-0.0489814
-0.0475768
-0.049292
-0.0496012
-0.0482026
-0.0499093
-0.0502161
-0.0488235
-0.0505216
-0.0508259
-0.0494395
-0.0511289
-0.0514307
-0.0500505
-0.0517312
-0.0520303
-0.0506564
-0.0523282
-0.0526248
-0.0512572
-0.0529201
-0.0532141
-0.0518528
-0.0535067
-0.053798
-0.0524432
-0.054088
-0.0543766
-0.0530283
-0.0546639
-0.0549498
-0.0536081
-0.0552344
-0.0555176
-0.0541824
-0.0557994
-0.0560798
-0.0547514
-0.0563589
-0.0566365
-0.0553148
-0.0569127
-0.0571875
-0.0558726
-0.0574609
-0.0577328
-0.0564248
-0.0580034
-0.0582724
-0.0569712
-0.05854
-0.0588061
-0.0575119
-0.0590708
-0.059334
-0.0580468
-0.0595957
-0.0598558
-0.0585758
-0.0601145
-0.0603717
-0.0590987
-0.0606273
-0.0608814
-0.0596157
-0.0611339
-0.0613849
-0.0601264
-0.0616344
-0.0618822
-0.060631
-0.0621285
-0.0623731
-0.0611293
-0.0626162
-0.0628576
-0.0616212
-0.0630974
-0.0633356
-0.0621067
-0.0635721
-0.063807
-0.0625856
-0.0640402
-0.0642716
-0.0630579
-0.0645015
-0.0647295
-0.0635234
-0.0649559
-0.0651806
-0.0639821
-0.0654035
-0.0656246
-0.064434
-0.0658441
-0.0660617
-0.0648788
-0.0662775
-0.0664915
-0.0653165
-0.0667037
-0.0669141
-0.0657469
-0.0671226
-0.0673293
-0.0661701
-0.0675341
-0.067737
-0.0665859
-0.0679381
-0.0681372
-0.0669941
-0.0683345
-0.0685298
-0.0673948
-0.0687231
-0.0689145
-0.0677877
-0.069104
-0.0692914
-0.0681728
-0.0694769
-0.0696603
-0.0685499
-0.0698417
-0.0700211
-0.0689191
-0.0701985
-0.0703738
-0.0692801
-0.070547
-0.0707181
-0.0696328
-0.0708872
-0.0710541
-0.0699773
-0.0712189
-0.0713816
-0.0703133
-0.0715421
-0.0717005
-0.0706407
-0.0718567
-0.0720107
-0.0709595
-0.0721625
-0.0723121
-0.0712696
-0.0724596
-0.0726047
-0.0715709
-0.0727477
-0.0728883
-0.0718632
-0.0730268
-0.0731629
-0.0721466
-0.0732968
-0.0734283
-0.0724209
-0.0735576
-0.0736846
-0.072686
-0.0738092
-0.0739315
-0.0729418
-0.0740515
-0.0741691
-0.0731884
-0.0742844
-0.0743973
-0.0734256
-0.0745078
-0.0746159
-0.0736533
-0.0747217
-0.074825
-0.0738715
-0.074926
-0.0750245
-0.0740801
-0.0751207
-0.0752144
-0.0742791
-0.0753056
-0.0753945
-0.0744684
-0.0754809
-0.0755648
-0.074648
-0.0756463
-0.0757254
-0.0748179
-0.075802
-0.0758761
-0.0749779
-0.0759478
-0.0760169
-0.0751282
-0.0760837
-0.0761479
-0.0752686
-0.0762097
-0.076269
-0.0753991
-0.0763259
-0.0763802
-0.0755198
-0.0764321
-0.0764815
-0.0756307
-0.0765285
-0.0765729
-0.0757316
-0.0766149
-0.0766544
-0.0758227
-0.0766915
-0.076726
-0.075904
-0.0767581
-0.0767878
-0.0759754
-0.076815
-0.0768397
-0.0760371
-0.076862
-0.0768818
-0.0760889
-0.0768992
-0.0769141
-0.076131
-0.0769267
-0.0769367
-0.0761635
-0.0769444
-0.0769497
-0.0761863
-0.0769525
-0.076953
-0.0761995
-0.0769511
-0.0769467
-0.0762032
-0.0769401
-0.076931
-0.0761974
-0.0769196
-0.0769058
-0.0761822
-0.0768898
-0.0768713
-0.0761577
-0.0768506
-0.0768276
-0.076124
-0.0768023
-0.0767746
-0.0760812
-0.0767448
-0.0767126
-0.0760293
-0.0766782
-0.0766416
-0.0759684
-0.0766028
-0.0765617
-0.0758987
-0.0765185
-0.0764731
-0.0758203
-0.0764255
-0.0763758
-0.0757332
-0.0763239
-0.0762699
-0.0756377
-0.0762139
-0.0761557
-0.0755337
-0.0760955
-0.0760331
-0.0754215
-0.0759688
-0.0759024
-0.0753011
-0.075834
-0.0757637
-0.0751727
-0.0756913
-0.075617
-0.0750364
-0.0755408
-0.0754626
-0.0748925
-0.0753825
-0.0753006
-0.0747409
-0.0752167
-0.0751311
-0.0745819
-0.0750436
-0.0749542
-0.0744155
-0.0748631
-0.0747702
-0.0742421
-0.0746756
-0.0745792
-0.0740616
-0.0744811
-0.0743813
-0.0738743
-0.0742799
-0.0741767
-0.0736803
-0.074072
-0.0739656
-0.0734798
-0.0738576
-0.073748
-0.0732728
-0.0736369
-0.0735242
-0.0730597
-0.0734101
-0.0732944
-0.0728405
-0.0731773
-0.0730586
-0.0726155
-0.0729386
-0.0728171
-0.0723847
-0.0726942
-0.07257
-0.0721483
-0.0724444
-0.0723174
-0.0719065
-0.0721892
-0.0720596
-0.0716595
-0.0719288
-0.0717967
-0.0714074
-0.0716635
-0.0715289
-0.0711504
-0.0713932
-0.0712563
-0.0708886
-0.0711183
-0.0709791
-0.0706222
-0.0708388
-0.0706974
-0.0703514
-0.0705549
-0.0704114
-0.0700763
-0.0702669
-0.0701213
-0.069797
-0.0699747
-0.0698272
-0.0695138
-0.0696787
-0.0695292
-0.0692268
-0.0693789
-0.0692276
-0.0689361
-0.0690755
-0.0689225
-0.0686419
-0.0687687
-0.068614
-0.0683444
-0.0684585
-0.0683022
-0.0680436
-0.0681452
-0.0679874
-0.0677398
-0.0678289
-0.0676697
-0.067433
-0.0675098
-0.0673491
-0.0671235
-0.0671879
-0.0670259
-0.0668113
-0.0668634
-0.0667002
-0.0664966
-0.0665365
-0.0663721
-0.0661795
-0.0662072
-0.0660417
-0.0658602
-0.0658758
-0.0657092
-0.0655388
-0.0655423
-0.0653748
-0.0652154
-0.0652068
-0.0650384
-0.0648901
-0.0648696
-0.0647003
-0.0645631
-0.0645307
-0.0643606
-0.0642344
-0.0641902
-0.0640194
-0.0639042
-0.0638482
-0.0636767
-0.0635727
-0.0635049
-0.0633328
-0.0632399
-0.0631604
-0.0629877
-0.0629059
-0.0628148
-0.0626415
-0.0625708
-0.0624681
-0.0622944
-0.0622348
-0.0621206
-0.0619464
-0.0618979
-0.0617722
-0.0615977
-0.0615603
-0.0614231
-0.0612483
-0.061222
-0.0610734
-0.0608983
-0.0608831
-0.0607232
-0.0605479
-0.0605438
-0.0603726
-0.0601971
-0.0602041
-0.0600216
-0.059846
-0.0598641
-0.0596704
-0.0594947
-0.059524
-0.0593191
-0.0591433
-0.0591837
-0.0589677
-0.0587919
-0.0588434
-0.0586163
-0.0584406
-0.0585031
-0.058265
-0.0580894
-0.0581631
-0.0579139
-0.0577384
-0.0578232
-0.0575631
-0.0573878
-0.0574837
-0.0572127
-0.0570376
-0.0571445
-0.0568626
-0.0566878
-0.0568058
-0.0565132
-0.0563386
-0.0564677
-0.0561643
-0.05599
-0.0561302
-0.055816
-0.0556422
-0.0557934
-0.0554686
-0.0552951
-0.0554575
-0.055122
-0.054949
-0.0551223
-0.0547763
-0.0546038
-0.0547882
-0.0544316
-0.0542596
-0.0544551
-0.054088
-0.0539165
-0.054123
-0.0537455
-0.0535747
-0.0537922
-0.0534043
-0.0532341
-0.0534627
-0.0530644
-0.0528949
-0.0531344
-0.0527259
-0.0525572
-0.0528077
-0.0523889
-0.0522209
-0.0524824
-0.0520535
-0.0518863
-0.0521588
-0.0517197
-0.0515534
-0.0518369
-0.0513877
-0.0512223
-0.0515167
-0.0510575
-0.0508931
-0.0511984
-0.0507293
-0.0505659
-0.0508821
-0.0504031
-0.0502407
-0.0505678
-0.050079
-0.0499177
-0.0502557
-0.0497571
-0.049597
-0.0499458
-0.0494375
-0.0492786
-0.0496383
-0.0491203
-0.0489626
-0.0493332
-0.0488056
-0.0486492
-0.0490307
-0.0484936
-0.0483385
-0.0487307
-0.0481842
-0.0480306
-0.0484336
-0.0478777
-0.0477255
-0.0481392
-0.0475741
-0.0474234
-0.0478479
-0.0472735
-0.0471243
-0.0475596
-0.046976
-0.0468285
-0.0472745
-0.0466819
-0.046536
-0.0469927
-0.046391
-0.0462469
-0.0467143
-0.0461037
-0.0459614
-0.0464394
-0.04582
-0.0456795
-0.0461682
-0.04554
-0.0454014
-0.0459007
-0.0452638
-0.0451272
-0.0456371
-0.0449917
-0.0448571
-0.0453775
-0.0447236
-0.0445911
-0.045122
-0.0444597
-0.0443293
-0.0448708
-0.0442001
-0.044072
-0.044624
-0.043945
-0.0438192
-0.0443816
-0.0436945
-0.043571
-0.0441439
-0.0434487
-0.0433276
-0.043911
-0.0432078
-0.0430892
-0.0436829
-0.0429718
-0.0428557
-0.0434598
-0.042741
-0.0426275
-0.0432419
-0.0425153
-0.0424045
-0.0430292
-0.0422951
-0.0421869
-0.0420803
-0.0419742
-0.0418699
-0.0417664
-0.0416648
-0.0415642
-0.0414654
-0.0413679
-0.0412722
-0.0411779
-0.0410853
-0.0409943
-0.040905
-0.0408173
-0.0407314
-0.0406472
-0.0405647
-0.0404839
-0.0404049
-0.0410507
-0.0411283
-0.0404047
-0.0402509
-0.0401765
-0.0401047
-0.0400343
-0.0399664
-0.0398998
-0.0398358
-0.0397729
-0.0397127
-0.0396536
-0.0395972
-0.0395419
-0.0394893
-0.0394379
-0.0393892
-0.0393416
-0.0392968
-0.0392531
-0.0392123
-0.0391725
-0.0391356
-0.0390998
-0.0390669
-0.0399155
-0.0390351
-0.0390054
-0.0398635
-0.0389769
-0.0389508
-0.0398185
-0.0389261
-0.0389037
-0.0397808
-0.0388828
-0.0388643
-0.0397508
-0.0388472
-0.0388327
-0.0397286
-0.0388196
-0.038809
-0.0397143
-0.0387999
-0.0387934
-0.039708
-0.0387884
-0.0387859
-0.0397098
-0.038785
-0.0387866
-0.0397197
-0.0387897
-0.0387955
-0.0397377
-0.0388027
-0.0388126
-0.039764
-0.038824
-0.038838
-0.0397985
-0.0388535
-0.0388717
-0.0398412
-0.0388913
-0.0389136
-0.0398922
-0.0389375
-0.038964
-0.0399515
-0.0389919
-0.0390226
-0.0400191
-0.0390547
-0.0390895
-0.0400949
-0.0391258
-0.0391648
-0.040179
-0.0392053
-0.0392484
-0.0402714
-0.039293
-0.0393402
-0.040372
-0.039389
-0.0394404
-0.0404808
-0.0394932
-0.0395487
-0.0405978
-0.0396057
-0.0396653
-0.040723
-0.0397263
-0.03979
-0.0408563
-0.0398551
-0.0399228
-0.0409976
-0.0399919
-0.0400637
-0.041147
-0.0401368
-0.0402126
-0.0413043
-0.0402897
-0.0403694
-0.0414695
-0.0404505
-0.0405341
-0.0416425
-0.0406191
-0.0407066
-0.0418233
-0.0407955
-0.0408869
-0.0420117
-0.0409795
-0.0410747
-0.0422078
-0.0411712
-0.0412701
-0.0424113
-0.0413703
-0.041473
-0.0426222
-0.0415769
-0.0416832
-0.0428405
-0.0417907
-0.0419007
-0.0430659
-0.0420118
-0.0421253
-0.0432984
-0.0422399
-0.0423569
-0.0435379
-0.042475
-0.0425954
-0.0437843
-0.0427169
-0.0428408
-0.0440373
-0.0429656
-0.0430927
-0.044297
-0.0432208
-0.0433512
-0.0445631
-0.0434825
-0.043616
-0.0448356
-0.0437505
-0.0438871
-0.0451142
-0.0440246
-0.0441643
-0.0453989
-0.0443048
-0.0444474
-0.0456895
-0.0445908
-0.0447363
-0.0459858
-0.0448826
-0.0450309
-0.0462876
-0.0451799
-0.0453309
-0.0465949
-0.0454826
-0.0456362
-0.0469074
-0.0457905
-0.0459467
-0.047225
-0.0461034
-0.0462621
-0.0475475
-0.0464212
-0.0465823
-0.0478748
-0.0467438
-0.0469071
-0.0482066
-0.0470708
-0.0472363
-0.0485428
-0.0474022
-0.0475699
-0.0488832
-0.0477378
-0.0479074
-0.0492275
-0.0480773
-0.0482489
-0.0495757
-0.0484207
-0.048594
-0.0499276
-0.0487676
-0.0489427
-0.0502829
-0.0491179
-0.0492946
-0.0506414
-0.0494714
-0.0496497
-0.051003
-0.049828
-0.0500077
-0.0513674
-0.0501874
-0.0503684
-0.0517346
-0.0505494
-0.0507317
-0.0521041
-0.0509138
-0.0510972
-0.052476
-0.0512805
-0.0514649
-0.0528499
-0.0516491
-0.0518345
-0.0532256
-0.0520196
-0.0522059
-0.0536031
-0.0523918
-0.0525787
-0.053982
-0.0527653
-0.0529529
-0.0543621
-0.0531401
-0.0533282
-0.0547433
-0.0535159
-0.0537044
-0.0551254
-0.0538925
-0.0540814
-0.0555081
-0.0542697
-0.0544588
-0.0558912
-0.0546473
-0.0548366
-0.0562746
-0.0550251
-0.0552144
-0.0566581
-0.055403
-0.0555922
-0.0570414
-0.0557806
-0.0559697
-0.0574243
-0.0561579
-0.0563467
-0.0578067
-0.0565346
-0.056723
-0.0581884
-0.0569105
-0.0570985
-0.0585691
-0.0572854
-0.0574729
-0.0589487
-0.0576592
-0.057846
-0.0593269
-0.0580316
-0.0582176
-0.0597036
-0.0584025
-0.0585876
-0.0600786
-0.0587716
-0.0589558
-0.0604517
-0.0591388
-0.059322
-0.0608227
-0.0595038
-0.0596859
-0.0611915
-0.0598666
-0.0600475
-0.0615578
-0.0602269
-0.0604065
-0.0619214
-0.0605845
-0.0607627
-0.0622823
-0.0609393
-0.061116
-0.0626401
-0.0612911
-0.0614662
-0.0629948
-0.0616397
-0.0618131
-0.0633461
-0.061985
-0.0621566
-0.0636939
-0.0623267
-0.0624965
-0.0640381
-0.0626647
-0.0628326
-0.0643784
-0.0629989
-0.0631648
-0.0647147
-0.063329
-0.0634929
-0.0650468
-0.063655
-0.0638167
-0.0653746
-0.0639766
-0.0641361
-0.0656979
-0.0642938
-0.064451
-0.0660166
-0.0646063
-0.0647612
-0.0663306
-0.064914
-0.0650664
-0.0666396
-0.0652169
-0.0653667
-0.0669435
-0.0655146
-0.0656619
-0.0672422
-0.0658071
-0.0659517
-0.0675356
-0.0660943
-0.0662362
-0.0678234
-0.066376
-0.0665151
-0.0681057
-0.0666521
-0.0667883
-0.0683822
-0.0669224
-0.0670557
-0.0686528
-0.0671869
-0.0673172
-0.0689174
-0.0674453
-0.0675726
-0.0691759
-0.0676977
-0.0678219
-0.0694282
-0.0679438
-0.0680648
-0.0696741
-0.0681836
-0.0683014
-0.0699135
-0.0684169
-0.0685314
-0.0701463
-0.0686437
-0.0687549
-0.0703724
-0.0688637
-0.0689716
-0.0705918
-0.069077
-0.0691814
-0.0708042
-0.0692835
-0.0693844
-0.0710097
-0.0694829
-0.0695803
-0.071208
-0.0696753
-0.0697691
-0.0713992
-0.0698605
-0.0699507
-0.0715831
-0.0700385
-0.070125
-0.0717596
-0.0702091
-0.070292
-0.0719286
-0.0703723
-0.0704514
-0.0720902
-0.070528
-0.0706034
-0.0722441
-0.0706762
-0.0707477
-0.0723903
-0.0708167
-0.0708843
-0.0725288
-0.0709494
-0.0710132
-0.0726595
-0.0710744
-0.0711343
-0.0727822
-0.0711915
-0.0712474
-0.072897
-0.0713008
-0.0713527
-0.0730038
-0.071402
-0.0714499
-0.0731025
-0.0714952
-0.0715391
-0.0731931
-0.0715803
-0.0716201
-0.0732754
-0.0716573
-0.071693
-0.0733496
-0.0717261
-0.0717577
-0.0734155
-0.0717867
-0.0718142
-0.0734731
-0.0718391
-0.0718624
-0.0735223
-0.0718831
-0.0719022
-0.0735631
-0.0719188
-0.0719338
-0.0735955
-0.0719462
-0.0719569
-0.0736195
-0.0719651
-0.0719717
-0.073635
-0.0719757
-0.071978
-0.073642
-0.0719778
-0.0719759
-0.0736405
-0.0719715
-0.0719654
-0.0736305
-0.0719567
-0.0719464
-0.0736119
-0.0719335
-0.0719189
-0.0735848
-0.0719018
-0.071883
-0.0735492
-0.0718616
-0.0718386
-0.073505
-0.071813
-0.0717857
-0.0734523
-0.0717559
-0.0717244
-0.0733911
-0.0716904
-0.0716547
-0.0733213
-0.0716164
-0.0715765
-0.0732431
-0.0715341
-0.0714899
-0.0731563
-0.0714433
-0.0713949
-0.0730611
-0.0713441
-0.0712916
-0.0729575
-0.0712367
-0.07118
-0.0728455
-0.0711209
-0.0710601
-0.0727251
-0.0709968
-0.0709319
-0.0725965
-0.0708646
-0.0707955
-0.0724595
-0.0707241
-0.070651
-0.0723143
-0.0705756
-0.0704984
-0.072161
-0.0704189
-0.0703378
-0.0719995
-0.0702543
-0.0701691
-0.07183
-0.0700817
-0.0699926
-0.0716525
-0.0699012
-0.0698082
-0.071467
-0.0697129
-0.069616
-0.0712738
-0.0695169
-0.0694162
-0.0710727
-0.0693132
-0.0692087
-0.070864
-0.069102
-0.0689937
-0.0706476
-0.0688832
-0.0687712
-0.0704238
-0.0686571
-0.0685414
-0.0701925
-0.0684237
-0.0683044
-0.0699539
-0.0681831
-0.0680602
-0.0697081
-0.0679353
-0.067809
-0.0694552
-0.0676806
-0.0675508
-0.0691953
-0.0674191
-0.0672859
-0.0689284
-0.0671507
-0.0670142
-0.0686548
-0.0668757
-0.0667359
-0.0683746
-0.0665943
-0.0664512
-0.0680878
-0.0663064
-0.0661602
-0.0677947
-0.0660122
-0.0658629
-0.0674952
-0.0657119
-0.0655596
-0.0671896
-0.0654057
-0.0652504
-0.0668781
-0.0650935
-0.0649354
-0.0665607
-0.0647757
-0.0646148
-0.0662375
-0.0644523
-0.0642887
-0.0659088
-0.0641235
-0.0639572
-0.0655747
-0.0637895
-0.0636206
-0.0652354
-0.0634503
-0.063279
-0.064891
-0.0631062
-0.0629324
-0.0645416
-0.0627573
-0.0625812
-0.0641874
-0.0624038
-0.0622255
-0.0638287
-0.0620458
-0.0618653
-0.0634655
-0.0616836
-0.061501
-0.063098
-0.0613172
-0.0611327
-0.0627265
-0.0609469
-0.0607605
-0.062351
-0.0605729
-0.0603846
-0.0619717
-0.0601952
-0.0600052
-0.0615889
-0.0598142
-0.0596225
-0.0612027
-0.0594299
-0.0592366
-0.0608133
-0.0590425
-0.0588478
-0.0604209
-0.0586523
-0.0584563
-0.0600256
-0.0582594
-0.0580621
-0.0596277
-0.057864
-0.0576655
-0.0592272
-0.0574663
-0.0572668
-0.0588246
-0.0570665
-0.056866
-0.0584198
-0.0566648
-0.0564633
-0.0580131
-0.0562613
-0.056059
-0.0576046
-0.0558562
-0.0556533
-0.0571947
-0.0554498
-0.0552462
-0.0567834
-0.0550422
-0.0548381
-0.056371
-0.0546336
-0.0544291
-0.0559576
-0.0542243
-0.0540194
-0.0555434
-0.0538143
-0.0536092
-0.0551287
-0.0534039
-0.0531987
-0.0547136
-0.0529933
-0.0527881
-0.0542983
-0.0525827
-0.0523775
-0.0538829
-0.0521722
-0.0519671
-0.0534678
-0.051762
-0.0515572
-0.053053
-0.0513524
-0.051148
-0.0526388
-0.0509435
-0.0507395
-0.0522254
-0.0505356
-0.050332
-0.0518128
-0.0501287
-0.0499258
-0.0514014
-0.049723
-0.0495208
-0.0509913
-0.0493189
-0.0491175
-0.0505827
-0.0489164
-0.0487158
-0.0501757
-0.0485157
-0.0483161
-0.0497706
-0.0481169
-0.0479185
-0.0493675
-0.0477204
-0.0475231
-0.0489666
-0.0473262
-0.0471302
-0.0485681
-0.0469346
-0.0467399
-0.0481721
-0.0465457
-0.0463523
-0.0477789
-0.0461596
-0.0459678
-0.0473886
-0.0457766
-0.0455863
-0.0470013
-0.0453967
-0.0452082
-0.0466172
-0.0450203
-0.0448335
-0.0462365
-0.0446474
-0.0444624
-0.0458594
-0.0442782
-0.0440951
-0.0454861
-0.0439128
-0.0437317
-0.0451165
-0.0435515
-0.0433725
-0.0447511
-0.0431943
-0.0430174
-0.0443898
-0.0428415
-0.0426668
-0.0440328
-0.0424931
-0.0423207
-0.0436803
-0.0421493
-0.0419793
-0.0433325
-0.0418104
-0.0416428
-0.0429894
-0.0414763
-0.0413112
-0.0426513
-0.0411473
-0.0409848
-0.0423182
-0.0408234
-0.0406636
-0.0419903
-0.0405049
-0.0403478
-0.0416678
-0.0401919
-0.0400375
-0.0413507
-0.0398844
-0.0397329
-0.0410392
-0.0395827
-0.0394341
-0.0407334
-0.0392867
-0.0391411
-0.0404335
-0.0389968
-0.0388542
-0.0401395
-0.0387129
-0.0385734
-0.0398516
-0.0384353
-0.0382989
-0.03957
-0.0381639
-0.0380308
-0.0392946
-0.037899
-0.0377691
-0.0390256
-0.0376406
-0.037514
-0.0387632
-0.0373888
-0.0372656
-0.0385074
-0.0371438
-0.037024
-0.0382584
-0.0369056
-0.0367892
-0.0380161
-0.0366743
-0.0365615
-0.0377808
-0.0364501
-0.0363408
-0.0375526
-0.036233
-0.0361273
-0.0373314
-0.0360231
-0.035921
-0.0371174
-0.0358204
-0.035722
-0.0369107
-0.0356252
-0.0355304
-0.0367113
-0.0354373
-0.0353464
-0.0365193
-0.035257
-0.0351698
-0.0363349
-0.0350843
-0.0350009
-0.036158
-0.0349192
-0.0348397
-0.0359887
-0.0347618
-0.0346862
-0.0358272
-0.0346122
-0.0345405
-0.0356734
-0.0344704
-0.0344027
-0.0355273
-0.0343366
-0.0342727
-0.0353892
-0.0342106
-0.0341508
-0.0352589
-0.0340926
-0.0340368
-0.0351366
-0.0339827
-0.0339308
-0.0350223
-0.0338807
-0.033833
-0.034916
-0.0337869
-0.0337432
-0.0348178
-0.0337012
-0.0336616
-0.0347277
-0.0336237
-0.0335881
-0.0346456
-0.0335543
-0.0335228
-0.0345717
-0.0334931
-0.0334658
-0.034506
-0.0334401
-0.0334169
-0.0344484
-0.0333954
-0.0333762
-0.034399
-0.0333588
-0.0333438
-0.0343578
-0.0333305
-0.0333196
-0.0343248
-0.0333104
-0.0333037
-0.0342999
-0.0332986
-0.0332959
-0.0342833
-0.033295
-0.0332964
-0.0342748
-0.0332995
-0.0333051
-0.0342744
-0.0333123
-0.0333219
-0.0342822
-0.0333332
-0.033347
-0.0342982
-0.0333623
-0.0333801
-0.0333995
-0.0334208
-0.0334439
-0.033469
-0.0334959
-0.0335249
-0.0335557
-0.0335885
-0.0336231
-0.0336598
-0.0336982
-0.0337388
-0.033781
-0.0338253
-0.0338714
-0.0339195
-0.0339693
-0.0340212
-0.0340747
-0.0341303
-0.0341875
-0.0342468
-0.0343077
-0.0343706
-0.0344352
-0.0345017
-0.0345699
-0.03464
-0.0347117
-0.0347854
-0.0348607
-0.0349379
-0.0350166
-0.0350973
-0.0351795
-0.0352636
-0.0353492
-0.0354367
-0.0355256
-0.0356165
-0.0357087
-0.0358029
-0.0358984
-0.0359958
-0.0360945
-0.0361952
-0.0362971
-0.0364009
-0.0365059
-0.0366128
-0.0367209
-0.0368309
-0.036942
-0.037055
-0.0371691
-0.037285
-0.037402
-0.0375209
-0.0376407
-0.0377624
-0.037885
-0.0380095
-0.0381348
-0.0382621
-0.0383901
-0.03852
-0.0386507
-0.0387832
-0.0389164
-0.0390514
-0.0391871
-0.0393247
-0.0394628
-0.0396028
-0.0401796
-0.040181
-0.0397448
-0.0398854
-0.0400283
-0.0401726
-0.0403178
-0.0404643
-0.0406118
-0.0407604
-0.04091
-0.0410607
-0.0412123
-0.0413651
-0.0415186
-0.0416733
-0.0418287
-0.0419853
-0.0421425
-0.042301
-0.0424599
-0.0426201
-0.0430926
-0.0427807
-0.0429419
-0.0434038
-0.0431037
-0.0432661
-0.0437174
-0.0434292
-0.0435929
-0.0440334
-0.0437571
-0.043922
-0.0443518
-0.0440874
-0.0442533
-0.0446724
-0.0444198
-0.0445867
-0.044995
-0.0447542
-0.0449221
-0.0453196
-0.0450904
-0.0452591
-0.0456458
-0.0454282
-0.0455976
-0.0459735
-0.0457674
-0.0459375
-0.0463025
-0.0461079
-0.0462785
-0.0466327
-0.0464494
-0.0466205
-0.0469639
-0.0467918
-0.0469633
-0.0472958
-0.0471349
-0.0473067
-0.0476283
-0.0474785
-0.0476505
-0.0479612
-0.0478225
-0.0479945
-0.0482943
-0.0481666
-0.0483386
-0.0486274
-0.0485106
-0.0486825
-0.0489604
-0.0488544
-0.0490262
-0.0492931
-0.0491978
-0.0493693
-0.0496252
-0.0495406
-0.0497117
-0.0499566
-0.0498826
-0.0500533
-0.0502872
-0.0502237
-0.0503938
-0.0506168
-0.0505636
-0.0507331
-0.0509451
-0.0509023
-0.0510711
-0.051272
-0.0512394
-0.0514074
-0.0515973
-0.051575
-0.0517421
-0.0519209
-0.0519087
-0.0520748
-0.0522426
-0.0522404
-0.0524055
-0.0525622
-0.05257
-0.0527339
-0.0528796
-0.0528972
-0.05306
-0.0531945
-0.053222
-0.0533835
-0.0535069
-0.0535442
-0.0537042
-0.0538167
-0.0538635
-0.0540222
-0.0541235
-0.05418
-0.0543371
-0.0544273
-0.0544933
-0.0546488
-0.054728
-0.0548034
-0.0549573
-0.0550253
-0.0551102
-0.0552622
-0.0553192
-0.0554134
-0.0555636
-0.0556095
-0.0557129
-0.0558613
-0.055896
-0.0560087
-0.0561551
-0.0561787
-0.0563005
-0.0564449
-0.0564574
-0.0565883
-0.0567306
-0.056732
-0.0568718
-0.057012
-0.0570023
-0.0571511
-0.0572891
-0.0572683
-0.057426
-0.0575617
-0.0575298
-0.0576963
-0.0578297
-0.0577866
-0.0579619
-0.058093
-0.0580388
-0.0582228
-0.0583514
-0.0582862
-0.0584788
-0.058605
-0.0585286
-0.0587298
-0.0588535
-0.058766
-0.0589758
-0.0590969
-0.0589983
-0.0592166
-0.059335
-0.0592254
-0.0594521
-0.0595679
-0.0594471
-0.0596822
-0.0597953
-0.0596635
-0.059907
-0.0600173
-0.0598744
-0.0601261
-0.0602337
-0.0600797
-0.0603397
-0.0604444
-0.0602794
-0.0605476
-0.0606494
-0.0604733
-0.0607497
-0.0608486
-0.0606615
-0.060946
-0.061042
-0.0608438
-0.0611364
-0.0612294
-0.0610202
-0.0613208
-0.0614108
-0.0611906
-0.0614992
-0.0615862
-0.0613549
-0.0616715
-0.0617554
-0.0615132
-0.0618376
-0.0619184
-0.0616652
-0.0619976
-0.0620753
-0.0618111
-0.0621513
-0.0622258
-0.0619507
-0.0622987
-0.0623701
-0.062084
-0.0624398
-0.0625079
-0.0622109
-0.0625744
-0.0626394
-0.0623314
-0.0627027
-0.0627644
-0.0624455
-0.0628244
-0.0628829
-0.0625532
-0.0629397
-0.062995
-0.0626543
-0.0630485
-0.0631004
-0.0627489
-0.0631506
-0.0631993
-0.0628369
-0.0632462
-0.0632916
-0.0629184
-0.0633352
-0.0633773
-0.0629932
-0.0634176
-0.0634563
-0.0630614
-0.0634932
-0.0635286
-0.063123
-0.0635622
-0.0635943
-0.0631779
-0.0636246
-0.0636532
-0.0632261
-0.0636802
-0.0637055
-0.0632676
-0.063729
-0.063751
-0.0633024
-0.0637712
-0.0637898
-0.0633305
-0.0638066
-0.0638218
-0.0633519
-0.0638353
-0.0638471
-0.0633665
-0.0638572
-0.0638657
-0.0633744
-0.0638724
-0.0638775
-0.0633756
-0.0638808
-0.0638825
-0.0633701
-0.0638825
-0.0638809
-0.0633579
-0.0638774
-0.0638724
-0.0633389
-0.0638657
-0.0638573
-0.0633132
-0.0638471
-0.0638354
-0.0632808
-0.0638219
-0.0638068
-0.0632418
-0.0637899
-0.0637715
-0.063196
-0.0637513
-0.0637295
-0.0631436
-0.0637059
-0.0636808
-0.0630846
-0.0636539
-0.0636255
-0.0630189
-0.0635953
-0.0635635
-0.0629466
-0.06353
-0.0634949
-0.0628677
-0.0634581
-0.0634198
-0.0627822
-0.0633797
-0.063338
-0.0626902
-0.0632946
-0.0632497
-0.0625917
-0.0632031
-0.0631549
-0.0624867
-0.063105
-0.0630536
-0.0623752
-0.0630005
-0.0629458
-0.0622573
-0.0628895
-0.0628317
-0.062133
-0.0627721
-0.0627111
-0.0620024
-0.0626484
-0.0625842
-0.0618654
-0.0625183
-0.0624509
-0.0617222
-0.0623819
-0.0623114
-0.0615727
-0.0622392
-0.0621656
-0.061417
-0.0620904
-0.0620137
-0.0612551
-0.0619354
-0.0618556
-0.0610871
-0.0617742
-0.0616914
-0.0609131
-0.061607
-0.0615211
-0.060733
-0.0614337
-0.0613449
-0.060547
-0.0612545
-0.0611627
-0.0603551
-0.0610693
-0.0609746
-0.0601573
-0.0608783
-0.0607806
-0.0599537
-0.0606815
-0.0605809
-0.0597443
-0.0604789
-0.0603755
-0.0595293
-0.0602706
-0.0601644
-0.0593086
-0.0600567
-0.0599477
-0.0590824
-0.0598373
-0.0597255
-0.0588508
-0.0596123
-0.0594978
-0.0586136
-0.0593819
-0.0592648
-0.0583712
-0.0591462
-0.0590264
-0.0581234
-0.0589052
-0.0587828
-0.0578705
-0.058659
-0.058534
-0.0576124
-0.0584076
-0.0582801
-0.0573493
-0.0581512
-0.0580212
-0.0570812
-0.0578899
-0.0577574
-0.0568083
-0.0576237
-0.0574888
-0.0565305
-0.0573526
-0.0572154
-0.0562481
-0.0570769
-0.0569373
-0.055961
-0.0567965
-0.0566547
-0.0556694
-0.0565117
-0.0563676
-0.0553733
-0.0562224
-0.0560761
-0.055073
-0.0559287
-0.0557803
-0.0547683
-0.0556309
-0.0554804
-0.0544596
-0.0553289
-0.0551764
-0.0541468
-0.0550228
-0.0548684
-0.0538301
-0.0547129
-0.0545565
-0.0535096
-0.0543991
-0.0542409
-0.0531853
-0.0540817
-0.0539216
-0.0528575
-0.0537606
-0.0535988
-0.0525262
-0.0534361
-0.0532726
-0.0521915
-0.0531082
-0.0529431
-0.0518535
-0.0527771
-0.0526104
-0.0515125
-0.0524429
-0.0522747
-0.0511684
-0.0521057
-0.0519361
-0.0508215
-0.0517656
-0.0515946
-0.0504718
-0.0514228
-0.0512505
-0.0501194
-0.0510774
-0.0509038
-0.0497646
-0.0507295
-0.0505547
-0.0494075
-0.0503793
-0.0502033
-0.0490481
-0.0500268
-0.0498498
-0.0486866
-0.0496723
-0.0494944
-0.0483232
-0.0493159
-0.049137
-0.0479579
-0.0489576
-0.0487779
-0.047591
-0.0485978
-0.0484173
-0.0472226
-0.0482364
-0.0480552
-0.0468529
-0.0478737
-0.0476919
-0.0464818
-0.0475097
-0.0473274
-0.0461098
-0.0471448
-0.046962
-0.0457367
-0.0467789
-0.0465957
-0.045363
-0.0464122
-0.0462287
-0.0449885
-0.046045
-0.0458612
-0.0446137
-0.0456773
-0.0454934
-0.0442385
-0.0453093
-0.0451253
-0.0438631
-0.0449412
-0.0447572
-0.0434878
-0.0445731
-0.0443892
-0.0431126
-0.0442052
-0.0440214
-0.0427377
-0.0438377
-0.0436541
-0.0423633
-0.0434706
-0.0432873
-0.0419896
-0.0431042
-0.0429213
-0.0416166
-0.0427386
-0.0425562
-0.0412446
-0.042374
-0.0421921
-0.0408737
-0.0420105
-0.0418293
-0.0405041
-0.0416483
-0.0414678
-0.040136
-0.0412876
-0.0411079
-0.0397694
-0.0409285
-0.0407497
-0.0394046
-0.0405712
-0.0403933
-0.0390417
-0.0402159
-0.040039
-0.0386809
-0.0398626
-0.0396868
-0.0383223
-0.0395116
-0.039337
-0.0379661
-0.039163
-0.0389897
-0.0376125
-0.0388169
-0.038645
-0.0372616
-0.0384736
-0.0383031
-0.0369135
-0.0381332
-0.0379642
-0.0365685
-0.0377958
-0.0376283
-0.0362266
-0.0374616
-0.0372958
-0.0358881
-0.0371307
-0.0369666
-0.035553
-0.0368033
-0.036641
-0.0352216
-0.0364796
-0.0363191
-0.0348939
-0.0361596
-0.0360011
-0.0345701
-0.0358435
-0.035687
-0.0342503
-0.0355314
-0.035377
-0.0339348
-0.0352236
-0.0350713
-0.0336236
-0.0349201
-0.03477
-0.0333168
-0.034621
-0.0344732
-0.0330146
-0.0343265
-0.0341811
-0.0327171
-0.0340368
-0.0338937
-0.0324245
-0.0337518
-0.0336113
-0.0321368
-0.0334719
-0.0333338
-0.0318542
-0.033197
-0.0330616
-0.0315769
-0.0329273
-0.0327945
-0.0313048
-0.032663
-0.0325328
-0.0310382
-0.032404
-0.0322766
-0.0307771
-0.0321506
-0.032026
-0.0305217
-0.0319028
-0.0317811
-0.030272
-0.0316607
-0.0315419
-0.0300281
-0.0314245
-0.0313086
-0.0297902
-0.0311941
-0.0310812
-0.0295583
-0.0309698
-0.0308599
-0.0293325
-0.0307516
-0.0306448
-0.029113
-0.0305395
-0.0304358
-0.0288997
-0.0303337
-0.0302331
-0.0286927
-0.0301341
-0.0300368
-0.0284922
-0.029941
-0.0298469
-0.0282982
-0.0297544
-0.0296635
-0.0281107
-0.0295742
-0.0294867
-0.0279298
-0.0294007
-0.0293164
-0.0277557
-0.0292338
-0.0291528
-0.0275882
-0.0290735
-0.028996
-0.0274275
-0.02892
-0.0288458
-0.0272737
-0.0287733
-0.0287025
-0.0271267
-0.0286334
-0.028566
-0.0269867
-0.0285004
-0.0284364
-0.0268536
-0.0283742
-0.0283137
-0.0267274
-0.028255
-0.028198
-0.0266083
-0.0281427
-0.0280892
-0.0264962
-0.0280374
-0.0279873
-0.0263911
-0.027939
-0.0278925
-0.0262931
-0.0278477
-0.0278047
-0.0262022
-0.0277634
-0.0277239
-0.0261184
-0.0276861
-0.0276501
-0.0260417
-0.0276158
-0.0275834
-0.0259721
-0.0275526
-0.0275236
-0.0259096
-0.0274964
-0.027471
-0.0258542
-0.0274472
-0.0274253
-0.0258059
-0.0274051
-0.0273867
-0.0257646
-0.02737
-0.0273551
-0.0257305
-0.0273419
-0.0273305
-0.0257035
-0.0273208
-0.0273128
-0.0256835
-0.0273066
-0.0273022
-0.0256705
-0.0272994
-0.0272984
-0.0256645
-0.0272992
-0.0273016
-0.0256656
-0.0273058
-0.0273117
-0.0256736
-0.0273193
-0.0273287
-0.0256886
-0.0273397
-0.0273525
-0.0257104
-0.0273669
-0.0273831
-0.0257392
-0.0274009
-0.0274205
-0.0257748
-0.0274417
-0.0274646
-0.0258172
-0.0274892
-0.0275154
-0.0275433
-0.0275729
-0.0276041
-0.0264956
-0.0259631
-0.0271046
-0.0276709
-0.0277062
-0.0277441
-0.0277831
-0.0278245
-0.0278669
-0.0279116
-0.0279572
-0.0280051
-0.028054
-0.0281051
-0.0281571
-0.0282114
-0.0282666
-0.028324
-0.0283823
-0.0284428
-0.0285042
-0.0285678
-0.0286323
-0.0286989
-0.0287665
-0.0288362
-0.0289068
-0.0289795
-0.029053
-0.0291287
-0.0292053
-0.0292839
-0.0293634
-0.029445
-0.0295274
-0.0296118
-0.0296971
-0.0297845
-0.0298726
-0.0299628
-0.0300537
-0.0301467
-0.0302405
-0.0303362
-0.0304327
-0.0305312
-0.0306305
-0.0307317
-0.0308336
-0.0291677
-0.0309375
-0.0310419
-0.0293763
-0.0311483
-0.0312552
-0.0295899
-0.0313641
-0.0314736
-0.0298087
-0.0315849
-0.0316969
-0.0300326
-0.0318108
-0.0319253
-0.0302615
-0.0320416
-0.0321586
-0.0304954
-0.0322773
-0.0323967
-0.0307343
-0.0325179
-0.0326396
-0.030978
-0.0327632
-0.0328872
-0.0312265
-0.0330131
-0.0331395
-0.0314797
-0.0332677
-0.0333964
-0.0317376
-0.0335269
-0.0336578
-0.0320001
-0.0337905
-0.0339237
-0.0322671
-0.0340585
-0.0341939
-0.0325386
-0.0343309
-0.0344684
-0.0328144
-0.0346075
-0.0347471
-0.0330945
-0.0348884
-0.03503
-0.0333789
-0.0351733
-0.035317
-0.0336674
-0.0354623
-0.0356079
-0.0339599
-0.0357552
-0.0359028
-0.0342565
-0.036052
-0.0362015
-0.0345569
-0.0363526
-0.036504
-0.0348613
-0.0366569
-0.0368102
-0.0351693
-0.0369649
-0.0371199
-0.0354811
-0.0372765
-0.0374332
-0.0357964
-0.0375915
-0.03775
-0.0361153
-0.03791
-0.0380701
-0.0364376
-0.0382317
-0.0383935
-0.0367633
-0.0385567
-0.0387201
-0.0370922
-0.0388849
-0.0390498
-0.0374243
-0.0392162
-0.0393826
-0.0377596
-0.0395504
-0.0397183
-0.0380978
-0.0398875
-0.0400568
-0.038439
-0.0402275
-0.0403981
-0.038783
-0.0405701
-0.0407421
-0.0391298
-0.0409154
-0.0410887
-0.0394792
-0.0412633
-0.0414378
-0.0398312
-0.0416136
-0.0417893
-0.0401857
-0.0419663
-0.0421431
-0.0405425
-0.0423212
-0.0424992
-0.0409017
-0.0426783
-0.0428574
-0.0412631
-0.0430375
-0.0432176
-0.0416266
-0.0433987
-0.0435797
-0.041992
-0.0437618
-0.0439437
-0.0423594
-0.0441267
-0.0443094
-0.0427286
-0.0444932
-0.0446768
-0.0430996
-0.0448614
-0.0450457
-0.0434721
-0.0452311
-0.0454161
-0.0438462
-0.0456021
-0.0457878
-0.0442216
-0.0459745
-0.0461608
-0.0445984
-0.046348
-0.0465348
-0.0449764
-0.0467226
-0.04691
-0.0453555
-0.0470982
-0.047286
-0.0457356
-0.0474747
-0.0476629
-0.0461166
-0.0478519
-0.0480405
-0.0464983
-0.0482298
-0.0484187
-0.0468808
-0.0486083
-0.0487974
-0.0472638
-0.0489872
-0.0491764
-0.0476472
-0.0493664
-0.0495558
-0.048031
-0.0497459
-0.0499353
-0.0484151
-0.0501255
-0.0503149
-0.0487993
-0.050505
-0.0506945
-0.0491834
-0.0508845
-0.0510739
-0.0495675
-0.0512638
-0.051453
-0.0499514
-0.0516427
-0.0518317
-0.050335
-0.0520211
-0.0522099
-0.0507181
-0.0523991
-0.0525875
-0.0511007
-0.0527763
-0.0529643
-0.0514826
-0.0531527
-0.0533403
-0.0518637
-0.0535283
-0.0537153
-0.0522439
-0.0539028
-0.0540893
-0.0526231
-0.0542761
-0.0544621
-0.0530012
-0.0546483
-0.0548335
-0.053378
-0.055019
-0.0552035
-0.0537535
-0.0553883
-0.055572
-0.0541274
-0.0557559
-0.0559388
-0.0544998
-0.0561219
-0.0563039
-0.0548705
-0.056486
-0.056667
-0.0552393
-0.0568481
-0.0570281
-0.0556062
-0.0572082
-0.0573871
-0.055971
-0.0575661
-0.0577439
-0.0563337
-0.0579217
-0.0580983
-0.0566941
-0.0582749
-0.0584502
-0.057052
-0.0586255
-0.0587996
-0.0574074
-0.0589735
-0.0591462
-0.0577602
-0.0593188
-0.0594901
-0.0581102
-0.0596611
-0.0598309
-0.0584574
-0.0600005
-0.0601688
-0.0588015
-0.0603368
-0.0605035
-0.0591426
-0.0606699
-0.0608349
-0.0594805
-0.0609996
-0.061163
-0.059815
-0.061326
-0.0614875
-0.0601461
-0.0616487
-0.0618085
-0.0604737
-0.0619678
-0.0621257
-0.0607977
-0.0622832
-0.0624392
-0.0611178
-0.0625947
-0.0627487
-0.0614341
-0.0629022
-0.0630542
-0.0617465
-0.0632056
-0.0633555
-0.0620548
-0.0635049
-0.0636527
-0.0623588
-0.0637998
-0.0639454
-0.0626587
-0.0640904
-0.0642338
-0.0629541
-0.0643765
-0.0645176
-0.063245
-0.064658
-0.0647967
-0.0635314
-0.0649348
-0.0650712
-0.0638131
-0.0652068
-0.0653408
-0.06409
-0.065474
-0.0656054
-0.064362
-0.0657361
-0.0658651
-0.0646291
-0.0659932
-0.0661196
-0.0648911
-0.0662452
-0.066369
-0.065148
-0.0664919
-0.0666131
-0.0653997
-0.0667333
-0.0668517
-0.065646
-0.0669693
-0.067085
-0.0658869
-0.0671997
-0.0673127
-0.0661223
-0.0674246
-0.0675347
-0.0663522
-0.0676438
-0.0677511
-0.0665764
-0.0678573
-0.0679617
-0.0667949
-0.068065
-0.0681664
-0.0670076
-0.0682667
-0.0683652
-0.0672144
-0.0684625
-0.068558
-0.0674152
-0.0686523
-0.0687447
-0.0676101
-0.068836
-0.0689253
-0.0677988
-0.0690135
-0.0690997
-0.0679814
-0.0691847
-0.0692678
-0.0681578
-0.0693497
-0.0694296
-0.0683279
-0.0695083
-0.069585
-0.0684917
-0.0696605
-0.069734
-0.068649
-0.0698062
-0.0698764
-0.0688
-0.0699454
-0.0700123
-0.0689444
-0.070078
-0.0701416
-0.0690822
-0.070204
-0.0702643
-0.0692135
-0.0703233
-0.0703803
-0.0693381
-0.0704359
-0.0704895
-0.069456
-0.0705417
-0.0705919
-0.0695672
-0.0706408
-0.0706876
-0.0696716
-0.070733
-0.0707763
-0.0697692
-0.0708183
-0.0708582
-0.06986
-0.0708967
-0.0709332
-0.0699438
-0.0709682
-0.0710012
-0.0700208
-0.0710328
-0.0710622
-0.0700909
-0.0710903
-0.0711163
-0.070154
-0.0711408
-0.0711633
-0.0702101
-0.0711844
-0.0712033
-0.0702592
-0.0712208
-0.0712363
-0.0703013
-0.0712502
-0.0712621
-0.0703364
-0.0712726
-0.0712809
-0.0703645
-0.0712878
-0.0712927
-0.0703855
-0.071296
-0.0712973
-0.0703995
-0.0712971
-0.0712948
-0.0704064
-0.071291
-0.0712852
-0.0704062
-0.0712779
-0.0712686
-0.070399
-0.0712577
-0.0712448
-0.0703848
-0.0712304
-0.071214
-0.0703635
-0.0711961
-0.0711761
-0.0703351
-0.0711546
-0.0711311
-0.0702998
-0.0711062
-0.0710791
-0.0702574
-0.0710506
-0.0710201
-0.0702081
-0.0709881
-0.0709541
-0.0701518
-0.0709186
-0.0708811
-0.0700885
-0.0708421
-0.0708011
-0.0700184
-0.0707587
-0.0707142
-0.0699413
-0.0706683
-0.0706204
-0.0698573
-0.0705711
-0.0705198
-0.0697666
-0.070467
-0.0704123
-0.069669
-0.0703561
-0.070298
-0.0695647
-0.0702385
-0.070177
-0.0694537
-0.0701141
-0.0700493
-0.069336
-0.069983
-0.0699149
-0.0692117
-0.0698453
-0.0697739
-0.0690808
-0.0697011
-0.0696264
-0.0689433
-0.0695503
-0.0694723
-0.0687994
-0.069393
-0.0693118
-0.0686491
-0.0692293
-0.0691449
-0.0684924
-0.0690592
-0.0689717
-0.0683294
-0.0688828
-0.0687922
-0.0681602
-0.0687002
-0.0686065
-0.0679848
-0.0685115
-0.0684147
-0.0678033
-0.0683166
-0.0682168
-0.0676158
-0.0681157
-0.068013
-0.0674223
-0.0679089
-0.0678032
-0.0672229
-0.0676962
-0.0675876
-0.0670177
-0.0674777
-0.0673662
-0.0668068
-0.0672535
-0.0671391
-0.0665902
-0.0670236
-0.0669065
-0.0663681
-0.0667882
-0.0666683
-0.0661405
-0.0665473
-0.0664248
-0.0659075
-0.0663011
-0.0661759
-0.0656691
-0.0660495
-0.0659217
-0.0654256
-0.0657928
-0.0656624
-0.0651769
-0.065531
-0.0653981
-0.0649232
-0.0652642
-0.0651288
-0.0646646
-0.0649924
-0.0648547
-0.0644011
-0.0647159
-0.0645758
-0.0641329
-0.0644347
-0.0642922
-0.0638601
-0.0641488
-0.0640042
-0.0635828
-0.0638585
-0.0637116
-0.063301
-0.0635638
-0.0634148
-0.0630149
-0.0632649
-0.0631137
-0.0627247
-0.0629617
-0.0628085
-0.0624303
-0.0626545
-0.0624994
-0.0621319
-0.0623434
-0.0621863
-0.0618297
-0.0620284
-0.0618695
-0.0615238
-0.0617098
-0.061549
-0.0612142
-0.0613875
-0.061225
-0.060901
-0.0610618
-0.0608976
-0.0605845
-0.0607327
-0.0605668
-0.0602647
-0.0604004
-0.060233
-0.0599418
-0.0600649
-0.059896
-0.0596158
-0.0597265
-0.0595561
-0.0592869
-0.0593852
-0.0592135
-0.0589552
-0.0590412
-0.0588681
-0.0586208
-0.0586946
-0.0585203
-0.0582839
-0.0583455
-0.0581699
-0.0579446
-0.057994
-0.0578173
-0.057603
-0.0576403
-0.0574626
-0.0572593
-0.0572845
-0.0571058
-0.0569135
-0.0569268
-0.0567471
-0.0565659
-0.0565672
-0.0563867
-0.0562165
-0.0562059
-0.0560246
-0.0558654
-0.055843
-0.055661
-0.0555129
-0.0554787
-0.055296
-0.055159
-0.0551131
-0.0549298
-0.0548039
-0.0547464
-0.0545625
-0.0544477
-0.0543786
-0.0541942
-0.0540905
-0.0540099
-0.0538251
-0.0537325
-0.0536404
-0.0534553
-0.0533738
-0.0532703
-0.053085
-0.0530145
-0.0528997
-0.0527142
-0.0526549
-0.0525288
-0.0523431
-0.0522949
-0.0521576
-0.0519719
-0.0519348
-0.0517864
-0.0516007
-0.0515747
-0.0514152
-0.0512296
-0.0512147
-0.0510442
-0.0508587
-0.0508549
-0.0506735
-0.0504883
-0.0504956
-0.0503033
-0.0501183
-0.0501368
-0.0499337
-0.0497491
-0.0497786
-0.0495648
-0.0493806
-0.0494213
-0.0491968
-0.0490131
-0.0490648
-0.0488298
-0.0486467
-0.0487095
-0.048464
-0.0482814
-0.0483554
-0.0480994
-0.0479175
-0.0480026
-0.0477362
-0.0475551
-0.0476513
-0.0473746
-0.0471943
-0.0473016
-0.0470147
-0.0468353
-0.0469536
-0.0466565
-0.0464781
-0.0466075
-0.0463004
-0.046123
-0.0462634
-0.0459463
-0.04577
-0.0459215
-0.0455944
-0.0454193
-0.0455818
-0.0452449
-0.045071
-0.0452446
-0.0448978
-0.0447252
-0.0449099
-0.0445534
-0.0443821
-0.0445778
-0.0442116
-0.0440418
-0.0442485
-0.0438728
-0.0437044
-0.0439222
-0.0435369
-0.0433701
-0.0435989
-0.0432042
-0.043039
-0.0432787
-0.0428747
-0.0427111
-0.0429619
-0.0425486
-0.0423867
-0.0426485
-0.0422259
-0.0420659
-0.0423386
-0.0419069
-0.0417487
-0.0420324
-0.0415916
-0.0414354
-0.04173
-0.0412802
-0.041126
-0.0414315
-0.0409728
-0.0408206
-0.041137
-0.0406695
-0.0405193
-0.0408467
-0.0403704
-0.0402224
-0.0405606
-0.0400756
-0.0399298
-0.0402789
-0.0397853
-0.0396418
-0.0400017
-0.0394995
-0.0393583
-0.0397292
-0.0392185
-0.0390797
-0.0394613
-0.0389422
-0.0388058
-0.0391983
-0.0386708
-0.0385369
-0.0389402
-0.0384044
-0.0382731
-0.0386871
-0.0381432
-0.0380144
-0.0384392
-0.0378871
-0.037761
-0.0381965
-0.0376364
-0.037513
-0.0379593
-0.0373912
-0.0372705
-0.0377274
-0.0371514
-0.0370336
-0.0375012
-0.0369173
-0.0368023
-0.0372806
-0.0366889
-0.0365768
-0.0370657
-0.0364664
-0.0363572
-0.0368567
-0.0362497
-0.0361436
-0.0366537
-0.0360391
-0.035936
-0.0364566
-0.0358346
-0.0357346
-0.0362657
-0.0356362
-0.0355394
-0.0360811
-0.0354442
-0.0353505
-0.0359027
-0.0352585
-0.035168
-0.0357307
-0.0350793
-0.034992
-0.0355651
-0.0349065
-0.0348226
-0.0354061
-0.0347404
-0.0346598
-0.0352537
-0.034581
-0.0345038
-0.0351081
-0.0344284
-0.0343545
-0.0349692
-0.0342825
-0.0342122
-0.0348371
-0.0341436
-0.0340767
-0.0347119
-0.0340117
-0.0339483
-0.0345938
-0.0338868
-0.0338269
-0.0344826
-0.033769
-0.0337127
-0.0343786
-0.0336583
-0.0336057
-0.0342817
-0.0335549
-0.0335059
-0.0334588
-0.0334143
-0.0333715
-0.0333311
-0.0332923
-0.033256
-0.0332212
-0.0331887
-0.0331579
-0.0331293
-0.0331024
-0.0330777
-0.0330547
-0.0330339
-0.0330147
-0.0329978
-0.0329826
-0.0329696
-0.0329583
-0.0329492
-0.0329418
-0.0329366
-0.0329331
-0.0329318
-0.0329323
-0.0329348
-0.0329392
-0.0329456
-0.0329539
-0.0329642
-0.0329764
-0.0329906
-0.0330066
-0.0330247
-0.0330446
-0.0330665
-0.0330904
-0.0331161
-0.0331438
-0.0331734
-0.033205
-0.0332384
-0.0332737
-0.0333109
-0.0333501
-0.0333911
-0.033434
-0.0334788
-0.0335255
-0.0335741
-0.0336245
-0.0336768
-0.0337309
-0.033787
-0.0338448
-0.0339045
-0.033966
-0.0340294
-0.0340945
-0.0341615
-0.0342302
-0.0343009
-0.0343731
-0.0344474
-0.0345232
-0.034601
-0.0346803
-0.0347617
-0.0348445
-0.0349293
-0.0350155
-0.0351038
-0.0351934
-0.0352851
-0.0353781
-0.0354732
-0.0355696
-0.0366189
-0.035668
-0.0357684
-0.0368263
-0.0358707
-0.0359749
-0.0370414
-0.0360809
-0.0361887
-0.0372637
-0.0362983
-0.0364096
-0.037493
-0.0365227
-0.0366375
-0.0377293
-0.036754
-0.0368722
-0.0379724
-0.0369921
-0.0371137
-0.0382223
-0.0372371
-0.037362
-0.0384788
-0.0374886
-0.0376169
-0.0387419
-0.0377468
-0.0378784
-0.0390116
-0.0380116
-0.0381463
-0.0392877
-0.0382828
-0.0384207
-0.0395701
-0.0385603
-0.0387014
-0.0398589
-0.0388441
-0.0389884
-0.0401538
-0.0391342
-0.0392815
-0.0404548
-0.0394303
-0.0395806
-0.0407618
-0.0397325
-0.0398857
-0.0410747
-0.0400405
-0.0401967
-0.0413934
-0.0403544
-0.0405134
-0.0417179
-0.0406739
-0.0408358
-0.0420479
-0.0409991
-0.0411638
-0.0423835
-0.0413298
-0.0414972
-0.0427244
-0.0416659
-0.0418359
-0.0430706
-0.0420073
-0.0421799
-0.043422
-0.0423538
-0.0425289
-0.0437785
-0.0427054
-0.042883
-0.0441398
-0.0430618
-0.0432418
-0.044506
-0.0434231
-0.0436055
-0.0448768
-0.043789
-0.0439737
-0.0452522
-0.0441595
-0.0443463
-0.0456319
-0.0445343
-0.0447233
-0.0460159
-0.0449134
-0.0451045
-0.0464041
-0.0452966
-0.0454897
-0.0467962
-0.0456838
-0.0458787
-0.0471922
-0.0460748
-0.0462716
-0.0475918
-0.0464694
-0.046668
-0.047995
-0.0468676
-0.0470679
-0.0484016
-0.0472692
-0.0474711
-0.0488114
-0.0476739
-0.0478774
-0.0492243
-0.0480817
-0.0482867
-0.0496401
-0.0484924
-0.0486988
-0.0500586
-0.0489059
-0.0491135
-0.0504798
-0.0493219
-0.0495307
-0.0509033
-0.0497403
-0.0499502
-0.0513291
-0.0501609
-0.0503719
-0.051757
-0.0505835
-0.0507955
-0.0521867
-0.0510081
-0.0512209
-0.0526182
-0.0514343
-0.051648
-0.0530513
-0.0518621
-0.0520764
-0.0534857
-0.0522912
-0.0525061
-0.0539213
-0.0527215
-0.0529369
-0.054358
-0.0531528
-0.0533686
-0.0547954
-0.0535848
-0.053801
-0.0552336
-0.0540175
-0.054234
-0.0556721
-0.0544506
-0.0546672
-0.056111
-0.054884
-0.0551007
-0.0565499
-0.0553174
-0.0555341
-0.0569888
-0.0557507
-0.0559672
-0.0574273
-0.0561837
-0.0564
-0.0578654
-0.0566162
-0.0568321
-0.0583028
-0.057048
-0.0572635
-0.0587393
-0.0574788
-0.0576938
-0.0591748
-0.0579086
-0.058123
-0.0596091
-0.0583372
-0.0585508
-0.0600419
-0.0587642
-0.0589771
-0.0604731
-0.0591896
-0.0594016
-0.0609025
-0.0596132
-0.0598242
-0.0613298
-0.0600347
-0.0602446
-0.061755
-0.060454
-0.0606627
-0.0621778
-0.0608709
-0.0610783
-0.062598
-0.0612852
-0.0614912
-0.0630154
-0.0616967
-0.0619012
-0.0634299
-0.0621052
-0.0623082
-0.0638412
-0.0625105
-0.0627119
-0.0642492
-0.0629125
-0.0631121
-0.0646537
-0.0633109
-0.0635087
-0.0650545
-0.0637056
-0.0639014
-0.0654514
-0.0640964
-0.0642902
-0.0658442
-0.0644831
-0.0646748
-0.0662328
-0.0648655
-0.065055
-0.0666169
-0.0652435
-0.0654307
-0.0669964
-0.0656169
-0.0658017
-0.0673712
-0.0659855
-0.0661678
-0.067741
-0.066349
-0.0665288
-0.0681057
-0.0667075
-0.0668847
-0.068465
-0.0670606
-0.0672351
-0.068819
-0.0674083
-0.0675799
-0.0691672
-0.0677503
-0.0679191
-0.0695097
-0.0680865
-0.0682523
-0.0698463
-0.0684168
-0.0685796
-0.0701767
-0.0687409
-0.0689006
-0.0705009
-0.0690588
-0.0692153
-0.0708186
-0.0693702
-0.0695234
-0.0711298
-0.0696751
-0.069825
-0.0714342
-0.0699733
-0.0701197
-0.0717318
-0.0702646
-0.0704075
-0.0720224
-0.0705488
-0.0706882
-0.0723059
-0.070826
-0.0709618
-0.072582
-0.0710959
-0.071228
-0.0728508
-0.0713583
-0.0714867
-0.073112
-0.0716133
-0.0717378
-0.0733656
-0.0718606
-0.0719812
-0.0736113
-0.0721001
-0.0722168
-0.0738492
-0.0723317
-0.0724445
-0.074079
-0.0725553
-0.072664
-0.0743008
-0.0727708
-0.0728754
-0.0745142
-0.0729781
-0.0730786
-0.0747193
-0.0731771
-0.0732733
-0.074916
-0.0733676
-0.0734596
-0.0751041
-0.0735496
-0.0736373
-0.0752836
-0.073723
-0.0738064
-0.0754544
-0.0738877
-0.0739667
-0.0756163
-0.0740436
-0.0741182
-0.0757693
-0.0741907
-0.0742608
-0.0759134
-0.0743288
-0.0743944
-0.0760484
-0.0744578
-0.0745189
-0.0761743
-0.0745778
-0.0746343
-0.0762909
-0.0746887
-0.0747406
-0.0763984
-0.0747903
-0.0748376
-0.0764965
-0.0748827
-0.0749253
-0.0765853
-0.0749658
-0.0750037
-0.0766646
-0.0750395
-0.0750727
-0.0767345
-0.0751038
-0.0751323
-0.0767949
-0.0751586
-0.0751824
-0.0768457
-0.075204
-0.075223
-0.076887
-0.0752398
-0.0752541
-0.0769186
-0.0752661
-0.0752756
-0.0769407
-0.0752828
-0.0752875
-0.076953
-0.07529
-0.0752899
-0.0769558
-0.0752875
-0.0752826
-0.0769488
-0.0752754
-0.0752657
-0.0769321
-0.0752537
-0.0752392
-0.0769058
-0.0752224
-0.0752031
-0.0768698
-0.0751815
-0.0751574
-0.076824
-0.075131
-0.0751021
-0.0767686
-0.0750709
-0.0750372
-0.0767036
-0.0750012
-0.0749627
-0.0766289
-0.0749219
-0.0748787
-0.0765446
-0.0748332
-0.0747851
-0.0764507
-0.0747349
-0.0746821
-0.0763472
-0.0746271
-0.0745696
-0.0762342
-0.0745099
-0.0744478
-0.0761117
-0.0743834
-0.0743165
-0.0759798
-0.0742474
-0.0741759
-0.0758385
-0.0741022
-0.0740261
-0.0756878
-0.0739478
-0.0738671
-0.0755279
-0.0737842
-0.0736989
-0.0753587
-0.0736114
-0.0735216
-0.0751805
-0.0734297
-0.0733354
-0.0749931
-0.073239
-0.0731402
-0.0747967
-0.0730393
-0.0729362
-0.0745914
-0.0728309
-0.0727234
-0.0743773
-0.0726138
-0.0725019
-0.0741545
-0.072388
-0.0722719
-0.0739229
-0.0721537
-0.0720334
-0.0736829
-0.071911
-0.0717865
-0.0734343
-0.07166
-0.0715313
-0.0731775
-0.0714007
-0.071268
-0.0729124
-0.0711333
-0.0709966
-0.0726392
-0.070858
-0.0707173
-0.0723579
-0.0705748
-0.0704302
-0.0720689
-0.0702838
-0.0701354
-0.071772
-0.0699853
-0.0698331
-0.0714676
-0.0696792
-0.0695234
-0.0711556
-0.0693659
-0.0692064
-0.0708364
-0.0690453
-0.0688823
-0.0705099
-0.0687177
-0.0685512
-0.0701764
-0.0683832
-0.0682133
-0.069836
-0.0680419
-0.0678687
-0.0694888
-0.0676941
-0.0675177
-0.0691351
-0.0673398
-0.0671603
-0.068775
-0.0669793
-0.0667967
-0.0684086
-0.0666127
-0.0664271
-0.0680362
-0.0662401
-0.0660516
-0.0676578
-0.0658619
-0.0656706
-0.0672737
-0.065478
-0.065284
-0.0668841
-0.0650888
-0.0648922
-0.0664892
-0.0646944
-0.0644953
-0.066089
-0.064295
-0.0640934
-0.0656839
-0.0638908
-0.0636869
-0.065274
-0.063482
-0.0632758
-0.0648595
-0.0630687
-0.0628604
-0.0644406
-0.0626512
-0.0624409
-0.0640175
-0.0622298
-0.0620175
-0.0635905
-0.0618045
-0.0615904
-0.0631597
-0.0613756
-0.0611598
-0.0627253
-0.0609433
-0.0607259
-0.0622875
-0.0605078
-0.0602889
-0.0618467
-0.0600694
-0.0598491
-0.0614029
-0.0596283
-0.0594067
-0.0609564
-0.0591846
-0.0589618
-0.0605074
-0.0587386
-0.0585148
-0.0600561
-0.0582905
-0.0580657
-0.0596028
-0.0578406
-0.057615
-0.0591477
-0.057389
-0.0571627
-0.058691
-0.0569361
-0.0567091
-0.058233
-0.0564819
-0.0562544
-0.0577738
-0.0560268
-0.0557989
-0.0573137
-0.055571
-0.0553428
-0.0568529
-0.0551146
-0.0548863
-0.0563916
-0.054658
-0.0544296
-0.0559302
-0.0542013
-0.053973
-0.0554687
-0.0537448
-0.0535167
-0.0550075
-0.0532888
-0.0530609
-0.0545467
-0.0528334
-0.0526059
-0.0540866
-0.0523788
-0.0521519
-0.0536274
-0.0519253
-0.051699
-0.0531694
-0.0514732
-0.0512476
-0.0527127
-0.0510226
-0.0507979
-0.0522577
-0.0505738
-0.05035
-0.0518044
-0.0501269
-0.0499043
-0.0513532
-0.0496823
-0.0494608
-0.0509042
-0.0492401
-0.0490199
-0.0504577
-0.0488005
-0.0485818
-0.0500139
-0.0483639
-0.0481466
-0.0495731
-0.0479302
-0.0477146
-0.0491353
-0.0474999
-0.047286
-0.0487008
-0.0470731
-0.046861
-0.0482699
-0.04665
-0.0464398
-0.0478428
-0.0462307
-0.0460226
-0.0474195
-0.0458156
-0.0456096
-0.0470004
-0.0454048
-0.045201
-0.0465857
-0.0449985
-0.044797
-0.0461755
-0.0445968
-0.0443978
-0.04577
-0.0442001
-0.0440035
-0.0453694
-0.0438083
-0.0436144
-0.0449739
-0.0434219
-0.0432306
-0.0445836
-0.0430408
-0.0428523
-0.0441988
-0.0426653
-0.0424797
-0.0438196
-0.0422956
-0.0421129
-0.0434462
-0.0419318
-0.0417522
-0.0430787
-0.0415741
-0.0413975
-0.0427174
-0.0412226
-0.0410492
-0.0423622
-0.0408775
-0.0407074
-0.0420135
-0.040539
-0.0403722
-0.0416714
-0.0402071
-0.0400437
-0.0413359
-0.039882
-0.0397221
-0.0410072
-0.0395639
-0.0394075
-0.0406856
-0.0392529
-0.0391
-0.0403709
-0.0389491
-0.0387999
-0.0400636
-0.0386526
-0.0385071
-0.0397635
-0.0383635
-0.0382218
-0.0394709
-0.038082
-0.0379441
-0.0391858
-0.0378081
-0.0376741
-0.0389083
-0.037542
-0.0374119
-0.0386387
-0.0372838
-0.0371576
-0.0383768
-0.0370335
-0.0369113
-0.0381229
-0.0367912
-0.0366731
-0.037877
-0.036557
-0.036443
-0.0376392
-0.036331
-0.0362211
-0.0374096
-0.0361133
-0.0360075
-0.0371882
-0.0359039
-0.0358023
-0.0369751
-0.0357029
-0.0356055
-0.0367704
-0.0355103
-0.0354172
-0.0365741
-0.0353262
-0.0352374
-0.0363863
-0.0351507
-0.0350661
-0.0362069
-0.0349837
-0.0349035
-0.0360362
-0.0348254
-0.0347495
-0.035874
-0.0346757
-0.0346041
-0.0357204
-0.0345347
-0.0344675
-0.0344025
-0.03434
-0.0342796
-0.0342216
-0.0341657
-0.0341121
-0.0340606
-0.0340114
-0.0339642
-0.0339194
-0.0338765
-0.033836
-0.0337975
-0.0337613
-0.0337271
-0.0336953
-0.0336654
-0.0336378
-0.0336122
-0.033589
-0.0335677
-0.0335487
-0.0335316
-0.0335169
-0.0335041
-0.0334936
-0.0334851
-0.0334788
-0.0334745
-0.0334724
-0.0334723
-0.0334744
-0.0334785
-0.0334848
-0.033493
-0.0335034
-0.0335158
-0.0335303
-0.0335468
-0.0335654
-0.0335859
-0.0336086
-0.0336332
-0.03366
-0.0336886
-0.0337193
-0.033752
-0.0337867
-0.0338233
-0.033862
-0.0339025
-0.0339451
-0.0339896
-0.034036
-0.0340844
-0.0341347
-0.0341868
-0.034241
-0.0342969
-0.0343548
-0.0344146
-0.0344762
-0.0345397
-0.034605
-0.0346722
-0.0347412
-0.034812
-0.0348846
-0.034959
-0.0350352
-0.0351132
-0.035193
-0.0352745
-0.0353577
-0.0354427
-0.0355294
-0.0356178
-0.035708
-0.0357998
-0.0358932
-0.0359884
-0.0360852
-0.0361836
-0.0362837
-0.0363854
-0.0364886
-0.0365935
-0.0367
-0.036808
-0.0369176
-0.0370287
-0.0371413
-0.0372555
-0.0373712
-0.0374883
-0.0376069
-0.0377271
-0.0378486
-0.0379716
-0.0380959
-0.0382218
-0.0383489
-0.0384775
-0.0386074
-0.0387387
-0.0388713
-0.0390053
-0.0391405
-0.0392771
-0.0394148
-0.039554
-0.0396942
-0.0398358
-0.0399785
-0.0401226
-0.0402676
-0.040414
-0.0405614
-0.0407101
-0.0408597
-0.0410107
-0.0411625
-0.0413156
-0.0414696
-0.0416248
-0.0417808
-0.0419381
-0.042096
-0.0425895
-0.0422553
-0.0424157
-0.0428986
-0.0425773
-0.0427398
-0.043212
-0.0429034
-0.0430678
-0.0435293
-0.0432332
-0.0433995
-0.0438503
-0.0435666
-0.0437346
-0.0441747
-0.0439034
-0.0440729
-0.0445023
-0.0442433
-0.0444144
-0.044833
-0.0445862
-0.0447587
-0.0451666
-0.0449319
-0.0451058
-0.0455029
-0.0452803
-0.0454554
-0.0458417
-0.0456312
-0.0458075
-0.046183
-0.0459844
-0.0461618
-0.0465265
-0.0463398
-0.0465182
-0.046872
-0.0466972
-0.0468766
-0.0472195
-0.0470564
-0.0472367
-0.0475687
-0.0474174
-0.0475983
-0.0479195
-0.0477798
-0.0479614
-0.0482717
-0.0481435
-0.0483258
-0.0486251
-0.0485084
-0.0486912
-0.0489796
-0.0488743
-0.0490575
-0.049335
-0.049241
-0.0494246
-0.0496911
-0.0496084
-0.0497923
-0.0500478
-0.0499763
-0.0501603
-0.0504048
-0.0503445
-0.0505286
-0.0507621
-0.0507128
-0.0508969
-0.0511194
-0.0510811
-0.0512652
-0.0514766
-0.0514492
-0.0516331
-0.0518336
-0.0518169
-0.0520006
-0.05219
-0.0521841
-0.0523674
-0.0525458
-0.0525506
-0.0527335
-0.0529009
-0.0529162
-0.0530986
-0.0532549
-0.0532808
-0.0534626
-0.0536078
-0.0536442
-0.0538253
-0.0539595
-0.0540062
-0.0541866
-0.0543096
-0.0543666
-0.0545462
-0.0546582
-0.0547254
-0.054904
-0.0550049
-0.0550822
-0.0552599
-0.0553497
-0.0554371
-0.0556136
-0.0556923
-0.0557897
-0.0559651
-0.0560327
-0.05614
-0.0563141
-0.0563707
-0.0564878
-0.0566606
-0.056706
-0.0568329
-0.0570043
-0.0570386
-0.0571752
-0.0573451
-0.0573683
-0.0575145
-0.0576829
-0.057695
-0.0578506
-0.0580175
-0.0580184
-0.0581835
-0.0583487
-0.0583385
-0.058513
-0.0586764
-0.0586551
-0.0588389
-0.0590005
-0.0589681
-0.0591611
-0.0593207
-0.0592773
-0.0594795
-0.0596371
-0.0595825
-0.0597938
-0.0599494
-0.0598837
-0.060104
-0.0602575
-0.0601807
-0.0604099
-0.0605612
-0.0604733
-0.0607115
-0.0608605
-0.0607615
-0.0610085
-0.0611552
-0.0610451
-0.0613008
-0.0614451
-0.061324
-0.0615884
-0.0617303
-0.061598
-0.061871
-0.0620104
-0.0618671
-0.0621486
-0.0622855
-0.0621311
-0.0624211
-0.0625553
-0.0623899
-0.0626883
-0.0628198
-0.0626434
-0.0629501
-0.0630789
-0.0628914
-0.0632065
-0.0633325
-0.0631339
-0.0634572
-0.0635804
-0.0633708
-0.0637023
-0.0638226
-0.063602
-0.0639415
-0.0640589
-0.0638273
-0.0641748
-0.0642892
-0.0640466
-0.0644022
-0.0645136
-0.0642599
-0.0646235
-0.0647317
-0.0644671
-0.0648385
-0.0649437
-0.0646681
-0.0650473
-0.0651493
-0.0648628
-0.0652498
-0.0653485
-0.0650511
-0.0654458
-0.0655413
-0.0652329
-0.0656353
-0.0657275
-0.0654082
-0.0658181
-0.065907
-0.0655769
-0.0659943
-0.0660799
-0.0657388
-0.0661638
-0.0662459
-0.065894
-0.0663264
-0.0664051
-0.0660423
-0.0664822
-0.0665574
-0.0661838
-0.066631
-0.0667027
-0.0663183
-0.0667728
-0.066841
-0.0664458
-0.0669075
-0.0669722
-0.0665662
-0.0670352
-0.0670962
-0.0666795
-0.0671556
-0.0672131
-0.0667856
-0.0672689
-0.0673227
-0.0668845
-0.0673749
-0.0674251
-0.0669761
-0.0674736
-0.0675201
-0.0670605
-0.0675649
-0.0676078
-0.0671375
-0.0676489
-0.0676881
-0.0672071
-0.0677255
-0.067761
-0.0672694
-0.0677947
-0.0678264
-0.0673242
-0.0678564
-0.0678844
-0.0673716
-0.0679106
-0.0679349
-0.0674115
-0.0679574
-0.0679779
-0.067444
-0.0679966
-0.0680133
-0.0674689
-0.0680282
-0.0680412
-0.0674863
-0.0680524
-0.0680616
-0.0674962
-0.068069
-0.0680744
-0.0674986
-0.068078
-0.0680797
-0.0674934
-0.0680795
-0.0680774
-0.0674808
-0.0680734
-0.0680675
-0.0674605
-0.0680598
-0.0680501
-0.0674328
-0.0680386
-0.0680252
-0.0673976
-0.0680099
-0.0679927
-0.0673548
-0.0679737
-0.0679528
-0.0673046
-0.06793
-0.0679053
-0.0672469
-0.0678788
-0.0678504
-0.0671818
-0.0678201
-0.067788
-0.0671092
-0.067754
-0.0677181
-0.0670293
-0.0676805
-0.0676409
-0.066942
-0.0675996
-0.0675563
-0.0668473
-0.0675113
-0.0674644
-0.0667454
-0.0674158
-0.0673652
-0.0666362
-0.0673129
-0.0672588
-0.0665197
-0.0672029
-0.0671451
-0.0663961
-0.0670856
-0.0670243
-0.0662654
-0.0669612
-0.0668963
-0.0661275
-0.0668297
-0.0667613
-0.0659827
-0.0666912
-0.0666193
-0.0658309
-0.0665457
-0.0664703
-0.0656721
-0.0663933
-0.0663145
-0.0655065
-0.066234
-0.0661518
-0.0653341
-0.0660679
-0.0659823
-0.065155
-0.0658951
-0.0658061
-0.0649692
-0.0657156
-0.0656234
-0.0647769
-0.0655295
-0.065434
-0.064578
-0.0653369
-0.0652382
-0.0643726
-0.0651379
-0.065036
-0.064161
-0.0649325
-0.0648275
-0.063943
-0.0647209
-0.0646127
-0.0637188
-0.064503
-0.0643918
-0.0634885
-0.0642791
-0.0641648
-0.0632522
-0.0640491
-0.0639319
-0.06301
-0.0638132
-0.063693
-0.062762
-0.0635714
-0.0634484
-0.0625082
-0.063324
-0.0631981
-0.0622487
-0.0630709
-0.0629423
-0.0619837
-0.0628123
-0.0626809
-0.0617133
-0.0625482
-0.0624142
-0.0614376
-0.0622789
-0.0621422
-0.0611566
-0.0620043
-0.0618651
-0.0608705
-0.0617246
-0.0615829
-0.0605794
-0.0614399
-0.0612958
-0.0602835
-0.0611504
-0.0610038
-0.0599827
-0.0608561
-0.0607072
-0.0596773
-0.0605571
-0.060406
-0.0593674
-0.0602537
-0.0601003
-0.0590531
-0.0599459
-0.0597903
-0.0587345
-0.0596337
-0.0594761
-0.0584117
-0.0593175
-0.0591579
-0.0580849
-0.0589972
-0.0588357
-0.0577542
-0.0586731
-0.0585096
-0.0574198
-0.0583452
-0.0581799
-0.0570817
-0.0580137
-0.0578467
-0.0567401
-0.0576787
-0.05751
-0.0563951
-0.0573404
-0.05717
-0.056047
-0.0569989
-0.056827
-0.0556957
-0.0566543
-0.0564809
-0.0553415
-0.0563068
-0.056132
-0.0549845
-0.0559565
-0.0557804
-0.0546248
-0.0556036
-0.0554262
-0.0542627
-0.0552482
-0.0550696
-0.0538981
-0.0548904
-0.0547107
-0.0535314
-0.0545305
-0.0543497
-0.0531626
-0.0541685
-0.0539868
-0.0527919
-0.0538046
-0.053622
-0.0524193
-0.0534389
-0.0532555
-0.0520452
-0.0530717
-0.0528875
-0.0516696
-0.052703
-0.0525182
-0.0512927
-0.052333
-0.0521476
-0.0509147
-0.0519619
-0.051776
-0.0505356
-0.0515898
-0.0514035
-0.0501557
-0.0512169
-0.0510302
-0.049775
-0.0508433
-0.0506563
-0.0493939
-0.0504692
-0.050282
-0.0490123
-0.0500947
-0.0499073
-0.0486305
-0.0497199
-0.0495326
-0.0482486
-0.0493452
-0.0491578
-0.0478668
-0.0489705
-0.0487833
-0.0474853
-0.0485961
-0.048409
-0.0471041
-0.0482221
-0.0480353
-0.0467234
-0.0478486
-0.0476621
-0.0463435
-0.0474758
-0.0472898
-0.0459644
-0.047104
-0.0469184
-0.0455863
-0.0467331
-0.0465481
-0.0452093
-0.0463634
-0.046179
-0.0448337
-0.045995
-0.0458114
-0.0444595
-0.0456281
-0.0454453
-0.0440869
-0.0452628
-0.0450808
-0.0437161
-0.0448993
-0.0447183
-0.0433472
-0.0445377
-0.0443577
-0.0429803
-0.0441782
-0.0439992
-0.0426156
-0.0438208
-0.043643
-0.0422533
-0.0434658
-0.0432893
-0.0418934
-0.0431134
-0.0429381
-0.0415362
-0.0427635
-0.0425896
-0.0411817
-0.0424165
-0.042244
-0.0408302
-0.0420723
-0.0419014
-0.0404817
-0.0417312
-0.0415618
-0.0401364
-0.0413933
-0.0412255
-0.0397944
-0.0410587
-0.0402204
-0.0395457
-0.0397723
-0.0395154
-0.0399613
-0.0407268
-0.0392872
-0.0405614
-0.0403963
-0.0389511
-0.040232
-0.0400684
-0.0386177
-0.0399058
-0.0397441
-0.0382879
-0.0395834
-0.0394238
-0.0379622
-0.0392652
-0.0391076
-0.0376407
-0.0389511
-0.0387957
-0.0373236
-0.0386414
-0.0384882
-0.0370109
-0.0383361
-0.0381851
-0.0367028
-0.0380353
-0.0378867
-0.0363982
-0.0377349
-0.0375864
-0.0360939
-0.0374385
-0.0372919
-0.0357945
-0.0371464
-0.0370018
-0.0354996
-0.0368588
-0.0367169
-0.0352099
-0.0365765
-0.0364374
-0.0349256
-0.0362996
-0.0361632
-0.0346468
-0.0360281
-0.0358944
-0.0343735
-0.0345136
-0.0343601
-0.0356089
-0.0356317
-0.0341063
-0.0355025
-0.0353742
-0.0338444
-0.0352478
-0.0351224
-0.0335882
-0.0349988
-0.0348763
-0.0333378
-0.0347556
-0.034636
-0.0330932
-0.0345182
-0.0344016
-0.0328547
-0.0342868
-0.0341731
-0.0326221
-0.0340613
-0.0339507
-0.0323957
-0.033842
-0.0337344
-0.0321754
-0.0336288
-0.0335243
-0.0319614
-0.0334218
-0.0333204
-0.0317537
-0.0332211
-0.0331229
-0.0315524
-0.0330267
-0.0329318
-0.0313576
-0.0328388
-0.032747
-0.0311693
-0.0326573
-0.0325688
-0.0309875
-0.0324824
-0.0323972
-0.0308124
-0.032314
-0.0322321
-0.0306439
-0.0321523
-0.0320737
-0.0304822
-0.0319973
-0.031922
-0.0303272
-0.0318489
-0.0317771
-0.0301791
-0.0317073
-0.0316389
-0.0300378
-0.0315726
-0.0315075
-0.0299034
-0.0314446
-0.031383
-0.0297759
-0.0313236
-0.0312654
-0.0296553
-0.0312094
-0.0311547
-0.0295418
-0.0311021
-0.0310509
-0.0294352
-0.0310018
-0.0309541
-0.0293357
-0.0309085
-0.0308642
-0.0292433
-0.0308222
-0.0307814
-0.0291579
-0.0307429
-0.0307056
-0.0290796
-0.0306706
-0.0306368
-0.0290084
-0.0306053
-0.0305751
-0.0289443
-0.0305471
-0.0305204
-0.0288874
-0.0304959
-0.0304727
-0.0288376
-0.0304518
-0.0304321
-0.0287949
-0.0304147
-0.0303986
-0.0287593
-0.0303847
-0.0303721
-0.0287309
-0.0303618
-0.0303527
-0.0287095
-0.0303459
-0.0303403
-0.0286954
-0.0303371
-0.030335
-0.0286883
-0.0303353
-0.0303367
-0.0286883
-0.0303405
-0.0303455
-0.0286955
-0.0303527
-0.0303612
-0.0287097
-0.030372
-0.030384
-0.028731
-0.0303982
-0.0304137
-0.0287593
-0.0304315
-0.0304504
-0.0287947
-0.0304716
-0.030494
-0.0288371
-0.0305187
-0.0305446
-0.0288865
-0.0305727
-0.030602
-0.0289429
-0.0306336
-0.0306664
-0.0307014
-0.0307376
-0.030776
-0.0308156
-0.0308575
-0.0309005
-0.0309458
-0.0309923
-0.031041
-0.0310909
-0.031143
-0.0311963
-0.0312517
-0.0313083
-0.0313671
-0.0314271
-0.0314892
-0.0315524
-0.0316178
-0.0316843
-0.0317529
-0.0318227
-0.0318946
-0.0319675
-0.0320426
-0.0321188
-0.0318717
-0.0308413
-0.0322758
-0.0323568
-0.0324391
-0.0325236
-0.0326092
-0.0326969
-0.0327856
-0.0328765
-0.0329683
-0.0330622
-0.033157
-0.0332539
-0.0333517
-0.0334516
-0.0335524
-0.0336552
-0.0337589
-0.0338646
-0.0339712
-0.0340798
-0.0341892
-0.0343006
-0.0344128
-0.0345271
-0.0346421
-0.0329815
-0.034759
-0.0348769
-0.0332173
-0.0349967
-0.0351175
-0.0334589
-0.0352401
-0.0353636
-0.0337062
-0.035489
-0.0356153
-0.0339591
-0.0357434
-0.0358725
-0.0342176
-0.0360033
-0.0361351
-0.0344815
-0.0362686
-0.036403
-0.0347509
-0.0365392
-0.0366762
-0.0350256
-0.036815
-0.0369546
-0.0353056
-0.037096
-0.0372382
-0.0355907
-0.037382
-0.0375268
-0.035881
-0.0376731
-0.0378203
-0.0361764
-0.0379692
-0.0381188
-0.0364768
-0.0382701
-0.0384222
-0.0367821
-0.0385758
-0.0387303
-0.0370922
-0.0388863
-0.0390432
-0.0374071
-0.0392015
-0.0393606
-0.0377268
-0.0395213
-0.0396827
-0.0380511
-0.0398456
-0.0400093
-0.0383799
-0.0401744
-0.0403402
-0.0387133
-0.0405075
-0.0406756
-0.039051
-0.040845
-0.0410152
-0.0393932
-0.0411867
-0.041359
-0.0397396
-0.0415326
-0.0417069
-0.0400901
-0.0418825
-0.0420588
-0.0404448
-0.0422364
-0.0424148
-0.0408036
-0.0425943
-0.0427746
-0.0411662
-0.042956
-0.0431382
-0.0415328
-0.0433215
-0.0435055
-0.0419031
-0.0436906
-0.0438764
-0.0422772
-0.0440634
-0.0442509
-0.0426548
-0.0444396
-0.0446289
-0.043036
-0.0448192
-0.0450102
-0.0434207
-0.0452022
-0.0453948
-0.0438086
-0.0455884
-0.0457826
-0.0441999
-0.0459778
-0.0461736
-0.0445943
-0.0463702
-0.0465675
-0.0449918
-0.0467656
-0.0469643
-0.0453923
-0.0471638
-0.047364
-0.0457957
-0.0475649
-0.0477663
-0.0462019
-0.0479685
-0.0481713
-0.0466107
-0.0483748
-0.0485789
-0.0470222
-0.0487836
-0.0489888
-0.0474361
-0.0491947
-0.0494011
-0.0478525
-0.0496081
-0.0498156
-0.0482711
-0.0500236
-0.0502322
-0.0486919
-0.0504413
-0.0506508
-0.0491148
-0.0508608
-0.0510713
-0.0495397
-0.0512823
-0.0514936
-0.0499664
-0.0517054
-0.0519176
-0.0503949
-0.0521302
-0.0523431
-0.050825
-0.0525564
-0.0527701
-0.0512565
-0.052984
-0.0531983
-0.0516894
-0.0534128
-0.0536276
-0.0521235
-0.0538426
-0.0540579
-0.0525586
-0.0542734
-0.0544891
-0.0529947
-0.054705
-0.054921
-0.0534316
-0.0551372
-0.0553536
-0.0538692
-0.0555701
-0.0557867
-0.0543073
-0.0560033
-0.0562201
-0.0547459
-0.0564369
-0.0566538
-0.0551848
-0.0568706
-0.0570875
-0.0556238
-0.0573044
-0.0575213
-0.0560629
-0.0577381
-0.0579549
-0.0565019
-0.0581716
-0.0583882
-0.0569407
-0.0586047
-0.0588211
-0.0573791
-0.0590373
-0.0592534
-0.0578171
-0.0594693
-0.059685
-0.0582544
-0.0599006
-0.0601159
-0.0586909
-0.0603309
-0.0605457
-0.0591266
-0.0607603
-0.0609745
-0.0595612
-0.0611884
-0.0614021
-0.0599947
-0.0616153
-0.0618282
-0.0604269
-0.0620407
-0.0622529
-0.0608576
-0.0624646
-0.0626759
-0.0612867
-0.0628868
-0.0630972
-0.0617141
-0.0633071
-0.0635165
-0.0621397
-0.0637254
-0.0639338
-0.0625632
-0.0641416
-0.0643488
-0.0629846
-0.0645555
-0.0647616
-0.0634038
-0.064967
-0.0651718
-0.0638205
-0.0653759
-0.0655794
-0.0642347
-0.0657822
-0.0659843
-0.0646461
-0.0661857
-0.0663863
-0.0650548
-0.0665861
-0.0667852
-0.0654604
-0.0669835
-0.067181
-0.065863
-0.0673777
-0.0675735
-0.0662623
-0.0677684
-0.0679625
-0.0666582
-0.0681556
-0.0683479
-0.0670505
-0.0685392
-0.0687296
-0.0674392
-0.068919
-0.0691074
-0.0678241
-0.0692949
-0.0694813
-0.0682051
-0.0696666
-0.069851
-0.068582
-0.0700342
-0.0702164
-0.0689547
-0.0703975
-0.0705775
-0.069323
-0.0707563
-0.070934
-0.0696869
-0.0711105
-0.0712859
-0.0700461
-0.07146
-0.071633
-0.0704007
-0.0718047
-0.0719751
-0.0707504
-0.0721443
-0.0723123
-0.0710951
-0.0724789
-0.0726443
-0.0714346
-0.0728083
-0.0729841
-0.0717821
-0.0731529
-0.073328
-0.0721338
-0.0735004
-0.073672
-0.0724856
-0.0737037
-0.0726406
-0.0727771
-0.0740082
-0.0728296
-0.0741727
-0.0743355
-0.0731648
-0.0744952
-0.0746533
-0.0734905
-0.0748086
-0.0749624
-0.0738076
-0.0751136
-0.0752634
-0.0741166
-0.0754108
-0.0755568
-0.0744182
-0.0757005
-0.075843
-0.0747125
-0.0759831
-0.0761221
-0.0749997
-0.0762587
-0.0763941
-0.07528
-0.0765273
-0.0766593
-0.0755534
-0.076789
-0.0769175
-0.07582
-0.0770437
-0.0771687
-0.0760796
-0.0772914
-0.0774129
-0.0763322
-0.0775321
-0.0776501
-0.0765779
-0.0777657
-0.0778801
-0.0768164
-0.0779921
-0.0781029
-0.0770479
-0.0782114
-0.0783185
-0.0772721
-0.0784233
-0.0785268
-0.077489
-0.0786279
-0.0787276
-0.0776986
-0.078825
-0.0789211
-0.0779007
-0.0790147
-0.0791069
-0.0780954
-0.0791968
-0.0792853
-0.0782826
-0.0793713
-0.079456
-0.0784622
-0.0795381
-0.079619
-0.0786342
-0.0796973
-0.0797742
-0.0787984
-0.0798487
-0.0799217
-0.0789549
-0.0799923
-0.0800614
-0.0791037
-0.080128
-0.0801932
-0.0792446
-0.0802559
-0.0803171
-0.0793776
-0.0803758
-0.0804331
-0.0795028
-0.0804878
-0.0805411
-0.0796201
-0.0805918
-0.0806411
-0.0797294
-0.0806878
-0.0807331
-0.0798307
-0.0807758
-0.0808171
-0.079924
-0.0808558
-0.080893
-0.0800094
-0.0809277
-0.0809609
-0.0800867
-0.0809915
-0.0810207
-0.080156
-0.0810473
-0.0810724
-0.0802172
-0.081095
-0.0811161
-0.0802704
-0.0811346
-0.0811517
-0.0803156
-0.0811661
-0.0811792
-0.0803527
-0.0811896
-0.0811986
-0.0803818
-0.081205
-0.08121
-0.0804029
-0.0812124
-0.0812134
-0.080416
-0.0812118
-0.0812087
-0.0804212
-0.0812031
-0.081196
-0.0804183
-0.0811864
-0.0811754
-0.0804075
-0.0811618
-0.0811468
-0.0803888
-0.0811292
-0.0811102
-0.0803621
-0.0810887
-0.0810658
-0.0803277
-0.0810404
-0.0810135
-0.0802854
-0.0809842
-0.0809534
-0.0802353
-0.0809202
-0.0808855
-0.0801774
-0.0808484
-0.0808099
-0.0801119
-0.0807689
-0.0807266
-0.0800386
-0.0806818
-0.0806356
-0.0799578
-0.080587
-0.080537
-0.0798694
-0.0804847
-0.0804309
-0.0797735
-0.0803748
-0.0803173
-0.0796701
-0.0802575
-0.0801963
-0.0795593
-0.0801327
-0.0800679
-0.0794412
-0.0800007
-0.0799322
-0.0793158
-0.0798613
-0.0797892
-0.0791831
-0.0797148
-0.0796391
-0.0790434
-0.0795611
-0.0794818
-0.0788965
-0.0794003
-0.0793175
-0.0787426
-0.0792325
-0.0791463
-0.0785818
-0.0790578
-0.0789681
-0.0784141
-0.0788762
-0.0787832
-0.0782397
-0.0786879
-0.0785915
-0.0780585
-0.0784929
-0.0783931
-0.0778707
-0.0782912
-0.0781882
-0.0776764
-0.0780831
-0.0779768
-0.0774756
-0.0778685
-0.077759
-0.0772684
-0.0776475
-0.0775349
-0.0770549
-0.0774203
-0.0773046
-0.0768352
-0.0771869
-0.0770682
-0.0766095
-0.0769475
-0.0768257
-0.0763777
-0.076702
-0.0765773
-0.07614
-0.0764506
-0.076323
-0.0758964
-0.0761935
-0.076063
-0.0756472
-0.0759307
-0.0757974
-0.0753923
-0.0756622
-0.0755262
-0.0751319
-0.0753883
-0.0752495
-0.0748661
-0.075109
-0.0749676
-0.0745949
-0.0748244
-0.0746804
-0.0743185
-0.0745346
-0.074388
-0.0740371
-0.0742398
-0.0740907
-0.0737506
-0.07394
-0.0737884
-0.0734592
-0.0736353
-0.0734814
-0.0731631
-0.0733259
-0.0731697
-0.0728623
-0.0730119
-0.0728534
-0.0725569
-0.0726934
-0.0725326
-0.0722471
-0.0723704
-0.0722076
-0.071933
-0.0720432
-0.0718783
-0.0716146
-0.0717119
-0.0715448
-0.0712922
-0.0713765
-0.0712075
-0.0709658
-0.0710371
-0.0708662
-0.0706356
-0.070694
-0.0705212
-0.0703016
-0.0703472
-0.0701726
-0.069964
-0.0699968
-0.0698205
-0.0696229
-0.069643
-0.069465
-0.0692785
-0.0692859
-0.0691063
-0.0689308
-0.0689257
-0.0687445
-0.0685801
-0.0685623
-0.0683797
-0.0682263
-0.0681961
-0.0680121
-0.0678697
-0.0678271
-0.0676417
-0.0675104
-0.0674554
-0.0672687
-0.0671485
-0.0670811
-0.0668933
-0.0667842
-0.0667045
-0.0665155
-0.0664175
-0.0663257
-0.0661355
-0.0660486
-0.0659447
-0.0657535
-0.0656777
-0.0655617
-0.0653696
-0.0653049
-0.0651768
-0.0649839
-0.0649303
-0.0647903
-0.0645965
-0.064554
-0.0644021
-0.0642076
-0.0641762
-0.0640126
-0.0638174
-0.0637971
-0.0636217
-0.0634259
-0.0634167
-0.0632297
-0.0630333
-0.0630353
-0.0628366
-0.0626398
-0.0626529
-0.0624427
-0.0622455
-0.0622697
-0.062048
-0.0618505
-0.0618858
-0.0616528
-0.0614551
-0.0615014
-0.0612571
-0.0610592
-0.0611167
-0.0608611
-0.0606631
-0.0607317
-0.0604649
-0.0602669
-0.0603466
-0.0600688
-0.0598708
-0.0599616
-0.0596727
-0.0594748
-0.0595767
-0.059277
-0.0590793
-0.0591922
-0.0588816
-0.0586842
-0.0588082
-0.0584869
-0.0582898
-0.0584249
-0.0580928
-0.0578961
-0.0580423
-0.0576996
-0.0575034
-0.0576607
-0.0573075
-0.0571118
-0.0572801
-0.0569164
-0.0567214
-0.0569008
-0.0565267
-0.0563324
-0.0565228
-0.0561385
-0.0559449
-0.0561464
-0.0557518
-0.0555591
-0.0557716
-0.0553669
-0.0551752
-0.0553987
-0.054984
-0.0547933
-0.0550278
-0.0546031
-0.0544136
-0.0546591
-0.0542246
-0.0540362
-0.0542927
-0.0538485
-0.0536614
-0.0539288
-0.0534749
-0.0532892
-0.0535676
-0.0531041
-0.0529198
-0.0532091
-0.0527362
-0.0525534
-0.0528537
-0.0523713
-0.0521901
-0.0525013
-0.0520096
-0.05183
-0.0521521
-0.0516512
-0.0514733
-0.0518064
-0.0512963
-0.0511202
-0.0514641
-0.0509451
-0.0507708
-0.0511256
-0.0505975
-0.0504252
-0.0507908
-0.0502539
-0.0500836
-0.05046
-0.0499143
-0.0497461
-0.0501333
-0.0495789
-0.0494128
-0.0498108
-0.0492478
-0.0490839
-0.0494927
-0.0489211
-0.0487595
-0.0491791
-0.048599
-0.0484398
-0.0488701
-0.0482817
-0.0481248
-0.0485659
-0.0479692
-0.0478147
-0.0482665
-0.0476616
-0.0475097
-0.0479722
-0.0473591
-0.0472098
-0.047683
-0.0470619
-0.0469153
-0.047399
-0.04677
-0.0466261
-0.0471205
-0.0464836
-0.0463424
-0.0468474
-0.0462027
-0.0460644
-0.04658
-0.0459276
-0.0457921
-0.0463183
-0.0456582
-0.0455257
-0.0460624
-0.0453948
-0.0452653
-0.0458125
-0.0451374
-0.045011
-0.0455686
-0.0448862
-0.0447629
-0.045331
-0.0446412
-0.044521
-0.0450995
-0.0444025
-0.0442856
-0.0448745
-0.0441703
-0.0440566
-0.0446559
-0.0439446
-0.0438343
-0.0444439
-0.0437256
-0.0436186
-0.0442386
-0.0435133
-0.0434097
-0.04404
-0.0433078
-0.0432077
-0.0438482
-0.0431092
-0.0430126
-0.0436634
-0.0429177
-0.0428245
-0.0427331
-0.042643
-0.0425549
-0.0424682
-0.0423836
-0.0423004
-0.0422193
-0.0421397
-0.0420623
-0.0419865
-0.0419128
-0.0418408
-0.0417709
-0.0417027
-0.0416367
-0.0415724
-0.0415103
-0.04145
-0.0413918
-0.0413354
-0.0412812
-0.0412289
-0.0411787
-0.0411304
-0.0410842
-0.0416177
-0.0418578
-0.0412751
-0.0409846
-0.0409366
-0.0408836
-0.0408344
-0.0407866
-0.040742
-0.0406994
-0.0406604
-0.0406236
-0.0405902
-0.040559
-0.0405309
-0.040505
-0.040482
-0.0404611
-0.0404429
-0.0404267
-0.0404132
-0.0404016
-0.0403925
-0.0403854
-0.0403807
-0.0403779
-0.0403776
-0.0403791
-0.0403831
-0.0403889
-0.0403971
-0.0404071
-0.0404195
-0.0404336
-0.0404502
-0.0404685
-0.0404893
-0.0405117
-0.0405366
-0.0405631
-0.0405921
-0.0406227
-0.0406558
-0.0406905
-0.0407276
-0.0407664
-0.0408075
-0.0408503
-0.0408954
-0.0409421
-0.0409913
-0.0410419
-0.041095
-0.0411496
-0.0412066
-0.0412651
-0.0413259
-0.0413883
-0.041453
-0.0415191
-0.0415876
-0.0416575
-0.0417298
-0.0418034
-0.0418794
-0.0419567
-0.0420364
-0.0421173
-0.0422006
-0.0432925
-0.0422851
-0.0423715
-0.0434718
-0.0424593
-0.0425489
-0.0436575
-0.0426399
-0.0427328
-0.0438497
-0.0428271
-0.0429232
-0.0440482
-0.0430207
-0.04312
-0.0442533
-0.0432207
-0.0433233
-0.0444646
-0.0434272
-0.043533
-0.0446824
-0.04364
-0.043749
-0.0449064
-0.0438592
-0.0439712
-0.0451367
-0.0440846
-0.0441997
-0.045373
-0.0443161
-0.0444343
-0.0456155
-0.0445537
-0.0446749
-0.0458639
-0.0447972
-0.0449213
-0.0461181
-0.0450466
-0.0451737
-0.0463781
-0.0453018
-0.0454317
-0.0466438
-0.0455627
-0.0456953
-0.046915
-0.0458291
-0.0459644
-0.0471917
-0.0461009
-0.046239
-0.0474737
-0.0463781
-0.0465188
-0.047761
-0.0466605
-0.0468037
-0.0480533
-0.046948
-0.0470938
-0.0483507
-0.0472405
-0.0473887
-0.0486529
-0.0475379
-0.0476885
-0.0489598
-0.04784
-0.0479929
-0.0492714
-0.0481467
-0.0483019
-0.0495875
-0.0484579
-0.0486153
-0.049908
-0.0487735
-0.048933
-0.0502327
-0.0490934
-0.0492549
-0.0505615
-0.0494173
-0.0495809
-0.0508943
-0.0497452
-0.0499107
-0.051231
-0.050077
-0.0502444
-0.0515714
-0.0504124
-0.0505816
-0.0519153
-0.0507514
-0.0509223
-0.0522627
-0.0510939
-0.0512664
-0.0526133
-0.0514396
-0.0516137
-0.0529672
-0.0517884
-0.0519641
-0.053324
-0.0521402
-0.0523173
-0.0536836
-0.0524949
-0.0526734
-0.054046
-0.0528523
-0.053032
-0.0544109
-0.0532122
-0.0533931
-0.0547782
-0.0535744
-0.0537565
-0.0551477
-0.0539389
-0.0541221
-0.0555194
-0.0543055
-0.0544896
-0.055893
-0.054674
-0.054859
-0.0562683
-0.0550442
-0.0552301
-0.0566453
-0.0554161
-0.0556026
-0.0570237
-0.0557893
-0.0559766
-0.0574034
-0.0561639
-0.0563517
-0.0577842
-0.0565395
-0.0567278
-0.058166
-0.0569161
-0.0571048
-0.0585486
-0.0572935
-0.0574825
-0.0589317
-0.0576714
-0.0578607
-0.0593154
-0.0580498
-0.0582392
-0.0596993
-0.0584285
-0.0586179
-0.0600834
-0.0588072
-0.0589967
-0.0604674
-0.0591859
-0.0593752
-0.0608511
-0.0595643
-0.0597535
-0.0612345
-0.0599423
-0.0601312
-0.0616173
-0.0603197
-0.0605082
-0.0619993
-0.0606963
-0.0608844
-0.0623804
-0.061072
-0.0612595
-0.0627604
-0.0614465
-0.0616334
-0.0631391
-0.0618198
-0.062006
-0.0635164
-0.0621916
-0.0623769
-0.063892
-0.0625617
-0.0627462
-0.0642658
-0.06293
-0.0631135
-0.0646377
-0.0632963
-0.0634787
-0.0650073
-0.0636604
-0.0638416
-0.0653747
-0.0640221
-0.0642021
-0.0657395
-0.0643813
-0.06456
-0.0661016
-0.0647378
-0.0649151
-0.0664609
-0.0650914
-0.0652672
-0.0668171
-0.065442
-0.0656161
-0.0671701
-0.0657893
-0.0659618
-0.0675197
-0.0661332
-0.0663039
-0.0678658
-0.0664735
-0.0666424
-0.0682081
-0.0668101
-0.066977
-0.0685465
-0.0671428
-0.0673077
-0.0688809
-0.0674714
-0.0676341
-0.0692109
-0.0677957
-0.0679563
-0.0695366
-0.0681156
-0.0682739
-0.0698577
-0.0684309
-0.0685868
-0.0701741
-0.0687414
-0.0688949
-0.0704855
-0.069047
-0.069198
-0.0707919
-0.0693476
-0.069496
-0.0710931
-0.0696429
-0.0697886
-0.0713888
-0.0699328
-0.0700757
-0.0716791
-0.0702171
-0.0703573
-0.0719636
-0.0704958
-0.070633
-0.0722423
-0.0707686
-0.0709028
-0.0725149
-0.0710354
-0.0711666
-0.0727815
-0.0712961
-0.0714241
-0.0730417
-0.0715504
-0.0716753
-0.0732955
-0.0717984
-0.07192
-0.0735427
-0.0720397
-0.072158
-0.0737833
-0.0722744
-0.0723892
-0.0740169
-0.0725022
-0.0726136
-0.0742436
-0.072723
-0.0728309
-0.0744632
-0.0729367
-0.073041
-0.0746755
-0.0731433
-0.0732439
-0.0748805
-0.0733424
-0.0734393
-0.075078
-0.0735341
-0.0736272
-0.0752679
-0.0737183
-0.0738075
-0.0754501
-0.0738947
-0.0739801
-0.0756245
-0.0740633
-0.0741448
-0.075791
-0.0742241
-0.0743015
-0.0759494
-0.0743768
-0.0744502
-0.0760998
-0.0745215
-0.0745908
-0.0762419
-0.0746579
-0.0747231
-0.0763757
-0.0747861
-0.0748471
-0.076501
-0.0749059
-0.0749627
-0.0766179
-0.0750172
-0.0750698
-0.0767263
-0.07512
-0.0751683
-0.076826
-0.0752142
-0.0752582
-0.076917
-0.0752998
-0.0753393
-0.0769992
-0.0753766
-0.0754118
-0.0770725
-0.0754445
-0.0754753
-0.077137
-0.0755037
-0.07553
-0.0771925
-0.0755539
-0.0755758
-0.077239
-0.0755952
-0.0756126
-0.0772764
-0.0756274
-0.0756403
-0.0773048
-0.0756507
-0.075659
-0.077324
-0.0756648
-0.0756686
-0.077334
-0.0756698
-0.075669
-0.0773348
-0.0756657
-0.0756604
-0.0773264
-0.0756525
-0.0756425
-0.0773088
-0.07563
-0.0756155
-0.0772819
-0.0755984
-0.0755792
-0.0772457
-0.0755575
-0.0755338
-0.0772003
-0.0755075
-0.0754792
-0.0771456
-0.0754483
-0.0754153
-0.0770816
-0.0753798
-0.0753423
-0.0770083
-0.0753022
-0.0752601
-0.0769258
-0.0752154
-0.0751687
-0.0768341
-0.0751195
-0.0750682
-0.0767331
-0.0750144
-0.0749586
-0.076623
-0.0749003
-0.0748399
-0.0765037
-0.074777
-0.0747122
-0.0763753
-0.0746448
-0.0745754
-0.0762378
-0.0745036
-0.0744297
-0.0760913
-0.0743534
-0.0742751
-0.0759358
-0.0741944
-0.0741117
-0.0757714
-0.0740265
-0.0739394
-0.0755981
-0.0738499
-0.0737585
-0.075416
-0.0736646
-0.0735689
-0.0752252
-0.0734707
-0.0733707
-0.0750257
-0.0732682
-0.073164
-0.0748177
-0.0730573
-0.0729488
-0.0746012
-0.072838
-0.0727254
-0.0743762
-0.0726104
-0.0724937
-0.074143
-0.0723747
-0.0722539
-0.0739015
-0.0721308
-0.072006
-0.073652
-0.071879
-0.0717502
-0.0733944
-0.0716192
-0.0714866
-0.0731289
-0.0713517
-0.0712153
-0.0728557
-0.0710766
-0.0709364
-0.0725748
-0.070794
-0.07065
-0.0722864
-0.0705039
-0.0703563
-0.0719905
-0.0702066
-0.0700554
-0.0716874
-0.0699021
-0.0697475
-0.0713772
-0.0695907
-0.0694326
-0.0710599
-0.0692724
-0.0691109
-0.0707358
-0.0689474
-0.0687826
-0.070405
-0.0686158
-0.0684478
-0.0700676
-0.0682778
-0.0681067
-0.0697239
-0.0679336
-0.0677594
-0.0693739
-0.0675833
-0.0674061
-0.0690178
-0.0672271
-0.067047
-0.0686558
-0.0668651
-0.0666822
-0.0682881
-0.0664976
-0.066312
-0.0679149
-0.0661246
-0.0659364
-0.0675362
-0.0657465
-0.0655557
-0.0671524
-0.0653633
-0.06517
-0.0667635
-0.0649752
-0.0647796
-0.0663698
-0.0645825
-0.0643846
-0.0659714
-0.0641853
-0.0639852
-0.0655686
-0.0637838
-0.0635817
-0.0651615
-0.0633782
-0.0631741
-0.0647504
-0.0629687
-0.0627628
-0.0643354
-0.0625555
-0.0623478
-0.0639168
-0.0621389
-0.0619295
-0.0634947
-0.0617189
-0.061508
-0.0630693
-0.0612959
-0.0610835
-0.0626409
-0.06087
-0.0606563
-0.0622097
-0.0604415
-0.0602265
-0.0617758
-0.0600105
-0.0597943
-0.0613396
-0.0595773
-0.0593601
-0.0609011
-0.059142
-0.0589239
-0.0604607
-0.058705
-0.058486
-0.0600185
-0.0582663
-0.0580467
-0.0595748
-0.0578264
-0.0576061
-0.0591297
-0.0573852
-0.0571645
-0.0586835
-0.0569431
-0.056722
-0.0582365
-0.0565003
-0.0562789
-0.0577887
-0.056057
-0.0558355
-0.0573405
-0.0556135
-0.0553919
-0.0568921
-0.0551699
-0.0549483
-0.0564437
-0.0547264
-0.054505
-0.0559955
-0.0542834
-0.0540622
-0.0555477
-0.0538409
-0.0536202
-0.0551005
-0.0533993
-0.053179
-0.0546543
-0.0529587
-0.052739
-0.0542091
-0.0525193
-0.0523004
-0.0537651
-0.0520814
-0.0518633
-0.0533228
-0.0516452
-0.051428
-0.0528821
-0.0512109
-0.0509947
-0.0524433
-0.0507787
-0.0505636
-0.0520067
-0.0503488
-0.050135
-0.0515725
-0.0499215
-0.049709
-0.0511408
-0.0494968
-0.0492857
-0.0507119
-0.0490751
-0.0488656
-0.0502859
-0.0486565
-0.0484486
-0.0498631
-0.0482412
-0.0480351
-0.0494437
-0.0478295
-0.0476252
-0.0490278
-0.0474215
-0.0472191
-0.0486157
-0.0470173
-0.046817
-0.0482075
-0.0466173
-0.046419
-0.0478034
-0.0462216
-0.0460255
-0.0474037
-0.0458303
-0.0456365
-0.0470084
-0.0454436
-0.0452522
-0.0466178
-0.0450618
-0.0448728
-0.046232
-0.0446849
-0.0444985
-0.0458512
-0.0443132
-0.0441294
-0.0454756
-0.0439468
-0.0437658
-0.0451054
-0.0435859
-0.0434076
-0.0447406
-0.0432306
-0.0430552
-0.0443815
-0.0428811
-0.0427086
-0.0440282
-0.0425375
-0.0423681
-0.0436808
-0.0422
-0.0420337
-0.0433395
-0.0418687
-0.0417056
-0.0430045
-0.0415438
-0.0413839
-0.0426758
-0.0412254
-0.0410687
-0.0423536
-0.0409136
-0.0407603
-0.0420381
-0.0406085
-0.0404587
-0.0417293
-0.0403103
-0.0401639
-0.0414273
-0.0400191
-0.0398762
-0.0411324
-0.039735
-0.0395957
-0.0408445
-0.0394581
-0.0393224
-0.0405638
-0.0391884
-0.0390565
-0.0402905
-0.0389262
-0.038798
-0.0400245
-0.0386715
-0.038547
-0.039766
-0.0384244
-0.0383037
-0.0395151
-0.0381849
-0.0380681
-0.0392718
-0.0379532
-0.0378403
-0.0390363
-0.0377293
-0.0376204
-0.0388086
-0.0375133
-0.0374084
-0.0385888
-0.0373053
-0.0372043
-0.0383769
-0.0371053
-0.0370084
-0.038173
-0.0369134
-0.0368206
-0.0379773
-0.0367297
-0.0366409
-0.0377896
-0.0365542
-0.0364695
-0.0376101
-0.0363869
-0.0363064
-0.0362279
-0.0361512
-0.0360764
-0.0360035
-0.0359327
-0.0358638
-0.035797
-0.0357323
-0.0356696
-0.035609
-0.0355506
-0.0354942
-0.0354399
-0.0353877
-0.0353376
-0.0352896
-0.0352437
-0.0352
-0.0351583
-0.0351188
-0.0350814
-0.0350461
-0.0350129
-0.0349819
-0.0349529
-0.0349261
-0.0349014
-0.0348789
-0.0348584
-0.0348401
-0.0348239
-0.0348099
-0.0347979
-0.0347881
-0.0347803
-0.0347747
-0.0347712
-0.0347699
-0.0347706
-0.0347734
