0 
-0.00092584 
-0.00277649 
-0.00462406 
-0.00646649 
-0.00830173 
-0.0101278 
-0.0119425 
-0.013744 
-0.0155303 
0.115333 
-0.019049 
0.112916 
-0.0224831 
0.107703 
-0.0258173 
0.0999351 
-0.0290368 
0.0900728 
-0.0321273 
0.0787229 
-0.0350751 
-0.0364914 
-0.0378671 
-0.0392007 
-0.0404908 
-0.0417359 
-0.0429346 
-0.0440856 
-0.0451877 
-0.0462395 
-0.04724 
-0.0481879 
-0.0490824 
-0.0499223 
-0.0507068 
-0.0514349 
-0.0521058 
-0.0527189 
-0.0532734 
-0.0537688 
-0.0542043 
-0.0545797 
-0.0548944 
-0.0551482 
-0.0553406 
-0.0554716 
-0.055541 
-0.0555486 
-0.0554945 
-0.0553788 
-0.0552016 
-0.054963 
-0.0546634 
-0.054303 
-0.0538823 
-0.0534017 
-0.0528618 
-0.0522632 
-0.0516065 
-0.0508925 
-0.0501219 
-0.0492956 
-0.0484146 
-0.0474798 
-0.0464922 
-0.045453 
-0.0443633 
-0.0432243 
-0.0420373 
-0.0408035 
-0.0395245 
-0.0382015 
-0.0368361 
-0.0354297 
-0.033984 
-0.0325006 
-0.030981 
-0.029427 
-0.0278403 
-0.0262227 
-0.024576 
-0.0229019 
-0.0212024 
-0.0194794 
-0.0177347 
-0.0159703 
-0.0141881 
-0.0123902 
-0.0105785 
-0.00875512 
-0.00692197 
-0.00508113 
-0.00323465 
-0.00138457 
0.000467048 
0.00231815 
0.00416667 
0.00601056 
0.00784778 
0.00967628 
0.011494 
0.013299 
0.0150892 
0.0168626 
0.0186173 
0.0203514 
0.0220628 
0.0237497 
0.0254102 
0.0270425 
0.0286447 
0.0302151 
0.0317519 
0.0332535 
0.0347181 
0.0361442 
0.0375301 
0.0388743 
0.0401753 
0.0414316 
0.042642 
0.0438049 
0.0449192 
0.0459836 
0.0469969 
0.047958 
0.0488658 
0.0497193 
0.0505176 
0.0512598 
0.051945 
0.0525725 
0.0531415 
0.0536516 
0.054102 
0.0544923 
0.0548221 
0.055091 
0.0552987 
0.0554449 
0.0555295 
0.0555525 
0.0555137 
0.0554132 
0.0552512 
0.0550278 
0.0547433 
0.0543979 
0.0539921 
0.0535263 
0.0530011 
0.0524169 
0.0517746 
0.0510747 
0.050318 
0.0495055 
0.048638 
0.0477164 
0.0467418 
0.0457153 
0.0446379 
0.043511 
0.0423358 
0.0411135 
0.0398455 
0.0385333 
0.0371783 
0.0357819 
0.0343458 
0.0328716 
0.0313608 
0.0298152 
0.0282364 
0.0266263 
0.0249866 
0.0233191 
0.0216258 
0.0199084 
0.0181689 
0.0164092 
0.0146312 
0.0128371 
0.0110286 
0.00920792 
0.00737699 
0.00553786 
0.00369258 
0.0018432 
-8.22329e-06 
-0.00185964 
-0.00370899 
-0.00555423 
-0.00739329 
-0.00922413 
-0.0110447 
-0.0128531 
-0.0146471 
-0.0164249 
-0.0181844 
-0.0199237 
-0.0216409 
-0.0233341 
-0.0250013 
-0.0266407 
-0.0282506 
-0.029829 
-0.0313744 
-0.0328848 
-0.0343587 
-0.0357945 
-0.0371905 
-0.0385452 
-0.039857 
-0.0411246 
-0.0423464 
-0.0435213 
-0.0446477 
-0.0457246 
-0.0467507 
-0.0477248 
-0.0486459 
-0.049513 
-0.050325 
-0.0510811 
-0.0517805 
-0.0524224 
-0.053006 
-0.0535307 
-0.053996 
-0.0544012 
-0.0547461 
-0.0550301 
-0.0552529 
-0.0554144 
-0.0555143 
-0.0555525 
-0.0555291 
-0.0554439 
-0.0552971 
-0.0550889 
-0.0548195 
-0.0544891 
-0.0540983 
-0.0536473 
-0.0531367 
-0.0525671 
-0.0519391 
-0.0512534 
-0.0505108 
-0.049712 
-0.048858 
-0.0479497 
-0.0469881 
-0.0459744 
-0.0449095 
-0.0437948 
-0.0426314 
-0.0414207 
-0.0401639 
-0.0388625 
-0.0375179 
-0.0361317 
-0.0347053 
-0.0332403 
-0.0317384 
-0.0302013 
-0.0286306 
-0.0270281 
-0.0253955 
-0.0237348 
-0.0220477 
-0.0203361 
-0.0186018 
-0.016847 
-0.0150734 
-0.013283 
-0.0114779 
-0.00966008 
-0.0078315 
-0.00599421 
-0.00415027 
-0.00230171 
-0.000450602 
0.00140101 
0.00325107 
0.00509751 
0.00693829 
0.00877136 
0.0105947 
0.0124062 
0.014204 
0.015986 
0.0177502 
0.0194948 
0.0212176 
0.0229169 
0.0245907 
0.0262372 
0.0278546 
0.029441 
0.0309946 
0.0325139 
0.033997 
0.0354424 
0.0368484 
0.0382134 
0.039536 
0.0408147 
0.042048 
0.0432346 
0.0443732 
0.0454625 
0.0465012 
0.0474883 
0.0484227 
0.0493032 
0.050129 
0.050899 
0.0516126 
0.0522688 
0.0528669 
0.0534062 
0.0538863 
0.0543064 
0.0546663 
0.0549654 
0.0552034 
0.0553801 
0.0554953 
0.0555488 
0.0555406 
0.0554707 
0.0553392 
0.0551462 
0.0548919 
0.0545766 
0.0542007 
0.0537646 
0.0532688 
0.0527137 
0.0521001 
0.0514287 
0.0507 
0.0499151 
0.0490747 
0.0481798 
0.0472313 
0.0462304 
0.0451781 
0.0440756 
0.0429242 
0.041725 
0.0404795 
0.039189 
0.037855 
0.036479 
0.0350624 
0.0336068 
0.0321139 
0.0305854 
0.0290228 
0.027428 
0.0258028 
0.0241488 
0.0224681 
0.0207623 
0.0190335 
0.0172836 
0.0155145 
0.0137281 
0.0119265 
0.0101116 
0.00828547 
0.00645015 
0.00460767 
0.00276007 
0.000909396 
-0.000942284 
-0.00279292 
-0.00464045 
-0.00648282 
-0.008318 
-0.0101439 
-0.0119586 
-0.01376 
-0.0155461 
-0.0173149 
-0.0190644 
-0.0207928 
-0.0224981 
-0.0241784 
-0.0258319 
-0.0274566 
-0.0290509 
-0.0306128 
-0.0321408 
-0.033633 
-0.0350879 
-0.0365038 
-0.0378791 
-0.0392123 
-0.040502 
-0.0417467 
-0.042945 
-0.0440956 
-0.0451972 
-0.0462486 
-0.0472486 
-0.0481961 
-0.0490901 
-0.0499295 
-0.0507135 
-0.0514411 
-0.0521115 
-0.0527241 
-0.0532781 
-0.0537729 
-0.0542079 
-0.0545828 
-0.054897 
-0.0551501 
-0.0553421 
-0.0554725 
-0.0555413 
-0.0555484 
-0.0554938 
-0.0553775 
-0.0551997 
-0.0549606 
-0.0546604 
-0.0542995 
-0.0538783 
-0.0533972 
-0.0528567 
-0.0522576 
-0.0516004 
-0.0508859 
-0.0501148 
-0.049288 
-0.0484065 
-0.0474712 
-0.0464832 
-0.0454435 
-0.0443534 
-0.043214 
-0.0420265 
-0.0407924 
-0.0395129 
-0.0381895 
-0.0368238 
-0.0354171 
-0.033971 
-0.0324872 
-0.0309673 
-0.0294131 
-0.0278261 
-0.0262082 
-0.0245612 
-0.0228869 
-0.0211872 
-0.019464 
-0.0177191 
-0.0159545 
-0.0141722 
-0.0123742 
-0.0105624 
-0.00873888 
-0.00690566 
-0.00506476 
-0.00321823 
-0.00136813 
0.000483494 
0.00233458 
0.00418307 
0.00602691 
0.00786406 
0.00969247 
0.0115101 
0.013315 
0.015105 
0.0168783 
0.0186328 
0.0203667 
0.0220779 
0.0237645 
0.0254248 
0.0270568 
0.0286588 
0.0302289 
0.0317654 
0.0332667 
0.034731 
0.0361567 
0.0375422 
0.038886 
0.0401866 
0.0414426 
0.0426525 
0.043815 
0.0449289 
