0 
-0.0230946 
-0.0686438 
-0.112291 
-0.152826 
-0.189125 
-0.220183 
-0.245139 
0.0844883 
-0.00358214 
-0.270585 
-0.277435 
-0.273013 
-0.261026 
-0.241804 
-0.215881 
-0.183976 
-0.146972 
-0.105894 
-0.0618823 
-0.0161553 
0.0300194 
0.0753622 
0.118616 
0.158583 
0.194155 
0.224347 
0.248321 
0.265413 
0.275149 
0.27726 
0.271687 
0.258585 
0.238317 
0.211444 
0.178711 
0.141025 
0.0994313 
0.0550818 
0.00920579 
-0.0369254 
-0.0820332 
-0.124868 
-0.164241 
-0.199064 
-0.228369 
-0.251346 
-0.267356 
-0.275958 
-0.276911 
-0.270191 
-0.255982 
-0.23468 
-0.206873 
-0.173334 
-0.13499 
-0.0929059 
-0.0482467 
-0.00225051 
0.0438081 
0.0886526 
0.13104 
0.169796 
0.203847 
0.232248 
0.254213 
0.269132 
0.276593 
0.276389 
0.268525 
0.253219 
0.230895 
0.202173 
0.167847 
0.12887 
0.0863221 
0.0413813 
-0.00470619 
-0.0506633 
-0.0952163 
-0.137131 
-0.175245 
-0.208502 
-0.235981 
-0.25692 
-0.270739 
-0.277054 
-0.275692 
-0.266689 
-0.250296 
-0.226965 
-0.197345 
-0.162256 
-0.12267 
-0.0796839 
-0.0344899 
0.0116599 
0.0574866 
0.10172 
0.143135 
0.180582 
0.213026 
