0
-2.31461e-06
-9.52785e-06
-2.26234e-05
-4.05922e-05
-6.81901e-05
-0.000103066
-0.000148882
-0.000202798
-0.000268847
-0.000343475
-0.000431098
-0.000527601
-0.000637578
-0.000756645
-0.00088948
-0.00103154
-0.00118754
-0.00135285
-0.00153222
-0.00172092
-0.00192376
-0.00213595
-0.00236231
-0.00259802
-0.00284792
-0.00310716
-0.00338061
-0.00366337
-0.00396034
-0.00426661
-0.0045871
-0.00491685
-0.00526081
-0.00561401
-0.00598141
-0.00635803
-0.00674884
-0.00714884
-0.00756302
-0.00798636
-0.00842388
-0.00887053
-0.00933134
-0.00980125
-0.0102853
-0.0107784
-0.0112857
-0.011802
-0.0123324
-0.0128719
-0.0134254
-0.013988
-0.0145646
-0.014
-0.0140288
-0.014
-0.014006
-0.014006
-0.0140031
-0.014
-0.0140191
-0.014
-0.014
-0.014
-0.0139987
-0.0140134
-0.014
-0.014013
-0.014
-0.0140128
-0.014
-0.014
-0.0140126
-0.014
-0.014
-0.0140124
-0.014
-0.014
-0.0140123
-0.014
-0.014
-0.0140122
-0.014
-0.014
-0.014
-0.0140001
-0.014
-0.014
-0.014
-0.014
-0.0139989
-0.0140119
-0.014
-0.014
-0.014012
-0.014
-0.014
-0.014012
-0.014
-0.014
-0.014012
-0.014
-0.014
-0.0140119
-0.014
-0.014
-0.0140119
-0.014
-0.014
-0.0140119
-0.014
-0.014
-0.0140119
-0.014
-0.014
-0.0140118
-0.014
-0.014
-0.0140118
-0.014
-0.014
-0.0140118
-0.014
-0.014
-0.0140117
-0.014
-0.014
-0.0140117
-0.014
-0.014
-0.0140116
-0.014
-0.014
-0.0140116
-0.014
-0.014
-0.0140116
-0.014
-0.014
-0.0140115
-0.014
-0.014
-0.0140115
-0.014
-0.014
-0.0140114
-0.014
-0.014
-0.0140113
-0.014
-0.014
-0.0140113
-0.014
-0.014
-0.0140112
-0.014
-0.014
-0.0140112
-0.014
-0.014
-0.0140111
-0.014
-0.014
-0.014011
-0.014
-0.014
-0.014011
-0.014
-0.014
-0.0140109
-0.014
-0.014
-0.0140108
-0.014
-0.014
-0.0140107
-0.014
-0.014
-0.0140107
-0.014
-0.014
-0.0140106
-0.014
-0.014
-0.0140105
-0.014
-0.014
-0.0140104
-0.014
-0.014
-0.0140104
-0.014
-0.014
-0.0140103
-0.014
-0.014
-0.0140102
-0.014
-0.014
-0.0140101
-0.014
-0.014
-0.01401
-0.014
-0.014
-0.0140099
-0.014
-0.014
-0.0140099
-0.014
-0.014
-0.014
-0.0140002
-0.014
-0.014
-0.014
-0.014
-0.014
-0.014
-0.0139992
-0.014009
-0.014
-0.0139992
-0.0140089
-0.014
-0.0139992
-0.0140088
-0.014
-0.0139992
-0.0140087
-0.014
-0.0139992
-0.0140086
-0.014
-0.0139992
-0.0140085
-0.014
-0.0139992
-0.0140084
-0.014
-0.0139992
-0.0140084
-0.014
-0.0139993
-0.0140083
-0.014
-0.0139993
-0.0140082
-0.014
-0.0139993
-0.0140081
-0.014
-0.0139993
-0.014008
-0.014
-0.0139993
-0.0140079
-0.014
-0.0139993
-0.0140078
-0.014
-0.0139993
-0.0140078
-0.014
-0.0139993
-0.0140077
-0.014
-0.0139993
-0.0140076
-0.014
-0.0139993
-0.0140075
-0.014
-0.0139993
-0.0140074
-0.014
-0.0139993
-0.0140074
-0.014
-0.0139993
-0.0140073
-0.014
-0.0139993
-0.0140072
-0.014
-0.0139993
-0.0140072
-0.014
-0.0139993
-0.0140071
-0.014
-0.0139993
-0.014007
-0.014
-0.0139993
-0.014007
-0.014
-0.0139994
-0.0140069
-0.014
-0.0139994
-0.0140068
-0.014
-0.0139994
-0.0140068
-0.014
-0.0139994
-0.0140067
-0.014
-0.0139994
-0.0140067
-0.014
-0.0139994
-0.0140066
-0.014
-0.0139994
-0.0140066
-0.014
-0.0139994
-0.0140065
-0.014
-0.0139994
-0.0140065
-0.014
-0.0139994
-0.0140065
-0.014
-0.0139994
-0.0140064
-0.014
-0.0139994
-0.0140064
-0.014
-0.0139994
-0.0140064
-0.014
-0.0139994
-0.0140063
-0.014
-0.0139994
-0.0140063
-0.014
-0.0139994
-0.0140063
-0.014
-0.0139994
-0.0140062
-0.014
-0.0139994
-0.0140062
-0.014
-0.0139994
-0.0140062
-0.014
-0.0139994
-0.0140062
-0.014
-0.0139994
-0.0140062
-0.014
-0.0139994
-0.0140062
-0.014
-0.0139994
-0.0140061
-0.014
-0.0139994
-0.0140061
-0.014
-0.0139994
-0.0140061
-0.014
-0.0139994
-0.0140061
-0.014
-0.0139994
-0.0140061
-0.014
-0.0139994
-0.0140061
-0.014
-0.0139994
-0.0140061
-0.014
-0.0139994
-0.0140061
-0.014
-0.0139994
-0.0140061
-0.014
-0.0139994
-0.0140061
-0.014
-0.0139994
-0.0140061
-0.014
-0.0139994
-0.0140061
-0.014
-0.0139994
-0.0140061
-0.014
-0.0139994
-0.0140061
-0.014
-0.0139994
-0.0140061
-0.014
-0.0139994
-0.0140061
-0.014
-0.0139994
-0.0140061
-0.014
-0.0139994
-0.0140061
-0.014
-0.0139994
-0.0140061
-0.014
-0.0139994
-0.0140061
-0.014
-0.0139994
-0.0140061
-0.014
-0.0139994
-0.0140061
-0.014
-0.0139994
-0.0140061
-0.014
-0.0139994
-0.0140061
-0.014
-0.0139994
-0.0140061
-0.014
-0.0139994
-0.0140061
-0.014
-0.0139994
-0.0140061
-0.014
-0.0139994
-0.0140061
-0.014
-0.0139994
-0.0140061
-0.014
-0.0139994
-0.0140061
-0.014
-0.0139994
-0.0140061
-0.014
-0.0139994
-0.0140061
-0.014
-0.0139994
-0.0140061
-0.014
-0.0139994
-0.0140061
-0.014
-0.0139994
-0.0140061
-0.014
-0.0139994
-0.0140061
-0.014
-0.0139994
-0.0140061
-0.014
-0.0139994
-0.0140061
-0.014
-0.0139994
-0.0140061
-0.014
-0.0139994
-0.0140061
-0.014
-0.0139994
-0.014006
-0.014
-0.0139994
-0.014006
-0.014
-0.0139994
-0.014006
-0.014
-0.0139994
-0.014006
-0.014
-0.0139994
-0.014006
-0.014
-0.0139995
-0.014006
-0.014
-0.0139995
-0.014006
-0.014
-0.0139995
-0.014006
-0.014
-0.0139995
-0.014006
-0.014
-0.0139995
-0.014006
-0.014
-0.0139995
-0.0140059
-0.014
-0.0139995
-0.0140059
-0.014
-0.0139995
-0.0140059
-0.014
-0.0139995
-0.0140059
-0.014
-0.0139995
-0.0140059
-0.014
-0.0139995
-0.0140059
-0.014
-0.0139995
-0.0140059
-0.014
-0.0139995
-0.0140058
-0.014
-0.0139995
-0.0140058
-0.014
-0.0139995
-0.0140058
-0.014
-0.0139995
-0.0140058
-0.014
-0.0139995
-0.0140058
-0.014
-0.0139995
-0.0140058
-0.014
-0.0139995
-0.0140058
-0.014
-0.0139995
-0.0140058
-0.014
-0.0139995
-0.0140057
-0.014
-0.0139995
-0.0140057
-0.014
-0.0139995
-0.0140057
-0.014
-0.0139995
-0.0140057
-0.014
-0.0139995
-0.0140057
-0.014
-0.0139995
-0.0140057
-0.014
-0.0139995
-0.0140057
-0.014
-0.0139995
-0.0140057
-0.014
-0.0139995
-0.0140057
-0.014
-0.0139995
-0.0140057
-0.014
-0.0139995
-0.0140057
-0.014
-0.0139995
-0.0140057
-0.014
-0.0139995
-0.0140057
-0.014
-0.0139995
-0.0140057
-0.014
-0.0139995
-0.0140057
-0.014
-0.0139995
-0.0140057
-0.014
-0.0139995
-0.0140057
-0.014
-0.0139995
-0.0140057
-0.014
-0.0139995
-0.0140057
-0.014
-0.0139995
-0.0140057
-0.014
-0.0139995
-0.0140057
-0.014
-0.0139995
-0.0140057
-0.014
-0.0139995
-0.0140057
-0.014
-0.0139995
-0.0140058
-0.014
-0.0139995
-0.0140058
-0.014
-0.0139995
-0.0140058
-0.014
-0.0139995
-0.0140058
-0.014
-0.0139995
-0.0140058
-0.014
-0.0139995
-0.0140059
-0.014
-0.0139995
-0.0140059
-0.014
-0.0139995
-0.0140059
-0.014
-0.0139995
-0.014006
-0.014
-0.0139995
-0.014006
-0.014
-0.0139994
-0.014006
-0.014
-0.0139994
-0.0140061
-0.014
-0.0139994
-0.0140061
-0.014
-0.0139994
-0.0140062
-0.014
-0.0139994
-0.0140062
-0.014
-0.0139994
-0.0140063
-0.014
-0.0139994
-0.0140063
-0.014
-0.0139994
-0.0140063
-0.014
-0.0139994
-0.0140064
-0.014
-0.0139994
-0.0140065
-0.014
-0.0139994
-0.0140065
-0.014
-0.0139994
-0.0140066
-0.014
-0.0139994
-0.0140066
-0.014
-0.0139994
-0.0140067
-0.014
-0.0139994
-0.0140068
-0.014
-0.0139994
-0.0140068
-0.014
-0.0139994
-0.0140069
-0.014
-0.0139994
-0.014007
-0.014
-0.0139994
-0.014007
-0.014
-0.0139994
-0.0140071
-0.014
-0.0139994
-0.0140072
-0.014
-0.0139994
-0.0140072
-0.014
-0.0139994
-0.0140073
-0.014
-0.0139994
-0.0140074
-0.014
-0.0139993
-0.0140075
-0.014
-0.0139993
-0.0140075
-0.014
-0.0139993
-0.0140076
-0.014
-0.0139993
-0.0140077
-0.014
-0.0139993
-0.0140078
-0.014
-0.0139993
-0.0140079
-0.014
-0.0139993
-0.0140079
-0.014
-0.0139993
-0.014008
-0.014
-0.0139993
-0.0140081
-0.014
-0.0139993
-0.0140082
-0.014
-0.0139993
-0.0140083
-0.014
-0.0139993
-0.0140084
-0.014
-0.0139993
-0.0140084
-0.014
-0.0139993
-0.0140085
-0.014
-0.0139993
-0.0140086
-0.014
-0.0139993
-0.0140087
-0.014
-0.0139993
-0.0140088
-0.014
-0.0139993
-0.0140089
-0.014
-0.0139992
-0.0140089
-0.014
-0.0139992
-0.014009
-0.014
-0.0139992
-0.0140091
-0.014
-0.0139992
-0.0140092
-0.014
-0.0139992
-0.0140093
-0.014
-0.0139992
-0.0140093
-0.014
-0.0139992
-0.0140094
-0.014
-0.0139992
-0.0140095
-0.014
-0.0139992
-0.0140096
-0.014
-0.0139992
-0.0140097
-0.014
-0.0139992
-0.0140097
-0.014
-0.0139992
-0.0140098
-0.014
-0.0139992
-0.0140099
-0.014
-0.0139992
-0.0140099
-0.014
-0.0139992
-0.01401
-0.014
-0.0139992
-0.0140101
-0.014
-0.0139992
-0.0140101
-0.014
-0.0139992
-0.0140102
-0.014
-0.0139992
-0.0140103
-0.014
-0.0139992
-0.0140103
-0.014
-0.0139992
-0.0140104
-0.014
-0.0139991
-0.0140105
-0.014
-0.0139991
-0.0140105
-0.014
-0.0139991
-0.0140106
-0.014
-0.0139991
-0.0140106
-0.014
-0.0139991
-0.0140107
-0.014
-0.0140107
-0.014
-0.0140108
-0.014
-0.0140109
-0.014
-0.014011
-0.014
-0.014011
-0.014
-0.014011
-0.014
-0.0140111
-0.014
-0.0140111
-0.014
-0.0140111
-0.014
-0.0140111
-0.014
-0.014
-0.0140004
-0.014
-0.0140142
-0.014
-0.0140144
-0.014
-0.0140145
-0.014
-0.0140146
-0.014
-0.0140146
-0.014
-0.0140147
-0.014
-0.0140147
-0.014
-0.0140147
-0.014
-0.0140148
-0.014
-0.0140148
-0.014
-0.0140149
-0.014
-0.014
-0.0140149
-0.014
-0.014
-0.0140149
-0.014
-0.014
-0.014015
-0.014
-0.014
-0.0140151
-0.014
-0.014
-0.0140151
-0.014
-0.014
-0.0140152
-0.014
-0.014
-0.0140152
-0.014
-0.014
-0.0140152
-0.014
-0.014
-0.0140153
-0.014
-0.014
-0.0140153
-0.014
-0.014
-0.0140153
-0.014
-0.014
-0.0140154
-0.014
-0.014
-0.0140154
-0.014
-0.014
-0.0140154
-0.014
-0.014
-0.0140155
-0.014
-0.014
-0.0140155
-0.014
-0.014
-0.0140155
-0.014
-0.014
-0.0140155
-0.014
-0.014
-0.0140156
-0.014
-0.014
-0.0140156
-0.014
-0.014
-0.0140156
-0.014
-0.014
-0.0140157
-0.014
-0.014
-0.0140157
-0.014
-0.014
-0.0140157
-0.014
-0.014
-0.0140157
-0.014
-0.014
-0.0140158
-0.014
-0.014
-0.0140158
-0.014
-0.014
-0.0140158
-0.014
-0.014
-0.0140159
-0.014
-0.014
-0.0140159
-0.014
-0.014
-0.0140159
-0.014
-0.014
-0.014016
-0.014
-0.014
-0.014016
-0.014
-0.014
-0.014016
-0.014
-0.014
-0.0140161
-0.014
-0.014
-0.0140161
-0.014
-0.014
-0.0140161
-0.014
-0.014
-0.0140162
-0.014
-0.014
-0.0140162
-0.014
-0.014
-0.0140162
-0.014
-0.014
-0.0140163
-0.014
-0.014
-0.0140163
-0.014
-0.014
-0.0140163
-0.014
-0.014
-0.0140164
-0.014
-0.014
-0.0140164
-0.014
-0.014
-0.0140164
-0.014
-0.014
-0.0140165
-0.014
-0.014
-0.0140165
-0.014
-0.014
-0.0140165
-0.014
-0.014
-0.0140165
-0.014
-0.014
-0.0140166
-0.014
-0.014
-0.0140166
-0.014
-0.014
-0.0140166
-0.014
-0.014
-0.0140167
-0.014
-0.014
-0.0140167
-0.014
-0.014
-0.0140167
-0.014
-0.014
-0.0140167
-0.014
-0.014
-0.0140168
-0.014
-0.014
-0.0140168
-0.014
-0.014
-0.0140168
-0.014
-0.014
-0.0140168
-0.014
-0.014
-0.0140169
-0.014
-0.014
-0.0140169
-0.014
-0.014
-0.0140169
-0.014
-0.014
-0.0140169
-0.014
-0.014
-0.0140169
-0.014
-0.014
-0.0140169
-0.014
-0.014
-0.014017
-0.014
-0.014
-0.014017
-0.014
-0.014
-0.014017
-0.014
-0.014
-0.014017
-0.014
-0.014
-0.014017
-0.014
-0.014
-0.014017
-0.014
-0.014
-0.014017
-0.014
-0.014
-0.014017
-0.014
-0.014
-0.014017
-0.014
-0.014
-0.0140169
-0.014
-0.014
-0.0140169
-0.014
-0.014
-0.0140169
-0.014
-0.014
-0.0140169
-0.014
-0.014
-0.0140169
-0.014
-0.014
-0.0140169
-0.014
-0.014
-0.0140168
-0.014
-0.014
-0.0140168
-0.014
-0.014
-0.0140168
-0.014
-0.014
-0.0140167
-0.014
-0.014
-0.0140167
-0.014
-0.014
-0.0140167
-0.014
-0.014
-0.0140166
-0.014
-0.014
-0.0140166
-0.014
-0.014
-0.0140165
-0.014
-0.014
-0.0140165
-0.014
-0.014
-0.0140164
-0.014
-0.014
-0.0140164
-0.014
-0.014
-0.0140163
-0.014
-0.014
-0.0140162
-0.014
-0.014
-0.0140162
-0.014
-0.014
-0.0140161
-0.014
-0.014
-0.014016
-0.014
-0.014
-0.0140159
-0.014
-0.014
-0.0140158
-0.014
-0.014
-0.0140158
-0.014
-0.014
-0.0140157
-0.014
-0.014
-0.0140156
-0.014
-0.014
-0.0140155
-0.014
-0.014
-0.0140154
-0.014
-0.014
-0.0140153
-0.014
-0.014
-0.0140152
-0.014
-0.014
-0.0140151
-0.014
-0.014
-0.014015
-0.014
-0.014
-0.0140149
-0.014
-0.014
-0.0140147
-0.014
-0.014
-0.0140146
-0.014
-0.014
-0.0140145
-0.014
-0.014
-0.0140144
-0.014
-0.014
-0.0140143
-0.014
-0.014
-0.0140141
-0.014
-0.014
-0.014014
-0.014
-0.014
-0.0140139
-0.014
-0.014
-0.0140137
-0.014
-0.014
-0.0140136
-0.014
-0.014
-0.0140135
-0.014
-0.014
-0.0140133
-0.014
-0.014
-0.0140132
-0.014
-0.014
-0.014013
-0.014
-0.014
-0.0140129
-0.014
-0.014
-0.0140127
-0.014
-0.014
-0.0140126
-0.014
-0.014
-0.0140124
-0.014
-0.014
-0.0140123
-0.014
-0.014
-0.0140121
-0.014
-0.014
-0.014012
-0.014
-0.014
-0.0140118
-0.014
-0.014
-0.0140117
-0.014
-0.014
-0.0140115
-0.014
-0.014
-0.0140114
-0.014
-0.014
-0.0140112
-0.014
-0.014
-0.014011
-0.014
-0.014
-0.0140109
-0.014
-0.014
-0.0140107
-0.014
-0.014
-0.0140106
-0.014
-0.014
-0.0140104
-0.014
-0.014
-0.0140102
-0.014
-0.014
-0.0140101
-0.014
-0.014
-0.0140099
-0.014
-0.014
-0.0140098
-0.014
-0.014
-0.0140096
-0.014
-0.014
-0.0140095
-0.014
-0.014
-0.0140093
-0.014
-0.014
-0.0140092
-0.014
-0.014
-0.014009
-0.014
-0.014
-0.0140089
-0.014
-0.014
-0.0140087
-0.014
-0.014
-0.0140086
-0.014
-0.014
-0.0140084
-0.014
-0.014
-0.0140083
-0.014
-0.014
-0.0140081
-0.014
-0.014
-0.014008
-0.014
-0.014
-0.0140078
-0.014
-0.014
-0.0140077
-0.014
-0.014
-0.0140076
-0.014
-0.014
-0.0140074
-0.014
-0.014
-0.0140073
-0.014
-0.014
-0.0140072
-0.014
-0.014
-0.0140071
-0.014
-0.014
-0.0140069
-0.014
-0.014
-0.0140068
-0.014
-0.014
-0.0140067
-0.014
-0.014
-0.0140066
-0.014
-0.014
-0.0140065
-0.014
-0.014
-0.0140064
-0.014
-0.014
-0.0140062
-0.014
-0.014
-0.0140061
-0.014
-0.014
-0.014006
-0.014
-0.014
-0.0140059
-0.014
-0.014
-0.0140058
-0.014
-0.014
-0.0140057
-0.014
-0.014
-0.0140057
-0.014
-0.014
-0.0140056
-0.014
-0.014
-0.0140055
-0.014
-0.014
-0.0140054
-0.014
-0.014
-0.0140053
-0.014
-0.014
-0.0140052
-0.014
-0.014
-0.0140052
-0.014
-0.014
-0.0140051
-0.014
-0.014
-0.014005
-0.014
-0.014
-0.014005
-0.014
-0.014
-0.0140049
-0.014
-0.014
-0.0140048
-0.014
-0.014
-0.0140048
-0.014
-0.014
-0.0140047
-0.014
-0.014
-0.0140047
-0.014
-0.014
-0.0140046
-0.014
-0.014
-0.0140046
-0.014
-0.014
-0.0140045
-0.014
-0.014
-0.0140045
-0.014
-0.014
-0.0140045
-0.014
-0.014
-0.0140044
-0.014
-0.014
-0.0140044
-0.014
-0.014
-0.0140044
-0.014
-0.014
-0.0140043
-0.014
-0.014
-0.0140043
-0.014
-0.014
-0.0140043
-0.014
-0.014
-0.0140043
-0.014
-0.014
-0.0140042
-0.014
-0.014
-0.0140042
-0.014
-0.014
-0.0140042
-0.014
-0.014
-0.0140042
-0.014
-0.014
-0.0140042
-0.014
-0.014
-0.0140042
-0.014
-0.014
-0.0140042
-0.014
-0.014
-0.0140042
-0.014
-0.014
-0.0140042
-0.014
-0.014
-0.0140042
-0.014
-0.014
-0.0140042
-0.014
-0.014
-0.0140042
-0.014
-0.014
-0.0140042
-0.014
-0.014
-0.0140042
-0.014
-0.014
-0.0140042
-0.014
-0.014
-0.0140042
-0.014
-0.014
-0.0140042
-0.014
-0.014
-0.0140042
-0.014
-0.014
-0.0140042
-0.014
-0.014
-0.0140043
-0.014
-0.014
-0.0140043
-0.014
-0.014
-0.0140043
-0.014
-0.014
-0.0140043
-0.014
-0.014
-0.0140043
-0.014
-0.014
-0.0140044
-0.014
-0.014
-0.0140044
-0.014
-0.014
-0.0140044
-0.014
-0.014
-0.0140044
-0.014
-0.014
-0.0140044
-0.014
-0.014
-0.0140045
-0.014
-0.014
-0.0140045
-0.014
-0.014
-0.0140045
-0.014
-0.014
-0.0140046
-0.014
-0.014
-0.0140046
-0.014
-0.014
-0.0140046
-0.014
-0.014
-0.0140046
-0.014
-0.014
-0.0140047
-0.014
-0.014
-0.0140047
-0.014
-0.014
-0.0140047
-0.014
-0.014
-0.0140048
-0.014
-0.014
-0.0140048
-0.014
-0.014
-0.0140049
-0.014
-0.014
-0.0140049
-0.014
-0.014
-0.0140049
-0.014
-0.014
-0.014005
-0.014
-0.014
-0.014005
-0.014
-0.014
-0.0140051
-0.014
-0.014
-0.0140051
-0.014
-0.014
-0.0140051
-0.014
-0.014
-0.0140052
-0.014
-0.014
-0.0140052
-0.014
-0.014
-0.0140053
-0.014
-0.014
-0.0140053
-0.014
-0.014
-0.0140054
-0.014
-0.014
-0.0140054
-0.014
-0.014
-0.0140055
-0.014
-0.014
-0.0140055
-0.014
-0.014
-0.0140056
-0.014
-0.014
-0.0140056
-0.014
-0.014
-0.0140057
-0.014
-0.014
-0.0140057
-0.014
-0.014
-0.0140058
-0.014
-0.014
-0.0140058
-0.014
-0.014
-0.0140059
-0.014
-0.014
-0.014006
-0.014
-0.014
-0.014006
-0.014
-0.014
-0.0140061
-0.014
-0.014
-0.0140062
-0.014
-0.014
-0.0140062
-0.014
-0.014
-0.0140063
-0.014
-0.014
-0.0140064
-0.014
-0.014
-0.0140064
-0.014
-0.014
-0.0140065
-0.014
-0.014
-0.0140066
-0.014
-0.014
-0.0140066
-0.014
-0.014
-0.0140067
-0.014
-0.014
-0.0140068
-0.014
-0.014
-0.0140069
-0.014
-0.014
-0.0140069
-0.014
-0.014
-0.014007
-0.014
-0.014
-0.0140071
-0.014
-0.014
-0.0140072
-0.014
-0.014
-0.0140073
-0.014
-0.014
-0.0140074
-0.014
-0.014
-0.0140075
-0.014
-0.014
-0.0140075
-0.014
-0.014
-0.0140076
-0.014
-0.014
-0.0140077
-0.014
-0.014
-0.0140078
-0.014
-0.014
-0.0140079
-0.014
-0.014
-0.014008
-0.014
-0.014
-0.0140081
-0.014
-0.014
-0.0140082
-0.014
-0.014
-0.0140083
-0.014
-0.014
-0.0140084
-0.014
-0.014
-0.0140085
-0.014
-0.014
-0.0140086
-0.014
-0.0140087
-0.014
-0.0140089
-0.014
-0.014009
-0.014
-0.014009
-0.014
-0.0140091
-0.014
-0.0140092
-0.014
-0.0140093
-0.014
-0.0140094
-0.014
-0.0140095
-0.014
-0.0140095
-0.014
-0.0140096
-0.014
-0.0140097
-0.014
-0.0140098
-0.014
-0.0140099
-0.014
-0.01401
-0.014
-0.0140101
-0.014
-0.0140102
-0.014
-0.0140103
-0.014
-0.0140104
-0.014
-0.0140105
-0.014
-0.0140106
-0.014
-0.0140107
-0.014
-0.0140108
-0.014
-0.0140109
-0.014
-0.014011
-0.014
-0.0140111
-0.014
-0.0140112
-0.014
-0.0140113
-0.014
-0.0140114
-0.014
-0.0140116
-0.014
-0.0140117
-0.014
-0.0140118
-0.014
-0.0140119
-0.014
-0.014012
-0.014
-0.0140121
-0.014
-0.0140122
-0.014
-0.0140123
-0.014
-0.014
-0.014
-0.0140115
-0.014
-0.0140099
-0.014
-0.01401
-0.014
-0.0140101
-0.014
-0.0140102
-0.014
-0.0140103
-0.014
-0.0140104
-0.014
-0.0140105
-0.014
-0.0140106
-0.014
-0.0140107
-0.014
-0.0139992
-0.0140108
-0.014
-0.0139992
-0.0140108
-0.014
-0.0139992
-0.0140109
-0.014
-0.0139992
-0.014011
-0.014
-0.0139992
-0.014011
-0.014
-0.0139992
-0.0140111
-0.014
-0.0139992
-0.0140112
-0.014
-0.0139992
-0.0140112
-0.014
-0.0139992
-0.0140113
-0.014
-0.0139991
-0.0140113
-0.014
-0.0139991
-0.0140114
-0.014
-0.0139991
-0.0140115
-0.014
-0.0139991
-0.0140115
-0.014
-0.0139991
-0.0140116
-0.014
-0.0139991
-0.0140116
-0.014
-0.0139991
-0.0140117
-0.014
-0.0139991
-0.0140117
-0.014
-0.0139991
-0.0140118
-0.014
-0.0139991
-0.0140118
-0.014
-0.0139991
-0.0140118
-0.014
-0.0139991
-0.0140119
-0.014
-0.0139991
-0.0140119
-0.014
-0.0139991
-0.0140119
-0.014
-0.0139991
-0.014012
-0.014
-0.0139991
-0.014012
-0.014
-0.0139991
-0.014012
-0.014
-0.0139991
-0.014012
-0.014
-0.0139991
-0.014012
-0.014
-0.0139991
-0.014012
-0.014
-0.0139991
-0.014012
-0.014
-0.0139991
-0.0140121
-0.014
-0.0139991
-0.0140121
-0.014
-0.0139991
-0.0140121
-0.014
-0.0139991
-0.0140121
-0.014
-0.0139991
-0.014012
-0.014
-0.0139991
-0.014012
-0.014
-0.0139991
-0.014012
-0.014
-0.0139991
-0.014012
-0.014
-0.0139991
-0.014012
-0.014
-0.0139991
-0.014012
-0.014
-0.0139991
-0.014012
-0.014
-0.0139991
-0.0140119
-0.014
-0.0139991
-0.0140119
-0.014
-0.0139991
-0.0140119
-0.014
-0.0139991
-0.0140118
-0.014
-0.0139991
-0.0140118
-0.014
-0.0139991
-0.0140118
-0.014
-0.0139991
-0.0140117
-0.014
-0.0139991
-0.0140117
-0.014
-0.0139991
-0.0140117
-0.014
-0.0139991
-0.0140116
-0.014
-0.0139991
-0.0140116
-0.014
-0.0139991
-0.0140115
-0.014
-0.0139991
-0.0140115
-0.014
-0.0139991
-0.0140114
-0.014
-0.0139991
-0.0140114
-0.014
-0.0139991
-0.0140113
-0.014
-0.0139991
-0.0140112
-0.014
-0.0139991
-0.0140112
-0.014
-0.0139991
-0.0140111
-0.014
-0.0139991
-0.014011
-0.014
-0.0139991
-0.014011
-0.014
-0.0139991
-0.0140109
-0.014
-0.0139991
-0.0140108
-0.014
-0.0139992
-0.0140108
-0.014
-0.0139992
-0.0140107
-0.014
-0.0139992
-0.0140106
-0.014
-0.0139992
-0.0140106
-0.014
-0.0139992
-0.0140105
-0.014
-0.0139992
-0.0140104
-0.014
-0.0139992
-0.0140103
-0.014
-0.0139992
-0.0140103
-0.014
-0.0139992
-0.0140102
-0.014
-0.0139992
-0.0140101
-0.014
-0.0139992
-0.01401
-0.014
-0.0139992
-0.0140099
-0.014
-0.0139992
-0.0140099
-0.014
-0.0139992
-0.0140098
-0.014
-0.0139992
-0.0140097
-0.014
-0.0139992
-0.0140096
-0.014
-0.0139992
-0.0140095
-0.014
-0.0139992
-0.0140095
-0.014
-0.0139992
-0.0140094
-0.014
-0.0139993
-0.0140093
-0.014
-0.0139993
-0.0140092
-0.014
-0.0139993
-0.0140091
-0.014
-0.0139993
-0.014009
-0.014
-0.0139993
-0.0140089
-0.014
-0.0139993
-0.0140089
-0.014
-0.0139993
-0.0140088
-0.014
-0.0139993
-0.0140087
-0.014
-0.0139993
-0.0140086
-0.014
-0.0139993
-0.0140085
-0.014
-0.0139993
-0.0140084
-0.014
-0.0139993
-0.0140084
-0.014
-0.0139993
-0.0140083
-0.014
-0.0139993
-0.0140082
-0.014
-0.0139993
-0.0140081
-0.014
-0.0139993
-0.014008
-0.014
-0.0139993
-0.0140079
-0.014
-0.0139994
-0.0140079
-0.014
-0.0139994
-0.0140078
-0.014
-0.0139994
-0.0140077
-0.014
-0.0139994
-0.0140076
-0.014
-0.0139994
-0.0140075
-0.014
-0.0139994
-0.0140074
-0.014
-0.0139994
-0.0140074
-0.014
-0.0139994
-0.0140073
-0.014
-0.0139994
-0.0140072
-0.014
-0.0139994
-0.0140071
-0.014
-0.0139994
-0.0140071
-0.014
-0.0139994
-0.014007
-0.014
-0.0139994
-0.0140069
-0.014
-0.0139994
-0.0140068
-0.014
-0.0139994
-0.0140068
-0.014
-0.0139994
-0.0140067
-0.014
-0.0139994
-0.0140066
-0.014
-0.0139994
-0.0140066
-0.014
-0.0139995
-0.0140065
-0.014
-0.0139995
-0.0140064
-0.014
-0.0139995
-0.0140064
-0.014
-0.0139995
-0.0140063
-0.014
-0.0139995
-0.0140062
-0.014
-0.0139995
-0.0140062
-0.014
-0.0139995
-0.0140061
-0.014
-0.0139995
-0.014006
-0.014
-0.0139995
-0.014006
-0.014
-0.0139995
-0.0140059
-0.014
-0.0139995
-0.0140059
-0.014
-0.0139995
-0.0140058
-0.014
-0.0139995
-0.0140058
-0.014
-0.0139995
-0.0140057
-0.014
-0.0139995
-0.0140057
-0.014
-0.0139995
-0.0140056
-0.014
-0.0139995
-0.0140056
-0.014
-0.0139995
-0.0140055
-0.014
-0.0139995
-0.0140055
-0.014
-0.0139995
-0.0140054
-0.014
-0.0139995
-0.0140054
-0.014
-0.0139995
-0.0140054
-0.014
-0.0139995
-0.0140053
-0.014
-0.0139995
-0.0140053
-0.014
-0.0139995
-0.0140053
-0.014
-0.0139995
-0.0140052
-0.014
-0.0139995
-0.0140052
-0.014
-0.0139995
-0.0140052
-0.014
-0.0139995
-0.0140051
-0.014
-0.0139996
-0.0140051
-0.014
-0.0139996
-0.0140051
-0.014
-0.0139996
-0.0140051
-0.014
-0.0139996
-0.0140051
-0.014
-0.0139996
-0.014005
-0.014
-0.0139996
-0.014005
-0.014
-0.0139996
-0.014005
-0.014
-0.0139996
-0.014005
-0.014
-0.0139996
-0.014005
-0.014
-0.0139996
-0.014005
-0.014
-0.0139996
-0.014005
-0.014
-0.0139996
-0.014005
-0.014
-0.0139996
-0.014005
-0.014
-0.0139996
-0.014005
-0.014
-0.0139996
-0.014005
-0.014
-0.0139996
-0.014005
-0.014
-0.0139996
-0.014005
-0.014
-0.0139996
-0.014005
-0.014
-0.0139996
-0.014005
-0.014
-0.0139996
-0.014005
-0.014
-0.0139996
-0.014005
-0.014
-0.0139996
-0.014005
-0.014
-0.0139996
-0.014005
-0.014
-0.0139996
-0.0140051
-0.014
-0.0139996
-0.0140051
-0.014
-0.0139996
-0.0140051
-0.014
-0.0139995
-0.0140051
-0.014
-0.0139995
-0.0140052
-0.014
-0.0139995
-0.0140052
-0.014
-0.0139995
-0.0140052
-0.014
-0.0139995
-0.0140052
-0.014
-0.0139995
-0.0140053
-0.014
-0.0139995
-0.0140053
-0.014
-0.0139995
-0.0140054
-0.014
-0.0139995
-0.0140054
-0.014
-0.0139995
-0.0140054
-0.014
-0.0139995
-0.0140055
-0.014
-0.0139995
-0.0140055
-0.014
-0.0139995
-0.0140056
-0.014
-0.0139995
-0.0140056
-0.014
-0.0139995
-0.0140057
-0.014
-0.0139995
-0.0140057
-0.014
-0.0139995
-0.0140058
-0.014
-0.0139995
-0.0140058
-0.014
-0.0139995
-0.0140059
-0.014
-0.0139995
-0.0140059
-0.014
-0.0139995
-0.014006
-0.014
-0.0139995
-0.014006
-0.014
-0.0139995
-0.0140061
-0.014
-0.0139995
-0.0140062
-0.014
-0.0139995
-0.0140062
-0.014
-0.0139995
-0.0140063
-0.014
-0.0139995
-0.0140063
-0.014
-0.0139995
-0.0140064
-0.014
-0.0139995
-0.0140065
-0.014
-0.0139995
-0.0140065
-0.014
-0.0139994
-0.0140066
-0.014
-0.0139994
-0.0140067
-0.014
-0.0139994
-0.0140068
-0.014
-0.0139994
-0.0140068
-0.014
-0.0139994
-0.0140069
-0.014
-0.0139994
-0.014007
-0.014
-0.0139994
-0.014007
-0.014
-0.0139994
-0.0140071
-0.014
-0.0139994
-0.0140072
-0.014
-0.0139994
-0.0140073
-0.014
-0.0139994
-0.0140073
-0.014
-0.0139994
-0.0140074
-0.014
-0.0139994
-0.0140075
-0.014
-0.0139994
-0.0140076
-0.014
-0.0139994
-0.0140077
-0.014
-0.0139994
-0.0140077
-0.014
-0.0139994
-0.0140078
-0.014
-0.0139994
-0.0140079
-0.014
-0.0139994
-0.014008
-0.014
-0.0139994
-0.014008
-0.014
-0.0139993
-0.0140081
-0.014
-0.0139993
-0.0140082
-0.014
-0.0139993
-0.0140083
-0.014
-0.0139993
-0.0140084
-0.014
-0.0139993
-0.0140084
-0.014
-0.0139993
-0.0140085
-0.014
-0.0139993
-0.0140086
-0.014
-0.0139993
-0.0140087
-0.014
-0.0139993
-0.0140087
-0.014
-0.0139993
-0.0140088
-0.014
-0.0139993
-0.0140089
-0.014
-0.0139993
-0.014009
-0.014
-0.0139993
-0.014009
-0.014
-0.0139993
-0.0140091
-0.014
-0.0139993
-0.0140092
-0.014
-0.0139993
-0.0140093
-0.014
-0.0139993
-0.0140093
-0.014
-0.0139993
-0.0140094
-0.014
-0.0139993
-0.0140095
-0.014
-0.0139993
-0.0140095
-0.014
-0.0139993
-0.0140096
-0.014
-0.0139992
-0.0140097
-0.014
-0.0139992
-0.0140097
-0.014
-0.0139992
-0.0140098
-0.014
-0.0139992
-0.0140099
-0.014
-0.0139992
-0.0140099
-0.014
-0.0139992
-0.01401
-0.014
-0.0139992
-0.0140101
-0.014
-0.0139992
-0.0140101
-0.014
-0.0139992
-0.0140102
-0.014
-0.0139992
-0.0140102
-0.014
-0.0139992
-0.0140103
-0.014
-0.0139992
-0.0140104
-0.014
-0.0139992
-0.0140103
-0.014
-0.0140104
-0.014
-0.0140106
-0.014
-0.014
-0.0140021
-0.014
-0.0140133
-0.014
-0.0140135
-0.014
-0.0140136
-0.014
-0.0140137
-0.014
-0.0140138
-0.014
-0.0140138
-0.014
-0.0140139
-0.014
-0.014014
-0.014
-0.0140141
-0.014
-0.0140141
-0.014
-0.0140142
-0.014
-0.0140143
-0.014
-0.0140145
-0.014
-0.0140146
-0.014
-0.0140147
-0.014
-0.0140149
-0.014
-0.014015
-0.014
-0.0140151
-0.014
-0.0140152
-0.014
-0.0140154
-0.014
-0.0140155
-0.014
-0.0140156
-0.014
-0.0140157
-0.014
-0.014
-0.0140149
-0.014
-0.014
-0.0140149
-0.014
-0.014
-0.0140149
-0.014
-0.014
-0.014015
-0.014
-0.014
-0.014015
-0.014
-0.014
-0.0140151
-0.014
-0.014
-0.0140151
-0.014
-0.014
-0.0140151
-0.014
-0.014
-0.0140152
-0.014
-0.014
-0.0140152
-0.014
-0.014
-0.0140152
-0.014
-0.014
-0.0140153
-0.014
-0.014
-0.0140153
-0.014
-0.014
-0.0140153
-0.014
-0.014
-0.0140153
-0.014
-0.014
-0.0140153
-0.014
-0.014
-0.0140154
-0.014
-0.014
-0.0140154
-0.014
-0.014
-0.0140154
-0.014
-0.014
-0.0140154
-0.014
-0.014
-0.0140154
-0.014
-0.014
-0.0140155
-0.014
-0.014
-0.0140155
-0.014
-0.014
-0.0140155
-0.014
-0.014
-0.0140155
-0.014
-0.014
-0.0140155
-0.014
-0.014
-0.0140155
-0.014
-0.014
-0.0140155
-0.014
-0.014
-0.0140155
-0.014
-0.014
-0.0140156
-0.014
-0.014
-0.0140156
-0.014
-0.014
-0.0140156
-0.014
-0.014
-0.0140156
-0.014
-0.014
-0.0140156
-0.014
-0.014
-0.0140156
-0.014
-0.014
-0.0140156
-0.014
-0.014
-0.0140156
-0.014
-0.014
-0.0140156
-0.014
-0.014
-0.0140156
-0.014
-0.014
-0.0140156
-0.014
-0.014
-0.0140156
-0.014
-0.014
-0.0140156
-0.014
-0.014
-0.0140156
-0.014
-0.014
-0.0140155
-0.014
-0.014
-0.0140155
-0.014
-0.014
-0.0140155
-0.014
-0.014
-0.0140155
-0.014
-0.014
-0.0140155
-0.014
-0.014
-0.0140155
-0.014
-0.014
-0.0140155
-0.014
-0.014
-0.0140155
-0.014
-0.014
-0.0140154
-0.014
-0.014
-0.0140154
-0.014
-0.014
-0.0140154
-0.014
-0.014
-0.0140154
-0.014
-0.014
-0.0140154
-0.014
-0.014
-0.0140153
-0.014
-0.014
-0.0140153
-0.014
-0.014
-0.0140153
-0.014
-0.014
-0.0140152
-0.014
-0.014
-0.0140152
-0.014
-0.014
-0.0140152
-0.014
-0.014
-0.0140152
-0.014
-0.014
-0.0140151
-0.014
-0.014
-0.0140151
-0.014
-0.014
-0.014015
-0.014
-0.014
-0.014015
-0.014
-0.014
-0.014015
-0.014
-0.014
-0.0140149
-0.014
-0.014
-0.0140149
-0.014
-0.014
-0.0140148
-0.014
-0.014
-0.0140148
-0.014
-0.014
-0.0140147
-0.014
-0.014
-0.0140147
-0.014
-0.014
-0.0140146
-0.014
-0.014
-0.0140146
-0.014
-0.014
-0.0140145
-0.014
-0.014
-0.0140145
-0.014
-0.014
-0.0140144
-0.014
-0.014
-0.0140144
-0.014
-0.014
-0.0140143
-0.014
-0.014
-0.0140142
-0.014
-0.014
-0.0140142
-0.014
-0.014
-0.0140141
-0.014
-0.014
-0.0140141
-0.014
-0.014
-0.014014
-0.014
-0.014
-0.0140139
-0.014
-0.014
-0.0140138
-0.014
-0.014
-0.0140138
-0.014
-0.014
-0.0140137
-0.014
-0.014
-0.0140136
-0.014
-0.014
-0.0140135
-0.014
-0.014
-0.0140135
-0.014
-0.014
-0.0140134
-0.014
-0.014
-0.0140133
-0.014
-0.014
-0.0140132
-0.014
-0.014
-0.0140131
-0.014
-0.014
-0.0140131
-0.014
-0.014
-0.014013
-0.014
-0.014
-0.0140129
-0.014
-0.014
-0.0140128
-0.014
-0.014
-0.0140127
-0.014
-0.014
-0.0140126
-0.014
-0.014
-0.0140125
-0.014
-0.014
-0.0140124
-0.014
-0.014
-0.0140123
-0.014
-0.014
-0.0140123
-0.014
-0.014
-0.0140122
-0.014
-0.014
-0.0140121
-0.014
-0.014
-0.014012
-0.014
-0.014
-0.0140119
-0.014
-0.014
-0.0140118
-0.014
-0.014
-0.0140117
-0.014
-0.014
-0.0140116
-0.014
-0.014
-0.0140115
-0.014
-0.014
-0.0140114
-0.014
-0.014
-0.0140113
-0.014
-0.014
-0.0140112
-0.014
-0.014
-0.0140111
-0.014
-0.014
-0.014011
-0.014
-0.014
-0.0140108
-0.014
-0.014
-0.0140107
-0.014
-0.014
-0.0140106
-0.014
-0.014
-0.0140105
-0.014
-0.014
-0.0140104
-0.014
-0.014
-0.0140103
-0.014
-0.014
-0.0140102
-0.014
-0.014
-0.0140101
-0.014
-0.014
-0.01401
-0.014
-0.014
-0.0140099
-0.014
-0.014
-0.0140098
-0.014
-0.014
-0.0140097
-0.014
-0.014
-0.0140096
-0.014
-0.014
-0.0140095
-0.014
-0.014
-0.0140094
-0.014
-0.014
-0.0140092
-0.014
-0.014
-0.0140091
-0.014
-0.014
-0.014009
-0.014
-0.014
-0.0140089
-0.014
-0.014
-0.0140088
-0.014
-0.014
-0.0140087
-0.014
-0.014
-0.0140086
-0.014
-0.014
-0.0140085
-0.014
-0.014
-0.0140084
-0.014
-0.014
-0.0140083
-0.014
-0.014
-0.0140082
-0.014
-0.014
-0.0140081
-0.014
-0.014
-0.014008
-0.014
-0.014
-0.0140079
-0.014
-0.014
-0.0140078
-0.014
-0.014
-0.0140077
-0.014
-0.014
-0.0140076
-0.014
-0.014
-0.0140075
-0.014
-0.014
-0.0140074
-0.014
-0.014
-0.0140073
-0.014
-0.014
-0.0140072
-0.014
-0.014
-0.0140071
-0.014
-0.014
-0.014007
-0.014
-0.014
-0.0140069
-0.014
-0.014
-0.0140068
-0.014
-0.014
-0.0140067
-0.014
-0.014
-0.0140066
-0.014
-0.014
-0.0140065
-0.014
-0.014
-0.0140064
-0.014
-0.014
-0.0140064
-0.014
-0.014
-0.0140063
-0.014
-0.014
-0.0140062
-0.014
-0.014
-0.0140061
-0.014
-0.014
-0.014006
-0.014
-0.014
-0.0140059
-0.014
-0.014
-0.0140058
-0.014
-0.014
-0.0140058
-0.014
-0.014
-0.0140057
-0.014
-0.014
-0.0140056
-0.014
-0.014
-0.0140055
-0.014
-0.014
-0.0140055
-0.014
-0.014
-0.0140054
-0.014
-0.014
-0.0140053
-0.014
-0.014
-0.0140053
-0.014
-0.014
-0.0140052
-0.014
-0.014
-0.0140051
-0.014
-0.014
-0.0140051
-0.014
-0.014
-0.014005
-0.014
-0.014
-0.0140049
-0.014
-0.014
-0.0140049
-0.014
-0.014
-0.0140048
-0.014
-0.014
-0.0140048
-0.014
-0.014
-0.0140047
-0.014
-0.014
-0.0140047
-0.014
-0.014
-0.0140046
-0.014
-0.014
-0.0140046
-0.014
-0.014
-0.0140045
-0.014
-0.014
-0.0140045
-0.014
-0.014
-0.0140044
-0.014
-0.014
-0.0140044
-0.014
-0.014
-0.0140044
-0.014
-0.014
-0.0140043
-0.014
-0.014
-0.0140043
-0.014
-0.014
-0.0140043
-0.014
-0.014
-0.0140042
-0.014
-0.014
-0.0140042
-0.014
-0.014
-0.0140042
-0.014
-0.014
-0.0140042
-0.014
-0.014
-0.0140042
-0.014
-0.014
-0.0140041
-0.014
-0.014
-0.0140041
-0.014
-0.014
-0.0140041
-0.014
-0.014
-0.0140041
-0.014
-0.014
-0.0140041
-0.014
-0.014
-0.0140041
-0.014
-0.014
-0.0140041
-0.014
-0.014
-0.0140041
-0.014
-0.014
-0.0140041
-0.014
-0.014
-0.0140041
-0.014
-0.014
-0.0140041
-0.014
-0.014
-0.0140041
-0.014
-0.014
-0.0140041
-0.014
-0.014
-0.0140041
-0.014
-0.014
-0.0140042
-0.014
-0.014
-0.0140042
-0.014
-0.014
-0.0140042
-0.014
-0.014
-0.0140042
-0.014
-0.014
-0.0140043
-0.014
-0.014
-0.0140043
-0.014
-0.014
-0.0140043
-0.014
-0.014
-0.0140044
-0.014
-0.014
-0.0140044
-0.014
-0.014
-0.0140044
-0.014
-0.014
-0.0140045
-0.014
-0.014
-0.0140045
-0.014
-0.014
-0.0140046
-0.014
-0.014
-0.0140046
-0.014
-0.014
-0.0140047
-0.014
-0.014
-0.0140047
-0.014
-0.014
-0.0140048
-0.014
-0.014
-0.0140049
-0.014
-0.014
-0.0140049
-0.014
-0.014
-0.014005
-0.014
-0.014
-0.0140051
-0.014
-0.014
-0.0140051
-0.014
-0.014
-0.0140052
-0.014
-0.014
-0.0140053
-0.014
-0.014
-0.0140054
-0.014
-0.014
-0.0140054
-0.014
-0.014
-0.0140055
-0.014
-0.014
-0.0140056
-0.014
-0.014
-0.0140057
-0.014
-0.014
-0.0140058
-0.014
-0.014
-0.0140059
-0.014
-0.014
-0.014006
-0.014
-0.014
-0.0140061
-0.014
-0.014
-0.0140062
-0.014
-0.014
-0.0140063
-0.014
-0.014
-0.0140064
-0.014
-0.014
-0.0140065
-0.014
-0.014
-0.0140066
-0.014
-0.014
-0.0140067
-0.014
-0.014
-0.0140068
-0.014
-0.014
-0.0140069
-0.014
-0.014
-0.0140071
-0.014
-0.014
-0.0140072
-0.014
-0.014
-0.0140073
-0.014
-0.014
-0.0140074
-0.014
-0.014
-0.0140075
-0.014
-0.014
-0.0140077
-0.014
-0.014
-0.0140078
-0.014
-0.014
-0.0140079
-0.014
-0.014
-0.0140081
-0.014
-0.014
-0.0140082
-0.014
-0.014
-0.0140083
-0.014
-0.014
-0.0140085
-0.014
-0.014
-0.0140086
-0.014
-0.014
-0.0140087
-0.014
-0.014
-0.0140089
-0.014
-0.014
-0.014009
-0.014
-0.014
-0.0140092
-0.014
-0.014
-0.0140093
-0.014
-0.014
-0.0140094
-0.014
-0.014
-0.0140096
-0.014
-0.014
-0.0140097
-0.014
-0.014
-0.0140099
-0.014
-0.014
-0.01401
-0.014
-0.014
-0.0140102
-0.014
-0.014
-0.0140103
-0.014
-0.014
-0.0140105
-0.014
-0.014
-0.0140106
-0.014
-0.014
-0.0140107
-0.014
-0.014
-0.0140109
-0.014
-0.014
-0.014011
-0.014
-0.014
-0.0140112
-0.014
-0.014
-0.0140113
-0.014
-0.014
-0.0140115
-0.014
-0.014
-0.0140116
-0.014
-0.014
-0.0140118
-0.014
-0.014
-0.0140119
-0.014
-0.014
-0.0140121
-0.014
-0.0140129
-0.014
-0.0140131
-0.014
-0.0140131
-0.014
-0.0140132
-0.014
-0.0140133
-0.014
-0.0140134
-0.014
-0.0140135
-0.014
-0.0140136
-0.014
-0.0140137
-0.014
-0.0140138
-0.014
-0.0140138
-0.014
-0.0140139
-0.014
-0.014014
-0.014
-0.0140141
-0.014
-0.0140142
-0.014
-0.0140143
-0.014
-0.0140144
-0.014
-0.0140145
-0.014
-0.0140146
-0.014
-0.0140147
-0.014
-0.0140147
-0.014
-0.0140149
-0.014
-0.014015
-0.014
-0.0140151
-0.014
-0.0140152
-0.014
-0.0140153
-0.014
-0.0140154
-0.014
-0.0140155
-0.014
-0.0140156
-0.014
-0.0140157
-0.014
-0.0140158
-0.014
-0.014016
-0.014
-0.0140161
-0.014
-0.0140162
-0.014
-0.0140163
-0.014
-0.0140164
-0.014
-0.0140165
-0.014
-0.0140166
-0.014
-0.014
-0.0140167
-0.014
-0.014
-0.0140169
-0.014
-0.014
-0.014017
-0.014
-0.014
-0.0140171
-0.014
-0.014
-0.0140171
-0.014
-0.014
-0.0140172
-0.014
-0.014
-0.0140173
-0.014
-0.014
-0.0140174
-0.014
-0.014
-0.0140174
-0.014
-0.014
-0.0140175
-0.014
-0.014
-0.0140175
-0.014
-0.014
-0.0140176
-0.014
-0.014
-0.0140177
-0.014
-0.014
-0.0140177
-0.014
-0.014
-0.0140178
-0.014
-0.014
-0.0140178
-0.014
-0.014
-0.0140179
-0.014
-0.014
-0.0140179
-0.014
-0.014
-0.014018
-0.014
-0.014
-0.014018
-0.014
-0.014
-0.0140181
-0.014
-0.014
-0.0140181
-0.014
-0.014
-0.0140181
-0.014
-0.014
-0.0140182
-0.014
-0.014
-0.0140182
-0.014
-0.014
-0.0140182
-0.014
-0.014
-0.0140182
-0.014
-0.014
-0.0140182
-0.014
-0.014
-0.0140183
-0.014
-0.014
-0.0140183
-0.014
-0.014
-0.0140183
-0.014
-0.014
-0.0140183
-0.014
-0.014
-0.0140183
-0.014
-0.014
-0.0140183
-0.014
-0.014
-0.0140183
-0.014
-0.014
-0.0140183
-0.014
-0.014
-0.0140182
-0.014
-0.014
-0.0140182
-0.014
-0.014
-0.0140182
-0.014
-0.014
-0.0140182
-0.014
-0.014
-0.0140182
-0.014
-0.014
-0.0140181
-0.014
-0.014
-0.0140181
-0.014
-0.014
-0.0140181
-0.014
-0.014
-0.014018
-0.014
-0.014
-0.014018
-0.014
-0.014
-0.014018
-0.014
-0.014
-0.0140179
-0.014
-0.014
-0.0140179
-0.014
-0.014
-0.0140178
-0.014
-0.014
-0.0140178
-0.014
-0.014
-0.0140177
-0.014
-0.014
-0.0140177
-0.014
-0.014
-0.0140176
-0.014
-0.014
-0.0140176
-0.014
-0.014
-0.0140175
-0.014
-0.014
-0.0140174
-0.014
-0.014
-0.0140174
-0.014
-0.014
-0.0140173
-0.014
-0.014
-0.0140172
-0.014
-0.014
-0.0140172
-0.014
-0.014
-0.0140171
-0.014
-0.014
-0.014017
-0.014
-0.014
-0.0140169
-0.014
-0.014
-0.0140169
-0.014
-0.014
-0.0140168
-0.014
-0.014
-0.0140167
-0.014
-0.014
-0.0140166
-0.014
-0.014
-0.0140165
-0.014
-0.014
-0.0140164
-0.014
-0.014
-0.0140164
-0.014
-0.014
-0.0140163
-0.014
-0.014
-0.0140162
-0.014
-0.014
-0.0140161
-0.014
-0.014
-0.014016
-0.014
-0.014
-0.0140159
-0.014
-0.014
-0.0140158
-0.014
-0.014
-0.0140157
-0.014
-0.014
-0.0140156
-0.014
-0.014
-0.0140155
-0.014
-0.014
-0.0140154
-0.014
-0.014
-0.0140153
-0.014
-0.014
-0.0140152
-0.014
-0.014
-0.0140151
-0.014
-0.014
-0.014015
-0.014
-0.014
-0.0140149
-0.014
-0.014
-0.0140148
-0.014
-0.014
-0.0140147
-0.014
-0.014
-0.0140146
-0.014
-0.014
-0.0140144
-0.014
-0.014
-0.0140143
-0.014
-0.014
-0.0140142
-0.014
-0.014
-0.0140141
-0.014
-0.014
-0.014014
-0.014
-0.014
-0.0140139
-0.014
-0.014
-0.0140138
-0.014
-0.014
-0.0140137
-0.014
-0.014
-0.0140135
-0.014
-0.014
-0.0140134
-0.014
-0.014
-0.0140133
-0.014
-0.014
-0.0140132
-0.014
-0.014
-0.0140131
-0.014
-0.014
-0.014013
-0.014
-0.014
-0.0140129
-0.014
-0.014
-0.0140127
-0.014
-0.014
-0.0140126
-0.014
-0.014
-0.0140125
-0.014
-0.014
-0.0140124
-0.014
-0.014
-0.0140123
-0.014
-0.014
-0.0140122
-0.014
-0.014
-0.014012
-0.014
-0.014
-0.0140119
-0.014
-0.014
-0.0140118
-0.014
-0.014
-0.0140117
-0.014
-0.014
-0.0140116
-0.014
-0.014
-0.0140115
-0.014
-0.014
-0.0140113
-0.014
-0.014
-0.0140112
-0.014
-0.014
-0.0140111
-0.014
-0.014
-0.014011
-0.014
-0.014
-0.0140109
-0.014
-0.014
-0.0140108
-0.014
-0.014
-0.0140106
-0.014
-0.014
-0.0140105
-0.014
-0.014
-0.0140104
-0.014
-0.014
-0.0140103
-0.014
-0.014
-0.0140102
-0.014
-0.014
-0.0140101
-0.014
-0.014
-0.01401
-0.014
-0.014
-0.0140098
-0.014
-0.014
-0.0140097
-0.014
-0.014
-0.0140096
-0.014
-0.014
-0.0140095
-0.014
-0.014
-0.0140094
-0.014
-0.014
-0.0140093
-0.014
-0.014
-0.0140092
-0.014
-0.014
-0.0140091
-0.014
-0.014
-0.014009
-0.014
-0.014
-0.0140089
-0.014
-0.014
-0.0140088
-0.014
-0.014
-0.0140087
-0.014
-0.014
-0.0140085
-0.014
-0.014
-0.0140084
-0.014
-0.014
-0.0140083
-0.014
-0.014
-0.0140082
-0.014
-0.014
-0.0140082
-0.014
-0.014
-0.0140081
-0.014
-0.014
-0.014008
-0.014
-0.014
-0.0140079
-0.014
-0.014
-0.0140078
-0.014
-0.014
-0.0140077
-0.014
-0.014
-0.0140076
-0.014
-0.014
-0.0140075
-0.014
-0.014
-0.0140074
-0.014
-0.014
-0.0140073
-0.014
-0.014
-0.0140072
-0.014
-0.014
-0.0140072
-0.014
-0.014
-0.0140071
-0.014
-0.014
-0.014007
-0.014
-0.014
-0.0140069
-0.014
-0.014
-0.0140069
-0.014
-0.014
-0.0140068
-0.014
-0.014
-0.0140067
-0.014
-0.014
-0.0140066
-0.014
-0.014
-0.0140066
-0.014
-0.014
-0.0140065
-0.014
-0.014
-0.0140064
-0.014
-0.014
-0.0140064
-0.014
-0.014
-0.0140063
-0.014
-0.014
-0.0140063
-0.014
-0.014
-0.0140062
-0.014
-0.014
-0.0140062
-0.014
-0.014
-0.0140061
-0.014
-0.014
-0.0140061
-0.014
-0.014
-0.014006
-0.014
-0.014
-0.014006
-0.014
-0.014
-0.0140059
-0.014
-0.014
-0.0140059
-0.014
-0.014
-0.0140059
-0.014
-0.014
-0.0140058
-0.014
-0.014
-0.0140058
-0.014
-0.014
-0.0140058
-0.014
-0.014
-0.0140057
-0.014
-0.014
-0.0140057
-0.014
-0.014
-0.0140057
-0.014
-0.014
-0.0140057
-0.014
-0.014
-0.0140056
-0.014
-0.014
-0.0140056
-0.014
-0.014
-0.0140056
-0.014
-0.014
-0.0140056
-0.014
-0.014
-0.0140056
-0.014
-0.014
-0.0140056
-0.014
-0.014
-0.0140056
-0.014
-0.014
-0.0140056
-0.014
-0.014
-0.0140056
-0.014
-0.014
-0.0140056
-0.014
-0.014
-0.0140056
-0.014
-0.014
-0.0140056
-0.014
-0.014
-0.0140056
-0.014
-0.014
-0.0140056
-0.014
-0.014
-0.0140056
-0.014
-0.014
-0.0140056
-0.014
-0.014
-0.0140056
-0.014
-0.014
-0.0140056
-0.014
-0.014
-0.0140056
-0.014
-0.014
-0.0140057
-0.014
-0.014
-0.0140057
-0.014
-0.014
-0.0140057
-0.014
-0.014
-0.0140057
-0.014
-0.014
-0.0140057
-0.014
-0.014
-0.0140058
-0.014
-0.014
-0.0140058
-0.014
-0.014
-0.0140058
-0.014
-0.014
-0.0140058
-0.014
-0.014
-0.0140059
-0.014
-0.014
-0.0140059
-0.014
-0.014
-0.0140059
-0.014
-0.014
-0.014006
-0.014
-0.014
-0.014006
-0.014
-0.014
-0.014006
-0.014
-0.014
-0.014006
-0.014
-0.014
-0.0140061
-0.014
-0.014
-0.0140061
-0.014
-0.014
-0.0140061
-0.014
-0.014
-0.0140062
-0.014
-0.014
-0.0140062
-0.014
-0.014
-0.0140062
-0.014
-0.014
-0.0140063
-0.014
-0.014
-0.0140063
-0.014
-0.014
-0.0140063
-0.014
-0.014
-0.0140064
-0.014
-0.014
-0.0140064
-0.014
-0.014
-0.0140064
-0.014
-0.014
-0.0140065
-0.014
-0.014
-0.0140065
-0.014
-0.014
-0.0140065
-0.014
-0.014
-0.0140066
-0.014
-0.014
-0.0140066
-0.014
-0.014
-0.0140066
-0.014
-0.014
-0.0140066
-0.014
-0.014
-0.0140067
-0.014
-0.014
-0.0140067
-0.014
-0.014
-0.0140067
-0.014
-0.014
-0.0140068
-0.014
-0.014
-0.0140068
-0.014
-0.014
-0.0140068
-0.014
-0.014
-0.0140068
-0.014
-0.014
-0.0140068
-0.014
-0.014
-0.0140069
-0.014
-0.014
-0.0140069
-0.014
-0.014
-0.0140069
-0.014
-0.014
-0.0140069
-0.014
-0.014
-0.0140069
-0.014
-0.014
-0.0140069
-0.014
-0.014
-0.0140069
-0.014
-0.014
-0.014007
-0.014
-0.014
-0.014007
-0.014
-0.014
-0.014007
-0.014
-0.014
-0.014007
-0.014
-0.014
-0.014007
-0.014
-0.014007
-0.014
-0.014007
-0.014
-0.0140071
-0.014
-0.0140071
-0.014
-0.0140071
-0.014
-0.0140071
-0.014
-0.0140071
-0.014
-0.0140071
-0.014
-0.014007
-0.014
-0.014007
-0.014
-0.014007
-0.014
-0.0140069
-0.014
-0.0140069
-0.014
-0.0140069
-0.014
-0.0140068
-0.014
-0.0140068
-0.014
-0.0140067
-0.014
-0.0140067
-0.014
-0.0140067
-0.014
-0.0140066
-0.014
-0.0140066
-0.014
-0.0140065
-0.014
-0.0140065
-0.014
-0.0140065
-0.014
-0.0140064
-0.014
-0.0140064
-0.014
-0.0140063
-0.014
-0.0140063
-0.014
-0.0140062
-0.014
-0.0140062
-0.014
-0.0140062
-0.014
-0.0140061
-0.014
-0.0140061
-0.014
-0.014006
-0.014
-0.014006
-0.014
-0.0140059
-0.014
-0.0140059
-0.014
-0.0140058
-0.014
-0.0140058
-0.014
-0.0140057
-0.014
-0.0140057
-0.014
-0.0140056
-0.014
-0.0140056
-0.014
-0.0140055
-0.014
-0.0140055
-0.014
-0.0140054
-0.014
-0.0140054
-0.014
-0.0140053
-0.014
-0.0140053
-0.014
-0.0140052
-0.014
-0.0140052
-0.014
-0.0140051
-0.014
-0.0140051
-0.014
-0.014005
-0.014
-0.014005
-0.014
-0.0140049
-0.014
-0.0140048
-0.014
-0.0140048
-0.014
-0.0140047
-0.014
-0.0140047
-0.014
-0.0140046
-0.014
-0.0140046
-0.014
-0.0140045
-0.014
-0.0140045
-0.014
-0.014
-0.0140044
-0.014
-0.014
-0.0140045
-0.014
-0.014
-0.0140045
-0.014
-0.014
-0.0140045
-0.014
-0.014
-0.0140045
-0.014
-0.014
-0.0140044
-0.014
-0.014
-0.0140044
-0.014
-0.014
-0.0140043
-0.014
-0.014
-0.0140043
-0.014
-0.014
-0.0140042
-0.014
-0.014
-0.0140042
-0.014
-0.014
-0.0140041
-0.014
-0.014
-0.0140041
-0.014
-0.014
-0.014004
-0.014
-0.014
-0.0140039
-0.014
-0.014
-0.0140039
-0.014
-0.014
-0.0140038
-0.014
-0.014
-0.0140037
-0.014
-0.014
-0.0140036
-0.014
-0.014
-0.0140036
-0.014
-0.014
-0.0140035
-0.014
-0.014
-0.0140034
-0.014
-0.014
-0.0140034
-0.014
-0.014
-0.0140033
-0.014
-0.014
-0.0140032
-0.014
-0.014
-0.0140031
-0.014
-0.014
-0.014003
-0.014
-0.014
-0.014003
-0.014
-0.014
-0.0140029
-0.014
-0.014
-0.0140028
-0.014
-0.014
-0.0140027
-0.014
-0.014
-0.0140027
-0.014
-0.014
-0.0140026
-0.014
-0.014
-0.0140025
-0.014
-0.014
-0.0140024
-0.014
-0.014
-0.0140023
-0.014
-0.014
-0.0140022
-0.014
-0.014
-0.0140022
-0.014
-0.014
-0.0140021
-0.014
-0.014
-0.014002
-0.014
-0.014
-0.0140019
-0.014
-0.014
-0.0140018
-0.014
-0.014
-0.0140017
-0.014
-0.014
-0.0140017
-0.014
-0.014
-0.0140016
-0.014
-0.014
-0.0140015
-0.014
-0.014
-0.0140014
-0.014
-0.014
-0.0140013
-0.014
-0.014
-0.0140012
-0.014
-0.014
-0.0140012
-0.014
-0.014
-0.0140011
-0.014
-0.014
-0.014001
-0.014
-0.014
-0.0140009
-0.014
-0.014
-0.0140008
-0.014
-0.014
-0.0140008
-0.014
-0.014
-0.0140007
-0.014
-0.014
-0.0140006
-0.014
-0.014
-0.0140005
-0.014
-0.014
-0.0140005
-0.014
-0.014
-0.0140004
-0.014
-0.014
-0.0140003
-0.014
-0.014
-0.0140002
-0.014
-0.014
-0.0140002
-0.0139999
-0.0139999
-0.014
-0.0139996
-0.0139996
-0.0139994
-0.0139986
-0.0139986
-0.0139981
-0.0139969
-0.0139969
-0.0139959
-0.0139942
-0.0139942
-0.0139925
-0.0139901
-0.0139901
-0.0139877
-0.0139846
-0.0139846
-0.0139814
-0.0139774
-0.0139774
-0.0139732
-0.0139682
-0.0139682
-0.0139631
-0.013957
-0.013957
-0.0139508
-0.0139435
-0.0139435
-0.0139361
-0.0139276
-0.0139276
-0.0139188
-0.013909
-0.013909
-0.0138989
-0.0138877
-0.0138877
-0.0138761
-0.0138634
-0.0138634
-0.0138502
-0.013836
-0.013836
-0.0138212
-0.0138053
-0.0138053
-0.0137889
-0.0137713
-0.0137713
-0.0137532
-0.0137338
-0.0137338
-0.0137139
-0.0136927
-0.0136927
-0.0136709
-0.0136479
-0.0136479
-0.0136242
-0.0135992
-0.0135992
-0.0135735
-0.0135465
-0.0135465
-0.0135189
-0.0134899
-0.0134899
-0.0134602
-0.0134291
-0.0134291
-0.0133974
-0.0133642
-0.0133642
-0.0133303
-0.013295
-0.013295
-0.0132589
-0.0132215
-0.0132215
-0.0131832
-0.0131436
-0.0131436
-0.0131032
-0.0130613
-0.0130613
-0.0130187
-0.0129746
-0.0129746
-0.0129297
-0.0128833
-0.0128833
-0.0128362
-0.0127876
-0.0127876
-0.0127383
-0.0126874
-0.0126874
-0.0126358
-0.0125827
-0.0125827
-0.0125288
-0.0124734
-0.0124734
-0.0124172
-0.0123596
-0.0123596
-0.0123012
-0.0122414
-0.0122414
-0.0121807
-0.0121186
-0.0121186
-0.0120557
-0.0119914
-0.0119914
-0.0119263
-0.0118599
-0.0118599
-0.0117926
-0.0117239
-0.0117239
-0.0116545
-0.0115837
-0.0115837
-0.0115121
-0.0114392
-0.0114392
-0.0113655
-0.0112905
-0.0112905
-0.0112148
-0.0111377
-0.0111377
-0.01106
-0.010981
-0.010981
-0.0109012
-0.0108202
-0.0108202
-0.0107385
-0.0106557
-0.0106557
-0.0105721
-0.0104874
-0.0104874
-0.010402
-0.0103154
-0.0103154
-0.0102283
-0.01014
-0.01014
-0.0100511
-0.00996116
-0.00996116
-0.00987062
-0.00977907
-0.00977907
-0.00968695
-0.00959386
-0.00959385
-0.00950022
-0.00940566
-0.00940566
-0.00931059
-0.00921463
-0.00921463
-0.0091182
-0.00902092
-0.00902092
-0.0089232
-0.00882469
-0.00882469
-0.00872578
-0.00862612
-0.00862612
-0.00852609
-0.00842537
-0.00842537
-0.00832431
-0.00822262
-0.00822262
-0.00812063
-0.00801806
-0.00801806
-0.00791523
-0.00781188
-0.00781188
-0.00770831
-0.00760427
-0.00760427
-0.00750007
-0.00739545
-0.00739545
-0.00729072
-0.00718562
-0.00718562
-0.00708045
-0.00697499
-0.00697499
-0.00686951
-0.00676379
-0.00676379
-0.00665809
-0.00655223
-0.00655223
-0.00644645
-0.00634055
-0.00634055
-0.00623479
-0.00612899
-0.00612899
-0.00602338
-0.00591779
-0.00591779
-0.00581244
-0.00570719
-0.00570718
-0.00560223
-0.00549744
-0.00549744
-0.005393
-0.0052888
-0.0052888
-0.00518501
-0.00508153
-0.00508153
-0.00497853
-0.0048759
-0.0048759
-0.00477382
-0.00467218
-0.00467218
-0.00457115
-0.00447064
-0.00447064
-0.0043708
-0.00427157
-0.00427156
-0.00417306
-0.00407524
-0.00407523
-0.00397821
-0.00388194
-0.00388194
-0.00378654
-0.00369197
-0.00369197
-0.00359834
-0.00350563
-0.00350563
-0.00341392
-0.00332321
-0.00332321
-0.00323358
-0.00314502
-0.00314502
-0.00305762
-0.00297137
-0.00297137
-0.00288635
-0.00280257
-0.00280257
-0.00272009
-0.00263894
-0.00263894
-0.00255916
-0.00248079
-0.00248079
-0.00240388
-0.00232845
-0.00232845
-0.00225456
-0.00218223
-0.00218223
-0.00211153
-0.00204248
-0.00204247
-0.00197512
-0.00190956
-0.00190956
-0.00184574
-0.00178376
-0.00178376
-0.00172363
-0.00166543
-0.00166543
-0.00160916
-0.00155491
-0.00155491
-0.00150267
-0.00145254
-0.00145254
-0.0014045
-0.00135867
-0.00135867
-0.00131502
-0.00127365
-0.00127365
-0.00123455
-0.00119783
-0.00119783
-0.00116346
-0.00113156
-0.00113156
-0.00110211
-0.00107521
-0.00107521
-0.00105084
-0.00102912
-0.00102912
-0.00101002
-0.000993649
-0.000993649
-0.000979996
-0.000969166
-0.000969166
-0.000961141
-0.000956029
-0.000956029
-0.000953812
-0.000954599
-0.000954599
-0.000958373
-0.00096524
-0.00096524
-0.000975188
-0.000988318
-0.000988318
-0.00100462
-0.0010242
-0.0010242
-0.00104704
-0.00107324
-0.00107324
-0.00110281
-0.00113582
-0.00113582
-0.00117229
-0.0012123
-0.0012123
-0.00125586
-0.00130305
-0.00130305
-0.00135388
-0.00140843
-0.00140843
-0.00146672
-0.00152881
-0.00152881
-0.00159474
-0.00166456
-0.00166456
-0.00173831
-0.00181604
-0.00181604
-0.0018978
-0.00198363
-0.00198363
-0.00207357
-0.00216769
-0.00216769
-0.002266
-0.00236855
-0.00236855
-0.0024754
-0.00258658
-0.00258658
-0.00270217
-0.00282217
-0.00282217
-0.00294667
-0.00307565
-0.00307566
-0.00320925
-0.0033474
-0.0033474
-0.00349026
-0.00363776
-0.00363776
-0.00379006
-0.00394709
-0.00394709
-0.004109
-0.00427572
-0.00427573
-0.00444743
-0.00462402
-0.00462402
-0.00480569
-0.00499232
-0.00499232
-0.00518412
-0.00538096
-0.00538096
-0.00558307
-0.00579027
-0.00579028
-0.00600285
-0.0062206
-0.00622061
-0.00644382
-0.00667227
-0.00667228
-0.00690629
-0.00714561
-0.00714561
-0.00739058
-0.00764093
-0.00764094
-0.00789703
-0.00801987
-0.00801987
-0.00806335
-0.00806335
-0.00814958
-0.00839864
-0.00839863
-0.00865799
-0.00892415
-0.00892406
-0.00919939
-0.00948084
-0.00948077
-0.00977055
-0.010066
-0.010066
-0.0103693
-0.0106782
-0.0106781
-0.0109945
-0.0113163
-0.0113162
-0.0116455
-0.01198
-0.0119799
-0.0123219
-0.0126691
-0.012669
-0.0130236
-0.0133835
-0.0133834
-0.0137507
-0.0141233
-0.014
-0.014
-0.0140153
-0.014
-0.014
-0.014011
-0.014
-0.014
-0.0140058
-0.014
-0.014
-0.0140078
-0.014
-0.014
-0.0140076
-0.014
-0.014
-0.0140075
-0.014
-0.014
-0.0140074
-0.014
-0.014
-0.014
-0.0140002
-0.014
-0.014
-0.0140097
-0.014
-0.014
-0.0140098
-0.014
-0.014
-0.0140099
-0.014
-0.014
-0.01401
-0.014
-0.014
-0.0140101
-0.014
-0.014
-0.0140102
-0.014
-0.014
-0.0140103
-0.014
-0.014
-0.0140104
-0.014
-0.014
-0.0140105
-0.014
-0.014
-0.0140105
-0.014
-0.014
-0.0140106
-0.014
-0.014
-0.0140107
-0.014
-0.014
-0.0140108
-0.014
-0.014
-0.0140109
-0.014
-0.014
-0.014011
-0.014
-0.014
-0.014011
-0.014
-0.014
-0.0140111
-0.014
-0.014
-0.0140112
-0.014
-0.014
-0.0140112
-0.014
-0.014
-0.0140113
-0.014
-0.014
-0.0140114
-0.014
-0.014
-0.0140114
-0.014
-0.014
-0.0140115
-0.014
-0.014
-0.0140115
-0.014
-0.014
-0.0140116
-0.014
-0.014
-0.0140116
-0.014
-0.014
-0.0140116
-0.014
-0.014
-0.0140117
-0.014
-0.014
-0.0140117
-0.014
-0.014
-0.0140117
-0.014
-0.014
-0.0140117
-0.014
-0.014
-0.0140118
-0.014
-0.014
-0.0140118
-0.014
-0.014
-0.0140118
-0.014
-0.014
-0.0140118
-0.014
-0.014
-0.0140118
-0.014
-0.014
-0.0140118
-0.014
-0.014
-0.0140118
-0.014
-0.014
-0.0140118
-0.014
-0.014
-0.0140118
-0.014
-0.014
-0.0140118
-0.014
-0.014
-0.0140117
-0.014
-0.014
-0.0140117
-0.014
-0.014
-0.0140117
-0.014
-0.014
-0.0140117
-0.014
-0.014
-0.0140116
-0.014
-0.014
-0.0140116
-0.014
-0.014
-0.0140115
-0.014
-0.014
-0.0140115
-0.014
-0.0140114
-0.014
-0.0140111
-0.014
-0.014011
-0.014
-0.0140109
-0.014
-0.0140108
-0.014
-0.0140108
-0.014
-0.0140107
-0.014
-0.0140107
-0.014
-0.0140106
-0.014
-0.0140106
-0.014
-0.0140105
-0.014
-0.0140105
-0.014
-0.0140104
-0.014
-0.0140084
-0.0140084
-0.014
-0.0140102
-0.014
-0.0140102
-0.014
-0.0140102
-0.014
-0.0140101
-0.014
-0.0140101
-0.014
-0.01401
-0.014
-0.0140099
-0.014
-0.0140099
-0.014
-0.0140098
-0.014
-0.0140097
-0.014
-0.0140096
-0.014
-0.0140096
-0.014
-0.014
-0.0140095
-0.014
-0.014
-0.0140091
-0.014
-0.014
-0.0140089
-0.014
-0.014
-0.0140087
-0.014
-0.014
-0.0140086
-0.014
-0.014
-0.0140084
-0.014
-0.014
-0.0140082
-0.014
-0.014
-0.0140081
-0.014
-0.014
-0.0140079
-0.014
-0.014
-0.0140077
-0.014
-0.014
-0.0140075
-0.014
-0.014
-0.0140074
-0.014
-0.014
-0.0140072
-0.014
-0.014
-0.014007
-0.014
-0.014
-0.0140069
-0.014
-0.014
-0.0140067
-0.014
-0.014
-0.0140065
-0.014
-0.014
-0.0140063
-0.014
-0.014
-0.0140061
-0.014
-0.014
-0.0140059
-0.014
-0.014
-0.0140057
-0.014
-0.014
-0.0140056
-0.014
-0.014
-0.0140054
-0.014
-0.014
-0.0140052
-0.014
-0.014
-0.014005
-0.014
-0.014
-0.0140048
-0.014
-0.014
-0.0140046
-0.014
-0.014
-0.0140044
-0.014
-0.014
-0.0140042
-0.014
-0.014
-0.014004
-0.014
-0.014
-0.0140038
-0.014
-0.014
-0.0140036
-0.014
-0.014
-0.0140034
-0.014
-0.014
-0.0140032
-0.014
-0.014
-0.014003
-0.014
-0.014
-0.0140028
-0.014
-0.014
-0.0140026
-0.014
-0.014
-0.0140024
-0.014
-0.014
-0.0140022
-0.014
-0.014
-0.014002
-0.014
-0.014
-0.0140018
-0.014
-0.014
-0.0140016
-0.014
-0.014
-0.0140014
-0.014
-0.014
-0.0140012
-0.014
-0.014
-0.014001
-0.014
-0.014
-0.0140008
-0.014
-0.014
-0.0140005
-0.014
-0.014
-0.0140004
-0.014
-0.014
-0.0140002
-0.0139999
-0.014
-0.0139999
-0.0139994
-0.0139995
-0.0139988
-0.0139976
-0.0139977
-0.013996
-0.0139936
-0.0139937
-0.0139908
-0.0139869
-0.013987
-0.0139824
-0.0139767
-0.0139768
-0.0139702
-0.0139623
-0.0139625
-0.0139536
-0.0139433
-0.0139434
-0.0139319
-0.0139189
-0.013919
-0.0139046
-0.0138884
-0.0138886
-0.013871
-0.0138515
-0.0138516
-0.0138304
-0.0138073
-0.0138074
-0.0137825
-0.0137553
-0.0137555
-0.0137264
-0.0136951
-0.0136952
-0.0136618
-0.0136259
-0.013626
-0.013588
-0.0135473
-0.0135474
-0.0135045
-0.0134587
-0.0134589
-0.0134107
-0.0133596
-0.0133598
-0.0133061
-0.0132495
-0.0132496
-0.0131903
-0.0131278
-0.0131279
-0.0130626
-0.0129941
-0.0129942
-0.0129227
-0.0128479
-0.012848
-0.01277
-0.0126886
-0.0126888
-0.0126041
-0.012516
-0.0125161
-0.0124246
-0.0123294
-0.0123295
-0.0122308
-0.0121284
-0.0121285
-0.0120226
-0.0119127
-0.0119128
-0.0117993
-0.0116818
-0.0116819
-0.0115607
-0.0114354
-0.0114355
-0.0113063
-0.0111729
-0.011173
-0.0110357
-0.0108941
-0.0108942
-0.0107486
-0.0105986
-0.0105987
-0.0104445
-0.010286
-0.0102861
-0.0101233
-0.00995598
-0.00995606
-0.00978444
-0.00960824
-0.00960832
-0.0094277
-0.00924244
-0.00924252
-0.00905277
-0.00885829
-0.00885836
-0.00865932
-0.0084555
-0.00845556
-0.00824709
-0.00803377
-0.00803383
-0.0078158
-0.00759286
-0.00759292
-0.00736519
-0.0071325
-0.00713255
-0.00689501
-0.00665246
-0.0066525
-0.00640503
-0.0061525
-0.00615253
-0.00589502
-0.00563241
-0.00563243
-0.00536478
-0.00509197
-0.005092
-0.0048141
-0.00453101
-0.00453103
-0.00424279
-0.00394934
-0.00394934
-0.00365068
-0.00334678
-0.00334678
-0.00303762
-0.00272318
-0.00272317
-0.00240345
-0.00207842
-0.00207842
-0.00174807
-0.00141229
-0.00141228
-0.00107121
-0.000724705
-0.0007247
-0.00037288
-1.55718e-05
-1.55664e-05
0.00034706
9.9702e-06
9.97039e-06
2.28784e-05
8.7079e-06
8.92146e-06
2.34698e-05
9.9702e-06
9.97038e-06
2.07645e-05
2.07645e-05
2.07619e-05
9.9702e-06
9.97035e-06
2.04963e-05
9.9702e-06
9.97034e-06
1.96319e-05
9.9702e-06
9.97033e-06
1.90305e-05
9.9702e-06
9.97033e-06
1.86532e-05
9.9702e-06
9.97032e-06
1.84065e-05
9.9702e-06
9.97032e-06
1.82519e-05
9.9702e-06
9.97032e-06
1.81601e-05
9.9702e-06
9.97032e-06
1.81109e-05
9.9702e-06
9.97032e-06
1.80904e-05
9.9702e-06
9.97032e-06
1.80891e-05
9.9702e-06
9.97032e-06
1.81004e-05
9.9702e-06
9.97032e-06
1.81198e-05
9.9702e-06
9.97032e-06
1.81441e-05
9.9702e-06
9.97032e-06
1.81713e-05
9.9702e-06
9.97032e-06
1.81998e-05
9.9702e-06
9.97032e-06
1.82287e-05
9.9702e-06
9.97032e-06
1.82573e-05
9.9702e-06
9.97032e-06
1.82851e-05
9.9702e-06
9.97032e-06
1.83118e-05
9.9702e-06
9.97032e-06
1.83372e-05
9.9702e-06
9.97032e-06
1.83611e-05
9.9702e-06
9.97032e-06
1.83835e-05
9.9702e-06
9.97032e-06
1.84044e-05
9.9702e-06
9.97032e-06
1.84236e-05
9.9702e-06
9.97032e-06
1.84413e-05
9.9702e-06
9.97032e-06
1.84573e-05
9.9702e-06
9.97032e-06
1.84717e-05
9.9702e-06
9.97032e-06
1.84846e-05
9.9702e-06
9.97032e-06
1.84958e-05
9.9702e-06
9.97032e-06
1.85055e-05
9.9702e-06
9.97032e-06
1.85137e-05
9.9702e-06
9.97033e-06
1.85203e-05
9.9702e-06
9.97033e-06
1.85254e-05
9.9702e-06
9.97033e-06
1.85291e-05
9.9702e-06
9.97033e-06
1.85312e-05
9.9702e-06
9.97033e-06
1.85318e-05
9.9702e-06
9.97033e-06
1.8531e-05
9.9702e-06
9.97033e-06
1.85287e-05
9.9702e-06
9.97033e-06
1.8525e-05
9.9702e-06
9.97033e-06
1.85198e-05
9.9702e-06
9.97032e-06
1.85131e-05
9.9702e-06
9.97032e-06
1.85051e-05
9.9702e-06
9.97032e-06
1.84955e-05
9.9702e-06
9.97032e-06
1.84846e-05
9.9702e-06
9.97032e-06
1.84722e-05
9.9702e-06
9.97032e-06
1.84583e-05
9.9702e-06
9.97032e-06
1.8443e-05
9.9702e-06
9.97032e-06
1.84262e-05
9.9702e-06
9.97032e-06
1.84079e-05
9.9702e-06
9.97032e-06
1.83882e-05
9.9702e-06
9.97032e-06
1.8367e-05
9.9702e-06
9.97032e-06
1.83442e-05
9.9702e-06
9.97032e-06
1.832e-05
9.9702e-06
9.97032e-06
1.82942e-05
9.9702e-06
9.97032e-06
1.82668e-05
9.9702e-06
9.97032e-06
1.82379e-05
9.9702e-06
9.97032e-06
1.82074e-05
9.9702e-06
9.97032e-06
1.81753e-05
9.9702e-06
9.97032e-06
1.81415e-05
9.9702e-06
9.97032e-06
1.81061e-05
9.9702e-06
9.97032e-06
1.80691e-05
9.9702e-06
9.97032e-06
1.80304e-05
9.9702e-06
9.97032e-06
1.79899e-05
9.9702e-06
9.97032e-06
1.79477e-05
9.9702e-06
9.97032e-06
1.79038e-05
9.9702e-06
9.97032e-06
1.7858e-05
9.9702e-06
9.97031e-06
1.78105e-05
9.9702e-06
9.97031e-06
1.77612e-05
9.9702e-06
9.97031e-06
1.77099e-05
9.9702e-06
9.97031e-06
1.76569e-05
9.9702e-06
9.97031e-06
1.76019e-05
9.9702e-06
9.97031e-06
1.7545e-05
9.9702e-06
9.97031e-06
1.74862e-05
9.9702e-06
9.97031e-06
1.74254e-05
9.9702e-06
9.97031e-06
1.73626e-05
9.9702e-06
9.97031e-06
1.72978e-05
9.9702e-06
9.97031e-06
1.7231e-05
9.9702e-06
9.9703e-06
1.71621e-05
9.9702e-06
9.9703e-06
1.70912e-05
9.9702e-06
9.9703e-06
1.70183e-05
9.9702e-06
9.9703e-06
1.69432e-05
9.9702e-06
9.9703e-06
1.68661e-05
9.9702e-06
9.9703e-06
1.67868e-05
9.9702e-06
9.9703e-06
1.67054e-05
9.9702e-06
9.9703e-06
1.66219e-05
9.9702e-06
9.9703e-06
1.65362e-05
9.9702e-06
9.97029e-06
1.64484e-05
9.9702e-06
9.97029e-06
1.63584e-05
9.9702e-06
9.97029e-06
1.62663e-05
9.9702e-06
9.97029e-06
1.61721e-05
9.9702e-06
9.97029e-06
1.60756e-05
9.9702e-06
9.97029e-06
1.59771e-05
9.9702e-06
9.97029e-06
1.58764e-05
9.9702e-06
9.97028e-06
1.57736e-05
9.9702e-06
9.97028e-06
1.56687e-05
9.9702e-06
9.97028e-06
1.55616e-05
9.9702e-06
9.97028e-06
1.54525e-05
9.9702e-06
9.97028e-06
1.53413e-05
9.9702e-06
9.97028e-06
1.52281e-05
9.9702e-06
9.97027e-06
1.51128e-05
9.9702e-06
9.97027e-06
1.49955e-05
9.9702e-06
9.97027e-06
1.48763e-05
9.9702e-06
9.97027e-06
1.47551e-05
9.9702e-06
9.97027e-06
1.4632e-05
9.9702e-06
9.97027e-06
1.4507e-05
9.9702e-06
9.97026e-06
1.43802e-05
9.9702e-06
9.97026e-06
1.42515e-05
9.9702e-06
9.97026e-06
1.41211e-05
9.9702e-06
9.97026e-06
1.3989e-05
9.9702e-06
9.97026e-06
1.38552e-05
9.9702e-06
9.97025e-06
1.37198e-05
9.9702e-06
9.97025e-06
1.35828e-05
9.9702e-06
9.97025e-06
1.34443e-05
9.9702e-06
9.97025e-06
1.33043e-05
9.9702e-06
9.97025e-06
1.31629e-05
9.9702e-06
9.97024e-06
1.30202e-05
9.9702e-06
9.97024e-06
1.28761e-05
9.9702e-06
9.97024e-06
1.27309e-05
9.9702e-06
9.97024e-06
1.25845e-05
9.9702e-06
9.97023e-06
1.2437e-05
9.9702e-06
9.97023e-06
1.22884e-05
9.9702e-06
9.97023e-06
1.21389e-05
9.9702e-06
9.97023e-06
1.19886e-05
9.9702e-06
9.97023e-06
1.18374e-05
9.9702e-06
9.97022e-06
1.16855e-05
9.9702e-06
9.97022e-06
1.15329e-05
9.9702e-06
9.97022e-06
1.13797e-05
9.9702e-06
9.97022e-06
1.12261e-05
9.9702e-06
9.97021e-06
1.1072e-05
9.9702e-06
9.97021e-06
1.09175e-05
9.9702e-06
9.97021e-06
1.07628e-05
9.9702e-06
9.97021e-06
1.06079e-05
9.9702e-06
9.9702e-06
1.04529e-05
9.9702e-06
9.9702e-06
1.02979e-05
9.9702e-06
9.9702e-06
1.0143e-05
9.9702e-06
9.9657e-06
9.98261e-06
1.00431e-05
9.9702e-06
9.90805e-06
9.80428e-06
9.80428e-06
9.37568e-06
8.76665e-06
8.76663e-06
7.69524e-06
6.30863e-06
6.3086e-06
4.32587e-06
1.89616e-06
1.89611e-06
-1.26055e-06
-4.99355e-06
-4.99361e-06
-9.582e-06
-1.4874e-05
-1.48741e-05
-2.11478e-05
-2.82507e-05
-2.82508e-05
-3.64598e-05
-4.56216e-05
-4.56217e-05
-5.60122e-05
-6.74777e-05
-6.74778e-05
-8.02927e-05
-9.4303e-05
-9.43033e-05
-0.000109782
-0.000126575
-0.000126575
-0.000144953
-0.000164763
-0.000164764
-0.000186274
-0.000209332
-0.000209332
-0.000234204
-0.000260736
-0.000260737
-0.000289194
-0.000319425
-0.000319425
-0.00035169
-0.000385839
-0.000385839
-0.000422129
-0.000460411
-0.000460411
-0.000500939
-0.000543566
-0.000543566
-0.000588542
-0.000635721
-0.000635722
-0.00068535
-0.000737285
-0.000737286
-0.000791768
-0.000848657
-0.000848658
-0.000908191
-0.000970229
-0.00097023
-0.001035
-0.00110238
-0.00110238
-0.00117259
-0.00124549
-0.00124549
-0.00132131
-0.00139992
-0.00139992
-0.00148153
-0.00156601
-0.00156602
-0.00165359
-0.00174413
-0.00174413
-0.00183784
-0.0019346
-0.0019346
-0.0020346
-0.00213774
-0.00213775
-0.0022442
-0.00235388
-0.00235388
-0.00246695
-0.00258332
-0.00258332
-0.00270315
-0.00282635
-0.00282635
-0.00295308
-0.00308326
-0.00308326
-0.00321703
-0.00335432
-0.00335432
-0.00349526
-0.0036398
-0.0036398
-0.00378804
-0.00393995
-0.00393995
-0.00409562
-0.00425501
-0.00425501
-0.00441822
-0.00458522
-0.00458522
-0.00475609
-0.0049308
-0.0049308
-0.00510943
-0.00529196
-0.00529196
-0.00547845
-0.0056689
-0.00566891
-0.00586336
-0.00606182
-0.00606182
-0.00626432
-0.00647088
-0.00668152
-0.00689709
-0.00711711
-0.00734229
-0.00757197
-0.00780676
-0.00804612
-0.00829061
-0.00853975
-0.00879395
-0.00905283
-0.00931673
-0.00958531
-0.00985887
-0.0101371
-0.0104203
-0.0107081
-0.0110008
-0.0112981
-0.0116003
-0.0119071
-0.0122186
-0.0125347
-0.0128556
-0.013181
-0.0132814
-0.0132814
-0.0134949
-0.0138084
-0.0141307
-0.014
-0.0140139
-0.014
-0.01401
-0.014
-0.0140087
-0.014
-0.0140079
-0.014
-0.0140073
-0.014
-0.014007
-0.014
-0.0140067
-0.014
-0.0140065
-0.014
-0.0140063
-0.014
-0.0140062
-0.014
-0.0140061
-0.014
-0.0140061
-0.014
-0.014006
-0.014
-0.0140059
-0.014
-0.0140058
-0.014
-0.0140058
-0.014
-0.0140057
-0.014
-0.0140056
-0.014
-0.0140056
-0.014
-0.0140055
-0.014
-0.0140055
-0.014
-0.0140054
-0.014
-0.0140053
-0.014
-0.0140053
-0.014
-0.0140052
-0.014
-0.0140052
-0.014
-0.0140051
-0.014
-0.014005
-0.014
-0.014005
-0.014
-0.0140049
-0.014
-0.0140048
-0.014
-0.0140048
-0.014
-0.014
-0.0140057
-0.014
-0.014
-0.0140059
-0.014
-0.014
-0.0140059
-0.014
-0.014
-0.014006
-0.014
-0.014
-0.0140061
-0.014
-0.014
-0.0140061
-0.014
-0.014
-0.0140061
-0.014
-0.014
-0.0140061
-0.014
-0.014
-0.0140061
-0.014
-0.014
-0.0140061
-0.014
-0.014
-0.0140061
-0.014
-0.014
-0.0140061
-0.014
-0.014
-0.0140061
-0.014
-0.014
-0.0140061
-0.014
-0.014
-0.0140061
-0.014
-0.014
-0.0140061
-0.014
-0.014
-0.0140061
-0.014
-0.014
-0.0140061
-0.014
-0.014
-0.014006
-0.014
-0.014
-0.0140061
-0.014
-0.014
-0.0140061
-0.014
-0.014
-0.0140061
-0.014
-0.014
-0.014006
-0.014
-0.014
-0.014006
-0.014
-0.014
-0.014006
-0.014
-0.014
-0.014006
-0.014
-0.014
-0.014006
-0.014
-0.014
-0.014006
-0.014
-0.014
-0.014006
-0.014
-0.014
-0.014006
-0.014
-0.014
-0.0140059
-0.014
-0.014
-0.0140059
-0.014
-0.014
-0.0140059
-0.014
-0.014
-0.0140059
-0.014
-0.014
-0.0140059
-0.014
-0.014
-0.0140058
-0.014
-0.014
-0.0140058
-0.014
-0.014
-0.0140058
-0.014
-0.014
-0.0140058
-0.014
-0.014
-0.0140058
-0.014
-0.014
-0.0140057
-0.014
-0.014
-0.0140057
-0.014
-0.014
-0.0140057
-0.014
-0.014
-0.0140057
-0.014
-0.014
-0.0140057
-0.014
-0.014
-0.0140056
-0.014
-0.014
-0.0140056
-0.014
-0.014
-0.0140056
-0.014
-0.014
-0.0140056
-0.014
-0.014
-0.0140055
-0.014
-0.014
-0.0140055
-0.014
-0.014
-0.0140055
-0.014
-0.014
-0.0140055
-0.014
-0.014
-0.0140054
-0.014
-0.014
-0.0140054
-0.014
-0.014
-0.0140054
-0.014
-0.014
-0.0140054
-0.014
-0.014
-0.0140053
-0.014
-0.014
-0.0140053
-0.014
-0.014
-0.0140053
-0.014
-0.014
-0.0140053
-0.014
-0.014
-0.0140053
-0.014
-0.014
-0.0140052
-0.014
-0.014
-0.0140052
-0.014
-0.014
-0.0140052
-0.014
-0.014
-0.0140052
-0.014
-0.014
-0.0140052
-0.014
-0.014
-0.0140052
-0.014
-0.014
-0.0140051
-0.014
-0.014
-0.0140051
-0.014
-0.014
-0.0140051
-0.014
-0.014
-0.0140051
-0.014
-0.014
-0.0140051
-0.014
-0.014
-0.0140051
-0.014
-0.014
-0.0140051
-0.014
-0.014
-0.0140051
-0.014
-0.014
-0.0140051
-0.014
-0.014
-0.0140051
-0.014
-0.014
-0.0140051
-0.014
-0.014
-0.0140051
-0.014
-0.014
-0.0140051
-0.014
-0.014
-0.0140051
-0.014
-0.014
-0.0140051
-0.014
-0.014
-0.0140051
-0.014
-0.014
-0.0140051
-0.014
-0.014
-0.0140051
-0.014
-0.014
-0.0140051
-0.014
-0.014
-0.0140052
-0.014
-0.014
-0.0140052
-0.014
-0.014
-0.0140052
-0.014
-0.014
-0.0140052
-0.014
-0.014
-0.0140053
-0.014
-0.014
-0.0140053
-0.014
-0.014
-0.0140053
-0.014
-0.014
-0.0140053
-0.014
-0.014
-0.0140054
-0.014
-0.014
-0.0140054
-0.014
-0.014
-0.0140055
-0.014
-0.014
-0.0140055
-0.014
-0.014
-0.0140055
-0.014
-0.014
-0.0140056
-0.014
-0.014
-0.0140056
-0.014
-0.014
-0.0140057
-0.014
-0.014
-0.0140057
-0.014
-0.014
-0.0140058
-0.014
-0.014
-0.0140059
-0.014
-0.014
-0.0140059
-0.014
-0.014
-0.014006
-0.014
-0.014
-0.014006
-0.014
-0.014
-0.0140061
-0.014
-0.014
-0.0140062
-0.014
-0.014
-0.0140063
-0.014
-0.014
-0.0140063
-0.014
-0.014
-0.0140064
-0.014
-0.014
-0.0140065
-0.014
-0.014
-0.0140066
-0.014
-0.014
-0.0140067
-0.014
-0.014
-0.0140067
-0.014
-0.014
-0.0140068
-0.014
-0.014
-0.0140069
-0.014
-0.014
-0.014007
-0.014
-0.014
-0.0140071
-0.014
-0.014
-0.0140072
-0.014
-0.014
-0.0140073
-0.014
-0.014
-0.0140074
-0.014
-0.014
-0.0140075
-0.014
-0.014
-0.0140076
-0.014
-0.014
-0.0140077
-0.014
-0.014
-0.0140078
-0.014
-0.014
-0.0140079
-0.014
-0.014
-0.014008
-0.014
-0.014
-0.0140082
-0.014
-0.014
-0.0140083
-0.014
-0.014
-0.0140084
-0.014
-0.014
-0.0140085
-0.014
-0.014
-0.0140086
-0.014
-0.014
-0.0140087
-0.014
-0.014
-0.0140088
-0.014
-0.014
-0.014009
-0.014
-0.014
-0.0140091
-0.014
-0.014
-0.0140092
-0.014
-0.014
-0.0140093
-0.014
-0.014
-0.0140094
-0.014
-0.014
-0.0140096
-0.014
-0.014
-0.0140097
-0.014
-0.014
-0.0140098
-0.014
-0.014
-0.0140099
-0.014
-0.014
-0.01401
-0.014
-0.014
-0.0140102
-0.014
-0.014
-0.0140103
-0.014
-0.014
-0.0140104
-0.014
-0.014
-0.0140105
-0.014
-0.014
-0.0140106
-0.014
-0.014
-0.0140107
-0.014
-0.014
-0.0140109
-0.014
-0.014
-0.014011
-0.014
-0.014
-0.0140111
-0.014
-0.014
-0.0140112
-0.014
-0.014
-0.0140113
-0.014
-0.014
-0.0140114
-0.014
-0.014
-0.0140115
-0.014
-0.014
-0.0140116
-0.014
-0.014
-0.0140117
-0.014
-0.014
-0.0140118
-0.014
-0.014
-0.0140119
-0.014
-0.014
-0.014012
-0.014
-0.014
-0.0140121
-0.014
-0.014
-0.0140122
-0.014
-0.014
-0.0140123
-0.014
-0.014
-0.0140124
-0.014
-0.014
-0.0140125
-0.014
-0.014
-0.0140125
-0.014
-0.014
-0.0140126
-0.014
-0.014
-0.0140127
-0.014
-0.014
-0.0140128
-0.014
-0.014
-0.0140128
-0.014
-0.014
-0.0140129
-0.014
-0.014
-0.0140129
-0.014
-0.014
-0.014013
-0.014
-0.014
-0.0140131
-0.014
-0.014
-0.0140131
-0.014
-0.014
-0.0140131
-0.014
-0.014
-0.0140132
-0.014
-0.014
-0.0140132
-0.014
-0.014
-0.0140132
-0.014
-0.014
-0.0140133
-0.014
-0.014
-0.0140133
-0.014
-0.014
-0.0140133
-0.014
-0.014
-0.0140133
-0.014
-0.014
-0.0140133
-0.014
-0.014
-0.0140133
-0.014
-0.014
-0.0140133
-0.014
-0.014
-0.0140133
-0.014
-0.014
-0.0140133
-0.014
-0.014
-0.0140133
-0.014
-0.014
-0.0140133
-0.014
-0.014
-0.0140133
-0.014
-0.014
-0.0140132
-0.014
-0.014
-0.0140132
-0.014
-0.014
-0.0140131
-0.014
-0.014
-0.0140131
-0.014
-0.014
-0.014013
-0.014
-0.014
-0.014013
-0.014
-0.014
-0.0140129
-0.014
-0.014
-0.0140129
-0.014
-0.014
-0.0140128
-0.014
-0.014
-0.0140127
-0.014
-0.014
-0.0140126
-0.014
-0.014
-0.0140125
-0.014
-0.014
-0.0140125
-0.014
-0.014
-0.0140124
-0.014
-0.014
-0.0140123
-0.014
-0.014
-0.0140122
-0.014
-0.014
-0.014012
-0.014
-0.014
-0.0140119
-0.014
-0.014
-0.0140118
-0.014
-0.014
-0.0140117
-0.014
-0.014
-0.0140116
-0.014
-0.014
-0.0140114
-0.014
-0.014
-0.0140113
-0.014
-0.014
-0.0140111
-0.014
-0.014
-0.014011
-0.014
-0.014
-0.0140108
-0.014
-0.014
-0.0140107
-0.014
-0.014
-0.0140105
-0.014
-0.014
-0.0140104
-0.014
-0.014
-0.0140102
-0.014
-0.014
-0.01401
-0.014
-0.014
-0.0140099
-0.014
-0.014
-0.0140097
-0.014
-0.014
-0.0140095
-0.014
-0.014
-0.0140093
-0.014
-0.014
-0.0140092
-0.014
-0.014
-0.014009
-0.014
-0.014
-0.0140088
-0.014
-0.014
-0.0140086
-0.014
-0.014
-0.0140084
-0.014
-0.014
-0.0140082
-0.014
-0.014
-0.014008
-0.014
-0.014
-0.0140078
-0.014
-0.014
-0.0140076
-0.014
-0.014
-0.0140074
-0.014
-0.014
-0.0140072
-0.014
-0.014
-0.014007
-0.014
-0.014
-0.0140068
-0.014
-0.014
-0.0140066
-0.014
-0.014
-0.0140064
-0.014
-0.014
-0.0140062
-0.014
-0.014
-0.014006
-0.014
-0.014
-0.0140058
-0.014
-0.014
-0.0140056
-0.014
-0.014
-0.0140053
-0.014
-0.014004
-0.014
-0.0140036
-0.014
-0.0140034
-0.014
-0.0140032
-0.014
-0.0140031
-0.014
-0.014003
-0.014
-0.0140029
-0.014
-0.0140027
-0.014
-0.0140026
-0.014
-0.0140025
-0.014
-0.0140024
-0.014
-0.0140023
-0.014
-0.0140022
-0.014
-0.014002
-0.014
-0.0140019
-0.014
-0.0140018
-0.014
-0.0140017
-0.014
-0.0140016
-0.014
-0.0140015
-0.014
-0.0140014
