0 
-6.10623e-16 
1.55431e-15 
-5.27356e-16 
-5.82867e-16 
2.60209e-16 
-3.46945e-18 
-8.95117e-16 
1.02696e-15 
7.49401e-16 
2.98372e-16 
-3.05311e-16 
-5.17815e-16 
2.46331e-16 
-2.60209e-16 
-1.75554e-15 
-1.94289e-16 
1.65232e-16 
-2.52077e-16 
-7.80626e-16 
-2.498e-16 
4.02456e-16 
1.04083e-16 
-1.9082e-17 
1.35742e-16 
-8.39606e-16 
1.04083e-16 
5.68989e-16 
-6.10623e-16 
-3.60822e-16 
-5.55112e-16 
-1.11022e-16 
-8.60423e-16 
3.88578e-16 
1.94289e-16 
-1.94289e-16 
-9.71445e-17 
2.5327e-16 
4.16334e-16 
-5.55112e-17 
-3.33067e-16 
-1.38778e-16 
-2.70617e-16 
1.59595e-16 
2.91434e-16 
4.16334e-16 
-8.39606e-16 
-1.04083e-15 
5.23886e-16 
3.60822e-16 
4.3715e-16 
