0
-2.31461e-06
-9.52785e-06
-2.26234e-05
-9.9702e-06
-1.87228e-05
-9.9702e-06
-2.03388e-05
-9.9702e-06
-2.14348e-05
-9.9702e-06
-2.22085e-05
-9.9702e-06
-2.26834e-05
-9.9702e-06
-2.29998e-05
-9.9702e-06
-2.32188e-05
-9.9702e-06
-2.33753e-05
-9.9702e-06
-2.34919e-05
-9.9702e-06
-2.35828e-05
-9.9702e-06
-2.36572e-05
-9.9702e-06
-2.37211e-05
-9.9702e-06
-2.37782e-05
-9.9702e-06
-2.38307e-05
-9.9702e-06
-2.38802e-05
-9.9702e-06
-2.39276e-05
-9.9702e-06
-2.39734e-05
-9.9702e-06
-2.40179e-05
-9.9702e-06
-2.40613e-05
-9.9702e-06
-2.41038e-05
-9.9702e-06
-2.41453e-05
-9.9702e-06
-2.41858e-05
-9.9702e-06
-2.42253e-05
-9.9702e-06
-2.42637e-05
-9.9702e-06
-2.43011e-05
3.93458e-05
2.86825e-05
3.9431e-06
-1e-05
-1.00008e-05
-1.00008e-05
-9.74726e-06
-2.88792e-05
-9.9702e-06
-9.99998e-06
-1.00002e-05
-1.00002e-05
-9.9702e-06
-2.29461e-05
-9.9702e-06
-2.27723e-05
-9.9702e-06
-8.96578e-06
-2.25783e-05
-9.9702e-06
-8.98126e-06
-2.227e-05
-9.9702e-06
-8.9939e-06
-2.20974e-05
-9.9702e-06
-9.00336e-06
-2.19809e-05
-9.9702e-06
-9.01006e-06
-1e-05
-1.00002e-05
-1.00002e-05
-9.9702e-06
-9.97043e-06
-9.99997e-06
-1.00002e-05
-1.00002e-05
-9.9702e-06
-9.03302e-06
-2.1638e-05
-9.9702e-06
-9.02421e-06
-2.16875e-05
-9.9702e-06
-9.02657e-06
-2.16753e-05
-9.9702e-06
-9.02808e-06
-2.16516e-05
-9.9702e-06
-9.02973e-06
-2.16239e-05
-9.9702e-06
-9.03157e-06
-2.15934e-05
-9.9702e-06
-9.03362e-06
-2.15602e-05
-9.9702e-06
-9.03587e-06
-2.15245e-05
-9.9702e-06
-9.03831e-06
-2.14862e-05
-9.9702e-06
-9.04094e-06
-2.14453e-05
-9.9702e-06
-9.04377e-06
-2.14019e-05
-9.9702e-06
-9.04678e-06
-2.13561e-05
-9.9702e-06
-9.04998e-06
-2.13077e-05
-9.9702e-06
-9.05338e-06
-2.12569e-05
-9.9702e-06
-9.05695e-06
-2.12037e-05
-9.9702e-06
-9.06071e-06
-2.11481e-05
-9.9702e-06
-9.06465e-06
-2.10902e-05
-9.9702e-06
-9.06877e-06
-2.10299e-05
-9.9702e-06
-9.07306e-06
-2.09675e-05
-9.9702e-06
-9.07752e-06
-2.09028e-05
-9.9702e-06
-9.08215e-06
-2.0836e-05
-9.9702e-06
-9.08694e-06
-2.07672e-05
-9.9702e-06
-9.09189e-06
-2.06964e-05
-9.9702e-06
-9.097e-06
-2.06236e-05
-9.9702e-06
-9.10225e-06
-2.0549e-05
-9.9702e-06
-9.10764e-06
-2.04727e-05
-9.9702e-06
-9.11317e-06
-2.03947e-05
-9.9702e-06
-9.11883e-06
-2.03151e-05
-9.9702e-06
-9.12461e-06
-2.0234e-05
-9.9702e-06
-9.13051e-06
-2.01515e-05
-9.9702e-06
-9.13653e-06
-2.00677e-05
-9.9702e-06
-9.14264e-06
-1.99827e-05
-9.9702e-06
-9.14885e-06
-1.98966e-05
-9.9702e-06
-9.15515e-06
-1.98096e-05
-9.9702e-06
-9.16154e-06
-1.97216e-05
-9.9702e-06
-9.16799e-06
-1.96329e-05
-9.9702e-06
-9.17451e-06
-1.95436e-05
-9.9702e-06
-9.18109e-06
-1.94537e-05
-9.9702e-06
-9.18771e-06
-1.93634e-05
-9.9702e-06
-9.19438e-06
-1e-05
-1.00002e-05
-1.00002e-05
-9.9702e-06
-9.97038e-06
-1e-05
-1e-05
-9.13301e-06
-1.9284e-05
-9.9702e-06
-9.97037e-06
-1.96397e-05
-9.9702e-06
-9.97037e-06
-1.95782e-05
-9.9702e-06
-9.97037e-06
-1.95056e-05
-9.9702e-06
-9.97037e-06
-1.94299e-05
-9.9702e-06
-9.97036e-06
-1.93523e-05
-9.9702e-06
-9.97036e-06
-1.92738e-05
-9.9702e-06
-9.97036e-06
-1.91949e-05
-9.9702e-06
-9.97036e-06
-1.91158e-05
-9.9702e-06
-9.97036e-06
-1.90371e-05
-9.9702e-06
-9.97035e-06
-1.89588e-05
-9.9702e-06
-9.97035e-06
-1.88812e-05
-9.9702e-06
-9.97035e-06
-1.88043e-05
-9.9702e-06
-9.97035e-06
-1.87284e-05
-9.9702e-06
-9.97035e-06
-1.86535e-05
-9.9702e-06
-9.97035e-06
-1.85798e-05
-9.9702e-06
-9.97034e-06
-1.85073e-05
-9.9702e-06
-9.97034e-06
-1.84362e-05
-9.9702e-06
-9.97034e-06
-1.83664e-05
-9.9702e-06
-9.97034e-06
-1.82981e-05
-9.9702e-06
-9.97034e-06
-1.82314e-05
-9.9702e-06
-9.97034e-06
-1.81662e-05
-9.9702e-06
-9.97034e-06
-1.81027e-05
-9.9702e-06
-9.97033e-06
-1.80409e-05
-9.9702e-06
-9.97033e-06
-1.79808e-05
-9.9702e-06
-9.97033e-06
-1.79225e-05
-9.9702e-06
-9.97033e-06
-1.7866e-05
-9.9702e-06
-9.97033e-06
-1.78113e-05
-9.9702e-06
-9.97033e-06
-1.77586e-05
-9.9702e-06
-9.97033e-06
-1.77077e-05
-9.9702e-06
-9.97033e-06
-1.76587e-05
-9.9702e-06
-9.97032e-06
-1.76116e-05
-9.9702e-06
-9.97032e-06
-1.75664e-05
-9.9702e-06
-9.97032e-06
-1.75232e-05
-9.9702e-06
-9.97032e-06
-1.74818e-05
-9.9702e-06
-9.97032e-06
-1.74423e-05
-9.9702e-06
-9.97032e-06
-1.74047e-05
-9.9702e-06
-9.97032e-06
-1.73689e-05
-9.9702e-06
-9.97032e-06
-1.7335e-05
-9.9702e-06
-9.97032e-06
-1.73028e-05
-9.9702e-06
-9.97032e-06
-1.72724e-05
-9.9702e-06
-9.97032e-06
-1.72437e-05
-9.9702e-06
-9.97032e-06
-1.72167e-05
-9.9702e-06
-9.97032e-06
-1.71913e-05
-9.9702e-06
-9.97031e-06
-1.71675e-05
-9.9702e-06
-9.97031e-06
-1.71452e-05
-9.9702e-06
-9.97031e-06
-1.71243e-05
-9.9702e-06
-9.97031e-06
-1.71049e-05
-9.9702e-06
-9.97031e-06
-1.70868e-05
-9.9702e-06
-9.97031e-06
-1.707e-05
-9.9702e-06
-9.97031e-06
-1.70545e-05
-9.9702e-06
-9.97031e-06
-1.704e-05
-9.9702e-06
-9.97031e-06
-1.70267e-05
-9.9702e-06
-9.97031e-06
-1.70143e-05
-9.9702e-06
-9.97031e-06
-1.70029e-05
-9.9702e-06
-9.97031e-06
-1.69924e-05
-9.9702e-06
-9.97031e-06
-1.69826e-05
-9.9702e-06
-9.97031e-06
-1.69736e-05
-9.9702e-06
-9.97031e-06
-1.69652e-05
-9.9702e-06
-9.97031e-06
-1.69574e-05
-9.9702e-06
-9.97031e-06
-1.69501e-05
-9.9702e-06
-9.97031e-06
-1.69433e-05
-9.9702e-06
-9.97031e-06
-1.69368e-05
-9.9702e-06
-9.97031e-06
-1.69307e-05
-9.9702e-06
-9.97031e-06
-1.69248e-05
-9.9702e-06
-9.97031e-06
-1.6919e-05
-9.9702e-06
-9.97031e-06
-1.69134e-05
-9.9702e-06
-9.97031e-06
-1.69079e-05
-9.9702e-06
-9.97031e-06
-1.69023e-05
-9.9702e-06
-9.97031e-06
-1.68967e-05
-9.9702e-06
-9.97031e-06
-1.68911e-05
-9.9702e-06
-9.97031e-06
-1.68852e-05
-9.9702e-06
-9.97031e-06
-1.68792e-05
-9.9702e-06
-9.97031e-06
-1.6873e-05
-9.9702e-06
-9.97031e-06
-1.68665e-05
-9.9702e-06
-9.97031e-06
-1.68596e-05
-9.9702e-06
-9.97031e-06
-1.68525e-05
-9.9702e-06
-9.97031e-06
-1.6845e-05
-9.9702e-06
-9.97031e-06
-1.68371e-05
-9.9702e-06
-9.97031e-06
-1.68288e-05
-9.9702e-06
-9.97031e-06
-1.68201e-05
-9.9702e-06
-9.97031e-06
-1.68109e-05
-9.9702e-06
-9.97031e-06
-1.68014e-05
-9.9702e-06
-9.97031e-06
-1.67913e-05
-9.9702e-06
-9.97031e-06
-1.67809e-05
-9.9702e-06
-9.97031e-06
-1.67699e-05
-9.9702e-06
-9.97031e-06
-1.67586e-05
-9.9702e-06
-9.97031e-06
-1.67468e-05
-9.9702e-06
-9.97031e-06
-1.67346e-05
-9.9702e-06
-9.97031e-06
-1.6722e-05
-9.9702e-06
-9.97031e-06
-1.6709e-05
-9.9702e-06
-9.97031e-06
-1.66956e-05
-9.9702e-06
-9.97031e-06
-1.66819e-05
-9.9702e-06
-9.97031e-06
-1.6668e-05
-9.9702e-06
-9.97031e-06
-1.66537e-05
-9.9702e-06
-9.97031e-06
-1.66392e-05
-9.9702e-06
-9.97031e-06
-1.66245e-05
-9.9702e-06
-9.97031e-06
-1.66096e-05
-9.9702e-06
-9.97031e-06
-1.65946e-05
-9.9702e-06
-9.97031e-06
-1.65795e-05
-9.9702e-06
-9.97031e-06
-1.65644e-05
-9.9702e-06
-9.97031e-06
-1.65493e-05
-9.9702e-06
-9.97031e-06
-1.65343e-05
-9.9702e-06
-9.97031e-06
-1.65194e-05
-9.9702e-06
-9.97031e-06
-1.65046e-05
-9.9702e-06
-9.97031e-06
-1.64901e-05
-9.9702e-06
-9.97031e-06
-1.64759e-05
-9.9702e-06
-9.97031e-06
-1.6462e-05
-9.9702e-06
-9.97031e-06
-1.64484e-05
-9.9702e-06
-9.97031e-06
-1.64354e-05
-9.9702e-06
-9.97031e-06
-1.64228e-05
-9.9702e-06
-9.9703e-06
-1.64108e-05
-9.9702e-06
-9.9703e-06
-1.63995e-05
-9.9702e-06
-9.9703e-06
-1.63888e-05
-9.9702e-06
-9.9703e-06
-1.63789e-05
-9.9702e-06
-9.9703e-06
-1.63698e-05
-9.9702e-06
-9.9703e-06
-1.63615e-05
-9.9702e-06
-9.9703e-06
-1.63542e-05
-9.9702e-06
-9.9703e-06
-1.63479e-05
-9.9702e-06
-9.9703e-06
-1.63426e-05
-9.9702e-06
-9.9703e-06
-1.63383e-05
-9.9702e-06
-9.9703e-06
-1.63353e-05
-9.9702e-06
-9.9703e-06
-1.63334e-05
-9.9702e-06
-9.9703e-06
-1.63328e-05
-9.9702e-06
-9.9703e-06
-1.63336e-05
-9.9702e-06
-9.9703e-06
-1.63356e-05
-9.9702e-06
-9.9703e-06
-1.63391e-05
-9.9702e-06
-9.9703e-06
-1.6344e-05
-9.9702e-06
-9.9703e-06
-1.63505e-05
-9.9702e-06
-9.9703e-06
-1.63584e-05
-9.9702e-06
-9.9703e-06
-1.6368e-05
-9.9702e-06
-9.9703e-06
-1.63791e-05
-9.9702e-06
-9.9703e-06
-1.6392e-05
-9.9702e-06
-9.9703e-06
-1.64065e-05
-9.9702e-06
-9.9703e-06
-1.64227e-05
-9.9702e-06
-9.9703e-06
-1.64407e-05
-9.9702e-06
-9.9703e-06
-1.64604e-05
-9.9702e-06
-9.9703e-06
-1.6482e-05
-9.9702e-06
-9.9703e-06
-1.65053e-05
-9.9702e-06
-9.9703e-06
-1.65305e-05
-9.9702e-06
-9.9703e-06
-1.65575e-05
-9.9702e-06
-9.9703e-06
-1.65864e-05
-9.9702e-06
-9.9703e-06
-1.66172e-05
-9.9702e-06
-9.9703e-06
-1.66498e-05
-9.9702e-06
-9.9703e-06
-1.66842e-05
-9.9702e-06
-9.9703e-06
-1.67206e-05
-9.9702e-06
-9.9703e-06
-1.67588e-05
-9.9702e-06
-9.9703e-06
-1.67988e-05
-9.9702e-06
-9.9703e-06
-1.68407e-05
-9.9702e-06
-9.9703e-06
-1.68845e-05
-9.9702e-06
-9.9703e-06
-1.693e-05
-9.9702e-06
-9.9703e-06
-1.69773e-05
-9.9702e-06
-9.97031e-06
-1.70263e-05
-9.9702e-06
-9.97031e-06
-1.70771e-05
-9.9702e-06
-9.97031e-06
-1.71296e-05
-9.9702e-06
-9.97031e-06
-1.71837e-05
-9.9702e-06
-9.97031e-06
-1.72395e-05
-9.9702e-06
-9.97031e-06
-1.72968e-05
-9.9702e-06
-9.97031e-06
-1.73557e-05
-9.9702e-06
-9.97031e-06
-1.7416e-05
-9.9702e-06
-9.97031e-06
-1.74778e-05
-9.9702e-06
-9.97031e-06
-1.7541e-05
-9.9702e-06
-9.97032e-06
-1.76054e-05
-9.9702e-06
-9.97032e-06
-1.76712e-05
-9.9702e-06
-9.97032e-06
-1.77381e-05
-9.9702e-06
-9.97032e-06
-1.78062e-05
-9.9702e-06
-9.97032e-06
-1.78754e-05
-9.9702e-06
-9.97032e-06
-1.79456e-05
-9.9702e-06
-9.97032e-06
-1.80166e-05
-9.9702e-06
-9.97032e-06
-1.80886e-05
-9.9702e-06
-9.97033e-06
-1.81613e-05
-9.9702e-06
-9.97033e-06
-1.82348e-05
-9.9702e-06
-9.97033e-06
-1.83089e-05
-9.9702e-06
-9.97033e-06
-1.83835e-05
-9.9702e-06
-9.97033e-06
-1.84587e-05
-9.9702e-06
-9.97033e-06
-1.85342e-05
-9.9702e-06
-9.97033e-06
-1.861e-05
-9.9702e-06
-9.97034e-06
-1.86861e-05
-9.9702e-06
-9.97034e-06
-1.87624e-05
-9.9702e-06
-9.97034e-06
-1.88387e-05
-9.9702e-06
-9.97034e-06
-1.8915e-05
-9.9702e-06
-9.97034e-06
-1.89912e-05
-9.9702e-06
-9.97034e-06
-1.90673e-05
-9.9702e-06
-9.97035e-06
-1.91431e-05
-9.9702e-06
-9.97035e-06
-1.92187e-05
-9.9702e-06
-9.97035e-06
-1.92938e-05
-9.9702e-06
-9.97035e-06
-1.93684e-05
-9.9702e-06
-9.97035e-06
-1.94426e-05
-9.9702e-06
-9.97036e-06
-1.95161e-05
-9.9702e-06
-9.97036e-06
-1.95889e-05
-9.9702e-06
-9.97036e-06
-1.9661e-05
-9.9702e-06
-9.97036e-06
-1.97323e-05
-9.9702e-06
-9.97036e-06
-1.98027e-05
-9.9702e-06
-9.97036e-06
-1.98722e-05
-9.9702e-06
-9.97037e-06
-1.99407e-05
-9.9702e-06
-9.97037e-06
-2.00082e-05
-9.9702e-06
-9.97037e-06
-2.00746e-05
-9.9702e-06
-9.97037e-06
-2.01398e-05
-9.9702e-06
-9.97037e-06
-2.02039e-05
-9.9702e-06
-9.97038e-06
-2.02668e-05
-9.9702e-06
-9.97038e-06
-2.03284e-05
-9.9702e-06
-9.97038e-06
-2.03887e-05
-9.9702e-06
-9.97038e-06
-2.04477e-05
-9.9702e-06
-9.97038e-06
-2.05053e-05
-9.9702e-06
-9.97038e-06
-2.05616e-05
-9.9702e-06
-9.97039e-06
-2.06166e-05
-9.9702e-06
-9.97039e-06
-2.06701e-05
-9.9702e-06
-9.97039e-06
-2.07223e-05
-9.9702e-06
-9.97039e-06
-2.0773e-05
-9.9702e-06
-9.97039e-06
-2.08223e-05
-9.9702e-06
-9.97039e-06
-2.08702e-05
-9.9702e-06
-9.9704e-06
-2.09167e-05
-9.9702e-06
-9.9704e-06
-2.09618e-05
-9.9702e-06
-9.9704e-06
-2.10056e-05
-9.9702e-06
-9.9704e-06
-2.1048e-05
-9.9702e-06
-2.06415e-05
-9.9702e-06
-2.07393e-05
-9.9702e-06
-2.08461e-05
-9.9702e-06
-2.09404e-05
-9.9702e-06
-2.10218e-05
-9.9702e-06
-2.11017e-05
-9.9702e-06
-2.11326e-05
-9.9702e-06
-2.1264e-05
-9.9702e-06
-2.13373e-05
-9.9702e-06
-1.04067e-05
-1.04067e-05
-1.04067e-05
-9.9702e-06
-2.44554e-05
-9.9702e-06
-2.46613e-05
-9.9702e-06
-2.47382e-05
-9.9702e-06
-2.47908e-05
-9.9702e-06
-2.48356e-05
-9.9702e-06
-2.48769e-05
-9.9702e-06
-2.49166e-05
-9.9702e-06
-2.49556e-05
-9.9702e-06
-2.49943e-05
-9.9702e-06
-2.50329e-05
-9.9702e-06
-2.50717e-05
-9.9702e-06
-9.97042e-06
-2.51107e-05
-9.9702e-06
-9.97042e-06
-2.5135e-05
-9.9702e-06
-9.97042e-06
-2.52029e-05
-9.9702e-06
-9.97043e-06
-2.52659e-05
-9.9702e-06
-9.97043e-06
-2.53206e-05
-9.9702e-06
-9.97043e-06
-2.53682e-05
-9.9702e-06
-9.97043e-06
-2.54105e-05
-9.9702e-06
-9.97043e-06
-2.54489e-05
-9.9702e-06
-9.97043e-06
-2.54843e-05
-9.9702e-06
-9.97043e-06
-2.55177e-05
-9.9702e-06
-9.97043e-06
-2.55496e-05
-9.9702e-06
-9.97043e-06
-2.55804e-05
-9.9702e-06
-9.97043e-06
-2.56104e-05
-9.9702e-06
-9.97043e-06
-2.564e-05
-9.9702e-06
-9.97043e-06
-2.56691e-05
-9.9702e-06
-9.97043e-06
-2.5698e-05
-9.9702e-06
-9.97043e-06
-2.57268e-05
-9.9702e-06
-9.97043e-06
-2.57556e-05
-9.9702e-06
-9.97043e-06
-2.57844e-05
-9.9702e-06
-9.97043e-06
-2.58132e-05
-9.9702e-06
-9.97043e-06
-2.58422e-05
-9.9702e-06
-9.97043e-06
-2.58714e-05
-9.9702e-06
-9.97044e-06
-2.59007e-05
-9.9702e-06
-9.97044e-06
-2.59303e-05
-9.9702e-06
-9.97044e-06
-2.59602e-05
-9.9702e-06
-9.97044e-06
-2.59903e-05
-9.9702e-06
-9.97044e-06
-2.60207e-05
-9.9702e-06
-9.97044e-06
-2.60513e-05
-9.9702e-06
-9.97044e-06
-2.60823e-05
-9.9702e-06
-9.97044e-06
-2.61136e-05
-9.9702e-06
-9.97044e-06
-2.61451e-05
-9.9702e-06
-9.97044e-06
-2.61769e-05
-9.9702e-06
-9.97044e-06
-2.6209e-05
-9.9702e-06
-9.97044e-06
-2.62414e-05
-9.9702e-06
-9.97044e-06
-2.6274e-05
-9.9702e-06
-9.97044e-06
-2.63068e-05
-9.9702e-06
-9.97044e-06
-2.63397e-05
-9.9702e-06
-9.97044e-06
-2.63728e-05
-9.9702e-06
-9.97044e-06
-2.64061e-05
-9.9702e-06
-9.97044e-06
-2.64394e-05
-9.9702e-06
-9.97044e-06
-2.64728e-05
-9.9702e-06
-9.97044e-06
-2.65061e-05
-9.9702e-06
-9.97044e-06
-2.65394e-05
-9.9702e-06
-9.97045e-06
-2.65726e-05
-9.9702e-06
-9.97045e-06
-2.66057e-05
-9.9702e-06
-9.97045e-06
-2.66385e-05
-9.9702e-06
-9.97045e-06
-2.66711e-05
-9.9702e-06
-9.97045e-06
-2.67033e-05
-9.9702e-06
-9.97045e-06
-2.67351e-05
-9.9702e-06
-9.97045e-06
-2.67665e-05
-9.9702e-06
-9.97045e-06
-2.67973e-05
-9.9702e-06
-9.97045e-06
-2.68275e-05
-9.9702e-06
-9.97045e-06
-2.68571e-05
-9.9702e-06
-9.97045e-06
-2.68859e-05
-9.9702e-06
-9.97045e-06
-2.69139e-05
-9.9702e-06
-9.97045e-06
-2.6941e-05
-9.9702e-06
-9.97045e-06
-2.69671e-05
-9.9702e-06
-9.97045e-06
-2.69922e-05
-9.9702e-06
-9.97045e-06
-2.70161e-05
-9.9702e-06
-9.97045e-06
-2.70389e-05
-9.9702e-06
-9.97045e-06
-2.70603e-05
-9.9702e-06
-9.97045e-06
-2.70804e-05
-9.9702e-06
-9.97045e-06
-2.7099e-05
-9.9702e-06
-9.97045e-06
-2.71161e-05
-9.9702e-06
-9.97045e-06
-2.71316e-05
-9.9702e-06
-9.97045e-06
-2.71454e-05
-9.9702e-06
-9.97045e-06
-2.71574e-05
-9.9702e-06
-9.97045e-06
-2.71676e-05
-9.9702e-06
-9.97045e-06
-2.71758e-05
-9.9702e-06
-9.97045e-06
-2.71821e-05
-9.9702e-06
-9.97045e-06
-2.71863e-05
-9.9702e-06
-9.97045e-06
-2.71883e-05
-9.9702e-06
-9.97045e-06
-2.71881e-05
-9.9702e-06
-9.97045e-06
-2.71856e-05
-9.9702e-06
-9.97045e-06
-2.71807e-05
-9.9702e-06
-9.97045e-06
-2.71734e-05
-9.9702e-06
-9.97045e-06
-2.71636e-05
-9.9702e-06
-9.97045e-06
-2.71513e-05
-9.9702e-06
-9.97045e-06
-2.71363e-05
-9.9702e-06
-9.97045e-06
-2.71186e-05
-9.9702e-06
-9.97045e-06
-2.70983e-05
-9.9702e-06
-9.97045e-06
-2.70751e-05
-9.9702e-06
-9.97045e-06
-2.70491e-05
-9.9702e-06
-9.97045e-06
-2.70201e-05
-9.9702e-06
-9.97045e-06
-2.69883e-05
-9.9702e-06
-9.97045e-06
-2.69535e-05
-9.9702e-06
-9.97045e-06
-2.69156e-05
-9.9702e-06
-9.97045e-06
-2.68747e-05
-9.9702e-06
-9.97045e-06
-2.68308e-05
-9.9702e-06
-9.97045e-06
-2.67837e-05
-9.9702e-06
-9.97045e-06
-2.67335e-05
-9.9702e-06
-9.97045e-06
-2.66801e-05
-9.9702e-06
-9.97045e-06
-2.66235e-05
-9.9702e-06
-9.97044e-06
-2.65638e-05
-9.9702e-06
-9.97044e-06
-2.65009e-05
-9.9702e-06
-9.97044e-06
-2.64347e-05
-9.9702e-06
-9.97044e-06
-2.63653e-05
-9.9702e-06
-9.97044e-06
-2.62928e-05
-9.9702e-06
-9.97044e-06
-2.6217e-05
-9.9702e-06
-9.97044e-06
-2.6138e-05
-9.9702e-06
-9.97044e-06
-2.60559e-05
-9.9702e-06
-9.97044e-06
-2.59705e-05
-9.9702e-06
-9.97043e-06
-2.58821e-05
-9.9702e-06
-9.97043e-06
-2.57905e-05
-9.9702e-06
-9.97043e-06
-2.56958e-05
-9.9702e-06
-9.97043e-06
-2.55981e-05
-9.9702e-06
-9.97043e-06
-2.54973e-05
-9.9702e-06
-9.97043e-06
-2.53936e-05
-9.9702e-06
-9.97043e-06
-2.52869e-05
-9.9702e-06
-9.97042e-06
-2.51773e-05
-9.9702e-06
-9.97042e-06
-2.50649e-05
-9.9702e-06
-9.97042e-06
-2.49497e-05
-9.9702e-06
-9.97042e-06
-2.48318e-05
-9.9702e-06
-9.97042e-06
-2.47112e-05
-9.9702e-06
-9.97042e-06
-2.4588e-05
-9.9702e-06
-9.97041e-06
-2.44623e-05
-9.9702e-06
-9.97041e-06
-2.43342e-05
-9.9702e-06
-9.97041e-06
-2.42037e-05
-9.9702e-06
-9.97041e-06
-2.40709e-05
-9.9702e-06
-9.97041e-06
-2.39359e-05
-9.9702e-06
-9.9704e-06
-2.37988e-05
-9.9702e-06
-9.9704e-06
-2.36596e-05
-9.9702e-06
-9.9704e-06
-2.35185e-05
-9.9702e-06
-9.9704e-06
-2.33755e-05
-9.9702e-06
-9.9704e-06
-2.32308e-05
-9.9702e-06
-9.97039e-06
-2.30845e-05
-9.9702e-06
-9.97039e-06
-2.29365e-05
-9.9702e-06
-9.97039e-06
-2.27872e-05
-9.9702e-06
-9.97039e-06
-2.26365e-05
-9.9702e-06
-9.97038e-06
-2.24846e-05
-9.9702e-06
-9.97038e-06
-2.23315e-05
-9.9702e-06
-9.97038e-06
-2.21774e-05
-9.9702e-06
-9.97038e-06
-2.20224e-05
-9.9702e-06
-9.97037e-06
-2.18667e-05
-9.9702e-06
-9.97037e-06
-2.17102e-05
-9.9702e-06
-9.97037e-06
-2.15532e-05
-9.9702e-06
-9.97037e-06
-2.13957e-05
-9.9702e-06
-9.97037e-06
-2.12379e-05
-9.9702e-06
-9.97036e-06
-2.10799e-05
-9.9702e-06
-9.97036e-06
-2.09218e-05
-9.9702e-06
-9.97036e-06
-2.07637e-05
-9.9702e-06
-9.97036e-06
-2.06057e-05
-9.9702e-06
-9.97035e-06
-2.0448e-05
-9.9702e-06
-9.97035e-06
-2.02906e-05
-9.9702e-06
-9.97035e-06
-2.01337e-05
-9.9702e-06
-9.97035e-06
-1.99774e-05
-9.9702e-06
-9.97034e-06
-1.98217e-05
-9.9702e-06
-9.97034e-06
-1.96669e-05
-9.9702e-06
-9.97034e-06
-1.9513e-05
-9.9702e-06
-9.97034e-06
-1.93601e-05
-9.9702e-06
-9.97034e-06
-1.92083e-05
-9.9702e-06
-9.97033e-06
-1.90577e-05
-9.9702e-06
-9.97033e-06
-1.89085e-05
-9.9702e-06
-9.97033e-06
-1.87607e-05
-9.9702e-06
-9.97033e-06
-1.86144e-05
-9.9702e-06
-9.97032e-06
-1.84698e-05
-9.9702e-06
-9.97032e-06
-1.83268e-05
-9.9702e-06
-9.97032e-06
-1.81857e-05
-9.9702e-06
-9.97032e-06
-1.80464e-05
-9.9702e-06
-9.97032e-06
-1.79091e-05
-9.9702e-06
-9.97031e-06
-1.77738e-05
-9.9702e-06
-9.97031e-06
-1.76407e-05
-9.9702e-06
-9.97031e-06
-1.75098e-05
-9.9702e-06
-9.97031e-06
-1.73811e-05
-9.9702e-06
-9.97031e-06
-1.72547e-05
-9.9702e-06
-9.9703e-06
-1.71308e-05
-9.9702e-06
-9.9703e-06
-1.70093e-05
-9.9702e-06
-9.9703e-06
-1.68903e-05
-9.9702e-06
-9.9703e-06
-1.67739e-05
-9.9702e-06
-9.9703e-06
-1.66601e-05
-9.9702e-06
-9.9703e-06
-1.6549e-05
-9.9702e-06
-9.97029e-06
-1.64405e-05
-9.9702e-06
-9.97029e-06
-1.63348e-05
-9.9702e-06
-9.97029e-06
-1.62319e-05
-9.9702e-06
-9.97029e-06
-1.61317e-05
-9.9702e-06
-9.97029e-06
-1.60344e-05
-9.9702e-06
-9.97029e-06
-1.594e-05
-9.9702e-06
-9.97029e-06
-1.58484e-05
-9.9702e-06
-9.97028e-06
-1.57597e-05
-9.9702e-06
-9.97028e-06
-1.56738e-05
-9.9702e-06
-9.97028e-06
-1.55909e-05
-9.9702e-06
-9.97028e-06
-1.55109e-05
-9.9702e-06
-9.97028e-06
-1.54338e-05
-9.9702e-06
-9.97028e-06
-1.53596e-05
-9.9702e-06
-9.97028e-06
-1.52883e-05
-9.9702e-06
-9.97028e-06
-1.52199e-05
-9.9702e-06
-9.97027e-06
-1.51544e-05
-9.9702e-06
-9.97027e-06
-1.50918e-05
-9.9702e-06
-9.97027e-06
-1.5032e-05
-9.9702e-06
-9.97027e-06
-1.4975e-05
-9.9702e-06
-9.97027e-06
-1.49208e-05
-9.9702e-06
-9.97027e-06
-1.48694e-05
-9.9702e-06
-9.97027e-06
-1.48207e-05
-9.9702e-06
-9.97027e-06
-1.47748e-05
-9.9702e-06
-9.97027e-06
-1.47315e-05
-9.9702e-06
-9.97027e-06
-1.46909e-05
-9.9702e-06
-9.97027e-06
-1.46529e-05
-9.9702e-06
-9.97027e-06
-1.46175e-05
-9.9702e-06
-9.97027e-06
-1.45846e-05
-9.9702e-06
-9.97027e-06
-1.45541e-05
-9.9702e-06
-9.97027e-06
-1.45261e-05
-9.9702e-06
-9.97027e-06
-1.45006e-05
-9.9702e-06
-9.97026e-06
-1.44773e-05
-9.9702e-06
-9.97026e-06
-1.44563e-05
-9.9702e-06
-9.97026e-06
-1.44376e-05
-9.9702e-06
-9.97026e-06
-1.44211e-05
-9.9702e-06
-9.97026e-06
-1.44068e-05
-9.9702e-06
-9.97026e-06
-1.43945e-05
-9.9702e-06
-9.97026e-06
-1.43843e-05
-9.9702e-06
-9.97026e-06
-1.43761e-05
-9.9702e-06
-9.97026e-06
-1.43698e-05
-9.9702e-06
-9.97026e-06
-1.43654e-05
-9.9702e-06
-9.97026e-06
-1.43629e-05
-9.9702e-06
-9.97026e-06
-1.43621e-05
-9.9702e-06
-9.97026e-06
-1.43631e-05
-9.9702e-06
-9.97026e-06
-1.43658e-05
-9.9702e-06
-9.97026e-06
-1.43701e-05
-9.9702e-06
-9.97026e-06
-1.4376e-05
-9.9702e-06
-9.97026e-06
-1.43835e-05
-9.9702e-06
-9.97026e-06
-1.43924e-05
-9.9702e-06
-9.97026e-06
-1.44028e-05
-9.9702e-06
-9.97026e-06
-1.44146e-05
-9.9702e-06
-9.97026e-06
-1.44277e-05
-9.9702e-06
-9.97026e-06
-1.44422e-05
-9.9702e-06
-9.97026e-06
-1.4458e-05
-9.9702e-06
-9.97026e-06
-1.4475e-05
-9.9702e-06
-9.97027e-06
-1.44932e-05
-9.9702e-06
-9.97027e-06
-1.45126e-05
-9.9702e-06
-9.97027e-06
-1.45331e-05
-9.9702e-06
-9.97027e-06
-1.45548e-05
-9.9702e-06
-9.97027e-06
-1.45775e-05
-9.9702e-06
-9.97027e-06
-1.46012e-05
-9.9702e-06
-9.97027e-06
-1.4626e-05
-9.9702e-06
-9.97027e-06
-1.46518e-05
-9.9702e-06
-9.97027e-06
-1.46786e-05
-9.9702e-06
-9.97027e-06
-1.47063e-05
-9.9702e-06
-9.97027e-06
-1.47349e-05
-9.9702e-06
-9.97027e-06
-1.47645e-05
-9.9702e-06
-9.97027e-06
-1.4795e-05
-9.9702e-06
-9.97027e-06
-1.48264e-05
-9.9702e-06
-9.97027e-06
-1.48586e-05
-9.9702e-06
-9.97027e-06
-1.48918e-05
-9.9702e-06
-9.97027e-06
-1.49258e-05
-9.9702e-06
-9.97027e-06
-1.49607e-05
-9.9702e-06
-9.97027e-06
-1.49965e-05
-9.9702e-06
-9.97027e-06
-1.50331e-05
-9.9702e-06
-9.97027e-06
-1.50706e-05
-9.9702e-06
-9.97027e-06
-1.5109e-05
-9.9702e-06
-9.97027e-06
-1.51482e-05
-9.9702e-06
-9.97028e-06
-1.51883e-05
-9.9702e-06
-9.97028e-06
-1.52293e-05
-9.9702e-06
-9.97028e-06
-1.52713e-05
-9.9702e-06
-9.97028e-06
-1.53141e-05
-9.9702e-06
-9.97028e-06
-1.53578e-05
-9.9702e-06
-9.97028e-06
-1.54025e-05
-9.9702e-06
-9.97028e-06
-1.54482e-05
-9.9702e-06
-9.97028e-06
-1.54948e-05
-9.9702e-06
-9.97028e-06
-1.55424e-05
-9.9702e-06
-9.97028e-06
-1.5591e-05
-9.9702e-06
-9.97028e-06
-1.56406e-05
-9.9702e-06
-9.97028e-06
-1.56912e-05
-9.9702e-06
-9.97028e-06
-1.57429e-05
-9.9702e-06
-9.97028e-06
-1.57957e-05
-9.9702e-06
-9.97029e-06
-1.58496e-05
-9.9702e-06
-9.97029e-06
-1.59046e-05
-9.9702e-06
-9.97029e-06
-1.59608e-05
-9.9702e-06
-9.97029e-06
-1.60181e-05
-9.9702e-06
-9.97029e-06
-1.60766e-05
-9.9702e-06
-9.97029e-06
-1.61364e-05
-9.9702e-06
-9.97029e-06
-1.61973e-05
-9.9702e-06
-9.97029e-06
-1.62595e-05
-9.9702e-06
-9.97029e-06
-1.6323e-05
-9.9702e-06
-9.97029e-06
-1.63877e-05
-9.9702e-06
-9.97029e-06
-1.64538e-05
-9.9702e-06
-9.9703e-06
-1.65212e-05
-9.9702e-06
-9.9703e-06
-1.659e-05
-9.9702e-06
-9.9703e-06
-1.66601e-05
-9.9702e-06
-9.9703e-06
-1.67316e-05
-9.9702e-06
-9.9703e-06
-1.68044e-05
-9.9702e-06
-9.9703e-06
-1.68787e-05
-9.9702e-06
-9.9703e-06
-1.69544e-05
-9.9702e-06
-9.9703e-06
-1.70316e-05
-9.9702e-06
-9.9703e-06
-1.71101e-05
-9.9702e-06
-9.97031e-06
-1.71901e-05
-9.9702e-06
-9.97031e-06
-1.72716e-05
-9.9702e-06
-9.97031e-06
-1.73545e-05
-9.9702e-06
-9.97031e-06
-1.74389e-05
-9.9702e-06
-9.97031e-06
-1.75247e-05
-9.9702e-06
-9.97031e-06
-1.76119e-05
-9.9702e-06
-9.97031e-06
-1.77006e-05
-9.9702e-06
-9.97031e-06
-1.77908e-05
-9.9702e-06
-9.97032e-06
-1.78824e-05
-9.9702e-06
-9.97032e-06
-1.79754e-05
-9.9702e-06
-9.97032e-06
-1.80698e-05
-9.9702e-06
-9.97032e-06
-1.81655e-05
-9.9702e-06
-9.97032e-06
-1.82627e-05
-9.9702e-06
-9.97032e-06
-1.83612e-05
-9.9702e-06
-9.97032e-06
-1.8461e-05
-9.9702e-06
-9.97033e-06
-1.85621e-05
-9.9702e-06
-9.97033e-06
-1.86645e-05
-9.9702e-06
-9.97033e-06
-1.87681e-05
-9.9702e-06
-1.88728e-05
-9.9702e-06
-1.90412e-05
-9.9702e-06
-1.91131e-05
-9.9702e-06
-1.91836e-05
-9.9702e-06
-1.92602e-05
-9.9702e-06
-1.93419e-05
-9.9702e-06
-1.94272e-05
-9.9702e-06
-1.95151e-05
-9.9702e-06
-1.9605e-05
-9.9702e-06
-1.96965e-05
-9.9702e-06
-1.97892e-05
-9.9702e-06
-1.9883e-05
-9.9702e-06
-1.99777e-05
-9.9702e-06
-2.00733e-05
-9.9702e-06
-2.01697e-05
-9.9702e-06
-2.02669e-05
-9.9702e-06
-2.03648e-05
-9.9702e-06
-2.04635e-05
-9.9702e-06
-2.05629e-05
-9.9702e-06
-2.0663e-05
-9.9702e-06
-2.07638e-05
-9.9702e-06
-2.08653e-05
-9.9702e-06
-2.09675e-05
-9.9702e-06
-2.10704e-05
-9.9702e-06
-2.1174e-05
-9.9702e-06
-2.12783e-05
-9.9702e-06
-2.13833e-05
-9.9702e-06
-2.14889e-05
-9.9702e-06
-2.15952e-05
-9.9702e-06
-2.17021e-05
-9.9702e-06
-2.18097e-05
-9.9702e-06
-2.19178e-05
-9.9702e-06
-2.20266e-05
-9.9702e-06
-2.21279e-05
-9.9702e-06
-2.22432e-05
-9.9702e-06
-2.23542e-05
-9.9702e-06
-2.24654e-05
-9.9702e-06
-1e-05
-1e-05
-9.97542e-06
-1.97362e-05
-9.9702e-06
-1.98409e-05
-9.9702e-06
-1.98702e-05
-9.9702e-06
-1.99043e-05
-9.9702e-06
-1.99509e-05
-9.9702e-06
-1.99714e-05
-9.9702e-06
-2.00059e-05
-9.9702e-06
-2.00298e-05
-9.9702e-06
-2.0056e-05
-9.9702e-06
-2.00817e-05
-9.9702e-06
-9.97039e-06
-2.09446e-05
-9.9702e-06
-9.97039e-06
-2.11685e-05
-9.9702e-06
-9.97039e-06
-2.11996e-05
-9.9702e-06
-9.97039e-06
-2.1273e-05
-9.9702e-06
-9.97039e-06
-2.13484e-05
-9.9702e-06
-9.97039e-06
-2.14239e-05
-9.9702e-06
-9.97039e-06
-2.14986e-05
-9.9702e-06
-9.97039e-06
-2.15722e-05
-9.9702e-06
-9.97039e-06
-2.16442e-05
-9.9702e-06
-9.97039e-06
-2.17144e-05
-9.9702e-06
-9.97039e-06
-2.17826e-05
-9.9702e-06
-9.97039e-06
-2.18486e-05
-9.9702e-06
-9.97039e-06
-2.19124e-05
-9.9702e-06
-9.97039e-06
-2.19739e-05
-9.9702e-06
-9.97039e-06
-2.2033e-05
-9.9702e-06
-9.97039e-06
-2.20895e-05
-9.9702e-06
-9.97039e-06
-2.21435e-05
-9.9702e-06
-9.97039e-06
-2.21949e-05
-9.9702e-06
-9.97039e-06
-2.22436e-05
-9.9702e-06
-9.97039e-06
-2.22895e-05
-9.9702e-06
-9.97039e-06
-2.23328e-05
-9.9702e-06
-9.97039e-06
-2.23732e-05
-9.9702e-06
-9.97039e-06
-2.24109e-05
-9.9702e-06
-9.97039e-06
-2.24457e-05
-9.9702e-06
-9.97039e-06
-2.24776e-05
-9.9702e-06
-9.97039e-06
-2.25066e-05
-9.9702e-06
-9.97039e-06
-2.25327e-05
-9.9702e-06
-9.97039e-06
-2.2556e-05
-9.9702e-06
-9.97039e-06
-2.25763e-05
-9.9702e-06
-9.97039e-06
-2.25936e-05
-9.9702e-06
-9.97038e-06
-2.26081e-05
-9.9702e-06
-9.97038e-06
-2.26196e-05
-9.9702e-06
-9.97038e-06
-2.26281e-05
-9.9702e-06
-9.97038e-06
-2.26338e-05
-9.9702e-06
-9.97038e-06
-2.26366e-05
-9.9702e-06
-9.97038e-06
-2.26364e-05
-9.9702e-06
-9.97038e-06
-2.26335e-05
-9.9702e-06
-9.97038e-06
-2.26276e-05
-9.9702e-06
-9.97038e-06
-2.2619e-05
-9.9702e-06
-9.97038e-06
-2.26075e-05
-9.9702e-06
-9.97038e-06
-2.25933e-05
-9.9702e-06
-9.97037e-06
-2.25763e-05
-9.9702e-06
-9.97037e-06
-2.25566e-05
-9.9702e-06
-9.97037e-06
-2.25343e-05
-9.9702e-06
-9.97037e-06
-2.25093e-05
-9.9702e-06
-9.97037e-06
-2.24818e-05
-9.9702e-06
-9.97037e-06
-2.24517e-05
-9.9702e-06
-9.97037e-06
-2.24192e-05
-9.9702e-06
-9.97037e-06
-2.23841e-05
-9.9702e-06
-9.97037e-06
-2.23467e-05
-9.9702e-06
-9.97036e-06
-2.23069e-05
-9.9702e-06
-9.97036e-06
-2.22648e-05
-9.9702e-06
-9.97036e-06
-2.22205e-05
-9.9702e-06
-9.97036e-06
-2.2174e-05
-9.9702e-06
-9.97036e-06
-2.21253e-05
-9.9702e-06
-9.97036e-06
-2.20746e-05
-9.9702e-06
-9.97036e-06
-2.20218e-05
-9.9702e-06
-9.97036e-06
-2.19671e-05
-9.9702e-06
-9.97035e-06
-2.19104e-05
-9.9702e-06
-9.97035e-06
-2.18519e-05
-9.9702e-06
-9.97035e-06
-2.17916e-05
-9.9702e-06
-9.97035e-06
-2.17296e-05
-9.9702e-06
-9.97035e-06
-2.16659e-05
-9.9702e-06
-9.97035e-06
-2.16006e-05
-9.9702e-06
-9.97035e-06
-2.15337e-05
-9.9702e-06
-9.97034e-06
-2.14654e-05
-9.9702e-06
-9.97034e-06
-2.13956e-05
-9.9702e-06
-9.97034e-06
-2.13244e-05
-9.9702e-06
-9.97034e-06
-2.12519e-05
-9.9702e-06
-9.97034e-06
-2.11782e-05
-9.9702e-06
-9.97034e-06
-2.11032e-05
-9.9702e-06
-9.97034e-06
-2.10272e-05
-9.9702e-06
-9.97033e-06
-2.095e-05
-9.9702e-06
-9.97033e-06
-2.08719e-05
-9.9702e-06
-9.97033e-06
-2.07928e-05
-9.9702e-06
-9.97033e-06
-2.07128e-05
-9.9702e-06
-9.97033e-06
-2.06319e-05
-9.9702e-06
-9.97033e-06
-2.05503e-05
-9.9702e-06
-9.97033e-06
-2.0468e-05
-9.9702e-06
-9.97033e-06
-2.0385e-05
-9.9702e-06
-9.97032e-06
-2.03014e-05
-9.9702e-06
-9.97032e-06
-2.02172e-05
-9.9702e-06
-9.97032e-06
-2.01326e-05
-9.9702e-06
-9.97032e-06
-2.00475e-05
-9.9702e-06
-9.97032e-06
-1.9962e-05
-9.9702e-06
-9.97032e-06
-1.98762e-05
-9.9702e-06
-9.97032e-06
-1.97901e-05
-9.9702e-06
-9.97031e-06
-1.97038e-05
-9.9702e-06
-9.97031e-06
-1.96174e-05
-9.9702e-06
-9.97031e-06
-1.95308e-05
-9.9702e-06
-9.97031e-06
-1.94442e-05
-9.9702e-06
-9.97031e-06
-1.93575e-05
-9.9702e-06
-9.97031e-06
-1.92709e-05
-9.9702e-06
-9.97031e-06
-1.91844e-05
-9.9702e-06
-9.97031e-06
-1.90981e-05
-9.9702e-06
-9.9703e-06
-1.90119e-05
-9.9702e-06
-9.9703e-06
-1.8926e-05
-9.9702e-06
-9.9703e-06
-1.88403e-05
-9.9702e-06
-9.9703e-06
-1.87551e-05
-9.9702e-06
-9.9703e-06
-1.86702e-05
-9.9702e-06
-9.9703e-06
-1.85857e-05
-9.9702e-06
-9.9703e-06
-1.85017e-05
-9.9702e-06
-9.9703e-06
-1.84183e-05
-9.9702e-06
-9.9703e-06
-1.83354e-05
-9.9702e-06
-9.97029e-06
-1.82532e-05
-9.9702e-06
-9.97029e-06
-1.81716e-05
-9.9702e-06
-9.97029e-06
-1.80908e-05
-9.9702e-06
-9.97029e-06
-1.80107e-05
-9.9702e-06
-9.97029e-06
-1.79314e-05
-9.9702e-06
-9.97029e-06
-1.78529e-05
-9.9702e-06
-9.97029e-06
-1.77754e-05
-9.9702e-06
-9.97029e-06
-1.76987e-05
-9.9702e-06
-9.97028e-06
-1.7623e-05
-9.9702e-06
-9.97028e-06
-1.75484e-05
-9.9702e-06
-9.97028e-06
-1.74748e-05
-9.9702e-06
-9.97028e-06
-1.74022e-05
-9.9702e-06
-9.97028e-06
-1.73308e-05
-9.9702e-06
-9.97028e-06
-1.72606e-05
-9.9702e-06
-9.97028e-06
-1.71915e-05
-9.9702e-06
-9.97028e-06
-1.71237e-05
-9.9702e-06
-9.97028e-06
-1.70571e-05
-9.9702e-06
-9.97028e-06
-1.69918e-05
-9.9702e-06
-9.97027e-06
-1.69279e-05
-9.9702e-06
-9.97027e-06
-1.68653e-05
-9.9702e-06
-9.97027e-06
-1.68042e-05
-9.9702e-06
-9.97027e-06
-1.67444e-05
-9.9702e-06
-9.97027e-06
-1.66861e-05
-9.9702e-06
-9.97027e-06
-1.66293e-05
-9.9702e-06
-9.97027e-06
-1.6574e-05
-9.9702e-06
-9.97027e-06
-1.65202e-05
-9.9702e-06
-9.97027e-06
-1.6468e-05
-9.9702e-06
-9.97027e-06
-1.64174e-05
-9.9702e-06
-9.97026e-06
-1.63684e-05
-9.9702e-06
-9.97026e-06
-1.6321e-05
-9.9702e-06
-9.97026e-06
-1.62753e-05
-9.9702e-06
-9.97026e-06
-1.62312e-05
-9.9702e-06
-9.97026e-06
-1.61889e-05
-9.9702e-06
-9.97026e-06
-1.61482e-05
-9.9702e-06
-9.97026e-06
-1.61093e-05
-9.9702e-06
-9.97026e-06
-1.60721e-05
-9.9702e-06
-9.97026e-06
-1.60367e-05
-9.9702e-06
-9.97026e-06
-1.60031e-05
-9.9702e-06
-9.97026e-06
-1.59712e-05
-9.9702e-06
-9.97026e-06
-1.59412e-05
-9.9702e-06
-9.97026e-06
-1.5913e-05
-9.9702e-06
-9.97025e-06
-1.58866e-05
-9.9702e-06
-9.97025e-06
-1.5862e-05
-9.9702e-06
-9.97025e-06
-1.58393e-05
-9.9702e-06
-9.97025e-06
-1.58184e-05
-9.9702e-06
-9.97025e-06
-1.57993e-05
-9.9702e-06
-9.97025e-06
-1.57822e-05
-9.9702e-06
-9.97025e-06
-1.57668e-05
-9.9702e-06
-9.97025e-06
-1.57534e-05
-9.9702e-06
-9.97025e-06
-1.57418e-05
-9.9702e-06
-9.97025e-06
-1.57321e-05
-9.9702e-06
-9.97025e-06
-1.57243e-05
-9.9702e-06
-9.97025e-06
-1.57183e-05
-9.9702e-06
-9.97025e-06
-1.57142e-05
-9.9702e-06
-9.97025e-06
-1.5712e-05
-9.9702e-06
-9.97025e-06
-1.57117e-05
-9.9702e-06
-9.97025e-06
-1.57132e-05
-9.9702e-06
-9.97025e-06
-1.57165e-05
-9.9702e-06
-9.97025e-06
-1.57217e-05
-9.9702e-06
-9.97025e-06
-1.57287e-05
-9.9702e-06
-9.97025e-06
-1.57376e-05
-9.9702e-06
-9.97025e-06
-1.57483e-05
-9.9702e-06
-9.97025e-06
-1.57608e-05
-9.9702e-06
-9.97025e-06
-1.57751e-05
-9.9702e-06
-9.97025e-06
-1.57912e-05
-9.9702e-06
-9.97025e-06
-1.58091e-05
-9.9702e-06
-9.97025e-06
-1.58287e-05
-9.9702e-06
-9.97025e-06
-1.58501e-05
-9.9702e-06
-9.97025e-06
-1.58732e-05
-9.9702e-06
-9.97025e-06
-1.5898e-05
-9.9702e-06
-9.97025e-06
-1.59245e-05
-9.9702e-06
-9.97025e-06
-1.59527e-05
-9.9702e-06
-9.97025e-06
-1.59825e-05
-9.9702e-06
-9.97025e-06
-1.6014e-05
-9.9702e-06
-9.97025e-06
-1.60471e-05
-9.9702e-06
-9.97025e-06
-1.60818e-05
-9.9702e-06
-9.97025e-06
-1.6118e-05
-9.9702e-06
-9.97025e-06
-1.61558e-05
-9.9702e-06
-9.97025e-06
-1.61951e-05
-9.9702e-06
-9.97025e-06
-1.62359e-05
-9.9702e-06
-9.97026e-06
-1.62781e-05
-9.9702e-06
-9.97026e-06
-1.63218e-05
-9.9702e-06
-9.97026e-06
-1.63668e-05
-9.9702e-06
-9.97026e-06
-1.64132e-05
-9.9702e-06
-9.97026e-06
-1.6461e-05
-9.9702e-06
-9.97026e-06
-1.65101e-05
-9.9702e-06
-9.97026e-06
-1.65604e-05
-9.9702e-06
-9.97026e-06
-1.66119e-05
-9.9702e-06
-9.97026e-06
-1.66647e-05
-9.9702e-06
-9.97026e-06
-1.67186e-05
-9.9702e-06
-9.97027e-06
-1.67736e-05
-9.9702e-06
-9.97027e-06
-1.68297e-05
-9.9702e-06
-9.97027e-06
-1.68869e-05
-9.9702e-06
-9.97027e-06
-1.6945e-05
-9.9702e-06
-9.97027e-06
-1.70041e-05
-9.9702e-06
-9.97027e-06
-1.70641e-05
-9.9702e-06
-9.97027e-06
-1.7125e-05
-9.9702e-06
-9.97028e-06
-1.71868e-05
-9.9702e-06
-9.97028e-06
-1.72493e-05
-9.9702e-06
-9.97028e-06
-1.73125e-05
-9.9702e-06
-9.97028e-06
-1.73765e-05
-9.9702e-06
-9.97028e-06
-1.74411e-05
-9.9702e-06
-9.97028e-06
-1.75063e-05
-9.9702e-06
-9.97029e-06
-1.7572e-05
-9.9702e-06
-9.97029e-06
-1.76383e-05
-9.9702e-06
-9.97029e-06
-1.77051e-05
-9.9702e-06
-9.97029e-06
-1.77722e-05
-9.9702e-06
-9.97029e-06
-1.78398e-05
-9.9702e-06
-9.9703e-06
-1.79076e-05
-9.9702e-06
-9.9703e-06
-1.79758e-05
-9.9702e-06
-9.9703e-06
-1.80441e-05
-9.9702e-06
-9.9703e-06
-1.81127e-05
-9.9702e-06
-9.9703e-06
-1.81814e-05
-9.9702e-06
-9.97031e-06
-1.82502e-05
-9.9702e-06
-9.97031e-06
-1.8319e-05
-9.9702e-06
-9.97031e-06
-1.83878e-05
-9.9702e-06
-9.97031e-06
-1.84566e-05
-9.9702e-06
-9.97031e-06
-1.85253e-05
-9.9702e-06
-9.97032e-06
-1.85939e-05
-9.9702e-06
-9.97032e-06
-1.86622e-05
-9.9702e-06
-9.97032e-06
-1.87304e-05
-9.9702e-06
-9.97032e-06
-1.87983e-05
-9.9702e-06
-9.97032e-06
-1.88659e-05
-9.9702e-06
-9.97033e-06
-1.89332e-05
-9.9702e-06
-9.97033e-06
-1.90001e-05
-9.9702e-06
-9.97033e-06
-1.90665e-05
-9.9702e-06
-9.97033e-06
-1.91325e-05
-9.9702e-06
-9.97034e-06
-1.91981e-05
-9.9702e-06
-9.97034e-06
-1.92631e-05
-9.9702e-06
-9.97034e-06
-1.93275e-05
-9.9702e-06
-9.97034e-06
-1.93914e-05
-9.9702e-06
-9.97034e-06
-1.94546e-05
-9.9702e-06
-9.97035e-06
-1.95172e-05
-9.9702e-06
-9.97035e-06
-1.95791e-05
-9.9702e-06
-9.97035e-06
-1.96403e-05
-9.9702e-06
-9.97035e-06
-1.97008e-05
-9.9702e-06
-9.97036e-06
-1.97606e-05
-9.9702e-06
-9.97036e-06
-1.98196e-05
-9.9702e-06
-9.97036e-06
-1.98778e-05
-9.9702e-06
-9.97036e-06
-1.99352e-05
-9.9702e-06
-9.97036e-06
-1.99918e-05
-9.9702e-06
-9.97037e-06
-2.00475e-05
-9.9702e-06
-9.97037e-06
-2.01024e-05
-9.9702e-06
-9.97037e-06
-2.01564e-05
-9.9702e-06
-9.97037e-06
-2.02098e-05
-9.9702e-06
-9.97037e-06
-2.02669e-05
-9.9702e-06
-9.97038e-06
-2.0318e-05
-9.9702e-06
-9.97038e-06
-2.03688e-05
-9.9702e-06
-9.97038e-06
-2.04249e-05
-9.9702e-06
-9.97038e-06
-2.05156e-05
-9.9702e-06
-9.97038e-06
-2.04938e-05
-9.9702e-06
-9.97039e-06
-2.05946e-05
-9.9702e-06
-9.97039e-06
-2.06746e-05
-9.9702e-06
-1.97162e-05
-9.9702e-06
-1.26478e-05
-1.26478e-05
-1.26029e-05
-9.9702e-06
-2.35262e-05
-9.9702e-06
-2.36845e-05
-9.9702e-06
-2.37904e-05
-9.9702e-06
-2.38784e-05
-9.9702e-06
-2.39574e-05
-9.9702e-06
-2.40311e-05
-9.9702e-06
-2.41017e-05
-9.9702e-06
-2.41702e-05
-9.9702e-06
-2.42374e-05
-9.9702e-06
-2.43037e-05
-9.9702e-06
-2.44009e-05
-9.9702e-06
-2.45298e-05
-9.9702e-06
-2.46609e-05
-9.9702e-06
-2.47912e-05
-9.9702e-06
-2.49205e-05
-9.9702e-06
-2.50489e-05
-9.9702e-06
-2.51764e-05
-9.9702e-06
-2.53029e-05
-9.9702e-06
-2.54285e-05
-9.9702e-06
-2.55531e-05
-9.9702e-06
-2.56766e-05
-9.9702e-06
-2.57992e-05
-9.9702e-06
-2.59207e-05
-9.9702e-06
-9.97044e-06
-2.50906e-05
-9.9702e-06
-9.97044e-06
-2.5092e-05
-9.9702e-06
-9.97044e-06
-2.51371e-05
-9.9702e-06
-9.97044e-06
-2.51824e-05
-9.9702e-06
-9.97044e-06
-2.52239e-05
-9.9702e-06
-9.97044e-06
-2.52621e-05
-9.9702e-06
-9.97044e-06
-2.52977e-05
-9.9702e-06
-9.97044e-06
-2.5331e-05
-9.9702e-06
-9.97045e-06
-2.53626e-05
-9.9702e-06
-9.97045e-06
-2.53926e-05
-9.9702e-06
-9.97045e-06
-2.54212e-05
-9.9702e-06
-9.97045e-06
-2.54485e-05
-9.9702e-06
-9.97045e-06
-2.54746e-05
-9.9702e-06
-9.97045e-06
-2.54996e-05
-9.9702e-06
-9.97045e-06
-2.55234e-05
-9.9702e-06
-9.97045e-06
-2.55462e-05
-9.9702e-06
-9.97045e-06
-2.55678e-05
-9.9702e-06
-9.97045e-06
-2.55884e-05
-9.9702e-06
-9.97046e-06
-2.5608e-05
-9.9702e-06
-9.97046e-06
-2.56265e-05
-9.9702e-06
-9.97046e-06
-2.5644e-05
-9.9702e-06
-9.97046e-06
-2.56604e-05
-9.9702e-06
-9.97046e-06
-2.56759e-05
-9.9702e-06
-9.97046e-06
-2.56903e-05
-9.9702e-06
-9.97046e-06
-2.57036e-05
-9.9702e-06
-9.97046e-06
-2.5716e-05
-9.9702e-06
-9.97046e-06
-2.57273e-05
-9.9702e-06
-9.97046e-06
-2.57376e-05
-9.9702e-06
-9.97046e-06
-2.57468e-05
-9.9702e-06
-9.97046e-06
-2.57551e-05
-9.9702e-06
-9.97046e-06
-2.57622e-05
-9.9702e-06
-9.97046e-06
-2.57683e-05
-9.9702e-06
-9.97046e-06
-2.57734e-05
-9.9702e-06
-9.97046e-06
-2.57774e-05
-9.9702e-06
-9.97046e-06
-2.57803e-05
-9.9702e-06
-9.97047e-06
-2.57821e-05
-9.9702e-06
-9.97047e-06
-2.57829e-05
-9.9702e-06
-9.97047e-06
-2.57825e-05
-9.9702e-06
-9.97047e-06
-2.5781e-05
-9.9702e-06
-9.97047e-06
-2.57784e-05
-9.9702e-06
-9.97047e-06
-2.57747e-05
-9.9702e-06
-9.97047e-06
-2.57698e-05
-9.9702e-06
-9.97047e-06
-2.57637e-05
-9.9702e-06
-9.97047e-06
-2.57565e-05
-9.9702e-06
-9.97047e-06
-2.5748e-05
-9.9702e-06
-9.97047e-06
-2.57384e-05
-9.9702e-06
-9.97047e-06
-2.57275e-05
-9.9702e-06
-9.97047e-06
-2.57154e-05
-9.9702e-06
-9.97047e-06
-2.57021e-05
-9.9702e-06
-9.97047e-06
-2.56874e-05
-9.9702e-06
-9.97047e-06
-2.56715e-05
-9.9702e-06
-9.97047e-06
-2.56543e-05
-9.9702e-06
-9.97047e-06
-2.56358e-05
-9.9702e-06
-9.97047e-06
-2.56159e-05
-9.9702e-06
-9.97047e-06
-2.55947e-05
-9.9702e-06
-9.97047e-06
-2.55722e-05
-9.9702e-06
-9.97047e-06
-2.55482e-05
-9.9702e-06
-9.97047e-06
-2.55229e-05
-9.9702e-06
-9.97047e-06
-2.54962e-05
-9.9702e-06
-9.97047e-06
-2.5468e-05
-9.9702e-06
-9.97047e-06
-2.54384e-05
-9.9702e-06
-9.97047e-06
-2.54074e-05
-9.9702e-06
-9.97047e-06
-2.5375e-05
-9.9702e-06
-9.97047e-06
-2.5341e-05
-9.9702e-06
-9.97047e-06
-2.53056e-05
-9.9702e-06
-9.97047e-06
-2.52687e-05
-9.9702e-06
-9.97047e-06
-2.52303e-05
-9.9702e-06
-9.97047e-06
-2.51904e-05
-9.9702e-06
-9.97046e-06
-2.5149e-05
-9.9702e-06
-9.97046e-06
-2.51061e-05
-9.9702e-06
-9.97046e-06
-2.50617e-05
-9.9702e-06
-9.97046e-06
-2.50157e-05
-9.9702e-06
-9.97046e-06
-2.49682e-05
-9.9702e-06
-9.97046e-06
-2.49192e-05
-9.9702e-06
-9.97046e-06
-2.48686e-05
-9.9702e-06
-9.97046e-06
-2.48165e-05
-9.9702e-06
-9.97046e-06
-2.47628e-05
-9.9702e-06
-9.97046e-06
-2.47076e-05
-9.9702e-06
-9.97046e-06
-2.46509e-05
-9.9702e-06
-9.97046e-06
-2.45927e-05
-9.9702e-06
-9.97046e-06
-2.45329e-05
-9.9702e-06
-9.97046e-06
-2.44716e-05
-9.9702e-06
-9.97046e-06
-2.44088e-05
-9.9702e-06
-9.97046e-06
-2.43444e-05
-9.9702e-06
-9.97045e-06
-2.42786e-05
-9.9702e-06
-9.97045e-06
-2.42113e-05
-9.9702e-06
-9.97045e-06
-2.41426e-05
-9.9702e-06
-9.97045e-06
-2.40723e-05
-9.9702e-06
-9.97045e-06
-2.40006e-05
-9.9702e-06
-9.97045e-06
-2.39275e-05
-9.9702e-06
-9.97045e-06
-2.3853e-05
-9.9702e-06
-9.97045e-06
-2.37771e-05
-9.9702e-06
-9.97045e-06
-2.36997e-05
-9.9702e-06
-9.97045e-06
-2.36211e-05
-9.9702e-06
-9.97045e-06
-2.35411e-05
-9.9702e-06
-9.97044e-06
-2.34597e-05
-9.9702e-06
-9.97044e-06
-2.33771e-05
-9.9702e-06
-9.97044e-06
-2.32932e-05
-9.9702e-06
-9.97044e-06
-2.32081e-05
-9.9702e-06
-9.97044e-06
-2.31217e-05
-9.9702e-06
-9.97044e-06
-2.30342e-05
-9.9702e-06
-9.97044e-06
-2.29455e-05
-9.9702e-06
-9.97044e-06
-2.28556e-05
-9.9702e-06
-9.97044e-06
-2.27647e-05
-9.9702e-06
-9.97043e-06
-2.26726e-05
-9.9702e-06
-9.97043e-06
-2.25795e-05
-9.9702e-06
-9.97043e-06
-2.24855e-05
-9.9702e-06
-9.97043e-06
-2.23904e-05
-9.9702e-06
-9.97043e-06
-2.22944e-05
-9.9702e-06
-9.97043e-06
-2.21974e-05
-9.9702e-06
-9.97043e-06
-2.20996e-05
-9.9702e-06
-9.97043e-06
-2.2001e-05
-9.9702e-06
-9.97042e-06
-2.19015e-05
-9.9702e-06
-9.97042e-06
-2.18013e-05
-9.9702e-06
-9.97042e-06
-2.17003e-05
-9.9702e-06
-9.97042e-06
-2.15986e-05
-9.9702e-06
-9.97042e-06
-2.14963e-05
-9.9702e-06
-9.97042e-06
-2.13934e-05
-9.9702e-06
-9.97042e-06
-2.12899e-05
-9.9702e-06
-9.97041e-06
-2.11858e-05
-9.9702e-06
-9.97041e-06
-2.10812e-05
-9.9702e-06
-9.97041e-06
-2.09762e-05
-9.9702e-06
-9.97041e-06
-2.08707e-05
-9.9702e-06
-9.97041e-06
-2.07649e-05
-9.9702e-06
-9.97041e-06
-2.06587e-05
-9.9702e-06
-9.97041e-06
-2.05522e-05
-9.9702e-06
-9.9704e-06
-2.04455e-05
-9.9702e-06
-9.9704e-06
-2.03385e-05
-9.9702e-06
-9.9704e-06
-2.02314e-05
-9.9702e-06
-9.9704e-06
-2.01241e-05
-9.9702e-06
-9.9704e-06
-2.00167e-05
-9.9702e-06
-9.9704e-06
-1.99092e-05
-9.9702e-06
-9.97039e-06
-1.98017e-05
-9.9702e-06
-9.97039e-06
-1.96943e-05
-9.9702e-06
-9.97039e-06
-1.95868e-05
-9.9702e-06
-9.97039e-06
-1.94795e-05
-9.9702e-06
-9.97039e-06
-1.93724e-05
-9.9702e-06
-9.97039e-06
-1.92654e-05
-9.9702e-06
-9.97038e-06
-1.91586e-05
-9.9702e-06
-9.97038e-06
-1.90521e-05
-9.9702e-06
-9.97038e-06
-1.89459e-05
-9.9702e-06
-9.97038e-06
-1.884e-05
-9.9702e-06
-9.97038e-06
-1.87345e-05
-9.9702e-06
-9.97038e-06
-1.86294e-05
-9.9702e-06
-9.97038e-06
-1.85248e-05
-9.9702e-06
-9.97037e-06
-1.84206e-05
-9.9702e-06
-9.97037e-06
-1.8317e-05
-9.9702e-06
-9.97037e-06
-1.82139e-05
-9.9702e-06
-9.97037e-06
-1.81115e-05
-9.9702e-06
-9.97037e-06
-1.80097e-05
-9.9702e-06
-9.97037e-06
-1.79085e-05
-9.9702e-06
-9.97036e-06
-1.78081e-05
-9.9702e-06
-9.97036e-06
-1.77084e-05
-9.9702e-06
-9.97036e-06
-1.76095e-05
-9.9702e-06
-9.97036e-06
-1.75114e-05
-9.9702e-06
-9.97036e-06
-1.74142e-05
-9.9702e-06
-9.97036e-06
-1.73179e-05
-9.9702e-06
-9.97035e-06
-1.72225e-05
-9.9702e-06
-9.97035e-06
-1.7128e-05
-9.9702e-06
-9.97035e-06
-1.70346e-05
-9.9702e-06
-9.97035e-06
-1.69422e-05
-9.9702e-06
-9.97035e-06
-1.68508e-05
-9.9702e-06
-9.97035e-06
-1.67606e-05
-9.9702e-06
-9.97035e-06
-1.66714e-05
-9.9702e-06
-9.97034e-06
-1.65835e-05
-9.9702e-06
-9.97034e-06
-1.64967e-05
-9.9702e-06
-9.97034e-06
-1.64112e-05
-9.9702e-06
-9.97034e-06
-1.63269e-05
-9.9702e-06
-9.97034e-06
-1.62439e-05
-9.9702e-06
-9.97034e-06
-1.61623e-05
-9.9702e-06
-9.97034e-06
-1.6082e-05
-9.9702e-06
-9.97033e-06
-1.60031e-05
-9.9702e-06
-9.97033e-06
-1.59256e-05
-9.9702e-06
-9.97033e-06
-1.58496e-05
-9.9702e-06
-9.97033e-06
-1.5775e-05
-9.9702e-06
-9.97033e-06
-1.5702e-05
-9.9702e-06
-9.97033e-06
-1.56305e-05
-9.9702e-06
-9.97033e-06
-1.55606e-05
-9.9702e-06
-9.97032e-06
-1.54923e-05
-9.9702e-06
-9.97032e-06
-1.54256e-05
-9.9702e-06
-9.97032e-06
-1.53606e-05
-9.9702e-06
-9.97032e-06
-1.52973e-05
-9.9702e-06
-9.97032e-06
-1.52358e-05
-9.9702e-06
-9.97032e-06
-1.51759e-05
-9.9702e-06
-9.97032e-06
-1.51179e-05
-9.9702e-06
-9.97032e-06
-1.50617e-05
-9.9702e-06
-9.97032e-06
-1.50073e-05
-9.9702e-06
-9.97031e-06
-1.49548e-05
-9.9702e-06
-9.97031e-06
-1.49042e-05
-9.9702e-06
-9.97031e-06
-1.48555e-05
-9.9702e-06
-9.97031e-06
-1.48088e-05
-9.9702e-06
-9.97031e-06
-1.4764e-05
-9.9702e-06
-9.97031e-06
-1.47213e-05
-9.9702e-06
-9.97031e-06
-1.46806e-05
-9.9702e-06
-9.97031e-06
-1.46419e-05
-9.9702e-06
-9.97031e-06
-1.46054e-05
-9.9702e-06
-9.97031e-06
-1.45709e-05
-9.9702e-06
-9.97031e-06
-1.45386e-05
-9.9702e-06
-9.97031e-06
-1.45085e-05
-9.9702e-06
-9.9703e-06
-1.44805e-05
-9.9702e-06
-9.9703e-06
-1.44548e-05
-9.9702e-06
-9.9703e-06
-1.44312e-05
-9.9702e-06
-9.9703e-06
-1.441e-05
-9.9702e-06
-9.9703e-06
-1.4391e-05
-9.9702e-06
-9.9703e-06
-1.43744e-05
-9.9702e-06
-9.9703e-06
-1.436e-05
-9.9702e-06
-9.9703e-06
-1.4348e-05
-9.9702e-06
-9.9703e-06
-1.43384e-05
-9.9702e-06
-9.9703e-06
-1.43311e-05
-9.9702e-06
-9.9703e-06
-1.43263e-05
-9.9702e-06
-9.9703e-06
-1.43239e-05
-9.9702e-06
-9.9703e-06
-1.43239e-05
-9.9702e-06
-9.9703e-06
-1.43264e-05
-9.9702e-06
-9.9703e-06
-1.43313e-05
-9.9702e-06
-9.9703e-06
-1.43388e-05
-9.9702e-06
-9.9703e-06
-1.43487e-05
-9.9702e-06
-9.9703e-06
-1.43612e-05
-9.9702e-06
-9.9703e-06
-1.43762e-05
-9.9702e-06
-9.9703e-06
-1.43937e-05
-9.9702e-06
-9.9703e-06
-1.44138e-05
-9.9702e-06
-9.9703e-06
-1.44364e-05
-9.9702e-06
-9.9703e-06
-1.44617e-05
-9.9702e-06
-9.9703e-06
-1.44895e-05
-9.9702e-06
-9.9703e-06
-1.45198e-05
-9.9702e-06
-9.9703e-06
-1.45528e-05
-9.9702e-06
-9.9703e-06
-1.45884e-05
-9.9702e-06
-9.9703e-06
-1.46265e-05
-9.9702e-06
-9.9703e-06
-1.46673e-05
-9.9702e-06
-9.9703e-06
-1.47107e-05
-9.9702e-06
-9.9703e-06
-1.47566e-05
-9.9702e-06
-9.9703e-06
-1.48052e-05
-9.9702e-06
-9.9703e-06
-1.48564e-05
-9.9702e-06
-9.9703e-06
-1.49101e-05
-9.9702e-06
-9.9703e-06
-1.49665e-05
-9.9702e-06
-9.9703e-06
-1.50254e-05
-9.9702e-06
-9.9703e-06
-1.50869e-05
-9.9702e-06
-9.9703e-06
-1.51509e-05
-9.9702e-06
-9.9703e-06
-1.52175e-05
-9.9702e-06
-9.9703e-06
-1.52867e-05
-9.9702e-06
-9.9703e-06
-1.53583e-05
-9.9702e-06
-9.9703e-06
-1.54325e-05
-9.9702e-06
-9.97031e-06
-1.55092e-05
-9.9702e-06
-9.97031e-06
-1.55883e-05
-9.9702e-06
-9.97031e-06
-1.56699e-05
-9.9702e-06
-9.97031e-06
-1.57539e-05
-9.9702e-06
-9.97031e-06
-1.58403e-05
-9.9702e-06
-9.97031e-06
-1.59291e-05
-9.9702e-06
-9.97031e-06
-1.60203e-05
-9.9702e-06
-9.97031e-06
-1.61138e-05
-9.9702e-06
-9.97031e-06
-1.62096e-05
-9.9702e-06
-9.97031e-06
-1.63076e-05
-9.9702e-06
-9.97031e-06
-1.64079e-05
-9.9702e-06
-9.97032e-06
-1.65104e-05
-9.9702e-06
-9.97032e-06
-1.66151e-05
-9.9702e-06
-9.97032e-06
-1.67219e-05
-9.9702e-06
-9.97032e-06
-1.68308e-05
-9.9702e-06
-9.97032e-06
-1.69417e-05
-9.9702e-06
-9.97032e-06
-1.70547e-05
-9.9702e-06
-9.97032e-06
-1.71696e-05
-9.9702e-06
-9.97032e-06
-1.72864e-05
-9.9702e-06
-9.97033e-06
-1.74051e-05
-9.9702e-06
-9.97033e-06
-1.75257e-05
-9.9702e-06
-9.97033e-06
-1.7648e-05
-9.9702e-06
-9.97033e-06
-1.77721e-05
-9.9702e-06
-9.97033e-06
-1.78978e-05
-9.9702e-06
-9.97033e-06
-1.80251e-05
-9.9702e-06
-9.97033e-06
-1.81541e-05
-9.9702e-06
-9.97034e-06
-1.82845e-05
-9.9702e-06
-9.97034e-06
-1.84164e-05
-9.9702e-06
-9.97034e-06
-1.85497e-05
-9.9702e-06
-9.97034e-06
-1.86844e-05
-9.9702e-06
-9.97034e-06
-1.88203e-05
-9.9702e-06
-9.97034e-06
-1.89575e-05
-9.9702e-06
-9.97034e-06
-1.90958e-05
-9.9702e-06
-9.97035e-06
-1.92352e-05
-9.9702e-06
-9.97035e-06
-1.93757e-05
-9.9702e-06
-9.97035e-06
-1.95171e-05
-9.9702e-06
-9.97035e-06
-1.96594e-05
-9.9702e-06
-9.97035e-06
-1.98025e-05
-9.9702e-06
-9.97035e-06
-1.99465e-05
-9.9702e-06
-9.97036e-06
-2.00911e-05
-9.9702e-06
-9.97036e-06
-2.02363e-05
-9.9702e-06
-9.97036e-06
-2.03821e-05
-9.9702e-06
-9.97036e-06
-2.05285e-05
-9.9702e-06
-9.97036e-06
-2.06752e-05
-9.9702e-06
-9.97037e-06
-2.08223e-05
-9.9702e-06
-9.97037e-06
-2.09696e-05
-9.9702e-06
-9.97037e-06
-2.11172e-05
-9.9702e-06
-9.97037e-06
-2.12649e-05
-9.9702e-06
-9.97037e-06
-2.14126e-05
-9.9702e-06
-9.97037e-06
-2.15604e-05
-9.9702e-06
-9.97038e-06
-2.1708e-05
-9.9702e-06
-9.97038e-06
-2.18555e-05
-9.9702e-06
-9.97038e-06
-2.20028e-05
-9.9702e-06
-9.97038e-06
-2.21498e-05
-9.9702e-06
-9.97038e-06
-2.22964e-05
-9.9702e-06
-2.31381e-05
-9.9702e-06
-2.32758e-05
-9.9702e-06
-2.33649e-05
-9.9702e-06
-2.3449e-05
-9.9702e-06
-2.35341e-05
-9.9702e-06
-2.36208e-05
-9.9702e-06
-2.37089e-05
-9.9702e-06
-2.3798e-05
-9.9702e-06
-2.38878e-05
-9.9702e-06
-2.39782e-05
-9.9702e-06
-2.40688e-05
-9.9702e-06
-2.41595e-05
-9.9702e-06
-2.42502e-05
-9.9702e-06
-2.43408e-05
-9.9702e-06
-2.44311e-05
-9.9702e-06
-2.45212e-05
-9.9702e-06
-2.46109e-05
-9.9702e-06
-2.47002e-05
-9.9702e-06
-2.4789e-05
-9.9702e-06
-2.48772e-05
-9.9702e-06
-2.49648e-05
-9.9702e-06
-2.50778e-05
-9.9702e-06
-2.51909e-05
-9.9702e-06
-2.5303e-05
-9.9702e-06
-2.54144e-05
-9.9702e-06
-2.5525e-05
-9.9702e-06
-2.56349e-05
-9.9702e-06
-2.5744e-05
-9.9702e-06
-2.58523e-05
-9.9702e-06
-2.59597e-05
-9.9702e-06
-2.60663e-05
-9.9702e-06
-2.61719e-05
-9.9702e-06
-2.62766e-05
-9.9702e-06
-2.63804e-05
-9.9702e-06
-2.64832e-05
-9.9702e-06
-2.6585e-05
-9.9702e-06
-2.66857e-05
-9.9702e-06
-2.67854e-05
-9.9702e-06
-9.97045e-06
-2.68842e-05
-9.9702e-06
-9.97045e-06
-2.71041e-05
-9.9702e-06
-9.97045e-06
-2.71975e-05
-9.9702e-06
-9.97046e-06
-2.72759e-05
-9.9702e-06
-9.97046e-06
-2.73506e-05
-9.9702e-06
-9.97046e-06
-2.74239e-05
-9.9702e-06
-9.97046e-06
-2.74957e-05
-9.9702e-06
-9.97046e-06
-2.75656e-05
-9.9702e-06
-9.97046e-06
-2.76334e-05
-9.9702e-06
-9.97046e-06
-2.7699e-05
-9.9702e-06
-9.97046e-06
-2.77632e-05
-9.9702e-06
-9.97046e-06
-2.7825e-05
-9.9702e-06
-9.97046e-06
-2.78841e-05
-9.9702e-06
-9.97047e-06
-2.79403e-05
-9.9702e-06
-9.97047e-06
-2.79937e-05
-9.9702e-06
-9.97047e-06
-2.8044e-05
-9.9702e-06
-9.97047e-06
-2.80913e-05
-9.9702e-06
-9.97047e-06
-2.8143e-05
-9.9702e-06
-9.97047e-06
-2.82018e-05
-9.9702e-06
-9.97047e-06
-2.82404e-05
-9.9702e-06
-9.97047e-06
-2.82766e-05
-9.9702e-06
-9.97047e-06
-2.831e-05
-9.9702e-06
-9.97047e-06
-2.83405e-05
-9.9702e-06
-9.97047e-06
-2.8368e-05
-9.9702e-06
-9.97047e-06
-2.83924e-05
-9.9702e-06
-9.97047e-06
-2.84137e-05
-9.9702e-06
-9.97047e-06
-2.84319e-05
-9.9702e-06
-9.97047e-06
-2.8447e-05
-9.9702e-06
-9.97047e-06
-2.84591e-05
-9.9702e-06
-9.97047e-06
-2.8468e-05
-9.9702e-06
-9.97047e-06
-2.84739e-05
-9.9702e-06
-9.97047e-06
-2.84768e-05
-9.9702e-06
-9.97047e-06
-2.84765e-05
-9.9702e-06
-9.97047e-06
-2.84733e-05
-9.9702e-06
-9.97047e-06
-2.8467e-05
-9.9702e-06
-9.97047e-06
-2.84578e-05
-9.9702e-06
-9.97047e-06
-2.84456e-05
-9.9702e-06
-9.97047e-06
-2.84305e-05
-9.9702e-06
-9.97047e-06
-2.84124e-05
-9.9702e-06
-9.97047e-06
-2.83915e-05
-9.9702e-06
-9.97047e-06
-2.83678e-05
-9.9702e-06
-9.97047e-06
-2.83412e-05
-9.9702e-06
-9.97047e-06
-2.83119e-05
-9.9702e-06
-9.97047e-06
-2.82799e-05
-9.9702e-06
-9.97047e-06
-2.82451e-05
-9.9702e-06
-9.97047e-06
-2.82077e-05
-9.9702e-06
-9.97047e-06
-2.81677e-05
-9.9702e-06
-9.97047e-06
-2.8125e-05
-9.9702e-06
-9.97047e-06
-2.80799e-05
-9.9702e-06
-9.97047e-06
-2.80322e-05
-9.9702e-06
-9.97047e-06
-2.79821e-05
-9.9702e-06
-9.97047e-06
-2.79296e-05
-9.9702e-06
-9.97046e-06
-2.78747e-05
-9.9702e-06
-9.97046e-06
-2.78175e-05
-9.9702e-06
-9.97046e-06
-2.7758e-05
-9.9702e-06
-9.97046e-06
-2.76963e-05
-9.9702e-06
-9.97046e-06
-2.76325e-05
-9.9702e-06
-9.97046e-06
-2.75664e-05
-9.9702e-06
-9.97046e-06
-2.74983e-05
-9.9702e-06
-9.97046e-06
-2.74282e-05
-9.9702e-06
-9.97046e-06
-2.73561e-05
-9.9702e-06
-9.97046e-06
-2.7282e-05
-9.9702e-06
-9.97045e-06
-2.7206e-05
-9.9702e-06
-9.97045e-06
-2.71282e-05
-9.9702e-06
-9.97045e-06
-2.70486e-05
-9.9702e-06
-9.97045e-06
-2.69672e-05
-9.9702e-06
-9.97045e-06
-2.68841e-05
-9.9702e-06
-9.97045e-06
-2.67994e-05
-9.9702e-06
-9.97045e-06
-2.6713e-05
-9.9702e-06
-9.97045e-06
-2.66251e-05
-9.9702e-06
-9.97044e-06
-2.65357e-05
-9.9702e-06
-9.97044e-06
-2.64448e-05
-9.9702e-06
-9.97044e-06
-2.63524e-05
-9.9702e-06
-9.97044e-06
-2.62587e-05
-9.9702e-06
-9.97044e-06
-2.61636e-05
-9.9702e-06
-9.97044e-06
-2.60673e-05
-9.9702e-06
-9.97044e-06
-2.59697e-05
-9.9702e-06
-9.97043e-06
-2.58709e-05
-9.9702e-06
-9.97043e-06
-2.57709e-05
-9.9702e-06
-9.97043e-06
-2.56698e-05
-9.9702e-06
-9.97043e-06
-2.55676e-05
-9.9702e-06
-9.97043e-06
-2.54644e-05
-9.9702e-06
-9.97043e-06
-2.53602e-05
-9.9702e-06
-9.97043e-06
-2.5255e-05
-9.9702e-06
-9.97042e-06
-2.51488e-05
-9.9702e-06
-9.97042e-06
-2.50418e-05
-9.9702e-06
-9.97042e-06
-2.4934e-05
-9.9702e-06
-9.97042e-06
-2.48253e-05
-9.9702e-06
-9.97042e-06
-2.47159e-05
-9.9702e-06
-9.97042e-06
-2.46057e-05
-9.9702e-06
-9.97041e-06
-2.44948e-05
-9.9702e-06
-9.97041e-06
-2.43833e-05
-9.9702e-06
-9.97041e-06
-2.42711e-05
-9.9702e-06
-9.97041e-06
-2.41583e-05
-9.9702e-06
-9.97041e-06
-2.40449e-05
-9.9702e-06
-9.97041e-06
-2.3931e-05
-9.9702e-06
-9.9704e-06
-2.38167e-05
-9.9702e-06
-9.9704e-06
-2.37018e-05
-9.9702e-06
-9.9704e-06
-2.35865e-05
-9.9702e-06
-9.9704e-06
-2.34708e-05
-9.9702e-06
-9.9704e-06
-2.33547e-05
-9.9702e-06
-9.9704e-06
-2.32383e-05
-9.9702e-06
-9.97039e-06
-2.31216e-05
-9.9702e-06
-9.97039e-06
-2.30046e-05
-9.9702e-06
-9.97039e-06
-2.28873e-05
-9.9702e-06
-9.97039e-06
-2.27699e-05
-9.9702e-06
-9.97039e-06
-2.26522e-05
-9.9702e-06
-9.97038e-06
-2.25344e-05
-9.9702e-06
-9.97038e-06
-2.24164e-05
-9.9702e-06
-9.97038e-06
-2.22984e-05
-9.9702e-06
-9.97038e-06
-2.21803e-05
-9.9702e-06
-9.97038e-06
-2.20621e-05
-9.9702e-06
-9.97038e-06
-2.1944e-05
-9.9702e-06
-9.97037e-06
-2.18258e-05
-9.9702e-06
-9.97037e-06
-2.17078e-05
-9.9702e-06
-9.97037e-06
-2.15898e-05
-9.9702e-06
-9.97037e-06
-2.14719e-05
-9.9702e-06
-9.97037e-06
-2.13542e-05
-9.9702e-06
-9.97037e-06
-2.12367e-05
-9.9702e-06
-9.97036e-06
-2.11194e-05
-9.9702e-06
-9.97036e-06
-2.10024e-05
-9.9702e-06
-9.97036e-06
-2.08856e-05
-9.9702e-06
-9.97036e-06
-2.07692e-05
-9.9702e-06
-9.97036e-06
-2.06531e-05
-9.9702e-06
-9.97036e-06
-2.05374e-05
-9.9702e-06
-9.97035e-06
-2.04221e-05
-9.9702e-06
-9.97035e-06
-2.03073e-05
-9.9702e-06
-9.97035e-06
-2.0193e-05
-9.9702e-06
-9.97035e-06
-2.00792e-05
-9.9702e-06
-9.97035e-06
-1.9966e-05
-9.9702e-06
-9.97034e-06
-1.98534e-05
-9.9702e-06
-9.97034e-06
-1.97415e-05
-9.9702e-06
-9.97034e-06
-1.96302e-05
-9.9702e-06
-9.97034e-06
-1.95197e-05
-9.9702e-06
-9.97034e-06
-1.94099e-05
-9.9702e-06
-9.97034e-06
-1.9301e-05
-9.9702e-06
-9.97034e-06
-1.91929e-05
-9.9702e-06
-9.97033e-06
-1.90857e-05
-9.9702e-06
-9.97033e-06
-1.89794e-05
-9.9702e-06
-9.97033e-06
-1.8874e-05
-9.9702e-06
-9.97033e-06
-1.87697e-05
-9.9702e-06
-9.97033e-06
-1.86665e-05
-9.9702e-06
-9.97033e-06
-1.85643e-05
-9.9702e-06
-9.97032e-06
-1.84633e-05
-9.9702e-06
-9.97032e-06
-1.83635e-05
-9.9702e-06
-9.97032e-06
-1.82649e-05
-9.9702e-06
-9.97032e-06
-1.81676e-05
-9.9702e-06
-9.97032e-06
-1.80715e-05
-9.9702e-06
-9.97032e-06
-1.79769e-05
-9.9702e-06
-9.97032e-06
-1.78836e-05
-9.9702e-06
-9.97031e-06
-1.77918e-05
-9.9702e-06
-9.97031e-06
-1.77014e-05
-9.9702e-06
-9.97031e-06
-1.76126e-05
-9.9702e-06
-9.97031e-06
-1.75253e-05
-9.9702e-06
-9.97031e-06
-1.74397e-05
-9.9702e-06
-9.97031e-06
-1.73557e-05
-9.9702e-06
-9.97031e-06
-1.72734e-05
-9.9702e-06
-9.97031e-06
-1.71927e-05
-9.9702e-06
-9.9703e-06
-1.71139e-05
-9.9702e-06
-9.9703e-06
-1.70369e-05
-9.9702e-06
-9.9703e-06
-1.69617e-05
-9.9702e-06
-9.9703e-06
-1.68883e-05
-9.9702e-06
-9.9703e-06
-1.68169e-05
-9.9702e-06
-9.9703e-06
-1.67474e-05
-9.9702e-06
-9.9703e-06
-1.66799e-05
-9.9702e-06
-9.9703e-06
-1.66143e-05
-9.9702e-06
-9.9703e-06
-1.65509e-05
-9.9702e-06
-9.97029e-06
-1.64894e-05
-9.9702e-06
-9.97029e-06
-1.643e-05
-9.9702e-06
-9.97029e-06
-1.63728e-05
-9.9702e-06
-9.97029e-06
-1.63177e-05
-9.9702e-06
-9.97029e-06
-1.62647e-05
-9.9702e-06
-9.97029e-06
-1.62139e-05
-9.9702e-06
-9.97029e-06
-1.61652e-05
-9.9702e-06
-9.97029e-06
-1.61188e-05
-9.9702e-06
-9.97029e-06
-1.60746e-05
-9.9702e-06
-9.97029e-06
-1.60326e-05
-9.9702e-06
-9.97029e-06
-1.59928e-05
-9.9702e-06
-9.97029e-06
-1.59553e-05
-9.9702e-06
-9.97029e-06
-1.592e-05
-9.9702e-06
-9.97029e-06
-1.5887e-05
-9.9702e-06
-9.97029e-06
-1.58562e-05
-9.9702e-06
-9.97028e-06
-1.58276e-05
-9.9702e-06
-9.97028e-06
-1.58013e-05
-9.9702e-06
-9.97028e-06
-1.57772e-05
-9.9702e-06
-9.97028e-06
-1.57553e-05
-9.9702e-06
-9.97028e-06
-1.57356e-05
-9.9702e-06
-9.97028e-06
-1.57181e-05
-9.9702e-06
-9.97028e-06
-1.57028e-05
-9.9702e-06
-9.97028e-06
-1.56896e-05
-9.9702e-06
-9.97028e-06
-1.56785e-05
-9.9702e-06
-9.97028e-06
-1.56695e-05
-9.9702e-06
-9.97028e-06
-1.56627e-05
-9.9702e-06
-9.97028e-06
-1.56578e-05
-9.9702e-06
-9.97028e-06
-1.5655e-05
-9.9702e-06
-9.97028e-06
-1.56541e-05
-9.9702e-06
-9.97028e-06
-1.56552e-05
-9.9702e-06
-9.97028e-06
-1.56581e-05
-9.9702e-06
-9.97028e-06
-1.5663e-05
-9.9702e-06
-9.97028e-06
-1.56696e-05
-9.9702e-06
-9.97028e-06
-1.5678e-05
-9.9702e-06
-9.97028e-06
-1.56881e-05
-9.9702e-06
-9.97028e-06
-1.56999e-05
-9.9702e-06
-9.97028e-06
-1.57133e-05
-9.9702e-06
-9.97028e-06
-1.57282e-05
-9.9702e-06
-9.97028e-06
-1.57447e-05
-9.9702e-06
-9.97028e-06
-1.57626e-05
-9.9702e-06
-9.97028e-06
-1.57818e-05
-9.9702e-06
-9.97028e-06
-1.58025e-05
-9.9702e-06
-9.97028e-06
-1.58243e-05
-9.9702e-06
-9.97029e-06
-1.58474e-05
-9.9702e-06
-9.97029e-06
-1.58716e-05
-9.9702e-06
-9.97029e-06
-1.58969e-05
-9.9702e-06
-9.97029e-06
-1.59231e-05
-9.9702e-06
-9.97029e-06
-1.59503e-05
-9.9702e-06
-9.97029e-06
-1.59784e-05
-9.9702e-06
-9.97029e-06
-1.60073e-05
-9.9702e-06
-9.97029e-06
-1.60369e-05
-9.9702e-06
-9.97029e-06
-1.60671e-05
-9.9702e-06
-9.97029e-06
-1.60979e-05
-9.9702e-06
-9.97029e-06
-1.61293e-05
-9.9702e-06
-9.97029e-06
-1.6161e-05
-9.9702e-06
-9.97029e-06
-1.61932e-05
-9.9702e-06
-9.97029e-06
-1.62256e-05
-9.9702e-06
-9.97029e-06
-1.62583e-05
-9.9702e-06
-9.97029e-06
-1.62912e-05
-9.9702e-06
-9.97029e-06
-1.63241e-05
-9.9702e-06
-9.97029e-06
-1.6357e-05
-9.9702e-06
-9.97029e-06
-1.63899e-05
-9.9702e-06
-9.97029e-06
-1.64227e-05
-9.9702e-06
-9.97029e-06
-1.64553e-05
-9.9702e-06
-9.97029e-06
-1.64877e-05
-9.9702e-06
-9.9703e-06
-1.65197e-05
-9.9702e-06
-9.9703e-06
-1.65514e-05
-9.9702e-06
-9.9703e-06
-1.65826e-05
-9.9702e-06
-9.9703e-06
-1.66133e-05
-9.9702e-06
-9.9703e-06
-1.66434e-05
-9.9702e-06
-9.9703e-06
-1.66729e-05
-9.9702e-06
-9.9703e-06
-1.67018e-05
-9.9702e-06
-9.9703e-06
-1.67299e-05
-9.9702e-06
-9.9703e-06
-1.67572e-05
-9.9702e-06
-9.9703e-06
-1.67837e-05
-9.9702e-06
-9.9703e-06
-1.68093e-05
-9.9702e-06
-9.9703e-06
-1.68339e-05
-9.9702e-06
-9.9703e-06
-1.68576e-05
-9.9702e-06
-9.9703e-06
-1.68802e-05
-9.9702e-06
-9.9703e-06
-1.69018e-05
-9.9702e-06
-9.9703e-06
-1.69222e-05
-9.9702e-06
-9.9703e-06
-1.69415e-05
-9.9702e-06
-9.9703e-06
-1.69596e-05
-9.9702e-06
-9.9703e-06
-1.69765e-05
-9.9702e-06
-9.9703e-06
-1.69921e-05
-9.9702e-06
-9.9703e-06
-1.70064e-05
-9.9702e-06
-9.9703e-06
-1.70194e-05
-9.9702e-06
-9.9703e-06
-1.70311e-05
-9.9702e-06
-9.9703e-06
-1.70414e-05
-9.9702e-06
-9.9703e-06
-1.70503e-05
-9.9702e-06
-9.9703e-06
-1.70577e-05
-9.9702e-06
-9.9703e-06
-1.70638e-05
-9.9702e-06
-9.9703e-06
-1.70684e-05
-9.9702e-06
-1.70714e-05
-9.9702e-06
-1.71043e-05
-9.9702e-06
-1.71619e-05
-9.9702e-06
-1.71889e-05
-9.9702e-06
-1.71949e-05
-9.9702e-06
-1.7187e-05
-9.9702e-06
-1.71698e-05
-9.9702e-06
-1.71463e-05
-9.9702e-06
-1.71187e-05
-9.9702e-06
-1.70881e-05
-9.9702e-06
-1.70556e-05
-9.9702e-06
-1.70215e-05
-9.9702e-06
-1.69864e-05
-9.9702e-06
-1.69504e-05
-9.9702e-06
-1.69138e-05
-9.9702e-06
-1.68765e-05
-9.9702e-06
-1.68387e-05
-9.9702e-06
-1.68004e-05
-9.9702e-06
-1.67617e-05
-9.9702e-06
-1.67225e-05
-9.9702e-06
-1.66829e-05
-9.9702e-06
-1.66428e-05
-9.9702e-06
-1.66023e-05
-9.9702e-06
-1.65614e-05
-9.9702e-06
-1.652e-05
-9.9702e-06
-1.64782e-05
-9.9702e-06
-1.64359e-05
-9.9702e-06
-1.63932e-05
-9.9702e-06
-1.63501e-05
-9.9702e-06
-1.63065e-05
-9.9702e-06
-1.62624e-05
-9.9702e-06
-1.62179e-05
-9.9702e-06
-1.61729e-05
-9.9702e-06
-1.61275e-05
-9.9702e-06
-1.60816e-05
-9.9702e-06
-1.60352e-05
-9.9702e-06
-1.59884e-05
-9.9702e-06
-1.59417e-05
-9.9702e-06
-1.58937e-05
-9.9702e-06
-1.58454e-05
-9.9702e-06
-1.57967e-05
-9.9702e-06
-1.57476e-05
-9.9702e-06
-1.56981e-05
-9.9702e-06
-1.56481e-05
-9.9702e-06
-1.55977e-05
-9.9702e-06
-1.55468e-05
-9.9702e-06
-1.54955e-05
-9.9702e-06
-1.54437e-05
-9.9702e-06
-1.53915e-05
-9.9702e-06
-1.53389e-05
-9.9702e-06
-1.52858e-05
-9.9702e-06
-1.52324e-05
-9.9702e-06
-1.51785e-05
-9.9702e-06
-1.51242e-05
-9.9702e-06
-1.50695e-05
-9.9702e-06
-1.50143e-05
-9.9702e-06
-1.49588e-05
-9.9702e-06
-1.49038e-05
-9.9702e-06
-1.48484e-05
-9.9702e-06
-1.47927e-05
-9.9702e-06
-1.47365e-05
-9.9702e-06
-1.468e-05
-9.9702e-06
-1.46233e-05
-9.9702e-06
-1.45661e-05
-9.9702e-06
-9.97027e-06
-1.45088e-05
-9.9702e-06
-9.97027e-06
-1.45674e-05
-9.9702e-06
-9.97027e-06
-1.46276e-05
-9.9702e-06
-9.97027e-06
-1.46155e-05
-9.9702e-06
-9.97027e-06
-1.45935e-05
-9.9702e-06
-9.97027e-06
-1.45595e-05
-9.9702e-06
-9.97027e-06
-1.45166e-05
-9.9702e-06
-9.97026e-06
-1.44675e-05
-9.9702e-06
-9.97026e-06
-1.4414e-05
-9.9702e-06
-9.97026e-06
-1.43572e-05
-9.9702e-06
-9.97026e-06
-1.42979e-05
-9.9702e-06
-9.97026e-06
-1.42366e-05
-9.9702e-06
-9.97026e-06
-1.41736e-05
-9.9702e-06
-9.97026e-06
-1.41093e-05
-9.9702e-06
-9.97026e-06
-1.40437e-05
-9.9702e-06
-9.97026e-06
-1.3977e-05
-9.9702e-06
-9.97026e-06
-1.39092e-05
-9.9702e-06
-9.97026e-06
-1.38404e-05
-9.9702e-06
-9.97025e-06
-1.37707e-05
-9.9702e-06
-9.97025e-06
-1.37001e-05
-9.9702e-06
-9.97025e-06
-1.36286e-05
-9.9702e-06
-9.97025e-06
-1.35562e-05
-9.9702e-06
-9.97025e-06
-1.3483e-05
-9.9702e-06
-9.97025e-06
-1.34091e-05
-9.9702e-06
-9.97025e-06
-1.33343e-05
-9.9702e-06
-9.97025e-06
-1.32588e-05
-9.9702e-06
-9.97025e-06
-1.31827e-05
-9.9702e-06
-9.97024e-06
-1.31058e-05
-9.9702e-06
-9.97024e-06
-1.30283e-05
-9.9702e-06
-9.97024e-06
-1.29502e-05
-9.9702e-06
-9.97024e-06
-1.28716e-05
-9.9702e-06
-9.97024e-06
-1.27924e-05
-9.9702e-06
-9.97024e-06
-1.27127e-05
-9.9702e-06
-9.97024e-06
-1.26327e-05
-9.9702e-06
-9.97024e-06
-1.25522e-05
-9.9702e-06
-9.97023e-06
-1.24713e-05
-9.9702e-06
-9.97023e-06
-1.23901e-05
-9.9702e-06
-9.97023e-06
-1.23087e-05
-9.9702e-06
-9.97023e-06
-1.22271e-05
-9.9702e-06
-9.97023e-06
-1.21453e-05
-9.9702e-06
-9.97023e-06
-1.20634e-05
-9.9702e-06
-9.97023e-06
-1.19814e-05
-9.9702e-06
-9.97023e-06
-1.18995e-05
-9.9702e-06
-9.97023e-06
-1.18175e-05
-9.9702e-06
-9.97022e-06
-1.17357e-05
-9.9702e-06
-9.97022e-06
-1.1654e-05
-9.9702e-06
-9.97022e-06
-1.15726e-05
-9.9702e-06
-9.97022e-06
-1.14914e-05
-9.9702e-06
-9.97022e-06
-1.14105e-05
-9.9702e-06
-9.97022e-06
-1.133e-05
-9.9702e-06
-9.97022e-06
-1.125e-05
-9.9702e-06
-9.97022e-06
-1.11704e-05
-9.9702e-06
-9.97021e-06
-1.10914e-05
-9.9702e-06
-9.97021e-06
-1.1013e-05
-9.9702e-06
-9.97021e-06
-1.09353e-05
-9.9702e-06
-9.97021e-06
-1.08583e-05
-9.9702e-06
-9.97021e-06
-1.0782e-05
-9.9702e-06
-9.97021e-06
-1.07066e-05
-9.9702e-06
-9.97021e-06
-1.06321e-05
-9.9702e-06
-9.97021e-06
-1.05585e-05
-9.9702e-06
-9.97021e-06
-1.04859e-05
-9.9702e-06
-9.9702e-06
-1.04144e-05
-9.9702e-06
-9.9702e-06
-1.0344e-05
-9.9702e-06
-9.9702e-06
-1.02759e-05
-9.9702e-06
-9.9702e-06
-1.02109e-05
-9.9702e-06
-9.9702e-06
-1.01482e-05
-9.90069e-06
-9.90069e-06
-9.94984e-06
-9.54082e-06
-9.54082e-06
-9.34625e-06
-8.63647e-06
-8.63646e-06
-8.08892e-06
-6.97162e-06
-6.9716e-06
-5.96646e-06
-4.33927e-06
-4.33924e-06
-2.77598e-06
-5.40419e-07
-5.40386e-07
1.67776e-06
4.61647e-06
4.61651e-06
7.58271e-06
1.13158e-05
1.13158e-05
1.51197e-05
1.97349e-05
1.9735e-05
2.44627e-05
3.00443e-05
3.00444e-05
3.57787e-05
4.24074e-05
4.24075e-05
4.92276e-05
5.69807e-05
5.69808e-05
6.49625e-05
7.39137e-05
7.39138e-05
8.31291e-05
9.33487e-05
9.33488e-05
0.000103866
0.000115421
0.000115421
0.000127306
0.000140259
0.000140259
0.000153572
0.000167982
0.000167982
0.000182783
0.000198705
0.000198706
0.000215046
0.000232534
0.000232534
0.000250466
0.000269567
0.000269568
0.000289137
0.000309896
0.000309896
0.000331146
0.000353604
0.000353605
0.000376575
0.000400769
0.000400769
0.000425494
0.000451458
0.000451458
0.00047797
0.000505733
0.000505733
0.00053406
0.000563648
0.000563648
0.000593815
0.000625249
0.000625249
0.000657276
0.000690575
0.000690576
0.000724479
0.000759658
0.000759659
0.000795451
0.000832521
0.000832522
0.000870213
0.000909181
0.000909182
0.000948777
0.000989646
0.000989647
0.00103115
0.00107392
0.00107392
0.00111732
0.00116199
0.00116199
0.00120729
0.00125385
0.00125385
0.00130104
0.00134948
0.00134948
0.00139855
0.00144884
0.00144884
0.00149977
0.00155191
0.00155191
0.00160468
0.00165864
0.00165864
0.00171322
0.00176898
0.00176898
0.00182535
0.00188288
0.00188288
0.001941
0.00200026
0.00200026
0.00206011
0.00212107
0.00212107
0.0021826
0.00224521
0.00224521
0.00230838
0.00237261
0.00237261
0.00243738
0.00250318
0.00250318
0.0025695
0.00263681
0.00263681
0.00270463
0.00277341
0.00277341
0.00284266
0.00291285
0.00291285
0.00298349
0.00305502
0.00305502
0.00312698
0.0031998
0.0031998
0.00327302
0.00334705
0.00334705
0.00342146
0.00349663
0.00349664
0.00357216
0.00364841
0.00364841
0.00372498
0.00380223
0.00380223
0.00387976
0.00395793
0.00395793
0.00403635
0.00411536
0.00411536
0.00419458
0.00427433
0.00427433
0.00435427
0.00443469
0.00443469
0.00451524
0.00459623
0.00459624
0.00467732
0.00475879
0.00475879
0.00484032
0.00492217
0.00492217
0.00500403
0.00508616
0.00508616
0.00516826
0.00525057
0.00525057
0.00533281
0.00541519
0.00541519
0.00549745
0.0055798
0.0055798
0.00566197
0.00574417
0.00574418
0.00582615
0.0059081
0.0059081
0.00598977
0.00607134
0.00607134
0.00615258
0.00623366
0.00623366
0.00631435
0.00639482
0.00639482
0.00647484
0.00655457
0.00655457
0.0066338
0.00671266
0.00671266
0.00679097
0.00686884
0.00686884
0.0069461
0.00702285
0.00702285
0.00709893
0.00717442
0.00717442
0.00724918
0.00732329
0.00732329
0.00739659
0.00746917
0.00746917
0.00754088
0.00761179
0.00761179
0.00768178
0.00775087
0.00775088
0.00781898
0.00788613
0.00788613
0.00795222
0.00801726
0.00801726
0.00808118
0.00814399
0.00814399
0.00820559
0.008266
0.008266
0.00832513
0.00838299
0.00838299
0.00843951
0.00849467
0.00849467
0.00854841
0.00860071
0.00860071
0.00865153
0.00870082
0.00870082
0.00874854
0.00879466
0.00879466
0.00883914
0.00888194
0.00888194
0.00892301
0.00896232
0.00896232
0.00899983
0.00903543
0.00903543
0.00906919
0.00910099
0.00910099
0.00913085
0.00915868
0.00915868
0.00918447
0.00920814
0.00920814
0.00922969
0.00924904
0.00924904
0.00926619
0.00928105
0.00928105
0.00929362
0.00930381
0.00930381
0.00931163
0.00931699
0.00931699
0.00931989
0.00932023
0.00932023
0.00931804
0.0093132
0.0093132
0.00930574
0.00929554
0.00929554
0.00928263
0.00926689
0.00926689
0.00924836
0.00922692
0.00922692
0.00920258
0.00917525
0.00917525
0.00914494
0.00911154
0.00911154
0.00907507
0.00903543
0.00903543
0.00899262
0.00894656
0.00894656
0.00889724
0.00884457
0.00884457
0.00878856
0.00872911
0.00872911
0.00866622
0.00859981
0.00859981
0.00852987
0.00845632
0.00845632
0.00837915
0.00829828
0.00829827
0.00821369
0.00812532
0.00812532
0.00803314
0.00793709
0.00793708
0.00783713
0.00773322
0.00773322
0.00762532
0.00751337
0.00751337
0.00739733
0.00727716
0.00727715
0.00715281
0.00702423
0.00702423
0.00689139
0.00675426
0.00675426
0.00661277
0.00646689
0.00646689
0.00631655
0.00616175
0.00616175
0.00600239
0.00583849
0.00583849
0.00566993
0.00549676
0.00549676
0.00531884
0.00513622
0.00513622
0.00494876
0.00475652
0.00475652
0.00455935
0.00435732
0.00435732
0.00415027
0.00393829
0.00393829
0.00372118
0.00349908
0.00349908
0.00327175
0.00303936
0.00303936
0.00280166
0.00255881
0.00255881
0.00231056
0.0020571
0.00205709
0.00179814
0.0015339
0.00153389
0.00126407
0.000988898
0.000988893
0.000708044
0.00042178
0.000421776
0.000129745
-1e-05
-1.00045e-05
-1.00045e-05
-1.00045e-05
-1.00045e-05
-9.9702e-06
-9.9576e-06
-2.10116e-05
-9.9702e-06
-9.86926e-06
-1.9064e-05
-9.9702e-06
-9.88961e-06
-1.84234e-05
-9.9702e-06
-9.89433e-06
-1.80592e-05
-9.9702e-06
-9.89541e-06
-1.78684e-05
-9.9702e-06
-9.89498e-06
-1.77876e-05
-9.9702e-06
-9.89369e-06
-1.77762e-05
-9.9702e-06
-9.89185e-06
-1.78085e-05
-9.9702e-06
-9.88964e-06
-1.78681e-05
-9.9702e-06
-1.31528e-06
1.71405e-05
1.97602e-05
2.08363e-05
1.319e-05
-5.71378e-06
-4.93626e-06
-3.33576e-05
-9.9702e-06
-9.56261e-06
-1.90908e-05
-9.9702e-06
-9.42087e-06
-1.83718e-05
-9.9702e-06
-9.43352e-06
-1.8161e-05
-9.9702e-06
-9.44213e-06
-1.80597e-05
-9.9702e-06
-9.44564e-06
-1.03109e-05
-1.03109e-05
-1.02257e-05
-9.9702e-06
-9.97035e-06
-1.98858e-05
-9.9702e-06
-9.97035e-06
-2.00221e-05
-9.9702e-06
-9.97035e-06
-2.01006e-05
-9.9702e-06
-9.97035e-06
-2.01826e-05
-9.9702e-06
-9.97035e-06
-2.02697e-05
-9.9702e-06
-9.97035e-06
-2.03597e-05
-9.9702e-06
-9.97035e-06
-2.04508e-05
-9.9702e-06
-9.97036e-06
-2.05416e-05
-9.9702e-06
-9.97036e-06
-2.06314e-05
-9.9702e-06
-9.97036e-06
-2.07196e-05
-9.9702e-06
-9.97036e-06
-2.08058e-05
-9.9702e-06
-9.97036e-06
-2.08897e-05
-9.9702e-06
-9.97036e-06
-2.0971e-05
-9.9702e-06
-9.97036e-06
-2.10497e-05
-9.9702e-06
-9.97036e-06
-2.11256e-05
-9.9702e-06
-9.97036e-06
-2.11985e-05
-9.9702e-06
-9.97037e-06
-2.12685e-05
-9.9702e-06
-9.97037e-06
-2.13353e-05
-9.9702e-06
-9.97037e-06
-2.1399e-05
-9.9702e-06
-9.97037e-06
-2.14595e-05
-9.9702e-06
-9.97037e-06
-2.15168e-05
-9.9702e-06
-9.97037e-06
-2.15707e-05
-9.9702e-06
-9.97037e-06
-2.16212e-05
-9.9702e-06
-9.97037e-06
-2.16683e-05
-9.9702e-06
-9.97037e-06
-2.17119e-05
-9.9702e-06
-9.97037e-06
-2.17519e-05
-9.9702e-06
-9.97037e-06
-2.17884e-05
-9.9702e-06
-9.97037e-06
-2.18213e-05
-9.9702e-06
-9.97037e-06
-2.18506e-05
-9.9702e-06
-9.97038e-06
-2.18762e-05
-9.9702e-06
-9.97038e-06
-2.1898e-05
-9.9702e-06
-9.97038e-06
-2.19161e-05
-9.9702e-06
-9.97038e-06
-2.19304e-05
-9.9702e-06
-9.97038e-06
-2.19409e-05
-9.9702e-06
-9.97038e-06
-2.19476e-05
-9.9702e-06
-9.97038e-06
-2.19504e-05
-9.9702e-06
-9.97038e-06
-2.19493e-05
-9.9702e-06
-9.97038e-06
-2.19443e-05
-9.9702e-06
-9.97038e-06
-2.19354e-05
-9.9702e-06
-9.97038e-06
-2.19226e-05
-9.9702e-06
-9.97038e-06
-2.19058e-05
-9.9702e-06
-9.97038e-06
-2.18851e-05
-9.9702e-06
-9.97037e-06
-2.18604e-05
-9.9702e-06
-9.97037e-06
-2.18318e-05
-9.9702e-06
-9.97037e-06
-2.17992e-05
-9.9702e-06
-9.97037e-06
-2.17627e-05
-9.9702e-06
-9.97037e-06
-2.17222e-05
-9.9702e-06
-9.97037e-06
-2.16777e-05
-9.9702e-06
-9.97037e-06
-2.16293e-05
-9.9702e-06
-2.15768e-05
-9.9702e-06
-2.12523e-05
-9.9702e-06
-2.11114e-05
-9.9702e-06
-2.10493e-05
-9.9702e-06
-2.09555e-05
-9.9702e-06
-2.08887e-05
-9.9702e-06
-2.083e-05
-9.9702e-06
-2.07762e-05
-9.9702e-06
-2.07249e-05
-9.9702e-06
-2.06747e-05
-9.9702e-06
-2.06246e-05
-9.9702e-06
-2.05738e-05
-9.9702e-06
-2.05221e-05
-9.9702e-06
-1.85113e-05
-1.85113e-05
-9.9702e-06
-2.02884e-05
-9.9702e-06
-2.03583e-05
-9.9702e-06
-2.03053e-05
-9.9702e-06
-2.02444e-05
-9.9702e-06
-2.01813e-05
-9.9702e-06
-2.01163e-05
-9.9702e-06
-2.00494e-05
-9.9702e-06
-1.99805e-05
-9.9702e-06
-1.99095e-05
-9.9702e-06
-1.98364e-05
-9.9702e-06
-1.97611e-05
-9.9702e-06
-1.96835e-05
-9.9702e-06
-9.97034e-06
-1.96038e-05
-9.9702e-06
-9.97034e-06
-1.92554e-05
-9.9702e-06
-9.97033e-06
-1.90439e-05
-9.9702e-06
-9.97033e-06
-1.88541e-05
-9.9702e-06
-9.97033e-06
-1.8676e-05
-9.9702e-06
-9.97032e-06
-1.85044e-05
-9.9702e-06
-9.97032e-06
-1.83361e-05
-9.9702e-06
-9.97032e-06
-1.81693e-05
-9.9702e-06
-9.97032e-06
-1.80025e-05
-9.9702e-06
-9.97031e-06
-1.78349e-05
-9.9702e-06
-9.97031e-06
-1.76659e-05
-9.9702e-06
-9.97031e-06
-1.74952e-05
-9.9702e-06
-9.97031e-06
-1.73227e-05
-9.9702e-06
-9.9703e-06
-1.71482e-05
-9.9702e-06
-9.9703e-06
-1.69717e-05
-9.9702e-06
-9.9703e-06
-1.67932e-05
-9.9702e-06
-9.9703e-06
-1.66128e-05
-9.9702e-06
-9.97029e-06
-1.64304e-05
-9.9702e-06
-9.97029e-06
-1.62461e-05
-9.9702e-06
-9.97029e-06
-1.60601e-05
-9.9702e-06
-9.97029e-06
-1.58724e-05
-9.9702e-06
-9.97028e-06
-1.56831e-05
-9.9702e-06
-9.97028e-06
-1.54922e-05
-9.9702e-06
-9.97028e-06
-1.52999e-05
-9.9702e-06
-9.97027e-06
-1.51062e-05
-9.9702e-06
-9.97027e-06
-1.49113e-05
-9.9702e-06
-9.97027e-06
-1.47152e-05
-9.9702e-06
-9.97027e-06
-1.4518e-05
-9.9702e-06
-9.97026e-06
-1.43199e-05
-9.9702e-06
-9.97026e-06
-1.41209e-05
-9.9702e-06
-9.97026e-06
-1.39211e-05
-9.9702e-06
-9.97025e-06
-1.37207e-05
-9.9702e-06
-9.97025e-06
-1.35196e-05
-9.9702e-06
-9.97025e-06
-1.33181e-05
-9.9702e-06
-9.97024e-06
-1.31162e-05
-9.9702e-06
-9.97024e-06
-1.2914e-05
-9.9702e-06
-9.97024e-06
-1.27116e-05
-9.9702e-06
-9.97024e-06
-1.25091e-05
-9.9702e-06
-9.97023e-06
-1.23066e-05
-9.9702e-06
-9.97023e-06
-1.21042e-05
-9.9702e-06
-9.97023e-06
-1.1902e-05
-9.9702e-06
-9.97022e-06
-1.17001e-05
-9.9702e-06
-9.97022e-06
-1.14985e-05
-9.9702e-06
-9.97022e-06
-1.12975e-05
-9.9702e-06
-9.97021e-06
-1.1097e-05
-9.9702e-06
-9.97021e-06
-1.08971e-05
-9.9702e-06
-9.97021e-06
-1.0698e-05
-9.9702e-06
-9.97021e-06
-1.04998e-05
-9.9702e-06
-9.9702e-06
-1.03025e-05
-9.9702e-06
-9.9702e-06
-1.01072e-05
-9.85141e-06
-9.9702e-06
-9.80261e-06
-9.19718e-06
-9.31808e-06
-8.48853e-06
-7.04688e-06
-7.16867e-06
-5.33384e-06
-2.71827e-06
-2.84084e-06
3.32308e-07
4.45052e-06
4.32726e-06
9.16374e-06
1.5106e-05
1.49822e-05
2.18003e-05
2.98818e-05
2.97574e-05
3.88695e-05
4.93997e-05
4.92749e-05
6.09878e-05
7.42708e-05
7.41457e-05
8.87611e-05
0.000105096
0.000104971
0.000122785
0.000142465
0.00014234
0.000163645
0.000186959
0.000186834
0.000211915
0.000239148
0.000239022
0.000268162
0.00029959
0.000299465
0.000332938
0.000368836
0.000368712
0.000406789
0.000447424
0.0004473
0.000490247
0.000535881
0.000535758
0.000583834
0.000634724
0.000634602
0.000688062
0.00074446
0.000744339
0.000803431
0.000865582
0.000865462
0.000930429
0.000998573
0.000998455
0.00106953
0.00114391
0.00114379
0.00122121
0.00130204
0.00130193
0.00138592
0.00147342
0.00147331
0.0015641
0.00165849
0.00165838
0.00175617
0.00185768
0.00185757
0.00196257
0.00207138
0.00207128
0.00218369
0.00230001
0.00229991
0.00241993
0.00254395
0.00254385
0.00267167
0.00280358
0.00280349
0.00293929
0.00307926
0.00307917
0.00322313
0.00337135
0.00337127
0.00352356
0.00368019
0.0036801
0.00384089
0.00400609
0.00400601
0.00417546
0.00434938
0.00434931
0.00452756
0.00471036
0.00471029
0.0048975
0.00508933
0.00508926
0.00528557
0.00548655
0.00548649
0.00569202
0.00590229
0.00590224
0.00611713
0.00633682
0.00633677
0.00656114
0.00679036
0.00679032
0.00702429
0.00726316
0.00726312
0.0075068
0.00775542
0.00775539
0.00800889
0.00826736
0.00826734
0.00853074
0.00879917
0.00879915
0.00907256
0.00935102
0.00935102
0.00963452
0.0099231
0.0099231
0.0102168
0.0105156
0.0105156
0.0108195
0.0111285
0.0111285
0.0114427
0.0117622
0.0117622
0.0120868
0.0124167
0.0124167
0.0127517
0.0130921
0.0130921
0.0134376
0.0137397
0.0137397
0.014077
0.014
0.014
0.0140156
0.014
0.014
0.0140106
0.0140106
0.0140106
0.014
0.014
0.0140103
0.014
0.014
0.0140094
0.014
0.014
0.0140088
0.014
0.014
0.0140084
0.014
0.014
0.0140082
0.014
0.014
0.014008
0.014
0.014
0.0140079
0.014
0.014
0.0140079
0.014
0.014
0.0140079
0.014
0.014
0.0140079
0.014
0.014
0.0140079
0.014
0.014
0.0140079
0.014
0.014
0.0140079
0.014
0.014
0.0140079
0.014
0.014
0.014008
0.014
0.014
0.014008
0.014
0.014
0.014008
0.014
0.014
0.0140081
0.014
0.014
0.0140081
0.014
0.014
0.0140081
0.014
0.014
0.0140081
0.014
0.014
0.0140082
0.014
0.014
0.0140082
0.014
0.014
0.0140082
0.014
0.014
0.0140082
0.014
0.014
0.0140082
0.014
0.014
0.0140082
0.014
0.014
0.0140083
0.014
0.014
0.0140083
0.014
0.014
0.0140083
0.014
0.014
0.0140083
0.014
0.014
0.0140083
0.014
0.014
0.0140083
0.014
0.014
0.0140083
0.014
0.014
0.0140083
0.014
0.014
0.0140083
0.014
0.014
0.0140083
0.014
0.014
0.0140083
0.014
0.014
0.0140083
0.014
0.014
0.0140083
0.014
0.014
0.0140083
0.014
0.014
0.0140083
0.014
0.014
0.0140083
0.014
0.014
0.0140083
0.014
0.014
0.0140082
0.014
0.014
0.0140082
0.014
0.014
0.0140082
0.014
0.014
0.0140082
0.014
0.014
0.0140082
0.014
0.014
0.0140082
0.014
0.014
0.0140081
0.014
0.014
0.0140081
0.014
0.014
0.0140081
0.014
0.014
0.0140081
0.014
0.014
0.014008
0.014
0.014
0.014008
0.014
0.014
0.014008
0.014
0.014
0.0140079
0.014
0.014
0.0140079
0.014
0.014
0.0140079
0.014
0.014
0.0140078
0.014
0.014
0.0140078
0.014
0.014
0.0140078
0.014
0.014
0.0140077
0.014
0.014
0.0140077
0.014
0.014
0.0140076
0.014
0.014
0.0140076
0.014
0.014
0.0140075
0.014
0.014
0.0140075
0.014
0.014
0.0140074
0.014
0.014
0.0140074
0.014
0.014
0.0140073
0.014
0.014
0.0140073
0.014
0.014
0.0140072
0.014
0.014
0.0140071
0.014
0.014
0.0140071
0.014
0.014
0.014007
0.014
0.014
0.014007
0.014
0.014
0.0140069
0.014
0.014
0.0140068
0.014
0.014
0.0140067
0.014
0.014
0.0140067
0.014
0.014
0.0140066
0.014
0.014
0.0140065
0.014
0.014
0.0140064
0.014
0.014
0.0140063
0.014
0.014
0.0140062
0.014
0.014
0.0140062
0.014
0.014
0.0140061
0.014
0.014
0.014006
0.014
0.014
0.0140059
0.014
0.014
0.0140058
0.014
0.014
0.0140057
0.014
0.014
0.0140056
0.014
0.014
0.0140055
0.014
0.014
0.0140054
0.014
0.014
0.0140053
0.014
0.014
0.0140052
0.014
0.014
0.014005
0.014
0.014
0.0140049
0.014
0.014
0.0140048
0.014
0.014
0.0140047
0.014
0.014
0.0140046
0.014
0.014
0.0140044
0.014
0.014
0.0140043
0.014
0.014
0.0140042
0.014
0.014
0.0140041
0.014
0.014
0.0140039
0.014
0.014
0.0140038
0.014
0.014
0.0140037
0.014
0.014
0.0140035
0.014
0.014
0.0140034
0.014
0.014
0.0140033
0.014
0.014
0.0140031
0.014
0.014
0.014003
0.014
0.014
0.0140029
0.014
0.014
0.0140027
0.014
0.014
0.0140026
0.014
0.014
0.0140024
0.014
0.014
0.0140023
0.014
0.014
0.0140021
0.014
0.014
0.014002
0.014
0.014
0.0140018
0.014
0.014
0.0140017
0.014
0.014
0.0140015
0.014
0.014
0.0140014
0.014
0.014
0.0140012
0.014
0.014
0.0140011
0.014
0.014
0.0140009
0.014
0.014
0.0140008
0.014
0.014
0.0140006
0.014
0.014
0.0140005
0.014
0.014
0.0140003
0.014
0.014
0.0140002
0.014
0.014
0.014
0.014
0.014
0.0139999
0.0139998
0.0139998
0.0139994
0.0139988
0.0139988
0.0139977
0.0139963
0.0139963
0.0139943
0.0139919
0.0139919
0.0139887
0.013985
0.013985
0.0139804
0.0139751
0.0139751
0.0139688
0.0139616
0.0139616
0.0139534
0.0139442
0.0139442
0.0139338
0.0139223
0.0139223
0.0139094
0.0138953
0.0138953
0.0138798
0.0138629
0.0138629
0.0138445
0.0138246
0.0138246
0.013803
0.0137798
0.0137798
0.0137549
0.0137282
0.0137282
0.0136997
0.0136693
0.0136693
0.013637
0.0136027
0.0136027
0.0135663
0.0135279
0.0135279
0.0134872
0.0134444
0.0134444
0.0133993
0.013352
0.013352
0.0133022
0.0132501
0.0132501
0.0131954
0.0131383
0.0131383
0.0130786
0.0130164
0.0130164
0.0129514
0.0128838
0.0128838
0.0128133
0.0127402
0.0127402
0.0126641
0.0125852
0.0125852
0.0125033
0.0124186
0.0124186
0.0123307
0.0122398
0.0122398
0.0121458
0.0120487
0.0120487
0.0119483
0.0118448
0.0118448
0.0117379
0.0116278
0.0116278
0.0115143
0.0113975
0.0113975
0.0112772
0.0111535
0.0111535
0.0110262
0.0108955
0.0108955
0.0107612
0.0106233
0.0106233
0.0104818
0.0103366
0.0103366
0.0101877
0.0100351
0.0100351
0.00987876
0.00971863
0.00971863
0.00955465
0.00938687
0.00938686
0.00921518
0.00903961
0.00903961
0.0088601
0.00867665
0.00867665
0.00848921
0.00829778
0.00829778
0.00810231
0.00790279
0.00790279
0.00769919
0.0074915
0.0074915
0.00727969
0.00706375
0.00684364
0.00661853
0.00638888
0.00615399
0.00591453
0.00566989
0.00542058
0.00516609
0.00490685
0.00464248
0.00437335
0.00409913
0.00382016
0.00353613
0.00324735
0.00295357
0.00265505
0.00235158
0.00204339
0.00173031
0.00141253
0.00108993
0.00076264
0.000430591
9.3883e-05
-1e-05
-1.00051e-05
-1.00051e-05
-9.9702e-06
-1.95862e-05
-4.30136e-06
-1.30707e-05
-9.9702e-06
-2.01354e-05
-9.9702e-06
-1.88048e-05
-9.9702e-06
-1.79861e-05
-9.9702e-06
-1.74497e-05
-9.9702e-06
-1.70624e-05
-9.9702e-06
-1.67906e-05
-9.9702e-06
-1.65963e-05
-9.9702e-06
-1.64545e-05
-9.9702e-06
-1.63486e-05
-9.9702e-06
-1.6251e-05
-9.9702e-06
-1.61619e-05
-9.9702e-06
-1.60832e-05
-9.9702e-06
-1.60115e-05
-9.9702e-06
-1.59444e-05
-9.9702e-06
-1.58803e-05
-9.9702e-06
-1.58178e-05
-9.9702e-06
-1.57563e-05
-9.9702e-06
-1.56951e-05
-9.9702e-06
-1.56339e-05
-9.9702e-06
-1.55725e-05
-9.9702e-06
-1.55107e-05
-9.9702e-06
-1.54485e-05
-9.9702e-06
-1.53857e-05
-9.9702e-06
-1.53225e-05
-9.9702e-06
-1.52587e-05
-9.9702e-06
-1.51944e-05
-9.9702e-06
-1.51297e-05
-9.9702e-06
-1.50645e-05
-9.9702e-06
-1.49989e-05
-9.9702e-06
-1.4933e-05
-9.9702e-06
-1.48667e-05
-9.9702e-06
-9.97026e-06
-1.57876e-05
-9.9702e-06
-9.97027e-06
-1.5965e-05
-9.9702e-06
-9.97027e-06
-1.60588e-05
-9.9702e-06
-9.97027e-06
-1.61193e-05
-9.9702e-06
-9.97027e-06
-1.616e-05
-9.9702e-06
-9.97027e-06
-1.61874e-05
-9.9702e-06
-9.97027e-06
-1.62056e-05
-9.9702e-06
-9.97027e-06
-1.62172e-05
-9.9702e-06
-9.97027e-06
-1.62241e-05
-9.9702e-06
-9.97027e-06
-1.62275e-05
-9.9702e-06
-9.97027e-06
-1.62282e-05
-9.9702e-06
-9.97027e-06
-1.62268e-05
-9.9702e-06
-9.97027e-06
-1.62236e-05
-9.9702e-06
-9.97026e-06
-1.62212e-05
-9.9702e-06
-9.97026e-06
-1.6218e-05
-9.9702e-06
-9.97026e-06
-1.62134e-05
-9.9702e-06
-9.97026e-06
-1.62076e-05
-9.9702e-06
-9.97026e-06
-1.62007e-05
-9.9702e-06
-9.97026e-06
-1.61295e-05
-9.9702e-06
-9.97026e-06
-1.61942e-05
-9.9702e-06
-9.97026e-06
-1.61777e-05
-9.9702e-06
-9.97026e-06
-1.61815e-05
-9.9702e-06
-9.97026e-06
-1.61694e-05
-9.9702e-06
-9.97026e-06
-1.61589e-05
-9.9702e-06
-9.97026e-06
-1.61478e-05
-9.9702e-06
-9.97026e-06
-1.6136e-05
-9.9702e-06
-9.97026e-06
-1.61234e-05
-9.9702e-06
-9.97025e-06
-1.611e-05
-9.9702e-06
-9.97025e-06
-1.6096e-05
-9.9702e-06
-9.97025e-06
-1.60811e-05
-9.9702e-06
-9.97025e-06
-1.60656e-05
-9.9702e-06
-9.97025e-06
-1.60494e-05
-9.9702e-06
-9.97025e-06
-1.60326e-05
-9.9702e-06
-9.97025e-06
-1.60151e-05
-9.9702e-06
-9.97025e-06
-1.5997e-05
-9.9702e-06
-9.97025e-06
-1.59783e-05
-9.9702e-06
-9.97025e-06
-1.59591e-05
-9.9702e-06
-9.97025e-06
-1.59393e-05
-9.9702e-06
-9.97025e-06
-1.59191e-05
-9.9702e-06
-9.97025e-06
-1.58984e-05
-9.9702e-06
-9.97024e-06
-1.58772e-05
-9.9702e-06
-9.97024e-06
-1.58557e-05
-9.9702e-06
-9.97024e-06
-1.58339e-05
-9.9702e-06
-9.97024e-06
-1.58117e-05
-9.9702e-06
-9.97024e-06
-1.57893e-05
-9.9702e-06
-9.97024e-06
-1.57667e-05
-9.9702e-06
-9.97024e-06
-1.57439e-05
-9.9702e-06
-9.97024e-06
-1.57209e-05
-9.9702e-06
-9.97024e-06
-1.56979e-05
-9.9702e-06
-9.97024e-06
-1.56748e-05
-9.9702e-06
-9.97024e-06
-1.56518e-05
-9.9702e-06
-9.97024e-06
-1.56288e-05
-9.9702e-06
-9.97024e-06
-1.5606e-05
-9.9702e-06
-9.97023e-06
-1.55833e-05
-9.9702e-06
-9.97023e-06
-1.55608e-05
-9.9702e-06
-9.97023e-06
-1.55387e-05
-9.9702e-06
-9.97023e-06
-1.55168e-05
-9.9702e-06
-9.97023e-06
-1.54954e-05
-9.9702e-06
-9.97023e-06
-1.54744e-05
-9.9702e-06
-9.97023e-06
-1.54539e-05
-9.9702e-06
-9.97023e-06
-1.5434e-05
-9.9702e-06
-9.97023e-06
-1.54148e-05
-9.9702e-06
-9.97023e-06
-1.53962e-05
-9.9702e-06
-9.97023e-06
-1.53783e-05
-9.9702e-06
-9.97023e-06
-1.53613e-05
-9.9702e-06
-9.97023e-06
-1.53452e-05
-9.9702e-06
-9.97023e-06
-1.533e-05
-9.9702e-06
-9.97023e-06
-1.53157e-05
-9.9702e-06
-9.97022e-06
-1.53026e-05
-9.9702e-06
-9.97022e-06
-1.52905e-05
-9.9702e-06
-9.97022e-06
-1.52797e-05
-9.9702e-06
-9.97022e-06
-1.527e-05
-9.9702e-06
-9.97022e-06
-1.52617e-05
-9.9702e-06
-9.97022e-06
-1.52547e-05
-9.9702e-06
-9.97022e-06
-1.52491e-05
-9.9702e-06
-9.97022e-06
-1.5245e-05
-9.9702e-06
-9.97022e-06
-1.52424e-05
-9.9702e-06
-9.97022e-06
-1.52413e-05
-9.9702e-06
-9.97022e-06
-1.5242e-05
-9.9702e-06
-9.97022e-06
-1.52443e-05
-9.9702e-06
-9.97022e-06
-1.52483e-05
-9.9702e-06
-9.97022e-06
-1.52541e-05
-9.9702e-06
-9.97022e-06
-1.52618e-05
-9.9702e-06
-9.97022e-06
-1.52713e-05
-9.9702e-06
-9.97022e-06
-1.52828e-05
-9.9702e-06
-9.97022e-06
-1.52963e-05
-9.9702e-06
-9.97022e-06
-1.53117e-05
-9.9702e-06
-9.97022e-06
-1.53293e-05
-9.9702e-06
-9.97022e-06
-1.53489e-05
-9.9702e-06
-9.97022e-06
-1.53707e-05
-9.9702e-06
-9.97022e-06
-1.53946e-05
-9.9702e-06
-9.97022e-06
-1.54208e-05
-9.9702e-06
-9.97022e-06
-1.54491e-05
-9.9702e-06
-9.97022e-06
-1.54798e-05
-9.9702e-06
-9.97022e-06
-1.55127e-05
-9.9702e-06
-9.97022e-06
-1.55479e-05
-9.9702e-06
-9.97022e-06
-1.55855e-05
-9.9702e-06
-9.97022e-06
-1.56254e-05
-9.9702e-06
-9.97022e-06
-1.56677e-05
-9.9702e-06
-9.97022e-06
-1.57124e-05
-9.9702e-06
-9.97022e-06
-1.57594e-05
-9.9702e-06
-9.97022e-06
-1.58089e-05
-9.9702e-06
-9.97022e-06
-1.58607e-05
-9.9702e-06
-9.97023e-06
-1.5915e-05
-9.9702e-06
-9.97023e-06
-1.59717e-05
-9.9702e-06
-9.97023e-06
-1.60308e-05
-9.9702e-06
-9.97023e-06
-1.60923e-05
-9.9702e-06
-9.97023e-06
-1.61562e-05
-9.9702e-06
-9.97023e-06
-1.62224e-05
-9.9702e-06
-9.97023e-06
-1.62911e-05
-9.9702e-06
-9.97023e-06
-1.63621e-05
-9.9702e-06
-9.97023e-06
-1.64354e-05
-9.9702e-06
-9.97023e-06
-1.6511e-05
-9.9702e-06
-9.97023e-06
-1.65889e-05
-9.9702e-06
-9.97023e-06
-1.66691e-05
-9.9702e-06
-9.97024e-06
-1.67515e-05
-9.9702e-06
-9.97024e-06
-1.6836e-05
-9.9702e-06
-9.97024e-06
-1.69227e-05
-9.9702e-06
-9.97024e-06
-1.70116e-05
-9.9702e-06
-9.97024e-06
-1.71025e-05
-9.9702e-06
-9.97024e-06
-1.71954e-05
-9.9702e-06
-9.97024e-06
-1.72902e-05
-9.9702e-06
-9.97024e-06
-1.7387e-05
-9.9702e-06
-9.97024e-06
-1.74857e-05
-9.9702e-06
-9.97025e-06
-1.75861e-05
-9.9702e-06
-9.97025e-06
-1.76883e-05
-9.9702e-06
-9.97025e-06
-1.77922e-05
-9.9702e-06
-9.97025e-06
-1.78977e-05
-9.9702e-06
-9.97025e-06
-1.80047e-05
-9.9702e-06
-9.97025e-06
-1.81132e-05
-9.9702e-06
-9.97025e-06
-1.82231e-05
-9.9702e-06
-9.97026e-06
-1.83344e-05
-9.9702e-06
-9.97026e-06
-1.84468e-05
-9.9702e-06
-9.97026e-06
-1.85605e-05
-9.9702e-06
-9.97026e-06
-1.86752e-05
-9.9702e-06
-9.97026e-06
-1.87909e-05
-9.9702e-06
-9.97026e-06
-1.89075e-05
-9.9702e-06
-9.97026e-06
-1.90249e-05
-9.9702e-06
-9.97027e-06
-1.9143e-05
-9.9702e-06
-9.97027e-06
-1.92617e-05
-9.9702e-06
-9.97027e-06
-1.9381e-05
-9.9702e-06
-9.97027e-06
-1.95007e-05
-9.9702e-06
-9.97027e-06
-1.96207e-05
-9.9702e-06
-9.97027e-06
-1.97409e-05
-9.9702e-06
-9.97028e-06
-1.98612e-05
-9.9702e-06
-9.97028e-06
-1.99816e-05
-9.9702e-06
-9.97028e-06
-2.01018e-05
-9.9702e-06
-9.97028e-06
-2.02218e-05
-9.9702e-06
-9.97028e-06
-2.03415e-05
-9.9702e-06
-9.97028e-06
-2.04608e-05
-9.9702e-06
-9.97029e-06
-2.05795e-05
-9.9702e-06
-9.97029e-06
-2.06975e-05
-9.9702e-06
-9.97029e-06
-2.08148e-05
-9.9702e-06
-9.97029e-06
-2.09311e-05
-9.9702e-06
-9.97029e-06
-2.10465e-05
-9.9702e-06
-9.97029e-06
-2.11607e-05
-9.9702e-06
-9.9703e-06
-2.12736e-05
-9.9702e-06
-9.9703e-06
-2.13852e-05
-9.9702e-06
-9.9703e-06
-2.14953e-05
-9.9702e-06
-9.9703e-06
-2.16037e-05
-9.9702e-06
-9.9703e-06
-2.17104e-05
-9.9702e-06
-9.9703e-06
-2.18153e-05
-9.9702e-06
-9.97031e-06
-2.19182e-05
-9.9702e-06
-9.97031e-06
-2.20189e-05
-9.9702e-06
-9.97031e-06
-2.21175e-05
-9.9702e-06
-9.97031e-06
-2.22137e-05
-9.9702e-06
-9.97031e-06
-2.23075e-05
-9.9702e-06
-9.97031e-06
-2.23986e-05
-9.9702e-06
-9.97032e-06
-2.24871e-05
-9.9702e-06
-9.97032e-06
-2.25728e-05
-9.9702e-06
-9.97032e-06
-2.26556e-05
-9.9702e-06
-9.97032e-06
-2.27353e-05
-9.9702e-06
-9.97032e-06
-2.28118e-05
-9.9702e-06
-9.97032e-06
-2.28851e-05
-9.9702e-06
-9.97032e-06
-2.29551e-05
-9.9702e-06
-9.97032e-06
-2.30215e-05
-9.9702e-06
-9.97033e-06
-2.30844e-05
-9.9702e-06
-9.97033e-06
-2.31436e-05
-9.9702e-06
-9.97033e-06
-2.3199e-05
-9.9702e-06
-9.97033e-06
-2.32506e-05
-9.9702e-06
-9.97033e-06
-2.32981e-05
-9.9702e-06
-9.97033e-06
-2.33416e-05
-9.9702e-06
-9.97033e-06
-2.3381e-05
-9.9702e-06
-9.97033e-06
-2.34161e-05
-9.9702e-06
-9.97033e-06
-2.34469e-05
-9.9702e-06
-9.97034e-06
-2.34733e-05
-9.9702e-06
-9.97034e-06
-2.34952e-05
-9.9702e-06
-9.97034e-06
-2.35126e-05
-9.9702e-06
-9.97034e-06
-2.35254e-05
-9.9702e-06
-9.97034e-06
-2.35335e-05
-9.9702e-06
-9.97034e-06
-2.35369e-05
-9.9702e-06
-9.97034e-06
-2.35355e-05
-9.9702e-06
-9.97034e-06
-2.35293e-05
-9.9702e-06
-9.97034e-06
-2.35182e-05
-9.9702e-06
-9.97034e-06
-2.35021e-05
-9.9702e-06
-9.97034e-06
-2.34811e-05
-9.9702e-06
-9.97034e-06
-2.34552e-05
-9.9702e-06
-9.97034e-06
-2.34242e-05
-9.9702e-06
-9.97034e-06
-2.33882e-05
-9.9702e-06
-9.97034e-06
-2.33471e-05
-9.9702e-06
-9.97034e-06
-2.3301e-05
-9.9702e-06
-9.97034e-06
-2.32498e-05
-9.9702e-06
-9.97034e-06
-2.31935e-05
-9.9702e-06
-9.97034e-06
-2.31322e-05
-9.9702e-06
-9.97034e-06
-2.30658e-05
-9.9702e-06
-9.97034e-06
-2.29944e-05
-9.9702e-06
-9.97034e-06
-2.2918e-05
-9.9702e-06
-9.97034e-06
-2.28366e-05
-9.9702e-06
-9.97034e-06
-2.27502e-05
-9.9702e-06
-9.97034e-06
-2.2659e-05
-9.9702e-06
-9.97034e-06
-2.25628e-05
-9.9702e-06
-9.97034e-06
-2.24618e-05
-9.9702e-06
-9.97034e-06
-2.23561e-05
-9.9702e-06
-9.97034e-06
-2.22456e-05
-9.9702e-06
-9.97034e-06
-2.21305e-05
-9.9702e-06
-9.97034e-06
-2.20108e-05
-9.9702e-06
-9.97033e-06
-2.18866e-05
-9.9702e-06
-9.97033e-06
-2.1758e-05
-9.9702e-06
-9.97033e-06
-2.1625e-05
-9.9702e-06
-9.97033e-06
-2.14877e-05
-9.9702e-06
-9.97033e-06
-2.13463e-05
-9.9702e-06
-9.97033e-06
-2.12009e-05
-9.9702e-06
-9.97033e-06
-2.10514e-05
-9.9702e-06
-9.97033e-06
-2.08981e-05
-9.9702e-06
-9.97033e-06
-2.0741e-05
-9.9702e-06
-9.97032e-06
-2.05803e-05
-9.9702e-06
-9.97032e-06
-2.0416e-05
-9.9702e-06
-9.97032e-06
-2.02484e-05
-9.9702e-06
-9.97032e-06
-2.00774e-05
-9.9702e-06
-9.97032e-06
-1.99033e-05
-9.9702e-06
-9.97032e-06
-1.97262e-05
-9.9702e-06
-9.97031e-06
-1.95461e-05
-9.9702e-06
-9.97031e-06
-1.93633e-05
-9.9702e-06
-9.97031e-06
-1.91778e-05
-9.9702e-06
-9.97031e-06
-1.89898e-05
-9.9702e-06
-9.97031e-06
-1.87994e-05
-9.9702e-06
-9.97031e-06
-1.86068e-05
-9.9702e-06
-9.9703e-06
-1.84121e-05
-9.9702e-06
-9.9703e-06
-1.82155e-05
-9.9702e-06
-9.9703e-06
-1.8017e-05
-9.9702e-06
-9.9703e-06
-1.78169e-05
-9.9702e-06
-9.9703e-06
-1.76152e-05
-9.9702e-06
-9.97029e-06
-1.74121e-05
-9.9702e-06
-9.97029e-06
-1.72078e-05
-9.9702e-06
-9.97029e-06
-1.70023e-05
-9.9702e-06
-9.97029e-06
-1.67959e-05
-9.9702e-06
-9.97029e-06
-1.65886e-05
-9.9702e-06
-9.97028e-06
-1.63806e-05
-9.9702e-06
-9.97028e-06
-1.6172e-05
-9.9702e-06
-9.97028e-06
-1.59629e-05
-9.9702e-06
-9.97028e-06
-1.57535e-05
-9.9702e-06
-9.97027e-06
-1.55439e-05
-9.9702e-06
-1.42446e-05
-9.9702e-06
-1.38199e-05
-9.9702e-06
-1.35969e-05
-9.9702e-06
-1.34244e-05
-9.9702e-06
-1.33188e-05
-9.9702e-06
-1.31711e-05
-9.9702e-06
-1.30448e-05
-9.9702e-06
-1.29239e-05
-9.9702e-06
-1.28063e-05
-9.9702e-06
-1.26905e-05
-9.9702e-06
-1.25757e-05
-9.9702e-06
-1.24615e-05
-9.9702e-06
-1.23475e-05
-9.9702e-06
-1.22335e-05
-9.9702e-06
-1.21195e-05
-9.9702e-06
-1.20053e-05
-9.9702e-06
-1.1891e-05
-9.9702e-06
-1.17764e-05
-9.9702e-06
-1.16616e-05
-9.9702e-06
-1.15467e-05
