0 
-3.05311e-16 
-4.16334e-16 
-3.60822e-16 
6.10623e-16 
-3.60822e-16 
5.27356e-16 
-4.61436e-16 
-0.0150778 
-1.82146e-16 
-2.56739e-16 
6.93889e-17 
3.7817e-16 
2.77556e-16 
2.70617e-16 
2.42861e-16 
-3.40006e-16 
8.32667e-17 
6.52256e-16 
1.73472e-16 
7.63278e-17 
-4.38885e-16 
1.16226e-16 
3.25261e-16 
-2.7929e-16 
-5.72459e-17 
-5.63785e-18 
1.91253e-16 
-1.85832e-16 
5.41234e-16 
5.74627e-18 
-2.66931e-16 
2.57173e-16 
3.0401e-16 
-1.01048e-16 
3.29597e-17 
-9.25909e-17 
-1.9082e-16 
-3.13985e-16 
5.72459e-17 
6.93889e-18 
5.01335e-16 
1.50921e-16 
-9.25475e-16 
-2.68882e-17 
-3.30465e-16 
-6.20164e-17 
-1.34441e-16 
-1.99493e-16 
6.59195e-17 
3.81639e-17 
-6.31439e-16 
-2.84495e-16 
4.16334e-16 
-2.498e-16 
-2.08167e-16 
6.245e-17 
-4.996e-16 
-6.38378e-16 
3.46945e-16 
-1.80411e-16 
3.26128e-16 
-1.59595e-16 
1.38778e-17 
-1.11022e-16 
-9.71445e-17 
-1.11022e-16 
-1.80411e-16 
-1.249e-16 
-1.73472e-16 
6.93889e-17 
2.26381e-16 
3.81639e-17 
3.42608e-17 
1.249e-16 
-5.06539e-16 
6.93889e-17 
1.38778e-17 
4.44089e-16 
-4.44089e-16 
-2.63678e-16 
1.38778e-17 
4.23273e-16 
1.07553e-16 
1.21431e-17 
-2.30718e-16 
-5.9848e-16 
-2.25514e-17 
2.18575e-16 
-5.55112e-17 
-1.56472e-15 
-3.36536e-16 
7.28584e-17 
5.96745e-16 
6.76542e-17 
2.55004e-16 
4.97866e-16 
-2.8276e-16 
1.38778e-17 
1.11022e-16 
1.3288e-15 
2.70617e-16 
