-0.0025
-0.00152148
-0.00248916
-0.00151483
-0.00248812
-0.00151419
-0.00248714
-0.00151364
-0.00248658
-0.00151338
-0.00248687
-0.00151367
-0.00248849
-0.00151481
-0.00249196
-0.00151711
-0.00249781
-0.00152089
-0.00250657
-0.00152647
-0.00251882
-0.00153421
-0.0025351
-0.00154444
-0.00255598
-0.00155749
-0.00258202
-0.00157372
-0.00261378
-0.00159346
-0.00265182
-0.00161705
-0.0026967
-0.00164483
-0.00274896
-0.00167714
-0.00280915
-0.0017143
-0.00287782
-0.00175665
-0.0029555
-0.00180451
-0.00304273
-0.00185821
-0.00314002
-0.00191807
-0.0032479
-0.00198439
-0.00336686
-0.00205749
-0.00349742
-0.00213766
-0.00364006
-0.00222522
-0.00379501
-0.00231996
-0.00396207
-0.00181429
-0.00110947
-0.00286697
-0.00414103
-0.00253215
-0.00433208
-0.00194676
-0.00194287
-0.00442535
-0.00453473
-0.00277322
-0.00474955
-0.00290485
-0.00497959
-0.00261652
-0.00509965
-0.00522234
-0.00286755
-0.00534741
-0.00547516
-0.00312888
-0.00560531
-0.00573817
-0.00340064
-0.00587346
-0.00601148
-0.00368293
-0.00387255
-0.00369391
-0.00597316
-0.00629523
-0.00397589
-0.00398062
-0.00397618
-0.00643651
-0.00658958
-0.00427969
-0.00674059
-0.00689436
-0.00459415
-0.00705058
-0.00720956
-0.00491925
-0.00737097
-0.00753514
-0.00525496
-0.00770171
-0.00787102
-0.00560121
-0.00804273
-0.00821714
-0.00595792
-0.00839392
-0.00857338
-0.00632497
-0.00875516
-0.0089396
-0.00670223
-0.00912631
-0.00931565
-0.00708954
-0.00950721
-0.00970134
-0.00748672
-0.00989764
-0.0100965
-0.00789356
-0.0102974
-0.0105008
-0.00830983
-0.0107063
-0.0109141
-0.00873528
-0.0111239
-0.0113361
-0.00916963
-0.0115502
-0.0117665
-0.00961259
-0.0119846
-0.0122049
-0.0100638
-0.012427
-0.0126511
-0.010523
-0.0128768
-0.0131046
-0.0109898
-0.0133339
-0.0135652
-0.0114637
-0.0137978
-0.0140323
-0.0119445
-0.014268
-0.0145055
-0.0124316
-0.0147442
-0.0149845
-0.0129247
-0.0152259
-0.0154688
-0.0134232
-0.0157126
-0.0159578
-0.0139267
-0.0162039
-0.0164512
-0.0144347
-0.0166992
-0.0169483
-0.0149467
-0.017198
-0.0174487
-0.0154622
-0.0176998
-0.0179519
-0.0159806
-0.0182042
-0.0184572
-0.0165015
-0.0187104
-0.0189642
-0.0170241
-0.019218
-0.0194722
-0.017548
-0.0197263
-0.0199808
-0.0180726
-0.0202349
-0.0204892
-0.0185973
-0.020743
-0.0209969
-0.0191215
-0.0212502
-0.0215034
-0.0196445
-0.0217558
-0.0220079
-0.0201659
-0.0222591
-0.02251
-0.0206849
-0.0227597
-0.0230089
-0.021201
-0.0232568
-0.0235041
-0.0217136
-0.0237499
-0.023995
-0.022222
-0.0223831
-0.0222418
-0.0240964
-0.0244803
-0.022725
-0.0227299
-0.0227256
-0.0247168
-0.0249609
-0.0232235
-0.0251987
-0.0254353
-0.0237159
-0.0256698
-0.0259029
-0.0242018
-0.0261338
-0.0263632
-0.0246805
-0.0265902
-0.0268155
-0.0251514
-0.0270383
-0.0272593
-0.0256139
-0.0274776
-0.027694
-0.0260675
-0.0279075
-0.028119
-0.0265116
-0.0283275
-0.0285337
-0.0269456
-0.0287369
-0.0289378
-0.0273689
-0.0291354
-0.0293305
-0.0277812
-0.0295223
-0.0297114
-0.0281819
-0.0298971
-0.0300801
-0.0285704
-0.0302595
-0.030436
-0.0289463
-0.0306088
-0.0307787
-0.0293091
-0.0309447
-0.0311077
-0.0296585
-0.0312668
-0.0314227
-0.0299939
-0.0315746
-0.0317233
-0.030315
-0.0318678
-0.032009
-0.0306215
-0.0321459
-0.0322795
-0.0309129
-0.0324088
-0.0325346
-0.0311889
-0.0326559
-0.0327738
-0.0314493
-0.0328872
-0.032997
-0.0316937
-0.0331022
-0.0332038
-0.0319219
-0.0333008
-0.0333941
-0.0321337
-0.0334827
-0.0335676
-0.0323289
-0.0336478
-0.0337242
-0.0325073
-0.0337959
-0.0338638
-0.0326688
-0.0339269
-0.0339862
-0.0328132
-0.0340407
-0.0340913
-0.0329405
-0.0341372
-0.0341792
-0.0330506
-0.0342164
-0.0342497
-0.0331435
-0.0342782
-0.0343029
-0.0332191
-0.0343227
-0.0343387
-0.0332776
-0.03435
-0.0343574
-0.0333189
-0.03436
-0.0343589
-0.0333432
-0.034353
-0.0343434
-0.0333506
-0.034329
-0.034311
-0.0333412
-0.0342883
-0.0342619
-0.0333151
-0.0342309
-0.0341963
-0.0332727
-0.0341571
-0.0341144
-0.0332142
-0.0340673
-0.0340166
-0.0331397
-0.0339615
-0.033903
-0.0330496
-0.0338403
-0.0337741
-0.0329442
-0.0337038
-0.0336301
-0.0328239
-0.0335524
-0.0334715
-0.0326889
-0.0333866
-0.0332985
-0.0325398
-0.0332066
-0.0331117
-0.0323768
-0.0330131
-0.0329115
-0.0322005
-0.0328063
-0.0326983
-0.0320114
-0.0325868
-0.0324727
-0.0318098
-0.0323551
-0.032235
-0.0315963
-0.0321117
-0.0319859
-0.0313714
-0.0318571
-0.0317259
-0.0311357
-0.0315918
-0.0314556
-0.0308896
-0.0313166
-0.0311755
-0.0306339
-0.0310318
-0.0308863
-0.0303691
-0.0307382
-0.0305884
-0.0300958
-0.0304363
-0.0302826
-0.0298145
-0.0301268
-0.0299696
-0.029526
-0.0298103
-0.0296498
-0.0292309
-0.0294874
-0.029324
-0.0289298
-0.0291589
-0.0289929
-0.0286233
-0.0288253
-0.0286571
-0.0283123
-0.0284874
-0.0283172
-0.0279972
-0.0281458
-0.027974
-0.0276788
-0.0278012
-0.0276281
-0.0273577
-0.0274542
-0.0272802
-0.0270347
-0.0271056
-0.0269311
-0.0267105
-0.026756
-0.0265812
-0.0263855
-0.0264061
-0.0262314
-0.0260607
-0.0260566
-0.0258823
-0.0257365
-0.0257081
-0.0255346
-0.0254138
-0.0253613
-0.0251889
-0.0250931
-0.0250169
-0.0248459
-0.024775
-0.0246754
-0.0245062
-0.0244603
-0.0243376
-0.0241704
-0.0241495
-0.024004
-0.0238392
-0.0238433
-0.0236753
-0.0235131
-0.0235422
-0.023352
-0.0231927
-0.0232469
-0.0230348
-0.0228787
-0.0229578
-0.0227241
-0.0225716
-0.0226757
-0.0224206
-0.0222718
-0.0224009
-0.0221247
-0.02198
-0.022134
-0.0218371
-0.0216966
-0.0218756
-0.021558
-0.0214221
-0.021626
-0.0212882
-0.0211569
-0.0213857
-0.0210278
-0.0209015
-0.0211552
-0.0207775
-0.0206563
-0.0209349
-0.0205375
-0.0204217
-0.0207251
-0.0203083
-0.020198
-0.0205262
-0.0200902
-0.0199856
-0.0203385
-0.0198835
-0.0197847
-0.0201624
-0.0196886
-0.0195957
-0.019998
-0.0195056
-0.0194187
-0.0198458
-0.0193348
-0.0192541
-0.0197058
-0.0191764
-0.019102
-0.0195782
-0.0190306
-0.0189626
-0.0194633
-0.0188976
-0.018836
-0.0193612
-0.0187774
-0.0187223
-0.0192719
-0.0186702
-0.0186216
-0.0191956
-0.018576
-0.018534
-0.0191322
-0.0184949
-0.0184594
-0.0190819
-0.0184269
-0.0183978
-0.0190445
-0.0183718
-0.0183493
-0.0190201
-0.0183298
-0.0183137
-0.0190085
-0.0183006
-0.0182909
-0.0190098
-0.0182842
-0.0182808
-0.0190236
-0.0182804
-0.0182833
-0.0190499
-0.0182891
-0.0182982
-0.0190885
-0.01831
-0.0183251
-0.0191392
-0.018343
-0.018364
-0.0192016
-0.0183877
-0.0184145
-0.0192757
-0.018444
-0.0184764
-0.019361
-0.0185114
-0.0185493
-0.0194572
-0.0185896
-0.0186328
-0.019564
-0.0186784
-0.0187267
-0.019681
-0.0187773
-0.0188304
-0.0198078
-0.0188858
-0.0189437
-0.019944
-0.0190037
-0.019066
-0.0200892
-0.0191303
-0.0191969
-0.0202429
-0.0192654
-0.019336
-0.0204045
-0.0194083
-0.0194826
-0.0205737
-0.0195585
-0.0196364
-0.0207499
-0.0197157
-0.0197967
-0.0209326
-0.0198791
-0.0199631
-0.0211212
-0.0200482
-0.0201349
-0.0213151
-0.0202226
-0.0203116
-0.0215138
-0.0204016
-0.0204927
-0.0217167
-0.0205845
-0.0206774
-0.0219232
-0.0207709
-0.0208653
-0.0221326
-0.02096
-0.0210556
-0.0223444
-0.0211514
-0.0212478
-0.022558
-0.0213443
-0.0214412
-0.0227726
-0.021538
-0.0216352
-0.0229877
-0.0217321
-0.0218292
-0.0232026
-0.0219258
-0.0220224
-0.0234167
-0.0221185
-0.0222144
-0.0236294
-0.0223096
-0.0224044
-0.0238399
-0.0224983
-0.0225918
-0.0240477
-0.0226842
-0.0227759
-0.0242521
-0.0228664
-0.0229562
-0.0244524
-0.0230445
-0.0231319
-0.0246481
-0.0232178
-0.0233026
-0.0248386
-0.0233856
-0.0234675
-0.0250231
-0.0235474
-0.023626
-0.0252012
-0.0237026
-0.0237776
-0.0253721
-0.0238505
-0.0239217
-0.0255354
-0.0239907
-0.0240578
-0.0256904
-0.0241224
-0.0241851
-0.0258366
-0.0242453
-0.0243033
-0.0259735
-0.0243587
-0.0244118
-0.0261005
-0.0244621
-0.0245101
-0.0262171
-0.0245551
-0.0245976
-0.0263228
-0.0246371
-0.024674
-0.0264172
-0.0247077
-0.0247387
-0.0264997
-0.0247664
-0.0247913
-0.02657
-0.0248129
-0.0248315
-0.0266277
-0.0248466
-0.0248588
-0.0266722
-0.0248673
-0.0248728
-0.0267034
-0.0248746
-0.0248732
-0.0267208
-0.0248681
-0.0248598
-0.0267241
-0.0248476
-0.0248321
-0.0267129
-0.0248127
-0.0247899
-0.0266872
-0.0247632
-0.0247331
-0.0266465
-0.0246989
-0.0246613
-0.0265907
-0.0246196
-0.0245743
-0.0265195
-0.024525
-0.0244721
-0.0264329
-0.024415
-0.0243544
-0.0263306
-0.0242896
-0.0242211
-0.0262125
-0.0241485
-0.0240722
-0.0260787
-0.0239918
-0.0239077
-0.0259289
-0.0238194
-0.0237274
-0.0257632
-0.0236312
-0.0235313
-0.0255816
-0.0234273
-0.0233196
-0.0253841
-0.0232077
-0.0230922
-0.0251707
-0.0229726
-0.0228493
-0.0249415
-0.0227219
-0.0225909
-0.0246967
-0.0224558
-0.0223171
-0.0244363
-0.0221745
-0.0220282
-0.0241606
-0.0218781
-0.0217244
-0.0238697
-0.0215668
-0.0214057
-0.0235637
-0.0212408
-0.0210725
-0.0232431
-0.0209005
-0.0207251
-0.0229079
-0.020546
-0.0203637
-0.0225586
-0.0201778
-0.0199886
-0.0221954
-0.019796
-0.0196002
-0.0218186
-0.019401
-0.0191988
-0.0214287
-0.0189933
-0.0187849
-0.0210259
-0.0185732
-0.0183587
-0.0206107
-0.0181411
-0.0179207
-0.0201835
-0.0176974
-0.0174714
-0.0197447
-0.0172426
-0.0170113
-0.0192948
-0.0167772
-0.0165407
-0.0188343
-0.0163016
-0.0160602
-0.0183636
-0.0158163
-0.0155703
-0.0178833
-0.0153219
-0.0150715
-0.0173939
-0.0148188
-0.0145643
-0.0168958
-0.0143077
-0.0140494
-0.0163898
-0.0137891
-0.0135272
-0.0158763
-0.0132635
-0.0129983
-0.0153558
-0.0127315
-0.0124633
-0.0148291
-0.0121937
-0.0119228
-0.0142965
-0.0116507
-0.0113774
-0.0137589
-0.0111031
-0.0108277
-0.0132167
-0.0105514
-0.0102743
-0.0126705
-0.00999642
-0.00971785
-0.012121
-0.00943861
-0.00915887
-0.0115688
-0.00887863
-0.00859803
-0.0110145
-0.00831709
-0.00803594
-0.0104587
-0.00775461
-0.00747322
-0.00990204
-0.0071918
-0.00691047
-0.00934509
-0.00662927
-0.0063483
-0.00878849
-0.00606763
-0.00578733
-0.00823283
-0.00550748
-0.00522815
-0.00315182
-0.00467421
-0.00281518
-0.00412857
-0.00248359
-0.00359111
-0.00215696
-0.0030617
-0.00183523
-0.0025402
-0.00151831
-0.00202648
-0.00120611
-0.00152039
-0.000898546
-0.00102179
-0.000595527
-0.000530519
-0.000296962
-0.00250571
-0.00276859
-0.000329298
0.000173271
0.000130847
0.000647213
0.000418889
0.00111442
0.000702844
0.00157505
0.000982811
0.00202929
0.0012589
0.00247732
0.00153122
0.00291933
0.00179988
0.0033555
0.00206501
0.00378604
0.00232672
0.00421113
0.00258512
0.00463098
0.00284035
0.00504579
0.00254612
0.0052505
0.00545236
0.00295321
0.00565128
0.00584729
0.0033489
0.00604029
0.00623033
0.00373296
0.0064173
0.00660127
0.00410517
0.00678211
0.00695991
0.00446534
0.00713454
0.00730609
0.00481329
0.00747443
0.00763965
0.00514887
0.00780163
0.00796047
0.00547196
0.00811604
0.00826846
0.00578246
0.00841758
0.00856352
0.00608029
0.00870616
0.00884562
0.0063654
0.00898176
0.00911472
0.00663776
0.00924436
0.00937082
0.00689737
0.00949396
0.00961393
0.00714424
0.0097306
0.00984411
0.00737842
0.00995433
0.0100614
0.00759998
0.0101652
0.010266
0.00780901
0.0103634
0.0104578
0.00800562
0.010549
0.0106372
0.00818995
0.0107221
0.0108041
0.00836215
0.010883
0.0109589
0.00852241
0.0110318
0.0111017
0.00867093
0.0111686
0.0112328
0.00880794
0.0112939
0.0113523
0.00893368
0.0114078
0.0114606
0.0090484
0.0115105
0.0115579
0.00915241
0.0116025
0.0116445
0.009246
0.0116839
0.0117209
0.00932949
0.0117552
0.0117872
0.00940321
0.0118167
0.0118439
0.00946753
0.0118686
0.0118913
0.00952282
0.0119116
0.0119298
0.00956946
0.0119458
0.0119598
0.00960785
0.0119717
0.0119818
0.0096384
0.0119898
0.0119961
0.00966155
0.0120005
0.0120032
0.00967773
0.0120041
0.0120036
0.00968738
0.0120013
0.0119976
0.00969098
0.0119924
0.0119859
0.00968899
0.0119779
0.0119688
0.00968187
0.0119583
0.0119468
0.00967013
0.0119341
0.0119205
0.00965425
0.0119058
0.0118903
0.00963472
0.0118739
0.0118567
0.00961204
0.0118388
0.0118203
0.00958672
0.0118011
0.0117815
0.00955926
0.0117613
0.0117408
0.00953016
0.0117199
0.0116988
0.00949995
0.0116774
0.011656
0.00946911
0.0116344
0.0116128
0.00943816
0.0115912
0.0115698
0.0094076
0.0115485
0.0115275
0.00937793
0.0115067
0.0114863
0.00934964
0.0114663
0.0114468
0.00932322
0.0114278
0.0114094
0.00929915
0.0113917
0.0113747
0.00927792
0.0113584
0.011343
0.00925998
0.0113285
0.0113149
0.0092458
0.0113023
0.0112908
0.00923583
0.0112804
0.0112712
0.0092305
0.0112631
0.0112564
0.00923025
0.0112509
0.0112468
0.00923548
0.0112442
0.011243
0.00924661
0.0112433
0.0112453
0.00926402
0.0112488
0.011254
0.00928808
0.0112609
0.0112695
0.00931916
0.01128
0.0112923
0.00935761
0.0113064
0.0113225
0.00940374
0.0113404
0.0113605
0.00945788
0.0113825
0.0114066
0.00952031
0.0114328
0.0114611
0.00959132
0.0114916
0.0115243
0.00967116
0.0115591
0.0115963
0.00976008
0.0116357
0.0116775
0.0098583
0.0117215
0.0117679
0.00996602
0.0118167
0.0118679
0.0100834
0.0119215
0.0119776
0.0102107
0.0120361
0.0120971
0.0103479
0.0121605
0.0122265
0.0104953
0.0122949
0.0123659
0.0106529
0.0124394
0.0125155
0.0108208
0.0125941
0.0126753
0.010999
0.012759
0.0128454
0.0111877
0.0129342
0.0130257
0.0113868
0.0131197
0.0132163
0.0115963
0.0133154
0.0134171
0.0118163
0.0135213
0.0136281
0.0120466
0.0137374
0.0138493
0.0122872
0.0139637
0.0140806
0.0125381
0.0141999
0.0143218
0.0127991
0.0144461
0.014573
0.0130701
0.0147021
0.0148338
0.013351
0.0149678
0.0151042
0.0136416
0.0152429
0.0153841
0.0139418
0.0155274
0.0156731
0.0142513
0.0158209
0.0159711
0.01457
0.0161234
0.0162779
0.0148976
0.0164345
0.0165933
0.0152338
0.016754
0.0169169
0.0155785
0.0170816
0.0172485
0.0159313
0.0174171
0.0175878
0.0162919
0.0177601
0.0179345
0.01666
0.0181104
0.0182882
0.0170354
0.0184676
0.0186487
0.0174176
0.0188314
0.0190156
0.0178063
0.0192013
0.0193886
0.0182012
0.0195771
0.0197672
0.0186018
0.0199584
0.0201511
0.0190079
0.0203448
0.0205398
0.0194189
0.0207358
0.0209331
0.0198346
0.0211312
0.0213304
0.0202544
0.0215304
0.0217314
0.020678
0.021933
0.0221356
0.0211049
0.0223387
0.0225426
0.0215347
0.0227469
0.0229519
0.021967
0.0231572
0.0233631
0.0224012
0.0235692
0.0237758
0.022837
0.0239824
0.0241894
0.0232739
0.0243964
0.0246036
0.0237113
0.0248106
0.0250178
0.024149
0.0252247
0.0254317
0.0245863
0.0256382
0.0258446
0.0250228
0.0260505
0.0262563
0.0254581
0.0264613
0.0266661
0.0258917
0.0268701
0.0270737
0.0263231
0.0272764
0.0274785
0.0267518
0.0276797
0.0278802
0.0271774
0.0280795
0.0282782
0.0275994
0.0284755
0.0286721
0.0280174
0.0288672
0.0290614
0.0284309
0.0292541
0.0294457
0.0288394
0.0296357
0.0298246
0.0292426
0.0300117
0.0301976
0.0296399
0.0303816
0.0305642
0.030031
0.0307449
0.0309242
0.0304154
0.0311013
0.031277
0.0307926
0.0314504
0.0316222
0.0311624
0.0317917
0.0319595
0.0315243
0.0321248
0.0322884
0.0318779
0.0324495
0.0326086
0.0322228
0.0327652
0.0329198
0.0325586
0.0330716
0.0332214
0.0328851
0.0333685
0.0335134
0.0332018
0.0336554
0.0337951
0.0335084
0.033932
0.0340665
0.0338045
0.034198
0.0343271
0.03409
0.0344531
0.0345766
0.0343644
0.034697
0.0348148
0.0346276
0.0349294
0.0350414
0.0348791
0.0351501
0.0352562
0.0351188
0.0353588
0.0354588
0.0353464
0.0355554
0.0356492
0.0355617
0.0357394
0.0358269
0.0357645
0.0359109
0.035992
0.0359546
0.0360695
0.0361441
0.0361317
0.0362151
0.0362832
0.0362957
0.0363475
0.036409
0.0364465
0.0364667
0.0365214
0.0365839
0.0365723
0.0366203
0.0367078
0.0366645
0.0367056
0.0368181
0.0367429
0.0367772
0.0369147
0.0368077
0.0368351
0.0369975
0.0368586
0.0368791
0.0370665
0.0368957
0.0369092
0.0371215
0.0369189
0.0369255
0.0371627
0.0369282
0.0369278
0.0371899
0.0369236
0.0369162
0.0372032
0.036905
0.0368908
0.0372025
0.0368726
0.0368515
0.037188
0.0368264
0.0367983
0.0371596
0.0367664
0.0367315
0.0371175
0.0366927
0.036651
0.0370617
0.0366055
0.0365569
0.0369923
0.0365047
0.0364494
0.0369094
0.0363905
0.0363286
0.0368131
0.0362631
0.0361946
0.0367036
0.0361226
0.0360476
0.0365811
0.0359691
0.0358878
0.0364456
0.0358029
0.0357152
0.0362974
0.0356241
0.0355302
0.0361367
0.0354329
0.0353329
0.0359636
0.0352296
0.0351236
0.0357785
0.0350143
0.0349025
0.0355814
0.0347874
0.0346698
0.0353728
0.034549
0.0344258
0.0351527
0.0342995
0.0341708
0.0349216
0.0340391
0.033905
0.0346796
0.033768
0.0336288
0.0344271
0.0334866
0.0333424
0.0341644
0.0331953
0.0330461
0.0338917
0.0328942
0.0327403
0.0336094
0.0325838
0.0324254
0.0333178
0.0322643
0.0321015
0.0330172
0.0319362
0.0317691
0.0327081
0.0315997
0.0314286
0.0323907
0.0312552
0.0310803
0.0320654
0.0309032
0.0307245
0.0317326
0.0305438
0.0303617
0.0313926
0.0301776
0.0299922
0.0310458
0.0298049
0.0296164
0.0306926
0.0294261
0.0292347
0.0303334
0.0290416
0.0288474
0.0299685
0.0286517
0.028455
0.0295985
0.0282569
0.028058
0.0292235
0.0278576
0.0276565
0.0288442
0.0274542
0.0272512
0.0284608
0.027047
0.0268423
0.0280737
0.0266366
0.0264303
0.0276834
0.0262232
0.0260156
0.0272903
0.0258073
0.0255986
0.0268947
0.0253893
0.0251797
0.0264972
0.0249696
0.0247593
0.0260979
0.0245486
0.0243378
0.0256975
0.0241266
0.0239156
0.0252961
0.0237042
0.023493
0.0248944
0.0232817
0.0230706
0.0244926
0.0228594
0.0226486
0.024091
0.0224378
0.0222274
0.0236902
0.0220172
0.0218075
0.0232905
0.021598
0.0213891
0.0228922
0.0211806
0.0209727
0.0224957
0.0207653
0.0205586
0.0221014
0.0203525
0.0201472
0.0217095
0.0199425
0.0197388
0.0213205
0.0195357
0.0193337
0.0209347
0.0191324
0.0189322
0.0205524
0.0187329
0.0185347
0.0201738
0.0183375
0.0181415
0.0197994
0.0179465
0.0177529
0.0194294
0.0175603
0.0173691
0.0190641
0.017179
0.0169904
0.0187037
0.0168031
0.0166172
0.0183486
0.0164326
0.0162495
0.0179989
0.0160679
0.0158878
0.0176549
0.0157091
0.0155322
0.0173169
0.0153566
0.0151828
0.016985
0.0150106
0.01484
0.0166594
0.0146711
0.0145039
0.0163404
0.0143384
0.0141747
0.016028
0.0140127
0.0138525
0.0157225
0.0136941
0.0135375
0.015424
0.0133827
0.0132298
0.0151326
0.0130787
0.0129296
0.0148485
0.0127822
0.0126368
0.0145717
0.0124933
0.0123517
0.0143023
0.012212
0.0120743
0.0140405
0.0119385
0.0118047
0.0137862
0.0116728
0.0115428
0.0135395
0.0114148
0.0112888
0.0133004
0.0111647
0.0110426
0.0130689
0.0109225
0.0108043
0.0128451
0.010688
0.0105738
0.0126289
0.0104614
0.010351
0.0124203
0.0102426
0.010136
0.0122193
0.0100314
0.00992874
0.0120257
0.00982794
0.00972905
0.0118395
0.00963202
0.00953688
0.0116606
0.00944358
0.00935213
0.011489
0.0092625
0.00917468
0.0113244
0.00908866
0.0090044
0.0111668
0.00892191
0.00884115
0.011016
0.00876212
0.00868477
0.0108718
0.00860911
0.00853509
0.0107341
0.00846272
0.00839193
0.0106027
0.00832274
0.00825509
0.0104775
0.00818899
0.00812437
0.0103581
0.00806125
0.00799955
0.0102444
0.00793929
0.00788039
0.0101361
0.00782288
0.00776667
0.010033
0.00771179
0.00765813
0.00993494
0.00760575
0.00755452
0.00984154
0.00750449
0.00745556
0.00975256
0.00740776
0.00736098
0.00966773
0.00731527
0.0072705
0.00958677
0.00722672
0.00718381
0.00950938
0.00714183
0.00710064
0.00943525
0.00706029
0.00702066
0.0093641
0.00698179
0.00694356
0.00929559
0.00690603
0.00686904
0.00922943
0.00683267
0.00679677
0.00916527
0.0067614
0.00672642
0.0091028
0.00669189
0.00665766
0.00904169
0.00662381
0.00659017
0.0089816
0.00655682
0.0065236
0.0089222
0.0064906
0.00645763
0.00886315
0.00642479
0.00639191
0.00880412
0.00635908
0.00632611
0.00874476
0.00629311
0.00625989
0.00868475
0.00622656
0.00619292
0.00862373
0.00615909
0.00612486
0.00856139
0.00609035
0.00605537
0.00849737
0.00602004
0.00598414
0.00843137
0.0059478
0.00591082
0.00836303
0.00587333
0.0058351
0.00829205
0.00579629
0.00575667
0.00821811
0.00571637
0.0056752
0.00814089
0.00563327
0.00559039
0.00806008
0.00554668
0.00550193
0.00797538
0.0054563
0.00540955
0.0078865
0.00536184
0.00531294
0.00779315
0.00526301
0.00521183
0.00316593
0.00510897
0.00310332
0.00500699
0.00304125
0.00490548
0.00297945
0.00480403
0.00291766
0.00470225
0.00285564
0.00459973
0.00279316
0.00449608
0.00272997
0.0043909
0.00266582
0.00428379
0.00260047
0.00417435
0.0025337
0.00406221
0.00246525
0.00394696
0.00239489
0.00382822
0.00232238
0.0037056
0.00224749
0.00357871
0.00216999
0.00344719
0.00208965
0.00331064
0.00200622
0.00316871
0.0019195
0.00302101
0.00182926
0.0028672
0.00173526
0.00270689
0.00163731
0.00253975
0.00153517
0.00236542
0.00142864
0.00218355
0.0013175
0.00199382
0.00120156
0.00179587
0.0010806
0.00158939
0.000954439
0.00137406
0.000822869
0.00114956
0.000685703
0.00091558
0.000542755
0.000671827
0.000393843
0.000418004
0.000238788
0.000172378
9.07461e-05
-0.000101099
-7.8342e-05
-0.000386881
-0.000252889
-0.00068384
-0.000434249
-0.000992227
0.00142251
0.00142819
-0.00114355
-0.00131146
-0.000817541
-0.00164185
-0.00101928
-0.00198439
-0.00122842
-0.00233928
-0.00144509
-0.00270673
-0.00166942
-0.00308695
-0.00190153
-0.00348012
-0.00214153
-0.00388643
-0.00238952
-0.00430603
-0.00264562
-0.0047391
-0.00239443
-0.00495987
-0.00518264
-0.00284676
-0.0054071
-0.00563349
-0.00330664
-0.00586146
-0.00609126
-0.00377367
-0.00632255
-0.00655557
-0.00424746
-0.00678995
-0.00702597
-0.00472758
-0.00726325
-0.00750206
-0.00521361
-0.00774201
-0.00798338
-0.00570511
-0.00822578
-0.0084695
-0.00620163
-0.00871411
-0.00895994
-0.0067027
-0.00920654
-0.00945424
-0.00720786
-0.00970259
-0.00995192
-0.00771662
-0.0102018
-0.0104525
-0.00822851
-0.0107036
-0.0109555
-0.00874304
-0.0112076
-0.0114604
-0.0092597
-0.0117133
-0.0119668
-0.009778
-0.0122202
-0.012474
-0.0102974
-0.0127277
-0.0129817
-0.0108175
-0.0132354
-0.0134893
-0.0113377
-0.0137427
-0.0139962
-0.0118575
-0.0142492
-0.0145021
-0.0123765
-0.0147544
-0.0150064
-0.012894
-0.0152576
-0.0155085
-0.0134096
-0.0157585
-0.0160081
-0.0139228
-0.0162566
-0.0165045
-0.0144332
-0.0167513
-0.0169973
-0.0149401
-0.0172421
-0.0174861
-0.0154431
-0.0177286
-0.0179702
-0.0159418
-0.0182103
-0.0184494
-0.0164356
-0.0186867
-0.018923
-0.0169242
-0.0191574
-0.0193906
-0.0174069
-0.0196219
-0.0198518
-0.0178834
-0.0200797
-0.0203062
-0.0183533
-0.0205305
-0.0207533
-0.0188161
-0.0209738
-0.0211927
-0.0192714
-0.0214092
-0.021624
-0.0197188
-0.0218363
-0.0220467
-0.0201578
-0.0222547
-0.0224607
-0.0205882
-0.022664
-0.0228653
-0.0210096
-0.0230639
-0.0232604
-0.0214215
-0.0234541
-0.0236456
-0.0218237
-0.0238342
-0.0240206
-0.0222159
-0.0242039
-0.024385
-0.0225977
-0.024563
-0.0247386
-0.0229689
-0.0249111
-0.0250811
-0.0233291
-0.025248
-0.0254123
-0.0236782
-0.0255734
-0.0257319
-0.0240159
-0.0258872
-0.0260398
-0.0243421
-0.026189
-0.0263357
-0.0246564
-0.0264789
-0.0266194
-0.0249587
-0.0267564
-0.0268908
-0.0252489
-0.0270217
-0.0271498
-0.0255268
-0.0272744
-0.0273962
-0.0257923
-0.0275145
-0.02763
-0.0260453
-0.0277419
-0.027851
-0.0262858
-0.0279565
-0.0280593
-0.0265136
-0.0281584
-0.0282547
-0.0267287
-0.0283474
-0.0284372
-0.0269312
-0.0285235
-0.028607
-0.0271209
-0.0286868
-0.0287638
-0.027298
-0.0288373
-0.028908
-0.0274624
-0.028975
-0.0290393
-0.0276143
-0.0291001
-0.0291581
-0.0277536
-0.0292125
-0.0292643
-0.0278806
-0.0293125
-0.029358
-0.0279952
-0.0294001
-0.0294395
-0.0280977
-0.0294754
-0.0295088
-0.0281882
-0.0295387
-0.0295661
-0.0282668
-0.0295902
-0.0296117
-0.0283338
-0.0296299
-0.0296457
-0.0283894
-0.0296582
-0.0296683
-0.0284337
-0.0296753
-0.0296799
-0.028467
-0.0296813
-0.0296805
-0.0284896
-0.0296766
-0.0296706
-0.0285017
-0.0296615
-0.0296503
-0.0285036
-0.0296362
-0.0296201
-0.0284956
-0.0296011
-0.0295801
-0.028478
-0.0295564
-0.0295307
-0.0284511
-0.0295024
-0.0294723
-0.0284153
-0.0294397
-0.0294053
-0.028371
-0.0293684
-0.0293298
-0.0283183
-0.0292889
-0.0292464
-0.0282579
-0.0292016
-0.0291554
-0.0281899
-0.029107
-0.0290572
-0.0281148
-0.0290053
-0.0289522
-0.0280329
-0.028897
-0.0288407
-0.0279448
-0.0287825
-0.0287232
-0.0278507
-0.0286622
-0.0286002
-0.0277511
-0.0285365
-0.0284719
-0.0276464
-0.0284058
-0.0283389
-0.027537
-0.0282705
-0.0282015
-0.0274233
-0.0281311
-0.0280602
-0.0273058
-0.027988
-0.0279154
-0.0271849
-0.0278417
-0.0277676
-0.027061
-0.0276925
-0.0276171
-0.0269346
-0.0275409
-0.0274645
-0.026806
-0.0273872
-0.02731
-0.0266757
-0.027232
-0.0271542
-0.0265441
-0.0270757
-0.0269974
-0.0264116
-0.0269186
-0.0268401
-0.0262787
-0.0267613
-0.0266828
-0.0261456
-0.026604
-0.0265257
-0.026013
-0.0264472
-0.0263693
-0.0258811
-0.0262913
-0.0262139
-0.0257503
-0.0261366
-0.0260601
-0.0256211
-0.0259837
-0.0259081
-0.0254937
-0.0258327
-0.0257583
-0.0253686
-0.0256842
-0.0256111
-0.0252461
-0.0255384
-0.0254668
-0.0251266
-0.0253957
-0.0253258
-0.0250103
-0.0252564
-0.0251884
-0.0248977
-0.0251209
-0.0250548
-0.024789
-0.0249894
-0.0249255
-0.0246845
-0.0248623
-0.0248006
-0.0245846
-0.0247398
-0.0246805
-0.0244894
-0.0246222
-0.0245654
-0.0243992
-0.0245097
-0.0244556
-0.0243144
-0.0244026
-0.0243513
-0.024235
-0.0243011
-0.0242527
-0.0241614
-0.0242054
-0.02416
-0.0240937
-0.0241158
-0.0240734
-0.0240321
-0.0240323
-0.023993
-0.0239767
-0.0239551
-0.0239191
-0.0239278
-0.0238844
-0.0238517
-0.0238854
-0.0238204
-0.023791
-0.0238497
-0.023763
-0.023737
-0.0238207
-0.0237125
-0.0236899
-0.0237986
-0.0236688
-0.0236497
-0.0237833
-0.0236321
-0.0236165
-0.0237751
-0.0236023
-0.0235902
-0.0237737
-0.0235796
-0.023571
-0.0237794
-0.0235638
-0.0235587
-0.0237921
-0.0235551
-0.0235535
-0.0238117
-0.0235533
-0.0235551
-0.0238382
-0.0235584
-0.0235637
-0.0238716
-0.0235703
-0.023579
-0.0239117
-0.0235891
-0.0236011
-0.0239585
-0.0236145
-0.0236298
-0.0240119
-0.0236464
-0.0236649
-0.0240718
-0.0236848
-0.0237065
-0.024138
-0.0237294
-0.0237542
-0.0242103
-0.0237802
-0.0238079
-0.0242886
-0.0238369
-0.0238675
-0.0243727
-0.0238993
-0.0239328
-0.0244624
-0.0239673
-0.0240034
-0.0245574
-0.0240406
-0.0240793
-0.0246577
-0.0241189
-0.0241601
-0.0247628
-0.0242021
-0.0242456
-0.0248725
-0.0242899
-0.0243356
-0.0249867
-0.024382
-0.0244297
-0.0251049
-0.0244781
-0.0245277
-0.0252269
-0.0245779
-0.0246293
-0.0253525
-0.0246812
-0.0247341
-0.0254812
-0.0247875
-0.0248419
-0.0256128
-0.0248967
-0.0249523
-0.0257469
-0.0250083
-0.025065
-0.0258833
-0.0251219
-0.0251796
-0.0260215
-0.0252374
-0.0252958
-0.0261612
-0.0253543
-0.0254133
-0.0263021
-0.0254722
-0.0255316
-0.0264437
-0.0255908
-0.0256504
-0.0265857
-0.0257097
-0.0257694
-0.0267278
-0.0258286
-0.0258881
-0.0268696
-0.0259471
-0.0260062
-0.0270106
-0.0260647
-0.0261233
-0.0271505
-0.0261812
-0.026239
-0.027289
-0.026296
-0.0263529
-0.0274256
-0.026409
-0.0264648
-0.0275599
-0.0265196
-0.0265741
-0.0276917
-0.0266275
-0.0266805
-0.0278204
-0.0267323
-0.0267836
-0.0279457
-0.0268337
-0.0268831
-0.0280673
-0.0269312
-0.0269786
-0.0281847
-0.0270245
-0.0270697
-0.0282976
-0.0271133
-0.027156
-0.0284057
-0.0271972
-0.0272373
-0.0285086
-0.0272758
-0.0273131
-0.0286058
-0.0273487
-0.0273832
-0.0286972
-0.0274158
-0.0274471
-0.0287823
-0.0274765
-0.0275046
-0.0288609
-0.0275306
-0.0275553
-0.0289325
-0.0275779
-0.0275989
-0.028997
-0.0276179
-0.0276352
-0.0290539
-0.0276504
-0.0276638
-0.0291031
-0.027675
-0.0276845
-0.0291441
-0.0276917
-0.027697
-0.0291768
-0.0276999
-0.027701
-0.0292009
-0.0276997
-0.0276964
-0.0292162
-0.0276905
-0.0276828
-0.0292223
-0.0276724
-0.02766
-0.0292192
-0.027645
-0.0276279
-0.0292065
-0.0276081
-0.0275862
-0.0291841
-0.0275616
-0.0275348
-0.0291519
-0.0275052
-0.0274735
-0.0291096
-0.0274389
-0.0274021
-0.029057
-0.0273625
-0.0273206
-0.0289941
-0.0272758
-0.0272287
-0.0289208
-0.0271788
-0.0271265
-0.0288368
-0.0270712
-0.0270137
-0.0287422
-0.0269532
-0.0268903
-0.0286368
-0.0268245
-0.0267563
-0.0285206
-0.0266851
-0.0266116
-0.0283935
-0.026535
-0.0264561
-0.0282555
-0.0263742
-0.0262899
-0.0281065
-0.0262026
-0.0261129
-0.0279466
-0.0260202
-0.0259251
-0.0277757
-0.0258271
-0.0257267
-0.027594
-0.0256233
-0.0255175
-0.0274013
-0.0254088
-0.0252977
-0.0271979
-0.0251837
-0.0250673
-0.0269836
-0.024948
-0.0248264
-0.0267587
-0.024702
-0.0245751
-0.0265232
-0.0244455
-0.0243136
-0.0262772
-0.0241788
-0.0240418
-0.0260208
-0.0239021
-0.0237601
-0.0257542
-0.0236153
-0.0234684
-0.0254775
-0.0233188
-0.023167
-0.0251909
-0.0230126
-0.022856
-0.0248945
-0.0226969
-0.0225357
-0.0245885
-0.0223719
-0.0222061
-0.0242732
-0.0220379
-0.0218676
-0.0239486
-0.0216949
-0.0215203
-0.023615
-0.0213433
-0.0211644
-0.0232727
-0.0209833
-0.0208002
-0.0229219
-0.020615
-0.020428
-0.0225627
-0.0202388
-0.0200479
-0.0221956
-0.0198549
-0.0196603
-0.0218206
-0.0194636
-0.0192653
-0.0214381
-0.0190651
-0.0188633
-0.0210484
-0.0186597
-0.0184546
-0.0206517
-0.0182477
-0.0180394
-0.0202483
-0.0178294
-0.017618
-0.0198385
-0.017405
-0.0171908
-0.0194227
-0.016975
-0.0167579
-0.019001
-0.0165394
-0.0163198
-0.0185738
-0.0160988
-0.0158767
-0.0181414
-0.0156534
-0.015429
-0.0177042
-0.0152034
-0.0149769
-0.0172623
-0.0147493
-0.0145208
-0.0168163
-0.0142913
-0.014061
-0.0163663
-0.0138298
-0.0135978
-0.0159126
-0.013365
-0.0131316
-0.0154557
-0.0128974
-0.0126626
-0.0149958
-0.0124271
-0.0121911
-0.0145332
-0.0119545
-0.0117175
-0.0140682
-0.01148
-0.0112422
-0.0136013
-0.0110039
-0.0107653
-0.0131326
-0.0105264
-0.0102873
-0.0126624
-0.0100479
-0.00980839
-0.0121912
-0.0095687
-0.00932894
-0.0117192
-0.00908909
-0.00884924
-0.0112467
-0.00860937
-0.00836958
-0.010774
-0.00812984
-0.00789025
-0.0103014
-0.0076508
-0.00741156
-0.00982923
-0.00717253
-0.00693378
-0.00935769
-0.00669532
-0.00645719
-0.0088871
-0.00621943
-0.00598207
-0.00841774
-0.00574514
-0.00550868
-0.00332722
-0.00504013
-0.00304244
-0.00639383
-0.00718382
-0.0048666
-0.00435047
-0.00262307
-0.00389829
-0.00234822
-0.00345294
-0.00207753
-0.00301413
-0.0018108
-0.00258155
-0.00154784
-0.00215488
-0.00128846
-0.0017338
-0.00103246
-0.00131799
-0.000779645
-0.000907103
-0.000529816
-0.000500821
-0.000282767
-0.000165031
8.09018e-05
7.07481e-05
0.000477221
0.00031178
0.00087014
0.000550763
0.00126001
0.000787906
0.00164716
0.00102342
0.00203196
0.00125752
0.00241475
0.00149042
0.00279588
0.00172232
0.0031757
0.00195345
0.00355456
0.00218401
0.00393281
0.00241422
0.00431081
0.00264429
0.00468889
0.00219014
0.00487717
0.00506446
0.00256666
0.00525015
0.00543482
0.00293822
0.00561787
0.00579991
0.00330474
0.0059803
0.00615966
0.00366618
0.00633737
0.00651404
0.0040225
0.00668904
0.006863
0.00437365
0.00703528
0.00720652
0.0047196
0.00737606
0.00754456
0.00506033
0.00771135
0.00787711
0.00539581
0.00804115
0.00820416
0.00572604
0.00836544
0.0085257
0.00605101
0.00868423
0.00884173
0.00637072
0.00899751
0.00915227
0.00668519
0.0093053
0.00945732
0.00699441
0.00960762
0.00975692
0.00729842
0.00990449
0.0100511
0.00759725
0.0101959
0.0103398
0.00789092
0.010482
0.0106232
0.00817947
0.0107628
0.0109013
0.00846295
0.0110382
0.0111741
0.0087414
0.0113084
0.0114417
0.00901488
0.0115734
0.0117042
0.00928345
0.0118333
0.0119615
0.00954717
0.0120881
0.0122138
0.00980611
0.012338
0.0124612
0.0100603
0.0125829
0.0127037
0.0103099
0.012823
0.0129414
0.010555
0.0130583
0.0131744
0.0107956
0.013289
0.0134028
0.0110318
0.0135151
0.0136267
0.0112637
0.0137367
0.0138461
0.0114914
0.013954
0.0140612
0.011715
0.0141669
0.014272
0.0119346
0.0143757
0.0144787
0.0121502
0.0145803
0.0146814
0.0123621
0.014781
0.0148801
0.0125703
0.0149778
0.015075
0.0127749
0.0151709
0.0152662
0.012976
0.0153602
0.0154538
0.0131737
0.015546
0.0156378
0.0133681
0.0157284
0.0158185
0.0135594
0.0159074
0.0159959
0.0137476
0.0160832
0.0161702
0.0139329
0.0162559
0.0163414
0.0141154
0.0164256
0.0165096
0.0142951
0.0165924
0.016675
0.0144722
0.0167564
0.0168376
0.0146468
0.0169178
0.0169977
0.014819
0.0170765
0.0171552
0.0149889
0.0172329
0.0173103
0.0151566
0.0173868
0.0174632
0.0153222
0.0175385
0.0176138
0.0154859
0.0176881
0.0177623
0.0156476
0.0178356
0.0179088
0.0158076
0.0179812
0.0180535
0.0159659
0.0181249
0.0181963
0.0161226
0.0182668
0.0183374
0.0162778
0.0184071
0.0184769
0.0164315
0.0185458
0.0186148
0.0165839
0.018683
0.0187513
0.0167351
0.0188189
0.0188865
0.0168851
0.0189533
0.0190203
0.0170341
0.0190865
0.0191529
0.017182
0.0192186
0.0192844
0.0173289
0.0193495
0.0194148
0.017475
0.0194794
0.0195442
0.0176202
0.0196083
0.0196726
0.0177647
0.0197363
0.0198002
0.0179085
0.0198634
0.0199269
0.0180517
0.0199897
0.0200528
0.0181942
0.0201152
0.020178
0.0183362
0.0202401
0.0203024
0.0184777
0.0203642
0.0204263
0.0186187
0.0204877
0.0205495
0.0187593
0.0206106
0.0206721
0.0188994
0.0207329
0.0207941
0.0190392
0.0208547
0.0209156
0.0191786
0.020976
0.0210366
0.0193176
0.0210967
0.0211571
0.0194563
0.0212169
0.0212771
0.0195947
0.0213367
0.0213966
0.0197328
0.0214559
0.0215156
0.0198706
0.0215747
0.0216342
0.0200081
0.0216931
0.0217523
0.0201452
0.0218109
0.0218698
0.020282
0.0219282
0.0219869
0.0204185
0.0220451
0.0221035
0.0205547
0.0221614
0.0222196
0.0206904
0.0222772
0.0223351
0.0208258
0.0223925
0.0224501
0.0209608
0.0225072
0.0225645
0.0210953
0.0226212
0.0226783
0.0212294
0.0227347
0.0227914
0.021363
0.0228475
0.0229038
0.021496
0.0229596
0.0230156
0.0216285
0.0230709
0.0231265
0.0217603
0.0231815
0.0232367
0.0218915
0.0232913
0.0233461
0.022022
0.0234002
0.0234545
0.0221517
0.0235082
0.0235621
0.0222807
0.0236153
0.0236686
0.0224088
0.0237213
0.0237742
0.022536
0.0238263
0.0238786
0.0226622
0.0239302
0.023982
0.0227874
0.024033
0.0240841
0.0229116
0.0241345
0.024185
0.0230347
0.0242348
0.0242847
0.0231565
0.0243338
0.0243829
0.0232772
0.0244313
0.0244798
0.0233965
0.0245275
0.0245752
0.0235145
0.0246221
0.0246691
0.0236311
0.0247152
0.0247614
0.0237462
0.0248067
0.0248521
0.0238598
0.0248966
0.0249411
0.0239718
0.0249847
0.0250283
0.0240821
0.025071
0.0251137
0.0241907
0.0251556
0.0251973
0.0242976
0.0252382
0.025279
0.0244026
0.0253189
0.0253587
0.0245057
0.0253975
0.0254363
0.024607
0.0254742
0.0255119
0.0247062
0.0255487
0.0255854
0.0248033
0.0256211
0.0256567
0.0248984
0.0256913
0.0257257
0.0249913
0.0257592
0.0257925
0.025082
0.0258248
0.025857
0.0251705
0.0258881
0.0259191
0.0252567
0.025949
0.0259788
0.0253405
0.0260075
0.026036
0.025422
0.0260635
0.0260908
0.025501
0.0261171
0.0261431
0.0255776
0.026168
0.0261928
0.0256517
0.0262165
0.0262399
0.0257233
0.0262623
0.0262844
0.0257923
0.0263055
0.0263263
0.0258587
0.026346
0.0263655
0.0259225
0.0263839
0.026402
0.0259836
0.0264191
0.0264358
0.0260421
0.0264515
0.0264669
0.0260979
0.0264812
0.0264952
0.0261509
0.0265082
0.0265208
0.0262013
0.0265323
0.0265436
0.0262489
0.0265538
0.0265636
0.0262938
0.0265724
0.0265809
0.0263359
0.0265882
0.0265953
0.0263752
0.0266013
0.0266069
0.0264118
0.0266115
0.0266158
0.0264456
0.026619
0.0266219
0.0264766
0.0266237
0.0266252
0.0265048
0.0266256
0.0266257
0.0265303
0.0266247
0.0266234
0.026553
0.026621
0.0266184
0.026573
0.0266146
0.0266106
0.0265902
0.0266055
0.0266001
0.0266047
0.0265936
0.0265869
0.0266165
0.0265791
0.026571
0.0266256
0.0265618
0.0265524
0.026632
0.0265419
0.0265311
0.0266357
0.0265193
0.0265072
0.0266368
0.0264942
0.0264808
0.0266353
0.0264664
0.0264517
0.0266312
0.026436
0.0264201
0.0266245
0.0264032
0.0263859
0.0266153
0.0263678
0.0263493
0.0266035
0.0263299
0.0263102
0.0265893
0.0262896
0.0262687
0.0265726
0.0262469
0.0262248
0.0265535
0.0262018
0.0261785
0.026532
0.0261543
0.0261299
0.0265081
0.0261046
0.026079
0.0264819
0.0260526
0.0260259
0.0264534
0.0259983
0.0259705
0.0264226
0.0259418
0.025913
0.0263896
0.0258832
0.0258533
0.0263545
0.0258225
0.0257914
0.0263171
0.0257596
0.0257276
0.0262777
0.0256947
0.0256616
0.0262361
0.0256278
0.0255937
0.0261925
0.0255589
0.0255238
0.0261468
0.025488
0.025452
0.0260992
0.0254153
0.0253783
0.0260496
0.0253406
0.0253027
0.0259981
0.0252641
0.0252254
0.0259447
0.0251858
0.0251462
0.0258894
0.0251058
0.0250652
0.0258323
0.025024
0.0249826
0.0257734
0.0249404
0.0248982
0.0257127
0.0248552
0.0248122
0.0256502
0.0247684
0.0247245
0.0255861
0.0246799
0.0246352
0.0255202
0.0245898
0.0245443
0.0254527
0.0244982
0.0244519
0.0253835
0.024405
0.0243579
0.0253127
0.0243103
0.0242625
0.0252403
0.024214
0.0241655
0.0251663
0.0241163
0.0240671
0.0250907
0.0240172
0.0239672
0.0250135
0.0239165
0.0238658
0.0249349
0.0238145
0.0237631
0.0248546
0.023711
0.0236589
0.0247729
0.0236061
0.0235533
0.0246897
0.0234999
0.0234463
0.0246049
0.0233922
0.023338
0.0245186
0.0232832
0.0232283
0.0244309
0.0231728
0.0231172
0.0243417
0.023061
0.0230047
0.0242509
0.0229479
0.0228909
0.0241587
0.0228334
0.0227757
0.024065
0.0227175
0.0226592
0.0239698
0.0226003
0.0225413
0.0238731
0.0224817
0.022422
0.0237749
0.0223617
0.0223013
0.0236752
0.0222403
0.0221792
0.023574
0.0221176
0.0220558
0.0234712
0.0219934
0.0219309
0.0233668
0.0218678
0.0218046
0.0232609
0.0217408
0.0216769
0.0231535
0.0216124
0.0215477
0.0230444
0.0214825
0.0214171
0.0229337
0.0213511
0.0212849
0.0228214
0.0212182
0.0211513
0.0227074
0.0210838
0.0210162
0.0225917
0.0209479
0.0208795
0.0224744
0.0208104
0.0207412
0.0223553
0.0206714
0.0206014
0.0222344
0.0205307
0.0204599
0.0221118
0.0203885
0.0203168
0.0219874
0.0202445
0.0201721
0.0218612
0.0200989
0.0200256
0.0217331
0.0199516
0.0198775
0.0216031
0.0198026
0.0197275
0.0214712
0.0196518
0.0195759
0.0213373
0.0194993
0.0194224
0.0212015
0.0193449
0.0192671
0.0210637
0.0191887
0.01911
0.0209239
0.0190306
0.0189509
0.0207819
0.0188706
0.01879
0.0206379
0.0187087
0.0186271
0.0204918
0.0185449
0.0184623
0.0203435
0.018379
0.0182954
0.020193
0.0182112
0.0181266
0.0200403
0.0180413
0.0179557
0.0198854
0.0178693
0.0177827
0.0197282
0.0176953
0.0176076
0.0195687
0.0175191
0.0174304
0.0194069
0.0173408
0.017251
0.0192427
0.0171604
0.0170694
0.0190762
0.0169777
0.0168857
0.0189072
0.0167929
0.0166997
0.0187359
0.0166058
0.0165114
0.018562
0.0164164
0.0163209
0.0183857
0.0162248
0.0161282
0.0182069
0.0160308
0.0159331
0.0180256
0.0158346
0.0157357
0.0178418
0.015636
0.015536
0.0176554
0.0154351
0.0153339
0.0174665
0.0152319
0.0151294
0.017275
0.0150262
0.0149226
0.0170809
0.0148182
0.0147134
0.0168842
0.0146079
0.0145018
0.0166849
0.0143951
0.0142879
0.016483
0.0141799
0.0140715
0.0162785
0.0139624
0.0138528
0.0160714
0.0137424
0.0136316
0.0158616
0.01352
0.013408
0.0156493
0.0132953
0.0131821
0.0154343
0.0130682
0.0129538
0.0152167
0.0128386
0.0127231
0.0149965
0.0126067
0.01249
0.0147737
0.0123725
0.0122545
0.0145483
0.0121359
0.0120168
0.0143204
0.0118969
0.0117767
0.0140899
0.0116557
0.0115342
0.0138568
0.0114121
0.0112895
0.0136212
0.0111663
0.0110426
0.0133832
0.0109182
0.0107934
0.0131426
0.0106679
0.010542
0.0128996
0.0104154
0.0102884
0.0126542
0.0101607
0.0100326
0.0124064
0.00990387
0.00977472
0.0121563
0.00964494
0.00951476
0.0119038
0.00938395
0.00925275
0.011649
0.00912093
0.00898873
0.011392
0.00885592
0.00872274
0.0111328
0.00858897
0.00845483
0.0108714
0.00832011
0.00818504
0.0106079
0.0080494
0.00791342
0.0103423
0.00777689
0.00764002
0.0100747
0.00750261
0.00736488
0.00980511
0.00722664
0.00708807
0.00953361
0.00694901
0.00680964
0.00926024
0.00666979
0.00652964
0.00898506
0.00638903
0.00624814
0.00870812
0.00610679
0.00596518
0.0084295
0.00582314
0.00568084
0.00814923
0.00553813
0.00539518
0.00326793
0.00511144
0.00309547
0.00483259
0.002926
0.00455833
0.00275932
0.00428834
0.00259522
0.00402231
0.0024335
0.00375992
0.00227398
0.00350084
0.00211647
0.00324476
0.00196075
0.00299135
0.00180665
0.00274029
0.00165395
0.00249125
0.00150247
0.00224389
0.00135199
0.0019979
0.00120233
0.00175295
0.00105328
0.0015087
0.000904638
0.00126483
0.00075621
0.00102101
0.000607794
0.000776909
0.000459192
0.000532208
0.000310205
0.00028658
0.000160636
8.64349e-05
-6.44601e-05
-5.30014e-05
-0.000313866
-0.000204913
-0.000565333
-0.000358095
-0.000819175
-0.00051274
-0.0010757
-0.000669036
-0.00133523
-0.00082717
-0.00159805
-0.000987329
-0.00186447
-0.00114969
-0.00213479
-0.00131445
-0.0024093
-0.00148176
-0.00268828
-0.00165182
-0.00297202
-0.00182479
-0.00326081
-0.00200083
-0.0035549
-0.00218013
-0.00385457
-0.00236283
-0.00416008
-0.0025491
-0.00447169
-0.00273909
-0.00478964
-0.00235903
-0.00495014
-0.005111
-0.00268635
-0.00527166
-0.00543265
-0.00301421
-0.00559341
-0.00575446
-0.00334247
-0.00591525
-0.00607629
-0.003671
-0.00623703
-0.00639801
-0.00399965
-0.00655863
-0.00671945
-0.00432826
-0.00687988
-0.00704047
-0.0046567
-0.00720064
-0.00736093
-0.00498481
-0.00752076
-0.00768068
-0.00531245
-0.0078401
-0.00799958
-0.00563947
-0.0081585
-0.00831747
-0.00596572
-0.00847584
-0.00863421
-0.00629106
-0.00879195
-0.00894966
-0.00661534
-0.0091067
-0.00926367
-0.00693842
-0.00941994
-0.00957611
-0.00726016
-0.00973154
-0.00988684
-0.00758042
-0.0100414
-0.0101957
-0.00789906
-0.0103493
-0.0105026
-0.00821594
-0.0106551
-0.0108074
-0.00853093
-0.0109588
-0.0111099
-0.0088439
-0.0112601
-0.0114101
-0.00915473
-0.011559
-0.0117077
-0.00946328
-0.0118554
-0.0120027
-0.00976944
-0.0121491
-0.012295
-0.0100731
-0.01244
-0.0125845
-0.0103741
-0.012728
-0.012871
-0.0106724
-0.013013
-0.0131545
-0.0109679
-0.0132948
-0.0134348
-0.0112604
-0.0135735
-0.0137118
-0.0115499
-0.0138489
-0.0139855
-0.0118362
-0.0141209
-0.0142558
-0.0121194
-0.0143894
-0.0145226
-0.0123993
-0.0146544
-0.0147858
-0.0126758
-0.0149158
-0.0150453
-0.0129488
-0.0151735
-0.0153012
-0.0132184
-0.0154275
-0.0155532
-0.0134844
-0.0156777
-0.0158015
-0.0137468
-0.015924
-0.0160459
-0.0140055
-0.0161664
-0.0162863
-0.0142605
-0.0164049
-0.0165229
-0.0145118
-0.0166394
-0.0167554
-0.0147593
-0.01687
-0.0169839
-0.015003
-0.0170965
-0.0172085
-0.0152429
-0.017319
-0.017429
-0.0154789
-0.0175375
-0.0176454
-0.0157111
-0.0177519
-0.0178578
-0.0159394
-0.0179623
-0.0180662
-0.0161639
-0.0181687
-0.0182706
-0.0163846
-0.018371
-0.0184709
-0.0166015
-0.0185694
-0.0186673
-0.0168145
-0.0187638
-0.0188597
-0.0170238
-0.0189542
-0.0190482
-0.0172293
-0.0191407
-0.0192327
-0.0174312
-0.0193234
-0.0194135
-0.0176293
-0.0195022
-0.0195904
-0.0178239
-0.0196773
-0.0197636
-0.0180149
-0.0198487
-0.0199332
-0.0182024
-0.0200164
-0.0200991
-0.0183864
-0.0201805
-0.0202614
-0.018567
-0.0203411
-0.0204203
-0.0187443
-0.0204982
-0.0205757
-0.0189184
-0.020652
-0.0207278
-0.0190894
-0.0208025
-0.0208767
-0.0192572
-0.0209498
-0.0210224
-0.019422
-0.0210939
-0.0211651
-0.019584
-0.0212351
-0.0213048
-0.0197431
-0.0213733
-0.0214416
-0.0198995
-0.0215087
-0.0215756
-0.0200532
-0.0216414
-0.0217069
-0.0202045
-0.0217714
-0.0218357
-0.0203533
-0.0218989
-0.0219619
-0.0204998
-0.022024
-0.0220859
-0.020644
-0.0221468
-0.0222075
-0.0207862
-0.0222673
-0.022327
-0.0209263
-0.0223858
-0.0224445
-0.0210646
-0.0225023
-0.02256
-0.0212011
-0.0226169
-0.0226738
-0.0213359
-0.0227298
-0.0227858
-0.0214691
-0.022841
-0.0228962
-0.0216008
-0.0229507
-0.0230052
-0.0217312
-0.023059
-0.0231128
-0.0218604
-0.0231659
-0.0232191
-0.0219884
-0.0232716
-0.0233243
-0.0221154
-0.0233763
-0.0234284
-0.0222415
-0.0234799
-0.0235316
-0.0223667
-0.0235827
-0.0236339
-0.0224912
-0.0236846
-0.0237355
-0.0226151
-0.0237859
-0.0238365
-0.0227385
-0.0238866
-0.0239369
-0.0228614
-0.0239868
-0.0240369
-0.022984
-0.0240866
-0.0241365
-0.0231064
-0.024186
-0.0242358
-0.0232285
-0.0242853
-0.024335
-0.0233506
-0.0243843
-0.024434
-0.0234727
-0.0244834
-0.024533
-0.0235948
-0.0245824
-0.0246321
-0.0237171
-0.0246815
-0.0247312
-0.0238395
-0.0247807
-0.0248305
-0.0239622
-0.0248801
-0.0249301
-0.0240853
-0.0249798
-0.0250299
-0.0242086
-0.0250797
-0.02513
-0.0243324
-0.0251801
-0.0252305
-0.0244567
-0.0252808
-0.0253315
-0.0245814
-0.0253819
-0.0254328
-0.0247066
-0.0254835
-0.0255346
-0.0248324
-0.0255855
-0.0256369
-0.0249587
-0.0256881
-0.0257397
-0.0250856
-0.0257912
-0.0258431
-0.0252131
-0.0258947
-0.0259469
-0.0253412
-0.0259988
-0.0260513
-0.0254698
-0.0261035
-0.0261561
-0.025599
-0.0262086
-0.0262615
-0.0257288
-0.0263142
-0.0263673
-0.0258591
-0.0264202
-0.0264736
-0.0259899
-0.0265267
-0.0265803
-0.0261211
-0.0266336
-0.0266874
-0.0262528
-0.0267409
-0.0267948
-0.0263849
-0.0268485
-0.0269025
-0.0265173
-0.0269563
-0.0270105
-0.0266499
-0.0270643
-0.0271186
-0.0267828
-0.0271725
-0.0272268
-0.0269158
-0.0272807
-0.027335
-0.0270488
-0.027389
-0.0274432
-0.0271819
-0.0274971
-0.0275513
-0.0273148
-0.0276051
-0.0276591
-0.0274476
-0.0277127
-0.0277666
-0.02758
-0.0278201
-0.0278737
-0.027712
-0.0279269
-0.0279803
-0.0278436
-0.0280332
-0.0280863
-0.0279745
-0.0281388
-0.0281915
-0.0281047
-0.0282436
-0.0282958
-0.028234
-0.0283474
-0.0283991
-0.0283623
-0.0284502
-0.0285013
-0.0284895
-0.0285518
-0.0286023
-0.0286155
-0.0286521
-0.0287018
-0.02874
-0.0287509
-0.0287999
-0.028863
-0.0288481
-0.0288962
-0.0289844
-0.0289435
-0.0289907
-0.0291039
-0.0290371
-0.0290833
-0.0292214
-0.0291286
-0.0291737
-0.0293367
-0.0292179
-0.0292618
-0.0294498
-0.0293048
-0.0293475
-0.0295604
-0.0293892
-0.0294306
-0.0296684
-0.0294709
-0.0295109
-0.0297736
-0.0295498
-0.0295883
-0.0298758
-0.0296257
-0.0296626
-0.0299749
-0.0296983
-0.0297336
-0.0300707
-0.0297677
-0.0298012
-0.0301631
-0.0298335
-0.0298652
-0.0302518
-0.0298956
-0.0299255
-0.0303367
-0.0299539
-0.0299818
-0.0304177
-0.0300082
-0.030034
-0.0304945
-0.0300583
-0.0300819
-0.030567
-0.0301041
-0.0301255
-0.030635
-0.0301453
-0.0301644
-0.0306984
-0.0301819
-0.0301985
-0.030757
-0.0302136
-0.0302278
-0.0308105
-0.0302404
-0.030252
-0.030859
-0.0302619
-0.0302709
-0.0309022
-0.0302782
-0.0302845
-0.0309399
-0.030289
-0.0302925
-0.030972
-0.0302942
-0.0302948
-0.0309984
-0.0302937
-0.0302914
-0.0310188
-0.0302872
-0.0302819
-0.0310333
-0.0302748
-0.0302664
-0.0310415
-0.0302561
-0.0302446
-0.0310435
-0.0302312
-0.0302165
-0.031039
-0.0301998
-0.0301819
-0.031028
-0.0301619
-0.0301407
-0.0310102
-0.0301174
-0.0300928
-0.0309857
-0.0300661
-0.0300381
-0.0309543
-0.030008
-0.0299764
-0.0309159
-0.0299429
-0.0299078
-0.0308705
-0.0298707
-0.0298321
-0.0308178
-0.0297915
-0.0297493
-0.0307579
-0.029705
-0.0296592
-0.0306906
-0.0296113
-0.0295618
-0.030616
-0.0295103
-0.0294571
-0.0305338
-0.0294018
-0.029345
-0.0304442
-0.029286
-0.0292254
-0.0303471
-0.0291627
-0.0290984
-0.0302423
-0.0290319
-0.0289638
-0.0301299
-0.0288936
-0.0288217
-0.0300099
-0.0287477
-0.0286721
-0.0298822
-0.0285944
-0.028515
-0.0297469
-0.0284335
-0.0283503
-0.0296039
-0.0282651
-0.0281782
-0.0294533
-0.0280891
-0.0279985
-0.0292951
-0.0279058
-0.0278114
-0.0291293
-0.0277149
-0.0276169
-0.028956
-0.0275167
-0.027415
-0.0287751
-0.0273112
-0.0272058
-0.0285869
-0.0270984
-0.0269894
-0.0283912
-0.0268784
-0.0267659
-0.0281883
-0.0266513
-0.0265352
-0.0279781
-0.0264172
-0.0262976
-0.0277609
-0.0261761
-0.0260531
-0.0275366
-0.0259282
-0.0258019
-0.0273054
-0.0256737
-0.025544
-0.0270674
-0.0254125
-0.0252796
-0.0268228
-0.0251449
-0.0250088
-0.0265716
-0.024871
-0.0247318
-0.026314
-0.0245909
-0.0244487
-0.0260502
-0.0243049
-0.0241597
-0.0257803
-0.024013
-0.023865
-0.0255045
-0.0237154
-0.0235646
-0.025223
-0.0234123
-0.0232589
-0.0249358
-0.023104
-0.022948
-0.0246433
-0.0227905
-0.022632
-0.0243457
-0.0224721
-0.0223112
-0.024043
-0.022149
-0.0219858
-0.0237356
-0.0218214
-0.0216561
-0.0234236
-0.0214895
-0.0213221
-0.0231072
-0.0211536
-0.0209842
-0.0227867
-0.0208138
-0.0206426
-0.0224624
-0.0204704
-0.0202975
-0.0221343
-0.0201236
-0.0199491
-0.0218028
-0.0197737
-0.0195978
-0.0214681
-0.0194209
-0.0192436
-0.0211305
-0.0190655
-0.018887
-0.0207901
-0.0187077
-0.018528
-0.0204473
-0.0183477
-0.0181671
-0.0201023
-0.0179859
-0.0178044
-0.0197553
-0.0176224
-0.0174401
-0.0194066
-0.0172575
-0.0170747
-0.0190565
-0.0168915
-0.0167082
-0.0187051
-0.0165246
-0.016341
-0.0183528
-0.0161571
-0.0159733
-0.0179999
-0.0157892
-0.0156053
-0.0176465
-0.0154213
-0.0152374
-0.0172929
-0.0150535
-0.0148698
-0.0169394
-0.0146861
-0.0145026
-0.0165862
-0.0143193
-0.0141363
-0.0162335
-0.0139534
-0.013771
-0.0158817
-0.0135887
-0.0134069
-0.015531
-0.0132254
-0.0130444
-0.0151815
-0.0128637
-0.0126835
-0.0148335
-0.0125038
-0.0123246
-0.0144873
-0.012146
-0.011968
-0.014143
-0.0117905
-0.0116137
-0.013801
-0.0114375
-0.011262
-0.0134613
-0.0110872
-0.0109132
-0.0131242
-0.0107398
-0.0105673
-0.01279
-0.0103956
-0.0102247
-0.0124587
-0.0100547
-0.00988554
-0.0121306
-0.00971725
-0.00954992
-0.0118059
-0.00938348
-0.00921805
-0.0114847
-0.00905355
-0.0088901
-0.0111671
-0.00872762
-0.00856621
-0.0108535
-0.00840582
-0.00824654
-0.0105438
-0.00808831
-0.00793122
-0.0102382
-0.00777521
-0.00762037
-0.00993686
-0.00746665
-0.00731412
-0.00963989
-0.00716274
-0.00701257
-0.0093474
-0.00686358
-0.00671582
-0.00905947
-0.00656927
-0.00642396
-0.00877619
-0.00627988
-0.00613707
-0.00849764
-0.0059955
-0.0058552
-0.0082239
-0.00571618
-0.00557843
-0.007955
-0.00544197
-0.0053068
-0.00321583
-0.00504325
-0.00305602
-0.00479056
-0.0029028
-0.00454842
-0.00275598
-0.00431651
-0.00261538
-0.00409453
-0.0024808
-0.00388216
-0.00235205
-0.00367907
-0.00222892
-0.00348493
-0.00211122
-0.00329939
-0.00199874
-0.00312212
-0.00189127
-0.00295275
-0.00178859
-0.00279093
-0.00169048
-0.0026363
-0.00159672
-0.00248848
-0.00150709
-0.0023471
-0.00142136
-0.00221179
-0.0013393
-0.00208216
-0.00126067
-0.00195781
-0.00118523
-0.00183837
-0.00111276
-0.00172342
-0.001043
-0.00161258
-0.000975719
-0.00150544
-0.000910663
-0.00140159
-0.00084759
-0.00130063
-0.000786249
-0.00120214
-0.000726393
-0.00110572
-0.000667769
-0.00101094
-0.000610126
-0.000917404
-0.000553212
-0.000824686
-0.000496774
-0.000732371
-0.000440558
-0.000640043
-0.000384311
-0.000547286
-0.00032778
-0.000453683
-0.000270712
-0.000358819
-0.000212853
-0.00026228
-0.000153952
-0.000163653
-9.37576e-05
-6.86389e-05
-3.64119e-05
2.15876e-05
1.93903e-05
0.000128973
8.4982e-05
0.000240092
0.000152867
0.000355345
0.00022329
0.000475131
0.000296493
0.000599843
0.000372715
0.000729873
0.000452194
0.000865607
0.000535165
0.00100743
0.000621859
0.00115571
0.000712507
0.00131083
0.000807334
0.00147315
0.000906562
0.00164303
0.00101041
0.00182083
0.0011191
0.00200689
0.00123283
0.00220157
0.00135183
0.00240519
0.00147628
0.00261808
0.00160639
0.00284056
0.00174236
0.00307295
0.00188437
0.00331556
0.00203261
0.00356868
0.00218727
0.00383259
0.00234851
0.00410759
0.00251651
0.00439395
0.00269143
0.00469191
0.00287344
0.00500176
0.00264036
0.00516035
0.00532057
0.00296749
0.00548213
0.00564528
0.00330077
0.00580974
0.00597577
0.00364005
0.00614306
0.00631188
0.00398518
0.00648192
0.00665345
0.00433602
0.00682616
0.00700032
0.00469237
0.0071756
0.00735229
0.00505407
0.00753006
0.00770919
0.00542092
0.00788933
0.00807079
0.00579271
0.00825321
0.0084369
0.00616922
0.00862148
0.00880728
0.00655024
0.00899391
0.0091817
0.00693552
0.00937026
0.00955993
0.00732483
0.0097503
0.00994171
0.00771792
0.0101338
0.0103268
0.00811453
0.0105204
0.0107149
0.00851439
0.0109099
0.0111058
0.00891723
0.011302
0.0114991
0.00932278
0.0116965
0.0118947
0.00973075
0.0120931
0.0122921
0.0101408
0.0124914
0.0126912
0.0105528
0.0128912
0.0130917
0.0109663
0.0132922
0.0134931
0.011381
0.013694
0.0138953
0.0117966
0.0140964
0.0142978
0.0122129
0.014499
0.0147005
0.0126294
0.0149016
0.0151029
0.013046
0.0153039
0.0155049
0.0134622
0.0157054
0.015906
0.0138778
0.016106
0.0163059
0.0142925
0.0165052
0.0167044
0.0147059
0.0169029
0.0171011
0.0151177
0.0172986
0.0174958
0.0155277
0.017692
0.017888
0.0159354
0.018083
0.0182775
0.0163406
0.018471
0.018664
0.0167431
0.0188559
0.0190472
0.0171424
0.0192373
0.0194268
0.0175383
0.019615
0.0198025
0.0179304
0.0199887
0.0201741
0.0183186
0.020358
0.0205411
0.0187025
0.0207227
0.0209034
0.0190819
0.0210826
0.0212607
0.0194564
0.0214373
0.0216128
0.0198258
0.0217866
0.0219593
0.0201899
0.0221302
0.0223
0.0205483
0.0224679
0.0226347
0.020901
0.0227995
0.0229631
0.0212475
0.0231247
0.0232851
0.0215877
0.0234434
0.0236003
0.0219214
0.0237552
0.0239087
0.0222484
0.02406
0.02421
0.0225684
0.0243577
0.0245039
0.0228813
0.024648
0.0247905
0.023187
0.0249307
0.0250694
0.0234851
0.0252057
0.0253405
0.0237756
0.0254729
0.0256037
0.0240584
0.025732
0.0258588
0.0243333
0.0259831
0.0261057
0.0246001
0.0262259
0.0263444
0.0248588
0.0264604
0.0265746
0.0251092
0.0266864
0.0267964
0.0253513
0.0269039
0.0270096
0.025585
0.0271128
0.0272142
0.0258102
0.0273131
0.0274101
0.0260268
0.0275046
0.0275973
0.0262349
0.0276874
0.0277758
0.0264344
0.0278615
0.0279454
0.0266253
0.0280268
0.0281064
0.0268075
0.0281833
0.0282585
0.0269811
0.0283311
0.0284019
0.027146
0.0284702
0.0285367
0.0273024
0.0286006
0.0286627
0.0274503
0.0287223
0.0287801
0.0275896
0.0288354
0.028889
0.0277205
0.02894
0.0289894
0.0278431
0.0290362
0.0290814
0.0279574
0.0291241
0.0291651
0.0280635
0.0292037
0.0292406
0.0281615
0.0292751
0.0293081
0.0282515
0.0293386
0.0293676
0.0283337
0.0293942
0.0294192
0.0284082
0.029442
0.0294633
0.0284752
0.0294823
0.0294998
0.0285347
0.0295151
0.0295289
0.028587
0.0295406
0.0295509
0.0286321
0.0295591
0.0295659
0.0286704
0.0295706
0.029574
0.028702
0.0295754
0.0295756
0.028727
0.0295737
0.0295707
0.0287456
0.0295657
0.0295596
0.0287581
0.0295515
0.0295424
0.0287647
0.0295315
0.0295195
0.0287656
0.0295057
0.029491
0.028761
0.0294745
0.0294572
0.0287511
0.0294381
0.0294182
0.0287361
0.0293967
0.0293743
0.0287164
0.0293505
0.0293259
0.028692
0.0292998
0.029273
0.0286634
0.0292448
0.0292159
0.0286306
0.0291857
0.0291549
0.0285939
0.0291228
0.0290902
0.0285536
0.0290564
0.0290222
0.02851
0.0289867
0.0289509
0.0284632
0.0289139
0.0288767
0.0284135
0.0288384
0.0287998
0.0283612
0.0287602
0.0287204
0.0283065
0.0286797
0.0286389
0.0282496
0.0285972
0.0285554
0.0281908
0.0285128
0.0284701
0.0281304
0.0284268
0.0283834
0.0280684
0.0283394
0.0282955
0.0280053
0.0282509
0.0282065
0.0279412
0.0281615
0.0281167
0.0278763
0.0280715
0.0280264
0.0278109
0.0279809
0.0279357
0.0277451
0.0278902
0.0278449
0.0276792
0.0277994
0.0277542
0.0276135
0.0277088
0.0276637
0.027548
0.0276185
0.0275737
0.027483
0.0275288
0.0274844
0.0274186
0.0274399
0.027396
0.0273551
0.0273519
0.0273085
0.0272927
0.0272651
0.0272222
0.0272314
0.0271794
0.0271373
0.0271715
0.0270953
0.0270539
0.0271131
0.0270127
0.0269722
0.0270563
0.0269318
0.0268922
0.0270014
0.0268528
0.0268142
0.0269483
0.0267757
0.0267382
0.0268972
0.0267008
0.0266643
0.0268483
0.0266281
0.0265927
0.0268017
0.0265576
0.0265235
0.0267573
0.0264896
0.0264566
0.0267154
0.026424
0.0263923
0.0266759
0.026361
0.0263306
0.026639
0.0263005
0.0262714
0.0266046
0.0262427
0.026215
0.026573
0.0261876
0.0261613
0.0265439
0.0261353
0.0261103
0.0265176
0.0260857
0.026062
0.026494
0.0260388
0.0260166
0.0264732
0.0259947
0.0259739
0.026455
0.0259534
0.0259339
0.0264396
0.0259148
0.0258967
0.0264268
0.025879
0.0258622
0.0264167
0.0258458
0.0258304
0.0264092
0.0258153
0.0258011
0.0264043
0.0257874
0.0257745
0.0264019
0.025762
0.0257503
0.0264019
0.025739
0.0257286
0.0264043
0.0257185
0.0257093
0.026409
0.0257003
0.0256921
0.0264158
0.0256843
0.0256772
0.0264248
0.0256703
0.0256643
0.0264357
0.0256584
0.0256533
0.0264485
0.0256484
0.0256442
0.026463
0.0256401
0.0256368
0.0264791
0.0256335
0.0256309
0.0264968
0.0256284
0.0256265
0.0265157
0.0256246
0.0256233
0.0265359
0.025622
0.0256213
0.0265571
0.0256205
0.0256202
0.0265791
0.0256198
0.0256199
0.0266019
0.0256199
0.0256203
0.0266252
0.0256206
0.0256212
0.0266489
0.0256216
0.0256223
0.0266728
0.0256228
0.0256236
0.0266968
0.0256241
0.0256248
0.0267205
0.0256252
0.0256258
0.0267439
0.025626
0.0256263
0.0267667
0.0256262
0.0256262
0.0267888
0.0256258
0.0256253
0.02681
0.0256244
0.0256234
0.02683
0.0256219
0.0256203
0.0268487
0.0256181
0.0256158
0.0268659
0.0256128
0.0256097
0.0268814
0.0256058
0.0256017
0.0268949
0.0255969
0.0255918
0.0269064
0.025586
0.0255798
0.0269155
0.0255727
0.0255653
0.0269221
0.025557
0.0255483
0.026926
0.0255386
0.0255285
0.026927
0.0255174
0.0255058
0.026925
0.0254932
0.02548
0.0269196
0.0254657
0.0254508
0.0269108
0.0254348
0.0254181
0.0268984
0.0254003
0.0253818
0.0268821
0.0253621
0.0253416
0.0268618
0.0253199
0.0252974
0.0268374
0.0252736
0.025249
0.0268086
0.0252231
0.0251963
0.0267753
0.0251681
0.025139
0.0267374
0.0251085
0.0250771
0.0266946
0.0250443
0.0250104
0.0266469
0.0249751
0.0249388
0.0265941
0.024901
0.0248621
0.0265361
0.0248217
0.0247802
0.0264726
0.0247371
0.0246929
0.0264037
0.0246472
0.0246002
0.0263291
0.0245517
0.0254498
0.0262695
0.025949
0.0262614
0.0256309
0.0244475
0.0262033
0.0243949
0.0243412
0.0261147
0.0242859
0.0242295
0.0260205
0.0241714
0.0241121
0.0259205
0.0240511
0.0239889
0.0258145
0.023925
0.0238598
0.0257024
0.0237929
0.0237247
0.025584
0.0236547
0.0235834
0.0254594
0.0235104
0.023436
0.0253284
0.0233598
0.0232823
0.025191
0.0232035
0.0231236
0.0250483
0.0230421
0.0229592
0.0248998
0.0228747
0.0227889
0.0247451
0.0227013
0.0226124
0.0245841
0.0225218
0.0224297
0.0244167
0.0223359
0.0222408
0.0242428
0.0221438
0.0220454
0.0240623
0.0238488
0.0240526
0.0221483
0.0218427
0.0238742
0.0217391
0.0216342
0.0236802
0.0215275
0.0214194
0.0234796
0.0213094
0.0211981
0.0232724
0.021085
0.0209705
0.0230587
0.0208542
0.0207366
0.0228384
0.0206171
0.0204963
0.0226115
0.0203737
0.0202498
0.0223782
0.0201241
0.019997
0.0221385
0.0198682
0.0197381
0.0218924
0.0196063
0.0194731
0.0216399
0.0193382
0.019202
0.0213812
0.0190642
0.018925
0.0211163
0.0187842
0.0186421
0.0208453
0.0184983
0.0183533
0.0205683
0.0182067
0.0180589
0.0202853
0.0179094
0.0177587
0.0199965
0.0176065
0.0174531
0.0197018
0.0172981
0.017142
0.0194016
0.0169844
0.0168256
0.0190957
0.0166653
0.0165039
0.0187844
0.0163411
0.0161771
0.0184678
0.0160118
0.0158454
0.0181459
0.0156776
0.0155087
0.0178189
0.0153385
0.0151673
0.0174869
0.0149948
0.0148212
0.0171501
0.0146464
0.0144707
0.0168085
0.0142937
0.0141157
0.0164623
0.0139366
0.0137566
0.0161116
0.0135754
0.0133933
0.0157566
0.0132101
0.0130261
0.0153974
0.0128409
0.012655
0.0150341
0.012468
0.0122802
0.0146669
0.0120915
0.011902
0.014296
0.0117115
0.0115203
0.0139214
0.0113282
0.0111353
0.0135433
0.0109417
0.0107473
0.0131619
0.0105521
0.0103563
0.0127772
0.0101597
0.00996256
0.0123896
0.00976462
0.00956613
0.011999
0.00936692
0.0091672
0.0116057
0.0089668
0.00876591
0.0112098
0.0085644
0.00836243
0.0108115
0.00815987
0.00795689
0.0104108
0.00775337
0.00754946
0.0100081
0.00734504
0.00714027
0.00960328
0.00693504
0.00672949
0.00919665
0.00652351
0.00631725
0.00878833
0.00611061
0.00590371
0.00837846
0.00569648
0.00548902
0.00331812
0.00507613
0.00306704
0.00466771
0.00281867
0.0042634
0.0025728
0.00386287
0.0023292
0.00346578
0.00208767
0.00307177
0.00184801
0.00268051
0.00161
0.00229165
0.00137342
0.00190484
0.00113808
0.00151974
0.000903754
0.00113598
0.000670232
0.000753235
0.000437301
0.000371134
0.000701928
0.00221934
-0.000201343
2.5062e-05
-0.000373136
-0.000248314
-0.000755681
-0.0004812
-0.001139
-0.000714578
-0.00152346
-0.000948664
-0.00190939
-0.00118367
-0.00229716
-0.00141981
-0.00268711
-0.0016573
-0.00307958
-0.00189634
-0.00347493
-0.00213716
-0.0038735
-0.00237994
-0.00427562
-0.00262491
-0.00468164
-0.00220208
-0.00488543
-0.00508897
-0.00261272
-0.00529206
-0.00549487
-0.00302218
-0.0056972
-0.00589924
-0.00343036
-0.00610077
-0.00630198
-0.00383715
-0.00650264
-0.00670297
-0.00424244
-0.00690272
-0.00710209
-0.00464612
-0.00730087
-0.00749925
-0.00504807
-0.007697
-0.00789433
-0.00544817
-0.00809098
-0.0082872
-0.00584633
-0.00848272
-0.00867777
-0.00624243
-0.00887209
-0.00906592
-0.00663634
-0.00925898
-0.00945154
-0.00702798
-0.0096433
-0.00983453
-0.00741722
-0.0100249
-0.0102148
-0.00780395
-0.0104037
-0.0105922
-0.00818808
-0.0107797
-0.0109666
-0.00856949
-0.0111526
-0.011338
-0.00894807
-0.0115224
-0.0117062
-0.00932373
-0.011889
-0.0120711
-0.00969637
-0.0122522
-0.0124327
-0.0100659
-0.0126121
-0.0127908
-0.0104321
-0.0129684
-0.0131453
-0.0107951
-0.0133211
-0.0134962
-0.0111546
-0.0136701
-0.0138433
-0.0115106
-0.0140154
-0.0141866
-0.011863
-0.0143567
-0.014526
-0.0122117
-0.014694
-0.0148613
-0.0125566
-0.0150273
-0.0151925
-0.0128976
-0.0153565
-0.0155196
-0.0132347
-0.0156814
-0.0158423
-0.0135677
-0.0160019
-0.0161607
-0.0138966
-0.0163181
-0.0164746
-0.0142212
-0.0166298
-0.0167841
-0.0145416
-0.016937
-0.0170889
-0.0148576
-0.0172395
-0.0173891
-0.0151692
-0.0175373
-0.0176846
-0.0154763
-0.0178304
-0.0179752
-0.0157788
-0.0181186
-0.0182611
-0.0160766
-0.018402
-0.018542
-0.0163698
-0.0186804
-0.0188179
-0.0166582
-0.0189538
-0.0190888
-0.0169418
-0.0192222
-0.0193546
-0.0172205
-0.0194854
-0.0196153
-0.0174943
-0.0197435
-0.0198708
-0.0177632
-0.0199964
-0.0201211
-0.018027
-0.0202441
-0.0203661
-0.0182858
-0.0204865
-0.0206058
-0.0185395
-0.0207236
-0.0208402
-0.0187881
-0.0209553
-0.0210693
-0.0190315
-0.0211817
-0.021293
-0.0192698
-0.0214026
-0.0215112
-0.0195028
-0.0216182
-0.0217241
-0.0197307
-0.0218283
-0.0219315
-0.0199532
-0.0220329
-0.0221334
-0.0201705
-0.0222321
-0.0223298
-0.0203826
-0.0224258
-0.0225208
-0.0205893
-0.022614
-0.0227062
-0.0207907
-0.0227967
-0.0228861
-0.0209868
-0.0229739
-0.0230606
-0.0211776
-0.0231456
-0.0232295
-0.0213631
-0.0233118
-0.023393
-0.0215433
-0.0234725
-0.023551
-0.0217182
-0.0236278
-0.0237036
-0.0218879
-0.0237777
-0.0238508
-0.0220523
-0.0239222
-0.0239926
-0.0222116
-0.0240613
-0.024129
-0.0223656
-0.024195
-0.0242601
-0.0225145
-0.0243235
-0.0243859
-0.0226583
-0.0244467
-0.0245065
-0.0227971
-0.0245647
-0.0246219
-0.0229308
-0.0246775
-0.0247322
-0.0230596
-0.0247853
-0.0248375
-0.0231835
-0.024888
-0.0249377
-0.0233026
-0.0249858
-0.025033
-0.0234169
-0.0250786
-0.0251234
-0.0235265
-0.0251666
-0.0252091
-0.0236314
-0.0252499
-0.02529
-0.0237318
-0.0253285
-0.0253663
-0.0238277
-0.0254025
-0.025438
-0.0239193
-0.0254721
-0.0255053
-0.0240065
-0.0255372
-0.0255683
-0.0240895
-0.025598
-0.0256269
-0.0241684
-0.0256545
-0.0256815
-0.0242433
-0.025707
-0.0257319
-0.0243143
-0.0257555
-0.0257784
-0.0243815
-0.0258
-0.0258211
-0.0244449
-0.0258408
-0.02586
-0.0245048
-0.0258779
-0.0258953
-0.0245611
-0.0259114
-0.0259271
-0.0246141
-0.0259415
-0.0259554
-0.0246639
-0.0259682
-0.0259806
-0.0247105
-0.0259918
-0.0260026
-0.024754
-0.0260122
-0.0260215
-0.0247947
-0.0260297
-0.0260376
-0.0248326
-0.0260444
-0.0260509
-0.0248679
-0.0260563
-0.0260615
-0.0249006
-0.0260657
-0.0260696
-0.0249309
-0.0260726
-0.0260754
-0.024959
-0.0260772
-0.0260788
-0.0249849
-0.0260796
-0.0260802
-0.0250088
-0.0260799
-0.0260795
-0.0250307
-0.0260783
-0.026079
-0.0250529
-0.0260783
-0.0260788
-0.0250757
-0.0260789
-0.0260794
-0.0250992
-0.0259802
-0.025109
-0.0252071
-0.0260785
-0.0251213
-0.0260781
-0.026078
-0.025144
-0.0260774
-0.0260769
-0.0251661
-0.0260758
-0.026075
-0.0251875
-0.0260736
-0.0260725
-0.0252084
-0.0260707
-0.0260693
-0.0252287
-0.0260673
-0.0260655
-0.0252485
-0.0260632
-0.0260613
-0.0252679
-0.0260588
-0.0260566
-0.025287
-0.0260539
-0.0260515
-0.0253058
-0.0260487
-0.0260463
-0.0253244
-0.0260433
-0.0260408
-0.0253429
-0.0260378
-0.0260352
-0.0253614
-0.0260322
-0.0260296
-0.0253799
-0.0260267
-0.0260241
-0.0253986
-0.0260212
-0.0260187
-0.0254174
-0.0260159
-0.0260135
-0.0254365
-0.0260108
-0.0260085
-0.0254559
-0.026006
-0.0260039
-0.0254756
-0.0260015
-0.0259996
-0.0254958
-0.0259974
-0.0259958
-0.0255165
-0.0259938
-0.0259924
-0.0255377
-0.0259907
-0.0259896
-0.0255594
-0.0259881
-0.0259873
-0.0255818
-0.0259861
-0.0259855
-0.0256048
-0.0259847
-0.0259844
-0.0256284
-0.0259839
-0.025984
-0.0256527
-0.0259838
-0.0259842
-0.0256777
-0.0259844
-0.0259851
-0.0257034
-0.0259856
-0.0259867
-0.0257298
-0.0259875
-0.0259889
-0.025757
-0.0259901
-0.0259919
-0.0257848
-0.0259934
-0.0259955
-0.0258134
-0.0259974
-0.0259999
-0.0258427
-0.0260021
-0.0260049
-0.0258727
-0.0260074
-0.0260105
-0.0259033
-0.0260134
-0.0260168
-0.0259345
-0.02602
-0.0260237
-0.0259664
-0.0260271
-0.0260311
-0.0259988
-0.0260348
-0.026039
-0.0260318
-0.026043
-0.0260475
-0.0260652
-0.0260517
-0.0260563
-0.0260991
-0.0260607
-0.0260656
-0.0261333
-0.0260702
-0.0260752
-0.0261679
-0.0260799
-0.0260851
-0.0262027
-0.0260899
-0.0260951
-0.0262378
-0.0261
-0.0261053
-0.0262729
-0.0261103
-0.0261156
-0.0263081
-0.0261206
-0.0261259
-0.0263433
-0.0261308
-0.0261361
-0.0263784
-0.0261409
-0.0261461
-0.0264133
-0.0261508
-0.0261558
-0.0264479
-0.0261604
-0.0261653
-0.0264821
-0.0261696
-0.0261743
-0.0265159
-0.0261784
-0.0261827
-0.0265491
-0.0261866
-0.0261906
-0.0265817
-0.0261941
-0.0261977
-0.0266135
-0.0262008
-0.026204
-0.0266444
-0.0262067
-0.0262094
-0.0266744
-0.0262116
-0.0262138
-0.0267033
-0.0262154
-0.026217
-0.026731
-0.026218
-0.026219
-0.0267574
-0.0262193
-0.0262196
-0.0267825
-0.0262192
-0.0262188
-0.026806
-0.0262176
-0.0262164
-0.0268278
-0.0262144
-0.0262123
-0.0268479
-0.0262094
-0.0262064
-0.0268662
-0.0262026
-0.0261986
-0.0268825
-0.0261938
-0.0261888
-0.0268967
-0.0261829
-0.0261769
-0.0269087
-0.0261699
-0.0261627
-0.0269184
-0.0261545
-0.0261462
-0.0269256
-0.0261368
-0.0261272
-0.0269304
-0.0261165
-0.0261056
-0.0269324
-0.0260936
-0.0260813
-0.0269317
-0.026068
-0.0260543
-0.0269281
-0.0260395
-0.0260244
-0.0269216
-0.0260081
-0.0259915
-0.026912
-0.0259737
-0.0259555
-0.0268992
-0.0259361
-0.0259163
-0.0268831
-0.0258953
-0.0258738
-0.0268636
-0.0258511
-0.0258279
-0.0268406
-0.0258035
-0.0257786
-0.0268141
-0.0257524
-0.0257257
-0.0267839
-0.0256977
-0.0256692
-0.02675
-0.0256394
-0.0256089
-0.0267122
-0.0255772
-0.0255449
-0.0266706
-0.0255112
-0.025477
-0.0266249
-0.0254414
-0.0254051
-0.0265752
-0.0253675
-0.0253292
-0.0265213
-0.0252896
-0.0252493
-0.0264633
-0.0252076
-0.0251652
-0.026401
-0.0251214
-0.0250769
-0.0263344
-0.025031
-0.0249844
-0.0262634
-0.0249364
-0.0248876
-0.0261881
-0.0248374
-0.0247865
-0.0261082
-0.0247341
-0.024681
-0.0260239
-0.0246264
-0.0245711
-0.025935
-0.0245143
-0.0244568
-0.0258416
-0.0243978
-0.024338
-0.0257436
-0.0242768
-0.0242148
-0.025641
-0.0241514
-0.0240871
-0.0255337
-0.0240214
-0.0239549
-0.0254218
-0.023887
-0.0238182
-0.0253053
-0.023748
-0.023677
-0.0251841
-0.0236046
-0.0235313
-0.0250583
-0.0234567
-0.0233812
-0.0249279
-0.0233043
-0.0232265
-0.0247928
-0.0231474
-0.0230675
-0.0246531
-0.0229861
-0.0229039
-0.0245089
-0.0228204
-0.022736
-0.0243601
-0.0226503
-0.0225638
-0.0242067
-0.0224759
-0.0223872
-0.0240489
-0.0222971
-0.0222063
-0.0238866
-0.0221141
-0.0220212
-0.0237199
-0.0219269
-0.0218318
-0.0235488
-0.0217355
-0.0216384
-0.0233734
-0.02154
-0.0214408
-0.0231938
-0.0213404
-0.0212393
-0.02301
-0.0211369
-0.0210338
-0.022822
-0.0209294
-0.0208244
-0.02263
-0.0207181
-0.0206112
-0.022434
-0.020503
-0.0203942
-0.0222341
-0.0202843
-0.0201736
-0.0220303
-0.0200619
-0.0199495
-0.0218228
-0.019836
-0.0197218
-0.0216116
-0.0196066
-0.0194908
-0.0213969
-0.0193739
-0.0192564
-0.0211786
-0.019138
-0.0190189
-0.0209569
-0.0188988
-0.0187782
-0.0207319
-0.0186566
-0.0185345
-0.0205038
-0.0184115
-0.0182879
-0.0202725
-0.0181635
-0.0180385
-0.0200382
-0.0179127
-0.0177864
-0.019801
-0.0176593
-0.0175317
-0.0195609
-0.0174033
-0.0172745
-0.0193182
-0.0171449
-0.0170149
-0.0190729
-0.0168842
-0.016753
-0.0188252
-0.0166212
-0.016489
-0.018575
-0.0163562
-0.016223
-0.0183226
-0.0160891
-0.015955
-0.0180681
-0.0158202
-0.0156852
-0.0178116
-0.0155496
-0.0154138
-0.0175532
-0.0152774
-0.0151407
-0.017293
-0.0150036
-0.0148663
-0.0170312
-0.0147285
-0.0145905
-0.0167678
-0.0144521
-0.0143135
-0.016503
-0.0141746
-0.0140355
-0.0162369
-0.013896
-0.0137564
-0.0159696
-0.0136165
-0.0134765
-0.0157012
-0.0133362
-0.0131959
-0.0154318
-0.0130553
-0.0129146
-0.0151616
-0.0127737
-0.0126328
-0.0148907
-0.0124917
-0.0123507
-0.0146191
-0.0122094
-0.0120682
-0.014347
-0.0119268
-0.0117855
-0.0140745
-0.0116441
-0.0115027
-0.0138017
-0.0113613
-0.0112199
-0.0135286
-0.0110786
-0.0109373
-0.0132554
-0.010796
-0.0106548
-0.0129822
-0.0105137
-0.0103727
-0.0127091
-0.0102317
-0.0100909
-0.0124361
-0.00995013
-0.00980957
-0.0121633
-0.00966909
-0.00952882
-0.0118909
-0.00938865
-0.0092487
-0.0116188
-0.00910888
-0.00896929
-0.0113472
-0.00882985
-0.00869066
-0.0110762
-0.00855165
-0.0084129
-0.0108058
-0.00827434
-0.00813605
-0.0105361
-0.00799798
-0.0078602
-0.0102671
-0.00772264
-0.00758538
-0.00999891
-0.00744838
-0.00731167
-0.0097316
-0.00717524
-0.00703912
-0.0094652
-0.00690328
-0.00676777
-0.00919976
-0.00663255
-0.00649766
-0.00893532
-0.00636309
-0.00622885
-0.00867193
-0.00609493
-0.00596136
-0.00840962
-0.00582812
-0.00569523
-0.00814843
-0.00556269
-0.00543049
-0.00788838
-0.00529865
-0.00516716
-0.003131
-0.00490835
-0.00297382
-0.0046568
-0.0028211
-0.00441219
-0.00267258
-0.00417417
-0.00252805
-0.0039424
-0.00238732
-0.00371656
-0.00225016
-0.0034963
-0.00211639
-0.00328127
-0.00198578
-0.00307114
-0.00185813
-0.00286555
-0.00173323
-0.00266416
-0.00161086
-0.00246661
-0.0014908
-0.00407674
-0.00483662
-0.00271188
-0.00217366
-0.00131223
-0.00197732
-0.00119235
-0.00178105
-0.00107327
-0.00158584
-0.000954548
-0.00139162
-0.000836402
-0.0011982
-0.000718712
-0.00100531
-0.000601329
-0.000812668
-0.000484078
-0.000619974
-0.000366775
-0.000426907
-0.000249224
-0.000233139
-0.000131228
-7.32537e-05
3.96097e-05
3.49933e-05
0.000236631
0.000155016
0.000435537
0.000276205
0.000636662
0.000398761
0.000840338
0.000522889
0.0010469
0.000648787
0.00125666
0.000776656
0.00146996
0.000906691
0.00168711
0.00103909
0.00190843
0.00117404
0.00213422
0.00131173
0.0023648
0.00145234
0.00260047
0.00159607
0.00284152
0.00174309
0.00308824
0.00189358
0.00334092
0.00204771
0.00359984
0.00220564
0.00386527
0.00236755
0.00413747
0.0025336
0.00441671
0.00270395
0.00470323
0.00287874
0.0049973
0.00259914
0.00514634
0.00529581
0.00290483
0.00544554
0.00559569
0.00321213
0.00574608
0.00589687
0.00352097
0.00604788
0.00619925
0.00383125
0.00635082
0.00650273
0.00414286
0.0066548
0.00680718
0.00445568
0.0069597
0.0071125
0.0047696
0.0072654
0.00741855
0.00508449
0.00757177
0.00772522
0.00540022
0.00787869
0.00803236
0.00571667
0.00818603
0.00833987
0.00603371
0.00849366
0.00864759
0.0063512
0.00880144
0.00895541
0.00666901
0.00910925
0.00926318
0.006987
0.00941695
0.00957077
0.00730504
0.00972439
0.00987804
0.00762299
0.0100315
0.0101849
0.00794072
0.010338
0.0104911
0.00825808
0.0106439
0.0107966
0.00857495
0.010949
0.0111013
0.0088912
0.0112532
0.011405
0.00920668
0.0115563
0.0117076
0.00952126
0.0118583
0.0120089
0.00983482
0.012159
0.0123088
0.0101472
0.0124582
0.0126073
0.0104583
0.0127558
0.0129041
0.010768
0.0130518
0.0131992
0.0110762
0.013346
0.0134924
0.0113828
0.0136382
0.0137837
0.0116875
0.0139284
0.0140728
0.0119904
0.0142165
0.0143598
0.0122913
0.0145023
0.0146444
0.0125901
0.0147858
0.0149267
0.0128867
0.0150668
0.0152064
0.013181
0.0153453
0.0154836
0.0134729
0.0156211
0.015758
0.0137623
0.0158941
0.0160297
0.0140491
0.0161644
0.0162986
0.0143333
0.0164318
0.0165645
0.0146148
0.0166962
0.0168274
0.0148934
0.0169576
0.0170872
0.0151692
0.0172158
0.0173439
0.015442
0.017471
0.0175974
0.0157119
0.0177229
0.0178477
0.0159787
0.0179715
0.0180947
0.0162424
0.0182169
0.0183384
0.0165029
0.0184589
0.0185787
0.0167603
0.0186975
0.0188157
0.0170145
0.0189327
0.0190492
0.0172654
0.0191645
0.0192793
0.0175131
0.0193929
0.0195059
0.0177576
0.0196178
0.0197291
0.0179987
0.0198393
0.0199489
0.0182366
0.0200573
0.0201651
0.0184712
0.0202719
0.020378
0.0187025
0.020483
0.0205874
0.0189305
0.0206907
0.0207934
0.0191553
0.020895
0.0209959
0.0193769
0.0210959
0.0211952
0.0195952
0.0212934
0.021391
0.0198104
0.0214876
0.0215836
0.0200224
0.0216786
0.0217729
0.0202313
0.0218663
0.021959
0.0204372
0.0220508
0.022142
0.02064
0.0222321
0.0223218
0.0208399
0.0224104
0.0224986
0.0210369
0.0225857
0.0226723
0.021231
0.022758
0.0228432
0.0214223
0.0229274
0.0230112
0.021611
0.023094
0.0231763
0.0217969
0.0232578
0.0233388
0.0219803
0.0234189
0.0234986
0.0221612
0.0235774
0.0236559
0.0223396
0.0237334
0.0238106
0.0225157
0.023887
0.023963
0.0226895
0.0240382
0.024113
0.0228611
0.0241871
0.0242609
0.0230306
0.0243338
0.0244065
0.0231981
0.0244784
0.0245501
0.0233637
0.024621
0.0246917
0.0235274
0.0247617
0.0248315
0.0236893
0.0249005
0.0249694
0.0238495
0.0250376
0.0251057
0.0240082
0.0251731
0.0252403
0.0241653
0.0253069
0.0253734
0.0243211
0.0254393
0.0255051
0.0244754
0.0255703
0.0256354
0.0246286
0.0256999
0.0257644
0.0247806
0.0258284
0.0258923
0.0249314
0.0259556
0.026019
0.0250813
0.0260819
0.0261448
0.0252303
0.0262071
0.0262695
0.0253783
0.0263314
0.0263934
0.0255256
0.0264549
0.0265165
0.0256722
0.0265777
0.0266389
0.0258182
0.0266997
0.0267606
0.0259635
0.0268211
0.0268817
0.0261084
0.0269419
0.0270023
0.0262527
0.0270622
0.0271223
0.0263967
0.027182
0.0272419
0.0265403
0.0273014
0.0273612
0.0266835
0.0274205
0.02748
0.0268265
0.0275392
0.0275986
0.0269692
0.0276576
0.0277169
0.0271117
0.0277758
0.0278349
0.0272541
0.0278937
0.0279527
0.0273962
0.0280114
0.0280703
0.0275382
0.0281289
0.0281877
0.0276801
0.0282462
0.028305
0.0278218
0.0283633
0.028422
0.0279634
0.0284803
0.0285388
0.0281048
0.028597
0.0286555
0.0282461
0.0287136
0.0287719
0.0283872
0.0288299
0.0288881
0.0285281
0.0289459
0.029004
0.0286688
0.0290617
0.0291197
0.0288092
0.0291772
0.029235
0.0289494
0.0292923
0.0293499
0.0290891
0.0294071
0.0294644
0.0292285
0.0295214
0.0295785
0.0293675
0.0296351
0.029692
0.0295059
0.0297483
0.0298048
0.0296437
0.0298609
0.0299171
0.0297809
0.0299727
0.0300285
0.0299173
0.0300838
0.0301391
0.0300529
0.0301939
0.0302488
0.0301876
0.0303031
0.0303574
0.0303212
0.0304112
0.030465
0.0304537
0.0305181
0.0305712
0.030585
0.0306237
0.0306762
0.0307149
0.030728
0.0307797
0.0308434
0.0308307
0.0308815
0.0309703
0.0309317
0.0309817
0.0310954
0.031031
0.0310801
0.0312188
0.0311284
0.0311764
0.0313401
0.0312237
0.0312707
0.0314593
0.0313168
0.0313627
0.0315762
0.0314077
0.0314523
0.0316907
0.031496
0.0315393
0.0318026
0.0315817
0.0316237
0.0319118
0.0316646
0.0317051
0.0320181
0.0317446
0.0317836
0.0321213
0.0318215
0.0318589
0.0322213
0.0318951
0.0319308
0.032318
0.0319653
0.0319992
0.0324111
0.0320319
0.0320639
0.0325004
0.0320947
0.0321248
0.0325859
0.0321536
0.0321816
0.0326673
0.0322084
0.0322343
0.0327444
0.0322588
0.0322826
0.0328172
0.0323049
0.0323263
0.0328853
0.0323463
0.0323653
0.0329487
0.0323829
0.0323995
0.0330071
0.0324145
0.0324285
0.0330604
0.032441
0.0324524
0.0331084
0.0324622
0.0324708
0.0331509
0.0324778
0.0324837
0.0331878
0.0324879
0.0324908
0.0332189
0.0324921
0.0324921
0.033244
0.0324903
0.0324872
0.033263
0.0324824
0.0324762
0.0332756
0.0324681
0.0324587
0.0332818
0.0324474
0.0324348
0.0332814
0.0324202
0.0324041
0.0332743
0.0323861
0.0323666
0.0332602
0.0323452
0.0323222
0.033239
0.0322972
0.0322706
0.0332107
0.0322421
0.0322119
0.033175
0.0321796
0.0321457
0.0331319
0.0321098
0.0320721
0.0330812
0.0320324
0.0319909
0.0330229
0.0319473
0.031902
0.0329567
0.0318545
0.0318053
0.0328826
0.0317539
0.0317007
0.0328005
0.0316454
0.0315882
0.0327103
0.0315288
0.0314675
0.032612
0.0314041
0.0313388
0.0325054
0.0312712
0.0312018
0.0323905
0.0311302
0.0310566
0.0322673
0.0309808
0.0309031
0.0321356
0.0308232
0.0307413
0.0319954
0.0306571
0.0305711
0.0318468
0.0304827
0.0303925
0.0316896
0.0302999
0.0302055
0.0315239
0.0301087
0.0300101
0.0313497
0.0299091
0.0298063
0.0311669
0.0297011
0.0295941
0.0309756
0.0294847
0.0293735
0.0307758
0.02926
0.0291446
0.0305676
0.029027
0.0289074
0.0303509
0.0287857
0.028662
0.0301258
0.0285362
0.0284085
0.0298924
0.0282786
0.0281468
0.0296508
0.0280129
0.0278771
0.029401
0.0277393
0.0275995
0.0291432
0.0274577
0.0273141
0.0288774
0.0271685
0.027021
0.0286037
0.0268716
0.0267203
0.0283223
0.0265671
0.0264122
0.0280333
0.0262553
0.0260968
0.0277368
0.0259363
0.0257742
0.0274329
0.0256102
0.0254446
0.027122
0.0252771
0.0251081
0.026804
0.0249374
0.0247651
0.0264792
0.0245911
0.0244156
0.0261478
0.0242384
0.0240598
0.02581
0.0238795
0.0236979
0.0254659
0.0235147
0.0233302
0.0251158
0.0231442
0.0229569
0.0247599
0.0227682
0.0225782
0.0243984
0.0223868
0.0221943
0.0240315
0.0220005
0.0218055
0.0236596
0.0216093
0.021412
0.0232828
0.0212136
0.0210141
0.0229014
0.0208136
0.0206121
0.0225157
0.0204096
0.0202062
0.0221259
0.0200018
0.0197966
0.0217322
0.0195906
0.0193838
0.0213351
0.0191761
0.0189678
0.0209347
0.0187588
0.0185491
0.0205313
0.0183388
0.018128
0.0201253
0.0179165
0.0177046
0.0197169
0.0174922
0.0172794
0.0193064
0.0170661
0.0168525
0.0188941
0.0166386
0.0164244
0.0184803
0.01621
0.0159953
0.0180653
0.0157805
0.0155655
0.0176494
0.0153504
0.0151353
0.0172329
0.0149202
0.014705
0.0168161
0.01449
0.014275
0.0163994
0.0140602
0.0138455
0.0159829
0.013631
0.0134168
0.0155671
0.0132028
0.0129892
0.0151521
0.0127759
0.012563
0.0147384
0.0123505
0.0121385
0.0143261
0.011927
0.011716
0.0139156
0.0115057
0.0112958
0.0135072
0.0110867
0.0108782
0.0131011
0.0106704
0.0104634
0.0126976
0.0102571
0.0100516
0.012297
0.00984705
0.00964329
0.0118995
0.00944047
0.00923854
0.0115054
0.00903763
0.00883767
0.011115
0.00863879
0.00844091
0.0107284
0.00824417
0.00804849
0.010346
0.00785401
0.00766065
0.00996788
0.00746854
0.00727759
0.00959433
0.00708796
0.00689954
0.00922556
0.00671249
0.00652669
0.00886175
0.00634231
0.00615923
0.00850311
0.00597761
0.00579734
0.00814979
0.00561857
0.00544119
0.00329306
0.00509394
0.00308225
0.00475826
0.00287855
0.00443381
0.0026817
0.00412033
0.0024915
0.00381755
0.00230779
0.00352518
0.00213041
0.00324292
0.00195916
0.0029705
0.00179388
0.00270761
0.00163439
0.00245396
0.00148051
0.00220925
0.00133204
0.00197315
0.00118879
0.00174536
0.00105059
0.00152554
0.000917218
0.00131338
0.000788487
0.00110855
0.000664192
0.00091069
0.000544127
0.000719475
0.000428084
0.000534554
0.00031585
0.000355576
