0 
-0.000352316 
-9.3749e-05 
-0.000588165 
-0.000218739 
-0.0008552 
-0.000343706 
-0.00112212 
-0.00046864 
-0.00138889 
-0.000593526 
-0.00165547 
-0.000718353 
-0.00192182 
-0.000843109 
-0.00218789 
-0.00096778 
-0.00245365 
-0.00109235 
-0.00271905 
-0.00121682 
-0.00298406 
-0.00134116 
-0.00324863 
-0.00146537 
-0.00351272 
-0.00158943 
-0.00377631 
-0.00171334 
-0.00403933 
-0.00183707 
-0.00430177 
-0.00196062 
-0.00456357 
-0.00208397 
-0.00482471 
-0.00220712 
-0.00508513 
-0.00233004 
-0.00534481 
-0.00245273 
-0.00560371 
-0.00257517 
-0.00586178 
-0.00269736 
-0.006119 
-0.00281928 
-0.00637533 
-0.00294092 
-0.00663072 
-0.00306226 
-0.00688515 
-0.00318329 
-0.00713859 
-0.00330401 
-0.00739099 
-0.0034244 
-0.00764232 
-0.00354444 
-0.00789256 
-0.00366413 
-0.00814166 
-0.00378346 
-0.0083896 
-0.0039024 
-0.00863634 
-0.00402096 
-0.00888185 
-0.00413911 
-0.00912611 
-0.00425685 
-0.00936908 
-0.00437416 
-0.00961074 
-0.00449104 
-0.00985104 
-0.00460747 
-0.01009 
-0.00472343 
-0.0103275 
-0.00483893 
-0.0105636 
-0.00495394 
-0.0107983 
-0.00506845 
-0.0110315 
-0.00518246 
-0.0112631 
-0.00529595 
-0.0114933 
-0.00540891 
-0.0117219 
-0.00552133 
-0.0119489 
-0.00563319 
-0.0121744 
-0.0057445 
-0.0123982 
-0.00585523 
-0.0126204 
-0.00596537 
-0.0128409 
-0.00607492 
-0.0130598 
-0.00618386 
-0.0132769 
-0.00629218 
-0.0134924 
-0.00639987 
-0.0137061 
-0.00650692 
-0.013918 
-0.00661332 
-0.0141282 
-0.00671906 
-0.0143366 
-0.00682413 
-0.0145433 
-0.00692852 
-0.0147481 
-0.00703221 
-0.0149511 
-0.0071352 
-0.0151522 
-0.00723748 
-0.0153515 
-0.00733903 
-0.015549 
-0.00743985 
-0.0157445 
-0.00753992 
-0.0159382 
-0.00763924 
-0.01613 
-0.0077378 
-0.0163199 
-0.00783558 
-0.0165079 
-0.00793258 
-0.0166939 
-0.00802879 
-0.016878 
-0.00812419 
-0.0170602 
-0.00821878 
-0.0172404 
-0.00831255 
-0.0174186 
-0.00840549 
-0.0175949 
-0.00849758 
-0.0177692 
-0.00858883 
-0.0179416 
-0.00867922 
-0.0181119 
-0.00876874 
-0.0182802 
-0.00885738 
-0.0184466 
-0.00894514 
-0.018611 
-0.00903201 
-0.0090751 
-0.00911797 
-0.0091606 
-0.00920301 
-0.00924519 
-0.00928714 
-0.00932886 
-0.00937034 
-0.00941159 
-0.0094526 
-0.00949338 
-0.00953392 
-0.00957422 
-0.00961428 
-0.00965411 
-0.00969369 
-0.00973303 
-0.00977212 
-0.00981097 
-0.00984958 
-0.00988794 
-0.00992605 
-0.00996391 
-0.0100015 
-0.0100389 
-0.010076 
-0.0101129 
-0.0101495 
-0.0101858 
-0.0102219 
-0.0102578 
-0.0102934 
-0.0103287 
-0.0103638 
-0.0103986 
-0.0104331 
-0.0104674 
-0.0105015 
-0.0105352 
-0.0105687 
-0.010602 
-0.010635 
-0.0106677 
-0.0107001 
-0.0107323 
-0.0107642 
-0.0107958 
-0.0108272 
-0.0108583 
-0.0108891 
-0.0109197 
-0.01095 
-0.01098 
-0.0110097 
-0.0110392 
-0.0110683 
-0.0110972 
-0.0111259 
-0.0111542 
-0.0111823 
-0.0112101 
-0.0112376 
-0.0112648 
-0.0112918 
-0.0113184 
-0.0113448 
-0.0113709 
-0.0113967 
-0.0114223 
-0.0114475 
-0.0114725 
-0.0114971 
-0.0115215 
-0.0115456 
-0.0115694 
-0.0115929 
-0.0116162 
-0.0116391 
-0.0116618 
-0.0116841 
-0.0117062 
-0.011728 
-0.0117494 
-0.0117706 
-0.0117915 
-0.0118121 
-0.0118324 
-0.0118524 
-0.0118721 
-0.0118915 
-0.0119106 
-0.0119295 
-0.011948 
-0.0119662 
-0.0119841 
-0.0120017 
-0.012019 
-0.0120361 
-0.0120528 
-0.0120692 
-0.0120853 
-0.0121011 
-0.0121166 
-0.0121319 
-0.0121468 
-0.0121614 
-0.0121757 
-0.0121896 
-0.0122033 
-0.0122167 
-0.0122298 
-0.0122426 
-0.012255 
-0.0122672 
-0.012279 
-0.0122906 
-0.0123018 
-0.0123128 
-0.0123234 
-0.0123337 
-0.0123437 
-0.0123534 
-0.0123628 
-0.0123719 
-0.0123806 
-0.0123891 
-0.0123973 
-0.0124051 
-0.0124126 
-0.0124198 
-0.0124268 
-0.0124334 
-0.0124396 
-0.0124456 
-0.0124513 
-0.0124566 
-0.0124617 
-0.0124664 
-0.0124708 
-0.012475 
-0.0124788 
-0.0124822 
-0.0124854 
-0.0124883 
-0.0124908 
-0.0124931 
-0.012495 
-0.0124966 
-0.0124979 
-0.0124989 
-0.0124996 
-0.0124999 
-0.0125 
-0.0124997 
-0.0124991 
-0.0124982 
-0.012497 
-0.0124955 
-0.0124937 
-0.0124916 
-0.0124891 
-0.0124864 
-0.0124833 
-0.0124799 
-0.0124762 
-0.0124722 
-0.0124679 
-0.0124632 
-0.0124583 
-0.012453 
-0.0124475 
-0.0124416 
-0.0124354 
-0.0124289 
-0.0124221 
-0.012415 
-0.0124075 
-0.0123998 
-0.0123917 
-0.0123834 
-0.0123747 
-0.0123657 
-0.0123564 
-0.0123468 
-0.0123369 
-0.0123267 
-0.0123162 
-0.0123053 
-0.0122942 
-0.0122828 
-0.012271 
-0.0122589 
-0.0122466 
-0.0122339 
-0.0122209 
-0.0122076 
-0.012194 
-0.0121801 
-0.0121659 
-0.0121514 
-0.0121366 
-0.0121215 
-0.0121061 
-0.0120904 
-0.0120744 
-0.012058 
-0.0120414 
-0.0120245 
-0.0120073 
-0.0119898 
-0.0119719 
-0.0119538 
-0.0119354 
-0.0119167 
-0.0118976 
-0.0118783 
-0.0118587 
-0.0118388 
-0.0118186 
-0.0117981 
-0.0117773 
-0.0117562 
-0.0117348 
-0.0117131 
-0.0116912 
-0.0116689 
-0.0116464 
-0.0116235 
-0.0116004 
-0.011577 
-0.0115532 
-0.0115292 
-0.0115049 
-0.0114804 
-0.0114555 
-0.0114303 
-0.0114049 
-0.0113792 
-0.0113532 
-0.0113269 
-0.0113003 
-0.0112734 
-0.0112463 
-0.0112189 
-0.0111912 
-0.0111632 
-0.0111349 
-0.0111064 
-0.0110776 
-0.0110485 
-0.0110191 
-0.0109895 
-0.0109595 
-0.0109294 
-0.0108989 
-0.0108681 
-0.0108371 
-0.0108058 
-0.0107743 
-0.0107425 
-0.0107104 
-0.010678 
-0.0106454 
-0.0106125 
-0.0105794 
-0.0105459 
-0.0105122 
-0.0104783 
-0.0104441 
-0.0104096 
-0.0103749 
-0.0103399 
-0.0103046 
-0.0102691 
-0.0102334 
-0.0101974 
-0.0101611 
-0.0101246 
-0.0100878 
-0.0100507 
-0.0100135 
-0.00997592 
-0.00993813 
-0.0099001 
-0.00986182 
-0.00982329 
-0.00978452 
-0.0097455 
-0.00970624 
-0.00966674 
-0.009627 
-0.00958701 
-0.00954678 
-0.00950632 
-0.00946562 
-0.00942468 
-0.00938351 
-0.0093421 
-0.00930046 
-0.00925858 
-0.00921647 
-0.00917414 
-0.00913157 
-0.00908878 
-0.00904576 
-0.00900251 
-0.00895904 
-0.00891534 
-0.00887142 
-0.00882728 
-0.00878292 
-0.00873834 
-0.00869354 
-0.00864852 
-0.00860328 
-0.00855784 
-0.00851217 
-0.0084663 
-0.00842021 
-0.00837391 
-0.00832741 
-0.00828069 
-0.00823377 
-0.00818664 
-0.00813931 
-0.00809177 
-0.00804403 
-0.0079961 
-0.00794796 
-0.00789962 
-0.00785108 
-0.00780235 
-0.00775342 
-0.0077043 
-0.00765499 
-0.00760548 
-0.00755579 
-0.00750591 
-0.00745583 
-0.00740558 
-0.00735513 
-0.00730451 
-0.0072537 
-0.00720271 
-0.00715154 
-0.00710019 
-0.00704866 
-0.00699696 
-0.00694508 
-0.00689303 
-0.0068408 
-0.00678841 
-0.00673584 
-0.00668311 
-0.00663021 
-0.00657714 
-0.00652391 
-0.00647052 
-0.00641696 
-0.00636325 
-0.00630937 
-0.00625534 
-0.00620115 
-0.00614681 
-0.00609231 
-0.00603766 
-0.00598286 
-0.00592791 
-0.00587281 
-0.00581756 
-0.00576217 
-0.00570664 
-0.00565096 
-0.00559514 
-0.00553918 
-0.00548308 
-0.00542685 
-0.00537048 
-0.00531397 
-0.00525734 
-0.00520057 
-0.00514367 
-0.00508664 
-0.00502949 
-0.00497221 
-0.0049148 
-0.00485728 
-0.00479963 
-0.00474186 
-0.00468397 
-0.00462597 
-0.00456785 
-0.00450961 
-0.00445127 
-0.00439281 
-0.00433424 
-0.00427556 
-0.00421678 
-0.00415789 
-0.0040989 
-0.0040398 
-0.00398061 
-0.00392131 
-0.00386192 
-0.00380243 
-0.00374284 
-0.00368316 
-0.00362339 
-0.00356353 
-0.00350358 
-0.00344354 
-0.00338342 
-0.00332321 
-0.00326292 
-0.00320254 
-0.00314209 
-0.00308156 
-0.00302095 
-0.00296026 
-0.0028995 
-0.00283867 
-0.00277777 
-0.0027168 
-0.00265576 
-0.00259465 
-0.00253348 
-0.00247225 
-0.00241095 
-0.0023496 
-0.00228818 
-0.00222671 
-0.00216518 
-0.0021036 
-0.00204196 
-0.00198028 
-0.00191854 
-0.00185676 
-0.00179493 
-0.00173306 
-0.00167114 
-0.00160918 
-0.00154718 
-0.00148514 
-0.00142306 
-0.00136095 
-0.00129881 
-0.00123663 
-0.00117442 
-0.00111218 
-0.00104992 
-0.000987627 
-0.00092531 
-0.00086297 
-0.000800609 
-0.000738228 
-0.000675828 
-0.000613411 
-0.000550979 
-0.000488533 
-0.000426075 
-0.000363606 
-0.000301129 
-0.000238643 
-0.000176152 
-0.000113656 
-5.1158e-05 
1.13418e-05 
7.38413e-05 
0.000136339 
0.000198833 
0.000261323 
0.000323805 
0.00038628 
0.000448745 
0.000511199 
0.00057364 
0.000636066 
0.000698477 
0.00076087 
0.000823245 
0.000885598 
0.00094793 
0.00101024 
0.00107252 
0.00113478 
0.001197 
0.0012592 
0.00132137 
0.0013835 
0.0014456 
0.00150766 
0.00156969 
0.00163167 
0.00169362 
0.00175552 
0.00181738 
0.00187919 
0.00194095 
0.00200267 
0.00206434 
0.00212595 
0.00218752 
0.00224902 
0.00231048 
0.00237187 
0.00243321 
0.00249448 
0.00255569 
0.00261684 
0.00267792 
0.00273893 
0.00279988 
0.00286076 
0.00292156 
0.0029823 
0.00304295 
0.00310353 
0.00316404 
0.00322446 
0.00328481 
0.00334507 
0.00340525 
0.00346534 
0.00352535 
0.00358527 
0.00364509 
0.00370483 
0.00376448 
0.00382403 
0.00388348 
0.00394284 
0.0040021 
0.00406126 
0.00412032 
0.00417928 
0.00423813 
0.00429687 
0.00435551 
0.00441404 
0.00447245 
0.00453076 
0.00458895 
0.00464703 
0.00470499 
0.00476284 
0.00482056 
0.00487817 
0.00493565 
0.00499301 
0.00505025 
0.00510735 
0.00516434 
0.00522119 
0.00527791 
0.0053345 
0.00539095 
0.00544727 
0.00550346 
0.00555951 
0.00561541 
0.00567118 
0.00572681 
0.00578229 
0.00583763 
0.00589282 
0.00594787 
0.00600276 
0.00605751 
0.00611211 
0.00616655 
0.00622084 
0.00627497 
0.00632894 
0.00638276 
0.00643642 
0.00648992 
0.00654325 
0.00659642 
0.00664943 
0.00670227 
0.00675494 
0.00680744 
0.00685978 
0.00691194 
0.00696393 
0.00701574 
0.00706738 
0.00711884 
0.00717013 
0.00722123 
0.00727216 
0.0073229 
0.00737346 
0.00742384 
0.00747403 
0.00752403 
0.00757385 
0.00762347 
0.00767291 
0.00772215 
0.0077712 
0.00782006 
0.00786872 
0.00791718 
0.00796545 
0.00801352 
0.00806138 
0.00810905 
0.00815651 
0.00820377 
0.00825082 
0.00829767 
0.00834431 
0.00839074 
0.00843696 
0.00848297 
0.00852877 
0.00857436 
0.00861973 
0.00866488 
0.00870982 
0.00875454 
0.00879904 
0.00884332 
0.00888739 
0.00893122 
0.00897484 
0.00901823 
0.0090614 
0.00910434 
0.00914705 
0.00918953 
0.00923178 
0.00927381 
0.0093156 
0.00935715 
0.00939848 
0.00943957 
0.00948042 
0.00952103 
0.00956141 
0.00960155 
0.00964145 
0.00968111 
0.00972052 
0.00975969 
0.00979862 
0.00983731 
0.00987574 
0.00991393 
0.00995188 
0.00998957 
0.010027 
0.0100642 
0.0101012 
0.0101378 
0.0101743 
0.0102105 
0.0102464 
0.0102821 
0.0103175 
0.0103526 
0.0103875 
0.0104222 
0.0104565 
0.0104906 
0.0105245 
0.0105581 
0.0105914 
0.0106245 
0.0106573 
0.0106898 
0.0107221 
0.0107541 
0.0107858 
0.0108172 
0.0108484 
0.0108793 
0.01091 
0.0109403 
0.0109704 
0.0110003 
0.0110298 
0.0110591 
0.0110881 
0.0111168 
0.0111452 
0.0111734 
0.0112013 
0.0112289 
0.0112562 
0.0112832 
0.01131 
0.0113364 
0.0113626 
0.0113885 
0.0114142 
0.0114395 
0.0114646 
0.0114893 
0.0115138 
0.011538 
0.0115619 
0.0115855 
0.0116088 
0.0116318 
0.0116546 
0.011677 
0.0116992 
0.0117211 
0.0117426 
0.0117639 
0.0117849 
0.0118056 
0.011826 
0.0118461 
0.0118659 
0.0118854 
0.0119046 
0.0119235 
0.0119421 
0.0119604 
0.0119784 
0.0119961 
0.0120136 
0.0120307 
0.0120475 
0.012064 
0.0120802 
0.0120961 
0.0121117 
0.012127 
0.012142 
0.0121567 
0.0121711 
0.0121852 
0.012199 
0.0122125 
0.0122257 
0.0122385 
0.0122511 
0.0122634 
0.0122753 
0.0122869 
0.0122983 
0.0123093 
0.01232 
0.0123304 
0.0123405 
0.0123503 
0.0123598 
0.012369 
0.0123779 
0.0123864 
0.0123947 
0.0124026 
0.0124103 
0.0124176 
0.0124246 
0.0124313 
0.0124377 
0.0124438 
0.0124495 
0.012455 
0.0124601 
0.012465 
0.0124695 
0.0124737 
0.0124776 
0.0124812 
0.0124844 
0.0124874 
0.01249 
0.0124924 
0.0124944 
0.0124961 
0.0124975 
0.0124986 
0.0124994 
0.0124998 
0.0125 
0.0124998 
0.0124993 
0.0124986 
0.0124975 
0.012496 
0.0124943 
0.0124923 
0.0124899 
0.0124873 
0.0124843 
0.012481 
0.0124774 
0.0124735 
0.0124693 
0.0124647 
0.0124599 
0.0124547 
0.0124493 
0.0124435 
0.0124374 
0.012431 
0.0124243 
0.0124173 
0.0124099 
0.0124023 
0.0123943 
0.0123861 
0.0123775 
0.0123686 
0.0123594 
0.0123499 
0.0123401 
0.01233 
0.0123196 
0.0123088 
0.0122978 
0.0122864 
0.0122748 
0.0122628 
0.0122505 
0.012238 
0.0122251 
0.0122119 
0.0121984 
0.0121846 
0.0121705 
0.0121561 
0.0121414 
0.0121264 
0.012111 
0.0120954 
0.0120795 
0.0120633 
0.0120468 
0.0120299 
0.0120128 
0.0119954 
0.0119776 
0.0119596 
0.0119413 
0.0119227 
0.0119037 
0.0118845 
0.011865 
0.0118452 
0.0118251 
0.0118047 
0.011784 
0.011763 
0.0117417 
0.0117201 
0.0116982 
0.011676 
0.0116536 
0.0116308 
0.0116078 
0.0115844 
0.0115608 
0.0115369 
0.0115127 
0.0114882 
0.0114634 
0.0114384 
0.011413 
0.0113874 
0.0113615 
0.0113353 
0.0113088 
0.011282 
0.011255 
0.0112276 
0.0112 
0.0111721 
0.011144 
0.0111155 
0.0110868 
0.0110578 
0.0110285 
0.0109989 
0.0109691 
0.010939 
0.0109086 
0.010878 
0.010847 
0.0108158 
0.0107844 
0.0107526 
0.0107206 
0.0106884 
0.0106558 
0.010623 
0.0105899 
0.0105566 
0.010523 
0.0104891 
0.010455 
0.0104206 
0.010386 
0.0103511 
0.0103159 
0.0102805 
0.0102448 
0.0102089 
0.0101727 
0.0101362 
0.0100995 
0.0100626 
0.0100254 
0.0099879 
0.0099502 
0.00991224 
0.00987404 
0.00983559 
0.0097969 
0.00975796 
0.00971878 
0.00967935 
0.00963968 
0.00959977 
0.00955962 
0.00951924 
0.00947861 
0.00943775 
0.00939665 
0.00935531 
0.00931374 
0.00927194 
0.00922991 
0.00918765 
0.00914516 
0.00910243 
0.00905948 
0.00901631 
0.00897291 
0.00892928 
0.00888543 
0.00884136 
0.00879707 
0.00875256 
0.00870783 
0.00866288 
0.00861772 
0.00857234 
0.00852674 
0.00848093 
0.00843491 
0.00838868 
0.00834224 
0.00829559 
0.00824874 
0.00820168 
0.00815441 
0.00810694 
0.00805926 
0.00801139 
0.00796331 
0.00791504 
0.00786656 
0.00781789 
0.00776903 
0.00771997 
0.00767072 
0.00762127 
0.00757164 
0.00752182 
0.0074718 
0.00742161 
0.00737122 
0.00732065 
0.0072699 
0.00721897 
0.00716786 
0.00711656 
0.00706509 
0.00701344 
0.00696162 
0.00690963 
0.00685746 
0.00680512 
0.0067526 
0.00669992 
0.00664708 
0.00659406 
0.00654089 
0.00648754 
0.00643404 
0.00638037 
0.00632655 
0.00627257 
0.00621843 
0.00616413 
0.00610968 
0.00605508 
0.00600033 
0.00594543 
0.00589037 
0.00583518 
0.00577983 
0.00572434 
0.00566871 
0.00561293 
0.00555702 
0.00550097 
0.00544478 
0.00538845 
0.00533199 
0.00527539 
0.00521866 
0.00516181 
0.00510482 
0.00504771 
0.00499047 
0.0049331 
0.00487561 
0.004818 
0.00476027 
0.00470242 
0.00464446 
0.00458637 
0.00452817 
0.00446986 
0.00441144 
0.00435291 
0.00429426 
0.00423551 
0.00417666 
0.0041177 
0.00405864 
0.00399947 
0.00394021 
0.00388085 
0.00382139 
0.00376183 
0.00370218 
0.00364244 
0.00358261 
0.00352268 
0.00346267 
0.00340258 
0.00334239 
0.00328213 
0.00322178 
0.00316135 
0.00310085 
0.00304026 
0.0029796 
0.00291886 
0.00285806 
0.00279718 
0.00273623 
0.00267521 
0.00261412 
0.00255297 
0.00249176 
0.00243048 
0.00236915 
0.00230775 
0.00224629 
0.00218478 
0.00212322 
0.0020616 
0.00199993 
0.00193821 
0.00187644 
0.00181463 
0.00175277 
0.00169087 
0.00162892 
0.00156693 
0.00150491 
0.00144284 
0.00138074 
0.00131861 
0.00125644 
0.00119424 
0.00113201 
0.00106976 
0.00100747 
0.000945162 
0.00088283 
0.000820475 
0.0007581 
0.000695706 
0.000633294 
0.000570867 
0.000508426 
0.000445971 
0.000383506 
0.000321031 
0.000258548 
0.000196058 
0.000133564 
7.10659e-05 
8.56633e-06 
-5.39334e-05 
-0.000116432 
-0.000178927 
-0.000241418 
-0.000303903 
-0.000366381 
-0.000428849 
-0.000491307 
-0.000553752 
-0.000616183 
-0.000678599 
-0.000740998 
-0.000803379 
-0.000865739 
-0.000928078 
-0.000990393 
-0.00105268 
-0.00111495 
-0.00117719 
-0.00123939 
-0.00130157 
-0.00136371 
-0.00142582 
-0.0014879 
-0.00154993 
-0.00161193 
-0.00167389 
-0.0017358 
-0.00179768 
-0.0018595 
-0.00192129 
-0.00198302 
-0.0020447 
-0.00210633 
-0.00216791 
-0.00222944 
-0.00229091 
-0.00235232 
-0.00241367 
-0.00247497 
-0.0025362 
-0.00259737 
-0.00265847 
-0.00271951 
-0.00278048 
-0.00284137 
-0.0029022 
-0.00296296 
-0.00302364 
-0.00308425 
-0.00314477 
-0.00320522 
-0.00326559 
-0.00332588 
-0.00338609 
-0.00344621 
-0.00350624 
-0.00356619 
-0.00362605 
-0.00368581 
-0.00374549 
-0.00380507 
-0.00386456 
-0.00392395 
-0.00398324 
-0.00404243 
-0.00410152 
-0.00416051 
-0.00421939 
-0.00427817 
-0.00433684 
-0.00439541 
-0.00445386 
-0.0045122 
-0.00457043 
-0.00462854 
-0.00468654 
-0.00474443 
-0.00480219 
-0.00485983 
-0.00491735 
-0.00497475 
-0.00503203 
-0.00508918 
-0.0051462 
-0.00520309 
-0.00525985 
-0.00531649 
-0.00537298 
-0.00542935 
-0.00548558 
-0.00554167 
-0.00559762 
-0.00565343 
-0.00570911 
-0.00576463 
-0.00582002 
-0.00587526 
-0.00593035 
-0.00598529 
-0.00604009 
-0.00609473 
-0.00614922 
-0.00620356 
-0.00625774 
-0.00631177 
-0.00636564 
-0.00641934 
-0.00647289 
-0.00652628 
-0.0065795 
-0.00663256 
-0.00668545 
-0.00673818 
-0.00679074 
-0.00684313 
-0.00689534 
-0.00694739 
-0.00699926 
-0.00705095 
-0.00710247 
-0.00715381 
-0.00720498 
-0.00725596 
-0.00730676 
-0.00735738 
-0.00740781 
-0.00745806 
-0.00750813 
-0.007558 
-0.00760769 
-0.00765718 
-0.00770649 
-0.0077556 
-0.00780452 
-0.00785324 
-0.00790177 
-0.0079501 
-0.00799823 
-0.00804616 
-0.00809389 
-0.00814142 
-0.00818874 
-0.00823586 
-0.00828277 
-0.00832948 
-0.00837597 
-0.00842226 
-0.00846834 
-0.00851421 
-0.00855986 
-0.0086053 
-0.00865052 
-0.00869553 
-0.00874032 
-0.00878489 
-0.00882924 
-0.00887338 
-0.00891728 
-0.00896097 
-0.00900443 
-0.00904767 
-0.00909068 
-0.00913347 
-0.00917602 
-0.00921835 
-0.00926045 
-0.00930231 
-0.00934394 
-0.00938534 
-0.0094265 
-0.00946743 
-0.00950812 
-0.00954858 
-0.00958879 
-0.00962877 
-0.0096685 
-0.00970799 
-0.00974724 
-0.00978625 
-0.00982501 
-0.00986353 
-0.0099018 
-0.00993982 
-0.00997759 
-0.0100151 
-0.0100524 
-0.0100894 
-0.0101262 
-0.0101627 
-0.010199 
-0.010235 
-0.0102707 
-0.0103062 
-0.0103415 
-0.0103764 
-0.0104112 
-0.0104456 
-0.0104798 
-0.0105137 
-0.0105474 
-0.0105808 
-0.010614 
-0.0106469 
-0.0106795 
-0.0107118 
-0.0107439 
-0.0107757 
-0.0108072 
-0.0108385 
-0.0108695 
-0.0109002 
-0.0109307 
-0.0109609 
-0.0109908 
-0.0110204 
-0.0110498 
-0.0110789 
-0.0111077 
-0.0111362 
-0.0111644 
-0.0111924 
-0.0112201 
-0.0112475 
-0.0112746 
-0.0113015 
-0.011328 
-0.0113543 
-0.0113803 
-0.011406 
-0.0114315 
-0.0114566 
-0.0114815 
-0.011506 
-0.0115303 
-0.0115543 
-0.011578 
-0.0116014 
-0.0116245 
-0.0116474 
-0.0116699 
-0.0116922 
-0.0117141 
-0.0117358 
-0.0117572 
-0.0117782 
-0.011799 
-0.0118195 
-0.0118397 
-0.0118596 
-0.0118792 
-0.0118985 
-0.0119175 
-0.0119362 
-0.0119546 
-0.0119727 
-0.0119905 
-0.012008 
-0.0120253 
-0.0120422 
-0.0120588 
-0.0120751 
-0.0120911 
-0.0121068 
-0.0121222 
-0.0121373 
-0.0121521 
-0.0121666 
-0.0121808 
-0.0121947 
-0.0122082 
-0.0122215 
-0.0122345 
-0.0122471 
-0.0122595 
-0.0122715 
-0.0122833 
-0.0122947 
-0.0123058 
-0.0123166 
-0.0123272 
-0.0123374 
-0.0123473 
-0.0123568 
-0.0123661 
-0.0123751 
-0.0123837 
-0.0123921 
-0.0124001 
-0.0124079 
-0.0124153 
-0.0124224 
-0.0124292 
-0.0124357 
-0.0124419 
-0.0124477 
-0.0124533 
-0.0124585 
-0.0124634 
-0.0124681 
-0.0124724 
-0.0124764 
-0.0124801 
-0.0124834 
-0.0124865 
-0.0124892 
-0.0124917 
-0.0124938 
-0.0124956 
-0.0124971 
-0.0124983 
-0.0124992 
-0.0124997 
-0.0125 
-0.0124999 
-0.0124995 
-0.0124988 
-0.0124978 
-0.0124965 
-0.0124949 
-0.012493 
-0.0124907 
-0.0124882 
-0.0124853 
-0.0124821 
-0.0124786 
-0.0124748 
-0.0124707 
-0.0124662 
-0.0124615 
-0.0124564 
-0.012451 
-0.0124454 
-0.0124394 
-0.0124331 
-0.0124265 
-0.0124195 
-0.0124123 
-0.0124048 
-0.0123969 
-0.0123887 
-0.0123803 
-0.0123715 
-0.0123624 
-0.012353 
-0.0123433 
-0.0123332 
-0.0123229 
-0.0123123 
-0.0123013 
-0.0122901 
-0.0122785 
-0.0122667 
-0.0122545 
-0.012242 
-0.0122292 
-0.0122161 
-0.0122027 
-0.012189 
-0.012175 
-0.0121607 
-0.0121461 
-0.0121312 
-0.012116 
-0.0121004 
-0.0120846 
-0.0120685 
-0.0120521 
-0.0120353 
-0.0120183 
-0.012001 
-0.0119833 
-0.0119654 
-0.0119472 
-0.0119286 
-0.0119098 
-0.0118907 
-0.0118712 
-0.0118515 
-0.0118315 
-0.0118112 
-0.0117906 
-0.0117697 
-0.0117485 
-0.011727 
-0.0117052 
-0.0116831 
-0.0116608 
-0.0116381 
-0.0116152 
-0.0115919 
-0.0115684 
-0.0115446 
-0.0115204 
-0.0114961 
-0.0114714 
-0.0114464 
-0.0114211 
-0.0113956 
-0.0113698 
-0.0113437 
-0.0113173 
-0.0112906 
-0.0112636 
-0.0112364 
-0.0112089 
-0.0111811 
-0.011153 
-0.0111246 
-0.011096 
-0.011067 
-0.0110379 
-0.0110084 
-0.0109786 
-0.0109486 
-0.0109183 
-0.0108878 
-0.0108569 
-0.0108258 
-0.0107944 
-0.0107628 
-0.0107309 
-0.0106987 
-0.0106662 
-0.0106335 
-0.0106005 
-0.0105673 
-0.0105337 
-0.0105 
-0.0104659 
-0.0104316 
-0.010397 
-0.0103622 
-0.0103271 
-0.0102918 
-0.0102562 
-0.0102203 
-0.0101842 
-0.0101479 
-0.0101112 
-0.0100744 
-0.0100372 
-0.00999986 
-0.00996223 
-0.00992436 
-0.00988624 
-0.00984787 
-0.00980925 
-0.00977039 
-0.00973128 
-0.00969193 
-0.00965234 
-0.00961251 
-0.00957244 
-0.00953213 
-0.00949158 
-0.00945079 
-0.00940976 
-0.0093685 
-0.00932701 
-0.00928528 
-0.00924333 
-0.00920114 
-0.00915872 
-0.00911607 
-0.00907319 
-0.00903009 
-0.00898676 
-0.0089432 
-0.00889943 
-0.00885543 
-0.0088112 
-0.00876676 
-0.0087221 
-0.00867722 
-0.00863213 
-0.00858681 
-0.00854129 
-0.00849555 
-0.0084496 
-0.00840343 
-0.00835706 
-0.00831048 
-0.00826369 
-0.00821669 
-0.00816949 
-0.00812208 
-0.00807447 
-0.00802666 
-0.00797865 
-0.00793044 
-0.00788203 
-0.00783342 
-0.00778462 
-0.00773562 
-0.00768643 
-0.00763704 
-0.00758747 
-0.00753771 
-0.00748776 
-0.00743762 
-0.00738729 
-0.00733678 
-0.00728609 
-0.00723521 
-0.00718416 
-0.00713292 
-0.00708151 
-0.00702992 
-0.00697815 
-0.00692621 
-0.00687409 
-0.00682181 
-0.00676935 
-0.00671672 
-0.00666393 
-0.00661097 
-0.00655784 
-0.00650455 
-0.0064511 
-0.00639749 
-0.00634371 
-0.00628978 
-0.00623569 
-0.00618144 
-0.00612704 
-0.00607249 
-0.00601779 
-0.00596293 
-0.00590793 
-0.00585277 
-0.00579748 
-0.00574203 
-0.00568644 
-0.00563072 
-0.00557485 
-0.00551884 
-0.00546269 
-0.00540641 
-0.00534999 
-0.00529343 
-0.00523675 
-0.00517993 
-0.00512299 
-0.00506591 
-0.00500871 
-0.00495139 
-0.00489394 
-0.00483637 
-0.00477867 
-0.00472086 
-0.00466293 
-0.00460489 
-0.00454672 
-0.00448845 
-0.00443006 
-0.00437156 
-0.00431296 
-0.00425424 
-0.00419542 
-0.00413649 
-0.00407746 
-0.00401833 
-0.0039591 
-0.00389977 
-0.00384034 
-0.00378081 
-0.00372119 
-0.00366148 
-0.00360168 
-0.00354178 
-0.0034818 
-0.00342173 
-0.00336157 
-0.00330133 
-0.00324101 
-0.00318061 
-0.00312013 
-0.00305957 
-0.00299893 
-0.00293822 
-0.00287743 
-0.00281658 
-0.00275565 
-0.00269465 
-0.00263359 
-0.00257246 
-0.00251126 
-0.00245001 
-0.00238869 
-0.00232731 
-0.00226588 
-0.00220438 
-0.00214284 
-0.00208123 
-0.00201958 
-0.00195788 
-0.00189612 
-0.00183432 
-0.00177248 
-0.00171059 
-0.00164866 
-0.00158668 
-0.00152467 
-0.00146261 
-0.00140053 
-0.0013384 
-0.00127625 
-0.00121406 
-0.00115184 
-0.00108959 
-0.00102731 
-0.000965012 
-0.000902687 
-0.000840339 
-0.000777971 
-0.000715582 
-0.000653176 
-0.000590754 
-0.000528317 
-0.000465866 
-0.000403404 
-0.000340932 
-0.000278451 
-0.000215964 
-0.00015347 
-9.09736e-05 
-2.84745e-05 
3.40254e-05 
9.65244e-05 
0.000159021 
0.000221514 
0.000284001 
0.000346481 
0.000408952 
0.000471413 
0.000533863 
0.000596298 
0.00065872 
0.000721124 
0.000783511 
0.000845878 
0.000908224 
0.000970547 
0.00103285 
0.00109512 
0.00115736 
0.00121958 
0.00128177 
0.00134392 
0.00140604 
0.00146813 
0.00153018 
0.00159219 
0.00165416 
0.00171609 
0.00177797 
0.00183982 
0.00190161 
0.00196336 
0.00202506 
0.00208671 
0.0021483 
0.00220985 
0.00227133 
0.00233277 
0.00239414 
0.00245545 
0.0025167 
0.00257789 
0.00263901 
0.00270007 
0.00276106 
0.00282198 
0.00288283 
0.00294361 
0.00300432 
0.00306495 
0.0031255 
0.00318598 
0.00324637 
0.00330669 
0.00336692 
0.00342707 
0.00348713 
0.0035471 
0.00360699 
0.00366679 
0.00372649 
0.0037861 
0.00384562 
0.00390504 
0.00396436 
0.00402359 
0.00408271 
0.00414173 
0.00420065 
0.00425946 
0.00431816 
0.00437676 
0.00443525 
0.00449363 
0.00455189 
0.00461005 
0.00466808 
0.004726 
0.0047838 
0.00484148 
0.00489905 
0.00495648 
0.0050138 
0.00507099 
0.00512805 
0.00518498 
0.00524179 
0.00529846 
0.005355 
0.00541141 
0.00546768 
0.00552382 
0.00557981 
0.00563567 
0.00569139 
0.00574696 
0.00580239 
0.00585768 
0.00591282 
0.00596781 
0.00602265 
0.00607734 
0.00613188 
0.00618627 
0.0062405 
0.00629458 
0.00634849 
0.00640225 
0.00645585 
0.00650929 
0.00656257 
0.00661568 
0.00666862 
0.0067214 
0.00677401 
0.00682646 
0.00687873 
0.00693083 
0.00698275 
0.0070345 
0.00708608 
0.00713748 
0.0071887 
0.00723974 
0.0072906 
0.00734127 
0.00739177 
0.00744208 
0.0074922 
0.00754213 
0.00759188 
0.00764144 
0.0076908 
0.00773998 
0.00778896 
0.00783774 
0.00788633 
0.00793473 
0.00798292 
0.00803091 
0.00807871 
0.0081263 
0.00817369 
0.00822087 
0.00826785 
0.00831462 
0.00836119 
0.00840754 
0.00845369 
0.00849962 
0.00854534 
0.00859085 
0.00863614 
0.00868122 
0.00872608 
0.00877072 
0.00881514 
0.00885934 
0.00890332 
0.00894708 
0.00899061 
0.00903392 
0.00907701 
0.00911986 
0.00916249 
0.00920489 
0.00924706 
0.009289 
0.00933071 
0.00937218 
0.00941342 
0.00945442 
0.00949519 
0.00953572 
0.00957601 
0.00961606 
0.00965587 
0.00969544 
0.00973477 
0.00977385 
0.00981269 
0.00985128 
0.00988963 
0.00992773 
0.00996559 
0.0100032 
0.0100405 
0.0100776 
0.0101145 
0.0101511 
0.0101874 
0.0102235 
0.0102594 
0.0102949 
0.0103303 
0.0103653 
0.0104001 
0.0104347 
0.0104689 
0.010503 
0.0105367 
0.0105702 
0.0106034 
0.0106364 
0.0106691 
0.0107015 
0.0107337 
0.0107656 
0.0107972 
0.0108286 
0.0108597 
0.0108905 
0.010921 
0.0109513 
0.0109813 
0.011011 
0.0110405 
0.0110696 
0.0110985 
0.0111271 
0.0111555 
0.0111835 
0.0112113 
0.0112388 
0.011266 
0.011293 
0.0113196 
0.011346 
0.0113721 
0.0113979 
0.0114234 
0.0114486 
0.0114736 
0.0114982 
0.0115226 
0.0115467 
0.0115705 
0.011594 
0.0116172 
0.0116401 
0.0116628 
0.0116851 
0.0117072 
0.0117289 
0.0117504 
0.0117715 
0.0117924 
0.011813 
0.0118333 
0.0118533 
0.011873 
0.0118924 
0.0119115 
0.0119303 
0.0119488 
0.011967 
0.0119849 
0.0120025 
0.0120198 
0.0120368 
0.0120535 
0.0120699 
0.012086 
0.0121018 
0.0121173 
0.0121325 
0.0121474 
0.012162 
0.0121763 
0.0121903 
0.0122039 
0.0122173 
0.0122304 
0.0122431 
0.0122556 
0.0122677 
0.0122796 
0.0122911 
0.0123023 
0.0123132 
0.0123238 
0.0123341 
0.0123441 
0.0123538 
0.0123632 
0.0123723 
0.012381 
0.0123895 
0.0123976 
0.0124054 
0.012413 
0.0124202 
0.0124271 
0.0124336 
0.0124399 
0.0124459 
0.0124515 
0.0124569 
0.0124619 
0.0124666 
0.012471 
0.0124751 
0.0124789 
0.0124824 
0.0124855 
0.0124884 
0.0124909 
0.0124932 
0.0124951 
0.0124967 
0.0124979 
0.0124989 
0.0124996 
0.0124999 
0.0125 
0.0124997 
0.0124991 
0.0124982 
0.012497 
0.0124955 
0.0124936 
0.0124915 
0.012489 
0.0124862 
0.0124831 
0.0124797 
0.012476 
0.012472 
0.0124677 
0.012463 
0.0124581 
0.0124528 
0.0124472 
0.0124413 
0.0124351 
0.0124286 
0.0124218 
0.0124146 
0.0124072 
0.0123994 
0.0123914 
0.012383 
0.0123743 
0.0123653 
0.012356 
0.0123464 
0.0123365 
0.0123262 
0.0123157 
0.0123049 
0.0122937 
0.0122822 
0.0122705 
0.0122584 
0.012246 
0.0122333 
0.0122203 
0.012207 
0.0121934 
0.0121795 
0.0121653 
0.0121508 
0.012136 
0.0121208 
0.0121054 
0.0120897 
0.0120737 
0.0120573 
0.0120407 
0.0120237 
0.0120065 
0.011989 
0.0119711 
0.011953 
0.0119346 
0.0119158 
0.0118968 
0.0118775 
0.0118578 
0.0118379 
0.0118177 
0.0117972 
0.0117764 
0.0117553 
0.0117339 
0.0117122 
0.0116902 
0.0116679 
0.0116454 
0.0116225 
0.0115993 
0.0115759 
0.0115522 
0.0115282 
0.0115039 
0.0114793 
0.0114544 
0.0114292 
0.0114038 
0.011378 
0.011352 
0.0113257 
0.0112991 
0.0112722 
0.0112451 
0.0112177 
0.0111899 
0.0111619 
0.0111337 
0.0111051 
0.0110763 
0.0110472 
0.0110178 
0.0109881 
0.0109582 
0.010928 
0.0108975 
0.0108668 
0.0108357 
0.0108045 
0.0107729 
0.0107411 
0.010709 
0.0106766 
0.0106439 
0.010611 
0.0105779 
0.0105444 
0.0105107 
0.0104768 
0.0104426 
0.0104081 
0.0103733 
0.0103383 
0.0103031 
0.0102676 
0.0102318 
0.0101958 
0.0101595 
0.0101229 
0.0100861 
0.0100491 
0.0100118 
0.00997425 
0.00993645 
0.00989841 
0.00986012 
0.00982158 
0.00978279 
0.00974377 
0.00970449 
0.00966498 
0.00962522 
0.00958523 
0.00954499 
0.00950452 
0.00946381 
0.00942286 
0.00938167 
0.00934025 
0.0092986 
0.00925672 
0.0092146 
0.00917225 
0.00912968 
0.00908687 
0.00904384 
0.00900058 
0.0089571 
0.00891339 
0.00886946 
0.00882531 
0.00878094 
0.00873635 
0.00869154 
0.00864651 
0.00860127 
0.00855581 
0.00851014 
0.00846426 
0.00841816 
0.00837185 
0.00832534 
0.00827861 
0.00823168 
0.00818454 
0.0081372 
0.00808966 
0.00804191 
0.00799396 
0.00794581 
0.00789747 
0.00784892 
0.00780018 
0.00775125 
0.00770212 
0.0076528 
0.00760328 
0.00755358 
0.00750369 
0.00745361 
0.00740334 
0.00735289 
0.00730226 
0.00725144 
0.00720044 
0.00714926 
0.0070979 
0.00704637 
0.00699466 
0.00694277 
0.00689071 
0.00683848 
0.00678608 
0.0067335 
0.00668076 
0.00662786 
0.00657478 
0.00652154 
0.00646814 
0.00641458 
0.00636086 
0.00630698 
0.00625294 
0.00619874 
0.00614439 
0.00608988 
0.00603523 
0.00598042 
0.00592546 
0.00587036 
0.00581511 
0.00575971 
0.00570417 
0.00564848 
0.00559266 
0.00553669 
0.00548059 
0.00542435 
0.00536797 
0.00531146 
0.00525482 
0.00519804 
0.00514114 
0.00508411 
0.00502695 
0.00496966 
0.00491225 
0.00485472 
0.00479706 
0.00473929 
0.0046814 
0.00462339 
0.00456526 
0.00450702 
0.00444867 
0.00439021 
0.00433164 
0.00427295 
0.00421417 
0.00415527 
0.00409628 
0.00403718 
0.00397797 
0.00391867 
0.00385928 
0.00379978 
0.00374019 
0.00368051 
0.00362073 
0.00356087 
0.00350091 
0.00344087 
0.00338074 
0.00332053 
0.00326024 
0.00319986 
0.0031394 
0.00307887 
0.00301825 
0.00295757 
0.0028968 
0.00283597 
0.00277506 
0.00271409 
0.00265305 
0.00259194 
0.00253076 
0.00246953 
0.00240823 
0.00234687 
0.00228545 
0.00222398 
0.00216245 
0.00210086 
0.00203923 
0.00197754 
0.0019158 
0.00185401 
0.00179218 
0.00173031 
0.00166839 
0.00160643 
0.00154442 
0.00148238 
0.00142031 
0.00135819 
0.00129605 
0.00123387 
0.00117166 
0.00110942 
0.00104715 
0.00098486 
0.000922542 
0.000860201 
0.000797839 
0.000735457 
0.000673056 
0.000610639 
0.000548206 
0.00048576 
0.000423301 
0.000360832 
0.000298354 
0.000235868 
0.000173377 
0.000110881 
4.83825e-05 
-1.41173e-05 
-7.66168e-05 
-0.000139114 
-0.000201608 
-0.000264097 
-0.00032658 
-0.000389054 
-0.000451519 
-0.000513972 
-0.000576412 
-0.000638838 
-0.000701248 
-0.000763641 
-0.000826014 
-0.000888367 
-0.000950697 
-0.001013 
-0.00107529 
-0.00113754 
-0.00119977 
-0.00126196 
-0.00132413 
-0.00138626 
-0.00144836 
-0.00151042 
-0.00157244 
-0.00163442 
-0.00169636 
-0.00175827 
-0.00182012 
-0.00188193 
-0.0019437 
-0.00200541 
-0.00206708 
-0.00212869 
-0.00219025 
-0.00225176 
-0.0023132 
-0.0023746 
-0.00243593 
-0.0024972 
-0.00255841 
-0.00261955 
-0.00268063 
-0.00274164 
-0.00280259 
-0.00286346 
-0.00292426 
-0.00298499 
-0.00304564 
-0.00310622 
-0.00316672 
-0.00322714 
-0.00328748 
-0.00334774 
-0.00340792 
-0.00346801 
-0.00352801 
-0.00358792 
-0.00364775 
-0.00370748 
-0.00376712 
-0.00382667 
-0.00388612 
-0.00394548 
-0.00400473 
-0.00406389 
-0.00412294 
-0.00418189 
-0.00424074 
-0.00429948 
-0.00435811 
-0.00441663 
-0.00447505 
-0.00453335 
-0.00459154 
-0.00464961 
-0.00470757 
-0.0047654 
-0.00482312 
-0.00488072 
-0.0049382 
-0.00499556 
-0.00505278 
-0.00510989 
-0.00516686 
-0.00522371 
-0.00528042 
-0.00533701 
-0.00539346 
-0.00544977 
-0.00550595 
-0.00556199 
-0.00561789 
-0.00567366 
-0.00572928 
-0.00578475 
-0.00584008 
-0.00589527 
-0.00595031 
-0.0060052 
-0.00605994 
-0.00611453 
-0.00616896 
-0.00622324 
-0.00627737 
-0.00633134 
-0.00638515 
-0.0064388 
-0.00649229 
-0.00654561 
-0.00659878 
-0.00665178 
-0.00670461 
-0.00675727 
-0.00680977 
-0.0068621 
-0.00691425 
-0.00696623 
-0.00701804 
-0.00706967 
-0.00712113 
-0.0071724 
-0.0072235 
-0.00727442 
-0.00732515 
-0.0073757 
-0.00742607 
-0.00747625 
-0.00752625 
-0.00757606 
-0.00762567 
-0.0076751 
-0.00772434 
-0.00777338 
-0.00782222 
-0.00787088 
-0.00791933 
-0.00796759 
-0.00801565 
-0.00806351 
-0.00811116 
-0.00815861 
-0.00820586 
-0.00825291 
-0.00829975 
-0.00834638 
-0.0083928 
-0.00843901 
-0.00848501 
-0.0085308 
-0.00857638 
-0.00862174 
-0.00866688 
-0.00871181 
-0.00875652 
-0.00880101 
-0.00884529 
-0.00888934 
-0.00893317 
-0.00897677 
-0.00902015 
-0.00906331 
-0.00910624 
-0.00914894 
-0.00919141 
-0.00923365 
-0.00927567 
-0.00931745 
-0.00935899 
-0.00940031 
-0.00944138 
-0.00948223 
-0.00952283 
-0.0095632 
-0.00960333 
-0.00964321 
-0.00968286 
-0.00972227 
-0.00976143 
-0.00980035 
-0.00983902 
-0.00987744 
-0.00991562 
-0.00995356 
-0.00999124 
-0.0100287 
-0.0100659 
-0.0101028 
-0.0101395 
-0.0101759 
-0.0102121 
-0.010248 
-0.0102836 
-0.010319 
-0.0103542 
-0.0103891 
-0.0104237 
-0.0104581 
-0.0104922 
-0.010526 
-0.0105596 
-0.0105929 
-0.0106259 
-0.0106587 
-0.0106912 
-0.0107235 
-0.0107555 
-0.0107872 
-0.0108186 
-0.0108498 
-0.0108807 
-0.0109113 
-0.0109417 
-0.0109718 
-0.0110016 
-0.0110311 
-0.0110604 
-0.0110893 
-0.0111181 
-0.0111465 
-0.0111746 
-0.0112025 
-0.0112301 
-0.0112574 
-0.0112844 
-0.0113112 
-0.0113376 
-0.0113638 
-0.0113897 
-0.0114153 
-0.0114406 
-0.0114657 
-0.0114904 
-0.0115149 
-0.011539 
-0.0115629 
-0.0115865 
-0.0116098 
-0.0116329 
-0.0116556 
-0.011678 
-0.0117002 
-0.011722 
-0.0117436 
-0.0117648 
-0.0117858 
-0.0118065 
-0.0118269 
-0.011847 
-0.0118667 
-0.0118862 
-0.0119054 
-0.0119243 
-0.0119429 
-0.0119612 
-0.0119792 
-0.0119969 
-0.0120143 
-0.0120314 
-0.0120482 
-0.0120647 
-0.0120809 
-0.0120968 
-0.0121124 
-0.0121277 
-0.0121427 
-0.0121574 
-0.0121718 
-0.0121858 
-0.0121996 
-0.0122131 
-0.0122262 
-0.0122391 
-0.0122516 
-0.0122639 
-0.0122758 
-0.0122875 
-0.0122988 
-0.0123098 
-0.0123205 
-0.0123309 
-0.012341 
-0.0123508 
-0.0123602 
-0.0123694 
-0.0123783 
-0.0123868 
-0.012395 
-0.012403 
-0.0124106 
-0.0124179 
-0.0124249 
-0.0124316 
-0.012438 
-0.012444 
-0.0124498 
-0.0124552 
-0.0124603 
-0.0124652 
-0.0124697 
-0.0124739 
-0.0124777 
-0.0124813 
-0.0124846 
-0.0124875 
-0.0124902 
-0.0124925 
-0.0124945 
-0.0124962 
-0.0124976 
-0.0124986 
-0.0124994 
-0.0124999 
-0.0125 
-0.0124998 
-0.0124993 
-0.0124985 
-0.0124974 
-0.012496 
-0.0124942 
-0.0124922 
-0.0124898 
-0.0124871 
-0.0124842 
-0.0124809 
-0.0124772 
-0.0124733 
-0.0124691 
-0.0124645 
-0.0124597 
-0.0124545 
-0.012449 
-0.0124432 
-0.0124371 
-0.0124307 
-0.012424 
-0.0124169 
-0.0124096 
-0.0124019 
-0.012394 
-0.0123857 
-0.0123771 
-0.0123682 
-0.012359 
-0.0123495 
-0.0123397 
-0.0123295 
-0.0123191 
-0.0123083 
-0.0122973 
-0.0122859 
-0.0122743 
-0.0122623 
-0.01225 
-0.0122374 
-0.0122245 
-0.0122113 
-0.0121978 
-0.012184 
-0.0121699 
-0.0121554 
-0.0121407 
-0.0121257 
-0.0121104 
-0.0120947 
-0.0120788 
-0.0120626 
-0.012046 
-0.0120292 
-0.012012 
-0.0119946 
-0.0119768 
-0.0119588 
-0.0119405 
-0.0119218 
-0.0119029 
-0.0118837 
-0.0118641 
-0.0118443 
-0.0118242 
-0.0118037 
-0.011783 
-0.011762 
-0.0117407 
-0.0117191 
-0.0116972 
-0.011675 
-0.0116526 
-0.0116298 
-0.0116068 
-0.0115834 
-0.0115598 
-0.0115358 
-0.0115116 
-0.0114871 
-0.0114623 
-0.0114373 
-0.0114119 
-0.0113863 
-0.0113603 
-0.0113341 
-0.0113076 
-0.0112808 
-0.0112538 
-0.0112264 
-0.0111988 
-0.0111709 
-0.0111427 
-0.0111142 
-0.0110855 
-0.0110565 
-0.0110272 
-0.0109976 
-0.0109678 
-0.0109377 
-0.0109073 
-0.0108766 
-0.0108457 
-0.0108145 
-0.010783 
-0.0107512 
-0.0107192 
-0.0106869 
-0.0106544 
-0.0106216 
-0.0105885 
-0.0105551 
-0.0105215 
-0.0104876 
-0.0104535 
-0.0104191 
-0.0103844 
-0.0103495 
-0.0103143 
-0.0102789 
-0.0102432 
-0.0102073 
-0.0101711 
-0.0101346 
-0.0100979 
-0.0100609 
-0.0100237 
-0.00998623 
-0.00994852 
-0.00991055 
-0.00987234 
-0.00983388 
-0.00979517 
-0.00975622 
-0.00971703 
-0.00967759 
-0.00963791 
-0.00959799 
-0.00955783 
-0.00951744 
-0.0094768 
-0.00943593 
-0.00939482 
-0.00935347 
-0.00931189 
-0.00927008 
-0.00922804 
-0.00918577 
-0.00914326 
-0.00910053 
-0.00905757 
-0.00901439 
-0.00897098 
-0.00892734 
-0.00888348 
-0.0088394 
-0.0087951 
-0.00875058 
-0.00870584 
-0.00866088 
-0.00861571 
-0.00857032 
-0.00852471 
-0.00847889 
-0.00843287 
-0.00838663 
-0.00834018 
-0.00829352 
-0.00824665 
-0.00819958 
-0.0081523 
-0.00810482 
-0.00805714 
-0.00800926 
-0.00796117 
-0.00791289 
-0.00786441 
-0.00781573 
-0.00776685 
-0.00771779 
-0.00766853 
-0.00761907 
-0.00756943 
-0.0075196 
-0.00746958 
-0.00741937 
-0.00736898 
-0.0073184 
-0.00726764 
-0.0072167 
-0.00716558 
-0.00711428 
-0.0070628 
-0.00701115 
-0.00695932 
-0.00690731 
-0.00685514 
-0.00680279 
-0.00675027 
-0.00669758 
-0.00664473 
-0.00659171 
-0.00653852 
-0.00648517 
-0.00643166 
-0.00637799 
-0.00632416 
-0.00627017 
-0.00621602 
-0.00616172 
-0.00610726 
-0.00605265 
-0.00599789 
-0.00594298 
-0.00588793 
-0.00583272 
-0.00577737 
-0.00572187 
-0.00566623 
-0.00561045 
-0.00555453 
-0.00549847 
-0.00544228 
-0.00538594 
-0.00532948 
-0.00527288 
-0.00521614 
-0.00515928 
-0.00510229 
-0.00504517 
-0.00498792 
-0.00493055 
-0.00487306 
-0.00481544 
-0.00475771 
-0.00469985 
-0.00464188 
-0.00458379 
-0.00452559 
-0.00446727 
-0.00440884 
-0.0043503 
-0.00429166 
-0.0042329 
-0.00417404 
-0.00411508 
-0.00405601 
-0.00399684 
-0.00393757 
-0.00387821 
-0.00381874 
-0.00375918 
-0.00369953 
-0.00363978 
-0.00357995 
-0.00352002 
-0.00346001 
-0.00339991 
-0.00333972 
-0.00327945 
-0.0032191 
-0.00315867 
-0.00309816 
-0.00303757 
-0.0029769 
-0.00291617 
-0.00285535 
-0.00279447 
-0.00273352 
-0.0026725 
-0.00261141 
-0.00255026 
-0.00248904 
-0.00242776 
-0.00236642 
-0.00230502 
-0.00224356 
-0.00218205 
-0.00212048 
-0.00205886 
-0.00199719 
-0.00193547 
-0.0018737 
-0.00181188 
-0.00175002 
-0.00168812 
-0.00162617 
-0.00156418 
-0.00150215 
-0.00144008 
-0.00137798 
-0.00131585 
-0.00125368 
-0.00119148 
-0.00112925 
-0.00106699 
-0.0010047 
-0.000942395 
-0.000880061 
-0.000817706 
-0.00075533 
-0.000692935 
-0.000630523 
-0.000568095 
-0.000505652 
-0.000443197 
-0.000380732 
-0.000318256 
-0.000255773 
-0.000193283 
-0.000130788 
-6.82904e-05 
-5.79084e-06 
5.67089e-05 
0.000119207 
0.000181703 
0.000244193 
0.000306678 
0.000369155 
0.000431623 
0.00049408 
0.000556525 
0.000618955 
0.000681371 
0.000743769 
0.000806148 
0.000868508 
0.000930846 
0.00099316 
0.00105545 
0.00111771 
0.00117995 
0.00124215 
0.00130433 
0.00136647 
0.00142858 
0.00149065 
0.00155269 
0.00161468 
0.00167664 
0.00173855 
0.00180042 
0.00186225 
0.00192403 
0.00198576 
0.00204744 
0.00210907 
0.00217065 
0.00223217 
0.00229364 
0.00235505 
0.0024164 
0.00247769 
0.00253892 
0.00260008 
0.00266118 
0.00272222 
0.00278318 
0.00284408 
0.0029049 
0.00296565 
0.00302633 
0.00308694 
0.00314746 
0.00320791 
0.00326827 
0.00332856 
0.00338876 
0.00344888 
0.00350891 
0.00356885 
0.0036287 
0.00368847 
0.00374814 
0.00380771 
0.0038672 
0.00392658 
0.00398587 
0.00404505 
0.00410414 
0.00416312 
0.004222 
0.00428078 
0.00433944 
0.004398 
0.00445645 
0.00451479 
0.00457301 
0.00463112 
0.00468912 
0.00474699 
0.00480475 
0.00486239 
0.00491991 
0.0049773 
0.00503457 
0.00509171 
0.00514873 
0.00520562 
0.00526237 
0.005319 
0.00537549 
0.00543185 
0.00548807 
0.00554416 
0.0056001 
0.00565591 
0.00571157 
0.0057671 
0.00582247 
0.00587771 
0.00593279 
0.00598773 
0.00604252 
0.00609715 
0.00615164 
0.00620597 
0.00626014 
0.00631416 
0.00636802 
0.00642173 
0.00647527 
0.00652865 
0.00658186 
0.00663491 
0.0066878 
0.00674052 
0.00679307 
0.00684545 
0.00689766 
0.00694969 
0.00700156 
0.00705324 
0.00710475 
0.00715609 
0.00720724 
0.00725822 
0.00730901 
0.00735962 
0.00741005 
0.00746029 
0.00751034 
0.00756021 
0.00760989 
0.00765938 
0.00770867 
0.00775778 
0.00780669 
0.0078554 
0.00790392 
0.00795224 
0.00800036 
0.00804828 
0.008096 
0.00814352 
0.00819084 
0.00823795 
0.00828485 
0.00833155 
0.00837803 
0.00842431 
0.00847038 
0.00851624 
0.00856188 
0.00860731 
0.00865253 
0.00869752 
0.0087423 
0.00878687 
0.00883121 
0.00887533 
0.00891923 
0.00896291 
0.00900636 
0.00904959 
0.00909259 
0.00913536 
0.00917791 
0.00922022 
0.00926231 
0.00930416 
0.00934578 
0.00938717 
0.00942833 
0.00946924 
0.00950992 
0.00955037 
0.00959057 
0.00963054 
0.00967026 
0.00970974 
0.00974898 
0.00978798 
0.00982673 
0.00986523 
0.00990349 
0.0099415 
0.00997926 
0.0100168 
0.010054 
0.010091 
0.0101278 
0.0101643 
0.0102006 
0.0102366 
0.0102723 
0.0103078 
0.010343 
0.010378 
0.0104127 
0.0104471 
0.0104813 
0.0105152 
0.0105489 
0.0105823 
0.0106154 
0.0106483 
0.0106809 
0.0107132 
0.0107453 
0.0107771 
0.0108086 
0.0108399 
0.0108709 
0.0109016 
0.010932 
0.0109622 
0.0109921 
0.0110217 
0.0110511 
0.0110801 
0.0111089 
0.0111375 
0.0111657 
0.0111936 
0.0112213 
0.0112487 
0.0112758 
0.0113027 
0.0113292 
0.0113555 
0.0113815 
0.0114072 
0.0114326 
0.0114577 
0.0114826 
0.0115071 
0.0115314 
0.0115554 
0.011579 
0.0116024 
0.0116256 
0.0116484 
0.0116709 
0.0116931 
0.0117151 
0.0117367 
0.0117581 
0.0117792 
0.0117999 
0.0118204 
0.0118406 
0.0118605 
0.0118801 
0.0118993 
0.0119183 
0.011937 
0.0119554 
0.0119735 
0.0119913 
0.0120088 
0.012026 
0.0120429 
0.0120595 
0.0120758 
0.0120918 
0.0121075 
0.0121229 
0.012138 
0.0121527 
0.0121672 
0.0121814 
0.0121953 
0.0122088 
0.0122221 
0.012235 
0.0122477 
0.01226 
0.0122721 
0.0122838 
0.0122952 
0.0123063 
0.0123171 
0.0123276 
0.0123378 
0.0123477 
0.0123573 
0.0123665 
0.0123755 
0.0123841 
0.0123925 
0.0124005 
0.0124082 
0.0124156 
0.0124227 
0.0124295 
0.012436 
0.0124421 
0.012448 
0.0124535 
0.0124587 
0.0124637 
0.0124683 
0.0124726 
0.0124765 
0.0124802 
0.0124836 
0.0124866 
0.0124893 
0.0124918 
0.0124939 
0.0124957 
0.0124972 
0.0124983 
0.0124992 
0.0124997 
0.0125 
0.0124999 
0.0124995 
0.0124988 
0.0124978 
0.0124965 
0.0124948 
0.0124929 
0.0124906 
0.012488 
0.0124851 
0.0124819 
0.0124784 
0.0124746 
0.0124705 
0.012466 
0.0124613 
0.0124562 
0.0124508 
0.0124451 
0.0124391 
0.0124328 
0.0124262 
0.0124192 
0.012412 
0.0124044 
0.0123965 
0.0123884 
0.0123799 
0.0123711 
0.012362 
0.0123526 
0.0123428 
0.0123328 
0.0123225 
0.0123118 
0.0123008 
0.0122896 
0.012278 
0.0122661 
0.0122539 
0.0122414 
0.0122286 
0.0122155 
0.0122021 
0.0121884 
0.0121744 
0.0121601 
0.0121454 
0.0121305 
0.0121153 
0.0120997 
0.0120839 
0.0120678 
0.0120513 
0.0120346 
0.0120175 
0.0120002 
0.0119825 
0.0119646 
0.0119463 
0.0119278 
0.011909 
0.0118898 
0.0118704 
0.0118506 
0.0118306 
0.0118103 
0.0117897 
0.0117687 
0.0117475 
0.011726 
0.0117042 
0.0116821 
0.0116598 
0.0116371 
0.0116141 
0.0115909 
0.0115673 
0.0115435 
0.0115194 
0.011495 
0.0114703 
0.0114453 
0.01142 
0.0113945 
0.0113686 
0.0113425 
0.0113161 
0.0112894 
0.0112624 
0.0112352 
0.0112076 
0.0111798 
0.0111517 
0.0111233 
0.0110947 
0.0110658 
0.0110366 
0.0110071 
0.0109773 
0.0109473 
0.010917 
0.0108864 
0.0108555 
0.0108244 
0.010793 
0.0107614 
0.0107294 
0.0106972 
0.0106648 
0.010632 
0.010599 
0.0105658 
0.0105322 
0.0104984 
0.0104644 
0.0104301 
0.0103955 
0.0103607 
0.0103256 
0.0102902 
0.0102546 
0.0102187 
0.0101826 
0.0101462 
0.0101096 
0.0100727 
0.0100356 
0.00999819 
0.00996056 
0.00992267 
0.00988454 
0.00984616 
0.00980753 
0.00976866 
0.00972954 
0.00969018 
0.00965058 
0.00961074 
0.00957065 
0.00953033 
0.00948977 
0.00944897 
0.00940794 
0.00936667 
0.00932516 
0.00928343 
0.00924146 
0.00919926 
0.00915683 
0.00911417 
0.00907128 
0.00902817 
0.00898483 
0.00894126 
0.00889748 
0.00885347 
0.00880923 
0.00876478 
0.00872011 
0.00867522 
0.00863012 
0.0085848 
0.00853926 
0.00849351 
0.00844755 
0.00840138 
0.00835499 
0.0083084 
0.0082616 
0.0082146 
0.00816739 
0.00811997 
0.00807235 
0.00802453 
0.00797651 
0.00792829 
0.00787987 
0.00783126 
0.00778244 
0.00773344 
0.00768424 
0.00763485 
0.00758526 
0.00753549 
0.00748553 
0.00743539 
0.00738505 
0.00733453 
0.00728383 
0.00723295 
0.00718188 
0.00713064 
0.00707922 
0.00702762 
0.00697585 
0.0069239 
0.00687177 
0.00681948 
0.00676702 
0.00671438 
0.00666158 
0.00660861 
0.00655548 
0.00650218 
0.00644872 
0.0063951 
0.00634132 
0.00628738 
0.00623328 
0.00617903 
0.00612462 
0.00607007 
0.00601535 
0.00596049 
0.00590548 
0.00585032 
0.00579502 
0.00573957 
0.00568397 
0.00562824 
0.00557236 
0.00551635 
0.00546019 
0.0054039 
0.00534748 
0.00529092 
0.00523423 
0.00517741 
0.00512046 
0.00506338 
0.00500617 
0.00494884 
0.00489138 
0.00483381 
0.00477611 
0.00471829 
0.00466036 
0.00460231 
0.00454414 
0.00448586 
0.00442747 
0.00436896 
0.00431035 
0.00425163 
0.0041928 
0.00413387 
0.00407484 
0.0040157 
0.00395646 
0.00389713 
0.00383769 
0.00377817 
0.00371854 
0.00365883 
0.00359902 
0.00353912 
0.00347913 
0.00341906 
0.0033589 
0.00329866 
0.00323833 
0.00317793 
0.00311744 
0.00305688 
0.00299624 
0.00293552 
0.00287473 
0.00281387 
0.00275294 
0.00269194 
0.00263087 
0.00256974 
0.00250855 
0.00244729 
0.00238597 
0.00232458 
0.00226315 
0.00220165 
0.0021401 
0.0020785 
0.00201684 
0.00195514 
0.00189338 
0.00183158 
0.00176973 
0.00170784 
0.0016459 
0.00158393 
0.00152191 
0.00145986 
0.00139777 
0.00133564 
0.00127348 
0.00121129 
0.00114907 
0.00108682 
0.00102455 
0.000962245 
0.000899919 
0.00083757 
0.0007752 
0.000712811 
0.000650405 
0.000587981 
0.000525544 
0.000463093 
0.00040063 
0.000338157 
0.000275676 
0.000213188 
0.000150695 
8.81982e-05 
2.5699e-05 
-3.68009e-05 
-9.92998e-05 
-0.000161796 
-0.000224289 
-0.000286776 
-0.000349255 
-0.000411726 
-0.000474187 
-0.000536635 
-0.000599071 
-0.000661491 
-0.000723895 
-0.000786281 
-0.000848647 
-0.000910992 
-0.000973314 
-0.00103561 
-0.00109788 
-0.00116013 
-0.00122234 
-0.00128453 
-0.00134668 
-0.0014088 
-0.00147088 
-0.00153293 
-0.00159494 
-0.00165691 
-0.00171884 
-0.00178072 
-0.00184256 
-0.00190435 
-0.0019661 
-0.0020278 
-0.00208944 
-0.00215104 
-0.00221258 
-0.00227406 
-0.00233549 
-0.00239686 
-0.00245817 
-0.00251942 
-0.00258061 
-0.00264173 
-0.00270278 
-0.00276377 
-0.00282469 
-0.00288554 
-0.00294631 
-0.00300701 
-0.00306764 
-0.00312819 
-0.00318866 
-0.00324905 
-0.00330936 
-0.00336959 
-0.00342974 
-0.00348979 
-0.00354977 
-0.00360965 
-0.00366944 
-0.00372914 
-0.00378875 
-0.00384826 
-0.00390768 
-0.00396699 
-0.00402621 
-0.00408533 
-0.00414435 
-0.00420326 
-0.00426207 
-0.00432077 
-0.00437936 
-0.00443785 
-0.00449622 
-0.00455448 
-0.00461263 
-0.00467066 
-0.00472857 
-0.00478637 
-0.00484404 
-0.0049016 
-0.00495903 
-0.00501634 
-0.00507352 
-0.00513058 
-0.00518751 
-0.00524431 
-0.00530098 
-0.00535751 
-0.00541391 
-0.00547018 
-0.00552631 
-0.0055823 
-0.00563815 
-0.00569386 
-0.00574943 
-0.00580485 
-0.00586013 
-0.00591526 
-0.00597025 
-0.00602508 
-0.00607977 
-0.0061343 
-0.00618868 
-0.0062429 
-0.00629697 
-0.00635088 
-0.00640464 
-0.00645823 
-0.00651166 
-0.00656493 
-0.00661803 
-0.00667097 
-0.00672374 
-0.00677635 
-0.00682878 
-0.00688104 
-0.00693314 
-0.00698505 
-0.0070368 
-0.00708837 
-0.00713976 
-0.00719097 
-0.007242 
-0.00729285 
-0.00734352 
-0.00739401 
-0.00744431 
-0.00749442 
-0.00754435 
-0.00759409 
-0.00764363 
-0.00769299 
-0.00774216 
-0.00779113 
-0.00783991 
-0.00788849 
-0.00793687 
-0.00798505 
-0.00803304 
-0.00808082 
-0.00812841 
-0.00817579 
-0.00822296 
-0.00826993 
-0.00831669 
-0.00836325 
-0.00840959 
-0.00845573 
-0.00850165 
-0.00854737 
-0.00859286 
-0.00863815 
-0.00868321 
-0.00872806 
-0.0087727 
-0.00881711 
-0.0088613 
-0.00890527 
-0.00894902 
-0.00899254 
-0.00903584 
-0.00907892 
-0.00912176 
-0.00916438 
-0.00920677 
-0.00924893 
-0.00929086 
-0.00933255 
-0.00937401 
-0.00941524 
-0.00945624 
-0.00949699 
-0.00953751 
-0.00957779 
-0.00961783 
-0.00965763 
-0.00969719 
-0.00973651 
-0.00977558 
-0.00981441 
-0.00985299 
-0.00989133 
-0.00992942 
-0.00996726 
-0.0100049 
-0.0100422 
-0.0100793 
-0.0101161 
-0.0101527 
-0.010189 
-0.0102251 
-0.0102609 
-0.0102965 
-0.0103318 
-0.0103669 
-0.0104017 
-0.0104362 
-0.0104705 
-0.0105045 
-0.0105382 
-0.0105717 
-0.0106049 
-0.0106379 
-0.0106706 
-0.010703 
-0.0107351 
-0.010767 
-0.0107986 
-0.01083 
-0.010861 
-0.0108918 
-0.0109224 
-0.0109526 
-0.0109826 
-0.0110123 
-0.0110418 
-0.0110709 
-0.0110998 
-0.0111284 
-0.0111567 
-0.0111848 
-0.0112125 
-0.01124 
-0.0112672 
-0.0112942 
-0.0113208 
-0.0113472 
-0.0113732 
-0.011399 
-0.0114245 
-0.0114497 
-0.0114747 
-0.0114993 
-0.0115237 
-0.0115477 
-0.0115715 
-0.011595 
-0.0116182 
-0.0116411 
-0.0116638 
-0.0116861 
-0.0117081 
-0.0117299 
-0.0117513 
-0.0117725 
-0.0117933 
-0.0118139 
-0.0118342 
-0.0118542 
-0.0118738 
-0.0118932 
-0.0119123 
-0.0119311 
-0.0119496 
-0.0119678 
-0.0119857 
-0.0120033 
-0.0120206 
-0.0120376 
-0.0120543 
-0.0120706 
-0.0120867 
-0.0121025 
-0.012118 
-0.0121332 
-0.0121481 
-0.0121626 
-0.0121769 
-0.0121909 
-0.0122045 
-0.0122179 
-0.0122309 
-0.0122437 
-0.0122561 
-0.0122683 
-0.0122801 
-0.0122916 
-0.0123028 
-0.0123137 
-0.0123243 
-0.0123346 
-0.0123446 
-0.0123542 
-0.0123636 
-0.0123727 
-0.0123814 
-0.0123898 
-0.012398 
-0.0124058 
-0.0124133 
-0.0124205 
-0.0124274 
-0.0124339 
-0.0124402 
-0.0124461 
-0.0124518 
-0.0124571 
-0.0124621 
-0.0124668 
-0.0124712 
-0.0124753 
-0.0124791 
-0.0124825 
-0.0124857 
-0.0124885 
-0.012491 
-0.0124932 
-0.0124951 
-0.0124967 
-0.012498 
-0.012499 
-0.0124996 
-0.0124999 
-0.0125 
-0.0124997 
-0.0124991 
-0.0124981 
-0.0124969 
-0.0124954 
-0.0124935 
-0.0124914 
-0.0124889 
-0.0124861 
-0.012483 
-0.0124796 
-0.0124759 
-0.0124718 
-0.0124675 
-0.0124628 
-0.0124578 
-0.0124525 
-0.012447 
-0.012441 
-0.0124348 
-0.0124283 
-0.0124215 
-0.0124143 
-0.0124069 
-0.0123991 
-0.012391 
-0.0123826 
-0.0123739 
-0.0123649 
-0.0123556 
-0.012346 
-0.012336 
-0.0123258 
-0.0123152 
-0.0123044 
-0.0122932 
-0.0122817 
-0.0122699 
-0.0122579 
-0.0122455 
-0.0122328 
-0.0122197 
-0.0122064 
-0.0121928 
-0.0121789 
-0.0121647 
-0.0121501 
-0.0121353 
-0.0121202 
-0.0121047 
-0.012089 
-0.0120729 
-0.0120566 
-0.0120399 
-0.012023 
-0.0120057 
-0.0119882 
-0.0119703 
-0.0119522 
-0.0119337 
-0.011915 
-0.0118959 
-0.0118766 
-0.011857 
-0.011837 
-0.0118168 
-0.0117963 
-0.0117754 
-0.0117543 
-0.0117329 
-0.0117112 
-0.0116892 
-0.0116669 
-0.0116443 
-0.0116215 
-0.0115983 
-0.0115749 
-0.0115511 
-0.0115271 
-0.0115028 
-0.0114782 
-0.0114533 
-0.0114281 
-0.0114026 
-0.0113769 
-0.0113508 
-0.0113245 
-0.0112979 
-0.011271 
-0.0112439 
-0.0112164 
-0.0111887 
-0.0111607 
-0.0111324 
-0.0111038 
-0.011075 
-0.0110459 
-0.0110165 
-0.0109868 
-0.0109569 
-0.0109267 
-0.0108962 
-0.0108654 
-0.0108344 
-0.0108031 
-0.0107715 
-0.0107396 
-0.0107075 
-0.0106751 
-0.0106425 
-0.0106096 
-0.0105764 
-0.0105429 
-0.0105092 
-0.0104753 
-0.010441 
-0.0104065 
-0.0103718 
-0.0103368 
-0.0103015 
-0.010266 
-0.0102302 
-0.0101941 
-0.0101578 
-0.0101213 
-0.0100845 
-0.0100474 
-0.0100101 
-0.00997257 
-0.00993477 
-0.00989671 
-0.00985841 
-0.00981986 
-0.00978107 
-0.00974203 
-0.00970275 
-0.00966322 
-0.00962345 
-0.00958345 
-0.0095432 
-0.00950271 
-0.00946199 
-0.00942103 
-0.00937984 
-0.00933841 
-0.00929675 
-0.00925485 
-0.00921272 
-0.00917037 
-0.00912778 
-0.00908497 
-0.00904192 
-0.00899866 
-0.00895516 
-0.00891145 
-0.00886751 
-0.00882335 
-0.00877897 
-0.00873437 
-0.00868955 
-0.00864451 
-0.00859926 
-0.00855379 
-0.00850811 
-0.00846221 
-0.00841611 
-0.00836979 
-0.00832327 
-0.00827653 
-0.00822959 
-0.00818245 
-0.0081351 
-0.00808754 
-0.00803979 
-0.00799183 
-0.00794367 
-0.00789532 
-0.00784676 
-0.00779801 
-0.00774907 
-0.00769993 
-0.0076506 
-0.00760108 
-0.00755137 
-0.00750147 
-0.00745138 
-0.0074011 
-0.00735065 
-0.0073 
-0.00724918 
-0.00719817 
-0.00714698 
-0.00709562 
-0.00704407 
-0.00699236 
-0.00694046 
-0.0068884 
-0.00683616 
-0.00678375 
-0.00673117 
-0.00667842 
-0.0066255 
-0.00657242 
-0.00651918 
-0.00646577 
-0.0064122 
-0.00635847 
-0.00630458 
-0.00625053 
-0.00619633 
-0.00614197 
-0.00608746 
-0.0060328 
-0.00597798 
-0.00592302 
-0.00586791 
-0.00581265 
-0.00575724 
-0.0057017 
-0.00564601 
-0.00559017 
-0.0055342 
-0.00547809 
-0.00542185 
-0.00536547 
-0.00530895 
-0.0052523 
-0.00519552 
-0.00513861 
-0.00508157 
-0.00502441 
-0.00496711 
-0.0049097 
-0.00485216 
-0.0047945 
-0.00473672 
-0.00467882 
-0.00462081 
-0.00456268 
-0.00450443 
-0.00444608 
-0.00438761 
-0.00432903 
-0.00427035 
-0.00421155 
-0.00415265 
-0.00409365 
-0.00403455 
-0.00397534 
-0.00391604 
-0.00385664 
-0.00379714 
-0.00373754 
-0.00367786 
-0.00361808 
-0.00355821 
-0.00349825 
-0.0034382 
-0.00337807 
-0.00331786 
-0.00325756 
-0.00319718 
-0.00313671 
-0.00307618 
-0.00301556 
-0.00295487 
-0.0028941 
-0.00283327 
-0.00277236 
-0.00271138 
-0.00265033 
-0.00258922 
-0.00252805 
-0.00246681 
-0.0024055 
-0.00234414 
-0.00228272 
-0.00222125 
-0.00215971 
-0.00209813 
-0.00203649 
-0.0019748 
-0.00191306 
-0.00185127 
-0.00178944 
-0.00172756 
-0.00166564 
-0.00160367 
-0.00154167 
-0.00147963 
-0.00141755 
-0.00135544 
-0.00129329 
-0.00123111 
-0.0011689 
-0.00110666 
-0.00104439 
-0.000982093 
-0.000919774 
-0.000857432 
-0.000795069 
-0.000732686 
-0.000670285 
-0.000607867 
-0.000545433 
-0.000482986 
-0.000420527 
-0.000358058 
-0.000295579 
-0.000233093 
-0.000170602 
-0.000108106 
-4.5607e-05 
1.68928e-05 
7.93922e-05 
0.00014189 
0.000204383 
0.000266872 
0.000329354 
0.000391828 
0.000454292 
0.000516745 
0.000579185 
0.00064161 
0.000704019 
0.000766411 
0.000828784 
0.000891135 
0.000953465 
0.00101577 
0.00107805 
0.0011403 
0.00120253 
0.00126472 
0.00132689 
0.00138902 
0.00145111 
0.00151317 
0.00157519 
0.00163717 
0.00169911 
0.00176101 
0.00182287 
0.00188468 
0.00194644 
0.00200815 
0.00206981 
0.00213142 
0.00219298 
0.00225449 
0.00231593 
0.00237732 
0.00243865 
0.00249992 
0.00256112 
0.00262227 
0.00268334 
0.00274435 
0.00280529 
0.00286616 
0.00292696 
0.00298769 
0.00304834 
0.00310891 
0.00316941 
0.00322983 
0.00329016 
0.00335042 
0.00341059 
0.00347067 
0.00353067 
0.00359058 
0.0036504 
0.00371013 
0.00376977 
0.00382931 
0.00388876 
0.00394811 
0.00400736 
0.00406651 
0.00412556 
0.00418451 
0.00424335 
0.00430208 
0.00436071 
0.00441923 
0.00447764 
0.00453593 
0.00459412 
0.00465218 
0.00471014 
0.00476797 
0.00482568 
0.00488328 
0.00494075 
0.0049981 
0.00505532 
0.00511242 
0.00516939 
0.00522623 
0.00528294 
0.00533952 
0.00539596 
0.00545227 
0.00550844 
0.00556448 
0.00562037 
0.00567613 
0.00573174 
0.00578721 
0.00584254 
0.00589772 
0.00595275 
0.00600763 
0.00606237 
0.00611695 
0.00617138 
0.00622565 
0.00627977 
0.00633373 
0.00638753 
0.00644118 
0.00649466 
0.00654798 
0.00660114 
0.00665413 
0.00670695 
0.00675961 
0.0068121 
0.00686442 
0.00691656 
0.00696854 
0.00702034 
0.00707196 
0.00712341 
0.00717468 
0.00722577 
0.00727667 
0.0073274 
0.00737794 
0.0074283 
0.00747848 
0.00752846 
0.00757826 
0.00762787 
0.00767729 
0.00772652 
0.00777555 
0.00782439 
0.00787303 
0.00792148 
0.00796973 
0.00801778 
0.00806563 
0.00811327 
0.00816072 
0.00820796 
0.00825499 
0.00830182 
0.00834844 
0.00839485 
0.00844106 
0.00848705 
0.00853283 
0.00857839 
0.00862375 
0.00866888 
0.0087138 
0.0087585 
0.00880298 
0.00884725 
0.00889129 
0.00893511 
0.0089787 
0.00902207 
0.00906522 
0.00910814 
0.00915083 
0.00919329 
0.00923552 
0.00927753 
0.0093193 
0.00936083 
0.00940214 
0.0094432 
0.00948404 
0.00952463 
0.00956499 
0.0096051 
0.00964498 
0.00968462 
0.00972401 
0.00976316 
0.00980207 
0.00984073 
0.00987915 
0.00991731 
0.00995523 
0.00999291 
0.0100303 
0.0100675 
0.0101044 
0.0101411 
0.0101775 
0.0102137 
0.0102496 
0.0102852 
0.0103206 
0.0103557 
0.0103906 
0.0104252 
0.0104596 
0.0104937 
0.0105275 
0.0105611 
0.0105944 
0.0106274 
0.0106602 
0.0106927 
0.0107249 
0.0107569 
0.0107886 
0.01082 
0.0108512 
0.0108821 
0.0109127 
0.010943 
0.0109731 
0.0110029 
0.0110324 
0.0110617 
0.0110906 
0.0111193 
0.0111477 
0.0111759 
0.0112037 
0.0112313 
0.0112586 
0.0112856 
0.0113123 
0.0113388 
0.011365 
0.0113908 
0.0114164 
0.0114417 
0.0114668 
0.0114915 
0.011516 
0.0115401 
0.011564 
0.0115876 
0.0116109 
0.0116339 
0.0116566 
0.011679 
0.0117011 
0.011723 
0.0117445 
0.0117658 
0.0117867 
0.0118074 
0.0118278 
0.0118478 
0.0118676 
0.0118871 
0.0119063 
0.0119252 
0.0119437 
0.011962 
0.01198 
0.0119977 
0.0120151 
0.0120322 
0.012049 
0.0120655 
0.0120816 
0.0120975 
0.0121131 
0.0121284 
0.0121434 
0.012158 
0.0121724 
0.0121865 
0.0122002 
0.0122137 
0.0122268 
0.0122397 
0.0122522 
0.0122644 
0.0122763 
0.012288 
0.0122993 
0.0123103 
0.012321 
0.0123314 
0.0123414 
0.0123512 
0.0123607 
0.0123698 
0.0123787 
0.0123872 
0.0123954 
0.0124033 
0.0124109 
0.0124182 
0.0124252 
0.0124319 
0.0124382 
0.0124443 
0.01245 
0.0124554 
0.0124606 
0.0124654 
0.0124699 
0.012474 
0.0124779 
0.0124815 
0.0124847 
0.0124876 
0.0124903 
0.0124926 
0.0124946 
0.0124963 
0.0124976 
0.0124987 
0.0124994 
0.0124999 
0.0125 
0.0124998 
0.0124993 
0.0124985 
0.0124973 
0.0124959 
0.0124942 
0.0124921 
0.0124897 
0.012487 
0.012484 
0.0124807 
0.0124771 
0.0124731 
0.0124689 
0.0124643 
0.0124595 
0.0124543 
0.0124488 
0.012443 
0.0124368 
0.0124304 
0.0124237 
0.0124166 
0.0124093 
0.0124016 
0.0123936 
0.0123853 
0.0123767 
0.0123678 
0.0123586 
0.0123491 
0.0123392 
0.0123291 
0.0123186 
0.0123079 
0.0122968 
0.0122854 
0.0122737 
0.0122617 
0.0122494 
0.0122368 
0.0122239 
0.0122107 
0.0121972 
0.0121834 
0.0121692 
0.0121548 
0.0121401 
0.012125 
0.0121097 
0.012094 
0.0120781 
0.0120618 
0.0120453 
0.0120284 
0.0120113 
0.0119938 
0.011976 
0.011958 
0.0119396 
0.011921 
0.011902 
0.0118828 
0.0118632 
0.0118434 
0.0118233 
0.0118028 
0.0117821 
0.0117611 
0.0117398 
0.0117182 
0.0116963 
0.0116741 
0.0116516 
0.0116288 
0.0116057 
0.0115824 
0.0115587 
0.0115348 
0.0115105 
0.011486 
0.0114612 
0.0114361 
0.0114108 
0.0113851 
0.0113592 
0.0113329 
0.0113064 
0.0112796 
0.0112526 
0.0112252 
0.0111976 
0.0111696 
0.0111414 
0.011113 
0.0110842 
0.0110552 
0.0110259 
0.0109963 
0.0109664 
0.0109363 
0.0109059 
0.0108752 
0.0108443 
0.0108131 
0.0107816 
0.0107498 
0.0107178 
0.0106855 
0.0106529 
0.0106201 
0.010587 
0.0105536 
0.01052 
0.0104861 
0.010452 
0.0104176 
0.0103829 
0.010348 
0.0103128 
0.0102773 
0.0102416 
0.0102057 
0.0101694 
0.010133 
0.0100962 
0.0100593 
0.010022 
0.00998456 
0.00994684 
0.00990886 
0.00987064 
0.00983217 
0.00979345 
0.00975449 
0.00971528 
0.00967584 
0.00963615 
0.00959622 
0.00955605 
0.00951564 
0.00947499 
0.00943411 
0.00939299 
0.00935163 
0.00931004 
0.00926822 
0.00922617 
0.00918388 
0.00914137 
0.00909863 
0.00905566 
0.00901246 
0.00896904 
0.0089254 
0.00888153 
0.00883744 
0.00879313 
0.0087486 
0.00870385 
0.00865888 
0.00861369 
0.0085683 
0.00852268 
0.00847686 
0.00843082 
0.00838457 
0.00833811 
0.00829144 
0.00824457 
0.00819749 
0.0081502 
0.00810271 
0.00805502 
0.00800713 
0.00795903 
0.00791074 
0.00786225 
0.00781356 
0.00776468 
0.0077156 
0.00766633 
0.00761687 
0.00756722 
0.00751738 
0.00746735 
0.00741714 
0.00736674 
0.00731615 
0.00726539 
0.00721444 
0.00716331 
0.007112 
0.00706051 
0.00700885 
0.00695701 
0.006905 
0.00685281 
0.00680046 
0.00674793 
0.00669524 
0.00664238 
0.00658935 
0.00653615 
0.0064828 
0.00642928 
0.0063756 
0.00632176 
0.00626777 
0.00621361 
0.0061593 
0.00610484 
0.00605023 
0.00599546 
0.00594054 
0.00588548 
0.00583027 
0.00577491 
0.00571941 
0.00566376 
0.00560797 
0.00555205 
0.00549598 
0.00543978 
0.00538344 
0.00532697 
0.00527036 
0.00521362 
0.00515675 
0.00509975 
0.00504263 
0.00498538 
0.004928 
0.0048705 
0.00481288 
0.00475514 
0.00469728 
0.0046393 
0.00458121 
0.004523 
0.00446468 
0.00440625 
0.0043477 
0.00428905 
0.00423029 
0.00417143 
0.00411246 
0.00405339 
0.00399421 
0.00393494 
0.00387557 
0.0038161 
0.00375654 
0.00369688 
0.00363713 
0.00357729 
0.00351736 
0.00345734 
0.00339724 
0.00333705 
0.00327677 
0.00321642 
0.00315598 
0.00309547 
0.00303488 
0.00297421 
0.00291347 
0.00285265 
0.00279177 
0.00273081 
0.00266979 
0.0026087 
0.00254754 
0.00248632 
0.00242504 
0.00236369 
0.00230229 
0.00224083 
0.00217932 
0.00211775 
0.00205613 
0.00199445 
0.00193273 
0.00187096 
0.00180914 
0.00174727 
