-0.0005
-0.000511246
-0.000531059
-0.000557763
-0.000590252
-0.000627818
-0.000669926
-0.000716212
-0.000766371
-0.000820184
-0.000877445
-0.000937998
-0.00100169
-0.00106839
-0.00113796
-0.00121031
-0.00128531
-0.00136287
-0.00144287
-0.00152523
-0.00160985
-0.00169663
-0.0017855
-0.00187637
-0.00196915
-0.00206375
-0.00216011
-0.00225813
-0.00235776
-0.0024589
-0.00256149
-0.00266545
-0.00277073
-0.00287723
-0.00298491
-0.00309369
-0.00320351
-0.00331431
-0.00342602
-0.00353858
-0.00365195
-0.00376604
-0.00388083
-0.00399623
-0.00411222
-0.00422871
-0.00434568
-0.00446306
-0.00458082
-0.00469888
-0.00481724
-0.00493581
-0.00505458
-0.00517347
-0.00529344
-0.0054139
-0.00553478
-0.00527209
-0.00514851
-0.00553167
-0.0057765
-0.00589726
-0.0060176
-0.00560722
-0.00560656
-0.00613681
-0.00625694
-0.00637596
-0.00649457
-0.00661274
-0.00673052
-0.00633708
-0.00684784
-0.00696472
-0.00657753
-0.00708112
-0.00719707
-0.00681629
-0.00731251
-0.00742747
-0.00705324
-0.0075419
-0.0076558
-0.00728828
-0.00732522
-0.00729713
-0.00774086
-0.00788191
-0.00752122
-0.00752213
-0.00752145
-0.00799352
-0.0081059
-0.00775223
-0.00821693
-0.00832731
-0.00798078
-0.00843702
-0.00854606
-0.00820681
-0.00865441
-0.00876207
-0.00843023
-0.00886901
-0.00897523
-0.00865093
-0.0090807
-0.00918543
-0.00886881
-0.00928939
-0.00939257
-0.00908375
-0.00949496
-0.00959655
-0.00929566
-0.00969733
-0.00979729
-0.00950444
-0.00989641
-0.00999469
-0.00971001
-0.0100921
-0.0101887
-0.00991229
-0.0102844
-0.0103792
-0.0101112
-0.0104732
-0.0105663
-0.0103067
-0.0106584
-0.0107497
-0.0104988
-0.0108401
-0.0109296
-0.0106873
-0.0110181
-0.0111057
-0.0108723
-0.0111925
-0.0112783
-0.0110537
-0.0113631
-0.0114471
-0.0112315
-0.0115301
-0.0116122
-0.0114057
-0.0116933
-0.0117735
-0.0115762
-0.0118528
-0.0119311
-0.011743
-0.0120085
-0.012085
-0.0119062
-0.0121606
-0.0122352
-0.0120657
-0.0123088
-0.0123816
-0.0122216
-0.0124534
-0.0125243
-0.0123738
-0.0125942
-0.0126632
-0.0125223
-0.0127313
-0.0127985
-0.0126672
-0.0128648
-0.0129301
-0.0128085
-0.0129946
-0.0130581
-0.0129462
-0.0131207
-0.0131824
-0.0130803
-0.0132432
-0.0133032
-0.0132108
-0.0133622
-0.0134204
-0.0133379
-0.0134776
-0.013534
-0.0134614
-0.0135895
-0.0136442
-0.0135815
-0.013698
-0.0137509
-0.0136981
-0.013803
-0.0138542
-0.0138114
-0.0139046
-0.0139541
-0.0139213
-0.0140028
-0.0140507
-0.0140278
-0.0140977
-0.014144
-0.0141311
-0.0141894
-0.014234
-0.0142312
-0.0142349
-0.0142349
-0.0142774
-0.0143204
-0.0143275
-0.0143276
-0.0143276
-0.0143626
-0.014404
-0.0144211
-0.0144447
-0.0144846
-0.0145117
-0.0145237
-0.014562
-0.0145991
-0.0145996
-0.0146365
-0.0146836
-0.0146726
-0.014708
-0.014765
-0.0147426
-0.0147766
-0.0148435
-0.0148098
-0.0148423
-0.0149191
-0.014874
-0.0149051
-0.0149918
-0.0149355
-0.0149652
-0.0150617
-0.0149942
-0.0150225
-0.0151288
-0.0150501
-0.0150771
-0.0151931
-0.0151034
-0.015129
-0.0152548
-0.015154
-0.0151783
-0.0153137
-0.015202
-0.015225
-0.01537
-0.0152474
-0.0152692
-0.0154238
-0.0152903
-0.0153109
-0.0154749
-0.0153308
-0.0153501
-0.0155235
-0.0153687
-0.0153868
-0.0155696
-0.0154043
-0.0154212
-0.0156133
-0.0154375
-0.0154532
-0.0156545
-0.0154684
-0.0154829
-0.0156933
-0.0154969
-0.0155103
-0.0157297
-0.0155232
-0.0155354
-0.0157638
-0.0155472
-0.0155583
-0.0157955
-0.015569
-0.015579
-0.015825
-0.0155886
-0.0155976
-0.0158522
-0.015606
-0.0156139
-0.0158771
-0.0156213
-0.0156282
-0.0158998
-0.0156345
-0.0156403
-0.0159203
-0.0156456
-0.0156504
-0.0159385
-0.0156546
-0.0156584
-0.0159547
-0.0156616
-0.0156643
-0.0159686
-0.0156666
-0.0156683
-0.0159804
-0.0156695
-0.0156702
-0.0159901
-0.0156704
-0.0156702
-0.0159977
-0.0156694
-0.0156681
-0.0160032
-0.0156664
-0.0156642
-0.0160065
-0.0156614
-0.0156582
-0.0160078
-0.0156546
-0.0156504
-0.0160071
-0.0156457
-0.0156406
-0.0160042
-0.015635
-0.0156289
-0.0159993
-0.0156224
-0.0156154
-0.0159924
-0.0156079
-0.0155999
-0.0159834
-0.0155914
-0.0155825
-0.0159724
-0.0155732
-0.0155633
-0.0159594
-0.015553
-0.0155422
-0.0159443
-0.015531
-0.0155193
-0.0159272
-0.0155071
-0.0154945
-0.0159081
-0.0154814
-0.0154679
-0.015887
-0.0154538
-0.0154394
-0.0158639
-0.0154244
-0.0154091
-0.0158388
-0.0153932
-0.0153769
-0.0158117
-0.0153602
-0.015343
-0.0157826
-0.0153253
-0.0153072
-0.0157515
-0.0152887
-0.0152697
-0.0157185
-0.0152502
-0.0152303
-0.0156835
-0.01521
-0.0151892
-0.0156464
-0.015168
-0.0151463
-0.0156075
-0.0151241
-0.0151016
-0.0155666
-0.0150786
-0.0150551
-0.0155237
-0.0150312
-0.0150069
-0.0154789
-0.0149821
-0.014957
-0.0154321
-0.0149313
-0.0149053
-0.0153835
-0.0148788
-0.0148519
-0.0153329
-0.0148245
-0.0147968
-0.0152804
-0.0147686
-0.0147399
-0.015226
-0.0147109
-0.0146815
-0.0151698
-0.0146516
-0.0146213
-0.0151117
-0.0145906
-0.0145595
-0.0150517
-0.014528
-0.0144961
-0.01499
-0.0144637
-0.014431
-0.0149264
-0.0143979
-0.0143644
-0.014861
-0.0143305
-0.0142962
-0.0147939
-0.0142615
-0.0142264
-0.014725
-0.014191
-0.0141551
-0.0146543
-0.0141189
-0.0140823
-0.014582
-0.0140454
-0.0140081
-0.014508
-0.0139704
-0.0139324
-0.0144324
-0.013894
-0.0138552
-0.0143551
-0.0138161
-0.0137767
-0.0142762
-0.0137369
-0.0136968
-0.0141958
-0.0136563
-0.0136155
-0.0141138
-0.0135744
-0.013533
-0.0140304
-0.0134913
-0.0134492
-0.0139454
-0.0134068
-0.0133642
-0.0138591
-0.0133212
-0.013278
-0.0137713
-0.0132344
-0.0131906
-0.0136822
-0.0131464
-0.0131021
-0.0135918
-0.0130574
-0.0130125
-0.0135001
-0.0129673
-0.0129218
-0.0134071
-0.0128761
-0.0128302
-0.013313
-0.012784
-0.0127376
-0.0132177
-0.012691
-0.0126441
-0.0131213
-0.012597
-0.0125497
-0.0130238
-0.0125022
-0.0124545
-0.0129254
-0.0124066
-0.0123586
-0.0128259
-0.0123103
-0.0122618
-0.0127255
-0.0122132
-0.0121644
-0.0126243
-0.0121155
-0.0120664
-0.0125222
-0.0120171
-0.0119677
-0.0124194
-0.0119182
-0.0118685
-0.0123158
-0.0118187
-0.0117688
-0.0122116
-0.0117188
-0.0116687
-0.0121067
-0.0116185
-0.0115682
-0.0120013
-0.0115178
-0.0114673
-0.0118953
-0.0114167
-0.0113661
-0.0117889
-0.0113154
-0.0112647
-0.011682
-0.0112139
-0.0111631
-0.0115748
-0.0111122
-0.0110613
-0.0114673
-0.0110104
-0.0109594
-0.0113595
-0.0109085
-0.0108575
-0.0112515
-0.0108065
-0.0107556
-0.0111433
-0.0107047
-0.0106537
-0.0110351
-0.0106028
-0.010552
-0.0109268
-0.0105012
-0.0104504
-0.0108185
-0.0103997
-0.010349
-0.0107102
-0.0102984
-0.0102478
-0.0106021
-0.0101974
-0.010147
-0.0104942
-0.0100967
-0.0100465
-0.0103864
-0.00999642
-0.00994643
-0.0102789
-0.00989654
-0.00984678
-0.0101717
-0.00979714
-0.00974763
-0.0100649
-0.00969824
-0.00964901
-0.0099585
-0.00959991
-0.00955098
-0.00985255
-0.00950219
-0.00945358
-0.00974711
-0.00940512
-0.00935685
-0.00964222
-0.00930874
-0.00926083
-0.00953794
-0.0092131
-0.00916558
-0.00943431
-0.00911824
-0.00907112
-0.00933137
-0.0090242
-0.00897751
-0.00922916
-0.00893102
-0.00888478
-0.00912774
-0.00883875
-0.00879297
-0.00902714
-0.00874741
-0.00870211
-0.00892741
-0.00865705
-0.00861226
-0.00882858
-0.00856771
-0.00852343
-0.0087307
-0.00847941
-0.00843568
-0.0086338
-0.0083922
-0.00834902
-0.00853793
-0.00830611
-0.0082635
-0.00844311
-0.00822117
-0.00817915
-0.00834939
-0.00813741
-0.00809599
-0.0082568
-0.00805486
-0.00801407
-0.00816537
-0.00797356
-0.00793339
-0.00807514
-0.00789353
-0.00785401
-0.00798613
-0.00781479
-0.00777593
-0.00789838
-0.00773738
-0.00769919
-0.00781192
-0.00766131
-0.00762381
-0.00772678
-0.00758662
-0.00754981
-0.00764298
-0.00751332
-0.00747722
-0.00756054
-0.00744144
-0.00740605
-0.0074795
-0.007371
-0.00733633
-0.00739987
-0.00730201
-0.00726807
-0.00732169
-0.00723449
-0.0072013
-0.00724496
-0.00716846
-0.00713602
-0.00716972
-0.00710394
-0.00707226
-0.00709597
-0.00704094
-0.00701003
-0.00702374
-0.00697947
-0.00694933
-0.00695305
-0.00691955
-0.00689019
-0.00688391
-0.00686119
-0.00683261
-0.00681633
-0.0068044
-0.00677661
-0.00675034
-0.00674918
-0.00672218
-0.00668593
-0.00669555
-0.00666935
-0.00662313
-0.00664351
-0.00661811
-0.00656195
-0.00659307
-0.00656847
-0.00650239
-0.00654424
-0.00652044
-0.00644446
-0.00649702
-0.00647402
-0.00638817
-0.0064514
-0.00642922
-0.00633353
-0.0064074
-0.00638602
-0.00628055
-0.00636502
-0.00634445
-0.00622922
-0.00632426
-0.0063045
-0.00617956
-0.00628511
-0.00626616
-0.00613156
-0.00624758
-0.00622943
-0.00608524
-0.00621166
-0.00619432
-0.00604058
-0.00617736
-0.00616083
-0.0059976
-0.00614467
-0.00612894
-0.00595629
-0.00611358
-0.00609865
-0.00591666
-0.0060841
-0.00606997
-0.0058787
-0.00605621
-0.00604288
-0.00584241
-0.00602992
-0.00601738
-0.00580779
-0.00600522
-0.00599347
-0.00577485
-0.00598209
-0.00597114
-0.00574356
-0.00596054
-0.00595037
-0.00571394
-0.00594056
-0.00593117
-0.00568598
-0.00592214
-0.00591353
-0.00565967
-0.00590528
-0.00589744
-0.00563502
-0.00588996
-0.00588289
-0.00561201
-0.00587617
-0.00586987
-0.00559064
-0.00586392
-0.00585838
-0.00557091
-0.00585319
-0.0058484
-0.00555281
-0.00584397
-0.00583994
-0.00553634
-0.00583625
-0.00583297
-0.00552149
-0.00583004
-0.0058275
-0.00550826
-0.0058253
-0.00582351
-0.00549664
-0.00582205
-0.00582099
-0.00548662
-0.00582027
-0.00581994
-0.00547821
-0.00581995
-0.00582035
-0.00547138
-0.00582109
-0.00582221
-0.00546615
-0.00582367
-0.00582551
-0.0054625
-0.00582769
-0.00583024
-0.00546044
-0.00583313
-0.0058364
-0.00545994
-0.00584
-0.00584398
-0.00546102
-0.00584829
-0.00585297
-0.00546366
-0.00585798
-0.00586337
-0.00546785
-0.00586908
-0.00587516
-0.00547361
-0.00588157
-0.00588834
-0.00548092
-0.00589544
-0.00590291
-0.00548977
-0.0059107
-0.00591886
-0.00550017
-0.00592734
-0.00593618
-0.00551211
-0.00594534
-0.00595486
-0.00552558
-0.00596471
-0.00597491
-0.00554059
-0.00598544
-0.00599632
-0.00555713
-0.00600752
-0.00601907
-0.0055752
-0.00603095
-0.00604318
-0.00559479
-0.00605573
-0.00606863
-0.00561591
-0.00608185
-0.00609542
-0.00563854
-0.0061093
-0.00612354
-0.0061381
-0.00615318
-0.0061685
-0.00618427
-0.00620026
-0.00621665
-0.00623326
-0.00625024
-0.00626745
-0.00628502
-0.00630283
-0.00632098
-0.0063394
-0.00635815
-0.00637717
-0.00639653
-0.00641618
-0.00643616
-0.00645644
-0.00602116
-0.00596939
-0.0064256
-0.0064987
-0.00652018
-0.00654193
-0.00656389
-0.00658617
-0.00660873
-0.00663162
-0.00665482
-0.00667835
-0.0067022
-0.00672639
-0.00675091
-0.00677576
-0.00680096
-0.00682648
-0.00685235
-0.00687853
-0.00690508
-0.00693193
-0.00695916
-0.00698667
-0.00701457
-0.00704274
-0.006543
-0.0070713
-0.00710034
-0.00660102
-0.00712968
-0.00715944
-0.00666074
-0.00718946
-0.00721987
-0.00672198
-0.00725051
-0.00728152
-0.00678466
-0.00731276
-0.00734436
-0.00684871
-0.00737618
-0.00740835
-0.00691411
-0.00744073
-0.00747346
-0.00698083
-0.0075064
-0.00753967
-0.00704885
-0.00757316
-0.00760697
-0.00711816
-0.007641
-0.00767535
-0.00718873
-0.0077099
-0.00774478
-0.00726056
-0.00777986
-0.00781526
-0.00733362
-0.00785085
-0.00788676
-0.00740791
-0.00792286
-0.00795927
-0.00748339
-0.00799587
-0.00803277
-0.00756006
-0.00806986
-0.00810725
-0.00763788
-0.00814482
-0.00818268
-0.00771686
-0.00822072
-0.00825905
-0.00779695
-0.00829755
-0.00833634
-0.00787815
-0.00837529
-0.00841451
-0.00796042
-0.0084539
-0.00849356
-0.00804374
-0.00853338
-0.00857346
-0.00812809
-0.00861369
-0.00865418
-0.00821345
-0.00869481
-0.00873569
-0.00829977
-0.00877671
-0.00881798
-0.00838704
-0.00885937
-0.008901
-0.00847522
-0.00894276
-0.00898474
-0.00856429
-0.00902684
-0.00906916
-0.00865421
-0.0091116
-0.00915424
-0.00874494
-0.00919699
-0.00923993
-0.00883646
-0.00928298
-0.00932622
-0.00892873
-0.00936954
-0.00941305
-0.00902171
-0.00945664
-0.00950041
-0.00911537
-0.00954424
-0.00958824
-0.00920966
-0.00963231
-0.00967653
-0.00930455
-0.0097208
-0.00976522
-0.0094
-0.00980968
-0.00985428
-0.00949596
-0.00989891
-0.00994367
-0.0095924
-0.00998845
-0.0100334
-0.00968927
-0.0100783
-0.0101233
-0.00978652
-0.0101683
-0.0102134
-0.00988412
-0.0102585
-0.0103037
-0.00998202
-0.0103489
-0.0103942
-0.0100802
-0.0104394
-0.0104847
-0.0101785
-0.0105299
-0.0105752
-0.010277
-0.0106205
-0.0106658
-0.0103757
-0.010711
-0.0107562
-0.0104743
-0.0108014
-0.0108466
-0.010573
-0.0108917
-0.0109369
-0.0106717
-0.0109819
-0.0110269
-0.0107703
-0.0110718
-0.0111167
-0.0108687
-0.0111615
-0.0112062
-0.010967
-0.0112509
-0.0112954
-0.011065
-0.0113399
-0.0113842
-0.0111627
-0.0114285
-0.0114726
-0.0112601
-0.0115166
-0.0115605
-0.0113571
-0.0116043
-0.0116479
-0.0114537
-0.0116914
-0.0117348
-0.0115498
-0.0117779
-0.011821
-0.0116453
-0.0118638
-0.0119065
-0.0117402
-0.011949
-0.0119913
-0.0118345
-0.0120334
-0.0120754
-0.0119281
-0.0121171
-0.0121586
-0.012021
-0.0121999
-0.0122411
-0.012113
-0.0122819
-0.0123226
-0.0122042
-0.012363
-0.0124031
-0.0122945
-0.012443
-0.0124827
-0.0123839
-0.0125221
-0.0125613
-0.0124722
-0.0126001
-0.0126387
-0.0125596
-0.012677
-0.0127151
-0.0126458
-0.0127528
-0.0127902
-0.0127309
-0.0128273
-0.0128642
-0.0128148
-0.0129007
-0.0129369
-0.0128974
-0.0129727
-0.0130083
-0.0129788
-0.0130435
-0.0130784
-0.0130589
-0.0131129
-0.0131471
-0.0131376
-0.0131809
-0.0132144
-0.0132149
-0.0132474
-0.0132802
-0.0132907
-0.0133125
-0.0133445
-0.013365
-0.0133761
-0.0134073
-0.0134378
-0.0134381
-0.0134686
-0.013509
-0.0134986
-0.0135282
-0.0135786
-0.0135574
-0.0135862
-0.0136466
-0.0136146
-0.0136425
-0.0137128
-0.0136701
-0.0136972
-0.0137773
-0.0137238
-0.0137501
-0.0138401
-0.0137759
-0.0138012
-0.013901
-0.0138261
-0.0138505
-0.0139602
-0.0138745
-0.0138981
-0.0140174
-0.0139211
-0.0139437
-0.0140728
-0.0139659
-0.0139875
-0.0141262
-0.0140087
-0.0140294
-0.0141777
-0.0140496
-0.0140694
-0.0142271
-0.0140886
-0.0141074
-0.0142746
-0.0141256
-0.0141434
-0.01432
-0.0141607
-0.0141775
-0.0143634
-0.0141937
-0.0142095
-0.0144047
-0.0142247
-0.0142395
-0.0144438
-0.0142537
-0.0142674
-0.0144809
-0.0142806
-0.0142933
-0.0145157
-0.0143055
-0.0143171
-0.0145484
-0.0143282
-0.0143388
-0.0145789
-0.0143488
-0.0143584
-0.0146072
-0.0143674
-0.0143758
-0.0146333
-0.0143837
-0.0143911
-0.0146571
-0.014398
-0.0144043
-0.0146787
-0.0144101
-0.0144153
-0.014698
-0.01442
-0.0144241
-0.0147151
-0.0144278
-0.0144308
-0.0147298
-0.0144333
-0.0144353
-0.0147423
-0.0144367
-0.0144376
-0.0147524
-0.0144379
-0.0144377
-0.0147602
-0.0144369
-0.0144356
-0.0147657
-0.0144338
-0.0144313
-0.0147689
-0.0144284
-0.0144249
-0.0147697
-0.0144208
-0.0144162
-0.0147682
-0.014411
-0.0144053
-0.0147643
-0.0143991
-0.0143923
-0.0147582
-0.0143849
-0.014377
-0.0147496
-0.0143685
-0.0143595
-0.0147388
-0.01435
-0.0143399
-0.0147256
-0.0143293
-0.0143181
-0.01471
-0.0143063
-0.0142941
-0.0146922
-0.0142812
-0.0142679
-0.014672
-0.014254
-0.0142396
-0.0146494
-0.0142246
-0.0142091
-0.0146246
-0.014193
-0.0141764
-0.0145974
-0.0141593
-0.0141417
-0.014568
-0.0141235
-0.0141048
-0.0145362
-0.0140855
-0.0140658
-0.0145022
-0.0140455
-0.0140246
-0.0144659
-0.0140033
-0.0139815
-0.0144273
-0.0139591
-0.0139362
-0.0143864
-0.0139128
-0.0138889
-0.0143434
-0.0138644
-0.0138395
-0.0142981
-0.0138141
-0.0137881
-0.0142506
-0.0137617
-0.0137347
-0.0142009
-0.0137073
-0.0136793
-0.014149
-0.0136509
-0.0136219
-0.014095
-0.0135925
-0.0135626
-0.0140388
-0.0135322
-0.0135014
-0.0139805
-0.01347
-0.0134382
-0.0139201
-0.0134059
-0.0133731
-0.0138576
-0.0133399
-0.0133062
-0.0137931
-0.0132721
-0.0132374
-0.0137265
-0.0132024
-0.0131668
-0.0136579
-0.0131309
-0.0130945
-0.0135873
-0.0130576
-0.0130203
-0.0135147
-0.0129826
-0.0129444
-0.0134402
-0.0129058
-0.0128668
-0.0133637
-0.0128273
-0.0127874
-0.0132854
-0.0127472
-0.0127065
-0.0132052
-0.0126654
-0.0126238
-0.0131232
-0.0125819
-0.0125396
-0.0130394
-0.0124969
-0.0124538
-0.0129538
-0.0124104
-0.0123665
-0.0128665
-0.0123223
-0.0122776
-0.0127774
-0.0122327
-0.0121873
-0.0126867
-0.0121416
-0.0120956
-0.0125943
-0.0120491
-0.0120024
-0.0125003
-0.0119553
-0.0119078
-0.0124048
-0.01186
-0.0118119
-0.0123077
-0.0117635
-0.0117147
-0.0122091
-0.0116657
-0.0116163
-0.012109
-0.0115666
-0.0115166
-0.0120075
-0.0114663
-0.0114157
-0.0119047
-0.0113648
-0.0113137
-0.0118004
-0.0112622
-0.0112105
-0.0116949
-0.0111585
-0.0111063
-0.0115881
-0.0110538
-0.0110011
-0.0114801
-0.0109481
-0.0108948
-0.011371
-0.0108414
-0.0107877
-0.0112606
-0.0107338
-0.0106796
-0.0111492
-0.0106253
-0.0105707
-0.0110368
-0.0105159
-0.010461
-0.0109234
-0.0104058
-0.0103505
-0.010809
-0.0102949
-0.0102392
-0.0106937
-0.0101834
-0.0101274
-0.0105775
-0.0100712
-0.0100148
-0.0104606
-0.00995837
-0.00990175
-0.0103429
-0.009845
-0.00978813
-0.0102244
-0.00973114
-0.00967403
-0.0101054
-0.00961681
-0.00955949
-0.00998569
-0.00950208
-0.00944458
-0.00986546
-0.009387
-0.00932933
-0.00974473
-0.0092716
-0.0092138
-0.00962356
-0.00915595
-0.00909805
-0.00950198
-0.00904009
-0.00898211
-0.00938007
-0.00892408
-0.00886604
-0.00925787
-0.00880797
-0.00874989
-0.00913544
-0.00869181
-0.00863372
-0.00901282
-0.00857564
-0.00851758
-0.00889009
-0.00845954
-0.00840152
-0.00876728
-0.00834353
-0.00828559
-0.00864446
-0.00822769
-0.00816984
-0.00852168
-0.00811205
-0.00805433
-0.008399
-0.00799668
-0.00793911
-0.00827646
-0.00788163
-0.00782424
-0.00815414
-0.00776694
-0.00770975
-0.00803208
-0.00765267
-0.00759572
-0.00791033
-0.00753888
-0.00748218
-0.00778896
-0.00742561
-0.0073692
-0.00766802
-0.00731292
-0.00725682
-0.00754756
-0.00720086
-0.00714509
-0.00742764
-0.00708948
-0.00703407
-0.00730832
-0.00697883
-0.00692381
-0.00718964
-0.00686897
-0.00681435
-0.00707166
-0.00675994
-0.00670576
-0.00695444
-0.00665179
-0.00659807
-0.00683803
-0.00654457
-0.00649134
-0.00672247
-0.00643834
-0.00638561
-0.00660784
-0.00633313
-0.00628094
-0.00649417
-0.00622901
-0.00617737
-0.00638151
-0.00612601
-0.00607495
-0.00626992
-0.00602418
-0.00597373
-0.00615945
-0.00592357
-0.00587375
-0.00605015
-0.00582423
-0.00577505
-0.00594206
-0.00572619
-0.00567769
-0.00583524
-0.00562951
-0.0055817
-0.00572973
-0.00553422
-0.00548712
-0.00562557
-0.00544037
-0.00539401
-0.00552282
-0.005348
-0.00530239
-0.00542152
-0.00525715
-0.00521231
-0.0053217
-0.00516785
-0.00512381
-0.00522343
-0.00508016
-0.00503693
-0.00512672
-0.00499409
-0.0049517
-0.00503164
-0.0049097
-0.00486816
-0.00493821
-0.00482702
-0.00478634
-0.00484648
-0.00474608
-0.00470629
-0.00475649
-0.00466692
-0.00462802
-0.00466826
-0.00458956
-0.00455158
-0.00458185
-0.00451404
-0.00447699
-0.00449727
-0.00444039
-0.00440429
-0.00441458
-0.00436865
-0.00433351
-0.00433379
-0.00429883
-0.00426466
-0.00425495
-0.00423096
-0.00419778
-0.00417807
-0.00416507
-0.00413289
-0.0041032
-0.00410119
-0.00407003
-0.00403036
-0.00403934
-0.0040092
-0.00395957
-0.00397954
-0.00395043
-0.00389086
-0.00392182
-0.00389375
-0.00382426
-0.00386618
-0.00383917
-0.0037598
-0.00381266
-0.00378671
-0.00369748
-0.00376127
-0.0037364
-0.00363734
-0.00371203
-0.00368823
-0.0035794
-0.00366495
-0.00364224
-0.00352367
-0.00362005
-0.00359843
-0.00347017
-0.00357734
-0.00355682
-0.00341892
-0.00353683
-0.00351742
-0.00336993
-0.00349853
-0.00348024
-0.00332323
-0.00346246
-0.00344528
-0.00327881
-0.00342863
-0.00341257
-0.0032367
-0.00339703
-0.00338209
-0.0031969
-0.00336769
-0.00335387
-0.00315943
-0.00334059
-0.00332791
-0.00312429
-0.00331576
-0.0033042
-0.0030915
-0.00329318
-0.00328276
-0.00306105
-0.00327287
-0.00326358
-0.00303295
-0.00325482
-0.00324667
-0.00300721
-0.00323904
-0.00323202
-0.00298384
-0.00322553
-0.00321964
-0.00296282
-0.00321428
-0.00320952
-0.00294417
-0.00320529
-0.00320165
-0.00292789
-0.00319855
-0.00319605
-0.00291397
-0.00319407
-0.00319269
-0.00290241
-0.00319183
-0.00319157
-0.00289321
-0.00319183
-0.00319269
-0.00288636
-0.00319407
-0.00319604
-0.00288187
-0.00319852
-0.0032016
-0.00287972
-0.00320519
-0.00320938
-0.00287991
-0.00321407
-0.00321935
-0.00288242
-0.00322514
-0.00323151
-0.00288726
-0.00323838
-0.00324584
-0.00289441
-0.0032538
-0.00326233
-0.00290386
-0.00327136
-0.00328097
-0.0029156
-0.00329107
-0.00330174
-0.00292962
-0.0033129
-0.00332463
-0.0029459
-0.00333683
-0.00334961
-0.00296443
-0.00336286
-0.00337667
-0.00298519
-0.00339096
-0.0034058
-0.00300818
-0.0034211
-0.00343696
-0.00303336
-0.00345328
-0.00347015
-0.00306073
-0.00348748
-0.00350535
-0.00309027
-0.00352366
-0.00354252
-0.00312195
-0.00356182
-0.00358165
-0.00315576
-0.00360192
-0.00362272
-0.00319167
-0.00364395
-0.0036657
-0.00322967
-0.00368787
-0.00371057
-0.00326973
-0.00373368
-0.0037573
-0.00331183
-0.00378133
-0.00380586
-0.00335595
-0.0038308
-0.00385624
-0.00340205
-0.00388208
-0.0039084
-0.00345012
-0.00393512
-0.00396232
-0.00350014
-0.0039899
-0.00401796
-0.00355206
-0.0040464
-0.00407531
-0.00360587
-0.00410458
-0.00413432
-0.00366153
-0.00416442
-0.00419497
-0.00371903
-0.00422588
-0.00425724
-0.00377832
-0.00428893
-0.00432108
-0.00383938
-0.00435355
-0.00438646
-0.00390218
-0.00441969
-0.00445336
-0.00448734
-0.00452193
-0.00455673
-0.00459208
-0.00462762
-0.00466367
-0.00469989
-0.00473662
-0.0047735
-0.00481087
-0.00484839
-0.00488638
-0.00492451
-0.00496311
-0.00500184
-0.00504102
-0.00508032
-0.00512007
-0.00515993
-0.00520023
-0.00524063
-0.00528145
-0.00532237
-0.00536369
-0.00540512
-0.00544693
-0.00548883
-0.00553112
-0.00557349
-0.00561622
-0.00565903
-0.0057022
-0.00574544
-0.00578902
-0.00583266
-0.00587663
-0.00592066
-0.00596501
-0.00600941
-0.00605411
-0.00609886
-0.0061439
-0.00618898
-0.00623433
-0.00627972
-0.00632537
-0.00637105
-0.00641698
-0.00646294
-0.00650913
-0.00655533
-0.00660176
-0.00664821
-0.00669486
-0.00674151
-0.00678836
-0.00683522
-0.00688225
-0.00692928
-0.00697648
-0.00702367
-0.00707101
-0.00711834
-0.0071658
-0.00721325
-0.00726081
-0.00730837
-0.00735601
-0.00740365
-0.00745136
-0.00749907
-0.00754682
-0.00759457
-0.00764236
-0.0072068
-0.00720578
-0.00768911
-0.00773798
-0.00778583
-0.00783361
-0.00788142
-0.00792916
-0.00797694
-0.00802462
-0.00807234
-0.00811995
-0.00816761
-0.00821513
-0.0082627
-0.00831012
-0.00835758
-0.00840487
-0.00845221
-0.00849936
-0.00854656
-0.00859354
-0.00821393
-0.00864058
-0.00868762
-0.0083146
-0.00873461
-0.00878152
-0.00841523
-0.00882836
-0.0088751
-0.00851569
-0.00892175
-0.00896828
-0.00861589
-0.0090147
-0.00906101
-0.00871578
-0.00910718
-0.00915322
-0.00881529
-0.00919912
-0.00924488
-0.00891439
-0.00929049
-0.00933595
-0.00901302
-0.00938124
-0.00942637
-0.00911115
-0.00947133
-0.00951612
-0.00920872
-0.00956073
-0.00960515
-0.0093057
-0.00964938
-0.00969342
-0.00940204
-0.00973726
-0.00978089
-0.00949769
-0.00982432
-0.00986753
-0.00959263
-0.00991052
-0.00995329
-0.00968679
-0.00999583
-0.0100381
-0.00978015
-0.0100802
-0.010122
-0.00987266
-0.0101636
-0.0102049
-0.00996427
-0.010246
-0.0102868
-0.010055
-0.0103273
-0.0103676
-0.0101447
-0.0104076
-0.0104473
-0.0102334
-0.0104868
-0.0105259
-0.010321
-0.0105647
-0.0106033
-0.0104076
-0.0106416
-0.0106795
-0.010493
-0.0107171
-0.0107545
-0.0105773
-0.0107915
-0.0108281
-0.0106604
-0.0108645
-0.0109005
-0.0107422
-0.0109362
-0.0109716
-0.0108228
-0.0110066
-0.0110412
-0.010902
-0.0110755
-0.0111095
-0.0109799
-0.0111431
-0.0111763
-0.0110564
-0.0112092
-0.0112417
-0.0111315
-0.0112738
-0.0113056
-0.0112052
-0.011337
-0.0113679
-0.0112774
-0.0113986
-0.0114288
-0.011348
-0.0114586
-0.011488
-0.0114172
-0.011517
-0.0115456
-0.0114847
-0.0115739
-0.0116016
-0.0115507
-0.011629
-0.011656
-0.011615
-0.0116826
-0.0117087
-0.0116776
-0.0117344
-0.0117597
-0.0117386
-0.0117845
-0.0118089
-0.0117979
-0.0118329
-0.0118564
-0.0118554
-0.0118796
-0.0119022
-0.0119111
-0.0119244
-0.0119462
-0.0119651
-0.0119675
-0.0119883
-0.0120172
-0.0120088
-0.0120287
-0.0120676
-0.0120482
-0.0120672
-0.012116
-0.0120858
-0.0121038
-0.0121626
-0.0121215
-0.0121386
-0.0122073
-0.0121553
-0.0121715
-0.0122501
-0.0121873
-0.0122025
-0.012291
-0.0122173
-0.0122316
-0.0123299
-0.0122454
-0.0122587
-0.0123668
-0.0122716
-0.012284
-0.0124018
-0.0122959
-0.0123072
-0.0124347
-0.0123182
-0.0123285
-0.0124657
-0.0123385
-0.0123479
-0.0124946
-0.0123569
-0.0123653
-0.0125215
-0.0123733
-0.0123807
-0.0125464
-0.0123877
-0.0123941
-0.0125693
-0.0124001
-0.0124056
-0.01259
-0.0124106
-0.012415
-0.0126087
-0.012419
-0.0124225
-0.0126254
-0.0124255
-0.0124279
-0.0126399
-0.0124299
-0.0124314
-0.0126524
-0.0124324
-0.0124329
-0.0126628
-0.0124329
-0.0124323
-0.0126711
-0.0124314
-0.0124298
-0.0126773
-0.0124278
-0.0124253
-0.0126815
-0.0124224
-0.0124188
-0.0126835
-0.0124149
-0.0124104
-0.0126835
-0.0124054
-0.0123999
-0.0126814
-0.012394
-0.0123875
-0.0126772
-0.0123806
-0.0123732
-0.0126709
-0.0123653
-0.0123568
-0.0126625
-0.012348
-0.0123386
-0.0126521
-0.0123287
-0.0123184
-0.0126397
-0.0123076
-0.0122963
-0.0126252
-0.0122845
-0.0122723
-0.0126086
-0.0122596
-0.0122463
-0.01259
-0.0122327
-0.0122185
-0.0125694
-0.012204
-0.0121889
-0.0125468
-0.0121734
-0.0121573
-0.0125222
-0.0121409
-0.012124
-0.0124956
-0.0121066
-0.0120888
-0.012467
-0.0120706
-0.0120518
-0.0124365
-0.0120327
-0.012013
-0.012404
-0.011993
-0.0119725
-0.0123696
-0.0119516
-0.0119302
-0.0123334
-0.0119084
-0.0118862
-0.0122952
-0.0118636
-0.0118405
-0.0122551
-0.011817
-0.011793
-0.0122132
-0.0117687
-0.011744
-0.0121695
-0.0117188
-0.0116932
-0.0121239
-0.0116673
-0.0116409
-0.0120765
-0.0116142
-0.011587
-0.0120274
-0.0115594
-0.0115314
-0.0119766
-0.0115031
-0.0114744
-0.011924
-0.0114453
-0.0114158
-0.0118697
-0.011386
-0.0113557
-0.0118137
-0.0113251
-0.0112941
-0.011756
-0.0112628
-0.0112311
-0.0116968
-0.0111991
-0.0111667
-0.0116359
-0.011134
-0.0111009
-0.0115734
-0.0110675
-0.0110337
-0.0115094
-0.0109996
-0.0109652
-0.0114439
-0.0109305
-0.0108954
-0.0113768
-0.01086
-0.0108243
-0.0113083
-0.0107882
-0.0107519
-0.0112384
-0.0107153
-0.0106783
-0.011167
-0.0106411
-0.0106035
-0.0110942
-0.0105657
-0.0105276
-0.0110201
-0.0104892
-0.0104505
-0.0109447
-0.0104116
-0.0103723
-0.0108679
-0.0103329
-0.0102931
-0.0107899
-0.0102531
-0.0102128
-0.0107107
-0.0101723
-0.0101315
-0.0106302
-0.0100905
-0.0100492
-0.0105485
-0.0100078
-0.00996603
-0.0104658
-0.0099241
-0.0098819
-0.0103819
-0.00983953
-0.00979689
-0.0102969
-0.00975409
-0.00971103
-0.0102108
-0.00966781
-0.00962435
-0.0101238
-0.00958074
-0.00953689
-0.0100358
-0.0094929
-0.00944868
-0.00994679
-0.00940433
-0.00935975
-0.00985689
-0.00931505
-0.00927014
-0.00976611
-0.00922511
-0.00917988
-0.00967449
-0.00913454
-0.00908901
-0.00958204
-0.00904337
-0.00899755
-0.00948883
-0.00895163
-0.00890554
-0.00939486
-0.00885937
-0.00881303
-0.00930019
-0.00876661
-0.00872003
-0.00920485
-0.00867338
-0.00862659
-0.00910886
-0.00857973
-0.00853274
-0.00901228
-0.00848569
-0.00843852
-0.00891513
-0.0083913
-0.00834396
-0.00881745
-0.00829658
-0.0082491
-0.00871928
-0.00820158
-0.00815397
-0.00862066
-0.00810633
-0.00805861
-0.00852162
-0.00801087
-0.00796305
-0.0084222
-0.00791523
-0.00786734
-0.00832243
-0.00781946
-0.0077715
-0.00822237
-0.00772357
-0.00767558
-0.00812203
-0.00762762
-0.00757962
-0.00802147
-0.00753164
-0.00748363
-0.00792073
-0.00743567
-0.00738768
-0.00781983
-0.00733974
-0.00729179
-0.00771882
-0.0072439
-0.007196
-0.00761774
-0.00714817
-0.00710034
-0.00751663
-0.0070526
-0.00700486
-0.00741553
-0.00695722
-0.0069096
-0.00731448
-0.00686208
-0.00681458
-0.00721352
-0.0067672
-0.00671986
-0.00711269
-0.00667264
-0.00662546
-0.00701202
-0.00657842
-0.00653143
-0.00691158
-0.00648459
-0.00643781
-0.00681138
-0.00639118
-0.00634463
-0.00671148
-0.00629823
-0.00625193
-0.00661191
-0.00620579
-0.00615975
-0.00651272
-0.00611388
-0.00606813
-0.00641395
-0.00602256
-0.00597711
-0.00631563
-0.00593185
-0.00588672
-0.00621783
-0.0058418
-0.00579702
-0.00612056
-0.00575245
-0.00570803
-0.00602388
-0.00566383
-0.00561979
-0.00592783
-0.00557599
-0.00553235
-0.00583245
-0.00548896
-0.00544574
-0.00573778
-0.00540278
-0.00536
-0.00564387
-0.00531749
-0.00527518
-0.00555076
-0.00523313
-0.0051913
-0.00545848
-0.00514974
-0.00510841
-0.00536709
-0.00506736
-0.00502654
-0.00527661
-0.00498603
-0.00494575
-0.00518711
-0.00490577
-0.00486605
-0.00509861
-0.00482664
-0.0047875
-0.00501115
-0.00474867
-0.00471012
-0.00492479
-0.0046719
-0.00463396
-0.00483956
-0.00459636
-0.00455905
-0.0047555
-0.0045221
-0.00448544
-0.00467265
-0.00444914
-0.00441315
-0.00459105
-0.00437753
-0.00434223
-0.00451074
-0.0043073
-0.0042727
-0.00443177
-0.00423849
-0.00420461
-0.00435416
-0.00417112
-0.00413798
-0.00427797
-0.00410525
-0.00407286
-0.00420322
-0.00404089
-0.00400928
-0.00412996
-0.00397809
-0.00394727
-0.00405822
-0.00391688
-0.00388687
-0.00398805
-0.00385729
-0.00382809
-0.00391946
-0.00379934
-0.00377099
-0.00385251
-0.00374309
-0.00371558
-0.00378722
-0.00368854
-0.00366191
-0.00372363
-0.00363574
-0.00360999
-0.00366178
-0.00358471
-0.00355985
-0.00360169
-0.00353548
-0.00351153
-0.0035434
-0.00348807
-0.00346506
-0.00348693
-0.00344253
-0.00342045
-0.00343233
-0.00339886
-0.00337773
-0.00337961
-0.00335709
-0.00333692
-0.00332881
-0.00331726
-0.00329806
-0.00327995
-0.00327937
-0.00326116
-0.00323306
-0.00324346
-0.00322625
-0.00318817
-0.00320955
-0.00319333
-0.00314529
-0.00317764
-0.00316244
-0.00310446
-0.00314777
-0.0031336
-0.00306569
-0.00311995
-0.00310681
-0.00302901
-0.0030942
-0.00308209
-0.00299444
-0.00307052
-0.00305947
-0.00296198
-0.00304895
-0.00303894
-0.00293167
-0.00302948
-0.00302054
-0.00290352
-0.00301214
-0.00300426
-0.00287754
-0.00299692
-0.00299012
-0.00285375
-0.00298385
-0.00297812
-0.00283216
-0.00297293
-0.00296827
-0.00281279
-0.00296417
-0.00296059
-0.00279563
-0.00295757
-0.00295507
-0.00278071
-0.00295313
-0.00295173
-0.00276802
-0.00295087
-0.00295055
-0.00275758
-0.00295078
-0.00295155
-0.0027494
-0.00295286
-0.00295472
-0.00274346
-0.00295712
-0.00296006
-0.00273979
-0.00296355
-0.00296758
-0.00273837
-0.00297215
-0.00297726
-0.00273921
-0.00298292
-0.00298911
-0.00274231
-0.00299584
-0.00300311
-0.00274767
-0.00301092
-0.00301926
-0.00275528
-0.00302814
-0.00303756
-0.00276513
-0.0030475
-0.00305799
-0.00277723
-0.00306899
-0.00308053
-0.00279156
-0.0030926
-0.00310519
-0.00280812
-0.00311831
-0.00313195
-0.00282689
-0.00314611
-0.00316079
-0.00284787
-0.00317598
-0.0031917
-0.00287104
-0.00320792
-0.00322466
-0.0028964
-0.0032419
-0.00325966
-0.00292392
-0.00327791
-0.00329667
-0.00295359
-0.00331592
-0.00333568
-0.0029854
-0.00335593
-0.00337667
-0.00301932
-0.0033979
-0.00341962
-0.00305535
-0.00344182
-0.00346451
-0.00309346
-0.00348766
-0.0035113
-0.00313363
-0.00353541
-0.00355999
-0.00317584
-0.00358503
-0.00361054
-0.00322007
-0.00363651
-0.00366294
-0.00326629
-0.00368981
-0.00371715
-0.0033145
-0.00374492
-0.00377314
-0.00336464
-0.0038018
-0.0038309
-0.00341672
-0.00386043
-0.00389039
-0.00347069
-0.00392077
-0.00395159
-0.00352654
-0.00398281
-0.00401446
-0.00358423
-0.00404651
-0.00407898
-0.00364375
-0.00411185
-0.00414512
-0.00370505
-0.00417878
-0.00421284
-0.00376811
-0.00424728
-0.00428212
-0.00383291
-0.00431733
-0.00435293
-0.00438889
-0.00442519
-0.00446189
-0.00416238
-0.0040138
-0.00435106
-0.00453761
-0.00457573
-0.00461407
-0.00465269
-0.00469161
-0.00473083
-0.00477037
-0.00481023
-0.0048504
-0.00489088
-0.00493168
-0.00497278
-0.00501419
-0.0050559
-0.00509791
-0.0051402
-0.00518278
-0.00522564
-0.00526879
-0.0053122
-0.00535589
-0.00539984
-0.00544406
-0.00548854
-0.00553327
-0.00557824
-0.00562347
-0.00566893
-0.00571464
-0.00576057
-0.00580674
-0.00585313
-0.00589974
-0.00594657
-0.00599361
-0.00604086
-0.00608832
-0.00613598
-0.00618383
-0.00623188
-0.00628012
-0.00632854
-0.00637714
-0.00642592
-0.00647487
-0.00652399
-0.00602509
-0.00657327
-0.00662274
-0.0061246
-0.00667237
-0.00672216
-0.00622497
-0.00677209
-0.00682219
-0.00632614
-0.0068724
-0.00692276
-0.00642807
-0.00697323
-0.00702385
-0.0065307
-0.00707456
-0.00712541
-0.00663401
-0.00717635
-0.00722741
-0.00673796
-0.00727856
-0.00732982
-0.00684251
-0.00738116
-0.00743261
-0.00694762
-0.00748412
-0.00753574
-0.00705328
-0.00758741
-0.00763917
-0.00715943
-0.00769098
-0.00774288
-0.00726606
-0.00779482
-0.00784684
-0.00737311
-0.00789889
-0.00795101
-0.00748057
-0.00800315
-0.00805535
-0.0075884
-0.00810757
-0.00815985
-0.00769656
-0.00821213
-0.00826446
-0.00780502
-0.00831678
-0.00836915
-0.00791375
-0.00842151
-0.0084739
-0.00802272
-0.00852627
-0.00857866
-0.00813188
-0.00863103
-0.00868342
-0.00824121
-0.00873576
-0.00878813
-0.00835067
-0.00884044
-0.00889276
-0.00846024
-0.00894503
-0.00899729
-0.00856987
-0.00904949
-0.00910169
-0.00867954
-0.00915381
-0.00920591
-0.00878921
-0.00925794
-0.00930994
-0.00889884
-0.00936185
-0.00941374
-0.00900841
-0.00946552
-0.00951727
-0.00911788
-0.00956892
-0.00962052
-0.00922722
-0.009672
-0.00972344
-0.0093364
-0.00977475
-0.00982601
-0.00944537
-0.00987714
-0.00992819
-0.00955412
-0.00997912
-0.01003
-0.0096626
-0.0100807
-0.0101313
-0.00977078
-0.0101818
-0.0102322
-0.00987864
-0.0102824
-0.0103325
-0.00998613
-0.0103825
-0.0104323
-0.0100932
-0.010482
-0.0105316
-0.0101999
-0.010581
-0.0106302
-0.0103061
-0.0106793
-0.0107283
-0.0104118
-0.010777
-0.0108256
-0.010517
-0.0108741
-0.0109223
-0.0106216
-0.0109704
-0.0110183
-0.0107256
-0.011066
-0.0111136
-0.0108291
-0.0111609
-0.011208
-0.0109318
-0.0112549
-0.0113017
-0.0110339
-0.0113482
-0.0113945
-0.0111352
-0.0114406
-0.0114865
-0.0112358
-0.0115322
-0.0115776
-0.0113356
-0.0116228
-0.0116678
-0.0114346
-0.0117125
-0.011757
-0.0115327
-0.0118013
-0.0118453
-0.0116299
-0.011889
-0.0119326
-0.0117263
-0.0119758
-0.0120188
-0.0118217
-0.0120615
-0.012104
-0.0119161
-0.0121462
-0.0121881
-0.0120095
-0.0122297
-0.0122711
-0.0121019
-0.0123122
-0.012353
-0.0121932
-0.0123934
-0.0124337
-0.0122834
-0.0124736
-0.0125132
-0.0123724
-0.0125525
-0.0125915
-0.0124604
-0.0126301
-0.0126685
-0.0125471
-0.0127066
-0.0127443
-0.0126326
-0.0127817
-0.0128188
-0.0127169
-0.0128556
-0.012892
-0.0127999
-0.0129281
-0.0129639
-0.0128816
-0.0129993
-0.0130344
-0.0129619
-0.0130691
-0.0131034
-0.013041
-0.0131375
-0.0131711
-0.0131186
-0.0132044
-0.0132374
-0.0131948
-0.01327
-0.0133022
-0.0132696
-0.013334
-0.0133655
-0.0133429
-0.0133966
-0.0134273
-0.0134147
-0.0134577
-0.0134876
-0.013485
-0.0135172
-0.0135464
-0.0135537
-0.0135752
-0.0136036
-0.0136209
-0.0136316
-0.0136592
-0.0136865
-0.0136864
-0.0137132
-0.0137505
-0.0137396
-0.0137656
-0.0138129
-0.0137912
-0.0138164
-0.0138736
-0.0138412
-0.0138655
-0.0139327
-0.0138894
-0.013913
-0.01399
-0.013936
-0.0139587
-0.0140456
-0.0139809
-0.0140028
-0.0140995
-0.0140241
-0.0140451
-0.0141516
-0.0140656
-0.0140857
-0.0142019
-0.0141053
-0.0141245
-0.0142505
-0.0141433
-0.0141616
-0.0142972
-0.0141795
-0.0141969
-0.0143421
-0.0142139
-0.0142304
-0.0143852
-0.0142465
-0.0142622
-0.0144264
-0.0142773
-0.0142921
-0.0144657
-0.0143063
-0.0143202
-0.0145032
-0.0143335
-0.0143464
-0.0145387
-0.0143589
-0.0143709
-0.0145723
-0.0143824
-0.0143935
-0.014604
-0.014404
-0.0144142
-0.0146338
-0.0144238
-0.0144331
-0.0146616
-0.0144418
-0.0144501
-0.0146874
-0.0144578
-0.0144652
-0.0147113
-0.014472
-0.0144784
-0.0147332
-0.0144844
-0.0144898
-0.0147532
-0.0144948
-0.0144993
-0.0147711
-0.0145033
-0.0145069
-0.014787
-0.01451
-0.0145126
-0.014801
-0.0145148
-0.0145165
-0.0148129
-0.0145177
-0.0145184
-0.0148229
-0.0145187
-0.0145185
-0.0148308
-0.0145178
-0.0145166
-0.0148367
-0.014515
-0.0145129
-0.0148406
-0.0145103
-0.0145073
-0.0148425
-0.0145038
-0.0144998
-0.0148423
-0.0144954
-0.0144905
-0.0148402
-0.0144851
-0.0144792
-0.0148361
-0.0144729
-0.0144661
-0.0148299
-0.0144589
-0.0144512
-0.0148217
-0.014443
-0.0144344
-0.0148116
-0.0144253
-0.0144158
-0.0147994
-0.0144057
-0.0143953
-0.0147853
-0.0143844
-0.014373
-0.0147692
-0.0143611
-0.0143489
-0.0147511
-0.0143361
-0.014323
-0.014731
-0.0143093
-0.0142952
-0.014709
-0.0142807
-0.0142658
-0.014685
-0.0142503
-0.0142345
-0.0146591
-0.0142182
-0.0142015
-0.0146313
-0.0141843
-0.0141667
-0.0146016
-0.0141487
-0.0141303
-0.01457
-0.0141114
-0.0140921
-0.0145365
-0.0140724
-0.0140522
-0.0145011
-0.0140316
-0.0140107
-0.0144639
-0.0139893
-0.0139675
-0.0144248
-0.0139452
-0.0139226
-0.0143839
-0.0138996
-0.0138762
-0.0143412
-0.0138523
-0.0138281
-0.0142967
-0.0138035
-0.0137785
-0.0142505
-0.013753
-0.0137273
-0.0142025
-0.0137011
-0.0136745
-0.0141528
-0.0136476
-0.0136203
-0.0141013
-0.0135926
-0.0135645
-0.0140482
-0.0135361
-0.0135073
-0.0139934
-0.0134782
-0.0134487
-0.013937
-0.0134188
-0.0133886
-0.013879
-0.013358
-0.0133271
-0.0138194
-0.0132959
-0.0132643
-0.0137582
-0.0132324
-0.0132001
-0.0136955
-0.0131675
-0.0131346
-0.0136312
-0.0131014
-0.0130678
-0.0135655
-0.0130339
-0.0129998
-0.0134983
-0.0129653
-0.0129305
-0.0134297
-0.0128954
-0.01286
-0.0133597
-0.0128243
-0.0127883
-0.0132883
-0.0127521
-0.0127155
-0.0132155
-0.0126787
-0.0126416
-0.0131415
-0.0126042
-0.0125666
-0.0130661
-0.0125287
-0.0124905
-0.0129895
-0.0124521
-0.0124134
-0.0129117
-0.0123745
-0.0123354
-0.0128327
-0.012296
-0.0122563
-0.0127525
-0.0122165
-0.0121764
-0.0126712
-0.012136
-0.0120955
-0.0125888
-0.0120547
-0.0120138
-0.0125053
-0.0119726
-0.0119312
-0.0124209
-0.0118896
-0.0118479
-0.0123354
-0.0118059
-0.0117638
-0.012249
-0.0117214
-0.0116789
-0.0121616
-0.0116363
-0.0115934
-0.0120734
-0.0115504
-0.0115072
-0.0119843
-0.0114639
-0.0114204
-0.0118944
-0.0113768
-0.0113331
-0.0118038
-0.0112891
-0.0112451
-0.0117124
-0.0112009
-0.0111567
-0.0116203
-0.0111122
-0.0110677
-0.0115275
-0.0110231
-0.0109783
-0.0114341
-0.0109335
-0.0108886
-0.0113401
-0.0108435
-0.0107984
-0.0112456
-0.0107532
-0.0107079
-0.0111505
-0.0106625
-0.0106171
-0.011055
-0.0105716
-0.0105261
-0.010959
-0.0104804
-0.0104348
-0.0108626
-0.0103891
-0.0103433
-0.0107659
-0.0102975
-0.0102517
-0.0106689
-0.0102058
-0.01016
-0.0105715
-0.0101141
-0.0100681
-0.010474
-0.0100222
-0.00997628
-0.0103762
-0.00993034
-0.00988441
-0.0102782
-0.00983848
-0.00979258
-0.0101801
-0.00974668
-0.00970081
-0.010082
-0.00965496
-0.00960914
-0.00998377
-0.00956336
-0.00951762
-0.00988555
-0.00947191
-0.00942627
-0.00978735
-0.00938066
-0.00933513
-0.00968922
-0.00928965
-0.00924424
-0.0095912
-0.00919889
-0.00915363
-0.00949333
-0.00910844
-0.00906334
-0.00939563
-0.00901832
-0.00897341
-0.00929816
-0.00892858
-0.00888386
-0.00920095
-0.00883924
-0.00879474
-0.00910403
-0.00875035
-0.00870608
-0.00900745
-0.00866193
-0.00861792
-0.00891125
-0.00857402
-0.00853028
-0.00881545
-0.00848666
-0.0084432
-0.00872011
-0.00839988
-0.00835672
-0.00862524
-0.00831371
-0.00827087
-0.0085309
-0.00822818
-0.00818568
-0.00843712
-0.00814333
-0.00810118
-0.00834393
-0.0080592
-0.00801741
-0.00825137
-0.0079758
-0.0079344
-0.00815948
-0.00789318
-0.00785218
-0.00806829
-0.00781137
-0.00777078
-0.00797783
-0.0077304
-0.00769024
-0.00788814
-0.00765029
-0.00761058
-0.00779926
-0.00757108
-0.00753183
-0.00771121
-0.00749281
-0.00745403
-0.00762404
-0.00741548
-0.0073772
-0.00753777
-0.00733915
-0.00730137
-0.00745244
-0.00726383
-0.00722656
-0.00736808
-0.00718955
-0.00715282
-0.00728471
-0.00711635
-0.00708016
-0.00720238
-0.00704424
-0.00700861
-0.00712111
-0.00697325
-0.0069382
-0.00704093
-0.00690342
-0.00686895
-0.00696188
-0.00683476
-0.00680089
-0.00688398
-0.00676731
-0.00673404
-0.00680725
-0.00670108
-0.00666844
-0.00673174
-0.0066361
-0.00660409
-0.00665746
-0.00657239
-0.00654103
-0.00658445
-0.00650998
-0.00647927
-0.00651273
-0.00644889
-0.00641885
-0.00644232
-0.00638914
-0.00635977
-0.00637325
-0.00633074
-0.00630207
-0.00630555
-0.00627374
-0.00624576
-0.00623924
-0.00621813
-0.00619086
-0.00617435
-0.00616394
-0.0061374
-0.00611089
-0.0061112
-0.00608538
-0.00604889
-0.00605992
-0.00603483
-0.00598838
-0.00601011
-0.00598577
-0.00592937
-0.00596179
-0.0059382
-0.00587188
-0.00591499
-0.00589216
-0.00581594
-0.00586971
-0.00584765
-0.00576157
-0.00582597
-0.00580469
-0.00570877
-0.00578379
-0.00576329
-0.00565758
-0.00574318
-0.00572347
-0.00560801
-0.00570415
-0.00568524
-0.00556007
-0.00566672
-0.00564861
-0.00551379
-0.0056309
-0.0056136
-0.00546917
-0.0055967
-0.00558021
-0.00542624
-0.00556413
-0.00554846
-0.00538501
-0.0055332
-0.00551835
-0.00534549
-0.00550392
-0.0054899
-0.00530769
-0.0054763
-0.00546312
-0.00527163
-0.00545035
-0.005438
-0.00523732
-0.00542608
-0.00541457
-0.00520477
-0.00540349
-0.00539283
-0.005174
-0.00538259
-0.00537278
-0.005145
-0.00536339
-0.00535443
-0.00511779
-0.00534589
-0.00533778
-0.00509239
-0.0053301
-0.00532285
-0.00506879
-0.00531602
-0.00530962
-0.00504701
-0.00530366
-0.00529812
-0.00502704
-0.00529301
-0.00528833
-0.00500891
-0.00528408
-0.00528026
-0.00499261
-0.00527688
-0.00527392
-0.00497815
-0.0052714
-0.0052693
-0.00496553
-0.00526764
-0.00526641
-0.00495475
-0.00526561
-0.00526524
-0.00494582
-0.0052653
-0.00526579
-0.00493875
-0.00526672
-0.00526806
-0.00493353
-0.00526985
-0.00527206
-0.00493016
-0.00527471
-0.00527777
-0.00492865
-0.00528128
-0.0052852
-0.00492899
-0.00528956
-0.00529434
-0.00493118
-0.00529956
-0.00530519
-0.00493523
-0.00531126
-0.00531773
-0.00494113
-0.00532465
-0.00533198
-0.00494888
-0.00533975
-0.00534792
-0.00495847
-0.00535653
-0.00536554
-0.0049699
-0.00537499
-0.00538484
-0.00498317
-0.00539513
-0.00540581
-0.00499827
-0.00541694
-0.00542845
-0.00501519
-0.0054404
-0.00545274
-0.00503394
-0.00546552
-0.00547868
-0.0050545
-0.00549228
-0.00550625
-0.00507687
-0.00552067
-0.00553546
-0.00510104
-0.00555068
-0.00556627
-0.00512699
-0.0055823
-0.0055987
-0.00515473
-0.00561553
-0.00563272
-0.00518425
-0.00565034
-0.00566832
-0.00521552
-0.00568673
-0.0057055
-0.00524855
-0.00572469
-0.00574423
-0.00528332
-0.00576419
-0.00578451
-0.00531981
-0.00580524
-0.00582632
-0.00535803
-0.00584781
-0.00586964
-0.00539795
-0.00589189
-0.00591447
-0.00543956
-0.00593747
-0.00596079
-0.00598453
-0.00600834
-0.00603267
-0.00605713
-0.00608215
-0.00610734
-0.00613309
-0.00615902
-0.00618553
-0.00621221
-0.00623946
-0.0062669
-0.00629489
-0.00632308
-0.0063518
-0.00638072
-0.00641017
-0.00643982
-0.00646998
-0.00650034
-0.0065312
-0.00656226
-0.0065938
-0.00662555
-0.00665777
-0.00669019
-0.00672307
-0.00675615
-0.00678968
-0.00682341
-0.00685757
-0.00689193
-0.0069267
-0.00696168
-0.00699706
-0.00703263
-0.0070686
-0.00710476
-0.00714129
-0.00717802
-0.00721511
-0.00725239
-0.00729003
-0.00732784
-0.00736601
-0.00740433
-0.00744301
-0.00748183
-0.007521
-0.0075603
-0.00759996
-0.00763972
-0.00767983
-0.00772004
-0.0077606
-0.00780124
-0.00784222
-0.00788327
-0.00792466
-0.0079661
-0.00800789
-0.0080497
-0.00809186
-0.00813403
-0.00817654
-0.00821905
-0.00826191
-0.00830474
-0.00834791
-0.00839104
-0.00843452
-0.00847793
-0.00852169
-0.00856537
-0.0086094
-0.00865333
-0.0086976
-0.00825233
-0.00874175
-0.00878605
-0.00834542
-0.00883029
-0.00887472
-0.00843891
-0.00891912
-0.00896373
-0.0085329
-0.00900831
-0.00905309
-0.00862743
-0.00909786
-0.00914283
-0.0087225
-0.00918777
-0.00923292
-0.00881808
-0.00927802
-0.00932333
-0.00891416
-0.0093686
-0.00941406
-0.00901072
-0.00945946
-0.00950506
-0.00910771
-0.00955059
-0.00959631
-0.00920511
-0.00964196
-0.00968779
-0.00930289
-0.00973354
-0.00977946
-0.00940103
-0.0098253
-0.0098713
-0.00949948
-0.00991721
-0.00996328
-0.00959821
-0.0100092
-0.0100554
-0.00969721
-0.0101014
-0.0101475
-0.00979643
-0.0101936
-0.0102397
-0.00989583
-0.0102858
-0.010332
-0.0099954
-0.010378
-0.0104242
-0.0100951
-0.0104703
-0.0105164
-0.0101949
-0.0105624
-0.0106085
-0.0102947
-0.0106544
-0.0107005
-0.0103945
-0.0107464
-0.0107923
-0.0104943
-0.0108381
-0.010884
-0.0105941
-0.0109297
-0.0109755
-0.0106938
-0.011021
-0.0110667
-0.0107933
-0.0111121
-0.0111576
-0.0108927
-0.0112029
-0.0112483
-0.0109918
-0.0112934
-0.0113386
-0.0110908
-0.0113835
-0.0114285
-0.0111894
-0.0114732
-0.011518
-0.0112878
-0.0115625
-0.0116071
-0.0113858
-0.0116514
-0.0116957
-0.0114834
-0.0117397
-0.0117837
-0.0115805
-0.0118275
-0.0118712
-0.0116772
-0.0119147
-0.0119582
-0.0117734
-0.0120014
-0.0120445
-0.0118691
-0.0120874
-0.0121302
-0.0119641
-0.0121727
-0.0122151
-0.0120585
-0.0122573
-0.0122994
-0.0121523
-0.0123411
-0.0123828
-0.0122454
-0.0124242
-0.0124655
-0.0123377
-0.0125065
-0.0125473
-0.0124292
-0.0125879
-0.0126283
-0.0125199
-0.0126684
-0.0127084
-0.0126098
-0.012748
-0.0127875
-0.0126987
-0.0128266
-0.0128656
-0.0127867
-0.0129042
-0.0129427
-0.0128737
-0.0129808
-0.0130188
-0.0129596
-0.0130563
-0.0130937
-0.0130445
-0.0131307
-0.0131676
-0.0131283
-0.013204
-0.0132402
-0.013211
-0.0132761
-0.0133117
-0.0132924
-0.0133469
-0.0133819
-0.0133727
-0.0134165
-0.0134509
-0.0134516
-0.0134848
-0.0135185
-0.0135293
-0.0135518
-0.0135849
-0.0136056
-0.0136175
-0.0136498
-0.0136805
-0.0136817
-0.0137133
-0.013754
-0.0137445
-0.0137754
-0.0138261
-0.0138059
-0.013836
-0.0138966
-0.0138657
-0.0138951
-0.0139656
-0.013924
-0.0139527
-0.0140331
-0.0139808
-0.0140086
-0.0140989
-0.014036
-0.014063
-0.0141631
-0.0140895
-0.0141157
-0.0142255
-0.0141414
-0.0141667
-0.0142863
-0.0141916
-0.0142161
-0.0143453
-0.0142401
-0.0142637
-0.0144026
-0.0142868
-0.0143095
-0.014458
-0.0143317
-0.0143536
-0.0145115
-0.0143749
-0.0143958
-0.0145632
-0.0144162
-0.0144362
-0.014613
-0.0144556
-0.0144746
-0.0146608
-0.0144931
-0.0145112
-0.0147066
-0.0145288
-0.0145459
-0.0147504
-0.0145625
-0.0145786
-0.0147922
-0.0145942
-0.0146093
-0.014832
-0.0146239
-0.014638
-0.0148696
-0.0146516
-0.0146647
-0.0149051
-0.0146773
-0.0146894
-0.0149385
-0.0147009
-0.014712
-0.0149697
-0.0147225
-0.0147325
-0.0149987
-0.0147419
-0.0147509
-0.0150255
-0.0147592
-0.0147671
-0.01505
-0.0147744
-0.0147812
-0.0150724
-0.0147875
-0.0147932
-0.0150924
-0.0147983
-0.014803
-0.0151101
-0.014807
-0.0148106
-0.0151255
-0.0148135
-0.014816
-0.0151386
-0.0148178
-0.0148192
-0.0151494
-0.0148199
-0.0148201
-0.0151578
-0.0148197
-0.0148188
-0.0151638
-0.0148173
-0.0148153
-0.0151674
-0.0148127
-0.0148095
-0.0151687
-0.0148057
-0.0148014
-0.0151675
-0.0147966
-0.0147911
-0.0151639
-0.0147851
-0.0147785
-0.0151579
-0.0147714
-0.0147637
-0.0151495
-0.0147554
-0.0147465
-0.0151386
-0.0147371
-0.0147271
-0.0151253
-0.0147165
-0.0147054
-0.0151096
-0.0146936
-0.0146813
-0.0150914
-0.0146685
-0.0146551
-0.0150707
-0.014641
-0.0146265
-0.0150476
-0.0146113
-0.0145956
-0.0150221
-0.0145794
-0.0145625
-0.0149941
-0.0145451
-0.0145271
-0.0149637
-0.0145086
-0.0144895
-0.0149308
-0.0144698
-0.0144496
-0.0148955
-0.0144288
-0.0144075
-0.0148578
-0.0143855
-0.0143631
-0.0148177
-0.0143401
-0.0143165
-0.0147752
-0.0142924
-0.0142677
-0.0147303
-0.0142424
-0.0142167
-0.014683
-0.0141904
-0.0141635
-0.0146333
-0.0141361
-0.0141081
-0.0145813
-0.0140797
-0.0140506
-0.0145269
-0.0140211
-0.013991
-0.0144702
-0.0139604
-0.0139293
-0.0144112
-0.0138976
-0.0138654
-0.01435
-0.0138327
-0.0137995
-0.0142864
-0.0137658
-0.0137316
-0.0142206
-0.0136968
-0.0136616
-0.0141526
-0.0136258
-0.0135896
-0.0140824
-0.0135528
-0.0135156
-0.01401
-0.0134779
-0.0134397
-0.0139355
-0.013401
-0.0133618
-0.0138588
-0.0133222
-0.013282
-0.01378
-0.0132415
-0.0132004
-0.0136992
-0.0131589
-0.0131169
-0.0136163
-0.0130745
-0.0130317
-0.0135315
-0.0129884
-0.0129446
-0.0134446
-0.0129004
-0.0128558
-0.0133558
-0.0128108
-0.0127653
-0.0132651
-0.0127194
-0.0126731
-0.0131725
-0.0126264
-0.0125793
-0.013078
-0.0125318
-0.0124838
-0.0129818
-0.0124355
-0.0123868
-0.0128838
-0.0123378
-0.0122883
-0.012784
-0.0122385
-0.0121883
-0.0126826
-0.0121377
-0.0120868
-0.0125795
-0.0120355
-0.0119839
-0.0124748
-0.0119319
-0.0118796
-0.0123686
-0.011827
-0.011774
-0.0122608
-0.0117207
-0.0116671
-0.0121515
-0.0116132
-0.011559
-0.0120408
-0.0115045
-0.0114497
-0.0119287
-0.0113946
-0.0113392
-0.0118152
-0.0112835
-0.0112276
-0.0117005
-0.0111714
-0.0111149
-0.0115845
-0.0110582
-0.0110013
-0.0114673
-0.0109441
-0.0108866
-0.0113489
-0.0108289
-0.010771
-0.0112295
-0.0107129
-0.0106546
-0.0111089
-0.0105961
-0.0105373
-0.0109874
-0.0104784
-0.0104193
-0.0108649
-0.01036
-0.0103005
-0.0107415
-0.0102409
-0.0101811
-0.0106173
-0.0101212
-0.010061
-0.0104923
-0.0100008
-0.00994042
-0.0103665
-0.00987992
-0.00981928
-0.01024
-0.00975854
-0.00969767
-0.0101129
-0.00963672
-0.00957566
-0.00998528
-0.00951452
-0.00945328
-0.00985709
-0.00939199
-0.00933061
-0.00972844
-0.00926918
-0.00920768
-0.00959937
-0.00914615
-0.00908456
-0.00946996
-0.00902295
-0.00896129
-0.00934025
-0.00889964
-0.00883795
-0.0092103
-0.00877627
-0.00871457
-0.00908018
-0.0086529
-0.00859122
-0.00894993
-0.00852958
-0.00846795
-0.00881963
-0.00840638
-0.00834482
-0.00868932
-0.00828333
-0.00822189
-0.00855907
-0.00816052
-0.0080992
-0.00842893
-0.00803797
-0.00797682
-0.00829897
-0.00791577
-0.0078548
-0.00816923
-0.00779395
-0.0077332
-0.0080398
-0.00767258
-0.00761207
-0.00791071
-0.00755171
-0.00749147
-0.00778203
-0.0074314
-0.00737147
-0.00765383
-0.00731171
-0.0072521
-0.00752615
-0.00719268
-0.00713343
-0.00739907
-0.00707438
-0.00701551
-0.00727263
-0.00695686
-0.00689841
-0.00714689
-0.00684018
-0.00678216
-0.00702192
-0.00672439
-0.00666684
-0.00689777
-0.00660955
-0.00655249
-0.00677451
-0.0064957
-0.00643916
-0.00665218
-0.00638291
-0.00632691
-0.00653084
-0.00627122
-0.0062158
-0.00641056
-0.00616069
-0.00610587
-0.00629138
-0.00605138
-0.00599718
-0.00617337
-0.00594333
-0.00588978
-0.00605658
-0.00583659
-0.00578372
-0.00594106
-0.00573122
-0.00567905
-0.00582686
-0.00562726
-0.00557582
-0.00571405
-0.00552477
-0.00547408
-0.00560267
-0.00542379
-0.00537387
-0.00549277
-0.00532436
-0.00527524
-0.00538441
-0.00522655
-0.00517825
-0.00527764
-0.00513039
-0.00508293
-0.0051725
-0.00503592
-0.00498933
-0.00506905
-0.0049432
-0.0048975
-0.00496732
-0.00485226
-0.00480747
-0.00486738
-0.00476315
-0.00471928
-0.00476926
-0.00467591
-0.00463299
-0.004673
-0.00459058
-0.00454863
-0.00457866
-0.00450719
-0.00446623
-0.00448628
-0.00442579
-0.00438583
-0.00439589
-0.00434641
-0.00430748
-0.00430753
-0.00426909
-0.0042312
-0.00422126
-0.00419386
-0.00415703
-0.00413709
-0.00412075
-0.004085
-0.00405507
-0.00404981
-0.00401514
-0.00397524
-0.00398105
-0.00394748
-0.00389762
-0.0039145
-0.00388205
-0.00382226
-0.0038502
-0.00381889
-0.00374917
-0.00378817
-0.003758
-0.0036784
-0.00372844
-0.00369943
-0.00360997
-0.00367103
-0.00364318
-0.00354391
-0.00361596
-0.00358929
-0.00348023
-0.00356325
-0.00353777
-0.00341898
-0.00351292
-0.00348864
-0.00336016
-0.003465
-0.00344193
-0.00330381
-0.00341949
-0.00339763
-0.00324993
-0.00337642
-0.00335578
-0.00319855
-0.00333579
-0.00331638
-0.00314969
-0.00329762
-0.00327944
-0.00310336
-0.00326192
-0.00324498
-0.00305957
-0.00322869
-0.00321299
-0.00301834
-0.00319796
-0.0031835
-0.00297968
-0.00316971
-0.0031565
-0.00294359
-0.00314396
-0.003132
-0.00291008
-0.00312071
-0.00311
-0.00287916
-0.00309996
-0.0030905
-0.00285084
-0.00308171
-0.0030735
-0.00282512
-0.00306597
-0.00305901
-0.00280199
-0.00305272
-0.003047
-0.00278146
-0.00304196
-0.00303749
-0.00276353
-0.0030337
-0.00303047
-0.0027482
-0.00302791
-0.00302592
-0.00273546
-0.0030246
-0.00302384
-0.0027253
-0.00302375
-0.00302422
-0.00271772
-0.00302536
-0.00302705
-0.0027127
-0.00302941
-0.00303231
-0.00271025
-0.00303588
-0.00303999
-0.00271035
-0.00304477
-0.00305008
-0.00271298
-0.00305605
-0.00306255
-0.00271814
-0.00306971
-0.0030774
-0.00272581
-0.00308573
-0.00309459
-0.00273596
-0.0031041
-0.00311412
-0.00274859
-0.00312478
-0.00313595
-0.00276368
-0.00314776
-0.00316008
-0.0027812
-0.00317302
-0.00318646
-0.00280114
-0.00320053
-0.00321509
-0.00282347
-0.00323026
-0.00324593
-0.00284817
-0.0032622
-0.00327895
-0.00287521
-0.00329631
-0.00331414
-0.00333257
-0.00335132
-0.00337075
-0.00339053
-0.00341101
-0.00343184
-0.00345337
-0.00347526
-0.00349783
-0.00352076
-0.00354436
-0.00356831
-0.00359292
-0.00361787
-0.00364347
-0.0036694
-0.00369596
-0.00372284
-0.00375034
-0.00377816
-0.00380658
-0.00383531
-0.00386462
-0.00389424
-0.00392443
-0.00395491
-0.00398596
-0.00401728
-0.00404916
-0.00408131
-0.00411399
-0.00414694
-0.00418041
-0.00421414
-0.00424837
-0.00428285
-0.00431783
-0.00435305
-0.00438875
-0.00442468
-0.00446108
-0.0044977
-0.00453478
-0.00457208
-0.00460982
-0.00464776
-0.00468614
-0.00472471
-0.0047637
-0.00480289
-0.00484247
-0.00488225
-0.00492241
-0.00496275
-0.00500346
-0.00504435
-0.0050856
-0.00512702
-0.00516878
-0.0052107
-0.00525296
-0.00529537
-0.0053381
-0.00538098
-0.00542417
-0.00546748
-0.00551111
-0.00555486
-0.0055989
-0.00564305
-0.00568748
-0.00573203
-0.00577684
-0.00582175
-0.00586691
-0.00591217
-0.00595768
-0.00600327
-0.00604909
-0.00609499
-0.00614111
-0.0061873
-0.0062337
-0.00628017
-0.00632683
-0.00637355
-0.00642045
-0.0064674
-0.00651453
-0.0065617
-0.00660903
-0.00665639
-0.00670391
-0.00675145
-0.00679913
-0.00684684
-0.00689467
-0.00694252
-0.00699047
-0.00703845
-0.00708651
-0.00713459
-0.00718275
-0.00723092
-0.00727915
-0.00732739
-0.00737568
-0.00742397
-0.00747229
-0.00752061
-0.00756896
-0.0076173
-0.00766564
-0.00771398
-0.00776231
-0.00781063
-0.00785892
-0.0079072
-0.00795544
-0.00800367
-0.00805184
-0.00809999
-0.00814808
-0.00819614
-0.00824412
-0.00829208
-0.00833994
-0.00838777
-0.00799558
-0.00843548
-0.008483
-0.00809709
-0.00853046
-0.00857778
-0.0081983
-0.00862505
-0.00867218
-0.00829929
-0.00871927
-0.00876622
-0.00840007
-0.00881314
-0.00885991
-0.00850064
-0.00890664
-0.00895322
-0.00860098
-0.00899975
-0.00904612
-0.00870104
-0.00909242
-0.00913857
-0.0088008
-0.00918464
-0.00923054
-0.0089002
-0.00927635
-0.00932198
-0.00899922
-0.00936753
-0.00941288
-0.00909782
-0.00945813
-0.00950318
-0.00919595
-0.00954812
-0.00959285
-0.00929357
-0.00963746
-0.00968186
-0.00939065
-0.00972612
-0.00977017
-0.00948714
-0.00981406
-0.00985773
-0.00958301
-0.00990125
-0.00994452
-0.00967821
-0.00998764
-0.0100305
-0.0097727
-0.0100732
-0.0101156
-0.00986646
-0.0101579
-0.0101999
-0.00995943
-0.0102417
-0.0102832
-0.0100516
-0.0103246
-0.0103656
-0.0101429
-0.0104065
-0.010447
-0.0102333
-0.0104874
-0.0105274
-0.0103227
-0.0105672
-0.0106067
-0.0104112
-0.010646
-0.010685
-0.0104987
-0.0107237
-0.0107621
-0.0105852
-0.0108002
-0.0108381
-0.0106705
-0.0108756
-0.0109129
-0.0107548
-0.0109498
-0.0109865
-0.0108379
-0.0110228
-0.0110588
-0.0109198
-0.0110945
-0.0111299
-0.0110005
-0.0111649
-0.0111996
-0.0110799
-0.011234
-0.011268
-0.0111581
-0.0113018
-0.0113351
-0.0112349
-0.0113681
-0.0114008
-0.0113104
-0.0114331
-0.011465
-0.0113845
-0.0114966
-0.0115278
-0.0114572
-0.0115587
-0.0115892
-0.0115285
-0.0116193
-0.011649
-0.0115982
-0.0116784
-0.0117073
-0.0116665
-0.0117359
-0.0117641
-0.0117333
-0.0117919
-0.0118193
-0.0117984
-0.0118463
-0.0118729
-0.011862
-0.0118991
-0.0119248
-0.011924
-0.0119502
-0.0119752
-0.0119843
-0.0119997
-0.0120238
-0.012043
-0.0120475
-0.0120708
-0.0120999
-0.0120936
-0.0121161
-0.0121552
-0.0121381
-0.0121596
-0.0122087
-0.0121807
-0.0122014
-0.0122604
-0.0122216
-0.0122414
-0.0123104
-0.0122608
-0.0122797
-0.0123585
-0.0122981
-0.0123161
-0.0124048
-0.0123337
-0.0123508
-0.0124492
-0.0123674
-0.0123836
-0.0124918
-0.0123992
-0.0124145
-0.0125325
-0.0124293
-0.0124436
-0.0125713
-0.0124574
-0.0124708
-0.0126082
-0.0124837
-0.0124961
-0.0126431
-0.0125081
-0.0125196
-0.012676
-0.0125305
-0.0125411
-0.012707
-0.0125511
-0.0125607
-0.012736
-0.0125697
-0.0125783
-0.012763
-0.0125864
-0.0125941
-0.012788
-0.0126012
-0.0126078
-0.0128109
-0.012614
-0.0126196
-0.0128318
-0.0126248
-0.0126295
-0.0128507
-0.0126337
-0.0126374
-0.0128675
-0.0126405
-0.0126433
-0.0128822
-0.0126454
-0.0126472
-0.0128949
-0.0126484
-0.0126491
-0.0129054
-0.0126493
-0.012649
-0.0129139
-0.0126482
-0.012647
-0.0129203
-0.0126452
-0.0126429
-0.0129245
-0.0126401
-0.0126369
-0.0129267
-0.0126331
-0.0126289
-0.0129268
-0.0126241
-0.0126189
-0.0129247
-0.0126131
-0.0126069
-0.0129206
-0.0126001
-0.0125929
-0.0129143
-0.0125851
-0.0125769
-0.012906
-0.0125682
-0.012559
-0.0128955
-0.0125493
-0.0125391
-0.0128829
-0.0125284
-0.0125173
-0.0128683
-0.0125056
-0.0124935
-0.0128516
-0.0124809
-0.0124678
-0.0128327
-0.0124542
-0.0124401
-0.0128118
-0.0124256
-0.0124105
-0.0127889
-0.012395
-0.0123791
-0.0127639
-0.0123626
-0.0123457
-0.0127368
-0.0123283
-0.0123104
-0.0127077
-0.0122921
-0.0122733
-0.0126766
-0.0122541
-0.0122344
-0.0126435
-0.0122142
-0.0121936
-0.0126083
-0.0121725
-0.012151
-0.0125712
-0.012129
-0.0121066
-0.0125322
-0.0120837
-0.0120604
-0.0124911
-0.0120366
-0.0120124
-0.0124482
-0.0119878
-0.0119627
-0.0124033
-0.0119372
-0.0119113
-0.0123565
-0.0118849
-0.0118582
-0.0123079
-0.011831
-0.0118034
-0.0122573
-0.0117754
-0.011747
-0.012205
-0.0117181
-0.0116889
-0.0121508
-0.0116592
-0.0116292
-0.0120949
-0.0115987
-0.0115679
-0.0120372
-0.0115367
-0.0115051
-0.0119777
-0.0114731
-0.0114408
-0.0119165
-0.011408
-0.0113749
-0.0118536
-0.0113414
-0.0113076
-0.0117891
-0.0112734
-0.0112388
-0.0117229
-0.0112039
-0.0111686
-0.0116551
-0.011133
-0.011097
-0.0115858
-0.0110607
-0.0110241
-0.0115148
-0.0109871
-0.0109498
-0.0114424
-0.0109122
-0.0108743
-0.0113684
-0.010836
-0.0107974
-0.011293
-0.0107586
-0.0107194
-0.0112162
-0.0106799
-0.0106401
-0.011138
-0.0106
-0.0105597
-0.0110584
-0.0105191
-0.0104781
-0.0109774
-0.0104369
-0.0103955
-0.0108952
-0.0103538
-0.0103118
-0.0108117
-0.0102695
-0.010227
-0.010727
-0.0101843
-0.0101413
-0.0106411
-0.0100981
-0.0100546
-0.010554
-0.0100109
-0.00996699
-0.0104658
-0.00992286
-0.0098785
-0.0103766
-0.00983394
-0.00978917
-0.0102863
-0.0097442
-0.00969903
-0.010195
-0.00965367
-0.00960811
-0.0101027
-0.00956238
-0.00951647
-0.0100095
-0.00947039
-0.00942414
-0.00991537
-0.00937773
-0.00933115
-0.00982042
-0.00928443
-0.00923755
-0.00972466
-0.00919054
-0.00914338
-0.00962813
-0.00909609
-0.00904867
-0.00953088
-0.00900113
-0.00895347
-0.00943294
-0.0089057
-0.00885781
-0.00933435
-0.00880983
-0.00876174
-0.00923516
-0.00871357
-0.0086653
-0.00913541
-0.00861696
-0.00856853
-0.00903514
-0.00852004
-0.00847147
-0.00893439
-0.00842285
-0.00837416
-0.00883321
-0.00832543
-0.00827664
-0.00873164
-0.00822782
-0.00817895
-0.00862971
-0.00813007
-0.00808114
-0.00852749
-0.00803221
-0.00798325
-0.008425
-0.00793429
-0.00788532
-0.00832229
-0.00783635
-0.00778738
-0.00821941
-0.00773844
-0.00768949
-0.0081164
-0.00764058
-0.00759169
-0.00801331
-0.00754284
-0.00749401
-0.00791017
-0.00744524
-0.0073965
-0.00780704
-0.00734783
-0.0072992
-0.00770395
-0.00725065
-0.00720215
-0.00760095
-0.00715374
-0.0071054
-0.00749808
-0.00705715
-0.00700898
-0.0073954
-0.00696092
-0.00691294
-0.00729293
-0.00686508
-0.00681732
-0.00719074
-0.00676968
-0.00672216
-0.00708885
-0.00667477
-0.0066275
-0.00698732
-0.00658037
-0.00653338
-0.00688619
-0.00648654
-0.00643984
-0.0067855
-0.00639331
-0.00634693
-0.00668529
-0.00630073
-0.00625469
-0.00658562
-0.00620883
-0.00616315
-0.00648651
-0.00611766
-0.00607235
-0.00638803
-0.00602725
-0.00598233
-0.00629019
-0.00593764
-0.00589315
-0.00619306
-0.00584888
-0.00580482
-0.00609668
-0.005761
-0.00571739
-0.00600108
-0.00567404
-0.00563091
-0.0059063
-0.00558803
-0.0055454
-0.00581239
-0.00550303
-0.00546091
-0.00571939
-0.00541906
-0.00537747
-0.00562734
-0.00533616
-0.00529512
-0.00553628
-0.00525437
-0.00521389
-0.00544625
-0.00517372
-0.00513383
-0.00535728
-0.00509425
-0.00505496
-0.00526943
-0.00501599
-0.00497733
-0.00518272
-0.00493899
-0.00490096
-0.00509719
-0.00486327
-0.00482589
-0.00501289
-0.00478886
-0.00475216
-0.00492984
-0.00471581
-0.00467979
-0.0048481
-0.00464413
-0.00460882
-0.00476768
-0.00457388
-0.00453929
-0.00468862
-0.00450506
-0.00447121
-0.00461097
-0.00443773
-0.00440462
-0.00453476
-0.0043719
-0.00433955
-0.00446001
-0.0043076
-0.00427604
-0.00438677
-0.00424487
-0.0042141
-0.00431506
-0.00418373
-0.00415377
-0.00424491
-0.00412421
-0.00409507
-0.00417636
-0.00406634
-0.00403803
-0.00410944
-0.00401013
-0.00398267
-0.00404417
-0.00395563
-0.00392902
-0.00398059
-0.00390284
-0.00387711
-0.00391871
-0.0038518
-0.00382694
-0.00385858
-0.00380252
-0.00377856
-0.00380021
-0.00375504
-0.00375303
-0.00375913
-0.0037523
-0.00375433
-0.00374121
-0.00370912
-0.00371578
-0.00368585
-0.00366314
-0.0036598
-0.00364108
-0.00361948
-0.00360614
-0.00359844
-0.00357782
-0.00355449
-0.00355773
-0.00353807
-0.00350475
-0.00351893
-0.00350023
-0.00345694
-0.00348205
-0.00346431
-0.00341107
-0.00344711
-0.00343035
-0.00336719
-0.00341414
-0.00339838
-0.0033253
-0.00338317
-0.0033684
-0.00328513
-0.0033529
-0.00333817
-0.00324533
-0.003324
-0.00331053
-0.00320789
-0.00329752
-0.00328496
-0.00317257
-0.00327291
-0.00326139
-0.00313928
-0.00325035
-0.00323984
-0.00310806
-0.00322983
-0.00322034
-0.00307894
-0.00321137
-0.00320294
-0.00305197
-0.0030664
-0.00305091
-0.00317998
-0.00318808
-0.00302763
-0.00318127
-0.00317494
-0.00300505
-0.00316921
-0.00316396
-0.0029847
-0.00315931
-0.00315515
-0.00296659
-0.00315159
-0.00314851
-0.00295073
-0.00314604
-0.00314405
-0.00293713
-0.00314267
-0.00314177
-0.00292579
-0.00314148
-0.00314167
-0.00291671
-0.00314247
-0.00314374
-0.0029099
-0.00314563
-0.00314799
-0.00290535
-0.00315095
-0.0031544
-0.00290307
-0.00315844
-0.00316297
-0.00290304
-0.00316809
-0.00317369
-0.00290528
-0.00317988
-0.00318656
-0.00290976
-0.00319382
-0.00320156
-0.00291649
-0.00320989
-0.00321869
-0.00292546
-0.00322808
-0.00323793
-0.00293667
-0.00324837
-0.00325928
-0.0029501
-0.00327077
-0.00328272
-0.00296574
-0.00329525
-0.00330824
-0.00298359
-0.00332181
-0.00333583
-0.00300364
-0.00335042
-0.00336546
-0.00302586
-0.00338107
-0.00339713
-0.00305026
-0.00341375
-0.00343082
-0.00307682
-0.00344844
-0.00346651
-0.00310552
-0.00348513
-0.00350418
-0.00313635
-0.00352379
-0.00354382
-0.00316929
-0.0035644
-0.00358541
-0.00320433
-0.00360695
-0.00362893
-0.00324144
-0.00365143
-0.00367435
-0.00328062
-0.00369779
-0.00372166
-0.00332185
-0.00374604
-0.00377083
-0.0033651
-0.00379614
-0.00382185
-0.00341035
-0.00384807
-0.00387469
-0.00345759
-0.0039018
-0.00392932
-0.0035068
-0.00395733
-0.00398573
-0.00355794
-0.00401461
-0.00404389
-0.00361101
-0.00407364
-0.00410377
-0.00366598
-0.00413437
-0.00416535
-0.00372282
-0.00419679
-0.00422861
-0.0037815
-0.00426087
-0.00429351
-0.00384202
-0.00432659
-0.00436003
-0.00390434
-0.00439391
-0.00442815
-0.00396843
-0.00446281
-0.00449783
-0.00403427
-0.00453327
-0.00456905
-0.00410184
-0.00460525
-0.00464178
-0.0041711
-0.00467872
-0.004716
-0.00424204
-0.00475367
-0.00479166
-0.00431462
-0.00483005
-0.00486875
-0.00438881
-0.00490784
-0.00494724
-0.00498701
-0.00502709
-0.00506755
-0.00510828
-0.00514938
-0.00519076
-0.00523248
-0.00527448
-0.00531683
-0.00535944
-0.00540239
-0.0054456
-0.00548914
-0.00553294
-0.00557707
-0.00562145
-0.00566614
-0.00571108
-0.00575633
-0.00580181
-0.0058476
-0.00589362
-0.00593993
-0.00598646
-0.00603327
-0.00608031
-0.00602556
-0.00572093
-0.00617566
-0.00622373
-0.0062719
-0.00632027
-0.00636879
-0.00641754
-0.00646647
-0.00651561
-0.00656494
-0.00661448
-0.0066642
-0.00671412
-0.00676421
-0.0068145
-0.00686496
-0.0069156
-0.0069664
-0.00701737
-0.00706849
-0.00711978
-0.00717121
-0.0072228
-0.00727452
-0.00732638
-0.00737838
-0.00689467
-0.0074305
-0.00748274
-0.00700166
-0.00753509
-0.00758756
-0.0071093
-0.00764012
-0.00769279
-0.00721754
-0.00774555
-0.0077984
-0.00732636
-0.00785134
-0.00790438
-0.00743572
-0.00795749
-0.00801068
-0.00754561
-0.00806395
-0.0081173
-0.00765599
-0.00817071
-0.0082242
-0.00776683
-0.00827774
-0.00833134
-0.00787811
-0.008385
-0.00843871
-0.00798979
-0.00849246
-0.00854627
-0.00810184
-0.0086001
-0.00865398
-0.00821422
-0.00870788
-0.00876182
-0.00832691
-0.00881577
-0.00886975
-0.00843986
-0.00892374
-0.00897775
-0.00855304
-0.00903175
-0.00908577
-0.00866643
-0.00913978
-0.00919379
-0.00877998
-0.00924779
-0.00930178
-0.00889366
-0.00935575
-0.0094097
-0.00900744
-0.00946362
-0.00951752
-0.00912128
-0.00957138
-0.00962521
-0.00923515
-0.00967899
-0.00973274
-0.00934901
-0.00978643
-0.00984007
-0.00946283
-0.00989365
-0.00994718
-0.00957658
-0.0100006
-0.010054
-0.00969022
-0.0101073
-0.0101606
-0.00980371
-0.0102138
-0.0102668
-0.00991703
-0.0103198
-0.0103727
-0.0100301
-0.0104255
-0.0104782
-0.010143
-0.0105308
-0.0105833
-0.0102556
-0.0106357
-0.010688
-0.0103678
-0.0107401
-0.0107922
-0.0104798
-0.0108441
-0.0108958
-0.0105913
-0.0109475
-0.010999
-0.0107024
-0.0110503
-0.0111016
-0.0108131
-0.0111526
-0.0112035
-0.0109233
-0.0112543
-0.0113049
-0.011033
-0.0113553
-0.0114056
-0.0111421
-0.0114557
-0.0115056
-0.0112507
-0.0115553
-0.0116048
-0.0113586
-0.0116542
-0.0117034
-0.0114659
-0.0117524
-0.0118012
-0.0115725
-0.0118497
-0.0118981
-0.0116784
-0.0119463
-0.0119942
-0.0117836
-0.012042
-0.0120895
-0.011888
-0.0121368
-0.0121839
-0.0119915
-0.0122307
-0.0122773
-0.0120942
-0.0123237
-0.0123698
-0.0121961
-0.0124157
-0.0124613
-0.012297
-0.0125067
-0.0125518
-0.012397
-0.0125967
-0.0126413
-0.012496
-0.0126856
-0.0127297
-0.012594
-0.0127735
-0.012817
-0.012691
-0.0128603
-0.0129032
-0.0127869
-0.0129459
-0.0129883
-0.0128817
-0.0130304
-0.0130722
-0.0129754
-0.0131137
-0.0131549
-0.0130679
-0.0131958
-0.0132364
-0.0131592
-0.0132766
-0.0133166
-0.0132493
-0.0133562
-0.0133955
-0.0133382
-0.0134345
-0.0134731
-0.0134257
-0.0135114
-0.0135493
-0.0135119
-0.013587
-0.0136242
-0.0135968
-0.0136612
-0.0136977
-0.0136803
-0.0137339
-0.0137698
-0.0137623
-0.0138053
-0.0138404
-0.0138429
-0.0138751
-0.0139095
-0.013922
-0.0139435
-0.0139771
-0.0139997
-0.0140104
-0.0140432
-0.0140757
-0.0140757
-0.0141077
-0.0141503
-0.0141394
-0.0141707
-0.0142232
-0.0142016
-0.0142321
-0.0142945
-0.0142622
-0.0142918
-0.0143641
-0.0143211
-0.0143499
-0.0144321
-0.0143784
-0.0144064
-0.0144984
-0.014434
-0.0144611
-0.014563
-0.0144879
-0.0145142
-0.0146258
-0.0145401
-0.0145655
-0.0146868
-0.0145905
-0.0146151
-0.0147461
-0.0146392
-0.0146629
-0.0148035
-0.0146861
-0.0147089
-0.0148591
-0.0147312
-0.0147531
-0.0149128
-0.0147746
-0.0147955
-0.0149647
-0.014816
-0.0148361
-0.0150146
-0.0148557
-0.0148748
-0.0150626
-0.0148935
-0.0149117
-0.0151087
-0.0149294
-0.0149466
-0.0151528
-0.0149634
-0.0149797
-0.015195
-0.0149955
-0.0150109
-0.0152351
-0.0150257
-0.0150401
-0.0152733
-0.015054
-0.0150674
-0.0153094
-0.0150803
-0.0150928
-0.0153434
-0.0151047
-0.0151162
-0.0153754
-0.0151272
-0.0151376
-0.0154054
-0.0151476
-0.0151571
-0.0154332
-0.0151661
-0.0151746
-0.015459
-0.0151826
-0.01519
-0.0154826
-0.015197
-0.0152035
-0.0155042
-0.0152095
-0.015215
-0.0155236
-0.01522
-0.0152245
-0.0155408
-0.0152284
-0.0152319
-0.015556
-0.0152349
-0.0152361
-0.0155677
-0.0152369
-0.0152365
-0.0155754
-0.0152353
-0.0152338
-0.0155801
-0.0152673
-0.0155816
-0.0155461
-0.0152296
-0.015583
-0.0152275
-0.0152253
-0.0155857
-0.015223
-0.0152206
-0.0155879
-0.015218
-0.015215
-0.015589
-0.0152118
-0.0152082
-0.0155888
-0.0152043
-0.0151999
-0.0155869
-0.0151951
-0.0151899
-0.0155831
-0.0151842
-0.015178
-0.0155773
-0.0151714
-0.0151642
-0.0155694
-0.0151566
-0.0151484
-0.0155594
-0.0151397
-0.0151305
-0.0155472
-0.0151209
-0.0151106
-0.0155327
-0.0150999
-0.0150887
-0.015516
-0.015077
-0.0150647
-0.0154971
-0.0150519
-0.0150386
-0.015476
-0.0150248
-0.0150105
-0.0154526
-0.0149957
-0.0149803
-0.0154271
-0.0149645
-0.0149482
-0.0153993
-0.0149314
-0.014914
-0.0153694
-0.0148962
-0.0148779
-0.0153373
-0.0148591
-0.0148398
-0.015303
-0.01482
-0.0147997
-0.0152667
-0.014779
-0.0147578
-0.0152282
-0.0147361
-0.014714
-0.0151877
-0.0146914
-0.0146682
-0.0151451
-0.0146447
-0.0146207
-0.0151004
-0.0145963
-0.0145713
-0.0150538
-0.014546
-0.0145202
-0.0150052
-0.014494
-0.0144673
-0.0149546
-0.0144402
-0.0144126
-0.0149021
-0.0143847
-0.0143563
-0.0148477
-0.0143275
-0.0142983
-0.0147914
-0.0142687
-0.0142387
-0.0147333
-0.0142083
-0.0141774
-0.0146734
-0.0141462
-0.0141146
-0.0146118
-0.0140826
-0.0140502
-0.0145483
-0.0140174
-0.0139843
-0.0144832
-0.0139508
-0.0139169
-0.0144164
-0.0138827
-0.0138481
-0.0143479
-0.0138132
-0.0137779
-0.0142778
-0.0137423
-0.0137063
-0.0142062
-0.01367
-0.0136333
-0.014133
-0.0135964
-0.0135591
-0.0140583
-0.0135215
-0.0134836
-0.0139822
-0.0134454
-0.0134068
-0.0139046
-0.013368
-0.0133289
-0.0138256
-0.0132895
-0.0132498
-0.0137453
-0.0132098
-0.0131696
-0.0136636
-0.0131291
-0.0130883
-0.0135807
-0.0130473
-0.0130059
-0.0134965
-0.0129644
-0.0129226
-0.0134111
-0.0128806
-0.0128383
-0.0133246
-0.0127958
-0.0127531
-0.013237
-0.0127101
-0.0126669
-0.0131482
-0.0126236
-0.01258
-0.0130585
-0.0125362
-0.0124922
-0.0129677
-0.0124481
-0.0124037
-0.012876
-0.0123592
-0.0123144
-0.0127833
-0.0122695
-0.0122245
-0.0126898
-0.0121793
-0.0121339
-0.0125955
-0.0120884
-0.0120427
-0.0125004
-0.0119969
-0.0119509
-0.0124045
-0.0119049
-0.0118586
-0.0123079
-0.0118123
-0.0117658
-0.0122106
-0.0117193
-0.0116726
-0.0121128
-0.0116259
-0.011579
-0.0120143
-0.0115321
-0.011485
-0.0119153
-0.0114379
-0.0113907
-0.0118158
-0.0113435
-0.0112961
-0.0117159
-0.0112488
-0.0112013
-0.0116156
-0.0111538
-0.0111063
-0.0115148
-0.0110587
-0.0110111
-0.0114138
-0.0109634
-0.0109157
-0.0113125
-0.0108681
-0.0108203
-0.0112109
-0.0107726
-0.0107249
-0.0111091
-0.0106772
-0.0106294
-0.0110072
-0.0105817
-0.010534
-0.0109051
-0.0104863
-0.0104386
-0.010803
-0.010391
-0.0103434
-0.0107008
-0.0102959
-0.0102483
-0.0105987
-0.0102008
-0.0101534
-0.0104966
-0.0101061
-0.0100587
-0.0103946
-0.0100115
-0.0099643
-0.0102927
-0.00991722
-0.00987018
-0.0101909
-0.00982326
-0.00977639
-0.0100894
-0.00972966
-0.00968298
-0.00998814
-0.00963644
-0.00958997
-0.00988715
-0.00954365
-0.0094974
-0.00978649
-0.00945132
-0.00940532
-0.00968619
-0.00935949
-0.00931374
-0.00958629
-0.00926818
-0.00922272
-0.00948682
-0.00917744
-0.00913227
-0.00938783
-0.0090873
-0.00904245
-0.00928936
-0.00899779
-0.00895326
-0.00919144
-0.00890895
-0.00886476
-0.0090941
-0.0088208
-0.00877698
-0.00899738
-0.00873338
-0.00868994
-0.00890132
-0.00864672
-0.00860367
-0.00880595
-0.00856086
-0.00851822
-0.00871131
-0.00847582
-0.0084336
-0.00861743
-0.00839163
-0.00834985
-0.00852435
-0.00830833
-0.008267
-0.00843209
-0.00822594
-0.00818508
-0.0083407
-0.00814449
-0.00810411
-0.00825019
-0.00806401
-0.00802413
-0.00816062
-0.00798453
-0.00794515
-0.008072
-0.00790607
-0.00786722
-0.00798437
-0.00782866
-0.00779035
-0.00789775
-0.00775234
-0.00771457
-0.00781219
-0.00767711
-0.00763991
-0.0077277
-0.00760302
-0.00756639
-0.00764432
-0.00753008
-0.00749404
-0.00756208
-0.00745832
-0.00742288
-0.007481
-0.00738776
-0.00735293
-0.00740111
-0.00731843
-0.00728422
-0.00732243
-0.00725035
-0.00721677
-0.00724501
-0.00718354
-0.0071506
-0.00716885
-0.00711802
-0.00708574
-0.00709399
-0.00705381
-0.00702219
-0.00702044
-0.00699094
-0.00696
-0.00694825
-0.00692942
-0.00689916
-0.00687742
-0.00686927
-0.00683971
-0.00680798
-0.00681052
-0.00678166
-0.00673996
-0.00675318
-0.00672504
-0.00667338
-0.00669727
-0.00666985
-0.00660826
-0.0066428
-0.00661611
-0.00654461
-0.0065898
-0.00656385
-0.00648247
-0.00653828
-0.00651308
-0.00642184
-0.00648826
-0.0064638
-0.00636276
-0.00643974
-0.00641605
-0.00630523
-0.00639276
-0.00636983
-0.00624929
-0.00634731
-0.00632516
-0.00619493
-0.00630341
-0.00628205
-0.00614219
-0.00626109
-0.00624051
-0.00609108
-0.00622034
-0.00620056
-0.00604162
-0.00618119
-0.00616221
-0.00599382
-0.00614363
-0.00612546
-0.00594769
-0.0061077
-0.00609033
-0.00590325
-0.00607338
-0.00605683
-0.00586051
-0.00604069
-0.00602496
-0.00581948
-0.00600964
-0.00599472
-0.00578018
-0.00598023
-0.00596614
-0.0057426
-0.00595247
-0.00593921
-0.00570677
-0.00592637
-0.00591395
-0.0056727
-0.00590195
-0.00589036
-0.00564041
-0.0058792
-0.00586846
-0.0056099
-0.00585815
-0.00584826
-0.00558119
-0.00583879
-0.00582976
-0.00555429
-0.00582115
-0.00581297
-0.00552921
-0.00580522
-0.00579789
-0.00550596
-0.00579101
-0.00578455
-0.00548455
-0.00577852
-0.00577293
-0.005465
-0.00576777
-0.00576305
-0.0054473
-0.00575876
-0.00575491
-0.00543147
-0.00575149
-0.00574851
-0.00541752
-0.00574597
-0.00574387
-0.00540544
-0.0057422
-0.00574097
-0.00539525
-0.00574017
-0.00573982
-0.00538694
-0.0057399
-0.00574042
-0.00538053
-0.00574138
-0.00574278
-0.00537602
-0.00574461
-0.00574689
-0.00537341
-0.0057496
-0.00575274
-0.00537269
-0.00575633
-0.00576035
-0.00537388
-0.00576481
-0.00576971
-0.00537697
-0.00577504
-0.00578081
-0.00538195
-0.005787
-0.00579364
-0.00538884
-0.00580071
-0.00580822
-0.00539763
-0.00581615
-0.00582452
-0.00540831
-0.00583332
-0.00584255
-0.00542088
-0.00585221
-0.0058623
-0.00543534
-0.00587281
-0.00588375
-0.00545168
-0.00589512
-0.00590692
-0.00546989
-0.00591913
-0.00593177
-0.00548998
-0.00594483
-0.00595832
-0.00551193
-0.00597221
-0.00598654
-0.00553574
-0.00600127
-0.00601643
-0.00556139
-0.00603199
-0.00604797
-0.00558888
-0.00606436
-0.00608116
-0.0056182
-0.00609836
-0.00611598
-0.00564934
-0.006134
-0.00615243
-0.00617125
-0.00619056
-0.00621023
-0.00623038
-0.00625086
-0.00627178
-0.00629303
-0.00631471
-0.00633671
-0.00635912
-0.00638186
-0.00640499
-0.00642845
-0.0064523
-0.00647648
-0.00650104
-0.00652592
-0.00655118
-0.00657677
-0.00660274
-0.00662903
-0.0066557
-0.00668269
-0.00671005
-0.00673774
-0.00640007
-0.00624856
-0.00661507
-0.0067967
-0.00682707
-0.00685804
-0.00688959
-0.00692124
-0.00695284
-0.00698434
-0.00701568
-0.00704695
-0.00707813
-0.00710932
-0.00714053
-0.00717183
-0.00720324
-0.00723482
-0.00726657
-0.00729854
-0.00733074
-0.00736318
-0.00739589
-0.00742887
-0.00746213
-0.00749568
-0.00752952
-0.00756366
-0.0075981
-0.00763284
-0.00766788
-0.00770322
-0.00773886
-0.00777479
-0.00781103
-0.00784755
-0.00788436
-0.00792147
-0.00795885
-0.00799652
-0.00803446
-0.00807267
-0.00811115
-0.0081499
-0.0081889
-0.00822816
-0.00826766
-0.00830743
-0.00834742
-0.00838766
-0.00842811
-0.00846881
-0.00850972
-0.00855086
-0.00859219
-0.00863375
-0.00867549
-0.00871745
-0.00875957
-0.00880191
-0.0088444
-0.00888709
-0.00892993
-0.00897296
-0.00901612
-0.00905946
-0.00910292
-0.00914656
-0.0091903
-0.0087701
-0.00923421
-0.00927829
-0.00886359
-0.00932249
-0.00936684
-0.00895781
-0.00941129
-0.00945586
-0.00905267
-0.00950052
-0.00954529
-0.00914808
-0.00959012
-0.00963503
-0.00924398
-0.00967999
-0.00972502
-0.00934028
-0.00977009
-0.00981521
-0.00943693
-0.00986035
-0.00990553
-0.00953386
-0.00995072
-0.00999595
-0.00963104
-0.0100412
-0.0100864
-0.00972841
-0.0101316
-0.0101769
-0.00982594
-0.0102221
-0.0102673
-0.00992358
-0.0103125
-0.0103577
-0.0100213
-0.0104029
-0.010448
-0.010119
-0.0104931
-0.0105382
-0.0102168
-0.0105832
-0.0106281
-0.0103145
-0.0106731
-0.0107179
-0.0104121
-0.0107627
-0.0108075
-0.0105097
-0.0108522
-0.0108968
-0.010607
-0.0109413
-0.0109858
-0.0107042
-0.0110301
-0.0110744
-0.0108012
-0.0111186
-0.0111627
-0.0108979
-0.0112067
-0.0112506
-0.0109944
-0.0112944
-0.0113381
-0.0110905
-0.0113816
-0.0114251
-0.0111862
-0.0114684
-0.0115116
-0.0112816
-0.0115547
-0.0115976
-0.0113765
-0.0116404
-0.0116831
-0.011471
-0.0117256
-0.0117679
-0.0115649
-0.0118101
-0.0118522
-0.0116583
-0.011894
-0.0119357
-0.0117512
-0.0119773
-0.0120187
-0.0118434
-0.0120598
-0.0121009
-0.011935
-0.0121417
-0.0121823
-0.0120259
-0.0122227
-0.012263
-0.0121161
-0.012303
-0.0123429
-0.0122056
-0.0123825
-0.0124219
-0.0122943
-0.0124611
-0.0125001
-0.0123821
-0.0125388
-0.0125773
-0.0124692
-0.0126156
-0.0126537
-0.0125553
-0.0126915
-0.0127291
-0.0126405
-0.0127664
-0.0128035
-0.0127247
-0.0128403
-0.0128768
-0.012808
-0.0129131
-0.0129491
-0.0128902
-0.0129849
-0.0130204
-0.0129714
-0.0130556
-0.0130905
-0.0130515
-0.0131251
-0.0131595
-0.0131304
-0.0131935
-0.0132273
-0.0132082
-0.0132607
-0.0132939
-0.0132848
-0.0133267
-0.0133593
-0.0133602
-0.0133915
-0.0134234
-0.0134343
-0.0134549
-0.0134862
-0.0135071
-0.0135171
-0.0135477
-0.0135786
-0.0135779
-0.0136079
-0.0136488
-0.0136374
-0.0136666
-0.0137175
-0.0136955
-0.013724
-0.0137848
-0.0137521
-0.0137799
-0.0138506
-0.0138073
-0.0138344
-0.013915
-0.0138611
-0.0138874
-0.0139778
-0.0139133
-0.0139389
-0.0140391
-0.013964
-0.0139888
-0.0140988
-0.0140131
-0.0140371
-0.0141569
-0.0140607
-0.0140839
-0.0142133
-0.0141066
-0.014129
-0.0142681
-0.0141509
-0.0141725
-0.0143211
-0.0141936
-0.0142143
-0.0143724
-0.0142345
-0.0142544
-0.014422
-0.0142738
-0.0142927
-0.0144698
-0.0143113
-0.0143294
-0.0145157
-0.014347
-0.0143642
-0.0145598
-0.014381
-0.0143973
-0.014602
-0.0144131
-0.0144285
-0.0146423
-0.0144434
-0.0144579
-0.0146807
-0.0144719
-0.0144854
-0.0147171
-0.0144985
-0.014511
-0.0147516
-0.0145231
-0.0145348
-0.014784
-0.0145459
-0.0145566
-0.0148145
-0.0145668
-0.0145765
-0.0148428
-0.0145856
-0.0145944
-0.0148692
-0.0146026
-0.0146103
-0.0148934
-0.0146175
-0.0146242
-0.0149155
-0.0146304
-0.0146361
-0.0149354
-0.0146413
-0.014646
-0.0149533
-0.0146501
-0.0146538
-0.0149689
-0.0146569
-0.0146596
-0.0149824
-0.0146616
-0.0146632
-0.0149936
-0.0146643
-0.0146648
-0.0150027
-0.0146648
-0.0146643
-0.0150095
-0.0146633
-0.0146617
-0.015014
-0.0146596
-0.014657
-0.0150163
-0.0146538
-0.0146501
-0.0150163
-0.0146459
-0.0146411
-0.015014
-0.0146358
-0.0146299
-0.0150094
-0.0146235
-0.0146166
-0.0150026
-0.0146091
-0.0146011
-0.0149934
-0.0145926
-0.0145835
-0.0149818
-0.0145738
-0.0145637
-0.014968
-0.0145529
-0.0145417
-0.0149518
-0.0145298
-0.0145175
-0.0149332
-0.0145046
-0.0144911
-0.0149124
-0.0144771
-0.0144626
-0.0148891
-0.0144475
-0.0144319
-0.0148636
-0.0144157
-0.014399
-0.0148356
-0.0143818
-0.014364
-0.0148054
-0.0143456
-0.0143267
-0.0147728
-0.0143073
-0.0142874
-0.0147378
-0.0142669
-0.0142458
-0.0147005
-0.0142242
-0.0142021
-0.0146609
-0.0141795
-0.0141563
-0.0146189
-0.0141326
-0.0141083
-0.0145747
-0.0140835
-0.0140582
-0.0145281
-0.0140324
-0.014006
-0.0144792
-0.0139791
-0.0139517
-0.014428
-0.0139238
-0.0138953
-0.0143746
-0.0138663
-0.0138369
-0.0143189
-0.0138069
-0.0137763
-0.0142609
-0.0137453
-0.0137138
-0.0142007
-0.0136817
-0.0136492
-0.0141383
-0.0136162
-0.0135826
-0.0140737
-0.0135486
-0.0135141
-0.0140069
-0.0134791
-0.0134436
-0.013938
-0.0134076
-0.0133711
-0.0138669
-0.0133342
-0.0132967
-0.0137938
-0.0132588
-0.0132205
-0.0137185
-0.0131816
-0.0131423
-0.0136411
-0.0131026
-0.0130624
-0.0135618
-0.0130217
-0.0129806
-0.0134804
-0.012939
-0.012897
-0.013397
-0.0128546
-0.0128117
-0.0133117
-0.0127684
-0.0127247
-0.0132244
-0.0126805
-0.012636
-0.0131353
-0.012591
-0.0125456
-0.0130443
-0.0124998
-0.0124536
-0.0129515
-0.012407
-0.01236
-0.0128569
-0.0123126
-0.0122648
-0.0127605
-0.0122167
-0.0121682
-0.0126624
-0.0121193
-0.01207
-0.0125627
-0.0120204
-0.0119704
-0.0124613
-0.0119201
-0.0118694
-0.0123583
-0.0118184
-0.0117671
-0.0122537
-0.0117154
-0.0116634
-0.0121477
-0.0116111
-0.0115584
-0.0120401
-0.0115055
-0.0114522
-0.0119312
-0.0113987
-0.0113448
-0.0118208
-0.0112907
-0.0112363
-0.0117091
-0.0111816
-0.0111267
-0.0115961
-0.0110714
-0.011016
-0.0114819
-0.0109602
-0.0109042
-0.0113665
-0.010848
-0.0107916
-0.0112499
-0.0107349
-0.010678
-0.0111322
-0.0106208
-0.0105635
-0.0110135
-0.0105059
-0.0104482
-0.0108937
-0.0103903
-0.0103322
-0.010773
-0.0102739
-0.0102154
-0.0106515
-0.0101567
-0.0100979
-0.010529
-0.010039
-0.00997989
-0.0104058
-0.00992064
-0.00986126
-0.0102819
-0.00980175
-0.00974213
-0.0101573
-0.00968238
-0.00962254
-0.010032
-0.00956258
-0.00950254
-0.0099062
-0.0094424
-0.00938219
-0.00977987
-0.00932189
-0.00926154
-0.00965308
-0.00920111
-0.00914065
-0.00952589
-0.00908012
-0.00901957
-0.00939836
-0.00895897
-0.00889835
-0.00927055
-0.00883771
-0.00877706
-0.0091425
-0.0087164
-0.00865575
-0.00901429
-0.00859509
-0.00853447
-0.00888597
-0.00847385
-0.00841327
-0.0087576
-0.00835272
-0.00829223
-0.00862923
-0.00823177
-0.00817138
-0.00850093
-0.00811104
-0.00805079
-0.00837276
-0.00799061
-0.00793052
-0.00824477
-0.00787051
-0.00781061
-0.00811702
-0.00775081
-0.00769113
-0.00798958
-0.00763156
-0.00757213
-0.0078625
-0.00751282
-0.00745367
-0.00773584
-0.00739465
-0.0073358
-0.00760966
-0.0072771
-0.00721858
-0.00748402
-0.00716023
-0.00710207
-0.00735898
-0.00704408
-0.00698631
-0.00723459
-0.00692872
-0.00687137
-0.00711092
-0.00681421
-0.00675729
-0.00698802
-0.00670059
-0.00664414
-0.00686595
-0.00658791
-0.00653196
-0.00674476
-0.00647624
-0.00642081
-0.00662452
-0.00636562
-0.00631074
-0.00650528
-0.00625611
-0.0062018
-0.00638709
-0.00614776
-0.00609405
-0.00627002
-0.00604062
-0.00598753
-0.00615411
-0.00593474
-0.0058823
-0.00603941
-0.00583018
-0.00577841
-0.005926
-0.00572697
-0.0056759
-0.0058139
-0.00562517
-0.00557482
-0.00570319
-0.00552483
-0.00547523
-0.0055939
-0.00542599
-0.00537715
-0.00548609
-0.0053287
-0.00528066
-0.00537981
-0.005233
-0.00518578
-0.00527511
-0.00513895
-0.00509256
-0.00517204
-0.00504657
-0.00500104
-0.00507064
-0.00495593
-0.00491127
-0.00497095
-0.00486705
-0.00482329
-0.00487303
-0.00477997
-0.00473714
-0.00477692
-0.00469475
-0.00465285
-0.00468266
-0.00461141
-0.00457047
-0.00459029
-0.00452999
-0.00449003
-0.00449985
-0.00445054
-0.00441157
-0.00441139
-0.00437307
-0.00433511
-0.00432494
-0.00429764
-0.0042607
-0.00424053
-0.00422426
-0.00418837
-0.00415821
-0.00415298
-0.00411815
-0.00407801
-0.00408382
-0.00405006
-0.00399997
-0.00401681
-0.00398414
-0.00392411
-0.00395199
-0.00392041
-0.00385046
-0.00388936
-0.0038589
-0.00377906
-0.00382897
-0.00379963
-0.00370994
-0.00377083
-0.00374262
-0.00364312
-0.00371496
-0.00368791
-0.00357862
-0.0036614
-0.0036355
-0.00351647
-0.00361015
-0.00358541
-0.0034567
-0.00356123
-0.00353767
-0.00339932
-0.00351467
-0.00349229
-0.00334436
-0.00347048
-0.00344929
-0.00329184
-0.00342866
-0.00340867
-0.00324176
-0.00338924
-0.00337045
-0.00319415
-0.00335223
-0.00333464
-0.00314902
-0.00331763
-0.00330125
-0.00310638
-0.00328546
-0.00327029
-0.00306625
-0.00325571
-0.00324177
-0.00302864
-0.0032284
-0.00321568
-0.00299355
-0.00320354
-0.00319203
-0.00296099
-0.00318111
-0.00317083
-0.00293097
-0.00316113
-0.00315208
-0.00290349
-0.0031436
-0.00313577
-0.00287855
-0.00312851
-0.0031219
-0.00285616
-0.00311587
-0.00311047
-0.00283631
-0.00310566
-0.00310148
-0.00281902
-0.00309788
-0.00309492
-0.00280426
-0.00309253
-0.00309078
-0.00279204
-0.0030896
-0.00308905
-0.00278236
-0.00308908
-0.00308973
-0.0027752
-0.00309095
-0.0030928
-0.00277056
-0.00309522
-0.00309826
-0.00276844
-0.00310186
-0.00310608
-0.00276881
-0.00311086
-0.00311626
-0.00277167
-0.00312221
-0.00312878
-0.00277701
-0.00313589
-0.00314361
-0.00278482
-0.00315188
-0.00316076
-0.00279507
-0.00317017
-0.00318019
-0.00280775
-0.00319074
-0.00320188
-0.00282285
-0.00321356
-0.00322583
-0.00284035
-0.00323862
-0.00325199
-0.00326589
-0.00328042
-0.00329548
-0.00331112
-0.00332727
-0.00334397
-0.00336117
-0.0033789
-0.00339712
-0.00341586
-0.00343509
-0.00345485
-0.00347508
-0.00349582
-0.00351704
-0.00353877
-0.00356097
-0.00358367
-0.00360684
-0.00363049
-0.00365461
-0.00367921
-0.00370426
-0.00372979
-0.00375577
-0.00378221
-0.00380909
-0.00383643
-0.00386421
-0.00389243
-0.00392109
-0.00395018
-0.00397969
-0.00400964
-0.00404
-0.00407078
-0.00410197
-0.00413357
-0.00416557
-0.00419797
