0 
-0.00249792 
-0.00746879 
-0.012365 
-0.0171377 
-0.0217392 
-0.0261235 
-0.0302467 
-0.0340677 
-0.0375484 
-0.22152 
-0.0433531 
-0.23341 
-0.0474295 
-0.240952 
-0.049615 
-0.243928 
-0.0498225 
-0.242328 
-0.0480437 
-0.236333 
-0.0443496 
-0.0418275 
-0.0388875 
-0.0355588 
-0.031875 
-0.0278726 
-0.0235917 
-0.0190751 
-0.0143679 
-0.00951717 
-0.00457133 
0.000420187 
0.0054075 
0.0103408 
0.0151708 
0.0198491 
0.0243292 
0.0285662 
0.0325177 
0.0361443 
0.0394098 
0.0422816 
0.0447308 
0.0467332 
0.0482685 
0.0493216 
0.0498819 
0.0499438 
0.0495067 
0.0485749 
0.0471578 
0.0452695 
0.0429288 
0.0401593 
0.0369884 
0.0334481 
0.0295735 
0.0254034 
0.0209795 
0.0163459 
0.0115491 
0.00663683 
0.00165827 
-0.00333686 
-0.00829865 
-0.0131775 
-0.0179247 
-0.0224928 
-0.0268362 
-0.0309114 
-0.0346778 
-0.0380977 
-0.0411369 
-0.0437651 
-0.045956 
-0.0476877 
-0.048943 
-0.0497092 
-0.0499788 
-0.049749 
-0.0490221 
-0.0478054 
-0.046111 
-0.0439559 
-0.0413616 
-0.0383541 
-0.0349633 
-0.0312232 
-0.0271711 
-0.0228475 
-0.0182957 
-0.013561 
-0.00869085 
-0.00373386 
0.00126044 
0.00624215 
0.0111615 
0.0159693 
0.0206176 
0.0250598 
0.0292517 
0.0331513 
0.0367196 
0.0399211 
0.0427237 
0.0450994 
0.0470245 
0.0484797 
0.0494505 
0.0499273 
0.0499052 
0.0493844 
0.0483702 
0.0468728 
0.0449069 
0.0424924 
0.0396534 
0.0364181 
0.0328189 
0.0288918 
0.0246761 
0.0202138 
0.0155495 
0.0107298 
0.00580299 
0.000818153 
-0.00417486 
-0.00912615 
-0.0139863 
-0.0187066 
-0.0232401 
-0.0275413 
-0.0315674 
-0.035278 
-0.0386362 
-0.0416083 
-0.0441647 
-0.0462798 
-0.0479325 
-0.0491063 
-0.0497894 
-0.0499751 
-0.0496614 
-0.0488515 
-0.0475535 
-0.0457803 
-0.0435497 
-0.040884 
-0.0378098 
-0.0343579 
-0.0305626 
-0.0264619 
-0.0220969 
-0.0175111 
-0.0127503 
-0.00786208 
-0.00289533 
0.00210034 
0.00707503 
0.011979 
0.0167633 
0.0213802 
0.0257833 
0.0299289 
0.0337755 
0.0372845 
0.040421 
0.0431537 
0.0454552 
0.0473025 
0.0486771 
0.0495654 
0.0499585 
0.0498524 
0.0492482 
0.0481519 
0.0465745 
0.0445317 
0.042044 
0.0391362 
0.0358374 
0.0321805 
0.028202 
0.0239418 
0.0194424 
0.0147486 
0.00990757 
0.00496751 
-2.21947e-05 
-0.00501167 
-0.00995108 
-0.0147911 
-0.0194832 
-0.0239808 
-0.0282387 
-0.0322144 
-0.0358683 
-0.0391638 
-0.042068 
-0.0445519 
-0.0465906 
-0.0481638 
-0.0492557 
-0.0498555 
-0.0499572 
-0.0495597 
-0.048667 
-0.0472881 
-0.0454367 
-0.0431313 
-0.0403949 
-0.0372549 
-0.0337427 
-0.0298934 
-0.0257453 
-0.02134 
-0.0167215 
-0.0119359 
-0.00703109 
-0.00205599 
0.00293965 
0.00790591 
0.0127932 
0.0175526 
0.0221367 
0.0264996 
0.0305977 
0.0343901 
0.0378389 
0.0409096 
0.0435715 
0.0457981 
0.0475671 
0.0488608 
0.0496663 
0.0499756 
0.0497855 
0.049098 
0.0479199 
0.0462631 
0.0441439 
0.0415837 
0.038608 
0.0352466 
0.031533 
0.0275043 
0.0232008 
0.0186655 
0.0139436 
0.00908251 
0.00413062 
-0.000862536 
-0.00584708 
-0.0107732 
-0.0155917 
-0.0202544 
-0.0247147 
-0.028928 
-0.0328524 
-0.0364485 
-0.0396804 
-0.0425158 
-0.0449264 
-0.0468881 
-0.0483814 
-0.0493912 
-0.0499076 
-0.0499252 
-0.0494441 
-0.0484689 
-0.0470094 
-0.0450802 
-0.0427006 
-0.0398944 
-0.0366895 
-0.033118 
-0.0292157 
-0.0250214 
-0.0205771 
-0.0159272 
-0.0111182 
-0.00619811 
-0.00121607 
0.00377812 
0.00873456 
0.0136037 
0.018337 
0.022887 
0.0272083 
0.0312578 
0.034995 
0.0383825 
0.0413865 
0.043977 
0.0461281 
0.0478183 
0.0490307 
0.0497532 
0.0499786 
0.0497046 
0.048934 
0.0476744 
0.0459385 
0.0437436 
0.0411117 
0.0380689 
0.0346458 
0.0308765 
0.0267987 
0.0224532 
0.0178833 
0.0131347 
0.00825487 
0.00329257 
-0.00170263 
-0.00668082 
-0.0115923 
-0.0163879 
-0.0210197 
-0.0254416 
-0.0296092 
-0.033481 
-0.0370183 
-0.0401857 
-0.0429515 
-0.0452883 
-0.0471725 
-0.0485853 
-0.0495128 
-0.0499455 
-0.0498791 
-0.0493144 
-0.048257 
-0.0467174 
-0.044711 
-0.0422579 
-0.0393825 
-0.0361137 
-0.032484 
-0.0285297 
-0.0242904 
-0.0198084 
-0.0151285 
-0.0102974 
-0.00536337 
-0.000375799 
0.00461553 
0.00956074 
0.0144104 
0.0191161 
0.0236308 
0.0279094 
0.0319091 
0.03559 
0.0389153 
0.0418518 
0.0443701 
0.046445 
0.048056 
0.0491867 
0.049826 
0.0499674 
0.0496096 
0.0487561 
0.0474154 
0.045601 
0.043331 
0.040628 
0.0375191 
0.0340352 
0.0302114 
0.0260856 
0.0216992 
0.017096 
0.012322 
0.0074249 
0.00245358 
-0.00254225 
-0.00751268 
-0.012408 
-0.0171794 
-0.0217792 
-0.0261613 
-0.030282 
-0.0341002 
-0.0375777 
-0.0406796 
-0.0433752 
-0.0456373 
-0.0474434 
-0.0487755 
-0.0496203 
-0.0499693 
-0.049819 
-0.0491709 
-0.0480315 
-0.0464122 
-0.0443291 
-0.0418032 
-0.0388596 
-0.0355276 
-0.0318407 
-0.0278357 
-0.0235526 
-0.0190341 
-0.0143254 
-0.00947358 
-0.00452712 
0.000464575 
0.00545163 
0.0103842 
0.015213 
0.0198899 
0.024368 
0.0286026 
0.0325514 
0.036175 
0.0394371 
0.0423052 
0.0447506 
0.0467489 
0.04828 
0.0493288 
0.0498847 
0.0499421 
0.0495006 
0.0485644 
0.0471431 
0.0452506 
0.0429061 
0.0401328 
0.0369586 
0.0334151 
0.0295377 
0.0253651 
0.0209392 
0.016304 
0.0115059 
0.00659283 
0.0016139 
-0.00338115 
-0.00834242 
-0.0132203 
-0.0179662 
-0.0225325 
-0.0268736 
-0.0309463 
-0.0347097 
-0.0381264 
-0.0411621 
-0.0437865 
-0.0459734 
-0.047701 
-0.048952 
-0.0497138 
-0.0499789 
-0.0497447 
-0.0490134 
-0.0477924 
-0.0460939 
-0.0439348 
-0.0413367 
-0.0383256 
-0.0349316 
-0.0311885 
-0.0271338 
-0.022808 
-0.0182544 
-0.0135183 
-0.00864714 
-0.00368959 
0.00130482 
0.00628619 
0.0112048 
0.0160114 
0.020658 
0.0250982 
0.0292877 
0.0331845 
0.0367497 
0.0399478 
0.0427467 
0.0451185 
0.0470395 
0.0484905 
0.0494569 
0.0499293 
0.0499027 
0.0493776 
0.048359 
0.0468573 
0.0448874 
0.042469 
0.0396263 
0.0363877 
0.0327854 
0.0288556 
0.0246375 
0.0201732 
0.0155073 
