0 
-1.87827e-05 
-5.63467e-05 
-9.39059e-05 
-0.000131457 
-0.000168998 
-0.000206525 
-0.000244034 
-0.000281524 
-0.00031899 
0.319706 
-0.00039384 
0.291143 
-0.00046856 
0.258944 
-0.000543125 
0.224954 
-0.000617511 
0.190906 
-0.000691692 
0.158307 
-0.000765645 
-0.000802528 
-0.000839345 
-0.000876092 
-0.000912767 
-0.000949366 
-0.000985887 
-0.00102233 
-0.00105868 
-0.00109495 
-0.00113113 
-0.00116721 
-0.0012032 
-0.00123908 
-0.00127487 
-0.00131055 
-0.00134612 
-0.00138158 
-0.00141693 
-0.00145216 
-0.00148727 
-0.00152225 
-0.00155711 
-0.00159184 
-0.00162644 
-0.00166091 
-0.00169524 
-0.00172943 
-0.00176347 
-0.00179737 
-0.00183112 
-0.00186472 
-0.00189817 
-0.00193146 
-0.00196459 
-0.00199755 
-0.00203036 
-0.00206299 
-0.00209545 
-0.00212774 
-0.00215986 
-0.00219179 
-0.00222355 
-0.00225512 
-0.0022865 
-0.0023177 
-0.0023487 
-0.00237951 
-0.00241013 
-0.00244054 
-0.00247075 
-0.00250076 
-0.00253056 
-0.00256016 
-0.00258954 
-0.0026187 
-0.00264765 
-0.00267639 
-0.0027049 
-0.00273318 
-0.00276124 
-0.00278908 
-0.00281668 
-0.00284405 
-0.00287118 
-0.00289808 
-0.00292474 
-0.00295115 
-0.00297733 
-0.00300325 
-0.00302893 
-0.00305436 
-0.00307953 
-0.00310445 
-0.00312912 
-0.00315352 
-0.00317767 
-0.00320155 
-0.00322517 
-0.00324852 
-0.0032716 
-0.00329441 
-0.00331695 
-0.00333922 
-0.00336121 
-0.00338292 
-0.00340435 
-0.00342551 
-0.00344637 
-0.00346696 
-0.00348725 
-0.00350726 
-0.00352698 
-0.00354641 
-0.00356554 
-0.00358438 
-0.00360292 
-0.00362117 
-0.00363912 
-0.00365676 
-0.0036741 
-0.00369114 
-0.00370788 
-0.00372431 
-0.00374043 
-0.00375624 
-0.00377174 
-0.00378693 
-0.0038018 
-0.00381637 
-0.00383061 
-0.00384454 
-0.00385815 
-0.00387145 
-0.00388442 
-0.00389707 
-0.0039094 
-0.00392141 
-0.00393309 
-0.00394445 
-0.00395548 
-0.00396619 
-0.00397657 
-0.00398661 
-0.00399633 
-0.00400572 
-0.00401478 
-0.00402351 
-0.0040319 
-0.00403996 
-0.00404769 
-0.00405508 
-0.00406214 
-0.00406886 
-0.00407524 
-0.00408129 
-0.004087 
-0.00409237 
-0.00409741 
-0.00410211 
-0.00410646 
-0.00411048 
-0.00411416 
-0.0041175 
-0.00412049 
-0.00412315 
-0.00412547 
-0.00412744 
-0.00412908 
-0.00413037 
-0.00413132 
-0.00413193 
-0.0041322 
-0.00413213 
-0.00413172 
-0.00413096 
-0.00412986 
-0.00412843 
-0.00412665 
-0.00412453 
-0.00412206 
-0.00411926 
-0.00411612 
-0.00411264 
-0.00410882 
-0.00410465 
-0.00410015 
-0.00409531 
-0.00409013 
-0.00408462 
-0.00407876 
-0.00407257 
-0.00406604 
-0.00405918 
-0.00405198 
-0.00404445 
-0.00403658 
-0.00402838 
-0.00401984 
-0.00401097 
-0.00400178 
-0.00399225 
-0.00398239 
-0.0039722 
-0.00396168 
-0.00395084 
-0.00393967 
-0.00392817 
-0.00391635 
-0.0039042 
-0.00389174 
-0.00387895 
-0.00386584 
-0.00385241 
-0.00383866 
-0.0038246 
-0.00381022 
-0.00379552 
-0.00378051 
-0.00376519 
-0.00374956 
-0.00373362 
-0.00371737 
-0.00370081 
-0.00368394 
-0.00366677 
-0.0036493 
-0.00363153 
-0.00361346 
-0.00359508 
-0.00357641 
-0.00355745 
-0.00353819 
-0.00351864 
-0.0034988 
-0.00347867 
-0.00345825 
-0.00343754 
-0.00341655 
-0.00339528 
-0.00337373 
-0.0033519 
-0.00332979 
-0.00330741 
-0.00328476 
-0.00326183 
-0.00323863 
-0.00321517 
-0.00319144 
-0.00316744 
-0.00314319 
-0.00311867 
-0.0030939 
-0.00306887 
-0.00304359 
-0.00301805 
-0.00299227 
-0.00296624 
-0.00293996 
-0.00291344 
-0.00288668 
-0.00285969 
-0.00283245 
-0.00280498 
-0.00277728 
-0.00274935 
-0.00272119 
-0.00269281 
-0.00266421 
-0.00263538 
-0.00260634 
-0.00257708 
-0.00254761 
-0.00251793 
-0.00248804 
-0.00245794 
-0.00242765 
-0.00239715 
-0.00236645 
-0.00233556 
-0.00230447 
-0.00227319 
-0.00224173 
-0.00221008 
-0.00217825 
-0.00214624 
-0.00211405 
-0.00208168 
-0.00204915 
-0.00201644 
-0.00198357 
-0.00195053 
-0.00191734 
-0.00188398 
-0.00185047 
-0.0018168 
-0.00178299 
-0.00174903 
-0.00171492 
-0.00168067 
-0.00164629 
-0.00161176 
-0.00157711 
-0.00154232 
-0.00150741 
-0.00147237 
-0.00143721 
-0.00140193 
-0.00136653 
-0.00133102 
-0.00129541 
-0.00125968 
-0.00122385 
-0.00118792 
-0.00115189 
-0.00111577 
-0.00107955 
-0.00104325 
-0.00100686 
-0.000970383 
-0.000933828 
-0.000897196 
-0.00086049 
-0.000823713 
-0.000786868 
-0.000749957 
-0.000712985 
-0.000675954 
-0.000638867 
-0.000601727 
-0.000564538 
-0.000527302 
-0.000490022 
-0.000452701 
-0.000415344 
-0.000377952 
-0.000340529 
-0.000303077 
-0.000265601 
-0.000228102 
-0.000190585 
-0.000153052 
-0.000115506 
-7.79512e-05 
-4.03896e-05 
-2.82463e-06 
3.47406e-05 
7.23029e-05 
0.000109859 
0.000147407 
0.000184942 
0.000222461 
0.000259963 
0.000297443 
0.000334898 
0.000372326 
0.000409723 
0.000447086 
0.000484412 
0.000521698 
0.000558941 
0.000596138 
0.000633285 
0.00067038 
0.00070742 
0.000744401 
0.000781321 
0.000818176 
0.000854964 
0.000891681 
0.000928324 
0.000964891 
0.00100138 
0.00103778 
0.0010741 
0.00111033 
0.00114647 
0.00118251 
0.00121845 
0.0012543 
0.00129004 
0.00132567 
0.0013612 
0.00139661 
0.00143191 
0.00146709 
0.00150214 
0.00153708 
0.00157188 
0.00160656 
0.0016411 
0.00167551 
0.00170978 
0.00174391 
0.00177789 
0.00181173 
0.00184542 
0.00187895 
0.00191233 
0.00194555 
0.00197861 
0.00201151 
0.00204424 
0.0020768 
0.00210919 
0.00214141 
0.00217345 
0.00220531 
0.00223698 
0.00226847 
0.00229978 
0.00233089 
0.00236182 
0.00239254 
0.00242307 
0.0024534 
0.00248353 
0.00251345 
0.00254316 
0.00257266 
0.00260195 
0.00263103 
0.00265989 
0.00268852 
0.00271694 
0.00274513 
0.0027731 
0.00280083 
0.00282833 
0.0028556 
0.00288264 
0.00290943 
0.00293599 
0.0029623 
0.00298837 
0.00301419 
0.00303976 
0.00306508 
0.00309015 
0.00311496 
0.00313952 
0.00316381 
0.00318785 
0.00321162 
0.00323512 
0.00325836 
0.00328133 
0.00330402 
0.00332645 
0.00334859 
0.00337047 
0.00339206 
0.00341337 
0.0034344 
0.00345515 
0.00347561 
0.00349579 
0.00351567 
0.00353527 
0.00355457 
0.00357358 
0.00359229 
0.00361071 
0.00362883 
0.00364665 
0.00366417 
0.00368138 
0.00369829 
0.00371489 
0.00373119 
0.00374718 
0.00376286 
0.00377823 
0.00379329 
0.00380803 
0.00382246 
0.00383657 
0.00385036 
0.00386384 
0.003877 
0.00388983 
0.00390235 
0.00391454 
0.00392641 
0.00393796 
0.00394918 
0.00396007 
0.00397064 
0.00398088 
0.00399078 
0.00400036 
0.00400961 
0.00401853 
0.00402711 
0.00403537 
0.00404328 
0.00405087 
0.00405812 
0.00406503 
0.00407161 
