-0.000454545
-0.000418313
-0.000364108
-0.0002882
-0.000186337
-8.1538e-05
4.1729e-05
0.000163093
0.000302437
0.000434286
0.000584682
0.000721505
0.000877359
0.00101764
0.00117655
0.00131876
0.00147914
0.0016221
0.00178293
0.00192586
0.0020865
0.00222888
0.00238891
0.00253044
0.0026896
0.00283006
0.00298818
0.00312744
0.00328443
0.00342241
0.00357819
0.00371485
0.00386939
0.00400467
0.00415795
0.00429185
0.00444384
0.00457635
0.00472705
0.00485816
0.00500756
0.00513726
0.00528537
0.00541366
0.00556047
0.00568735
0.00583286
0.00595833
0.00610254
0.0062266
0.00636951
0.00649216
0.00663377
0.00675501
0.00742853
0.007643
0.00787512
0.00824865
0.00838204
0.00821338
0.00827716
0.00843839
0.00863543
0.00908745
0.0090882
0.00880017
0.00894553
0.00909727
0.00924595
0.00939116
0.00953413
0.0099937
0.00967386
0.00980761
0.010267
0.00994112
0.0100689
0.0105282
0.0101978
0.0103211
0.0107803
0.0104462
0.0105658
0.0110249
0.010999
0.0110338
0.0107261
0.010808
0.0112614
0.0112608
0.0112616
0.0109248
0.0110284
0.0114873
0.011143
0.0112525
0.0117113
0.0113656
0.0114732
0.011932
0.0115843
0.0116897
0.0121484
0.0117986
0.0119018
0.0123604
0.0120085
0.0121093
0.0125679
0.0122138
0.0123123
0.0127708
0.0124146
0.0125107
0.0129691
0.0126108
0.0127045
0.0131628
0.0128023
0.0128936
0.0133518
0.0129891
0.013078
0.0135362
0.0131712
0.0132577
0.0137157
0.0133486
0.0134326
0.0138905
0.0135212
0.0136027
0.0140605
0.0136889
0.013768
0.0142257
0.0138519
0.0139284
0.014386
0.0140099
0.014084
0.0145415
0.0141631
0.0142346
0.014692
0.0143114
0.0143803
0.0148376
0.0144547
0.0145211
0.0149783
0.0145931
0.0146569
0.015114
0.0147265
0.0147878
0.0152448
0.014855
0.0149137
0.0153706
0.0149785
0.0150346
0.0154913
0.015097
0.0151506
0.0156071
0.0152105
0.0152615
0.015718
0.015319
0.0153675
0.0158238
0.0154226
0.0154684
0.0159247
0.0155212
0.0155645
0.0160205
0.0156148
0.0156555
0.0161115
0.0157035
0.0157417
0.0161975
0.0157872
0.0158229
0.0162785
0.015866
0.0158992
0.0163547
0.01594
0.0159707
0.016426
0.0160091
0.0160373
0.0164925
0.0160734
0.0160991
0.0165542
0.0161329
0.0161562
0.0166111
0.0161877
0.0162085
0.0166633
0.0162378
0.0162562
0.0167108
0.0162832
0.0162992
0.0167537
0.0167193
0.0167553
0.0163604
0.0163427
0.0167925
0.0167914
0.0167925
0.0163608
0.0163703
0.0168242
0.0163892
0.0163978
0.0168518
0.0164156
0.0164219
0.0168758
0.0164379
0.0164421
0.0168958
0.0164561
0.0164583
0.0169118
0.0164703
0.0164704
0.0169238
0.0164806
0.0164786
0.0169318
0.0164869
0.0164829
0.0169359
0.0164893
0.0164833
0.0169362
0.0164878
0.0164799
0.0169326
0.0164826
0.0164728
0.0169253
0.0164737
0.0164621
0.0169144
0.0164613
0.0164478
0.0169
0.0164454
0.0164302
0.0168822
0.016426
0.0164091
0.016861
0.0164035
0.0163849
0.0168366
0.0163777
0.0163575
0.016809
0.0163488
0.0163272
0.0167785
0.0163171
0.0162939
0.016745
0.0162824
0.0162579
0.0167088
0.0162451
0.0162192
0.0166699
0.0162051
0.0161779
0.0166285
0.0161626
0.0161342
0.0165846
0.0161177
0.0160882
0.0165384
0.0160706
0.01604
0.01649
0.0160214
0.0159897
0.0164395
0.0159701
0.0159374
0.0163871
0.0159169
0.0158833
0.0163328
0.015862
0.0158276
0.0162768
0.0158054
0.0157702
0.0162193
0.0157472
0.0157113
0.0161602
0.0156877
0.0156511
0.0160998
0.0156268
0.0155896
0.0160381
0.0155647
0.015527
0.0159753
0.0155016
0.0154634
0.0159115
0.0154375
0.0153989
0.0158468
0.0153726
0.0153336
0.0157814
0.0153069
0.0152676
0.0157152
0.0152406
0.0152011
0.0156485
0.0151738
0.0151341
0.0155813
0.0151066
0.0150667
0.0155138
0.0150391
0.0149991
0.015446
0.0149713
0.0149314
0.015378
0.0149035
0.0148635
0.01531
0.0148356
0.0147957
0.015242
0.0147678
0.014728
0.0151741
0.0147001
0.0146605
0.0151064
0.0146327
0.0145933
0.015039
0.0145656
0.0145265
0.0149719
0.0144989
0.01446
0.0149053
0.0144327
0.0143941
0.0148392
0.014367
0.0143288
0.0147736
0.014302
0.0142641
0.0147087
0.0142375
0.0142001
0.0146445
0.0141739
0.0141369
0.0145811
0.014111
0.0140744
0.0145185
0.0140489
0.0140129
0.0144567
0.0139877
0.0139522
0.0143958
0.0139274
0.0138925
0.0143359
0.0138681
0.0138338
0.0142769
0.0138098
0.013776
0.014219
0.0137526
0.0137194
0.0141621
0.0136964
0.0136638
0.0141063
0.0136412
0.0136092
0.0140516
0.0135872
0.0135559
0.013998
0.0135343
0.0135036
0.0139455
0.0134826
0.0134525
0.0138942
0.0134319
0.0134025
0.013844
0.0133825
0.0133537
0.0137949
0.0133342
0.013306
0.0137471
0.013287
0.0132596
0.0137003
0.0132411
0.0132142
0.0136548
0.0131962
0.01317
0.0136104
0.0131526
0.013127
0.0135671
0.01311
0.0130851
0.013525
0.0130686
0.0130443
0.0134839
0.0130283
0.0130046
0.013444
0.0129891
0.012966
0.0134052
0.0129509
0.0129284
0.0133674
0.0129139
0.0128919
0.0133306
0.0128778
0.0128565
0.0132949
0.0128428
0.012822
0.0132602
0.0128087
0.0127885
0.0132264
0.0127756
0.0127559
0.0131936
0.0127434
0.0127242
0.0131617
0.0127122
0.0126934
0.0131306
0.0126818
0.0126635
0.0131005
0.0126522
0.0126344
0.0130711
0.0126235
0.0126061
0.0130426
0.0125955
0.0125786
0.0130148
0.0125683
0.0125518
0.0129877
0.0125418
0.0125257
0.0129614
0.012516
0.0125003
0.0129357
0.0124909
0.0124755
0.0129106
0.0124664
0.0124513
0.0128862
0.0124425
0.0124277
0.0128623
0.0124192
0.0124047
0.0128391
0.0123964
0.0123822
0.0128163
0.0123741
0.0123602
0.012794
0.0123523
0.0123387
0.0127722
0.012331
0.0123176
0.0127509
0.0123101
0.0122969
0.0127299
0.0122897
0.0122767
0.0127094
0.0122696
0.0122569
0.0126893
0.0122499
0.0122374
0.0126696
0.0122306
0.0122183
0.0126501
0.0122117
0.0121995
0.0126311
0.012193
0.012181
0.0126123
0.0121747
0.0121629
0.0125939
0.0121567
0.012145
0.0125758
0.012139
0.0121275
0.012558
0.0121217
0.0121102
0.0125404
0.0121046
0.0120933
0.0125232
0.0120878
0.0120766
0.0125062
0.0120712
0.0120602
0.0124896
0.012055
0.0120442
0.0124732
0.0120391
0.0120284
0.0124571
0.0120235
0.0120129
0.0124414
0.0120082
0.0119978
0.0124259
0.0119933
0.011983
0.0124108
0.0119786
0.0119685
0.0123961
0.0119644
0.0119544
0.0123817
0.0119505
0.0119407
0.0123677
0.011937
0.0119274
0.0123541
0.011924
0.0119146
0.0123409
0.0119114
0.0119022
0.0123283
0.0118993
0.0118903
0.0123161
0.0118876
0.0118789
0.0123044
0.0118766
0.0118681
0.0122932
0.011866
0.0118579
0.0122827
0.0118561
0.0118483
0.0122728
0.0118469
0.0118393
0.0122636
0.0118383
0.0118311
0.012255
0.0118305
0.0118236
0.0122472
0.0118234
0.0118169
0.0122402
0.0118172
0.011811
0.012234
0.0118118
0.0118061
0.0122288
0.0118073
0.011802
0.0122244
0.0118038
0.011799
0.0122211
0.0118012
0.011797
0.0122187
0.0117998
0.011796
0.0122175
0.0117994
0.0117962
0.0122174
0.0118002
0.0117976
0.0122185
0.0118023
0.0118003
0.0122208
0.0118056
0.0118042
0.0122244
0.0118102
0.0118095
0.0122294
0.0118163
0.0118162
0.0122358
0.0118237
0.0118244
0.0122437
0.0118327
0.0118341
0.0122531
0.0118432
0.0118454
0.0122641
0.0118553
0.0118584
0.0122767
0.0118691
0.011873
0.012291
0.0118846
0.0118894
0.0123071
0.0119019
0.0119075
0.0123249
0.011921
0.0119276
0.0123446
0.0119419
0.0119495
0.0123662
0.0119649
0.0119734
0.0123898
0.0119897
0.0119993
0.0124154
0.0120167
0.0120272
0.012443
0.0120457
0.0120573
0.0124727
0.0120768
0.0120895
0.0125046
0.0121101
0.0121239
0.0125387
0.0121456
0.0121605
0.012575
0.0121833
0.0121994
0.0126136
0.0122234
0.0122407
0.0126545
0.0122657
0.0122842
0.0126977
0.0123105
0.0123302
0.0127433
0.0123576
0.0123785
0.0127914
0.0124072
0.0124293
0.0128418
0.0124592
0.0124826
0.0128948
0.0125136
0.0125383
0.0129502
0.0125706
0.0125966
0.0130081
0.0126301
0.0126573
0.0130685
0.0126921
0.0127207
0.0131315
0.0127566
0.0127865
0.013197
0.0128237
0.0128549
0.0132651
0.0128934
0.0129259
0.0133357
0.0129655
0.0129994
0.0134089
0.0130403
0.0130754
0.0134846
0.0131176
0.013154
0.0135628
0.0131974
0.0132352
0.0136436
0.0132797
0.0133188
0.013727
0.0133646
0.013405
0.0138128
0.013452
0.0134937
0.0139011
0.0135418
0.0135848
0.0139919
0.0136341
0.0136783
0.014085
0.0137288
0.0137743
0.0141806
0.0138258
0.0138726
0.0142786
0.0139253
0.0139732
0.0143789
0.014027
0.0140762
0.0144815
0.014131
0.0141814
0.0145863
0.0142373
0.0142888
0.0146934
0.0143457
0.0143983
0.0148026
0.0144562
0.01451
0.0149139
0.0145688
0.0146237
0.0150272
0.0146834
0.0147394
0.0151425
0.0148
0.014857
0.0152598
0.0149185
0.0149765
0.0153789
0.0150388
0.0150978
0.0154998
0.0151609
0.0152208
0.0156224
0.0152846
0.0153454
0.0157467
0.01541
0.0154717
0.0158725
0.015537
0.0155994
0.0159999
0.0156654
0.0157286
0.0161287
0.0157952
0.0158592
0.0162589
0.0159263
0.015991
0.0163904
0.0160587
0.0161241
0.016523
0.0161922
0.0162582
0.0166568
0.0163268
0.0163934
0.0167916
0.0164624
0.0165296
0.0169274
0.016599
0.0166666
0.017064
0.0167363
0.0168044
0.0172014
0.0168744
0.0169429
0.0173395
0.0170131
0.0170821
0.0174782
0.0171525
0.0172217
0.0172923
0.0173593
0.0174301
0.0174979
0.0175691
0.0176377
0.0177093
0.0177784
0.0178501
0.0179198
0.0179913
0.0180613
0.0181326
0.0182036
0.0182748
0.0183448
0.0184155
0.0184854
0.0185557
0.0189138
0.0189547
0.0186716
0.0186986
0.0187524
0.0188365
0.0188914
0.0189766
0.0190314
0.0191172
0.0191716
0.0192575
0.0193114
0.0193974
0.0194507
0.0195367
0.0195895
0.0196754
0.0197277
0.0198135
0.0198653
0.019951
0.0200021
0.0200878
0.0201383
0.0202238
0.0206055
0.0202738
0.0203557
0.020737
0.0204054
0.0204868
0.0208675
0.0205362
0.0206175
0.0209979
0.0206667
0.0207479
0.0211277
0.0207966
0.0208774
0.0212568
0.0209256
0.0210061
0.021385
0.0210536
0.0211336
0.0215121
0.0211805
0.0212599
0.0216379
0.021306
0.0213848
0.0217624
0.0214302
0.0215084
0.0218855
0.021553
0.0216305
0.0220071
0.0216743
0.021751
0.0221272
0.021794
0.0218701
0.0222458
0.0219122
0.0219875
0.0223627
0.0220288
0.0221033
0.0224781
0.0221437
0.0222174
0.0225918
0.022257
0.0223299
0.0227038
0.0223686
0.0224408
0.0228142
0.0224785
0.0225499
0.0229228
0.0225868
0.0226573
0.0230298
0.0226933
0.022763
0.023135
0.0227981
0.022867
0.0232385
0.0229012
0.0229693
0.0233403
0.0230026
0.0230699
0.0234404
0.0231023
0.0231687
0.0235387
0.0232002
0.0232658
0.0236354
0.0232964
0.0233611
0.0237302
0.0233909
0.0234548
0.0238234
0.0234837
0.0235467
0.0239149
0.0235747
0.023637
0.0240046
0.0236641
0.0237255
0.0240927
0.0237517
0.0238123
0.024179
0.0238377
0.0238975
0.0242637
0.023922
0.023981
0.0243467
0.0240047
0.0240629
0.0244281
0.0240857
0.0241431
0.0245078
0.024165
0.0242216
0.0245858
0.0242428
0.0242986
0.0246623
0.0243189
0.0243739
0.0247371
0.0243934
0.0244477
0.0248104
0.0244664
0.0245199
0.0248821
0.0245378
0.0245905
0.0249523
0.0246076
0.0246596
0.0250209
0.024676
0.0247272
0.0250879
0.0247428
0.0247933
0.0251535
0.0248081
0.0248578
0.0252176
0.0248719
0.0249209
0.0252802
0.0249342
0.0249826
0.0253413
0.0249951
0.0250428
0.025401
0.0250546
0.0251015
0.0254592
0.0251126
0.0251589
0.025516
0.0251692
0.0252148
0.0255715
0.0252245
0.0252693
0.0256255
0.0252783
0.0253225
0.0256781
0.0253308
0.0253743
0.0257294
0.0253819
0.0254247
0.0257793
0.0254316
0.0254738
0.0258279
0.02548
0.0255215
0.0258751
0.0255271
0.0255679
0.025921
0.0255728
0.025613
0.0259655
0.0256172
0.0256568
0.0260088
0.0256603
0.0256992
0.0260507
0.0257021
0.0257403
0.0260913
0.0257426
0.0257802
0.0261306
0.0257817
0.0258187
0.0261686
0.0258196
0.0258559
0.0262053
0.0258562
0.0258918
0.0262407
0.0258914
0.0259264
0.0262748
0.0259254
0.0259597
0.0263075
0.025958
0.0259917
0.026339
0.0259893
0.0260224
0.0263691
0.0260193
0.0260517
0.0263979
0.026048
0.0260797
0.0264254
0.0260754
0.0261064
0.0264515
0.0261014
0.0261317
0.0264763
0.026126
0.0261557
0.0264997
0.0261493
0.0261783
0.0265218
0.0261712
0.0261995
0.0265424
0.0261917
0.0262193
0.0265617
0.0262108
0.0262376
0.0265795
0.0262285
0.0262546
0.0265959
0.0262447
0.0262701
0.0266109
0.0262595
0.0262841
0.0266244
0.0262729
0.0262967
0.0266364
0.0262847
0.0263078
0.0266469
0.026295
0.0263173
0.0266559
0.0263038
0.0263253
0.0266633
0.026311
0.0263317
0.0266692
0.0263167
0.0263365
0.0266734
0.0263207
0.0263397
0.0266761
0.0263232
0.0263413
0.0266771
0.026324
0.0263413
0.0266765
0.0263231
0.0263395
0.0266742
0.0263205
0.026336
0.0266702
0.0263162
0.0263308
0.0266644
0.0263102
0.0263239
0.0266569
0.0263024
0.0263152
0.0266476
0.0262928
0.0263046
0.0266365
0.0262814
0.0262922
0.0266236
0.0262681
0.026278
0.0266088
0.026253
0.0262619
0.0265921
0.026236
0.0262439
0.0265735
0.0262171
0.026224
0.026553
0.0261963
0.0262021
0.0265306
0.0261735
0.0261782
0.0265061
0.0261487
0.0261524
0.0264797
0.0261219
0.0261245
0.0264513
0.0260931
0.0260946
0.0264208
0.0260622
0.0260627
0.0263883
0.0260293
0.0260286
0.0263537
0.0259943
0.0259925
0.026317
0.0259572
0.0259543
0.0262782
0.025918
0.025914
0.0262372
0.0258766
0.0258715
0.0261942
0.0258332
0.0258268
0.026149
0.0257875
0.0257801
0.0261016
0.0257397
0.0257311
0.0260521
0.0256898
0.02568
0.0260003
0.0256377
0.0256267
0.0259464
0.0255833
0.0255712
0.0258904
0.0255268
0.0255135
0.0258321
0.0254682
0.0254536
0.0257716
0.0254073
0.0253916
0.025709
0.0253442
0.0253273
0.0256442
0.025279
0.0252609
0.0255771
0.0252116
0.0251923
0.025508
0.025142
0.0251216
0.0254366
0.0250703
0.0250487
0.0253631
0.0249964
0.0249736
0.0252875
0.0249205
0.0248965
0.0252097
0.0248423
0.0248172
0.0251299
0.0247622
0.0247359
0.0250479
0.0246799
0.0246525
0.0249639
0.0245956
0.0245671
0.0248779
0.0245093
0.0244796
0.0247899
0.0244209
0.0243902
0.0246999
0.0243307
0.0242988
0.0246079
0.0242384
0.0242056
0.024514
0.0241443
0.0241104
0.0244182
0.0240484
0.0240134
0.0243206
0.0239506
0.0239146
0.0242212
0.023851
0.0238141
0.0241201
0.0237497
0.0237118
0.0240172
0.0236468
0.0236079
0.0239126
0.0235421
0.0235023
0.0238065
0.0234359
0.0233952
0.0236987
0.0233281
0.0232866
0.0235895
0.0232189
0.0231765
0.0234788
0.0231082
0.023065
0.0233667
0.0229961
0.0229521
0.0232532
0.0228827
0.022838
0.0231384
0.0227681
0.0227226
0.0230224
0.0226523
0.022606
0.0229053
0.0225353
0.0224884
0.022787
0.0224172
0.0223697
0.0226677
0.0222982
0.0222501
0.0225474
0.0221782
0.0221295
0.0224262
0.0220573
0.0220081
0.0223042
0.0219356
0.0218859
0.0221813
0.0218132
0.021763
0.0220578
0.0216901
0.0216395
0.0219337
0.0215664
0.0215154
0.021809
0.0214422
0.0213908
0.0216838
0.0213175
0.0212658
0.0215581
0.0211924
0.0211405
0.0214322
0.0210671
0.0210149
0.0213059
0.0209415
0.0208891
0.0211795
0.0208157
0.0207631
0.0210529
0.0206898
0.0206371
0.0209263
0.0205639
0.0205111
0.0207996
0.0204381
0.0203852
0.0206731
0.0203123
0.0202595
0.0205467
0.0201868
0.0201339
0.0204205
0.0200615
0.0200087
0.0202946
0.0199365
0.0198838
0.0201691
0.019812
0.0197594
0.020044
0.0196879
0.0196354
0.0199194
0.0195643
0.019512
0.0197954
0.0194413
0.0193893
0.019672
0.019319
0.0192672
0.0195493
0.0191974
0.0191459
0.0194273
0.0190765
0.0190254
0.0193061
0.0189565
0.0189057
0.0191858
0.0188374
0.018787
0.0190665
0.0187193
0.0186693
0.0189481
0.0186022
0.0185526
0.0188308
0.0184861
0.018437
0.0187145
0.0183712
0.0183225
0.0185994
0.0182574
0.0182093
0.0184855
0.0181448
0.0180972
0.0183728
0.0180335
0.0179865
0.0182613
0.0179234
0.017877
0.0181512
0.0178147
0.0177689
0.0180425
0.0177074
0.0176623
0.0179352
0.0176015
0.017557
0.0178293
0.0174971
0.0174533
0.0177248
0.0173942
0.017351
0.0176219
0.0172927
0.0172503
0.0175205
0.0171928
0.0171511
0.0174207
0.0170945
0.0170535
0.0173224
0.0169978
0.0169575
0.0172257
0.0169027
0.0168631
0.0171307
0.0168092
0.0167704
0.0170373
0.0167174
0.0166794
0.0169456
0.0166272
0.01659
0.0168556
0.0165387
0.0165023
0.0167672
0.016452
0.0164164
0.0166806
0.0163669
0.0163321
0.0165956
0.0162835
0.0162495
0.0165124
0.0162019
0.0161687
0.0164309
0.016122
0.0160896
0.0163511
0.0160438
0.0160122
0.0162731
0.0159673
0.0159365
0.0161967
0.0158925
0.0158626
0.0161221
0.0158195
0.0157904
0.0160492
0.0157481
0.0157198
0.015978
0.0156785
0.015651
0.0159085
0.0156106
0.0155839
0.0158406
0.0155443
0.0155184
0.0157745
0.0154797
0.0154546
0.01571
0.0154168
0.0153925
0.0156472
0.0153555
0.0153319
0.015586
0.0152958
0.015273
0.0155264
0.0152377
0.0152158
0.0154684
0.0151813
0.0151601
0.015412
0.0151264
0.0151059
0.0153572
0.015073
0.0150533
0.0153039
0.0150212
0.0150022
0.0152522
0.0149709
0.0149527
0.0152019
0.0149221
0.0149046
0.0151531
0.0148748
0.0148579
0.0151058
0.0148289
0.0148127
0.0150599
0.0147844
0.0147689
0.0150154
0.0147413
0.0147265
0.0149723
0.0146996
0.0146854
0.0149305
0.0146592
0.0146457
0.0148901
0.0146201
0.0146073
0.014851
0.0145824
0.0145702
0.0148131
0.0145459
0.0145343
0.0147766
0.0145106
0.0144996
0.0147412
0.0144766
0.0144662
0.0147071
0.0144438
0.014434
0.0146741
0.0144121
0.0144029
0.0146423
0.0143816
0.0143729
0.0146117
0.0143522
0.0143441
0.0145821
0.0143239
0.0143163
0.0145537
0.0142966
0.0142896
0.0145263
0.0142705
0.0142639
0.0144999
0.0142453
0.0142393
0.0144746
0.0142212
0.0142157
0.0144502
0.014198
0.014193
0.0144268
0.0141758
0.0141713
0.0144044
0.0141546
0.0141506
0.014383
0.0141343
0.0141307
0.0143624
0.0141149
0.0141118
0.0143428
0.0140964
0.0140937
0.014324
0.0140787
0.0140765
0.0143061
0.014062
0.0140602
0.0142891
0.014046
0.0140447
0.0142729
0.0140309
0.0140301
0.0142575
0.0140167
0.0140162
0.0142429
0.0140032
0.0140032
0.0142292
0.0139905
0.0139909
0.0142162
0.0139786
0.0139795
0.014204
0.0139675
0.0139688
0.0141926
0.0139572
0.0139588
0.0141819
0.0139476
0.0139497
0.0141721
0.0139388
0.0139413
0.0141629
0.0139307
0.0139336
0.0141545
0.0139233
0.0139267
0.0141469
0.0139167
0.0139205
0.01414
0.0139109
0.013915
0.0141338
0.0139058
0.0139103
0.0141284
0.0139014
0.0139063
0.0141237
0.0138977
0.0139031
0.0141197
0.0138948
0.0139006
0.0141165
0.0138926
0.0138988
0.0141139
0.0138911
0.0138978
0.0141122
0.0138904
0.0138975
0.0141111
0.0138904
0.0138979
0.0141109
0.0138912
0.0138991
0.0141113
0.0138927
0.013901
0.0141125
0.0138949
0.0139037
0.0141145
0.0138979
0.0139072
0.0141172
0.0139017
0.0139114
0.0141207
0.0139062
0.0139164
0.0141249
0.0139116
0.0139221
0.01413
0.0139176
0.0139287
0.0141358
0.0139245
0.013936
0.0141424
0.0139322
0.0139442
0.0141498
0.0139406
0.0139531
0.014158
0.0139499
0.0139628
0.014167
0.01396
0.0139734
0.0141768
0.0139709
0.0139847
0.0141874
0.0139826
0.0139969
0.0141989
0.0139951
0.01401
0.0142112
0.0140085
0.0140239
0.0142243
0.0140227
0.0140386
0.0142383
0.0140378
0.0140541
0.0142531
0.0140537
0.0140706
0.0142688
0.0140704
0.0140878
0.0140881
0.014114
0.0141155
0.0141424
0.0141438
0.0141705
0.0141717
0.0141982
0.0141994
0.0142257
0.0142268
0.0142531
0.0142542
0.0142804
0.0142815
0.0143078
0.0143089
0.0143352
0.0143363
0.0143627
0.0143639
0.0143902
0.0143915
0.0144179
0.0144193
0.0144457
0.0144471
0.0144736
0.0144751
0.0145016
0.0145033
0.0145298
0.0145316
0.0145582
0.01456
0.0145866
0.0145886
0.0146153
0.0146174
0.0146441
0.0146463
0.014673
0.0146754
0.0147021
0.0147046
0.0147314
0.014734
0.0147608
0.0147636
0.0147904
0.0147933
0.0148201
0.0148232
0.01485
0.0148533
0.01488
0.0148835
0.0149103
0.0149139
0.0149406
0.0149445
0.0149711
0.0149752
0.0150018
0.0150061
0.0150326
0.0150371
0.0150635
0.0150682
0.0150946
0.0150996
0.0151258
0.015131
0.0151572
0.0153263
0.0153267
0.0151687
0.0151852
0.0152017
0.0152154
0.0152318
0.0152451
0.0152617
0.0152749
0.0152923
0.0153054
0.0153228
0.0153356
0.0153535
0.0153661
0.0153842
0.0153966
0.015415
0.0154272
0.015446
0.0154579
0.015624
0.0154772
0.015498
0.0156636
0.0155196
0.0155391
0.0157038
0.0155603
0.0155803
0.0157442
0.0156015
0.0156214
0.0157845
0.0156425
0.0156623
0.0158247
0.0156835
0.0157031
0.0158648
0.0157243
0.0157438
0.0159047
0.0157649
0.0157843
0.0159445
0.0158054
0.0158247
0.0159841
0.0158457
0.0158648
0.0160234
0.0158857
0.0159046
0.0160625
0.0159255
0.0159441
0.0161013
0.0159648
0.0159832
0.0161396
0.0160038
0.0160219
0.0161776
0.0160423
0.0160601
0.016215
0.0160803
0.0160978
0.0162519
0.0161177
0.0161348
0.0162882
0.0161545
0.0161712
0.0163238
0.0161906
0.0162069
0.0163588
0.016226
0.0162418
0.0163929
0.0162605
0.0162759
0.0164262
0.0162942
0.0163091
0.0164586
0.016327
0.0163413
0.0164901
0.0163588
0.0163726
0.0165206
0.0163896
0.0164028
0.01655
0.0164194
0.0164319
0.0165784
0.016448
0.0164599
0.0166056
0.0164754
0.0164867
0.0166316
0.0165016
0.0165122
0.0166564
0.0165266
0.0165365
0.0166798
0.0165503
0.0165594
0.016702
0.0165725
0.016581
0.0167228
0.0165934
0.0166011
0.0167421
0.0166129
0.0166198
0.01676
0.0166309
0.016637
0.0167764
0.0166474
0.0166526
0.0167913
0.0166623
0.0166667
0.0168046
0.0166757
0.0166793
0.0168163
0.0166874
0.0166902
0.0168264
0.0166976
0.0166994
0.0168349
0.016706
0.016707
0.0168417
0.0167128
0.0167129
0.0168468
0.0167179
0.0167171
0.0168501
0.0167212
0.0167195
0.0168518
0.0167228
0.0167202
0.0168517
0.0167227
0.0167191
0.0168498
0.0167208
0.0167163
0.0168461
0.0167171
0.0167116
0.0168407
0.0167116
0.0167052
0.0168335
0.0167043
0.016697
0.0168244
0.0166952
0.016687
0.0168136
0.0166843
0.0166752
0.016801
0.0166716
0.0166615
0.0167865
0.0166571
0.0166461
0.0167703
0.0166408
0.0166289
0.0167523
0.0166228
0.0166099
0.0167325
0.0166029
0.0165891
0.0167109
0.0165813
0.0165666
0.0166875
0.0165579
0.0165423
0.0166624
0.0165327
0.0165163
0.0166356
0.0165058
0.0164885
0.016607
0.0164772
0.0164591
0.0165767
0.016447
0.0164279
0.0165447
0.016415
0.0163951
0.0165111
0.0163814
0.0163607
0.0164758
0.0163461
0.0163246
0.0164389
0.0163093
0.016287
0.0164005
0.0162708
0.0162478
0.0163604
0.0162309
0.016207
0.0163188
0.0161893
0.0161647
0.0162757
0.0161463
0.016121
0.0162311
0.0161018
0.0160758
0.0161851
0.0160559
0.0160291
0.0161376
0.0160086
0.0159811
0.0160888
0.0159599
0.0159318
0.0160386
0.0159099
0.0158811
0.0159871
0.0158586
0.0158291
0.0159343
0.015806
0.0157759
0.0158802
0.0157521
0.0157215
0.015825
0.0156971
0.0156659
0.0157686
0.0156409
0.0156092
0.015711
0.0155836
0.0155513
0.0156523
0.0155253
0.0154925
0.0155926
0.0154658
0.0154325
0.0155318
0.0154054
0.0153716
0.0154701
0.015344
0.0153098
0.0154074
0.0152817
0.015247
0.0153438
0.0152185
0.0151834
0.0152793
0.0151544
0.0151189
0.015214
0.0150896
0.0150537
0.0151479
0.0150239
0.0149877
0.0150811
0.0149575
0.014921
0.0150135
0.0148905
0.0148536
0.0149453
0.0148228
0.0147856
0.0148765
0.0147544
0.014717
0.014807
0.0146855
0.0146478
0.014737
0.0146161
0.0145782
0.0146665
0.0145462
0.014508
0.0145955
0.0144758
0.0144374
0.0145241
0.014405
0.0143665
0.0144523
0.0143338
0.0142951
0.0143801
0.0142623
0.0142235
0.0143076
0.0141905
0.0141515
0.0142348
0.0141184
0.0140794
0.0141618
0.0140461
0.014007
0.0140885
0.0139736
0.0139344
0.0140151
0.013901
0.0138618
0.0139416
0.0138282
0.013789
0.013868
0.0137554
0.0137162
0.0137944
0.0136826
0.0136433
0.0137207
0.0136097
0.0135705
0.013647
0.0135369
0.0134978
0.0135734
0.0134642
0.0134251
0.0134999
0.0133916
0.0133526
0.0134266
0.0133191
0.0132803
0.0133534
0.0132469
0.0132081
0.0132804
0.0131748
0.0131362
0.0132076
0.013103
0.0130646
0.0131351
0.0130316
0.0129933
0.013063
0.0129604
0.0129223
0.0129912
0.0128896
0.0128517
0.0129198
0.0128192
0.0127816
0.0128488
0.0127493
0.0127119
0.0127782
0.0126798
0.0126427
0.0127082
0.0126109
0.012574
0.0126387
0.0125425
0.0125059
0.0125697
0.0124747
0.0124384
0.0125013
0.0124074
0.0123715
0.0124336
0.0123409
0.0123053
0.0123666
0.012275
0.0122397
0.0123002
0.0122099
0.012175
0.0122346
0.0121455
0.012111
0.0121698
0.0120819
0.0120478
0.0121057
0.0120191
0.0119854
0.0120425
0.0119572
0.0119239
0.0119802
0.0118961
0.0118634
0.0119188
0.011836
0.0118037
0.0118583
0.0117769
0.0117451
0.0117988
0.0117187
0.0116874
0.0117404
0.0116616
0.0116308
0.0116829
0.0116055
0.0115753
0.0116266
0.0115506
0.0115209
0.0115713
0.0114968
0.0114677
0.0115172
0.0114441
0.0114156
0.0114643
0.0113926
0.0113647
0.0114126
0.0113424
0.0113151
0.0113622
0.0112934
0.0112668
0.011313
0.0112457
0.0112197
0.0112652
0.0111994
0.0111741
0.0112186
0.0111544
0.0111298
0.0111735
0.0111108
0.0110869
0.0111298
0.0110686
0.0110454
0.0110875
0.0110279
0.0110055
0.0110467
0.0109887
0.010967
0.0110075
0.010951
0.0109301
0.0109697
0.0109149
0.0108947
0.0109335
0.0108804
0.010861
0.010899
0.0108475
0.0108289
0.0108661
0.0108162
0.0107985
0.0108348
0.0107866
0.0107697
0.0108052
0.0107588
0.0107427
0.0107774
0.0107326
0.0107175
0.0107513
0.0107083
0.010694
0.0107271
0.0106858
0.0106724
0.0107046
0.0106651
0.0106526
0.010684
0.0106462
0.0106347
0.0106653
0.0106293
0.0106187
0.0106485
0.0106143
0.0106047
0.0106336
0.0106012
0.0105926
0.0106207
0.0105901
0.0105825
0.0106098
0.010581
0.0105744
0.0106009
0.010574
0.0105684
0.0105941
0.010569
0.0105645
0.0105893
0.0105661
0.0105626
0.0105866
0.0105653
0.0105629
0.0105861
0.0105667
0.0105653
0.0105877
0.0105702
0.0105699
0.0105915
0.0105758
0.0105767
0.0105975
0.0105837
0.0105857
0.0106057
0.0105939
0.0105969
0.0106161
0.0106062
0.0106104
0.0106288
0.0106209
0.0106262
0.0106438
0.0106378
0.0106443
0.0106611
0.010657
0.0106647
0.0106806
0.0106786
0.0106875
0.0107026
0.0107025
0.0107125
0.0107269
0.0107288
0.01074
0.0107535
0.0107574
0.0107698
0.0107825
0.0107884
0.010802
0.0108139
0.0108218
0.0108367
0.0108478
0.0108576
0.0108737
0.010884
0.0108959
0.0109132
0.0109227
0.0109365
0.0109551
0.0109637
0.0109796
0.0109994
0.0110073
0.0110252
0.0110462
0.0110532
0.0110731
0.0110954
0.0111017
0.0111236
0.0111471
0.0111525
0.0111764
0.0112012
0.0112058
0.0112317
0.0112577
0.0112616
0.0112895
0.0113168
0.0113198
0.0113497
0.0113782
0.0113805
0.0114124
0.0114421
0.0114436
0.0114774
0.0115084
0.0115091
0.011545
0.0115772
0.011577
0.0116149
0.0116483
0.0116474
0.0116872
0.0117219
0.0117202
0.0117619
0.0117978
0.0117953
0.011839
0.0118762
0.0118728
0.0119185
0.0119568
0.0119527
0.0120003
0.0120398
0.0120349
0.0120844
0.0121252
0.0121194
0.0121708
0.0122128
0.0122063
0.0122596
0.0123027
0.0122953
0.0123505
0.0123948
0.0123867
0.0124437
0.0124891
0.0124802
0.0125391
0.0125857
0.012576
0.0126367
0.0126844
0.0126738
0.0127364
0.0127852
0.0127739
0.0128382
0.0128881
0.012876
0.0129421
0.012993
0.0129801
0.013048
0.0131
0.0130863
0.0131559
0.0132089
0.0131945
0.0132658
0.0133198
0.0133045
0.0133776
0.0134326
0.0134165
0.0134912
0.0135472
0.0135304
0.0136067
0.0136637
0.013646
0.013724
0.0137819
0.0137634
0.013843
0.0139018
0.0138825
0.0139637
0.0140234
0.0140033
0.014086
0.0141466
0.0141257
0.01421
0.0142713
0.0142497
0.0143354
0.0143976
0.0143752
0.0144624
0.0145253
0.0145021
0.0145908
0.0146545
0.0146304
0.0147205
0.014785
0.0147601
0.0148516
0.0149167
0.0148911
0.0149839
0.0150497
0.0150233
0.0151175
0.0151839
0.0151567
0.0152522
0.0153192
0.0152912
0.015388
0.0154556
0.0154268
0.0155248
0.015593
0.0155633
0.0156625
0.0157313
0.0157008
0.0158012
0.0158704
0.0158392
0.0159408
0.0160104
0.0159784
0.0160811
0.0161512
0.0161184
0.0162222
0.0162927
0.0162591
0.0163639
0.0164348
0.0164004
0.0165062
0.0165774
0.0165422
0.0166491
0.0167206
0.0166846
0.0167925
0.0168642
0.0168275
0.0169362
0.0170082
0.0169709
0.0170805
0.0171526
0.0171145
0.017225
0.0172972
0.0172584
0.0173708
0.0174432
0.0174035
0.0175158
0.0175888
0.0175483
0.0176614
0.0177337
0.0176924
0.017807
0.0178793
0.0179517
0.0180172
0.0180874
0.0180786
0.018063
0.0181406
0.0182261
0.0182832
0.0183625
0.0184203
0.0185009
0.0185589
0.0186405
0.0186985
0.018781
0.0188389
0.0189222
0.0189798
0.0190638
0.0191213
0.0192059
0.0192631
0.0193483
0.0194052
0.019491
0.0195476
0.0196339
0.0196905
0.0197768
0.0198336
0.0199198
0.0199768
0.0200629
0.02012
0.020206
0.0202634
0.0203492
0.0204068
0.0204925
0.0205502
0.0206357
0.0206935
0.0207789
0.0208368
0.020922
0.0209801
0.021065
0.0211232
0.021208
0.0212662
0.0213508
0.0214091
0.0213559
0.0214934
0.0215435
0.0214896
0.0216258
0.0216748
0.02162
0.0217564
0.0218049
0.0217494
0.0218861
0.0219339
0.0218777
0.0220147
0.0220619
0.0220049
0.0221421
0.0221886
0.0221309
0.0222683
0.0223141
0.0222556
0.0223932
0.0224382
0.022379
0.0225167
0.022561
0.022501
0.0226389
0.0226823
0.0226215
0.0227595
0.0228022
0.0227407
0.0228788
0.0229206
0.0228583
0.0229965
0.0230375
0.0229745
0.0231127
0.0231529
0.0230891
0.0232273
0.0232667
0.0232021
0.0233404
0.023379
0.0233136
0.023452
0.0234896
0.0234235
0.0235619
0.0235987
0.0235318
0.0236702
0.0237061
0.0236385
0.0237769
0.023812
0.0237436
0.023882
0.0239161
0.023847
0.0239853
0.0240186
0.0239487
0.0240871
0.0241195
0.0240488
0.0241871
0.0242186
0.0241471
0.0242855
0.0243161
0.0242438
0.0243821
0.0244119
0.0243388
0.0244771
0.0245059
0.0244321
0.0245703
0.0245982
0.0245236
0.0246618
0.0246888
0.0246134
0.0247516
0.0247777
0.0247015
0.0248396
0.0248648
0.0247879
0.0249259
0.0249502
0.0248724
0.0250104
0.0250338
0.0249553
0.0250932
0.0251157
0.0250364
0.0251742
0.0251958
0.0251157
0.0252534
0.0252741
0.0251932
0.0253309
0.0253506
0.025269
0.0254066
0.0254254
0.025343
0.0254805
0.0254984
0.0254152
0.0255526
0.0255697
0.0254856
0.025623
0.0256391
0.0255543
0.0256916
0.0257068
0.0256211
0.0257583
0.0257726
0.0256862
0.0258233
0.0258367
0.0257495
0.0258865
0.025899
0.025811
0.0259479
0.0259595
0.0258707
0.0260076
0.0260182
0.0259286
0.0260654
0.0260751
0.0259847
0.0261214
0.0261303
0.0260391
0.0261756
0.0261836
0.0260916
0.0262281
0.0262351
0.0261423
0.0262787
0.0262848
0.0261912
0.0263275
0.0263328
0.0262384
0.0263746
0.0263789
0.0262837
0.0264198
0.0264233
0.0263272
0.0264632
0.0264658
0.026369
0.0265049
0.0265065
0.0264089
0.0265447
0.0265455
0.026447
0.0265828
0.0265826
0.0264834
0.026619
0.026618
0.0265179
0.0266534
0.0266515
0.0265506
0.0266861
0.0266833
0.0265816
0.0267169
0.0267132
0.0266107
0.0267459
0.0267413
0.026638
0.0267731
0.0267677
0.0266636
0.0267986
0.0267922
0.0266873
0.0268222
0.026815
0.0267092
0.026844
0.0268359
0.0267293
0.026864
0.0268551
0.0267477
0.0268823
0.0268724
0.0267642
0.0268987
0.026888
0.0267789
0.0269133
0.0269017
0.0267919
0.0269261
0.0269137
0.026803
0.0269371
0.0269238
0.0268123
0.0269464
0.0269322
0.0268199
0.0269538
0.0269388
0.0268256
0.0269594
0.0269435
0.0268295
0.0269632
0.0269465
0.0268317
0.0269653
0.0269477
0.026832
0.0269655
0.0269471
0.0268306
0.026964
0.0269447
0.0268274
0.0269606
0.0269405
0.0268224
0.0269555
0.0269346
0.0268156
0.0269486
0.0269268
0.026807
0.0269399
0.0269173
0.0267966
0.0269295
0.026906
0.0267845
0.0269172
0.0268929
0.0267705
0.0269032
0.026878
0.0267548
0.0268874
0.0268614
0.0267374
0.0268698
0.026843
0.0267182
0.0268505
0.0268229
0.0266972
0.0268294
0.026801
0.0266745
0.0268066
0.0267774
0.02665
0.026782
0.026752
0.0266237
0.0267557
0.0267249
0.0265958
0.0267276
0.026696
0.0265661
0.0266978
0.0266654
0.0265346
0.0266663
0.0266332
0.0265015
0.0266331
0.0265992
0.0264667
0.0265982
0.0265635
0.0264301
0.0265616
0.0265261
0.0263919
0.0265232
0.026487
0.0263519
0.0264832
0.0264462
0.0263103
0.0264416
0.0264038
0.026267
0.0263982
0.0263597
0.0262221
0.0263532
0.026314
0.0261755
0.0263066
0.0262666
0.0261273
0.0262584
0.0262177
0.0260775
0.0262085
0.0261671
0.0260261
0.026157
0.0261149
0.025973
0.026104
0.0260611
0.0259184
0.0260493
0.0260058
0.0258622
0.0259931
0.0259489
0.0258045
0.0259354
0.0258905
0.0257452
0.0258761
0.0258306
0.0256844
0.0258153
0.0257691
0.0256221
0.025753
0.0257062
0.0255583
0.0256892
0.0256417
0.025493
0.025624
0.0255759
0.0254263
0.0255573
0.0255086
0.0253581
0.0254891
0.0254398
0.0252885
0.0254196
0.0253697
0.0252175
0.0253487
0.0252982
0.0251451
0.0252764
0.0252253
0.0250714
0.0252027
0.0251511
0.0249963
0.0251277
0.0250755
0.0249199
0.0250515
0.0249987
0.0248422
0.0249739
0.0249206
0.0247633
0.024895
0.0248412
0.024683
0.0248149
0.0247607
0.0246016
0.0247336
0.0246789
0.0245189
0.0246511
0.0245959
0.0244351
0.0245675
0.0245117
0.0243501
0.0244826
0.0244265
0.0242639
0.0243967
0.0243401
0.0241767
0.0243097
0.0242526
0.0240884
0.0242216
0.0241641
0.023999
0.0241324
0.0240745
0.0239086
0.0240422
0.023984
0.0238172
0.0239511
0.0238924
0.0237248
0.023859
0.0238
0.0236315
0.0237659
0.0237066
0.0235372
0.023672
0.0236123
0.023442
0.0235771
0.0235171
0.023346
0.0234814
0.0234211
0.0232492
0.0233849
0.0233243
0.0231515
0.0232876
0.0232267
0.0230531
0.0231895
0.0231284
0.0229539
0.0230907
0.0230293
0.022854
0.0229912
0.0229296
0.0227534
0.022891
0.0228292
0.0226522
0.0227902
0.0227282
0.0225503
0.0226888
0.0226265
0.0224479
0.0225868
0.0225244
0.0223448
0.0224842
0.0224217
0.0222413
0.0223812
0.0223184
0.0221372
0.0222776
0.0222147
0.0220327
0.0221736
0.0221106
0.0219277
0.0220691
0.0220061
0.0218224
0.0219643
0.0219012
0.0217166
0.0218591
0.0217959
0.0216105
0.0217536
0.0216904
0.0215042
0.0216479
0.0215846
0.0213975
0.0215418
0.0214785
0.0212906
0.0214355
0.0213722
0.0211835
0.0213291
0.0212658
0.0210762
0.0212224
0.0211592
0.0209688
0.0211157
0.0210524
0.0208612
0.0210088
0.0209457
0.0207536
0.0209019
0.0208388
0.020646
0.020795
0.020732
0.0205383
0.0206881
0.0206252
0.0204307
0.0205812
0.0205184
0.0203232
0.0204744
0.0204118
0.0202157
0.0203678
0.0203053
0.0201084
0.0202612
0.0201989
0.0200012
0.0201549
0.0200928
0.0198942
0.0200488
0.0199868
0.0197875
0.0199429
0.0198812
0.019681
0.0198373
0.0197758
0.0195749
0.019732
0.0196708
0.019469
0.0196271
0.0195661
0.0193636
0.0195226
0.0194619
0.0192585
0.0194185
0.0193581
0.0191539
0.0193148
0.0192547
0.0190498
0.0192117
0.0191519
0.0189462
0.019109
0.0190496
0.0188431
0.019007
0.0189479
0.0187407
0.0189055
0.0188468
0.0186388
0.0188047
0.0187464
0.0185376
0.0187046
0.0186467
0.0184371
0.0186051
0.0185477
0.0183373
0.0185064
0.0184494
0.0182383
0.0184085
0.0183519
0.01814
0.0183114
0.0182553
0.0180426
0.0182152
0.0181595
0.0179461
0.0181198
0.0180647
0.0178505
0.0180253
0.0179707
0.0177558
0.0179318
0.0178778
0.017662
0.0178393
0.0177858
0.0175693
0.0177478
0.0176949
0.0174777
0.0176574
0.017605
0.0173871
0.0175681
0.0175163
0.0172976
0.0174799
0.0174287
0.0172093
0.0173929
0.0173423
0.0171221
0.0173071
0.0172571
0.0170362
0.0172225
0.0171732
0.0169515
0.0171392
0.0170905
0.0168682
0.0170572
0.0170092
0.0167861
0.0169765
0.0169293
0.0167054
0.0168972
0.0168507
0.0166261
0.0168193
0.0167735
0.0165483
0.0167429
0.0166979
0.0164719
0.016668
0.0166237
0.0163969
0.0165945
0.016551
0.0163236
0.0165226
0.0164799
0.0162518
0.0164523
0.0164104
0.0161816
0.0163836
0.0163425
0.016113
0.0163166
0.0162763
0.0160461
0.0162513
0.0162118
0.0159809
0.0161876
0.016149
0.0159174
0.0161257
0.016088
0.0158557
0.0160656
0.0160287
0.0157957
0.0160073
0.0159713
0.0157376
0.0159508
0.0159157
0.0156814
0.0158962
0.0158621
0.0156271
0.0158435
0.0158103
0.0155746
0.0157928
0.0157605
0.0155242
0.015744
0.0157127
0.0154757
0.0156972
0.0156668
0.0154292
0.0156524
0.015623
0.0153847
0.0156097
0.0155813
0.0153423
0.0155691
0.0155417
0.015302
0.0155305
0.0155041
0.0152638
0.0154941
0.0154687
0.0152278
0.0154599
0.0154355
0.015194
0.0154278
0.0154045
0.0151623
0.0153979
0.0153757
0.0151328
0.0153703
0.0153491
0.0151057
0.015345
0.0153248
0.0150807
0.0153219
0.0153028
0.0150581
0.0153011
0.0152831
0.0150378
0.0152826
0.0152658
0.0150198
0.0152665
0.0152507
0.0150042
0.0152528
0.0152381
0.0149909
0.0152414
0.0152278
0.01498
0.0152324
0.01522
0.0149716
0.0152259
0.0152146
0.0149655
0.0152218
0.0152116
0.014962
0.0152201
0.0152111
0.0149608
0.0152209
0.015213
0.0149622
0.0152242
0.0152174
0.014966
0.01523
0.0152243
0.0149723
0.0152382
0.0152338
0.0149812
0.015249
0.0152457
0.0149925
0.0152623
0.0152602
0.0150064
0.0152782
0.0152772
0.0150228
0.0152965
0.0152967
0.0150418
0.0153175
0.0153188
0.0150633
0.0153409
0.0153434
0.0150874
0.015367
0.0153706
0.015114
0.0153955
0.0154003
0.0151432
0.0154267
0.0154326
0.0151749
0.0154604
0.0154675
0.0152092
0.0154967
0.0155049
0.015246
0.0155355
0.0155449
0.0152855
0.0155768
0.0155874
0.0153274
0.0156208
0.0156324
0.0153719
0.0156672
0.01568
0.015419
0.0157162
0.0157302
0.0154686
0.0157678
0.0157828
0.0155207
0.0158218
0.015838
0.0155753
0.0158784
0.0158957
0.0156325
0.0159375
0.0159559
0.0156921
0.015999
0.0160185
0.0157542
0.016063
0.0160836
0.0158188
0.0161295
0.0161512
0.0158858
0.0161984
0.0162212
0.0159553
0.0162698
0.0162936
0.0160271
0.0163435
0.0163683
0.0161014
0.0164197
0.0164455
0.016178
0.0164981
0.016525
0.016257
0.016579
0.0166068
0.0163383
0.0166621
0.016691
0.0164219
0.0167475
0.0167774
0.0165078
0.0168352
0.016866
0.016596
0.0169251
0.0169569
0.0166863
0.0170172
0.01705
0.0167789
0.0171115
0.0171452
0.0168736
0.017208
0.0172425
0.0169704
0.0173065
0.017342
0.0170693
0.0174071
0.0174434
0.0171703
0.0175098
0.017547
0.0172733
0.0176144
0.0176525
0.0173783
0.0177211
0.0177599
0.0174852
0.0178296
0.0178693
0.0179401
0.0179874
0.0180598
0.0181076
0.018181
0.0182288
0.0183029
0.0183508
0.0184254
0.0184734
0.0185487
0.0185968
0.0186727
0.0187209
0.0187975
0.0188458
0.0189231
0.0189714
0.0190494
0.0190978
0.0191765
0.019225
0.0193043
0.019353
0.019433
0.0194816
0.0195623
0.0196111
0.0196924
0.0197412
0.0198232
0.0198721
0.0199546
0.0200036
0.0200868
0.0201358
0.0202196
0.0202687
0.020353
0.0204022
0.0204871
0.0205363
0.0206216
0.0206711
0.0207567
0.0208064
0.0208923
0.0209423
0.0210284
0.0210787
0.021165
0.0212155
0.021302
0.0213528
0.0214394
0.0214905
0.0215772
0.0216286
0.0217154
0.021767
0.021854
0.0219058
0.0219928
0.0220448
0.022132
0.0221842
0.0222714
0.0223238
0.0224111
0.0224636
0.0225509
0.0226037
0.022691
0.0227439
0.0228311
0.0228842
0.0229714
0.0226593
0.0230247
0.0231177
0.0228049
0.0231715
0.0232656
0.0229522
0.0233193
0.0234135
0.0230995
0.023467
0.0235611
0.0232465
0.0236143
0.0237083
0.0233932
0.0237613
0.0238551
0.0235394
0.0239079
0.0240015
0.0236852
0.024054
0.0241475
0.0238306
0.0241997
0.024293
0.0239755
0.0243449
0.024438
0.0241199
0.0244895
0.0245823
0.0242636
0.0246335
0.0247259
0.0244066
0.0247768
0.0248688
0.0245489
0.0249193
0.025011
0.0246904
0.0250609
0.025152
0.0248299
0.0252006
0.025291
0.024968
0.0253388
0.0254285
0.0251046
0.0254753
0.0255644
0.0252395
0.02561
0.0256986
0.0253731
0.0257435
0.0258317
0.0255056
0.025876
0.0259636
0.0256369
0.0260073
0.0260944
0.0257671
0.0261374
0.026224
0.025896
0.0262662
0.0263522
0.0260237
0.0263938
0.0264792
0.0261501
0.02652
0.0266048
0.0262751
0.0266448
0.026729
0.0263986
0.0267682
0.0268517
0.0265208
0.0268901
0.0269729
0.0266414
0.0270105
0.0270925
0.0267604
0.0271293
0.0272106
0.0268779
0.0272465
0.027327
0.0269937
0.0273621
0.0274417
0.0271078
0.0274759
0.0275547
0.0272202
0.027588
0.027666
0.0273309
0.0276983
0.0277754
0.0274397
0.0278068
0.027883
0.0275467
0.0279134
0.0279887
0.0276518
0.0280181
0.0280925
0.027755
0.028121
0.0281943
0.0278563
0.0282218
0.0282942
0.0279556
0.0283206
0.028392
0.0280528
0.0284175
0.0284878
0.028148
0.0285122
0.0285815
0.0282412
0.0286049
0.0286731
0.0283322
0.0286955
0.0287626
0.0284211
0.0287839
0.02885
0.0285079
0.0288702
0.0289351
0.0285925
0.0289542
0.0290181
0.0286749
0.0290361
0.0290988
0.028755
0.0291157
0.0291772
0.0288329
0.0291931
0.0292535
0.0289086
0.0292682
0.0293274
0.0289819
0.029341
0.029399
0.029053
0.0294115
0.0294683
0.0291217
0.0294796
0.0295352
0.0291881
0.0295455
0.0295998
0.0292522
0.0296089
0.0296621
0.0293139
0.02967
0.0297219
0.0293732
0.0297287
0.0297794
0.0294301
0.0297851
0.0298345
0.0294846
0.029839
0.0298872
0.0295368
0.0298905
0.0299374
0.0295865
0.0299397
0.0299853
0.0296338
0.0299863
0.0300307
0.0296786
0.0300306
0.0300737
0.029721
0.0300724
0.0301142
0.029761
0.0301118
0.0301523
0.0297986
0.0301487
0.0301879
0.0298337
0.0301832
0.0302211
0.0298664
0.0302153
0.0302519
0.0298966
0.0302449
0.0302802
0.0299243
0.030272
0.030306
0.0299497
0.0302967
0.0303294
0.0299725
0.030319
0.0303504
0.0299929
0.0303388
0.0303689
0.0300109
0.0303562
0.0303849
0.0300265
0.0303711
0.0303986
0.0300396
0.0303836
0.0304097
0.0300502
0.0303937
0.0304185
0.0300585
0.0304013
0.0304248
0.0300643
0.0304065
0.0304287
0.0300677
0.0304093
0.0304302
0.0300686
0.0304097
0.0304293
0.0300672
0.0304077
0.030426
0.0300634
0.0304032
0.0304203
0.0300571
0.0303964
0.0304122
0.0300485
0.0303872
0.0304017
0.0300375
0.0303757
0.0303889
0.0300242
0.0303617
0.0303737
0.0300084
0.0303455
0.0303561
0.0299904
0.0303268
0.0303362
0.02997
0.0303059
0.030314
0.0299472
0.0302826
0.0302894
0.0299222
0.0302569
0.0302625
0.0298948
0.030229
0.0302334
0.0298651
0.0301988
0.0302019
0.0298331
0.0301663
0.0301682
0.0297989
0.0301315
0.0301321
0.0297624
0.0300945
0.0300939
0.0297236
0.0300552
0.0300534
0.0296826
0.0300137
0.0300107
0.0296394
0.02997
0.0299657
0.029594
0.029924
0.0299186
0.0295463
0.0298759
0.0298692
0.0294965
0.0298256
0.0298177
0.0294445
0.0297731
0.029764
0.0293903
0.0297184
0.0297082
0.029334
0.0296616
0.0296502
0.0292755
0.0296027
0.0295902
0.029215
0.0295417
0.029528
0.0291523
0.0294786
0.0294637
0.0290876
0.0294134
0.0293974
0.0290207
0.0293462
0.029329
0.0289519
0.0292769
0.0292586
0.028881
0.0292055
0.0291862
0.0288081
0.0291322
0.0291117
0.0287331
0.0290569
0.0290353
0.0286562
0.0289796
0.0289569
0.0285774
0.0289003
0.0288766
0.0284966
0.0288192
0.0287944
0.0284139
0.0287361
0.0287102
0.0283293
0.0286511
0.0286242
0.0282428
0.0285642
0.0285363
0.0281544
0.0284755
0.0284466
0.0280642
0.028385
0.0283551
0.0279722
0.0282926
0.0282617
0.0278784
0.0281985
0.0281666
0.0277828
0.0281027
0.0280698
0.0276855
0.028005
0.0279712
0.0275865
0.0279057
0.027871
0.0274858
0.0278048
0.0277691
0.0273834
0.0277021
0.0276655
0.0272794
0.0275979
0.0275604
0.0271738
0.027492
0.0274536
0.0270666
0.0273846
0.0273453
0.0269578
0.0272756
0.0272355
0.0268476
0.0271652
0.0271242
0.0267358
0.0270532
0.0270115
0.0266226
0.0269398
0.0268973
0.026508
0.0268251
0.0267818
0.026392
0.0267089
0.0266648
0.0262746
0.0265914
0.0265466
0.0261559
0.0264726
0.0264271
0.026036
0.0263526
0.0263063
0.0259148
0.0262313
0.0261844
0.0257924
0.0261088
0.0260612
0.0256688
0.0259852
0.025937
0.0255441
0.0258605
0.0258116
0.0254183
0.0257347
0.0256853
0.0252915
0.0256079
0.0255579
0.0251637
0.0254801
0.0254295
0.0250349
0.0253514
0.0253003
0.0249052
0.0252218
0.0251702
0.0247747
0.0250913
0.0250392
0.0246433
0.0249601
0.0249075
0.0245112
0.0248281
0.0247751
0.0243783
0.0246954
0.024642
0.0242448
0.024562
0.0245082
0.0241106
0.024428
0.0243739
0.0239759
0.0242935
0.0242391
0.0238406
0.0241585
0.0241037
0.0237049
0.024023
0.023968
0.0235687
0.0238872
0.0238319
0.0234322
0.023751
0.0236955
0.0232954
0.0236145
0.0235588
0.0231583
0.0234777
0.0234219
0.023021
0.0233408
0.0232849
0.0228835
0.0232038
0.0231477
0.022746
0.0230667
0.0230105
0.0226084
0.0229296
0.0228734
0.0224709
0.0227925
0.0227363
0.0223334
0.0226555
0.0225993
0.022196
0.0225187
0.0224626
0.0220589
0.0223821
0.0223261
0.021922
0.0222458
0.0221898
0.0217854
0.0221098
0.022054
0.0216491
0.0219742
0.0219186
0.0215133
0.0218391
0.0217836
0.021378
0.0217044
0.0216492
0.0212432
0.0215703
0.0215154
0.021109
0.0214369
0.0213822
0.0209754
0.0213041
0.0212497
0.0208426
0.021172
0.021118
0.0207105
0.0210408
0.0209871
0.0205793
0.0209104
0.0208571
0.0204489
0.0207809
0.0207281
0.0203195
0.0206523
0.0206
0.020191
0.0205248
0.0204729
0.0200636
0.0203983
0.020347
0.0199373
0.020273
0.0202222
0.0198122
0.0201488
0.0200986
0.0196882
0.0200258
0.0199762
0.0195655
0.0199042
0.0198551
0.0194441
0.0197838
0.0197354
0.019324
0.0196648
0.0196171
0.0192054
0.0195473
0.0195003
0.0190882
0.0194312
0.0193849
0.0189725
0.0193166
0.019271
0.0188583
0.0192036
0.0191588
0.0187457
0.0190921
0.0190481
0.0186347
0.0189823
0.0189392
0.0185254
0.0188742
0.0188319
0.0184178
0.0187678
0.0187263
0.0183119
0.0186632
0.0186226
0.0182078
0.0185603
0.0185206
0.0181055
0.0184593
0.0184205
0.0180051
0.0183602
0.0183222
0.0179065
0.0182629
0.0182259
0.0178099
0.0181675
0.0181314
0.0177151
0.0180741
0.018039
0.0176223
0.0179826
0.0179485
0.0175315
0.0178931
0.01786
0.0174428
0.0178057
0.0177735
0.017356
0.0177203
0.0176891
0.0172713
0.0176369
0.0176067
0.0171886
0.0175556
0.0175264
0.017108
0.0174764
0.0174482
0.0170295
0.0173992
0.0173721
0.0169531
0.0173242
0.0172981
0.0168788
0.0172513
0.0172262
0.0168066
0.0171805
0.0171565
0.0167366
0.0171118
0.0170888
0.0166686
0.0170452
0.0170233
0.0166028
0.0169808
0.0169599
0.0165392
0.0169185
0.0168987
0.0164776
0.0168583
0.0168395
0.0164182
0.0168003
0.0167825
0.0163609
0.0167443
0.0167276
0.0163057
0.0166905
0.0166748
0.0162526
0.0166387
0.016624
0.0162016
0.0165891
0.0165754
0.0161527
0.0165415
0.0165288
0.0161058
0.016496
0.0164842
0.016061
0.0164525
0.0164417
0.0160182
0.016411
0.0164012
0.0159774
0.0163715
0.0163627
0.0159386
0.016334
0.0163261
0.0159018
0.0162985
0.0162915
0.015867
0.0162648
0.0162589
0.015834
0.0162331
0.0162281
0.015803
0.0162033
0.0161991
0.0157738
0.0161754
0.0161721
0.0157464
0.0161492
0.0161468
0.0157209
0.0161249
0.0161233
0.0156971
0.0161023
0.0161015
0.0156751
0.0160814
0.0160815
0.0156548
0.0160623
0.0160631
0.0156362
0.0160448
0.0160464
0.0156192
0.0160289
0.0160313
0.0156039
0.0160146
0.0160177
0.0155901
0.0160019
0.0160057
0.0155778
0.0159907
0.0159952
0.0155671
0.0159809
0.0159862
0.0155578
0.0159726
0.0159785
0.0155499
0.0159657
0.0159723
0.0155434
0.0159602
0.0159674
0.0155382
0.015956
0.0159638
0.0155344
0.0159531
0.0159614
0.0155318
0.0159514
0.0159603
0.0159509
0.0159597
0.0159536
0.0159638
0.015959
0.0159704
0.0159665
0.0159786
0.0159752
0.0159878
0.0159848
0.0159977
0.0159949
0.0160081
0.0160054
0.0160187
0.0160162
0.0160296
0.0160272
0.0160407
0.0160383
0.0160518
0.0160495
0.016063
0.0160607
0.0160742
0.016072
0.0160855
0.0160833
0.0160968
0.0160947
0.0161081
0.016106
0.0161194
0.0161173
0.0161307
0.0161286
0.016142
0.01614
0.0161533
0.0161513
0.0161645
0.0161625
0.0161758
0.0161738
0.016187
0.016185
0.0161982
0.0161962
0.0162093
0.0162074
0.0162204
0.0162186
0.0162315
0.0162296
0.0162425
0.0162407
0.0162535
0.0162517
0.0162644
0.0162627
0.0162753
0.0162736
0.0162862
0.0162844
0.0162969
0.0162952
0.0163076
0.0163059
0.0163183
0.0163166
0.0163289
0.0163272
0.0163394
0.0163377
0.0163498
0.0163482
0.0163602
0.0163586
0.0163705
0.0163689
0.0163807
0.0163791
0.0163908
0.0163892
0.0164009
0.0163993
0.0164108
0.0164093
0.0164207
0.0164192
0.0164305
0.016429
0.0164402
0.0164387
0.0164498
0.0164483
0.0164593
0.0164579
0.0164688
0.0164673
0.0164781
0.0164767
0.0164873
0.0164859
0.0164964
0.0164951
0.0165054
0.0165041
0.0165144
0.016513
0.0165232
0.0165219
0.0165319
0.0165306
0.0165404
0.0165392
0.0165489
0.0165477
0.0165574
0.0165562
0.0165658
0.0165647
0.0165743
0.0165733
0.0165827
0.0165819
0.0165912
0.0161481
0.0165906
0.0166009
0.0161577
0.0166019
0.016616
0.0161725
0.016618
0.0166323
0.0161887
0.0166349
0.0166497
0.0162059
0.0166527
0.0166678
0.0162238
0.016671
0.0166863
0.0162421
0.0166896
0.016705
0.0162607
0.0167084
0.0167238
0.0162793
0.0167271
0.0167425
0.0162978
0.0167457
0.016761
0.0163162
0.0167642
0.0167794
0.0163343
0.0167824
0.0167974
0.0163522
0.0168003
0.0168152
0.0163698
0.0168179
0.0168326
0.016387
0.0168351
0.0168496
0.0164039
0.0168519
0.0168662
0.0164203
0.0168683
0.0168823
0.0164363
0.0168842
0.016898
0.0164518
0.0168997
0.0169132
0.0164669
0.0169146
0.0169278
0.0164813
0.016929
0.0169419
0.0164953
0.0169427
0.0169554
0.0165086
0.0169559
0.0169683
0.0165213
0.0169685
0.0169805
0.0165334
0.0169804
0.016992
0.0165448
0.0169916
0.0170029
0.0165555
0.0170021
0.017013
0.0165654
0.0170119
0.0170223
0.0165747
0.0170209
0.0170309
0.0165831
0.0170291
0.0170387
0.0165907
0.0170364
0.0170457
0.0165975
0.017043
0.0170517
0.0166035
0.0170487
0.017057
0.0166086
0.0170535
0.0170613
0.0166128
0.0170573
0.0170647
0.016616
0.0170603
0.0170671
0.0166183
0.0170623
0.0170686
0.0166197
0.0170633
0.0170691
0.0166201
0.0170633
0.0170686
0.0166194
0.0170623
0.0170671
0.0166178
0.0170603
0.0170645
0.0166151
0.0170572
0.0170609
0.0166113
0.0170531
0.0170562
0.0166065
0.0170479
0.0170504
0.0166006
0.0170416
0.0170435
0.0165936
0.0170342
0.0170355
0.0165855
0.0170256
0.0170264
0.0165763
0.017016
0.0170161
0.0165659
0.0170052
0.0170047
0.0165544
0.0169932
0.0169922
0.0165417
0.0169801
0.0169785
0.0165279
0.0169659
0.0169636
0.0165129
0.0169504
0.0169475
0.0164967
0.0169338
0.0169303
0.0164794
0.016916
0.0169119
0.0164609
0.0168971
0.0168923
0.0164412
0.0168769
0.0168715
0.0164203
0.0168556
0.0168496
0.0163983
0.0168331
0.0168265
0.0163751
0.0168095
0.0168022
0.0163507
0.0167847
0.0167767
0.0163252
0.0167587
0.0167501
0.0162984
0.0167315
0.0167224
0.0162706
0.0167033
0.0166936
0.0162417
0.016674
0.0166638
0.0162119
0.0166437
0.0166331
0.016181
0.0166125
0.0166015
0.0161494
0.0165805
0.0165691
0.0161169
0.0165477
0.016536
0.0160837
0.0165141
0.016502
0.0160497
0.0164798
0.0164674
0.0160149
0.0164447
0.016432
0.0159794
0.0164089
0.0163958
0.0159432
0.0163724
0.0163589
0.0159062
0.0163351
0.0163213
0.0158685
0.0162971
0.0162829
0.0158301
0.0162584
0.0162438
0.0157909
0.0162189
0.016204
0.015751
0.0161787
0.0161635
0.0157104
0.0161379
0.0161222
0.0156691
0.0160963
0.0160803
0.0156271
0.0160539
0.0160376
0.0155844
0.0160109
0.0159943
0.015541
0.0159673
0.0159502
0.0154969
0.0159229
0.0159055
0.0154521
0.0158778
0.0158601
0.0154066
0.0158321
0.015814
0.0153605
0.0157858
0.0157673
0.0153138
0.0157388
0.01572
0.0152664
0.0156912
0.015672
0.0152183
0.0156429
0.0156234
0.0151697
0.0155941
0.0155743
0.0151205
0.0155446
0.0155245
0.0150706
0.0154946
0.0154741
0.0150203
0.015444
0.0154232
0.0149693
0.0153929
0.0153718
0.0149178
0.0153413
0.0153198
0.0148658
0.0152891
0.0152673
0.0148133
0.0152364
0.0152144
0.0147603
0.0151833
0.0151609
0.0147068
0.0151297
0.015107
0.0146529
0.0150756
0.0150527
0.0145985
0.0150212
0.014998
0.0145437
0.0149663
0.0149428
0.0144886
0.014911
0.0148873
0.014433
0.0148554
0.0148315
0.0143772
0.0147995
0.0147753
0.014321
0.0147432
0.0147188
0.0142645
0.0146867
0.0146621
0.0142077
0.0146299
0.0146051
0.0141507
0.0145729
0.0145478
0.0140934
0.0145156
0.0144904
0.014036
0.0144582
0.0144328
0.0139783
0.0144006
0.014375
0.0139206
0.0143429
0.0143172
0.0138627
0.014285
0.0142592
0.0138047
0.0142271
0.0142012
0.0137467
0.0141692
0.0141431
0.0136886
0.0141112
0.0140851
0.0136306
0.0140533
0.014027
0.0135725
0.0139954
0.0139691
0.0135145
0.0139375
0.0139112
0.0134567
0.0138798
0.0138535
0.0133989
0.0138222
0.0137959
0.0133413
0.0137648
0.0137385
0.0132839
0.0137076
0.0136813
0.0132267
0.0136507
0.0136243
0.0131698
0.013594
0.0135677
0.0131132
0.0135376
0.0135114
0.0130569
0.0134816
0.0134555
0.0130009
0.0134259
0.0133999
0.0129454
0.0133706
0.0133448
0.0128903
0.0133158
0.0132901
0.0128357
0.0132615
0.013236
0.0127815
0.0132077
0.0131824
0.0127279
0.0131545
0.0131293
0.0126749
0.0131019
0.0130769
0.0126225
0.0130499
0.0130252
0.0125708
0.0129985
0.0129741
0.0125198
0.0129479
0.0129238
0.0124694
0.0128981
0.0128742
0.0124199
0.012849
0.0128255
0.0123712
0.0128007
0.0127776
0.0123233
0.0127533
0.0127305
0.0122763
0.0127068
0.0126844
0.0122302
0.0126613
0.0126393
0.0121851
0.0126167
0.0125951
0.012141
0.0125731
0.0125521
0.012098
0.0125307
0.01251
0.012056
0.0124893
0.0124692
0.0120151
0.012449
0.0124294
0.0119754
0.0124099
0.0123909
0.011937
0.0123721
0.0123536
0.0118997
0.0123355
0.0123178
0.0118639
0.0123003
0.0122833
0.0118295
0.0122666
0.0122504
0.0117966
0.0122344
0.0122176
0.0117639
0.0122024
0.012187
0.0117334
0.0121726
0.012158
0.0117044
0.0121443
0.0121305
0.0116769
0.0121176
0.0121045
0.011651
0.0120925
0.0120802
0.0116267
0.012069
0.0120574
0.0116041
0.0120471
0.0120364
0.0115831
0.0120269
0.012017
0.0115638
0.0120085
0.0119994
0.0115463
0.0119918
0.0119836
0.0115305
0.0119769
0.0119696
0.0115166
0.0119638
0.0119575
0.0115045
0.0119526
0.0119473
0.0114943
0.0119433
0.0119389
0.0114861
0.0119359
0.0119326
0.0114798
0.0119305
0.0119282
0.0114755
0.0119272
0.0119259
0.0114732
0.0119258
0.0119256
0.011473
0.0119266
0.0119274
0.0114749
0.0119294
0.0119314
0.011479
0.0119344
0.0119375
0.0114852
0.0119415
0.0119458
0.0114935
0.0119509
0.0119563
0.0115041
0.0119625
0.0119691
0.011517
0.0119763
0.0119841
0.0115321
0.0119924
0.0120012
0.0115493
0.0120106
0.0120205
0.0115687
0.0120309
0.0120427
0.0115909
0.0120543
0.0120672
0.0116155
0.0120798
0.012094
0.0116425
0.0121077
0.0121232
0.0116718
0.0121381
0.0121548
0.0117035
0.0121708
0.012189
0.0117377
0.012206
0.0122255
0.0117744
0.0122437
0.0122646
0.0118136
0.0122839
0.0123062
0.0118553
0.0123266
0.0123503
0.0118995
0.0123718
0.0123969
0.0119462
0.0124196
0.0124461
0.0119955
0.0124698
0.0124978
0.0120473
0.0125227
0.0125521
0.0121017
0.012578
0.0126089
0.0121587
0.012636
0.0126683
0.0122182
0.0126965
0.0124747
0.0122632
0.012373
0.0122926
0.0125019
0.0129223
0.0124726
0.0130121
0.0130921
0.0126446
0.0131617
0.0132275
0.0127797
0.0132866
0.0133448
0.012897
0.0133982
0.013452
0.0130043
0.0135023
0.0135538
0.0131062
0.0136025
0.0136529
0.0132054
0.0137011
0.0137512
0.0133039
0.0137994
0.0138497
0.0134026
0.0138985
0.0139493
0.0135542
0.0142125
0.0143275
0.0138855
0.0144356
0.0145295
0.0140857
0.0146143
0.0147146
0.0142687
0.0147922
0.0148749
0.01443
0.0149463
0.0150226
0.0145777
0.0150898
0.0151625
0.0147177
0.0152273
0.0152979
0.0148532
0.0149045
0.0148593
0.0153216
0.0154317
0.0149839
0.015485
0.0155632
0.0151156
0.0156172
0.0156962
0.0152487
0.0157506
0.0158301
0.0153827
0.0158848
0.0159648
0.0155176
0.0160201
0.0161006
0.0156536
0.0161564
0.0162376
0.0157907
0.016294
0.0163758
0.015929
0.0164327
0.0165152
0.0160686
0.0165727
0.0166557
0.0162093
0.0167138
0.0167974
0.0163511
0.016856
0.0169401
0.016494
0.0169992
0.0170839
0.016638
0.0171435
0.0172287
0.0167829
0.0172887
0.0173744
0.0169288
0.0174349
0.017521
0.0170755
0.0175818
0.0176683
0.017223
0.0177295
0.0178164
0.0173712
0.0178779
0.0179651
0.0175201
0.018027
0.0181145
0.0176696
0.0181766
0.0182643
0.0178196
0.0183267
0.0184146
0.0179701
0.0184772
0.0185652
0.0181209
0.018628
0.0187162
0.0182721
0.0187791
0.0188674
0.0184234
0.0189304
0.0190187
0.0185749
0.0190818
0.0191701
0.0187265
0.0192333
0.0193216
0.0188781
0.0193847
0.0194729
0.0190297
0.019536
0.0196241
0.019181
0.0196872
0.0197751
0.0193322
0.019838
0.0199257
0.019483
0.0199886
0.020076
0.0196335
0.0201387
0.0202258
0.0197835
0.0202883
0.0203751
0.019933
0.0204374
0.0205238
0.0200818
0.0205858
0.0206717
0.02023
0.0207334
0.0208189
0.0203774
0.0208803
0.0209653
0.020524
0.0210263
0.0211107
0.0206696
0.0211713
0.0212552
0.0208142
0.0213153
0.0213985
0.0209578
0.0214582
0.0215407
0.0211002
0.0215999
0.0216817
0.0212413
0.0217403
0.0218213
0.0213812
0.0218794
0.0219596
0.0215197
0.0220171
0.0220965
0.0216567
0.0221532
0.0222318
0.0217923
0.0222879
0.0223655
0.0219262
0.0224209
0.0224975
0.0225522
0.0226185
0.0226698
0.0227336
0.0227832
0.0228456
0.0228919
0.0229531
0.0229987
0.0230595
0.0231041
0.0231647
0.0232086
0.0232689
0.0233121
0.0233723
0.0234149
0.0234751
0.0235169
0.0235771
0.0236184
0.0236784
0.0237191
0.0237791
0.0238192
0.0238792
0.0238297
0.023566
0.023978
0.0240178
0.0240779
0.0241162
0.0241761
0.0242136
0.0242733
0.0243102
0.0243698
0.0244059
0.0244654
0.0245008
0.0245601
0.0245947
0.0246538
0.0246877
0.0247466
0.0247796
0.0248384
0.0248706
0.0249291
0.0249605
0.0250187
0.0250492
0.0251072
0.0246725
0.0251368
0.0251843
0.0247498
0.0252098
0.0252539
0.0248196
0.0252769
0.0253183
0.0248843
0.0253392
0.0253784
0.0249446
0.0253973
0.0254345
0.0250009
0.0254515
0.0254867
0.0250533
0.0255019
0.0255352
0.025102
0.0255487
0.02558
0.0251471
0.0255919
0.0256213
0.0251886
0.0256315
0.025659
0.0252266
0.0256675
0.0256932
0.025261
0.0257
0.0257238
0.0252918
0.025729
0.0257509
0.0253191
0.0257543
0.0257743
0.0253428
0.0257761
0.0257942
0.025363
0.0257943
0.0258105
0.0253795
0.0258089
0.0258232
0.0253925
0.0258199
0.0258323
0.0254018
0.0258273
0.0258378
0.0254075
0.0258311
0.0258396
0.0254096
0.0258313
0.0258378
0.0254081
0.0258278
0.0258324
0.025403
0.0258207
0.0258234
0.0253942
0.02581
0.0258108
0.0253819
0.0257957
0.0257946
0.0253659
0.0257778
0.0257747
0.0253463
0.0257563
0.0257513
0.0253231
0.0257312
0.0257242
0.0252964
0.0257025
0.0256936
0.025266
0.0256703
0.0256595
0.0252322
0.0256345
0.0256218
0.0251948
0.0255952
0.0255806
0.0251538
0.0255524
0.0255359
0.0251094
0.0255061
0.0254877
0.0250615
0.0254563
0.0254361
0.0250102
0.0254032
0.0253811
0.0249555
0.0253466
0.0253226
0.0248973
0.0252866
0.0252609
0.0248358
0.0252233
0.0251958
0.024771
0.0251567
0.0251273
0.0247029
0.0250868
0.0250557
0.0246315
0.0250137
0.0249808
0.024557
0.0249374
0.0249028
0.0244792
0.0248579
0.0248216
0.0243983
0.0247753
0.0247373
0.0243143
0.0246896
0.0246499
0.0242273
0.0246009
0.0245596
0.0241373
0.0245092
0.0244663
0.0240443
0.0244146
0.0243701
0.0239483
0.0243171
0.0242712
0.0238497
0.024217
0.0241699
0.0237488
0.0241147
0.0240667
0.0236458
0.0240104
0.0239615
0.0235409
0.0239043
0.0238545
0.0234343
0.0237964
0.0237458
0.0233259
0.0236868
0.0236354
0.0232158
0.0235756
0.0235234
0.0231041
0.0234628
0.0234098
0.0229908
0.0233485
0.0232947
0.0228761
0.0232326
0.0231781
0.0227598
0.0231153
0.0230601
0.0226421
0.0229965
0.0229407
0.022523
0.0228764
0.0228199
0.0224026
0.022755
0.0226978
0.0222808
0.0226323
0.0225744
0.0221578
0.0225083
0.0224499
0.0220336
0.0223832
0.0223241
0.0219083
0.0222569
0.0221973
0.0217818
0.0221296
0.0220693
0.0216542
0.0220012
0.0219404
0.0215256
0.0218718
0.0218104
0.0213961
0.0217414
0.0216796
0.0212656
0.0216102
0.0215479
0.0211343
0.0214781
0.0214153
0.0210021
0.0213452
0.0212819
0.0208692
0.0212116
0.0211479
0.0207356
0.0210773
0.0210131
0.0206012
0.0209423
0.0208777
0.0204663
0.0208067
0.0207418
0.0203308
0.0206706
0.0206053
0.0201947
0.020534
0.0204683
0.0200582
0.0203969
0.0203309
0.0199212
0.0202594
0.020193
0.0197839
0.0201215
0.0200549
0.0196462
0.0199834
0.0199164
0.0195082
0.0198449
0.0197777
0.01937
0.0197063
0.0196388
0.0192315
0.0195674
0.0194997
0.019093
0.0194285
0.0193605
0.0189543
0.0192894
0.0192212
0.0188155
0.0191503
0.0190819
0.0186767
0.0190111
0.0189425
0.0185379
0.018872
0.0188032
0.0183991
0.018733
0.018664
0.0182604
0.018594
0.0185249
0.0181218
0.0184552
0.0183859
0.0179834
0.0183165
0.0182471
0.0178451
0.0181776
0.018108
0.0177063
0.0180383
0.0179707
0.0175694
0.0179011
0.017833
0.0174321
0.0177632
0.0176956
0.0172951
0.0176257
0.0172909
0.0168908
0.0171469
0.0168588
0.0164638
0.0166901
0.0165233
0.0161239
0.0163655
0.0160067
0.0160338
0.0162546
0.0158557
0.0161437
0.0160215
0.0156229
0.0159222
0.015813
0.0154149
0.015722
0.0156202
0.0152225
0.0155346
0.0154382
0.0150409
0.0153564
0.0152636
0.0148667
0.0151844
0.0150941
0.0146976
0.0150166
0.0149281
0.0145319
0.0148518
0.0147643
0.0143686
0.0146889
0.0146022
0.0142069
0.0145274
0.0144412
0.0140462
0.0143667
0.0142808
0.0138863
0.0142066
0.0141209
0.0137268
0.014047
0.0139614
0.0135677
0.0138876
0.0138021
0.0134088
0.0137283
0.0136429
0.01325
0.0135692
0.0134838
0.0130913
0.0134102
0.0133248
0.0129328
0.0132513
0.0131659
0.0127743
0.0130924
0.013007
0.0126158
0.0129336
0.0128482
0.0124575
0.0127749
0.0126895
0.0122992
0.0126163
0.0125309
0.012141
0.0124577
0.0123724
0.0119829
0.0122993
0.0122139
0.0118249
0.0121409
0.0120556
0.011667
0.0119827
0.0118975
0.0115093
0.0118246
0.0117394
0.0113516
0.0116667
0.0115815
0.0111942
0.0115089
0.0114238
0.0110369
0.0113512
0.0112663
0.0108798
0.0111938
0.0111089
0.0107229
0.0110366
0.0109518
0.0105662
0.0108795
0.0107949
0.0104097
0.0107227
0.0106382
0.0102534
0.0105662
0.0104817
0.0100974
0.0104099
0.0103255
0.0099417
0.0102538
0.0101696
0.00978623
0.0100981
0.010014
0.00963106
0.00994259
0.0098587
0.00947619
0.00978744
0.00970371
0.00932165
0.00963261
0.00954906
0.00916745
0.00947813
0.00939476
0.0090136
0.00932401
0.00924084
0.00886013
0.00917027
0.00908731
0.00870704
0.00901693
0.00893418
0.00855437
0.00886401
0.00878149
0.00840213
0.00871152
0.00862924
0.00825034
0.0085595
0.00847746
0.00809902
0.00840795
0.00832618
0.0079482
0.0082569
0.00817541
0.00779789
0.00810638
0.00802518
0.00764812
0.00795641
0.00787551
0.00749891
0.00780702
0.00772643
0.0073503
0.00765822
0.00757797
0.0072023
0.00751005
0.00743015
0.00705494
0.00736253
0.00728299
0.00690825
0.0072157
0.00713654
0.00676227
0.00706958
0.00699081
0.00661701
0.0069242
0.00684585
0.00647252
0.00677959
0.00670167
0.00632882
0.0066358
0.00655833
0.00618594
0.00649284
0.00641584
0.00604393
0.00635076
0.00627424
0.00590281
0.00620959
0.00613358
0.00576262
0.00606937
0.00599389
0.00562341
0.00593013
0.0058552
0.00548519
0.00579192
0.00571755
0.00534803
0.00565476
0.00558099
0.00521195
0.00551871
0.00544555
0.005077
0.00538381
0.00531128
0.00494321
0.00525009
0.00517822
0.00481064
0.00511761
0.00504642
0.00467932
0.00498639
0.00491591
0.0045493
0.00485649
0.00478674
0.00442062
0.00472796
0.00465897
0.00429334
0.00460084
0.00453263
0.00416749
0.00447517
0.00440777
0.00404312
0.00435101
0.00428444
0.00392028
0.00422841
0.00416269
0.00379903
0.0041074
0.00404256
0.0036794
0.00398804
0.00392412
0.00356146
0.00387039
0.0038074
0.00344524
0.00375449
0.00369247
0.0033308
0.00364039
0.00357936
0.00321819
0.00352814
0.00346813
0.00310747
0.00341779
0.00335883
0.00299868
0.00330941
0.00325152
0.00289187
0.00320303
0.00314624
0.0027871
0.00309871
0.00304305
0.00268442
0.0029965
0.002942
0.00258387
0.00289645
0.00284315
0.00248552
0.00279862
0.00274653
0.00238942
0.00270306
0.00265221
0.00229561
0.00260981
0.00256023
0.00220415
0.00251894
0.00247065
0.00211508
0.00243048
0.00238352
0.00202847
0.0023445
0.00229889
0.00194435
0.00226104
0.00221681
0.00186279
0.00218015
0.00213732
0.00178382
0.00210187
0.00206048
0.0017075
0.00202627
0.00198633
0.00163387
0.00195338
0.00191492
0.00156298
0.00188326
0.0018463
0.00149489
0.00181594
0.00178052
0.00142963
0.00175148
0.00171761
0.00136724
0.00168991
0.00165762
0.00130778
0.00163128
0.00160059
0.00125128
0.00157564
0.00154657
0.00119779
0.00152302
0.00149559
0.00114734
0.00147346
0.0014477
0.00109998
0.00142701
0.00140293
0.00105574
0.00138369
0.00136131
0.00101466
0.00134354
0.00132289
0.000976774
0.00130661
0.00128769
0.000942113
0.00127291
0.00125575
0.000910709
0.00124248
0.0012271
0.000882593
0.00121536
0.00120176
0.000857795
0.00119156
0.00117976
0.00083634
0.00117112
0.00116113
0.000818254
0.00115405
0.0011459
0.00080356
0.00114039
0.00113407
0.000792281
0.00113015
0.00112568
0.000784435
0.00112335
0.00112074
0.000780041
0.00112
0.00111927
0.000779116
0.00112014
0.00112128
0.000781672
0.00112375
0.00112678
0.000787723
0.00113087
0.00113578
0.000797278
0.00114149
0.0011483
0.000810346
0.00115563
0.00116433
0.000826934
0.00117329
0.00118389
0.000847046
0.00119448
0.00120697
0.000870683
0.00121918
0.00123358
0.000897846
0.00124741
0.00126371
0.000928534
0.00127917
0.00129736
0.000962743
0.00131444
0.00133454
0.00100046
0.00135323
0.00137513
0.00104161
0.0013954
0.00141886
0.00108593
0.00144063
0.00146556
0.00113319
0.00148877
0.00151512
0.00118331
0.00153973
0.00156747
0.00123623
0.00159346
0.00162257
0.0012919
0.00164993
0.0016804
0.0013503
0.00170911
0.00174093
0.00141139
0.00177099
0.00180414
0.00147518
0.00183554
0.00187002
0.00154162
0.00190274
0.00193854
0.00161072
0.00197258
0.00200969
0.00168243
0.00204504
0.00208344
0.00175676
0.0021201
0.00215978
0.00183367
0.00219773
0.00223868
0.00191315
0.00227791
0.00232012
0.00199517
0.00236062
0.00240407
0.0020797
0.00244584
0.00249051
0.00216672
0.00253352
0.0025794
0.00225619
0.00262365
0.00267073
0.0023481
0.0027162
0.00276444
0.0024424
0.00281112
0.00286052
0.00253906
0.00290839
0.00295892
0.00263804
0.00300796
0.00305961
0.00273932
0.00310981
0.00316255
0.00284285
0.00321389
0.0032677
0.00294859
0.00332016
0.00337502
0.0030565
0.00342859
0.00348447
0.00316653
0.00353912
0.00359601
0.00327866
0.00365172
0.00370958
0.00339282
0.00376634
0.00382515
0.00350899
0.00388293
0.00394266
0.00362709
0.00400145
0.00406208
0.00374711
0.00412185
0.00418334
0.00386897
0.00424408
0.00430641
0.00399264
0.00436808
0.00443123
0.00411806
0.00449382
0.00455776
0.00424518
0.00462123
0.00468593
0.00437395
0.00475028
0.0048157
0.00450432
0.00488089
0.00494701
0.00463624
0.00501303
0.00507982
0.00476964
0.00514663
0.00521406
0.00490449
0.00528165
0.00534968
0.00504072
0.00541803
0.00548675
0.00555585
0.00563966
0.00571306
0.00579697
0.00587135
0.00595707
0.00603241
0.00611824
0.00619298
0.00627855
0.00635335
0.00643857
0.00651334
0.00659812
0.00667277
0.00675706
0.00683151
0.00691527
0.00698946
0.00707266
0.00714655
0.00722917
0.00730272
0.00738475
0.00745792
0.00727351
0.00718208
0.0075381
0.00779762
0.00792697
0.00823291
0.00838797
0.0085484
0.00867405
0.008812
0.00892121
0.00904366
0.0091416
0.00925321
0.0093427
0.00944697
0.00953132
0.00963034
0.00971113
0.00980631
0.00988457
0.00997683
0.0100533
0.0101432
0.0102183
0.0103065
0.0103803
0.0104673
0.0105398
0.010626
0.0106974
0.0107829
0.0108532
0.0109381
0.0110074
0.0110918
0.0111602
0.0112441
0.0113115
0.011395
0.0114616
0.0115446
0.0116103
0.011693
0.0117578
0.0118401
0.0119041
0.011986
0.0120491
0.0121307
0.0121929
0.0122742
0.0123356
0.0124166
0.0124771
0.0125577
0.0126174
0.0126978
0.0127565
0.0128367
0.0128946
0.0129744
0.0130314
0.0131111
0.0131672
0.0132466
0.0133018
0.013381
0.0134354
0.0131596
0.0135144
0.0135842
0.0133098
0.0136691
0.0137428
0.0134692
0.0138296
0.0139048
0.0136319
0.0139926
0.0140687
0.0137965
0.0141572
0.0142338
0.0139623
0.0143227
0.0143997
0.0141289
0.014489
0.0145662
0.0142961
0.0146556
0.0147331
0.0144636
0.0148226
0.0149001
0.0146313
0.0149896
0.0150672
0.014799
0.0151567
0.0152343
0.0149668
0.0153237
0.0154013
0.0151344
0.0154905
0.0155681
0.0153019
0.0156572
0.0157347
0.0154692
0.0158237
0.015901
0.0156363
0.0159899
0.0160672
0.0158033
0.016156
0.0162332
0.01597
0.0163219
0.0163988
0.0161363
0.0164872
0.0165651
0.0163032
0.0166534
0.0167299
0.0164687
0.0168177
0.0168938
0.0166337
0.0169824
0.0170583
0.0167988
0.0171464
0.017222
0.0169632
0.0173098
0.017385
0.0171269
0.0174725
0.0175474
0.01729
0.0176346
0.017709
0.0174523
0.0177959
0.01787
0.017614
0.0179565
0.0180302
0.0177749
0.0181163
0.0181895
0.0179349
0.0182753
0.0183481
0.0180942
0.0184335
0.0185057
0.0182525
0.0185907
0.0186625
0.01841
0.018747
0.0188183
0.0185665
0.0189024
0.0189731
0.018722
0.0190567
0.0191269
0.0188765
0.01921
0.0192797
0.01903
0.0193623
0.0194314
0.0191824
0.0195134
0.019582
0.0193337
0.0196635
0.0197314
0.0194838
0.0198123
0.0198796
0.0196327
0.01996
0.0200267
0.0197805
0.0201064
0.0201725
0.019927
0.0202516
0.020317
0.0200722
0.0203955
0.0204603
0.0202162
0.0205382
0.0206022
0.0203588
0.0206794
0.0207428
0.0205001
0.0208194
0.020882
0.02064
0.0209579
0.0210198
0.0207785
0.021095
0.0211562
0.0209157
0.0212308
0.0212912
0.0210513
0.021365
0.0214247
0.0211856
0.0214978
0.0215568
0.0213183
0.0216292
0.0216874
0.0214496
0.021759
0.0218164
0.0215794
0.0218873
0.0219439
0.0217076
0.0220141
0.0220699
0.0218343
0.0221393
0.0221944
0.0219595
0.022263
0.0223173
0.0220831
0.0223851
0.0224386
0.0222051
0.0225057
0.0225584
0.0223256
0.0226247
0.0226765
0.0224445
0.0227421
0.0227931
0.0225618
0.0228579
0.0229081
0.0226775
0.0229721
0.0230216
0.0227916
0.0230847
0.0231334
0.0229042
0.0231958
0.0232436
0.0230151
0.0233053
0.0233523
0.0231245
0.0234131
0.0234594
0.0232323
0.0235195
0.0235649
0.0233386
0.0236242
0.0236688
0.0234432
0.0237274
0.0237712
0.0235463
0.023829
0.0238721
0.0236479
0.0239291
0.0239714
0.0237479
0.0240277
0.0240692
0.0238464
0.0241247
0.0241654
0.0239435
0.0242203
0.0242602
0.024039
0.0243144
0.0243536
0.024133
0.024407
0.0244454
0.0242257
0.0244982
0.0245359
0.0243168
0.0245879
0.0246249
0.0244066
0.0246763
0.0247126
0.024495
0.0247633
0.0247989
0.0245821
0.024849
0.0248839
0.0246678
0.0249333
0.0249675
0.0247522
0.0250164
0.0250499
0.0248353
0.0250982
0.025131
0.0249172
0.0251787
0.025211
0.0249979
0.0252581
0.0252897
0.0250774
0.0253363
0.0253673
0.0251558
0.0254134
0.0254438
0.025233
0.0254894
0.0255192
0.0253092
0.0255643
0.0255935
0.0253843
0.0256382
0.0256669
0.0254584
0.0257111
0.0257392
0.0255315
0.025783
0.0258106
0.0256037
0.025854
0.0258812
0.025675
0.0259242
0.0259509
0.0257455
0.0259935
0.0260197
0.0258151
0.026062
0.0260878
0.025884
0.0261298
0.0261552
0.0259521
0.0261969
0.0262218
0.0260196
0.0262633
0.0262878
0.0260864
0.026329
0.0263532
0.0261525
0.0263942
0.026418
0.0262181
0.0264588
0.0264823
0.0262832
0.0265229
0.0265461
0.0263478
0.0265866
0.0266094
0.026412
0.0266498
0.0266724
0.0264757
0.0267126
0.0267349
0.0265391
0.0267751
0.0267972
0.0266022
0.0268373
0.0268592
0.026665
0.0268993
0.0269209
0.0267275
0.026961
0.0269824
0.0267899
0.0270225
0.0270438
0.0268521
0.0270839
0.0271051
0.0269142
0.0271452
0.0271662
0.0269762
0.0272065
0.0272273
0.0270381
0.0272677
0.0272884
0.0271
0.0273289
0.0273496
0.027162
0.0273902
0.0274107
0.027224
0.0274515
0.027472
0.0272862
0.027513
0.0275334
0.0273484
0.0275746
0.027595
0.0274108
0.0276363
0.0276567
0.0274734
0.0276983
0.0277187
0.0275362
0.0277605
0.0277809
0.0275993
0.027823
0.0278434
0.0276627
0.0278858
0.0279062
0.0277263
0.0279488
0.0279693
0.0277903
0.0280122
0.0280328
0.0278546
0.028076
0.0280966
0.0279193
0.0281402
0.0281608
0.0279844
0.0282047
0.0282255
0.0280499
0.0282697
0.0282905
0.0281158
0.0283351
0.028356
0.0281821
0.0284009
0.0284219
0.0282489
0.0284672
0.0284883
0.0283162
0.0285339
0.0285551
0.0283839
0.0286011
0.0286224
0.0284521
0.0286688
0.0286902
0.0285208
0.028737
0.0287585
0.0285899
0.0288057
0.0288273
0.0286596
0.0288749
0.0288966
0.0287297
0.0289445
0.0289663
0.0288003
0.0290146
0.0290365
0.0288714
0.0290852
0.0291072
0.028943
0.0291562
0.0291784
0.029015
0.0292278
0.0292499
0.0290875
0.0292997
0.029322
0.0291604
0.0293721
0.0293944
0.0292337
0.0294449
0.0294673
0.0293075
0.0295181
0.0295405
0.0293816
0.0295916
0.0296141
0.0294561
0.0296655
0.0296881
0.0295309
0.0297398
0.0297623
0.029606
0.0298143
0.0298369
0.0296814
0.0298891
0.0299117
0.0297571
0.0299641
0.0299867
0.029833
0.0300393
0.0300618
0.029909
0.0301147
0.0301372
0.0299852
0.0301902
0.0302126
0.0300616
0.0302658
0.0302881
0.0301379
0.0303415
0.0303637
0.0302143
0.0304171
0.0304392
0.0302907
0.0304927
0.0305146
0.030367
0.0305682
0.03059
0.0304432
0.0306435
0.0306651
0.0305192
0.0307187
0.03074
0.030595
0.0307936
0.0308147
0.0306705
0.0308681
0.030889
0.0307457
0.0309423
0.0309629
0.0308204
0.0310161
0.0310364
0.0308947
0.0310894
0.0311093
0.0309685
0.0311621
0.0311816
0.0310417
0.0312342
0.0312533
0.0311142
0.0313056
0.0313243
0.031186
0.0313763
0.0313945
0.031257
0.0314461
0.0314638
0.0313272
0.031515
0.0315322
0.0313964
0.031583
0.0315996
0.0314647
0.0316499
0.031666
0.0315318
0.0317157
0.0317312
0.0315978
0.0317803
0.0317951
0.0316625
0.0318436
0.0318578
0.031726
0.0319056
0.031919
0.0317881
0.0319662
0.0319788
0.0318487
0.0320252
0.0320371
0.0319077
0.0320827
0.0320937
0.0319652
0.0321385
0.0321487
0.0320209
0.0321926
0.0322018
0.0320748
0.0322448
0.0322532
0.0321269
0.0322951
0.0323025
0.032177
0.0323435
0.0323499
0.0322251
0.0323897
0.0323951
0.0322711
0.0324338
0.0324381
0.0323149
0.0324757
0.0324789
0.0323564
0.0325153
0.0325173
0.0323956
0.0325524
0.0325533
0.0324324
0.0325871
0.0325868
0.0324666
0.0326193
0.0326178
0.0324982
0.0326488
0.032646
0.0325272
0.0326756
0.0326715
0.0325534
0.0326996
0.0326942
0.0325769
0.0327208
0.032714
0.0325974
0.032739
0.0327309
0.0326149
0.0327543
0.0327447
0.0326294
0.0327664
0.0327554
0.0326408
0.0327754
0.0327629
0.0326491
0.0327812
0.0327672
0.032654
0.0327837
0.0327682
0.0326557
0.0327829
0.0327658
0.032654
0.0327787
0.03276
0.0326489
0.032771
0.0327507
0.0326402
0.0327598
0.0327378
0.0326281
0.032745
0.0327214
0.0326123
0.0327265
0.0327013
0.0325928
0.0327044
0.0326775
0.0325697
0.0326786
0.03265
0.0325428
0.032649
0.0326186
0.0325121
0.0326155
0.0325835
0.0324776
0.0325783
0.0325444
0.0324392
0.0325371
0.0325015
0.0323969
0.032492
0.0324546
0.0323506
0.0324429
0.0324037
0.0323004
0.0323898
0.0323489
0.0322461
0.0323328
0.03229
0.0321879
0.0322717
0.0322271
0.0321256
0.0322065
0.0321602
0.0320593
0.0321373
0.0320891
0.0319888
0.032064
0.032014
0.0319143
0.0319866
0.0319348
0.0318357
0.0319051
0.0318515
0.0317531
0.0318196
0.0317642
0.0316663
0.0317299
0.0316727
0.0315754
0.0316361
0.0315771
0.0314804
0.0315383
0.0314775
0.0313814
0.0314364
0.0313738
0.0312783
0.0313304
0.0312661
0.0311712
0.0312204
0.0311543
0.03106
0.0311064
0.0310386
0.0309448
0.0309884
0.0309188
0.0308257
0.0308664
0.0307951
0.0307026
0.0307405
0.0306675
0.0305755
0.0306107
0.030536
0.0304446
0.030477
0.0304006
0.0303099
0.0303394
0.0302615
0.0301713
0.0301981
0.0301186
0.0300289
0.0300531
0.0299719
0.0298829
0.0299043
0.0298216
0.0297331
0.0297519
0.0296677
0.0295798
0.0295959
0.0295101
0.0294229
0.0294364
0.0293491
0.0292734
0.0291654
0.0290808
0.0289699
0.0288817
0.0287698
0.0286789
0.0285666
0.028474
0.0283595
0.0282655
0.0281513
0.0280562
0.0279422
0.0278461
0.0277324
0.0276355
0.0275222
0.0274245
0.0273114
0.027213
0.0271003
0.0270012
0.0268889
0.0267891
0.0266771
0.0265767
0.0264651
0.026364
0.0262528
0.0261512
0.0260403
0.0259381
0.0258276
0.0257248
0.0256147
0.0255114
0.0254016
0.0252978
0.0251883
