0 
-9.11075e-06 
-2.73318e-05 
-4.55514e-05 
-6.37687e-05 
-8.19828e-05 
-0.000100193 
-0.000118397 
-0.000136596 
-0.000154788 
0.340661 
-0.000191147 
0.305216 
-0.000227467 
0.268307 
-0.00026374 
0.23187 
-0.00029996 
0.197515 
-0.000336118 
0.166443 
-0.000372208 
-0.000390225 
-0.000408222 
-0.000426198 
-0.000444152 
-0.000462084 
-0.000479992 
-0.000497876 
-0.000515734 
-0.000533566 
-0.000551371 
-0.000569148 
-0.000586895 
-0.000604613 
-0.0006223 
-0.000639955 
-0.000657577 
-0.000675166 
-0.00069272 
-0.000710239 
-0.000727722 
-0.000745168 
-0.000762575 
-0.000779944 
-0.000797273 
-0.000814561 
-0.000831808 
-0.000849013 
-0.000866173 
-0.00088329 
-0.000900362 
-0.000917388 
-0.000934367 
-0.000951298 
-0.000968181 
-0.000985014 
-0.0010018 
-0.00101853 
-0.00103521 
-0.00105184 
-0.00106841 
-0.00108493 
-0.00110139 
-0.0011178 
-0.00113415 
-0.00115044 
-0.00116668 
-0.00118285 
-0.00119897 
-0.00121502 
-0.00123101 
-0.00124694 
-0.0012628 
-0.0012786 
-0.00129434 
-0.00131001 
-0.00132561 
-0.00134114 
-0.00135661 
-0.001372 
-0.00138733 
-0.00140259 
-0.00141777 
-0.00143288 
-0.00144792 
-0.00146289 
-0.00147778 
-0.00149259 
-0.00150733 
-0.00152199 
-0.00153658 
-0.00155108 
-0.00156551 
-0.00157986 
-0.00159412 
-0.00160831 
-0.00162241 
-0.00163643 
-0.00165037 
-0.00166422 
-0.00167799 
-0.00169167 
-0.00170526 
-0.00171877 
-0.00173219 
-0.00174553 
-0.00175877 
-0.00177192 
-0.00178499 
-0.00179796 
-0.00181084 
-0.00182363 
-0.00183632 
-0.00184892 
-0.00186143 
-0.00187384 
-0.00188616 
-0.00189838 
-0.0019105 
-0.00192253 
-0.00193446 
-0.00194629 
-0.00195801 
-0.00196964 
-0.00198117 
-0.0019926 
-0.00200393 
-0.00201515 
-0.00202628 
-0.00203729 
-0.00204821 
-0.00205902 
-0.00206972 
-0.00208032 
-0.00209081 
-0.0021012 
-0.00211148 
-0.00212165 
-0.00213171 
-0.00214167 
-0.00215151 
-0.00216125 
-0.00217087 
-0.00218039 
-0.00218979 
-0.00219908 
-0.00220826 
-0.00221733 
-0.00222628 
-0.00223512 
-0.00224385 
-0.00225246 
-0.00226096 
-0.00226934 
-0.0022776 
-0.00228575 
-0.00229378 
-0.0023017 
-0.0023095 
-0.00231718 
-0.00232474 
-0.00233218 
-0.00233951 
-0.00234671 
-0.0023538 
-0.00236076 
-0.00236761 
-0.00237433 
-0.00238093 
-0.00238741 
-0.00239377 
-0.00240001 
-0.00240612 
-0.00241212 
-0.00241799 
-0.00242373 
-0.00242935 
-0.00243485 
-0.00244023 
-0.00244547 
-0.0024506 
-0.0024556 
-0.00246047 
-0.00246522 
-0.00246984 
-0.00247434 
-0.00247871 
-0.00248296 
-0.00248707 
-0.00249106 
-0.00249493 
-0.00249866 
-0.00250227 
-0.00250575 
-0.00250911 
-0.00251233 
-0.00251543 
-0.0025184 
-0.00252124 
-0.00252395 
-0.00252653 
-0.00252899 
-0.00253131 
-0.00253351 
-0.00253557 
-0.00253751 
-0.00253932 
-0.002541 
-0.00254255 
-0.00254396 
-0.00254525 
-0.00254641 
-0.00254744 
-0.00254834 
-0.00254911 
-0.00254975 
-0.00255026 
-0.00255064 
-0.00255089 
-0.002551 
-0.00255099 
-0.00255085 
-0.00255058 
-0.00255018 
-0.00254964 
-0.00254898 
-0.00254819 
-0.00254727 
-0.00254622 
-0.00254503 
-0.00254372 
-0.00254228 
-0.00254071 
-0.00253901 
-0.00253718 
-0.00253522 
-0.00253313 
-0.00253091 
-0.00252856 
-0.00252609 
-0.00252348 
-0.00252075 
-0.00251788 
-0.00251489 
-0.00251177 
-0.00250852 
-0.00250515 
-0.00250164 
-0.00249801 
-0.00249425 
-0.00249037 
-0.00248635 
-0.00248221 
-0.00247795 
-0.00247355 
-0.00246904 
-0.00246439 
-0.00245962 
-0.00245472 
-0.0024497 
-0.00244455 
-0.00243928 
-0.00243389 
-0.00242837 
-0.00242272 
-0.00241696 
-0.00241106 
-0.00240505 
-0.00239891 
-0.00239266 
-0.00238627 
-0.00237977 
-0.00237315 
-0.0023664 
-0.00235954 
-0.00235255 
-0.00234544 
-0.00233822 
-0.00233087 
-0.00232341 
-0.00231583 
-0.00230812 
-0.00230031 
-0.00229237 
-0.00228432 
-0.00227615 
-0.00226786 
-0.00225946 
-0.00225094 
-0.00224231 
-0.00223357 
-0.00222471 
-0.00221573 
-0.00220665 
-0.00219745 
-0.00218814 
-0.00217871 
-0.00216918 
-0.00215953 
-0.00214978 
-0.00213991 
-0.00212994 
-0.00211986 
-0.00210967 
-0.00209937 
-0.00208896 
-0.00207845 
-0.00206783 
-0.00205711 
-0.00204628 
-0.00203535 
-0.00202431 
-0.00201317 
-0.00200193 
-0.00199059 
-0.00197914 
-0.00196759 
-0.00195595 
-0.0019442 
-0.00193235 
-0.00192041 
-0.00190836 
-0.00189622 
-0.00188399 
-0.00187165 
-0.00185922 
-0.0018467 
-0.00183408 
-0.00182137 
-0.00180857 
-0.00179567 
-0.00178268 
-0.0017696 
-0.00175643 
-0.00174317 
-0.00172982 
-0.00171639 
-0.00170286 
-0.00168925 
-0.00167556 
-0.00166177 
-0.00164791 
-0.00163395 
-0.00161992 
-0.0016058 
-0.0015916 
-0.00157732 
-0.00156296 
-0.00154852 
-0.001534 
-0.0015194 
-0.00150473 
-0.00148997 
-0.00147515 
-0.00146024 
-0.00144526 
-0.00143021 
-0.00141509 
-0.00139989 
-0.00138462 
-0.00136928 
-0.00135387 
-0.0013384 
-0.00132285 
-0.00130724 
-0.00129156 
-0.00127581 
-0.00126 
-0.00124412 
-0.00122818 
-0.00121218 
-0.00119612 
-0.00117999 
-0.00116381 
-0.00114756 
-0.00113126 
-0.0011149 
-0.00109848 
-0.00108201 
-0.00106548 
-0.0010489 
-0.00103226 
-0.00101557 
-0.00099883 
-0.000982038 
-0.000965196 
-0.000948304 
-0.000931364 
-0.000914377 
-0.000897343 
-0.000880263 
-0.000863139 
-0.00084597 
-0.000828758 
-0.000811504 
-0.000794208 
-0.000776872 
-0.000759497 
-0.000742082 
-0.00072463 
-0.000707141 
-0.000689615 
-0.000672055 
-0.00065446 
-0.000636832 
-0.000619171 
-0.000601479 
-0.000583756 
-0.000566003 
-0.000548221 
-0.000530412 
-0.000512575 
-0.000494712 
-0.000476824 
-0.000458911 
-0.000440976 
-0.000423017 
-0.000405037 
-0.000387037 
-0.000369017 
-0.000350977 
-0.00033292 
-0.000314846 
-0.000296756 
-0.000278651 
-0.000260531 
-0.000242399 
-0.000224254 
-0.000206097 
-0.00018793 
-0.000169753 
-0.000151568 
-0.000133375 
-0.000115175 
-9.69693e-05 
-7.87587e-05 
-6.0544e-05 
-4.23262e-05 
-2.41062e-05 
-5.88503e-06 
1.23365e-05 
3.05573e-05 
4.87766e-05 
6.69934e-05 
8.52068e-05 
0.000103416 
0.00012162 
0.000139817 
0.000158008 
0.00017619 
0.000194363 
0.000212527 
0.000230679 
0.00024882 
0.000266948 
0.000285063 
0.000303163 
0.000321247 
0.000339316 
0.000357366 
0.000375399 
0.000393412 
0.000411406 
0.000429378 
0.000447329 
0.000465256 
0.00048316 
0.000501039 
0.000518893 
0.00053672 
0.00055452 
0.000572292 
0.000590034 
0.000607746 
0.000625427 
0.000643077 
0.000660693 
0.000678276 
0.000695824 
0.000713337 
0.000730813 
0.000748252 
0.000765653 
0.000783015 
0.000800337 
0.000817618 
0.000834857 
0.000852054 
0.000869207 
0.000886316 
0.000903379 
0.000920397 
0.000937368 
0.00095429 
0.000971164 
0.000987989 
0.00100476 
0.00102149 
0.00103816 
0.00105477 
