-0.000357143
-0.000314171
-0.000230101
-0.000117654
3.25355e-05
0.000195312
0.000381987
0.000574375
0.000784271
0.000994189
0.0012171
0.00143742
0.0016677
0.00189279
0.00212625
0.00235276
0.00258676
0.00281269
0.00304558
0.00326967
0.00350041
0.00372188
0.00394982
0.0041682
0.00439294
0.00460795
0.00482928
0.00504076
0.00525854
0.00546641
0.00568058
0.0058848
0.00609535
0.00629592
0.00650286
0.0066998
0.00690314
0.00709647
0.00729625
0.00748601
0.00768226
0.00786849
0.00806126
0.00824399
0.00843332
0.0086126
0.00879853
0.00897439
0.00915696
0.00932944
0.00950869
0.00967784
0.00985381
0.0100197
0.0105312
0.0108717
0.011187
0.0115174
0.0116222
0.0115674
0.0117281
0.0119628
0.012203
0.0125601
0.0125607
0.0124212
0.0126223
0.0128163
0.0130044
0.0131846
0.0133613
0.013722
0.0135317
0.013698
0.0140587
0.0138585
0.0140162
0.0143768
0.0141686
0.0143192
0.0146797
0.0144651
0.0146097
0.0149702
0.0149533
0.0149807
0.0147813
0.0148921
0.0152487
0.0152483
0.015249
0.0150279
0.0151571
0.0155174
0.0152865
0.0154158
0.0157762
0.0155414
0.0156671
0.0160274
0.0157891
0.0159114
0.0162716
0.0160298
0.0161485
0.0165087
0.0162634
0.0163786
0.0167388
0.01649
0.0166017
0.0169618
0.0167095
0.0168177
0.0171778
0.016922
0.0170267
0.0173868
0.0171275
0.0172287
0.0175887
0.017326
0.0174238
0.0177837
0.0175175
0.0176119
0.0179718
0.0177021
0.017793
0.0181529
0.0178797
0.0179672
0.018327
0.0180504
0.0181345
0.0184943
0.0182143
0.018295
0.0186547
0.0183712
0.0184485
0.0188081
0.0185213
0.0185952
0.0189548
0.0186645
0.0187351
0.0190946
0.0188009
0.0188681
0.0192276
0.0189306
0.0189944
0.0193538
0.0190534
0.0191139
0.0194732
0.0191695
0.0192266
0.0195859
0.0192789
0.0193327
0.0196919
0.0193815
0.0194321
0.0197912
0.0194776
0.0195248
0.0198839
0.0195669
0.0196109
0.0199699
0.0196498
0.0196905
0.0200494
0.019726
0.0197635
0.0201224
0.0197958
0.0198301
0.0201889
0.0198591
0.0198902
0.0202489
0.019916
0.019944
0.0203026
0.0199665
0.0199914
0.02035
0.0200108
0.0200326
0.0203911
0.0200488
0.0200676
0.020426
0.0200807
0.0200964
0.0204547
0.0201064
0.0201192
0.0204774
0.0201262
0.0201359
0.0204941
0.02014
0.0201468
0.0205049
0.0201479
0.0201519
0.0205099
0.0204811
0.0205095
0.0201825
0.0201525
0.0205074
0.0205065
0.0205074
0.0201498
0.0201404
0.0204981
0.0201318
0.020126
0.0204838
0.0201149
0.0201071
0.0204648
0.0200936
0.0200834
0.020441
0.0200674
0.0200549
0.0204124
0.0200364
0.0200215
0.0203789
0.0200006
0.0199832
0.0203406
0.0199599
0.0199402
0.0202975
0.0199145
0.0198925
0.0202497
0.0198645
0.0198402
0.0201973
0.0198099
0.0197834
0.0201404
0.0197509
0.0197222
0.0200791
0.0196876
0.0196569
0.0200136
0.0196201
0.0195874
0.0199441
0.0195486
0.0195139
0.0198705
0.0194732
0.0194367
0.0197932
0.0193941
0.0193558
0.0197122
0.0193114
0.0192714
0.0196277
0.0192253
0.0191836
0.0195398
0.0191359
0.0190926
0.0194488
0.0190434
0.0189986
0.0193547
0.0189479
0.0189017
0.0192577
0.0188496
0.0188021
0.019158
0.0187487
0.0186999
0.0190557
0.0186453
0.0185954
0.0189511
0.0185396
0.0184886
0.0188442
0.0184318
0.0183797
0.0187352
0.0183219
0.018269
0.0186244
0.0182103
0.0181565
0.0185118
0.018097
0.0180424
0.0183976
0.0179822
0.017927
0.0182821
0.0178661
0.0178103
0.0181653
0.0177489
0.0176925
0.0180474
0.0176306
0.0175738
0.0179286
0.0175115
0.0174543
0.017809
0.0173917
0.0173342
0.0176888
0.0172714
0.0172137
0.0175682
0.0171507
0.0170928
0.0174473
0.0170298
0.0169718
0.0173262
0.0169088
0.0168508
0.0172051
0.0167879
0.01673
0.0170841
0.0166671
0.0166094
0.0169634
0.0165467
0.0164892
0.0168431
0.0164268
0.0163695
0.0167234
0.0163075
0.0162505
0.0166043
0.0161889
0.0161323
0.0164859
0.0160711
0.0160149
0.0163685
0.0159543
0.0158986
0.0162521
0.0158385
0.0157834
0.0161368
0.015724
0.0156695
0.0160228
0.0156107
0.0155568
0.01591
0.0154988
0.0154456
0.0157987
0.0153883
0.0153359
0.0156889
0.0152794
0.0152277
0.0155806
0.0151721
0.0151212
0.015474
0.0150665
0.0150165
0.0153692
0.0149627
0.0149135
0.0152661
0.0148606
0.0148124
0.0151649
0.0147605
0.0147132
0.0150656
0.0146623
0.014616
0.0149683
0.0145661
0.0145208
0.0148729
0.0144719
0.0144276
0.0147796
0.0143798
0.0143364
0.0146884
0.0142897
0.0142474
0.0145993
0.0142018
0.0141605
0.0145122
0.014116
0.0140757
0.0144274
0.0140323
0.0139931
0.0143446
0.0139508
0.0139126
0.014264
0.0138714
0.0138343
0.0141856
0.0137942
0.0137581
0.0141093
0.0137192
0.0136841
0.0140352
0.0136462
0.0136122
0.0139632
0.0135754
0.0135424
0.0138933
0.0135067
0.0134747
0.0138254
0.01344
0.013409
0.0137597
0.0133754
0.0133454
0.0136959
0.0133128
0.0132838
0.0136342
0.0132522
0.0132241
0.0135744
0.0131936
0.0131664
0.0135166
0.0131368
0.0131105
0.0134606
0.0130819
0.0130565
0.0134065
0.0130288
0.0130043
0.0133541
0.0129775
0.0129538
0.0133035
0.0129278
0.0129049
0.0132545
0.0128798
0.0128577
0.0132072
0.0128335
0.0128121
0.0131615
0.0127886
0.012768
0.0131172
0.0127453
0.0127253
0.0130744
0.0127033
0.0126841
0.013033
0.0126627
0.0126441
0.012993
0.0126234
0.0126054
0.0129541
0.0125854
0.012568
0.0129165
0.0125485
0.0125316
0.0128801
0.0125127
0.0124964
0.0128447
0.012478
0.0124621
0.0128103
0.0124443
0.0124289
0.0127769
0.0124115
0.0123965
0.0127444
0.0123795
0.0123649
0.0127127
0.0123484
0.0123342
0.0126818
0.012318
0.0123041
0.0126516
0.0122883
0.0122747
0.0126221
0.0122592
0.0122459
0.0125932
0.0122307
0.0122177
0.0125648
0.0122027
0.01219
0.012537
0.0121753
0.0121627
0.0125095
0.0121482
0.0121358
0.0124825
0.0121215
0.0121093
0.0124559
0.0120952
0.0120831
0.0124296
0.0120691
0.0120572
0.0124035
0.0120434
0.0120316
0.0123777
0.0120178
0.0120061
0.0123522
0.0119925
0.0119809
0.0123268
0.0119673
0.0119558
0.0123015
0.0119423
0.0119308
0.0122764
0.0119174
0.011906
0.0122515
0.0118926
0.0118813
0.0122266
0.0118679
0.0118566
0.0122018
0.0118433
0.0118321
0.0121771
0.0118188
0.0118076
0.0121524
0.0117943
0.0117831
0.0121279
0.0117699
0.0117588
0.0121034
0.0117456
0.0117345
0.012079
0.0117214
0.0117104
0.0120547
0.0116973
0.0116863
0.0120304
0.0116732
0.0116623
0.0120063
0.0116493
0.0116385
0.0119824
0.0116256
0.0116149
0.0119586
0.0116021
0.0115915
0.011935
0.0115787
0.0115683
0.0119117
0.0115557
0.0115453
0.0118886
0.0115329
0.0115227
0.0118658
0.0115104
0.0115004
0.0118434
0.0114883
0.0114785
0.0118214
0.0114666
0.0114571
0.0117998
0.0114454
0.0114362
0.0117787
0.0114248
0.0114158
0.0117582
0.0114047
0.0113961
0.0117383
0.0113853
0.0113771
0.0117191
0.0113666
0.0113588
0.0117007
0.0113487
0.0113413
0.0116831
0.0113317
0.0113247
0.0116664
0.0113156
0.0113091
0.0116506
0.0113005
0.0112946
0.0116359
0.0112865
0.0112811
0.0116223
0.0112736
0.0112689
0.01161
0.0112621
0.011258
0.0115989
0.0112518
0.0112484
0.0115892
0.011243
0.0112403
0.0115809
0.0112356
0.0112338
0.0115743
0.0112299
0.0112289
0.0115692
0.0112258
0.0112257
0.0115659
0.0112236
0.0112244
0.0115644
0.0112231
0.0112249
0.0115648
0.0112247
0.0112275
0.0115672
0.0112283
0.0112322
0.0115717
0.011234
0.011239
0.0115784
0.011242
0.0112481
0.0115873
0.0112522
0.0112596
0.0115986
0.0112649
0.0112735
0.0116124
0.0112801
0.0112899
0.0116287
0.0112979
0.011309
0.0116477
0.0113183
0.0113308
0.0116693
0.0113415
0.0113554
0.0116938
0.0113675
0.0113829
0.0117211
0.0113965
0.0114133
0.0117513
0.0114284
0.0114468
0.0117847
0.0114635
0.0114834
0.0118211
0.0115016
0.0115231
0.0118607
0.011543
0.0115661
0.0119035
0.0115876
0.0116124
0.0119497
0.0116356
0.0116621
0.0119992
0.011687
0.0117152
0.0120521
0.0117419
0.0117718
0.0121086
0.0118003
0.0118319
0.0121685
0.0118622
0.0118956
0.0122321
0.0119277
0.011963
0.0122993
0.0119969
0.012034
0.0123701
0.0120698
0.0121087
0.0124447
0.0121464
0.0121871
0.012523
0.0122267
0.0122693
0.012605
0.0123108
0.0123553
0.0126908
0.0123987
0.012445
0.0127804
0.0124903
0.0125386
0.0128738
0.0125858
0.0126359
0.0129709
0.0126851
0.0127371
0.0130719
0.0127881
0.012842
0.0131767
0.012895
0.0129507
0.0132853
0.0130056
0.0130632
0.0133976
0.01312
0.0131795
0.0135137
0.0132382
0.0132995
0.0136335
0.0133601
0.0134232
0.013757
0.0134856
0.0135505
0.0138842
0.0136148
0.0136815
0.014015
0.0137476
0.013816
0.0141493
0.0138839
0.0139541
0.0142872
0.0140238
0.0140956
0.0144286
0.014167
0.0142406
0.0145734
0.0143137
0.0143889
0.0147215
0.0144637
0.0145405
0.014873
0.014617
0.0146953
0.0150276
0.0147734
0.0148533
0.0151854
0.0149329
0.0150143
0.0153462
0.0150955
0.0151783
0.01551
0.0152609
0.0153452
0.0156767
0.0154293
0.0155148
0.0158462
0.0156003
0.0156872
0.0160184
0.0157741
0.0158622
0.0161932
0.0159504
0.0160397
0.0163705
0.0161291
0.0162196
0.0165502
0.0163102
0.0164018
0.0167323
0.0164936
0.0165863
0.0169165
0.0166791
0.0167728
0.0171028
0.0168666
0.0169612
0.0172911
0.0170561
0.0171516
0.0174812
0.0172473
0.0173437
0.0174403
0.0175408
0.0176391
0.017741
0.0178406
0.0179432
0.0180437
0.0181466
0.0182476
0.0183504
0.0184517
0.0185544
0.0186558
0.0187577
0.0188592
0.0189612
0.0190625
0.019164
0.0192652
0.0195686
0.0196028
0.0194025
0.0194684
0.0195604
0.0196676
0.0197595
0.0198668
0.0199589
0.0200659
0.0201579
0.0202645
0.0203564
0.0204625
0.0205542
0.0206598
0.0207512
0.0208562
0.0209473
0.0210517
0.0211425
0.0212462
0.0213367
0.0214399
0.02153
0.0216326
0.021954
0.0217224
0.0218283
0.0221495
0.0219192
0.0220262
0.0223472
0.0221176
0.0222251
0.0225458
0.0223167
0.0224244
0.0227449
0.022516
0.0226236
0.0229438
0.022715
0.0228223
0.0231424
0.0229134
0.0230203
0.0233402
0.0231109
0.0232174
0.023537
0.0233074
0.0234133
0.0237327
0.0235027
0.0236079
0.0239271
0.0236967
0.0238012
0.0241201
0.0238892
0.0239929
0.0243116
0.0240801
0.0241831
0.0245016
0.0242695
0.0243716
0.0246898
0.0244571
0.0245584
0.0248764
0.024643
0.0247434
0.0250611
0.0248271
0.0249265
0.0252441
0.0250093
0.0251078
0.0254251
0.0251896
0.0252871
0.0256042
0.0253679
0.0254644
0.0257813
0.0255442
0.0256397
0.0259563
0.0257185
0.025813
0.0261294
0.0258907
0.0259842
0.0263003
0.0260608
0.0261532
0.0264691
0.0262288
0.0263201
0.0266358
0.0263946
0.0264849
0.0268003
0.0265582
0.0266475
0.0269626
0.0267197
0.0268078
0.0271228
0.0268789
0.026966
0.0272807
0.0270359
0.0271219
0.0274364
0.0271907
0.0272756
0.0275898
0.0273433
0.0274271
0.027741
0.0274936
0.0275763
0.02789
0.0276417
0.0277233
0.0280367
0.0277875
0.027868
0.0281812
0.0279311
0.0280105
0.0283235
0.0280725
0.0281507
0.0284635
0.0282116
0.0282888
0.0286013
0.0283485
0.0284246
0.0287368
0.0284832
0.0285582
0.0288702
0.0286157
0.0286896
0.0290014
0.028746
0.0288188
0.0291303
0.0288741
0.0289459
0.0292572
0.0290001
0.0290708
0.0293818
0.0291239
0.0291936
0.0295044
0.0292456
0.0293143
0.0296248
0.0293652
0.0294329
0.0297432
0.0294828
0.0295495
0.0298595
0.0295983
0.029664
0.0299737
0.0297117
0.0297765
0.030086
0.0298232
0.029887
0.0301962
0.0299327
0.0299955
0.0303045
0.0300403
0.0301021
0.0304108
0.0301459
0.0302068
0.0305153
0.0302496
0.0303096
0.0306178
0.0303515
0.0304106
0.0307185
0.0304515
0.0305097
0.0308174
0.0305497
0.030607
0.0309145
0.0306461
0.0307026
0.0310098
0.0307408
0.0307964
0.0311033
0.0308337
0.0308885
0.0311952
0.030925
0.030979
0.0312853
0.0310146
0.0310677
0.0313738
0.0311025
0.0311549
0.0314607
0.0311888
0.0312404
0.031546
0.0312736
0.0313244
0.0316297
0.0313567
0.0314068
0.0317118
0.0314384
0.0314877
0.0317925
0.0315185
0.0315671
0.0318716
0.0315972
0.031645
0.0319493
0.0316744
0.0317215
0.0320255
0.0317501
0.0317965
0.0321002
0.0318245
0.0318702
0.0321736
0.0318974
0.0319424
0.0322456
0.031969
0.0320133
0.0323162
0.0320392
0.0320828
0.0323855
0.0321081
0.0321511
0.0324534
0.0321757
0.032218
0.0325201
0.0322419
0.0322836
0.0325854
0.0323069
0.0323479
0.0326495
0.0323706
0.032411
0.0327123
0.0324331
0.0324728
0.0327738
0.0324943
0.0325333
0.0328341
0.0325542
0.0325927
0.0328931
0.032613
0.0326508
0.0329509
0.0326705
0.0327076
0.0330075
0.0327267
0.0327633
0.0330629
0.0327818
0.0328177
0.0331171
0.0328357
0.0328709
0.03317
0.0328883
0.032923
0.0332218
0.0329398
0.0329738
0.0332723
0.03299
0.0330234
0.0333216
0.0330391
0.0330717
0.0333697
0.0330869
0.0331189
0.0334166
0.0331335
0.0331649
0.0334622
0.0331789
0.0332096
0.0335067
0.033223
0.033253
0.0335499
0.0332659
0.0332953
0.0335918
0.0333076
0.0333362
0.0336325
0.0333479
0.0333759
0.0336719
0.0333871
0.0334144
0.03371
0.0334249
0.0334515
0.0337469
0.0334614
0.0334873
0.0337824
0.0334967
0.0335218
0.0338166
0.0335306
0.033555
0.0338495
0.0335631
0.0335868
0.033881
0.0335943
0.0336172
0.0339112
0.0336242
0.0336463
0.03394
0.0336526
0.0336739
0.0339673
0.0336796
0.0337002
0.0339933
0.0337052
0.033725
0.0340178
0.0337293
0.0337483
0.0340408
0.033752
0.0337701
0.0340623
0.0337732
0.0337905
0.0340824
0.0337928
0.0338093
0.0341009
0.033811
0.0338265
0.0341179
0.0338275
0.0338422
0.0341333
0.0338426
0.0338564
0.0341471
0.033856
0.0338689
0.0341593
0.0338678
0.0338798
0.0341699
0.033878
0.0338891
0.0341789
0.0338865
0.0338967
0.0341862
0.0338933
0.0339026
0.0341918
0.0338985
0.0339068
0.0341958
0.033902
0.0339093
0.034198
0.0339037
0.0339101
0.0341985
0.0339037
0.0339091
0.0341972
0.033902
0.0339064
0.0341942
0.0338985
0.0339019
0.0341894
0.0338932
0.0338957
0.0341828
0.0338861
0.0338876
0.0341744
0.0338773
0.0338777
0.0341642
0.0338666
0.033866
0.0341522
0.033854
0.0338524
0.0341384
0.0338397
0.0338371
0.0341227
0.0338235
0.0338199
0.0341052
0.0338055
0.0338008
0.0340858
0.0337856
0.0337799
0.0340646
0.0337638
0.0337571
0.0340415
0.0337403
0.0337325
0.0340166
0.0337148
0.033706
0.0339898
0.0336875
0.0336777
0.0339611
0.0336583
0.0336475
0.0339306
0.0336273
0.0336154
0.0338983
0.0335944
0.0335816
0.0338641
0.0335597
0.0335458
0.0338281
0.0335232
0.0335083
0.0337902
0.0334848
0.0334689
0.0337505
0.0334447
0.0334278
0.033709
0.0334027
0.0333848
0.0336657
0.0333589
0.03334
0.0336207
0.0333134
0.0332935
0.0335738
0.0332661
0.0332452
0.0335252
0.033217
0.0331952
0.0334749
0.0331662
0.0331435
0.0334229
0.0331137
0.0330901
0.0333691
0.0330595
0.0330349
0.0333137
0.0330037
0.0329782
0.0332566
0.0329462
0.0329198
0.0331979
0.032887
0.0328597
0.0331375
0.0328263
0.0327981
0.0330756
0.032764
0.032735
0.0330121
0.0327001
0.0326703
0.0329471
0.0326347
0.032604
0.0328805
0.0325678
0.0325363
0.0328125
0.0324994
0.0324672
0.032743
0.0324296
0.0323966
0.0326721
0.0323584
0.0323246
0.0325998
0.0322858
0.0322513
0.0325261
0.0322118
0.0321766
0.0324511
0.0321365
0.0321006
0.0323748
0.0320599
0.0320233
0.0322972
0.0319821
0.0319447
0.0322183
0.031903
0.031865
0.0321382
0.0318227
0.0317841
0.032057
0.0317412
0.031702
0.0319745
0.0316586
0.0316188
0.031891
0.0315749
0.0315345
0.0318064
0.0314901
0.0314491
0.0317207
0.0314043
0.0313627
0.031634
0.0313174
0.0312753
0.0315462
0.0312296
0.031187
0.0314576
0.0311408
0.0310977
0.0313679
0.0310511
0.0310075
0.0312774
0.0309605
0.0309164
0.031186
0.030869
0.0308245
0.0310937
0.0307767
0.0307318
0.0310007
0.0306836
0.0306382
0.0309068
0.0305897
0.030544
0.0308122
0.0304951
0.030449
0.0307169
0.0303998
0.0303533
0.0306209
0.0303038
0.0302569
0.0305242
0.0302071
0.0301599
0.0304268
0.0301098
0.0300623
0.0303289
0.0300119
0.0299641
0.0302303
0.0299134
0.0298653
0.0301312
0.0298144
0.029766
0.0300316
0.0297149
0.0296662
0.0299314
0.0296148
0.029566
0.0298308
0.0295143
0.0294652
0.0297297
0.0294134
0.0293641
0.0296282
0.029312
0.0292625
0.0295263
0.0292102
0.0291605
0.029424
0.0291081
0.0290582
0.0293214
0.0290056
0.0289556
0.0292184
0.0289028
0.0288526
0.0291151
0.0287997
0.0287494
0.0290115
0.0286964
0.0286459
0.0289077
0.0285927
0.0285422
0.0288036
0.0284889
0.0284383
0.0286994
0.0283849
0.0283342
0.0285949
0.0282807
0.0282299
0.0284903
0.0281763
0.0281255
0.0283855
0.0280718
0.028021
0.0282807
0.0279673
0.0279164
0.0281757
0.0278626
0.0278117
0.0280707
0.0277579
0.027707
0.0279656
0.0276532
0.0276023
0.0278606
0.0275484
0.0274976
0.0277555
0.0274437
0.027393
0.0276505
0.0273391
0.0272884
0.0275456
0.0272345
0.0271839
0.0274407
0.0271301
0.0270795
0.027336
0.0270257
0.0269753
0.0272314
0.0269216
0.0268712
0.027127
0.0268176
0.0267674
0.0270228
0.0267139
0.0266638
0.0269189
0.0266104
0.0265605
0.0268152
0.0265072
0.0264574
0.0267118
0.0264043
0.0263547
0.0266087
0.0263017
0.0262524
0.026506
0.0261995
0.0261504
0.0264037
0.0260978
0.0260489
0.0263018
0.0259964
0.0259479
0.0262004
0.0258956
0.0258473
0.0260995
0.0257953
0.0257473
0.0259991
0.0256955
0.0256478
0.0258993
0.0255963
0.025549
0.0258001
0.0254977
0.0254507
0.0257015
0.0253998
0.0253532
0.0256036
0.0253026
0.0252564
0.0255064
0.0252061
0.0251603
0.02541
0.0251105
0.0250651
0.0253144
0.0250156
0.0249707
0.0252196
0.0249216
0.0248771
0.0251257
0.0248284
0.0247845
0.0250327
0.0247363
0.0246928
0.0249406
0.0246451
0.0246022
0.0248496
0.0245549
0.0245126
0.0247596
0.0244658
0.024424
0.0246707
0.0243778
0.0243366
0.024583
0.0242909
0.0242504
0.0244964
0.0242052
0.0241654
0.024411
0.0241208
0.0240816
0.0243268
0.0240377
0.0239991
0.024244
0.0239558
0.023918
0.0241625
0.0238754
0.0238383
0.0240824
0.0237963
0.0237599
0.0240037
0.0237187
0.0236831
0.0239265
0.0236425
0.0236077
0.0238507
0.0235679
0.0235339
0.0237766
0.0234948
0.0234617
0.023704
0.0234234
0.0233911
0.023633
0.0233536
0.0233222
0.0235637
0.0232855
0.023255
0.0234961
0.0232191
0.0231895
0.0234302
0.0231544
0.0231258
0.0233661
0.0230916
0.0230639
0.0233038
0.0230305
0.0230038
0.0232434
0.0229714
0.0229456
0.0231848
0.0229141
0.0228893
0.0231282
0.0228587
0.0228349
0.0230734
0.0228053
0.0227825
0.0230206
0.0227538
0.0227321
0.0229698
0.0227044
0.0226837
0.022921
0.0226569
0.0226373
0.0228743
0.0226115
0.022593
0.0228296
0.0225682
0.0225508
0.0227869
0.022527
0.0225106
0.0227464
0.0224878
0.0224725
0.022708
0.0224507
0.0224366
0.0226716
0.0224158
0.0224028
0.0226374
0.022383
0.0223711
0.0226054
0.0223524
0.0223415
0.0225754
0.0223238
0.0223141
0.0225476
0.0222975
0.0222889
0.022522
0.0222732
0.0222658
0.0224985
0.0222511
0.0222448
0.0224771
0.0222312
0.022226
0.0224579
0.0222134
0.0222093
0.0224408
0.0221976
0.0221947
0.0224258
0.022184
0.0221822
0.022413
0.0221725
0.0221718
0.0224021
0.0221631
0.0221634
0.0223934
0.0221557
0.0221571
0.0223867
0.0221503
0.0221528
0.022382
0.022147
0.0221505
0.0223793
0.0221456
0.0221501
0.0223786
0.0221462
0.0221517
0.0223797
0.0221486
0.0221551
0.0223828
0.0221529
0.0221605
0.0221591
0.0221608
0.0221581
0.0221592
0.0221563
0.0221577
0.022155
0.0221569
0.0221546
0.0221571
0.0221552
0.0221585
0.0221571
0.0221611
0.0221602
0.022165
0.0221647
0.0221703
0.0221706
0.022177
0.0221778
0.022185
0.0221865
0.0221945
0.0221965
0.0222053
0.0222079
0.0222175
0.0222207
0.0222311
0.0222347
0.0222459
0.0222501
0.0222621
0.0222667
0.0222795
0.0222846
0.0222981
0.0223037
0.0223179
0.0223239
0.0223389
0.0223453
0.022361
0.0223678
0.0223841
0.0223913
0.0224084
0.0224159
0.0224336
0.0224414
0.0224598
0.0224679
0.022487
0.0224953
0.022515
0.0225236
0.0225438
0.0225527
0.0225735
0.0225825
0.0226039
0.022613
0.022635
0.0226442
0.0226667
0.0226761
0.0226991
0.0227085
0.022732
0.0227415
0.0227655
0.0227749
0.0227993
0.0230112
0.0230117
0.0228128
0.0228288
0.0228442
0.0228618
0.0228774
0.0228953
0.0229108
0.022929
0.0229442
0.0229627
0.0229779
0.0229968
0.0230117
0.0230307
0.0230454
0.0230647
0.0230791
0.0230986
0.0231126
0.0231323
0.0233435
0.0231459
0.0231584
0.0233694
0.0231697
0.0231805
0.0233913
0.0231903
0.0231995
0.0234099
0.0232078
0.0232156
0.0234256
0.0232226
0.0232291
0.0234387
0.0232347
0.0232399
0.0234491
0.0232442
0.023248
0.0234568
0.023251
0.0232535
0.0234619
0.023255
0.0232562
0.0234642
0.0232563
0.023256
0.0234637
0.0232548
0.023253
0.0234603
0.0232503
0.0232471
0.0234539
0.0232428
0.0232381
0.0234445
0.0232323
0.0232261
0.0234321
0.0232187
0.0232108
0.0234164
0.0232018
0.0231924
0.0233976
0.0231817
0.0231707
0.0233755
0.0231583
0.0231456
0.02335
0.0231315
0.0231171
0.0233211
0.0231013
0.0230852
0.0232888
0.0230677
0.0230498
0.0232529
0.0230305
0.0230108
0.0232136
0.0229897
0.0229683
0.0231707
0.0229454
0.0229222
0.0231242
0.0228975
0.0228725
0.023074
0.022846
0.0228192
0.0230203
0.0227908
0.0227622
0.0229628
0.0227319
0.0227015
0.0229017
0.0226694
0.0226371
0.022837
0.0226032
0.0225691
0.0227685
0.0225334
0.0224975
0.0226964
0.0224599
0.0224221
0.0226207
0.0223827
0.0223432
0.0225413
0.0223019
0.0222606
0.0224583
0.0222175
0.0221744
0.0223717
0.0221295
0.0220846
0.0222815
0.022038
0.0219914
0.0221878
0.021943
0.0218946
0.0220906
0.0218445
0.0217944
0.02199
0.0217426
0.0216908
0.0218859
0.0216373
0.0215839
0.0217786
0.0215287
0.0214737
0.0216679
0.0214168
0.0213602
0.021554
0.0213018
0.0212436
0.021437
0.0211836
0.0211239
0.0213169
0.0210624
0.0210012
0.0211937
0.0209382
0.0208756
0.0210676
0.0208112
0.0207471
0.0209387
0.0206813
0.0206158
0.020807
0.0205486
0.0204818
0.0206725
0.0204133
0.0203453
0.0205355
0.0202755
0.0202062
0.020396
0.0201352
0.0200647
0.0202541
0.0199925
0.0199209
0.0201098
0.0198476
0.0197749
0.0199633
0.0197005
0.0196267
0.0198147
0.0195513
0.0194765
0.0196641
0.0194001
0.0193244
0.0195115
0.0192471
0.0191705
0.0193572
0.0190923
0.0190149
0.0192011
0.0189359
0.0188576
0.0190434
0.0187779
0.0186989
0.0188842
0.0186184
0.0185388
0.0187236
0.0184576
0.0183773
0.0185617
0.0182956
0.0182147
0.0183986
0.0181324
0.018051
0.0182344
0.0179682
0.0178863
0.0180693
0.017803
0.0177207
0.0179032
0.017637
0.0175544
0.0177364
0.0174703
0.0173874
0.0175689
0.017303
0.0172198
0.0174009
0.0171352
0.0170517
0.0172323
0.0169669
0.0168832
0.0170634
0.0167983
0.0167145
0.0168942
0.0166294
0.0165455
0.0167248
0.0164604
0.0163765
0.0165553
0.0162914
0.0162074
0.0163857
0.0161223
0.0160384
0.0162163
0.0159534
0.0158696
0.0160469
0.0157846
0.0157009
0.0158778
0.0156162
0.0155326
0.015709
0.015448
0.0153647
0.0155406
0.0152803
0.0151972
0.0153727
0.015113
0.0150302
0.0152052
0.0149464
0.0148638
0.0150383
0.0147803
0.014698
0.0148721
0.0146149
0.014533
0.0147066
0.0144502
0.0143687
0.0145418
0.0142863
0.0142052
0.0143779
0.0141232
0.0140426
0.0142148
0.0139611
0.0138809
0.0140526
0.0137998
0.0137201
0.0138913
0.0136395
0.0135603
0.013731
0.0134802
0.0134015
0.0135718
0.013322
0.0132438
0.0134136
0.0131648
0.0130871
0.0132564
0.0130087
0.0129316
0.0131004
0.0128537
0.0127772
0.0129455
0.0126999
0.0126239
0.0127918
0.0125472
0.0124718
0.0126392
0.0123957
0.0123209
0.0124878
0.0122454
0.0121712
0.0123376
0.0120963
0.0120227
0.0121886
0.0119483
0.0118753
0.0120408
0.0118016
0.0117292
0.0118942
0.0116561
0.0115843
0.0117488
0.0115118
0.0114406
0.0116047
0.0113687
0.0112981
0.0114617
0.0112269
0.0111568
0.0113199
0.0110862
0.0110167
0.0111794
0.0109467
0.0108778
0.01104
0.0108084
0.0107401
0.0109017
0.0106712
0.0106035
0.0107647
0.0105352
0.0104681
0.0106288
0.0104004
0.0103338
0.010494
0.0102666
0.0102006
0.0103604
0.010134
0.0100686
0.0102278
0.0100025
0.00993758
0.0100964
0.00987204
0.00980766
0.00996596
0.00974266
0.00967879
0.00983661
0.00961431
0.00955096
0.00970829
0.00948698
0.00942414
0.00958099
0.00936066
0.00929831
0.00945468
0.00923533
0.00917345
0.00932935
0.00911096
0.00904956
0.00920498
0.00898754
0.00892661
0.00908155
0.00886505
0.00880458
0.00895904
0.00874348
0.00868346
0.00883745
0.00862281
0.00856324
0.00871674
0.00850303
0.00844389
0.00859692
0.00838412
0.00832541
0.00847796
0.00826607
0.00820778
0.00835985
0.00814886
0.008091
0.0082426
0.0080325
0.00797506
0.00812617
0.00791698
0.00785994
0.00801058
0.00780227
0.00774565
0.00789582
0.0076884
0.00763219
0.00778187
0.00757534
0.00751954
0.00766875
0.0074631
0.00740772
0.00755645
0.00735169
0.00729672
0.00744497
0.00724111
0.00718655
0.00733433
0.00713136
0.00707723
0.00722453
0.00702246
0.00696875
0.00711558
0.00691441
0.00686114
0.00700749
0.00680723
0.00675441
0.00690028
0.00670095
0.00664857
0.00679398
0.00659557
0.00654366
0.00668859
0.00649112
0.00643969
0.00658414
0.00638764
0.00633669
0.00648067
0.00628513
0.0062347
0.0063782
0.00618365
0.00613374
0.00627677
0.00608322
0.00603385
0.0061764
0.00598388
0.00593507
0.00607715
0.00588566
0.00583744
0.00597905
0.00578862
0.005741
0.00588214
0.0056928
0.00564581
0.00578648
0.00559825
0.00555192
0.00569211
0.00550502
0.00545937
0.00559909
0.00541316
0.00536822
0.00550747
0.00532274
0.00527854
0.00541732
0.00523381
0.00519039
0.0053287
0.00514644
0.00510382
0.00524166
0.0050607
0.00501892
0.00515628
0.00497665
0.00493574
0.00507263
0.00489436
0.00485436
0.00499079
0.0048139
0.00477486
0.00491081
0.00473536
0.00469731
0.00483279
0.00465882
0.00462179
0.0047568
0.00458434
0.00454838
0.00468293
0.00451203
0.00447718
0.00461125
0.00444195
0.00440825
0.00454186
0.0043742
0.0043417
0.00447484
0.00430886
0.0042776
0.00441028
0.00424603
0.00421606
0.00434826
0.00418579
0.00415715
0.00428889
0.00412824
0.00410099
0.00423226
0.00407348
0.00404765
0.00417845
0.00402159
0.00399723
0.00412757
0.00397267
0.00394983
0.0040797
0.00392682
0.00390555
0.00403496
0.00388413
0.00386448
0.00399342
0.0038447
0.00382672
0.00395519
0.00380863
0.00379237
0.00392037
0.00377602
0.00376151
0.00388906
0.00374695
0.00373426
0.00386134
0.00372154
0.0037107
0.00383731
0.00369986
0.00369093
0.00381707
0.00368202
0.00367504
0.00380072
0.00366811
0.00366313
0.00378835
0.00365823
0.00365529
0.00378004
0.00365246
0.00365161
0.00377589
0.00365089
0.00365217
0.00377599
0.00365361
0.00365707
0.00378043
0.00366071
0.00366639
0.00378928
0.00367227
0.00368021
0.00380263
0.00368838
0.00369861
0.00382057
0.0037091
0.00372167
0.00384316
0.00373452
0.00374946
0.00387049
0.00376471
0.00378206
0.00390263
0.00379975
0.00381954
0.00393964
0.00383969
0.00386195
0.00398159
0.00388461
0.00390937
0.00402855
0.00393456
0.00396185
0.00408057
0.0039896
0.00401945
0.0041377
0.00404978
0.00408222
0.00420001
0.00411516
0.00415021
0.00426753
0.00418577
0.00422345
0.00434031
0.00426167
0.004302
0.00441839
0.00434288
0.00438587
0.0045018
0.00442945
0.00447512
0.00459058
0.00452139
0.00456975
0.00468475
0.00461874
0.0046698
0.00478433
0.00472151
0.00477528
0.00488935
0.00482971
0.0048862
0.0049998
0.00494337
0.00500257
0.00511571
0.00506248
0.0051244
0.00523707
0.00518704
0.00525168
0.00536388
0.00531705
0.0053844
0.00549614
0.0054525
0.00552256
0.00563383
0.00559338
0.00566614
0.00577695
0.00573967
0.00581511
0.00592545
0.00589135
0.00596946
0.00607934
0.00604838
0.00612915
0.00623856
0.00621074
0.00629415
0.00640309
0.00637839
0.00646441
0.00657288
0.00655128
0.0066399
0.0067479
0.00672937
0.00682056
0.00692809
0.00691261
0.00700634
0.0071134
0.00710094
0.00719718
0.00730378
0.0072943
0.00739302
0.00749915
0.00749262
0.00759379
0.00769945
0.00769585
0.00779943
0.00790462
0.0079039
0.00800985
0.00811457
0.0081167
0.00822498
0.00832923
0.00833416
0.00844473
0.00854851
0.00855621
0.00866902
0.00877233
0.00878275
0.00889777
0.0090006
0.00901369
0.00913086
0.00923323
0.00924894
0.00936822
0.00947011
0.00948841
0.00960973
0.00971115
0.00973197
0.0098553
0.00995625
0.00997954
0.0101048
0.0102053
0.010231
0.0103582
0.0104582
0.0104863
0.0106153
0.0107148
0.0107452
0.010876
0.010975
0.0110077
0.0111402
0.0112388
0.0112736
0.0114078
0.0115059
0.0115429
0.0116786
0.0117762
0.0118153
0.0119526
0.0120498
0.0120908
0.0122297
0.0123263
0.0123693
0.0125095
0.0126057
0.0126506
0.0127921
0.0128878
0.0129345
0.0130773
0.0131725
0.0132207
0.0133649
0.0134596
0.0135098
0.013655
0.0137492
0.0138011
0.0139476
0.0140414
0.0140946
0.0142421
0.0143904
0.0145447
0.0146953
0.0148083
0.0148371
0.0148798
0.0150045
0.0151486
0.0153106
0.0154558
0.0156187
0.0157646
0.0159278
0.0160743
0.0162375
0.0163842
0.0165473
0.0166943
0.0168571
0.0170041
0.0171666
0.0173137
0.0174758
0.0176228
0.0177846
0.0179315
0.0180928
0.0182394
0.0184006
0.0185466
0.0187078
0.0188533
0.0190144
0.0191594
0.0193204
0.0194647
0.0196257
0.0197694
0.0199303
0.0200734
0.0202341
0.0203767
0.0205372
0.0206791
0.0208395
0.0209807
0.021141
0.0212815
0.0214416
0.0215814
0.0217413
0.0218805
0.0219665
0.0220401
0.0221849
0.0222698
0.022345
0.0224904
0.0225748
0.0226506
0.0227959
0.0228798
0.0229558
0.0231008
0.0231842
0.0232604
0.0234049
0.0234878
0.023564
0.0237079
0.0237904
0.0238664
0.0240097
0.0240917
0.0241676
0.0243102
0.0243917
0.0244673
0.0246092
0.0246902
0.0247655
0.0249066
0.0249871
0.0250621
0.0252024
0.0252823
0.025357
0.0254964
0.0255758
0.0256501
0.0257885
0.0258675
0.0259414
0.0260788
0.0261573
0.0262306
0.0263671
0.0264451
0.0265179
0.0266533
0.0267308
0.0268031
0.0269375
0.0270145
0.0270862
0.0272194
0.027296
0.0273671
0.0274992
0.0275752
0.0276457
0.0277767
0.0278522
0.027922
0.0280518
0.0281268
0.0281959
0.0283245
0.028399
0.0284674
0.0285948
0.0286688
0.0287365
0.0288626
0.0289361
0.029003
0.0291279
0.0292009
0.029267
0.0293906
0.0294631
0.0295284
0.0296507
0.0297227
0.0297872
0.0299081
0.0299796
0.0300432
0.0301628
0.0302338
0.0302966
0.0304148
0.0304853
0.0305472
0.030664
0.030734
0.030795
0.0309104
0.0309799
0.03104
0.031154
0.031223
0.0312821
0.0313947
0.0314632
0.0315213
0.0316325
0.0317005
0.0317577
0.0318674
0.0319348
0.0319911
0.0320993
0.0321663
0.0322215
0.0323283
0.0323947
0.032449
0.0325542
0.0326202
0.0326735
0.0327772
0.0328426
0.0328949
0.0329971
0.033062
0.0331133
0.033214
0.0332784
0.0333286
0.0334278
0.0334917
0.0335408
0.0336385
0.0337019
0.03375
0.0338461
0.033909
0.033956
0.0340506
0.0341129
0.0341589
0.0342519
0.0343137
0.0343587
0.0344501
0.0345114
0.0345553
0.0346451
0.034706
0.0347487
0.034837
0.0348973
0.034939
0.0350257
0.0350855
0.0351261
0.0352112
0.0352705
0.03531
0.0353935
0.0354523
0.0354906
0.0355726
0.0356308
0.0356681
0.0357485
0.0358062
0.0358424
0.0359212
0.0359783
0.0360134
0.0360906
0.0361473
0.0361812
0.0362568
0.036313
0.0363458
0.0364198
0.0364754
0.0365071
0.0365795
0.0366346
0.0366652
0.036736
0.0367906
0.0368201
0.0368893
0.0369433
0.0369717
0.0370393
0.0370928
0.03712
0.037186
0.037239
0.0372651
0.0373295
0.0373819
0.0374069
0.0374697
0.0375216
0.0375455
0.0376067
0.0376581
0.0376808
0.0377404
0.0377913
0.0378129
0.0378709
0.0379212
0.0379417
0.037998
0.0380478
0.0380672
0.038122
0.0381712
0.0381895
0.0382426
0.0382914
0.0383085
0.03836
0.0384082
0.0384242
0.0384742
0.0385218
0.0385367
0.0385851
0.0386322
0.0386459
0.0386927
0.0387393
0.0387519
0.038797
0.0388431
0.0388546
0.0388982
0.0389437
0.038954
0.038996
0.039041
0.0390502
0.0390906
0.039135
0.0391432
0.039182
0.0392258
0.0392329
0.0392701
0.0393134
0.0393193
0.0393549
0.0393977
0.0394025
0.0394366
0.0394788
0.0394825
0.0395149
0.0395566
0.0395592
0.0395901
0.0396312
0.0396327
0.039662
0.0397026
0.0397029
0.0397307
0.0397707
0.03977
0.0397962
0.0398357
0.0398338
0.0398584
0.0398974
0.0398944
0.0399174
0.0399558
0.0399518
0.0399732
0.0400111
0.0400059
0.0400259
0.0400632
0.0400569
0.0400753
0.040112
0.0401047
0.0401215
0.0401577
0.0401493
0.0401646
0.0402002
0.0401907
0.0402044
0.0402395
0.0402289
0.0402411
0.0402756
0.040264
0.0402746
0.0403086
0.0402958
0.040305
0.0403384
0.0403246
0.0403322
0.0403651
0.0403502
0.0403563
0.0403886
0.0403726
0.0403772
0.040409
0.040392
0.040395
0.0404262
0.0404082
0.0404097
0.0404404
0.0404213
0.0404213
0.0404514
0.0404313
0.0404298
0.0404594
0.0404382
0.0404353
0.0404642
0.040442
0.0404376
0.040466
0.0404428
0.0404369
0.0404647
0.0404405
0.0404331
0.0404604
0.0404351
0.0404263
0.040453
0.0404268
0.0404165
0.0404427
0.0404154
0.0404037
0.0404293
0.040401
0.0403879
0.0404129
0.0403836
0.040369
0.0403935
0.0403633
0.0403473
0.0403712
0.04034
0.0403226
0.0403459
0.0403137
0.0402949
0.0403177
0.0402846
0.0402643
0.0402865
0.0402525
0.0402309
0.0402525
0.0402175
0.0401945
0.0402156
0.0401797
0.0401553
0.0401758
0.040139
0.0401133
0.0401332
0.0400955
0.0400684
0.0400878
0.0400491
0.0400207
0.0400395
0.04
0.0399703
0.0399885
0.0399481
0.039917
0.0399347
0.0398935
0.0398611
0.0398782
0.0398361
0.0398024
0.039819
0.039776
0.0397411
0.039757
0.0397133
0.039677
0.0396924
0.0396479
0.0396104
0.0396252
0.0395798
0.0395411
0.0395553
0.0395092
0.0394692
0.0394829
0.039436
0.0393948
0.0394079
0.0393602
0.0393178
0.0393303
0.0392819
0.0392383
0.0392503
0.0392011
0.0391563
0.0391678
0.0391179
0.0390719
0.0390828
0.0390322
0.0389851
0.0389954
0.0389441
0.0388958
0.0389056
0.0388536
0.0388043
0.0388134
0.0387608
0.0387104
0.038719
0.0386657
0.0386142
0.0386222
0.0385683
0.0385157
0.0385232
0.0384687
0.038415
0.0384219
0.0383668
0.0383121
0.0383185
0.0382628
0.0382071
0.0382129
0.0381567
0.0381
0.0381052
0.0380484
0.0379907
0.0379954
0.0379381
0.0378795
0.0378836
0.0378258
0.0377662
0.0377697
0.0377115
0.0376509
0.0376539
0.0375952
0.0375338
0.0375362
0.0374771
0.0374147
0.0374166
0.037357
0.0372938
0.0372951
0.0372352
0.0371711
0.0371718
0.0371115
0.0370466
0.0370468
0.0369861
0.0369204
0.03692
0.036859
0.0367925
0.0367916
0.0367303
0.036663
0.0366616
0.0365999
0.0365319
0.0365299
0.036468
0.0363993
0.0363967
0.0363346
0.0362652
0.036262
0.0361997
0.0361296
0.0361259
0.0360633
0.0359926
0.0359883
0.0359256
0.0358543
0.0358494
0.0357866
0.0357146
0.0357092
0.0356463
0.0355737
0.0355678
0.0355047
0.0354316
0.0354251
0.0353619
0.0352883
0.0352813
0.0352181
0.0351439
0.0351363
0.0350731
0.0349984
0.0349903
0.0349271
0.034852
0.0348433
0.0347801
0.0347045
0.0346953
0.0346322
0.0345562
0.0345465
0.0344834
0.034407
0.0343967
0.0343338
0.0342571
0.0342462
0.0341834
0.0341063
0.034095
0.0340323
0.0339549
0.033943
0.0338805
0.0338029
0.0337904
0.0337281
0.0336502
0.0336372
0.0335752
0.0334971
0.0334835
0.0334218
0.0333434
0.0333294
0.0332679
0.0331894
0.0331748
0.0331136
0.033035
0.0330198
0.032959
0.0328803
0.0328646
0.0328042
0.0327253
0.0327091
0.0326491
0.0325702
0.0325534
0.0324938
0.0324149
0.0323976
0.0323385
0.0322595
0.0322417
0.0321831
0.0321042
0.0320858
0.0320277
0.0319488
0.0319299
0.0318724
0.0317936
0.0317742
0.0317172
0.0316385
0.0316186
0.0315622
0.0314836
0.0314632
0.0314075
0.031329
0.031308
0.031253
0.0311748
0.0311533
0.0310989
0.0310209
0.0309989
0.0309452
0.0308675
0.0308449
0.030792
0.0307145
0.0306915
0.0306394
0.0305622
0.0305386
0.0304873
0.0304104
0.0303863
0.0303359
0.0302594
0.0302347
0.0301852
0.030109
0.0300839
0.0300352
0.0299595
0.0299339
0.0298861
0.0298108
0.0297847
0.0297379
0.0296631
0.0296364
0.0295906
0.0295163
0.0294891
0.0294443
0.0293705
0.0293428
0.0292991
0.0292258
0.0291976
0.0291549
0.0290823
0.0290535
0.029012
0.0289399
0.0289107
0.0288702
0.0287988
0.0287691
0.0287298
0.028659
0.0286287
0.0285906
0.0285205
0.0284898
0.0284529
0.0283835
0.0283522
0.0283166
0.0282479
0.0282162
0.0281818
0.0281138
0.0280816
0.0280485
0.0279814
0.0279486
0.0279169
0.0278505
0.0278173
0.0277869
0.0277213
0.0276876
0.0276585
0.0275939
0.0275597
0.027532
0.0274682
0.0274335
0.0274072
0.0273444
0.0273092
0.0272844
0.0272224
0.0271867
0.0271634
0.0271023
0.0270662
0.0270443
0.0269843
0.0269476
0.0269273
0.0268682
0.0268311
0.0268122
0.0267542
0.0267166
0.0266993
0.0266423
0.0266042
0.0265885
0.0265326
0.026494
0.0264799
0.026425
0.026386
0.0263735
0.0263197
0.0262802
0.0262694
0.0262167
0.0261767
0.0261675
0.026116
0.0260755
0.026068
0.0260176
0.0259767
0.0259709
0.0259217
0.0258803
0.0258762
0.0258281
0.0257862
0.0257839
0.0257371
0.0256947
0.0256941
0.0256485
0.0256057
0.0256069
0.0255625
0.0255192
0.0255221
0.025479
0.0254353
0.02544
0.0253981
0.0253539
0.0253605
0.0253199
0.0252752
0.0252836
0.0252443
0.0251992
0.0252094
0.0251714
0.0251258
0.0251379
0.0251012
0.0250552
0.0250691
0.0250338
0.0249872
0.0250031
0.024969
0.0249221
0.0249398
0.0249071
0.0248597
0.0248794
0.024848
0.0248001
0.0248217
0.0247917
0.0247434
0.0247669
0.0247382
0.0246894
0.0247149
0.0246876
0.0246384
0.0246657
0.0246398
0.0245902
0.0246195
0.024595
0.0245448
0.0245761
0.024553
0.0245024
0.0245356
0.0245139
0.0244629
0.0244981
0.0244777
0.0244263
0.0244634
0.0244445
0.0243926
0.0244317
0.0244142
0.0243618
0.0244029
0.0243868
0.024334
0.024377
0.0243623
0.0243091
0.0243541
0.0243408
0.0242872
0.0243341
0.0243222
0.0242681
0.0243171
0.0243066
0.0242521
0.024303
0.0242939
0.0242389
0.0242918
0.0242841
0.0242287
0.0242835
0.0242772
0.0242214
0.0242782
0.0242733
0.024217
0.0242758
0.0242722
0.0242155
0.0242762
0.0242741
0.0242169
0.0242796
0.0242788
0.0242212
0.0242858
0.0242864
0.0242284
0.0242949
0.0242969
0.0242384
0.0243069
0.0243102
0.0242513
0.0243216
0.0243263
0.024267
0.0243392
0.0243452
0.0242855
0.0243596
0.0243669
0.0243067
0.0243828
0.0243913
0.0243307
0.0244087
0.0244185
0.0243575
0.0244373
0.0244484
0.024387
0.0244686
0.024481
0.0244191
0.0245026
0.0245163
0.0244539
0.0245392
0.0245541
0.0244914
0.0245785
0.0245946
0.0245314
0.0246203
0.0246376
0.024574
0.0246646
0.0246831
0.0246191
0.0247115
0.0247312
0.0246668
0.0247609
0.0247817
0.0247168
0.0248127
0.0248346
0.0247694
0.0248669
0.02489
0.0248242
0.0249234
0.0249476
0.0248815
0.0249823
0.0250076
0.0250435
0.0250652
0.0251024
0.0251248
0.0251628
0.0251862
0.0252252
0.0252496
0.0252894
0.025315
0.0253558
0.0253824
0.0254241
0.0254519
0.0254946
0.0255235
0.0255672
0.0255972
0.0256419
0.025673
0.0257187
0.0257509
0.0257976
0.0258309
0.0258786
0.0259129
0.0259616
0.025997
0.0260466
0.0260831
0.0261336
0.0261711
0.0262225
0.0262611
0.0263134
0.0263529
0.0264061
0.0264466
0.0265006
0.0265421
0.026597
0.0266394
0.0266951
0.0267383
0.026795
0.0268388
0.0268965
0.026941
0.0269997
0.0270449
0.0271044
0.0271502
0.0272107
0.0272571
0.0273185
0.0273654
0.0274277
0.0274751
0.0275382
0.0275862
0.0276501
0.0276985
0.0277632
0.0278121
0.0278775
0.0279268
0.027993
0.0280427
0.0281095
0.0281596
0.0282271
0.0282774
0.0283456
0.0283962
0.028465
0.0285159
0.0285853
0.0284941
0.0286364
0.0287023
0.0286106
0.0287525
0.0288178
0.0287256
0.0288677
0.0289326
0.0288399
0.0289821
0.0290468
0.0289537
0.029096
0.0291605
0.0290669
0.0292094
0.0292737
0.0291795
0.0293223
0.0293863
0.0292917
0.0294346
0.0294983
0.0294032
0.0295463
0.0296098
0.0295142
0.0296574
0.0297206
0.0296245
0.0297678
0.0298307
0.0297341
0.0298775
0.0299402
0.0298431
0.0299865
0.0300488
0.0299512
0.0300947
0.0301566
0.0300586
0.0302021
0.0302636
0.0301654
0.0303089
0.0303701
0.0302715
0.0304149
0.0304757
0.0303768
0.0305202
0.0305805
0.0304812
0.0306246
0.0306843
0.0305846
0.0307278
0.0307868
0.0306866
0.0308297
0.0308881
0.0307874
0.0309302
0.0309879
0.0308867
0.0310293
0.0310863
0.0309847
0.031127
0.0311833
0.0310812
0.0312233
0.0312787
0.0311761
0.0313179
0.0313726
0.0312695
0.031411
0.0314648
0.0313613
0.0315024
0.0315554
0.0314514
0.0315922
0.0316443
0.0315398
0.0316802
0.0317314
0.0316264
0.0317664
0.0318167
0.0317112
0.0318508
0.0319001
0.0317942
0.0319333
0.0319817
0.0318753
0.0320139
0.0320613
0.0319544
0.0320926
0.032139
0.0320316
0.0321692
0.0322146
0.0321067
0.0322438
0.0322881
0.0321798
0.0323164
0.0323596
0.0322508
0.0323868
0.0324289
0.0323197
0.0324551
0.0324961
0.0323864
0.0325212
0.0325611
0.0324508
0.0325851
0.0326238
0.0325131
0.0326467
0.0326842
0.0325731
0.032706
0.0327424
0.0326308
0.0327631
0.0327982
0.0326861
0.0328178
0.0328517
0.0327391
0.0328701
0.0329028
0.0327898
0.03292
0.0329515
0.032838
0.0329675
0.0329978
0.0328838
0.0330126
0.0330416
0.0329271
0.0330552
0.0330829
0.0329679
0.0330953
0.0331217
0.0330063
0.0331329
0.033158
0.0330421
0.0331679
0.0331917
0.0330753
0.0332004
0.0332229
0.033106
0.0332304
0.0332515
0.0331342
0.0332577
0.0332775
0.0331597
0.0332825
0.0333009
0.0331826
0.0333046
0.0333216
0.0332029
0.0333241
0.0333398
0.0332205
0.0333409
0.0333552
0.0332355
0.0333551
0.033368
0.0332478
0.0333666
0.0333781
0.0332574
0.0333754
0.0333855
0.0332644
0.0333815
0.0333902
0.0332686
0.0333849
0.0333922
0.0332701
0.0333855
0.0333915
0.0332689
0.0333835
0.033388
0.033265
0.0333787
0.0333818
0.0332583
0.0333712
0.0333729
0.0332489
0.0333609
0.0333612
0.0332367
0.0333479
0.0333467
0.0332218
0.0333322
0.0333295
0.0332041
0.0333136
0.0333095
0.0331837
0.0332923
0.0332868
0.0331605
0.0332682
0.0332613
0.0331345
0.0332414
0.033233
0.0331057
0.0332118
0.0332019
0.0330742
0.0331794
0.0331681
0.0330399
0.0331442
0.0331315
0.0330028
0.0331063
0.0330921
0.032963
0.0330656
0.0330499
0.0329203
0.0330221
0.033005
0.0328749
0.0329758
0.0329572
0.0328267
0.0329267
0.0329067
0.0327757
0.0328749
0.0328535
0.032722
0.0328203
0.0327974
0.0326655
0.0327629
0.0327386
0.0326062
0.0327028
0.032677
0.0325442
0.0326399
0.0326127
0.0324794
0.0325743
0.0325456
0.0324118
0.0325059
0.0324758
0.0323415
0.0324348
0.0324032
0.0322685
0.0323609
0.0323279
0.0321927
0.0322843
0.0322499
0.0321142
0.032205
0.0321692
0.032033
0.0321229
0.0320857
0.0319491
0.0320382
0.0319995
0.0318624
0.0319507
0.0319107
0.0317731
0.0318606
0.0318191
0.0316811
0.0317678
0.0317249
0.0315864
0.0316723
0.031628
0.0314891
0.0315741
0.0315285
0.0313891
0.0314733
0.0314263
0.0312864
0.0313699
0.0313215
0.0311812
0.0312639
0.0312141
0.0310733
0.0311552
0.0311041
0.0309628
0.031044
0.0309915
0.0308498
0.0309302
0.0308763
0.0307341
0.0308138
0.0307586
0.030616
0.0306949
0.0306384
0.0304953
0.0305735
0.0305157
0.0303721
0.0304496
0.0303904
0.0302464
0.0303232
0.0302627
0.0301183
0.0301944
0.0301326
0.0299877
0.0300631
0.03
0.0298547
0.0299294
0.0298651
0.0297192
0.0297933
0.0297278
0.0295815
0.0296549
0.0295881
0.0294413
0.0295141
0.0294461
0.0292989
0.029371
0.0293018
0.0291541
0.0292257
0.0291553
0.0290071
0.0290781
0.0290065
0.0288579
0.0289283
0.0288555
0.0287065
0.0287763
0.0287024
0.0285529
0.0286222
0.0285472
0.0283972
0.028466
0.0283898
0.0282394
0.0283077
0.0282304
0.0280795
0.0281473
0.028069
0.0279177
0.027985
0.0279056
0.0277539
0.0278207
0.0277403
0.0275881
0.0276545
0.0275731
0.0274204
0.0274865
0.0274041
0.027251
0.0273166
0.0272333
0.0270797
0.027145
0.0270607
0.0269067
0.0269716
0.0268864
0.0267319
0.0267966
0.0267105
0.0265556
0.0266199
0.026533
0.0263776
0.0264417
0.026354
0.0261981
0.026262
0.0261735
0.0260172
0.0260808
0.0259915
0.0258348
0.0258983
0.0258082
0.025651
0.0257143
0.0256236
0.025466
0.0255292
0.0254378
0.0252797
0.0253428
0.0252507
0.0250922
0.0251553
0.0250626
0.0249036
0.0249667
0.0248734
0.024714
0.024777
0.0246833
0.0245234
0.0245865
0.0244922
0.0243319
0.0243951
0.0243003
0.0241395
0.0242028
0.0241077
0.0239464
0.0240099
0.0239143
0.0237526
0.0238163
0.0237204
0.0235582
0.0236221
0.0235259
0.0233633
0.0234274
0.023331
0.0231679
0.0232324
0.0231357
0.0229722
0.0230369
0.02294
0.0227761
0.0228413
0.0227442
0.0225798
0.0226454
0.0225483
0.0223835
0.0224495
0.0223523
0.022187
0.0222535
0.0221563
0.0219906
0.0220577
0.0219605
0.0217943
0.021862
0.0217649
0.0215983
0.0216666
0.0215696
0.0214025
0.0214715
0.0213747
0.0212072
0.0212768
0.0211803
0.0210123
0.0210827
0.0209864
0.020818
0.0208892
0.0207932
0.0206243
0.0206964
0.0206007
0.0204314
0.0205044
0.0204091
0.0202394
0.0203133
0.0202185
0.0200483
0.0201231
0.0200288
0.0198582
0.0199341
0.0198403
0.0196692
0.0197462
0.019653
0.0194815
0.0195595
0.019467
0.019295
0.0193742
0.0192824
0.0191099
0.0191904
0.0190992
0.0189264
0.019008
0.0189177
0.0187444
0.0188273
0.0187378
0.018564
0.0186483
0.0185597
0.0183854
0.0184711
0.0183834
0.0182087
0.0182958
0.018209
0.0180339
0.0181224
0.0180367
0.0178611
0.0179511
0.0178665
0.0176904
0.017782
0.0176984
0.017522
0.0176151
0.0175326
0.0173557
0.0174505
0.0173692
0.0171919
0.0172883
0.0172083
0.0170305
0.0171285
0.0170498
0.0168716
0.0169714
0.0168939
0.0167153
0.0168168
0.0167408
0.0165616
0.016665
0.0165903
0.0164107
0.0165159
0.0164427
0.0162626
0.0163697
0.0162979
0.0161174
0.0162264
0.0161561
0.0159752
0.0160861
0.0160173
0.015836
0.0159489
0.0158816
0.0156998
0.0158147
0.0157491
0.0155668
0.0156837
0.0156197
0.015437
0.0155559
0.0154936
0.0153104
0.0154315
0.0153708
0.0151872
0.0153103
0.0152513
0.0150673
0.0151925
0.0151353
0.0149508
0.0150782
0.0150227
0.0148377
0.0149673
0.0149136
0.0147282
0.0148599
0.014808
0.0146221
0.014756
0.0147059
0.0145197
0.0146558
0.0146075
0.0144208
0.0145591
0.0145127
0.0143255
0.014466
0.0144215
0.0142339
0.0143767
0.014334
0.0141459
0.0142909
0.0142501
0.0140616
0.0142089
0.01417
0.013981
0.0141306
0.0140936
0.0139041
0.014056
0.0140209
0.013831
0.0139851
0.0139519
0.0137616
0.0139179
0.0138866
0.0136959
0.0138545
0.0138251
0.0136339
0.0137948
0.0137672
0.0135756
0.0137388
0.0137131
0.013521
0.0136865
0.0136627
0.0134702
0.0136379
0.013616
0.013423
0.0135929
0.0135729
0.0133795
0.0135516
0.0135335
0.0133396
0.013514
0.0134977
0.0133034
0.0134799
0.0134655
0.0132707
0.0134495
0.0134368
0.0132416
0.0134225
0.0134117
0.0132161
0.0133991
0.0133901
0.013194
0.0133792
0.0133719
0.0131753
0.0133626
0.0133571
0.0131601
0.0133495
0.0133457
0.0131483
0.0133397
0.0133376
0.0131397
0.0133332
0.0133327
0.0131344
0.0133299
0.0133311
0.0131323
0.0133298
0.0133326
0.0131334
0.0133328
0.0133372
0.0131376
0.0133389
0.0133448
0.0131448
0.013348
0.0133555
0.013155
0.01336
0.013369
0.013168
0.0133749
0.0133854
0.013184
0.0133927
0.0134045
0.0132027
0.0134131
0.0134264
0.0132241
0.0134363
0.0134509
0.0132482
0.013462
0.0134779
0.0132748
0.0134903
0.0135074
0.0133039
0.013521
0.0135394
0.0133354
0.0135541
0.0135737
0.0133693
0.0135895
0.0136103
0.0134054
0.0136271
0.013649
0.0134437
0.0136669
0.0136898
0.0134841
0.0137087
0.0137327
0.0135265
0.0137525
0.0137775
0.0135709
0.0137983
0.0138242
0.0136172
0.0138458
0.0138727
0.0136652
0.0138951
0.0139229
0.013715
0.0139461
0.0139747
0.0137663
0.0139986
0.014028
0.0138192
0.0140527
0.0140828
0.0138736
0.0141082
0.014139
0.014165
0.0142006
0.0142285
0.0142662
0.0142957
0.0143347
0.0143652
0.0144048
0.0144358
0.0144757
0.014507
0.014547
0.0145784
0.0146181
0.0146495
0.014689
0.0147202
0.0147595
0.0147905
0.0148294
0.0148601
0.0148986
0.0149291
0.0149672
0.0149974
0.015035
0.0150649
0.0151021
0.0151317
0.0151685
0.0151977
0.0152341
0.015263
0.0152989
0.0153275
0.0153629
0.0153912
0.0154261
0.0154541
0.0154886
0.0155162
0.0155502
0.0155775
0.0156111
0.015638
0.0156711
0.0156977
0.0157304
0.0157566
0.0157888
0.0158147
0.0158465
0.0158719
0.0159033
0.0159284
0.0159594
0.0159841
0.0160146
0.016039
0.016069
0.0160931
0.0161227
0.0161463
0.0161755
0.0161988
0.0162275
0.0162504
0.0162787
0.0163013
0.0163291
0.0163513
0.0163787
0.0164006
0.0164275
0.016449
0.0164755
0.0164967
0.0165227
0.0165435
0.0165691
0.0165895
0.0166146
0.0166348
0.0166594
0.0166792
0.0167034
0.0167229
0.0167467
0.0167658
0.0167891
0.0168078
0.0168307
0.0168492
0.0168716
0.0168897
0.0169116
0.0169294
0.0169509
0.0169684
0.0169894
0.0170065
0.0170272
0.017044
0.0170641
0.0170806
0.0171003
0.0171164
0.0171357
0.0171515
0.0171703
0.0171858
0.0172041
0.0172193
0.0172372
0.0172521
0.0172695
0.0172841
0.017301
0.0173153
0.0173317
0.0173456
0.0173615
0.0173752
0.0173906
0.0174038
0.0174187
0.0174316
0.017446
0.0172103
0.0174586
0.0174761
0.01724
0.0174905
0.0175086
0.0172721
0.0175243
0.0175438
0.0173069
0.0175603
0.0175802
0.0173429
0.017597
0.017617
0.0173794
0.0176339
0.0176538
0.0174157
0.0176705
0.0176901
0.0174517
0.0177066
0.0177258
0.017487
0.017742
0.0177607
0.0175215
0.0177764
0.0177946
0.017555
0.0178099
0.0178274
0.0175875
0.0178422
0.0178591
0.0176188
0.0178733
0.0178895
0.0176488
0.0179032
0.0179187
0.0176776
0.0179318
0.0179465
0.0177051
0.017959
0.017973
0.0177312
0.0179848
0.017998
0.0177558
0.0180092
0.0180216
0.017779
0.018032
0.0180436
0.0178007
0.0180533
0.0180641
0.0178207
0.0180731
0.0180829
0.0178392
0.0180912
0.0181001
0.017856
0.0181076
0.0181156
0.0178712
0.0181223
0.0181294
0.0178846
0.0181353
0.0181414
0.0178962
0.0181464
0.0181516
0.017906
0.0181558
0.0181599
0.017914
0.0181633
0.0181664
0.0179201
0.0181688
0.0181709
0.0179243
0.0181725
0.0181735
0.0179265
0.0181742
0.0181741
0.0179267
0.0181738
0.0181727
0.017925
0.0181715
0.0181693
0.0179211
0.0181671
0.0181637
0.0179152
0.0181606
0.0181561
0.0179073
0.018152
0.0181464
0.0178971
0.0181412
0.0181345
0.0178849
0.0181283
0.0181204
0.0178705
0.0181132
0.0181042
0.0178539
0.018096
0.0180857
0.017835
0.0180765
0.0180651
0.017814
0.0180548
0.0180422
0.0177907
0.0180308
0.018017
0.0177652
0.0180046
0.0179896
0.0177375
0.0179762
0.01796
0.0177075
0.0179454
0.017928
0.0176752
0.0179124
0.0178938
0.0176406
0.0178772
0.0178574
0.0176038
0.0178396
0.0178186
0.0175647
0.0177998
0.0177776
0.0175233
0.0177578
0.0177344
0.0174797
0.0177135
0.0176889
0.0174339
0.0176669
0.0176411
0.0173858
0.0176181
0.0175912
0.0173354
0.0175671
0.017539
0.0172829
0.0175139
0.0174846
0.0172281
0.0174585
0.017428
0.0171712
0.0174009
0.0173693
0.0171122
0.0173411
0.0173085
0.017051
0.0172793
0.0172455
0.0169877
0.0172154
0.0171805
0.0169223
0.0171494
0.0171134
0.0168549
0.0170813
0.0170443
0.0167854
0.0170113
0.0169733
0.0167141
0.0169394
0.0169005
0.0166409
0.0168658
0.016826
0.016566
0.0167904
0.0167499
0.0164895
0.0167135
0.0166722
0.0164115
0.0166352
0.0165931
0.0163321
0.0165554
0.0165126
0.0162512
0.0164742
0.0164307
0.016169
0.0163917
0.0163476
0.0160855
0.0163079
0.0162632
0.0160008
0.0162229
0.0161775
0.0159148
0.0161366
0.0160906
0.0158276
0.0160492
0.0160026
0.0157392
0.0159606
0.0159135
0.0156497
0.0158709
0.0158233
0.0155592
0.0157802
0.015732
0.0154676
0.0156884
0.0156398
0.015375
0.0155957
0.0155466
0.0152814
0.015502
0.0154524
0.015187
0.0154075
0.0153575
0.0150916
0.015312
0.0152616
0.0149955
0.0152158
0.015165
0.0148985
0.0151189
0.0150677
0.0148009
0.0150212
0.0149697
0.0147025
0.0149228
0.0148711
0.0146035
0.0148239
0.0147718
0.014504
0.0147244
0.0146721
0.0144039
0.0146243
0.0145718
0.0143033
0.0145238
0.0144711
0.0142023
0.0144229
0.0143701
0.0141008
0.0143216
0.0142686
0.0139991
0.0142201
0.0141669
0.0138971
0.0141182
0.014065
0.0137948
0.0140162
0.0139629
0.0136923
0.0139139
0.0138606
0.0135898
0.0138116
0.0137583
0.0134871
0.0137092
0.0136559
0.0133844
0.0136068
0.0135536
0.0132817
0.0135045
0.0134513
0.0131791
0.0134022
0.0133491
0.0130766
0.0133001
0.0132472
0.0129743
0.0131982
0.0131454
0.0128722
0.0130965
0.0130439
0.0127704
0.0129951
0.0129427
0.0126688
0.0128941
0.0128419
0.0125677
0.0127934
0.0127415
0.012467
0.0126932
0.0126415
0.0123667
0.0125935
0.0125421
0.012267
0.0124943
0.0124433
0.0121678
0.0123957
0.012345
0.0120692
0.0122977
0.0122474
0.0119712
0.0122004
0.0121505
0.011874
0.0121038
0.0120543
0.0117775
0.012008
0.0119589
0.0116818
0.0119129
0.0118644
0.0115869
0.0118188
0.0117707
0.011493
0.0117255
0.0116779
0.0113999
0.0116332
0.0115862
0.0113078
0.0115419
0.0114954
0.0112167
0.0114516
0.0114056
0.0111266
0.0113623
0.011317
0.0110377
0.0112742
0.0112295
0.0109498
0.0111872
0.0111431
0.0108632
0.0111014
0.011058
0.0107777
0.0110168
0.0109741
0.0106935
0.0109336
0.0108915
0.0106106
0.0108516
0.0108102
0.010529
0.0107709
0.0107303
0.0104488
0.0106917
0.0106518
0.01037
0.0106138
0.0105748
0.0102926
0.0105375
0.0104992
0.0102167
0.0104626
0.0104251
0.0101423
0.0103893
0.0103526
0.0100695
0.0103175
0.0102817
0.00999824
0.0102473
0.0102124
0.00992862
0.0101788
0.0101447
0.00986065
0.0101119
0.0100787
0.00979438
0.0100468
0.0100145
0.00972982
0.00998338
0.009952
0.00966703
0.00992175
0.0098913
0.00960603
0.00986192
0.00983243
0.00954685
0.00980394
0.00977541
0.00948952
0.00974783
0.00972028
0.00943409
0.00969362
0.00966708
0.00938058
0.00964135
0.00961582
0.00932901
0.00959105
0.00956654
0.00927943
0.00954274
0.00951928
0.00923187
0.00949647
0.00947406
0.00918634
0.00945225
0.00943091
0.00914289
0.00941012
0.00938986
0.00910154
0.00937011
0.00935089
0.00906228
0.00933221
0.00931406
0.00902515
0.00929646
0.0092794
0.00899019
0.00926289
0.00924745
0.00895793
0.00923198
0.00921734
0.00892752
0.00920298
0.00918947
0.00889936
0.00917625
0.00916391
0.0088735
0.00915184
0.00914068
0.00884997
0.00912977
0.0091198
0.0088288
0.00911007
0.0091013
0.00881001
0.00909275
0.00908521
0.00879361
0.00907786
0.00907153
0.00877964
0.00906539
0.0090603
0.00876812
0.00905539
0.00905154
0.00875906
0.00904787
0.00904527
0.0087525
0.00904285
0.00904151
0.00874845
0.00904036
0.00904028
0.00874693
0.00904041
0.00904161
0.00874797
0.00904303
0.00904551
0.00875158
0.00904823
0.009052
0.00875778
0.00905604
0.0090611
0.00876659
0.00906646
0.00907283
0.00877803
0.00907952
0.0090872
0.00879212
0.00909524
0.00910423
0.00880886
0.00911363
0.00912393
0.00882827
0.00913469
0.00914632
0.00885037
0.00915845
0.0091714
0.00887518
0.00918492
0.0091992
0.00890269
0.00921411
0.00922973
0.00893294
0.00924604
0.00926305
0.00896597
0.00928075
0.00929916
0.0090018
0.00931825
0.00933775
0.0090401
0.00935831
0.00937924
0.00908131
0.00940122
0.0094235
0.00912529
0.00944691
0.00947052
0.00917204
0.00949536
0.0095203
0.00922153
0.00954658
0.00957284
0.00927379
0.00960056
0.00962815
0.00932882
0.0096573
0.00968621
0.0093866
0.00971681
0.00974703
0.00944715
0.00977907
0.0098106
0.00951045
0.0098441
0.00987693
0.00957649
0.00991186
0.00994599
0.00964528
0.00998237
0.0100178
0.0097168
0.0100556
0.0100923
0.00979105
0.0101316
0.0101695
0.009868
0.0102102
0.0102494
0.00994764
0.0102916
0.0101501
0.0100082
0.0100848
0.0100308
0.0101825
0.0105076
0.0102053
0.0106259
0.010742
0.0104386
0.0108375
0.0109326
0.0106291
0.0110124
0.0110944
0.0107907
0.0111645
0.0112387
0.0109347
0.011303
0.0113727
0.0110684
0.0114338
0.0115012
0.0111966
0.0115606
0.0116271
0.0113222
0.011686
0.0117523
0.0114472
0.0118113
0.011878
0.0116081
0.0120813
0.0122482
0.0119476
0.0124053
0.0125314
0.0122294
0.0126547
0.0127745
0.0124707
0.0128851
0.012987
0.0126835
0.0130868
0.0131797
0.0128758
0.0132722
0.0133595
0.0130554
0.0134477
0.0135317
0.0132273
0.0132666
0.0132357
0.0135875
0.0137028
0.013396
0.0137822
0.0138683
0.0135613
0.0139471
0.0140333
0.013726
0.0141123
0.014199
0.0138915
0.0142786
0.0143661
0.0140583
0.0144464
0.0145347
0.0142267
0.0146158
0.0147051
0.0143968
0.0147869
0.0148772
0.0145687
0.0149599
0.0150512
0.0147423
0.0151347
0.0152269
0.0149178
0.0153112
0.0154044
0.0150951
0.0154895
0.0155837
0.0152741
0.0156695
0.0157646
0.0154547
0.0158512
0.015947
0.015637
0.0160344
0.016131
0.0158207
0.016219
0.0163165
0.0160059
0.0164051
0.0165033
0.0161925
0.0165925
0.0166914
0.0163803
0.0167811
0.0168807
0.0165693
0.0169709
0.017071
0.0167594
0.0171617
0.0172624
0.0169506
0.0173535
0.0174548
0.0171427
0.0175462
0.0176479
0.0173356
0.0177397
0.0178418
0.0175292
0.0179339
0.0180364
0.0177235
0.0181286
0.0182314
0.0179184
0.0183239
0.018427
0.0181137
0.0185196
0.0186229
0.0183093
0.0187156
0.0188191
0.0185053
0.0189118
0.0190154
0.0187013
0.0191081
0.0192118
0.0188975
0.0193045
0.0194081
0.0190936
0.0195007
0.0196044
0.0192896
0.0196968
0.0198003
0.0194853
0.0198926
0.019996
0.0196807
0.020088
0.0201912
0.0198757
0.0202829
0.0203858
0.0200701
0.0204772
0.0205798
0.0202638
0.0206708
0.0207731
0.0204569
0.0208636
0.0209655
0.020649
0.0210555
0.0211569
0.0208402
0.0212464
0.0213473
0.0210304
0.0214362
0.0215366
0.0212194
0.0216248
0.0217246
0.0214072
0.0218122
0.0219112
0.0215936
0.0219981
0.0220964
0.0217785
0.0221825
0.02228
0.0219619
0.0223653
0.022462
0.0221437
0.0225463
0.0226422
0.0223237
0.0227256
0.0228206
0.022903
0.0229973
0.0230761
0.0231669
0.0232428
0.0233309
0.0234055
0.0234916
0.0235643
0.0236486
0.0237201
0.0238029
0.0238733
0.0239548
0.0240242
0.0241046
0.0241731
0.0242524
0.02432
0.0243983
0.0244651
0.0245423
0.0246083
0.0246845
0.0247497
0.0248248
0.0248173
0.0246283
0.0249635
0.0250266
0.0250995
0.0251623
0.0252345
0.0252965
0.0253676
0.0254288
0.0254987
0.025559
0.0256277
0.0256872
0.0257548
0.0258133
0.0258797
0.0259373
0.0260025
0.0260591
0.0261231
0.0261788
0.0262416
0.0262963
0.0263578
0.0264116
0.0264718
0.0261479
0.0265246
0.0265841
0.02626
0.0266334
0.0266891
0.0263648
0.026735
0.0267873
0.0264629
0.0268304
0.0268796
0.026555
0.0269201
0.0269666
0.0266417
0.0270046
0.0270485
0.0267234
0.0270842
0.0271256
0.0268003
0.027159
0.027198
0.0268726
0.0272293
0.0272659
0.0269403
0.027295
0.0273292
0.0270034
0.0273562
0.027388
0.027062
0.0274128
0.0274422
0.027116
0.0274649
0.027492
0.0271655
0.0275124
0.0275371
0.0272105
0.0275554
0.0275777
0.0272509
0.0275939
0.0276137
0.0272867
0.0276277
0.0276451
0.027318
0.0276569
0.0276719
0.0273446
0.0276815
0.0276941
0.0273665
0.0277015
0.0277117
0.0273839
0.0277168
0.0277245
0.0273966
0.0277275
0.0277328
0.0274046
0.0277336
0.0277363
0.027408
0.0277349
0.0277353
0.0274067
0.0277316
0.0277295
0.0274008
0.0277237
0.0277191
0.0273902
0.0277111
0.0277041
0.027375
0.0276939
0.0276844
0.0273551
0.027672
0.0276601
0.0273306
0.0276455
0.0276312
0.0273015
0.0276144
0.0275977
0.0272678
0.0275787
0.0275596
0.0272295
0.0275385
0.0275169
0.0271867
0.0274937
0.0274698
0.0271394
0.0274444
0.0274181
0.0270875
0.0273906
0.0273619
0.0270312
0.0273323
0.0273014
0.0269704
0.0272697
0.0272364
0.0269052
0.0272026
0.027167
0.0268357
0.0271312
0.0270933
0.0267618
0.0270555
0.0270154
0.0266837
0.0269756
0.0269332
0.0266013
0.0268914
0.0268468
0.0265147
0.026803
0.0267562
0.026424
0.0267105
0.0266616
0.0263292
0.026614
0.0265629
0.0262303
0.0265134
0.0264602
0.0261274
0.0264089
0.0263536
0.0260207
0.0263004
0.0262431
0.02591
0.0261881
0.026129
0.0257956
0.0260723
0.0260116
0.025678
0.0259534
0.0258913
0.0255576
0.0258318
0.0257683
0.0254344
0.0257076
0.0256428
0.0253088
0.0255809
0.025515
0.0251807
0.0254518
0.0253848
0.0250504
0.0253205
0.0252523
0.0249177
0.025187
0.0251176
0.0247829
0.0250512
0.0249809
0.0246459
0.0249134
0.024842
0.0245069
0.0247735
0.0247011
0.0243658
0.0246316
0.0245582
0.0242228
0.0244877
0.0244134
0.0240778
0.024342
0.0242667
0.0239309
0.0241943
0.0241182
0.0237822
0.0240449
0.0239679
0.0236317
0.0238937
0.0238159
0.0234795
0.0237409
0.0236622
0.0233257
0.0235864
0.023507
0.0231703
0.0234304
0.0233502
0.0230133
0.0232728
0.0231919
0.0228549
0.0231138
0.0230322
0.022695
0.0229534
0.0228712
0.0225338
0.0227916
0.0227088
0.0223712
0.0226286
0.0225452
0.0222075
0.0224644
0.0223805
0.0220426
0.0222991
0.0222147
0.0218765
0.0221327
0.0220478
0.0217094
0.0219653
0.0218799
0.0215414
0.0217969
0.0217111
0.0213724
0.0216276
0.0215415
0.0212026
0.0214575
0.0213711
0.021032
0.0212867
0.0212
0.0208607
0.0211152
0.0210282
0.0206887
0.0209431
0.0208559
0.0205162
0.0207704
0.020683
0.0203431
0.0205972
0.0205096
0.0201695
0.0204235
0.0203359
0.0199956
0.0202495
0.0201618
0.0198213
0.0200752
0.0199874
0.0196468
0.0199007
0.0198129
0.019472
0.0197259
0.0196382
0.0192971
0.0195511
0.0194634
0.0191221
0.0193762
0.0192885
0.0189471
0.0192013
0.0191137
0.0187721
0.0190264
0.018939
0.0185972
0.0188517
0.0187645
0.0184224
0.0186773
0.0185902
0.018248
0.0185032
0.0184156
0.0180733
0.0183289
0.0182418
0.0178993
0.0181553
0.0180683
0.0177257
0.0179822
0.0176916
0.0173488
0.0175135
0.017227
0.0168827
0.0169907
0.0167594
0.0164163
0.0165513
0.0162429
0.0162591
0.0163812
0.016038
0.0162212
0.0160623
0.015719
0.0159244
0.015784
0.0154405
0.0156613
0.0155341
0.0151905
0.0154218
0.0153035
0.0149598
0.0151985
0.0150865
0.0147426
0.0149865
0.0148787
0.0145347
0.0147823
0.0146776
0.0143335
0.0145837
0.0144812
0.0141369
0.0143891
0.0142882
0.0139438
0.0141975
0.0140978
0.0137532
0.0140081
0.0139093
0.0135646
0.0138204
0.0137223
0.0133775
0.0136342
0.0135367
0.0131917
0.0134491
0.0133522
0.0130071
0.0132652
0.0131687
0.0128235
0.0130822
0.0129863
0.0126409
0.0129002
0.0128047
0.0124593
0.0127192
0.0126242
0.0122786
0.0125391
0.0124446
0.0120988
0.01236
0.012266
0.0119201
0.0121819
0.0120883
0.0117424
0.0120048
0.0119118
0.0115657
0.0118288
0.0117363
0.01139
0.0116539
0.0115619
0.0112155
0.01148
0.0113886
0.0110421
0.0113074
0.0112165
0.0108699
0.0111359
0.0110456
0.0106989
0.0109656
0.010876
0.0105291
0.0107966
0.0107076
0.0103606
0.0106289
0.0105406
0.0101935
0.0104625
0.0103748
0.0100276
0.0102974
0.0102105
0.00986315
0.0101338
0.0100475
0.00970009
0.00997156
0.00988604
0.00953846
0.00981079
0.009726
0.00937831
0.00965149
0.00956746
0.00921965
0.00949371
0.00941045
0.00906252
0.00933747
0.00925499
0.00890696
0.00918281
0.00910113
0.00875298
0.00902975
0.00894889
0.00860063
0.00887832
0.0087983
0.00844992
0.00872856
0.00864939
0.0083009
0.00858049
0.00850218
0.00815358
0.00843414
0.00835671
0.008008
0.00828954
0.00821301
0.00786419
0.00814672
0.0080711
0.00772217
0.00800571
0.00793101
0.00758197
0.00786654
0.00779278
0.00744363
0.00772923
0.00765643
0.00730717
0.00759382
0.00752198
0.00717262
0.00746033
0.00738948
0.00704001
0.0073288
0.00725894
0.00690937
0.00719924
0.00713041
0.00678073
0.0070717
0.0070039
0.00665412
0.0069462
0.00687944
0.00652956
0.00682277
0.00675707
0.00640709
0.00670143
0.00663682
0.00628674
0.00658223
0.00651871
0.00616853
0.00646519
0.00640278
0.0060525
0.00635034
0.00628906
0.00593867
0.00623771
0.00617757
0.00582709
0.00612733
0.00606835
0.00571777
0.00601923
0.00596143
0.00561075
0.00591345
0.00585684
0.00550606
0.00581001
0.00575461
0.00540374
0.00570895
0.00565477
0.00530381
0.0056103
0.00555736
0.0052063
0.00551408
0.0054624
0.00511125
0.00542034
0.00536993
0.00501869
0.0053291
0.00527999
0.00492865
0.00524039
0.00519259
0.00484116
0.00515426
0.00510778
0.00475626
0.00507072
0.00502559
0.00467398
0.00498982
0.00494605
0.00459435
0.00491158
0.00486919
0.0045174
0.00483604
0.00479504
0.00444317
0.00476322
0.00472364
0.00437168
0.00469317
0.00465502
0.00430297
0.00462591
0.00458921
0.00423708
0.00456148
0.00452624
0.00417402
0.00449991
0.00446614
0.00411385
0.00444122
0.00440895
0.00405657
0.00438545
0.0043547
0.00400224
0.00433263
0.00430341
0.00395087
0.00428279
0.00425512
0.00390249
0.00423597
0.00420986
0.00385715
0.00419218
0.00416765
0.00381486
0.00415146
0.00412852
0.00377565
0.00411384
0.0040925
0.00373956
0.00407934
0.00405963
0.00370661
0.00404799
0.00402992
0.00367682
0.00401982
0.0040034
0.00365022
0.00399485
0.0039801
0.00362685
0.00397311
0.00396003
0.00360671
0.00395462
0.00394323
0.00358983
0.0039394
0.00392972
0.00357625
0.00392748
0.00391951
0.00356596
0.00391887
0.00391262
0.00355901
0.0039136
0.00390909
0.0035554
0.00391167
0.00390891
0.00355515
0.00391312
0.00391211
0.00355828
0.00391795
0.0039187
0.0035648
0.00392618
0.0039287
0.00357473
0.00393782
0.00394211
0.00358808
0.00395288
0.00395895
0.00360485
0.00397137
0.00397923
0.00362507
0.0039933
0.00400295
0.00364872
0.00401868
0.00403013
0.00367583
0.00404751
0.00406075
0.00370639
0.00407979
0.00409483
0.00374041
0.00411552
0.00413236
0.00377788
0.00415471
0.00417335
0.0038188
0.00419735
0.00421779
0.00386318
0.00424343
0.00426567
0.003911
0.00429296
0.00431699
0.00396226
0.00434592
0.00437173
0.00401695
0.00440229
0.00442989
0.00407505
0.00446208
0.00449146
0.00413656
0.00452527
0.00455641
0.00420145
0.00459183
0.00462473
0.00426972
0.00466175
0.0046964
0.00434134
0.004735
0.0047714
0.00441628
0.00481158
0.00484971
0.00449453
0.00489145
0.00493129
0.00457606
0.00497457
0.00501612
0.00466084
0.00506094
0.00510417
0.00474884
0.00515051
0.00519541
0.00484002
0.00524324
0.0052898
0.00493436
0.00533911
0.0053873
0.00503182
0.00543807
0.00548788
0.00513235
0.00554009
0.00559149
0.00523591
0.00564513
0.0056981
0.00534247
0.00575313
0.00580765
0.00545197
0.00586405
0.0059201
0.00556438
0.00597785
0.00603541
0.00567963
0.00609448
0.00615345
0.00579762
0.00621378
0.00627395
0.0059181
0.0063354
0.00639661
0.00604072
0.00645906
0.00652123
0.00616529
0.00658459
0.00664764
0.00629167
0.00671187
0.00677576
0.00641974
0.00684081
0.0069055
0.00654944
0.00697132
0.00703678
0.00668068
0.00710335
0.00716955
0.00681341
0.00723684
0.00730375
0.00694757
0.00737174
0.00743933
0.00708311
0.00750798
0.00757623
0.00721998
0.00764553
0.00771441
0.00735812
0.00778432
0.0078538
0.00749749
0.00792431
0.00799437
0.00763802
0.00806544
0.00813606
0.00777967
0.00820765
0.0082788
0.00792238
0.0083509
0.00842255
0.0080661
0.00849513
0.00856725
0.00821077
0.00864027
0.00871283
0.00835632
0.00878627
0.00885924
0.0085027
0.00893307
0.00900642
0.00864985
0.00908059
0.0091543
0.0087977
0.00922879
0.00930282
0.00894619
0.0093776
0.00945191
0.00909525
0.00952694
0.0096015
0.00924482
0.00967675
0.00975153
0.00939483
0.00982697
0.00990194
0.00954521
0.00997752
0.0100526
0.00969589
0.0101283
0.0102036
0.00984679
0.0102793
0.0103547
0.00999786
0.0104305
0.0105058
0.010149
0.0105816
0.010657
0.0103002
0.0107328
0.0108081
0.0104513
0.0108838
0.0109591
0.0106022
0.0110347
0.0111099
0.010753
0.0111853
0.0112604
0.0109035
0.0113356
0.0114105
0.0110536
0.0114855
0.0115602
0.0112032
0.0116349
0.0117093
0.0113524
0.0117838
0.0118579
0.0115009
0.011932
0.0120058
0.0116488
0.0120795
0.0121529
0.0117959
0.0122262
0.0122992
0.012372
0.0124413
0.0125154
0.0125864
0.0126613
0.0127326
0.0128077
0.0128791
0.0129542
0.0130253
0.0130997
0.0131701
0.0132437
0.0133132
0.0133858
0.0134543
0.0135257
0.0135932
0.0136634
0.0137297
0.0137986
0.0138637
0.0139313
0.0139951
0.0140614
0.013832
0.0137233
0.0140832
0.0143459
0.0144862
0.0147374
0.014936
0.015119
0.0152723
0.0154174
0.0155397
0.015658
0.0157593
0.0158594
0.0159463
0.0160335
0.0161098
0.0161877
0.0162562
0.0163273
0.01639
0.0164558
0.016514
0.0165758
0.0166303
0.0166889
0.0167405
0.0167962
0.0168453
0.0168986
0.0169456
0.0169965
0.0170417
0.0170905
0.0171339
0.0171808
0.0172225
0.0172676
0.0173077
0.0173509
0.0173894
0.0174309
0.0174679
0.0175076
0.0175432
0.0175811
0.0176152
0.0176515
0.0176841
0.0177186
0.0177498
0.0177826
0.0178124
0.0178435
0.0178718
0.0179012
0.0179281
0.0179559
0.0179814
0.0180074
0.0180315
0.0180559
0.0180786
0.0181013
0.0181226
0.0181436
0.0181636
0.0181829
0.0182015
0.0178472
0.0182192
0.0182329
0.0178791
0.0182519
0.018266
0.0179124
0.0182861
0.0183007
0.0179471
0.0183211
0.0183356
0.017982
0.0183557
0.0183695
0.018016
0.0183889
0.0184019
0.0180485
0.0184204
0.0184322
0.0180788
0.0184495
0.0184601
0.0181067
0.0184761
0.0184853
0.0181319
0.0184999
0.0185077
0.0181543
0.0185209
0.0185271
0.0181738
0.0185388
0.0185435
0.0181902
0.0185537
0.0185568
0.0182035
0.0185654
0.0185669
0.0182137
0.0185739
0.0185738
0.0182206
0.0185792
0.0185775
0.0182242
0.0185812
0.0185778
0.0182245
0.0185798
0.0185748
0.0182216
0.0185752
0.0185682
0.018215
0.018567
0.0185588
0.0182057
0.018556
0.0185462
0.0181929
0.0185413
0.0185298
0.0181766
0.0185234
0.0185103
0.0181571
0.0185022
0.0184875
0.0181343
0.0184778
0.0184614
0.0181083
0.01845
0.018432
0.0180789
0.0184189
0.0183993
0.0180462
0.0183846
0.0183634
0.0180103
0.018347
0.0183241
0.0179711
0.0183061
0.0182816
0.0179286
0.0182619
0.0182358
0.0178828
0.0182145
0.0181868
0.0178338
0.0181638
0.0181346
0.0177816
0.0181099
0.0180791
0.0177262
0.0180529
0.0180205
0.0176676
0.0179926
0.0179587
0.0176058
0.0179292
0.0178937
0.0175409
0.0178627
0.0178257
0.0174728
0.017793
0.0177545
0.0174017
0.0177203
0.0176803
0.0173275
0.0176445
0.017603
0.0172503
0.0175658
0.0175228
0.0171701
0.017484
0.0174396
0.0170869
0.0173993
0.0173535
0.0170008
0.0173117
0.0172645
0.0169119
0.0172213
0.0171727
0.0168201
0.017128
0.017078
0.0167255
0.017032
0.0169807
0.0166282
0.0169332
0.0168806
0.0165281
0.0168318
0.0167779
0.0164254
0.0167278
0.0166726
0.0163202
0.0166211
0.0165647
0.0162123
0.016512
0.0164544
0.016102
0.0164004
0.0163416
0.0159893
0.0162864
0.0162264
0.0158742
0.0161701
0.016109
0.0157567
0.0160515
0.0159893
0.0156371
0.0159306
0.0158674
0.0155152
0.0158076
0.0157434
0.0153913
0.0156826
0.0156173
0.0152653
0.0155555
0.0154893
0.0151373
0.0154265
0.0153593
0.0150074
0.0152956
0.0152275
0.0148756
0.0151629
0.015094
0.0147421
0.0150285
0.0149587
0.0146069
0.0148924
0.0148219
0.0144701
0.0147547
0.0146835
0.0143318
0.0146156
0.0145437
0.014192
0.014475
0.0144024
0.0140509
0.0143331
0.0142599
0.0139084
0.01419
0.0141162
0.0137647
0.0140456
0.0139713
0.0136199
0.0139002
0.0138254
0.0134741
0.0137538
0.0136785
0.0133272
0.0136065
0.0135308
0.0131796
0.0134583
0.0133822
0.0130311
0.0133094
0.013233
0.0128819
0.0131598
0.0130831
0.0127321
0.0130096
0.0129327
0.0125817
0.012859
0.0127818
0.012431
0.0127079
0.0126306
0.0122798
0.0125566
0.0124791
0.0121284
0.012405
0.0123275
0.0119769
0.0122533
0.0121757
0.0118252
0.0121015
0.012024
0.0116735
0.0119498
0.0118723
0.0115219
0.0117982
0.0117208
0.0113705
0.0116468
0.0115696
0.0112194
0.0114958
0.0114188
0.0110686
0.0113451
0.0112683
0.0109183
0.0111949
0.0111184
0.0107685
0.0110454
0.0109692
0.0106193
0.0108964
0.0108206
0.0104708
0.0107482
0.0106728
0.0103232
0.0106009
0.0105259
0.0101764
0.0104545
0.01038
0.0100305
0.010309
0.0102351
0.00988571
0.0101647
0.0100913
0.00974205
0.0100216
0.00994875
0.00959961
0.00987965
0.00980749
0.00945846
0.00973909
0.00966762
0.00931869
0.00959995
0.0095292
0.00918039
0.0094623
0.00939231
0.00904362
0.00932623
0.00925704
0.00890847
0.00919182
0.00912347
0.00877501
0.00905914
0.00899166
0.00864333
0.00892827
0.0088617
0.00851349
0.00879928
0.00873366
0.00838557
0.00867224
0.0086076
0.00825964
0.00854724
0.00848361
0.00813577
0.00842433
0.00836175
0.00801404
0.00830358
0.00824209
0.00789451
0.00818507
0.00812469
0.00777725
0.00806886
0.00800962
0.00766232
0.00795502
0.00789695
0.00754978
0.0078436
0.00778674
0.00743971
0.00773467
0.00767905
0.00733216
0.00762829
0.00757393
0.00722718
0.00752452
0.00747145
0.00712485
0.00742341
0.00737166
0.0070252
0.00732502
0.00727462
0.00692831
0.00722941
0.00718037
0.00683421
0.00713662
0.00708897
0.00674296
0.00704671
0.00700047
0.00665462
0.00695971
0.00691492
0.00656922
0.00687569
0.00683236
0.00648681
0.00679468
0.00675283
0.00640744
0.00671673
0.00667638
0.00633114
0.00664187
0.00660304
0.00625797
0.00657015
0.00653286
0.00618795
0.00650161
0.00646587
0.00612112
0.00643627
0.0064021
0.00605752
0.00637417
0.00634159
0.00599718
0.00631535
0.00628437
0.00594012
0.00625983
0.00623047
0.00588639
0.00620764
0.00617991
0.00583599
0.00615881
0.00613271
0.00578897
0.00611336
0.00608891
0.00574534
0.0060713
0.00604851
0.00570512
0.00603267
0.00601155
0.00566832
0.00599748
0.00597803
0.00563498
0.00596573
0.00594796
0.00560509
0.00593746
0.00592137
0.00557868
0.00591266
0.00589827
0.00555575
0.00589134
0.00587865
0.00553631
0.00587352
0.00586252
0.00552036
0.0058592
0.0058499
0.00550792
0.00584837
0.00584077
0.00549897
0.00584105
0.00583515
0.00549353
0.00583723
0.00583302
0.00549158
0.0058369
0.00583439
0.00549313
0.00584006
0.00583924
0.00549816
0.00584669
0.00584756
0.00550667
0.0058568
0.00585935
0.00551864
0.00587037
0.00587459
0.00553407
0.00588738
0.00589326
0.00555292
0.00590781
0.00591535
0.00557519
0.00593164
0.00594083
0.00560086
0.00595886
0.00596968
0.00562989
0.00598943
0.00600187
0.00566227
0.00602334
0.00603739
0.00569797
0.00606054
0.00607619
0.00573695
0.00610102
0.00611824
0.00577919
0.00614473
0.00616351
0.00582465
0.00619165
0.00621197
0.00587329
0.00624172
0.00626356
0.00592507
0.00629492
0.00631826
0.00597995
0.00635119
0.00637601
0.00603789
0.00641049
0.00643677
0.00609883
0.00647278
0.00650049
0.00616273
0.006538
0.00656712
0.00622954
0.0066061
0.0066366
0.0062992
0.00667702
0.00670888
0.00637166
0.00675071
0.00678389
0.00644685
0.0068271
0.00686158
0.00652472
0.00690614
0.00694188
0.0066052
0.00698775
0.00702473
0.00668822
0.00707187
0.00711005
0.00677373
0.00715844
0.00719778
0.00686163
0.00724737
0.00728784
0.00695187
0.0073386
0.00738016
0.00704436
0.00743204
0.00747466
0.00713903
0.00752762
0.00757126
0.0072358
0.00762526
0.00766987
0.00733459
0.00772487
0.00777042
0.00743531
0.00782637
0.00787281
0.00753787
0.00792967
0.00797695
0.00764218
0.00803467
0.00808277
0.00774816
0.0081413
0.00819015
0.00785571
0.00824944
0.00829901
0.00796474
0.00835902
0.00840926
0.00807514
0.00846992
0.00852078
0.00818683
0.00858205
0.00863348
0.00829969
0.00869531
0.00874727
0.00841363
0.0088096
0.00886202
0.00852855
0.0089248
0.00897765
0.00864433
0.00904082
0.00909403
0.00876087
0.00915754
0.00921107
0.00887806
0.00927486
0.00932866
0.00899579
0.00939266
0.00944667
0.00911396
0.00951084
0.009565
0.00923244
0.00962928
0.00968354
0.00935112
0.00974786
0.00980216
0.0094699
0.00986648
0.00992077
0.00958864
0.00998501
0.0100392
0.00970725
0.0101033
0.0101574
0.00982559
0.0102213
0.0102753
0.00994356
0.0103389
0.0103926
0.010061
0.0104559
0.0105093
0.0101779
0.0105723
0.0106253
0.010294
0.0106878
0.0107404
0.0104093
0.0108025
0.0108546
0.0105236
0.0109161
0.0109677
0.0106368
0.0110285
0.0110796
0.0107488
0.0111397
0.0111901
0.0108595
0.0112495
0.0112992
0.0109687
0.0113578
0.0114068
0.0110764
0.0114645
0.0115127
0.0111824
0.0115695
0.0116168
0.0112866
0.0116726
0.0117189
0.0113889
0.0117737
0.0118191
0.0114892
0.0118728
0.0119171
0.0115874
0.0119697
0.0120129
0.0116833
0.0120642
0.0121064
0.0117768
0.0121564
0.0121973
0.0118679
0.0122461
0.0122857
0.0119565
0.0123331
0.0123715
0.0120423
0.0124174
0.0124545
0.0121254
0.0124989
0.0125346
0.0122056
0.0125775
0.0126117
0.0122829
0.012653
0.0126858
0.0123571
0.0127254
0.0127567
0.0124281
0.0127947
0.0128243
0.0124958
0.0128606
0.0128886
0.0125603
0.0129231
0.0129495
0.0126212
0.0129822
0.0130069
0.0126787
0.0130377
0.0130607
0.0127326
0.0130896
0.0131108
0.0127828
0.0131378
0.0131571
0.0128293
0.0131822
0.0131997
0.012872
0.0132227
0.0132384
0.0129108
0.0132594
0.0132731
0.0129456
0.013292
0.0133038
0.0129764
0.0133206
0.0133304
0.0130032
0.0133451
0.0133529
0.0130258
0.0133655
0.0133713
0.0130442
0.0133816
0.0133854
0.0130584
0.0133935
0.0133952
0.0130683
0.0134011
0.0134007
0.013074
0.0134043
0.0134018
0.0130752
0.0134032
0.0133985
0.013072
0.0133976
0.0133908
0.0133876
0.0133833
0.0133749
0.0133658
0.0133527
0.0133393
0.0133227
0.0133058
0.0132862
0.013267
0.0132449
0.0132229
0.0131983
0.0131738
0.013147
0.0131202
0.0130913
0.0130623
0.0130314
0.0130002
0.0129673
0.012934
0.0128992
0.0128638
0.0128271
0.0127896
0.012751
0.0127116
0.012671
0.0126296
0.0125872
0.0125437
0.0124995
0.0124541
0.012408
0.0123606
0.0123126
0.0122633
0.0122136
0.0121623
