0 
-0.00095985 
-0.00287636 
-0.00478329 
-0.00667431 
-0.00854312 
-0.0103835 
-0.0121893 
-0.275667 
-0.000196761 
-0.0154767 
-0.0173401 
-0.0189491 
-0.020495 
-0.0219728 
-0.0233774 
-0.0247042 
-0.0259489 
-0.0271072 
-0.0281753 
-0.0291496 
-0.0300269 
-0.0308044 
-0.0314793 
-0.0320495 
-0.032513 
-0.0328684 
-0.0331143 
-0.0332501 
-0.0332753 
-0.0331897 
-0.0329937 
-0.0326879 
-0.0322734 
-0.0317514 
-0.0311238 
-0.0303926 
-0.0295603 
-0.0286297 
-0.0276038 
-0.026486 
-0.0252801 
-0.0239901 
-0.0226202 
-0.0211751 
-0.0196595 
-0.0180785 
-0.0164374 
-0.0147415 
-0.0129966 
-0.0112085 
-0.00938305 
-0.00752639 
-0.00564468 
-0.00374419 
-0.00183125 
8.77948e-05 
0.00200654 
0.00391861 
0.00581765 
0.00769732 
0.00955138 
0.0113737 
0.0131581 
0.0148987 
0.0165898 
0.0182257 
0.0198009 
0.0213103 
0.0227487 
0.0241114 
0.0253939 
0.0265919 
0.0277015 
0.0287188 
0.0296406 
0.0304638 
0.0311855 
0.0318036 
0.0323158 
0.0327204 
0.0330162 
0.0332021 
0.0332776 
0.0332423 
0.0330964 
0.0328404 
0.0324751 
0.0320017 
0.0314219 
0.0307375 
0.0299508 
0.0290645 
0.0280814 
0.0270049 
0.0258386 
0.0245862 
0.0232521 
0.0218406 
0.0203564 
0.0188045 
0.01719 
