0 
-3.84042e-05 
-0.000115208 
-0.000191996 
-0.000268758 
-0.000345485 
-0.000422165 
-0.00049879 
-0.000575348 
-0.000651829 
-0.337538 
-0.000804521 
-0.305057 
-0.000956785 
-0.269433 
-0.00110854 
-0.232747 
-0.0012597 
-0.196878 
-0.0014102 
-0.163377 
-0.00155994 
-0.0016345 
-0.00170885 
-0.00178297 
-0.00185685 
-0.00193049 
-0.00200387 
-0.00207698 
-0.00214981 
-0.00222236 
-0.00229461 
-0.00236656 
-0.00243819 
-0.0025095 
-0.00258047 
-0.0026511 
-0.00272138 
-0.00279129 
-0.00286084 
-0.00293 
-0.00299877 
-0.00306714 
-0.00313511 
-0.00320265 
-0.00326977 
-0.00333646 
-0.0034027 
-0.00346849 
-0.00353381 
-0.00359867 
-0.00366305 
-0.00372693 
-0.00379033 
-0.00385322 
-0.00391559 
-0.00397744 
-0.00403877 
-0.00409956 
-0.0041598 
-0.00421948 
-0.00427861 
-0.00433716 
-0.00439514 
-0.00445254 
-0.00450934 
-0.00456554 
-0.00462113 
-0.0046761 
-0.00473046 
-0.00478418 
-0.00483727 
-0.00488971 
-0.00494151 
-0.00499264 
-0.00504311 
-0.00509291 
-0.00514203 
-0.00519047 
-0.00523821 
-0.00528526 
-0.0053316 
-0.00537724 
-0.00542215 
-0.00546635 
-0.00550982 
-0.00555255 
-0.00559455 
-0.0056358 
-0.0056763 
-0.00571605 
-0.00575503 
-0.00579325 
-0.00583069 
-0.00586736 
-0.00590325 
-0.00593836 
-0.00597267 
-0.00600619 
-0.0060389 
-0.00607082 
-0.00610192 
-0.00613222 
-0.00616169 
-0.00619035 
-0.00621818 
-0.00624518 
-0.00627136 
-0.0062967 
-0.0063212 
-0.00634485 
-0.00636767 
-0.00638963 
-0.00641075 
-0.00643101 
-0.00645041 
-0.00646896 
-0.00648664 
-0.00650347 
-0.00651942 
-0.00653451 
-0.00654873 
-0.00656207 
-0.00657455 
-0.00658614 
-0.00659686 
-0.00660671 
-0.00661567 
-0.00662375 
-0.00663095 
-0.00663727 
-0.0066427 
-0.00664725 
-0.00665091 
-0.00665369 
-0.00665558 
-0.00665659 
-0.00665671 
-0.00665594 
-0.00665429 
-0.00665175 
-0.00664833 
-0.00664402 
-0.00663883 
-0.00663275 
-0.00662579 
-0.00661795 
-0.00660922 
-0.00659962 
-0.00658914 
-0.00657778 
-0.00656554 
-0.00655244 
-0.00653845 
-0.0065236 
-0.00650788 
-0.0064913 
-0.00647384 
-0.00645553 
-0.00643636 
-0.00641633 
-0.00639545 
-0.00637371 
-0.00635113 
-0.0063277 
-0.00630343 
-0.00627832 
-0.00625237 
-0.00622559 
-0.00619798 
-0.00616955 
-0.0061403 
-0.00611022 
-0.00607934 
-0.00604764 
-0.00601514 
-0.00598184 
-0.00594775 
-0.00591286 
-0.00587718 
-0.00584072 
-0.00580349 
-0.00576548 
-0.0057267 
-0.00568716 
-0.00564687 
-0.00560582 
-0.00556402 
-0.00552149 
-0.00547822 
-0.00543422 
-0.0053895 
-0.00534406 
-0.0052979 
-0.00525105 
-0.00520349 
-0.00515524 
-0.00510631 
-0.00505669 
-0.0050064 
-0.00495545 
-0.00490383 
-0.00485157 
-0.00479865 
-0.0047451 
-0.00469092 
-0.00463611 
-0.00458068 
-0.00452465 
-0.00446801 
-0.00441077 
-0.00435295 
-0.00429456 
-0.00423558 
-0.00417605 
-0.00411596 
-0.00405532 
-0.00399414 
-0.00393243 
-0.00387019 
-0.00380744 
-0.00374419 
-0.00368043 
-0.00361619 
-0.00355146 
-0.00348626 
-0.0034206 
-0.00335448 
-0.00328791 
-0.00322091 
-0.00315348 
-0.00308563 
-0.00301736 
-0.0029487 
-0.00287964 
-0.0028102 
-0.00274039 
-0.00267021 
-0.00259967 
-0.00252879 
-0.00245757 
-0.00238603 
-0.00231417 
-0.002242 
-0.00216953 
-0.00209677 
-0.00202373 
-0.00195043 
-0.00187686 
-0.00180304 
-0.00172899 
-0.0016547 
-0.00158019 
-0.00150548 
-0.00143056 
-0.00135545 
-0.00128016 
-0.00120471 
-0.00112909 
-0.00105332 
-0.000977407 
-0.000901368 
-0.000825208 
-0.000748938 
-0.000672569 
-0.00059611 
-0.000519572 
-0.000442964 
-0.000366298 
-0.000289583 
-0.000212829 
-0.000136047 
-5.92468e-05 
1.75613e-05 
9.4367e-05 
0.00017116 
0.000247931 
0.000324668 
0.000401362 
0.000478003 
0.00055458 
0.000631083 
0.000707502 
0.000783827 
0.000860048 
0.000936154 
0.00101214 
0.00108798 
0.00116368 
0.00123923 
0.00131461 
0.00138982 
0.00146484 
0.00153967 
0.00161429 
0.0016887 
0.00176288 
0.00183683 
0.00191053 
0.00198398 
0.00205716 
0.00213007 
0.0022027 
0.00227504 
0.00234707 
0.00241878 
0.00249018 
0.00256125 
0.00263197 
0.00270234 
0.00277236 
0.002842 
0.00291127 
0.00298015 
0.00304863 
0.0031167 
0.00318436 
0.0032516 
0.00331841 
0.00338477 
0.00345068 
0.00351613 
0.00358112 
0.00364562 
0.00370965 
0.00377317 
0.0038362 
0.00389872 
0.00396071 
0.00402218 
0.00408311 
0.0041435 
0.00420334 
0.00426262 
0.00432133 
0.00437947 
0.00443702 
0.00449398 
0.00455034 
0.0046061 
0.00466125 
0.00471577 
0.00476967 
0.00482293 
0.00487555 
0.00492752 
0.00497883 
0.00502948 
0.00507946 
0.00512877 
0.00517739 
0.00522532 
0.00527256 
0.0053191 
0.00536492 
0.00541004 
0.00545443 
0.0054981 
0.00554103 
0.00558323 
0.00562468 
0.00566539 
0.00570534 
0.00574453 
0.00578295 
0.00582061 
0.00585749 
0.00589359 
0.00592891 
0.00596344 
0.00599717 
0.0060301 
0.00606224 
0.00609356 
0.00612408 
0.00615377 
0.00618265 
0.00621071 
0.00623794 
0.00626434 
0.0062899 
0.00631463 
0.00633852 
0.00636156 
0.00638376 
0.0064051 
0.00642559 
0.00644523 
0.00646401 
0.00648193 
0.00649899 
0.00651518 
0.0065305 
0.00654496 
0.00655854 
0.00657125 
0.00658308 
0.00659404 
0.00660412 
0.00661332 
0.00662164 
0.00662908 
0.00663564 
0.00664131 
0.0066461 
0.00665 
0.00665302 
0.00665516 
0.0066564 
0.00665676 
0.00665624 
0.00665483 
0.00665253 
0.00664935 
0.00664528 
0.00664032 
0.00663449 
0.00662777 
0.00662016 
0.00661168 
0.00660231 
0.00659207 
0.00658095 
0.00656895 
0.00655608 
0.00654233 
0.00652772 
0.00651223 
0.00649588 
0.00647867 
0.00646059 
0.00644165 
0.00642185 
0.0064012 
0.00637969 
0.00635734 
0.00633414 
0.0063101 
0.00628521 
0.00625949 
0.00623294 
0.00620556 
0.00617735 
0.00614831 
0.00611846 
0.0060878 
0.00605632 
0.00602404 
0.00599096 
0.00595708 
0.0059224 
0.00588694 
0.00585069 
0.00581367 
0.00577587 
0.0057373 
0.00569797 
0.00565788 
0.00561703 
0.00557544 
0.0055331 
0.00549003 
0.00544623 
0.0054017 
0.00535646 
0.0053105 
0.00526383 
0.00521646 
0.0051684 
0.00511965 
0.00507022 
0.00502012 
0.00496934 
0.0049179 
0.00486581 
0.00481307 
0.00475969 
0.00470568 
0.00465104 
0.00459578 
0.00453991 
0.00448344 
0.00442636 
0.0043687 
0.00431046 
0.00425164 
0.00419226 
0.00413232 
0.00407183 
0.00401079 
0.00394923 
0.00388713 
0.00382452 
0.0037614 
0.00369778 
0.00363367 
0.00356907 
0.003504 
0.00343846 
0.00337247 
0.00330602 
