0 
-0.00383621 
-0.0114576 
-0.0189266 
-0.0261439 
-0.0330136 
-0.0394442 
-0.0453502 
-0.0506531 
-0.0552824 
-0.0591765 
-0.0622836 
-0.0645625 
-0.0659827 
-0.0665254 
-0.0661834 
-0.0649613 
-0.0628752 
-0.059953 
-0.0562335 
-0.0517661 
-0.0466103 
-0.0408346 
-0.0345159 
-0.0277382 
-0.0205915 
-0.0131711 
-0.00557544 
0.00209434 
0.00973626 
0.0172487 
0.0245318 
0.0314886 
0.0380266 
0.044059 
0.0495054 
0.0542934 
0.0583594 
0.0616493 
0.0641193 
0.0657366 
0.0664797 
0.0663387 
0.0653155 
0.0634236 
0.0606883 
0.0571459 
0.0528435 
0.0478384 
0.042197 
0.0359945 
