0 
0.0359005 
-5.63486e-07 
0.0359633 
-1.3148e-06 
0.0360179 
-2.06611e-06 
0.0360634 
-2.81741e-06 
0.0360998 
-3.5687e-06 
0.0361272 
-4.31998e-06 
0.0361455 
-5.07125e-06 
0.0361546 
-5.8225e-06 
0.0361547 
-6.57373e-06 
0.0361458 
-7.32494e-06 
0.0361278 
-8.07612e-06 
0.0361007 
-8.82728e-06 
0.0360647 
-9.57841e-06 
0.0360198 
-1.03295e-05 
0.035966 
-1.10806e-05 
0.0359033 
-1.18316e-05 
0.0358318 
-1.25826e-05 
0.0357516 
-1.33335e-05 
0.0356628 
-1.40844e-05 
0.0355654 
-1.48353e-05 
0.0354595 
-1.55861e-05 
0.0353452 
-1.63368e-05 
0.0352226 
-1.70875e-05 
0.0350917 
-1.78382e-05 
0.0349527 
-1.85888e-05 
0.0348058 
-1.93393e-05 
0.0346509 
-2.00897e-05 
0.0344883 
-2.08401e-05 
0.034318 
-2.15905e-05 
0.0341401 
-2.23407e-05 
0.0339549 
-2.30909e-05 
0.0337624 
-2.3841e-05 
0.0335628 
-2.4591e-05 
0.0333562 
-2.5341e-05 
0.0331428 
-2.60908e-05 
0.0329226 
-2.68406e-05 
0.032696 
-2.75903e-05 
0.032463 
-2.83399e-05 
0.0322237 
-2.90894e-05 
0.0319785 
-2.98388e-05 
0.0317273 
-3.05881e-05 
0.0314704 
-3.13373e-05 
0.031208 
-3.20864e-05 
0.0309403 
-3.28354e-05 
0.0306673 
-3.35843e-05 
0.0303893 
-3.4333e-05 
0.0301065 
-3.50817e-05 
0.029819 
-3.58302e-05 
0.029527 
-3.65787e-05 
0.0292308 
-3.7327e-05 
0.0289305 
-3.80751e-05 
0.0286262 
-3.88232e-05 
0.0283182 
-3.95711e-05 
0.0280066 
-4.03189e-05 
0.0276917 
-4.10666e-05 
0.0273736 
-4.18141e-05 
0.0270526 
-4.25615e-05 
0.0267287 
-4.33087e-05 
0.0264022 
-4.40559e-05 
0.0260732 
-4.48028e-05 
0.0257421 
-4.55496e-05 
0.0254088 
-4.62963e-05 
0.0250737 
-4.70428e-05 
0.0247369 
-4.77891e-05 
0.0243985 
-4.85353e-05 
0.0240589 
-4.92814e-05 
0.023718 
-5.00272e-05 
0.0233762 
-5.07729e-05 
0.0230336 
-5.15185e-05 
0.0226904 
-5.22639e-05 
0.0223467 
-5.3009e-05 
0.0220027 
-5.37541e-05 
0.0216585 
-5.44989e-05 
0.0213144 
-5.52436e-05 
0.0209705 
-5.5988e-05 
0.020627 
-5.67323e-05 
0.020284 
-5.74764e-05 
0.0199417 
-5.82204e-05 
0.0196001 
-5.89641e-05 
0.0192596 
-5.97076e-05 
0.0189202 
-6.04509e-05 
-6.08225e-05 
-6.11941e-05 
-6.15656e-05 
-6.1937e-05 
-6.23084e-05 
-6.26797e-05 
-6.3051e-05 
-6.34222e-05 
-6.37934e-05 
-6.41646e-05 
-6.45356e-05 
-6.49067e-05 
-6.52776e-05 
-6.56485e-05 
-6.60194e-05 
-6.63902e-05 
-6.67609e-05 
-6.71316e-05 
-6.75023e-05 
-6.78729e-05 
-6.82434e-05 
-6.86139e-05 
-6.89843e-05 
-6.93546e-05 
-6.97249e-05 
-7.00952e-05 
-7.04654e-05 
-7.08355e-05 
-7.12056e-05 
-7.15756e-05 
-7.19455e-05 
-7.23154e-05 
-7.26852e-05 
-7.3055e-05 
-7.34247e-05 
-7.37944e-05 
-7.41639e-05 
-7.45335e-05 
-7.49029e-05 
-7.52723e-05 
-7.56417e-05 
-7.6011e-05 
-7.63802e-05 
-7.67493e-05 
-7.71184e-05 
-7.74874e-05 
-7.78564e-05 
-7.82253e-05 
-7.85941e-05 
-7.89629e-05 
-7.93316e-05 
-7.97002e-05 
-8.00688e-05 
-8.04373e-05 
-8.08058e-05 
-8.11741e-05 
-8.15424e-05 
-8.19107e-05 
-8.22788e-05 
-8.26469e-05 
-8.3015e-05 
-8.33829e-05 
-8.37508e-05 
-8.41187e-05 
-8.44864e-05 
-8.48541e-05 
-8.52217e-05 
-8.55893e-05 
-8.59567e-05 
-8.63241e-05 
-8.66915e-05 
-8.70587e-05 
-8.74259e-05 
-8.7793e-05 
-8.81601e-05 
-8.85271e-05 
-8.8894e-05 
-8.92608e-05 
-8.96275e-05 
-8.99942e-05 
-9.03608e-05 
-9.07273e-05 
-9.10938e-05 
-9.14602e-05 
-9.18265e-05 
-9.21927e-05 
-9.25589e-05 
-9.29249e-05 
-9.32909e-05 
-9.36569e-05 
-9.40227e-05 
-9.43885e-05 
-9.47541e-05 
-9.51198e-05 
-9.54853e-05 
-9.58507e-05 
-9.62161e-05 
-9.65814e-05 
-9.69466e-05 
-9.73117e-05 
-9.76768e-05 
-9.80418e-05 
-9.84067e-05 
-9.87715e-05 
-9.91362e-05 
-9.95008e-05 
-9.98654e-05 
-0.00010023 
-0.000100594 
-0.000100959 
-0.000101323 
-0.000101687 
-0.000102051 
-0.000102415 
-0.000102779 
-0.000103143 
-0.000103506 
-0.00010387 
-0.000104234 
-0.000104597 
-0.00010496 
-0.000105324 
-0.000105687 
-0.00010605 
-0.000106413 
-0.000106776 
-0.000107139 
-0.000107502 
-0.000107864 
-0.000108227 
-0.000108589 
-0.000108952 
-0.000109314 
-0.000109676 
-0.000110039 
-0.000110401 
-0.000110763 
-0.000111124 
-0.000111486 
-0.000111848 
-0.000112209 
-0.000112571 
-0.000112932 
-0.000113294 
-0.000113655 
-0.000114016 
-0.000114377 
-0.000114738 
-0.000115099 
-0.00011546 
-0.00011582 
-0.000116181 
-0.000116541 
-0.000116902 
-0.000117262 
-0.000117622 
-0.000117982 
-0.000118342 
-0.000118702 
-0.000119062 
-0.000119421 
-0.000119781 
-0.00012014 
-0.0001205 
-0.000120859 
-0.000121218 
-0.000121577 
-0.000121936 
-0.000122295 
-0.000122654 
-0.000123013 
-0.000123371 
-0.00012373 
-0.000124088 
-0.000124446 
-0.000124805 
-0.000125163 
-0.000125521 
-0.000125878 
-0.000126236 
-0.000126594 
-0.000126951 
-0.000127309 
-0.000127666 
-0.000128023 
-0.00012838 
-0.000128737 
-0.000129094 
-0.000129451 
-0.000129808 
-0.000130164 
-0.000130521 
-0.000130877 
-0.000131234 
-0.00013159 
-0.000131946 
-0.000132302 
-0.000132658 
-0.000133013 
-0.000133369 
-0.000133724 
-0.00013408 
-0.000134435 
-0.00013479 
-0.000135145 
-0.0001355 
-0.000135855 
-0.00013621 
-0.000136564 
-0.000136919 
-0.000137273 
-0.000137627 
-0.000137982 
-0.000138336 
-0.00013869 
-0.000139043 
-0.000139397 
-0.000139751 
-0.000140104 
-0.000140458 
-0.000140811 
-0.000141164 
-0.000141517 
-0.00014187 
-0.000142222 
-0.000142575 
-0.000142928 
-0.00014328 
-0.000143632 
-0.000143985 
-0.000144337 
-0.000144689 
-0.00014504 
-0.000145392 
-0.000145744 
-0.000146095 
-0.000146446 
-0.000146798 
-0.000147149 
-0.0001475 
-0.000147851 
-0.000148201 
-0.000148552 
-0.000148902 
-0.000149253 
-0.000149603 
-0.000149953 
-0.000150303 
-0.000150653 
-0.000151003 
-0.000151352 
-0.000151702 
-0.000152051 
-0.0001524 
-0.000152749 
-0.000153098 
-0.000153447 
-0.000153796 
-0.000154145 
-0.000154493 
-0.000154841 
-0.00015519 
-0.000155538 
-0.000155886 
-0.000156234 
-0.000156581 
-0.000156929 
-0.000157276 
-0.000157624 
-0.000157971 
-0.000158318 
-0.000158665 
-0.000159012 
-0.000159358 
-0.000159705 
-0.000160051 
-0.000160398 
-0.000160744 
-0.00016109 
-0.000161436 
-0.000161781 
-0.000162127 
-0.000162472 
-0.000162818 
-0.000163163 
-0.000163508 
-0.000163853 
-0.000164198 
-0.000164542 
-0.000164887 
-0.000165231 
-0.000165575 
-0.00016592 
-0.000166264 
-0.000166607 
-0.000166951 
-0.000167295 
-0.000167638 
-0.000167981 
-0.000168325 
-0.000168668 
-0.00016901 
-0.000169353 
-0.000169696 
-0.000170038 
-0.00017038 
-0.000170723 
-0.000171065 
-0.000171407 
-0.000171748 
-0.00017209 
-0.000172431 
-0.000172773 
-0.000173114 
-0.000173455 
-0.000173796 
-0.000174137 
-0.000174477 
-0.000174818 
-0.000175158 
-0.000175498 
-0.000175838 
-0.000176178 
-0.000176518 
-0.000176857 
-0.000177197 
-0.000177536 
-0.000177875 
-0.000178214 
-0.000178553 
-0.000178892 
-0.00017923 
-0.000179569 
-0.000179907 
-0.000180245 
-0.000180583 
-0.000180921 
-0.000181258 
-0.000181596 
-0.000181933 
-0.000182271 
-0.000182608 
-0.000182945 
-0.000183281 
-0.000183618 
-0.000183954 
-0.000184291 
-0.000184627 
-0.000184963 
-0.000185299 
-0.000185634 
-0.00018597 
-0.000186305 
-0.000186641 
-0.000186976 
-0.000187311 
-0.000187645 
-0.00018798 
-0.000188314 
-0.000188649 
-0.000188983 
-0.000189317 
-0.000189651 
-0.000189984 
-0.000190318 
-0.000190651 
-0.000190984 
-0.000191317 
-0.00019165 
-0.000191983 
-0.000192316 
-0.000192648 
-0.00019298 
-0.000193312 
-0.000193644 
-0.000193976 
-0.000194308 
-0.000194639 
-0.000194971 
-0.000195302 
-0.000195633 
-0.000195963 
-0.000196294 
-0.000196625 
-0.000196955 
-0.000197285 
-0.000197615 
-0.000197945 
-0.000198275 
-0.000198604 
-0.000198933 
-0.000199263 
-0.000199592 
-0.00019992 
-0.000200249 
-0.000200578 
-0.000200906 
-0.000201234 
-0.000201562 
-0.00020189 
-0.000202218 
-0.000202545 
-0.000202873 
-0.0002032 
-0.000203527 
-0.000203854 
-0.00020418 
-0.000204507 
-0.000204833 
-0.000205159 
-0.000205485 
-0.000205811 
-0.000206137 
-0.000206462 
-0.000206788 
-0.000207113 
-0.000207438 
-0.000207763 
-0.000208087 
-0.000208412 
-0.000208736 
-0.00020906 
-0.000209384 
-0.000209708 
-0.000210031 
-0.000210355 
-0.000210678 
-0.000211001 
-0.000211324 
-0.000211647 
-0.000211969 
-0.000212292 
-0.000212614 
-0.000212936 
-0.000213258 
-0.00021358 
-0.000213901 
-0.000214222 
-0.000214543 
-0.000214864 
-0.000215185 
-0.000215506 
-0.000215826 
-0.000216147 
-0.000216467 
-0.000216787 
-0.000217106 
-0.000217426 
-0.000217745 
-0.000218064 
-0.000218383 
-0.000218702 
-0.000219021 
-0.000219339 
-0.000219658 
-0.000219976 
-0.000220294 
-0.000220611 
-0.000220929 
-0.000221246 
-0.000221563 
-0.00022188 
-0.000222197 
-0.000222514 
-0.00022283 
-0.000223147 
-0.000223463 
-0.000223779 
-0.000224094 
-0.00022441 
-0.000224725 
-0.00022504 
-0.000225355 
-0.00022567 
-0.000225985 
-0.000226299 
-0.000226613 
-0.000226927 
-0.000227241 
-0.000227555 
-0.000227868 
-0.000228182 
-0.000228495 
-0.000228808 
-0.00022912 
-0.000229433 
-0.000229745 
-0.000230057 
-0.000230369 
-0.000230681 
-0.000230993 
-0.000231304 
-0.000231615 
-0.000231926 
-0.000232237 
-0.000232548 
-0.000232858 
-0.000233168 
-0.000233478 
-0.000233788 
-0.000234098 
-0.000234407 
-0.000234717 
-0.000235026 
-0.000235335 
-0.000235643 
-0.000235952 
-0.00023626 
-0.000236568 
-0.000236876 
-0.000237184 
-0.000237491 
-0.000237799 
-0.000238106 
-0.000238413 
-0.000238719 
-0.000239026 
-0.000239332 
-0.000239638 
-0.000239944 
-0.00024025 
-0.000240556 
-0.000240861 
-0.000241166 
-0.000241471 
-0.000241776 
-0.00024208 
-0.000242385 
-0.000242689 
-0.000242993 
-0.000243296 
-0.0002436 
-0.000243903 
-0.000244206 
-0.000244509 
-0.000244812 
-0.000245115 
-0.000245417 
-0.000245719 
-0.000246021 
-0.000246323 
-0.000246624 
-0.000246926 
-0.000247227 
-0.000247528 
-0.000247828 
-0.000248129 
-0.000248429 
-0.000248729 
-0.000249029 
-0.000249329 
-0.000249628 
-0.000249927 
-0.000250227 
-0.000250525 
-0.000250824 
-0.000251122 
-0.000251421 
-0.000251719 
-0.000252016 
-0.000252314 
-0.000252611 
-0.000252909 
-0.000253206 
-0.000253502 
-0.000253799 
-0.000254095 
-0.000254391 
-0.000254687 
-0.000254983 
-0.000255279 
-0.000255574 
-0.000255869 
-0.000256164 
-0.000256459 
-0.000256753 
-0.000257047 
-0.000257341 
-0.000257635 
-0.000257929 
-0.000258222 
-0.000258515 
-0.000258808 
-0.000259101 
-0.000259393 
-0.000259686 
-0.000259978 
-0.00026027 
-0.000260561 
-0.000260853 
-0.000261144 
-0.000261435 
-0.000261726 
-0.000262017 
-0.000262307 
-0.000262597 
-0.000262887 
-0.000263177 
-0.000263466 
-0.000263756 
-0.000264045 
-0.000264333 
-0.000264622 
-0.00026491 
-0.000265199 
-0.000265487 
-0.000265774 
-0.000266062 
-0.000266349 
-0.000266636 
-0.000266923 
-0.00026721 
-0.000267496 
-0.000267783 
-0.000268069 
-0.000268354 
-0.00026864 
-0.000268925 
-0.00026921 
-0.000269495 
-0.00026978 
-0.000270064 
-0.000270349 
-0.000270633 
-0.000270916 
-0.0002712 
-0.000271483 
-0.000271766 
-0.000272049 
-0.000272332 
-0.000272614 
-0.000272896 
-0.000273178 
-0.00027346 
-0.000273742 
-0.000274023 
-0.000274304 
-0.000274585 
-0.000274865 
-0.000275146 
-0.000275426 
-0.000275706 
-0.000275986 
-0.000276265 
-0.000276544 
-0.000276823 
-0.000277102 
-0.000277381 
-0.000277659 
-0.000277937 
-0.000278215 
-0.000278493 
-0.00027877 
-0.000279047 
-0.000279324 
-0.000279601 
-0.000279877 
-0.000280154 
-0.00028043 
-0.000280705 
-0.000280981 
-0.000281256 
-0.000281531 
-0.000281806 
-0.000282081 
-0.000282355 
-0.000282629 
-0.000282903 
-0.000283177 
-0.000283451 
-0.000283724 
-0.000283997 
-0.00028427 
-0.000284542 
-0.000284814 
-0.000285086 
-0.000285358 
-0.00028563 
-0.000285901 
-0.000286172 
-0.000286443 
-0.000286714 
-0.000286984 
-0.000287254 
-0.000287524 
-0.000287794 
-0.000288063 
-0.000288333 
-0.000288602 
-0.00028887 
-0.000289139 
-0.000289407 
-0.000289675 
-0.000289943 
-0.00029021 
-0.000290478 
-0.000290745 
-0.000291012 
-0.000291278 
-0.000291545 
-0.000291811 
-0.000292077 
-0.000292342 
-0.000292607 
-0.000292873 
-0.000293138 
-0.000293402 
-0.000293667 
-0.000293931 
-0.000294195 
-0.000294458 
-0.000294722 
-0.000294985 
-0.000295248 
-0.000295511 
-0.000295773 
-0.000296035 
-0.000296297 
-0.000296559 
-0.00029682 
-0.000297082 
-0.000297343 
-0.000297603 
-0.000297864 
-0.000298124 
-0.000298384 
-0.000298644 
-0.000298903 
-0.000299163 
-0.000299422 
-0.00029968 
-0.000299939 
-0.000300197 
-0.000300455 
-0.000300713 
-0.000300971 
-0.000301228 
-0.000301485 
-0.000301742 
-0.000301998 
-0.000302254 
-0.000302511 
-0.000302766 
-0.000303022 
-0.000303277 
-0.000303532 
-0.000303787 
-0.000304041 
-0.000304296 
-0.00030455 
-0.000304804 
-0.000305057 
-0.00030531 
-0.000305563 
-0.000305816 
-0.000306069 
-0.000306321 
-0.000306573 
-0.000306825 
-0.000307076 
-0.000307327 
-0.000307578 
-0.000307829 
-0.00030808 
-0.00030833 
-0.00030858 
-0.000308829 
-0.000309079 
-0.000309328 
-0.000309577 
-0.000309826 
-0.000310074 
-0.000310322 
-0.00031057 
-0.000310818 
-0.000311065 
-0.000311313 
-0.00031156 
-0.000311806 
-0.000312053 
-0.000312299 
-0.000312545 
-0.00031279 
-0.000313035 
-0.000313281 
-0.000313525 
-0.00031377 
-0.000314014 
-0.000314258 
-0.000314502 
-0.000314746 
-0.000314989 
-0.000315232 
-0.000315475 
-0.000315717 
-0.000315959 
-0.000316201 
-0.000316443 
-0.000316685 
-0.000316926 
-0.000317167 
-0.000317407 
-0.000317648 
-0.000317888 
-0.000318128 
-0.000318367 
-0.000318607 
-0.000318846 
-0.000319085 
-0.000319323 
-0.000319562 
-0.0003198 
-0.000320037 
-0.000320275 
-0.000320512 
-0.000320749 
-0.000320986 
-0.000321222 
-0.000321458 
-0.000321694 
-0.00032193 
-0.000322165 
-0.0003224 
-0.000322635 
-0.00032287 
-0.000323104 
-0.000323338 
-0.000323572 
-0.000323806 
-0.000324039 
-0.000324272 
-0.000324504 
-0.000324737 
-0.000324969 
-0.000325201 
-0.000325433 
-0.000325664 
-0.000325895 
-0.000326126 
-0.000326356 
-0.000326587 
-0.000326817 
-0.000327047 
-0.000327276 
-0.000327505 
-0.000327734 
-0.000327963 
-0.000328191 
-0.000328419 
-0.000328647 
-0.000328875 
-0.000329102 
-0.000329329 
-0.000329556 
-0.000329782 
-0.000330009 
-0.000330235 
-0.00033046 
-0.000330686 
-0.000330911 
-0.000331136 
-0.00033136 
-0.000331584 
-0.000331808 
-0.000332032 
-0.000332256 
-0.000332479 
-0.000332702 
-0.000332925 
-0.000333147 
-0.000333369 
-0.000333591 
-0.000333812 
-0.000334034 
-0.000334255 
-0.000334475 
-0.000334696 
-0.000334916 
-0.000335136 
-0.000335356 
-0.000335575 
-0.000335794 
-0.000336013 
-0.000336231 
-0.00033645 
-0.000336668 
-0.000336885 
-0.000337103 
-0.00033732 
-0.000337537 
-0.000337753 
-0.000337969 
-0.000338185 
-0.000338401 
-0.000338617 
-0.000338832 
-0.000339047 
-0.000339261 
-0.000339476 
-0.00033969 
-0.000339903 
-0.000340117 
-0.00034033 
-0.000340543 
-0.000340756 
-0.000340968 
-0.00034118 
-0.000341392 
-0.000341603 
-0.000341815 
-0.000342026 
-0.000342236 
-0.000342447 
-0.000342657 
-0.000342867 
-0.000343076 
-0.000343285 
-0.000343494 
-0.000343703 
-0.000343911 
-0.000344119 
-0.000344327 
-0.000344535 
-0.000344742 
-0.000344949 
-0.000345156 
-0.000345362 
-0.000345568 
-0.000345774 
-0.00034598 
-0.000346185 
-0.00034639 
-0.000346595 
-0.000346799 
-0.000347003 
-0.000347207 
-0.00034741 
-0.000347614 
-0.000347817 
-0.000348019 
-0.000348222 
-0.000348424 
-0.000348626 
-0.000348827 
-0.000349028 
-0.000349229 
-0.00034943 
-0.00034963 
-0.000349831 
-0.00035003 
-0.00035023 
-0.000350429 
-0.000350628 
-0.000350827 
-0.000351025 
-0.000351223 
-0.000351421 
-0.000351618 
-0.000351816 
-0.000352012 
-0.000352209 
-0.000352405 
-0.000352601 
-0.000352797 
-0.000352993 
-0.000353188 
-0.000353383 
-0.000353577 
-0.000353771 
-0.000353965 
-0.000354159 
-0.000354352 
-0.000354546 
-0.000354738 
-0.000354931 
-0.000355123 
-0.000355315 
-0.000355507 
-0.000355698 
-0.000355889 
-0.00035608 
-0.00035627 
-0.00035646 
-0.00035665 
-0.00035684 
-0.000357029 
-0.000357218 
-0.000357407 
-0.000357595 
-0.000357783 
-0.000357971 
-0.000358159 
-0.000358346 
-0.000358533 
-0.000358719 
-0.000358906 
-0.000359092 
-0.000359277 
-0.000359463 
-0.000359648 
-0.000359833 
-0.000360017 
-0.000360202 
-0.000360386 
-0.000360569 
-0.000360753 
-0.000360936 
-0.000361118 
-0.000361301 
-0.000361483 
-0.000361665 
-0.000361846 
-0.000362028 
-0.000362209 
-0.000362389 
-0.00036257 
-0.00036275 
-0.00036293 
-0.000363109 
-0.000363288 
-0.000363467 
-0.000363646 
-0.000363824 
-0.000364002 
-0.000364179 
-0.000364357 
-0.000364534 
-0.000364711 
-0.000364887 
-0.000365063 
-0.000365239 
-0.000365415 
-0.00036559 
-0.000365765 
-0.000365939 
-0.000366114 
-0.000366288 
-0.000366462 
-0.000366635 
-0.000366808 
-0.000366981 
-0.000367153 
-0.000367326 
-0.000367498 
-0.000367669 
-0.000367841 
-0.000368012 
-0.000368182 
-0.000368353 
-0.000368523 
-0.000368693 
-0.000368862 
-0.000369031 
-0.0003692 
-0.000369369 
-0.000369537 
-0.000369705 
-0.000369873 
-0.00037004 
-0.000370207 
-0.000370374 
-0.00037054 
-0.000370706 
-0.000370872 
-0.000371038 
-0.000371203 
-0.000371368 
-0.000371532 
-0.000371696 
-0.00037186 
-0.000372024 
-0.000372187 
-0.000372351 
-0.000372513 
-0.000372676 
-0.000372838 
-0.000373 
-0.000373161 
-0.000373322 
-0.000373483 
-0.000373644 
-0.000373804 
-0.000373964 
-0.000374124 
-0.000374283 
-0.000374442 
-0.000374601 
-0.000374759 
-0.000374917 
-0.000375075 
-0.000375233 
-0.00037539 
-0.000375547 
-0.000375703 
-0.00037586 
-0.000376016 
-0.000376171 
-0.000376326 
-0.000376481 
-0.000376636 
-0.000376791 
-0.000376945 
-0.000377098 
-0.000377252 
-0.000377405 
-0.000377558 
-0.00037771 
-0.000377863 
-0.000378014 
-0.000378166 
-0.000378317 
-0.000378468 
-0.000378619 
-0.000378769 
-0.000378919 
-0.000379069 
-0.000379218 
-0.000379367 
-0.000379516 
-0.000379665 
-0.000379813 
-0.000379961 
-0.000380108 
-0.000380255 
-0.000380402 
-0.000380549 
-0.000380695 
-0.000380841 
-0.000380986 
-0.000381132 
-0.000381277 
-0.000381421 
-0.000381566 
-0.00038171 
-0.000381854 
-0.000381997 
-0.00038214 
-0.000382283 
-0.000382425 
-0.000382567 
-0.000382709 
-0.000382851 
-0.000382992 
-0.000383133 
-0.000383273 
-0.000383414 
-0.000383554 
-0.000383693 
-0.000383833 
-0.000383972 
-0.00038411 
-0.000384249 
-0.000384387 
-0.000384524 
-0.000384662 
-0.000384799 
-0.000384936 
-0.000385072 
-0.000385208 
-0.000385344 
-0.000385479 
-0.000385615 
-0.000385749 
-0.000385884 
-0.000386018 
-0.000386152 
-0.000386286 
-0.000386419 
-0.000386552 
-0.000386684 
-0.000386817 
-0.000386949 
-0.00038708 
-0.000387212 
-0.000387343 
-0.000387473 
-0.000387604 
-0.000387734 
-0.000387864 
-0.000387993 
-0.000388122 
-0.000388251 
-0.000388379 
-0.000388507 
-0.000388635 
-0.000388763 
-0.00038889 
-0.000389017 
-0.000389143 
-0.000389269 
-0.000389395 
-0.000389521 
-0.000389646 
-0.000389771 
-0.000389896 
-0.00039002 
-0.000390144 
-0.000390267 
-0.000390391 
-0.000390514 
-0.000390636 
-0.000390759 
-0.000390881 
-0.000391002 
-0.000391124 
-0.000391245 
-0.000391366 
-0.000391486 
-0.000391606 
-0.000391726 
-0.000391845 
-0.000391964 
-0.000392083 
-0.000392202 
-0.00039232 
-0.000392438 
-0.000392555 
-0.000392672 
-0.000392789 
-0.000392905 
-0.000393022 
-0.000393138 
-0.000393253 
-0.000393368 
-0.000393483 
-0.000393598 
-0.000393712 
-0.000393826 
-0.000393939 
-0.000394053 
-0.000394166 
-0.000394278 
-0.00039439 
-0.000394502 
-0.000394614 
-0.000394725 
-0.000394836 
-0.000394947 
-0.000395057 
-0.000395167 
-0.000395277 
-0.000395386 
-0.000395495 
-0.000395604 
-0.000395712 
-0.00039582 
-0.000395928 
-0.000396036 
-0.000396143 
-0.000396249 
-0.000396356 
-0.000396462 
-0.000396567 
-0.000396673 
-0.000396778 
-0.000396883 
-0.000396987 
-0.000397091 
-0.000397195 
-0.000397298 
-0.000397402 
-0.000397504 
-0.000397607 
-0.000397709 
-0.000397811 
-0.000397912 
-0.000398013 
-0.000398114 
-0.000398215 
-0.000398315 
-0.000398415 
-0.000398514 
-0.000398613 
-0.000398712 
-0.000398811 
-0.000398909 
-0.000399007 
-0.000399104 
-0.000399201 
-0.000399298 
-0.000399395 
-0.000399491 
-0.000399587 
-0.000399683 
-0.000399778 
-0.000399873 
-0.000399967 
-0.000400061 
-0.000400155 
-0.000400249 
-0.000400342 
-0.000400435 
-0.000400528 
-0.00040062 
-0.000400712 
-0.000400803 
-0.000400894 
-0.000400985 
-0.000401076 
-0.000401166 
-0.000401256 
-0.000401346 
-0.000401435 
-0.000401524 
-0.000401612 
-0.000401701 
-0.000401789 
-0.000401876 
-0.000401964 
-0.00040205 
-0.000402137 
-0.000402223 
-0.000402309 
-0.000402395 
-0.00040248 
-0.000402565 
-0.00040265 
-0.000402734 
-0.000402818 
-0.000402901 
-0.000402985 
-0.000403068 
-0.00040315 
-0.000403233 
-0.000403314 
-0.000403396 
-0.000403477 
-0.000403558 
-0.000403639 
-0.000403719 
-0.000403799 
-0.000403879 
-0.000403958 
-0.000404037 
-0.000404116 
-0.000404194 
-0.000404272 
-0.000404349 
-0.000404427 
-0.000404504 
-0.00040458 
-0.000404656 
-0.000404732 
-0.000404808 
-0.000404883 
-0.000404958 
-0.000405033 
-0.000405107 
-0.000405181 
-0.000405254 
-0.000405328 
-0.000405401 
-0.000405473 
-0.000405545 
-0.000405617 
-0.000405689 
-0.00040576 
-0.000405831 
-0.000405902 
-0.000405972 
-0.000406042 
-0.000406111 
-0.000406181 
-0.000406249 
-0.000406318 
-0.000406386 
-0.000406454 
-0.000406522 
-0.000406589 
-0.000406656 
-0.000406722 
-0.000406788 
-0.000406854 
-0.00040692 
-0.000406985 
-0.00040705 
-0.000407114 
-0.000407179 
-0.000407243 
-0.000407306 
-0.000407369 
-0.000407432 
-0.000407495 
-0.000407557 
-0.000407619 
-0.00040768 
-0.000407741 
-0.000407802 
-0.000407862 
-0.000407923 
-0.000407982 
-0.000408042 
-0.000408101 
-0.00040816 
-0.000408218 
-0.000408276 
-0.000408334 
-0.000408392 
-0.000408449 
-0.000408506 
-0.000408562 
-0.000408618 
-0.000408674 
-0.000408729 
-0.000408784 
-0.000408839 
-0.000408893 
-0.000408948 
-0.000409001 
-0.000409055 
-0.000409108 
-0.00040916 
-0.000409213 
-0.000409265 
-0.000409317 
-0.000409368 
-0.000409419 
-0.00040947 
-0.00040952 
-0.00040957 
-0.00040962 
-0.000409669 
-0.000409718 
-0.000409767 
-0.000409815 
-0.000409863 
-0.000409911 
-0.000409958 
-0.000410005 
-0.000410051 
-0.000410098 
-0.000410144 
-0.000410189 
-0.000410235 
-0.000410279 
-0.000410324 
-0.000410368 
-0.000410412 
-0.000410456 
-0.000410499 
-0.000410542 
-0.000410584 
-0.000410627 
-0.000410669 
-0.00041071 
-0.000410751 
-0.000410792 
-0.000410833 
-0.000410873 
-0.000410913 
-0.000410952 
-0.000410991 
-0.00041103 
-0.000411069 
-0.000411107 
-0.000411145 
-0.000411182 
-0.000411219 
-0.000411256 
-0.000411292 
-0.000411329 
-0.000411364 
-0.0004114 
-0.000411435 
-0.00041147 
-0.000411504 
-0.000411538 
-0.000411572 
-0.000411605 
-0.000411638 
-0.000411671 
-0.000411703 
-0.000411735 
-0.000411767 
-0.000411798 
-0.000411829 
-0.00041186 
-0.00041189 
-0.00041192 
-0.00041195 
-0.000411979 
-0.000412008 
-0.000412037 
-0.000412065 
-0.000412093 
-0.00041212 
-0.000412148 
-0.000412175 
-0.000412201 
-0.000412227 
-0.000412253 
-0.000412279 
-0.000412304 
-0.000412329 
-0.000412354 
-0.000412378 
-0.000412402 
-0.000412425 
-0.000412448 
-0.000412471 
-0.000412494 
-0.000412516 
-0.000412537 
-0.000412559 
-0.00041258 
-0.000412601 
-0.000412621 
-0.000412641 
-0.000412661 
-0.000412681 
-0.0004127 
-0.000412718 
-0.000412737 
-0.000412755 
-0.000412773 
-0.00041279 
-0.000412807 
-0.000412824 
-0.00041284 
-0.000412856 
-0.000412872 
-0.000412887 
-0.000412902 
-0.000412917 
-0.000412931 
-0.000412945 
-0.000412958 
-0.000412972 
-0.000412985 
-0.000412997 
-0.000413009 
-0.000413021 
-0.000413033 
-0.000413044 
-0.000413055 
-0.000413066 
-0.000413076 
-0.000413086 
-0.000413095 
-0.000413104 
-0.000413113 
-0.000413122 
-0.00041313 
-0.000413138 
-0.000413145 
-0.000413152 
-0.000413159 
-0.000413165 
-0.000413172 
-0.000413177 
-0.000413183 
-0.000413188 
-0.000413193 
-0.000413197 
-0.000413201 
-0.000413205 
-0.000413208 
-0.000413211 
-0.000413214 
-0.000413216 
-0.000413218 
-0.00041322 
-0.000413221 
-0.000413222 
-0.000413223 
-0.000413223 
-0.000413223 
-0.000413223 
-0.000413222 
-0.000413221 
-0.000413219 
-0.000413218 
-0.000413216 
-0.000413213 
-0.00041321 
-0.000413207 
-0.000413204 
-0.0004132 
-0.000413196 
-0.000413191 
-0.000413187 
-0.000413181 
-0.000413176 
-0.00041317 
-0.000413164 
-0.000413157 
-0.00041315 
-0.000413143 
-0.000413136 
-0.000413128 
-0.00041312 
-0.000413111 
-0.000413102 
-0.000413093 
-0.000413083 
-0.000413073 
-0.000413063 
-0.000413052 
-0.000413041 
-0.00041303 
-0.000413018 
-0.000413006 
-0.000412994 
-0.000412981 
-0.000412968 
-0.000412955 
-0.000412941 
-0.000412927 
-0.000412913 
-0.000412898 
-0.000412883 
-0.000412868 
-0.000412852 
-0.000412836 
-0.000412819 
-0.000412803 
-0.000412786 
-0.000412768 
-0.00041275 
-0.000412732 
-0.000412714 
-0.000412695 
-0.000412676 
-0.000412656 
-0.000412636 
-0.000412616 
-0.000412596 
-0.000412575 
-0.000412554 
-0.000412532 
-0.00041251 
-0.000412488 
-0.000412465 
-0.000412443 
-0.000412419 
-0.000412396 
-0.000412372 
-0.000412347 
-0.000412323 
-0.000412298 
-0.000412273 
-0.000412247 
-0.000412221 
-0.000412195 
-0.000412168 
-0.000412141 
-0.000412114 
-0.000412086 
-0.000412058 
-0.00041203 
-0.000412001 
-0.000411972 
-0.000411943 
-0.000411913 
-0.000411883 
-0.000411852 
-0.000411822 
-0.00041179 
-0.000411759 
-0.000411727 
-0.000411695 
-0.000411663 
-0.00041163 
-0.000411597 
-0.000411563 
-0.00041153 
-0.000411495 
-0.000411461 
-0.000411426 
-0.000411391 
-0.000411355 
-0.00041132 
-0.000411283 
-0.000411247 
-0.00041121 
-0.000411173 
-0.000411135 
-0.000411097 
-0.000411059 
-0.000411021 
-0.000410982 
-0.000410942 
-0.000410903 
-0.000410863 
-0.000410823 
-0.000410782 
-0.000410741 
-0.0004107 
-0.000410658 
-0.000410616 
-0.000410574 
-0.000410531 
-0.000410488 
-0.000410445 
-0.000410401 
-0.000410357 
-0.000410313 
-0.000410268 
-0.000410223 
-0.000410178 
-0.000410132 
-0.000410086 
-0.00041004 
-0.000409993 
-0.000409946 
-0.000409899 
-0.000409851 
-0.000409803 
-0.000409755 
-0.000409706 
-0.000409657 
-0.000409607 
-0.000409558 
-0.000409508 
-0.000409457 
-0.000409406 
-0.000409355 
-0.000409304 
-0.000409252 
-0.0004092 
-0.000409147 
-0.000409095 
-0.000409041 
-0.000408988 
-0.000408934 
-0.00040888 
-0.000408825 
-0.000408771 
-0.000408716 
-0.00040866 
-0.000408604 
-0.000408548 
-0.000408491 
-0.000408435 
-0.000408377 
-0.00040832 
-0.000408262 
-0.000408204 
-0.000408145 
-0.000408086 
-0.000408027 
-0.000407968 
-0.000407908 
-0.000407848 
-0.000407787 
-0.000407726 
-0.000407665 
-0.000407603 
-0.000407541 
-0.000407479 
-0.000407416 
-0.000407354 
-0.00040729 
-0.000407227 
-0.000407163 
-0.000407098 
-0.000407034 
-0.000406969 
-0.000406904 
-0.000406838 
-0.000406772 
-0.000406706 
-0.000406639 
-0.000406572 
-0.000406505 
-0.000406437 
-0.000406369 
-0.000406301 
-0.000406232 
-0.000406163 
-0.000406094 
-0.000406024 
-0.000405954 
-0.000405884 
-0.000405814 
-0.000405743 
-0.000405671 
-0.0004056 
-0.000405528 
-0.000405455 
-0.000405383 
-0.00040531 
-0.000405236 
-0.000405163 
-0.000405089 
-0.000405014 
-0.00040494 
-0.000404865 
-0.000404789 
-0.000404714 
-0.000404637 
-0.000404561 
-0.000404484 
-0.000404407 
-0.00040433 
-0.000404252 
-0.000404174 
-0.000404096 
-0.000404017 
-0.000403938 
-0.000403859 
-0.000403779 
-0.000403699 
-0.000403619 
-0.000403538 
-0.000403457 
-0.000403376 
-0.000403294 
-0.000403212 
-0.00040313 
-0.000403047 
-0.000402964 
-0.000402881 
-0.000402797 
-0.000402713 
-0.000402629 
-0.000402544 
-0.000402459 
-0.000402374 
-0.000402288 
-0.000402202 
-0.000402116 
-0.000402029 
-0.000401942 
-0.000401855 
-0.000401767 
-0.000401679 
-0.000401591 
-0.000401502 
-0.000401413 
-0.000401324 
-0.000401234 
-0.000401144 
-0.000401054 
-0.000400963 
-0.000400872 
-0.000400781 
-0.000400689 
-0.000400597 
-0.000400505 
-0.000400412 
-0.000400319 
-0.000400226 
-0.000400132 
-0.000400038 
-0.000399944 
-0.000399849 
-0.000399754 
-0.000399659 
-0.000399563 
-0.000399467 
-0.000399371 
-0.000399274 
-0.000399177 
-0.00039908 
-0.000398983 
-0.000398885 
-0.000398786 
-0.000398688 
-0.000398589 
-0.00039849 
-0.00039839 
-0.00039829 
-0.00039819 
-0.000398089 
-0.000397988 
-0.000397887 
-0.000397786 
-0.000397684 
-0.000397581 
-0.000397479 
-0.000397376 
-0.000397273 
-0.000397169 
-0.000397065 
-0.000396961 
-0.000396857 
-0.000396752 
-0.000396647 
-0.000396541 
-0.000396435 
-0.000396329 
-0.000396223 
-0.000396116 
-0.000396009 
-0.000395901 
-0.000395794 
-0.000395686 
-0.000395577 
-0.000395468 
-0.000395359 
-0.00039525 
-0.00039514 
-0.00039503 
-0.00039492 
-0.000394809 
-0.000394698 
-0.000394586 
-0.000394475 
-0.000394363 
-0.00039425 
-0.000394138 
-0.000394025 
-0.000393911 
-0.000393798 
-0.000393684 
-0.000393569 
-0.000393455 
-0.00039334 
-0.000393224 
-0.000393109 
-0.000392993 
-0.000392877 
-0.00039276 
-0.000392643 
-0.000392526 
-0.000392408 
-0.00039229 
-0.000392172 
-0.000392054 
-0.000391935 
-0.000391816 
-0.000391696 
-0.000391576 
-0.000391456 
-0.000391336 
-0.000391215 
-0.000391094 
-0.000390972 
-0.000390851 
-0.000390728 
-0.000390606 
-0.000390483 
-0.00039036 
-0.000390237 
-0.000390113 
-0.000389989 
-0.000389865 
-0.00038974 
-0.000389615 
-0.00038949 
-0.000389364 
-0.000389238 
-0.000389112 
-0.000388985 
-0.000388858 
-0.000388731 
-0.000388604 
-0.000388476 
-0.000388347 
-0.000388219 
-0.00038809 
-0.000387961 
-0.000387831 
-0.000387702 
-0.000387571 
-0.000387441 
-0.00038731 
-0.000387179 
-0.000387048 
-0.000386916 
-0.000386784 
-0.000386652 
-0.000386519 
-0.000386386 
-0.000386253 
-0.000386119 
-0.000385985 
-0.000385851 
-0.000385716 
-0.000385581 
-0.000385446 
-0.00038531 
-0.000385174 
-0.000385038 
-0.000384902 
-0.000384765 
-0.000384628 
-0.00038449 
-0.000384352 
-0.000384214 
-0.000384076 
-0.000383937 
-0.000383798 
-0.000383659 
-0.000383519 
-0.000383379 
-0.000383239 
-0.000383098 
-0.000382957 
-0.000382816 
-0.000382674 
-0.000382532 
-0.00038239 
-0.000382247 
-0.000382105 
-0.000381961 
-0.000381818 
-0.000381674 
-0.00038153 
-0.000381386 
-0.000381241 
-0.000381096 
-0.00038095 
-0.000380805 
-0.000380659 
-0.000380512 
-0.000380366 
-0.000380219 
-0.000380071 
-0.000379924 
-0.000379776 
-0.000379628 
-0.000379479 
-0.00037933 
-0.000379181 
-0.000379032 
-0.000378882 
-0.000378732 
-0.000378582 
-0.000378431 
-0.00037828 
-0.000378128 
-0.000377977 
-0.000377825 
-0.000377673 
-0.00037752 
-0.000377367 
-0.000377214 
-0.00037706 
-0.000376906 
-0.000376752 
-0.000376598 
-0.000376443 
-0.000376288 
-0.000376133 
-0.000375977 
-0.000375821 
-0.000375665 
-0.000375508 
-0.000375351 
-0.000375194 
-0.000375036 
-0.000374878 
-0.00037472 
-0.000374562 
-0.000374403 
-0.000374244 
-0.000374084 
-0.000373924 
-0.000373764 
-0.000373604 
-0.000373443 
-0.000373282 
-0.000373121 
-0.00037296 
-0.000372798 
-0.000372635 
-0.000372473 
-0.00037231 
-0.000372147 
-0.000371984 
-0.00037182 
-0.000371656 
-0.000371491 
-0.000371327 
-0.000371162 
-0.000370996 
-0.000370831 
-0.000370665 
-0.000370499 
-0.000370332 
-0.000370165 
-0.000369998 
-0.000369831 
-0.000369663 
-0.000369495 
-0.000369327 
-0.000369158 
-0.000368989 
-0.00036882 
-0.00036865 
-0.000368481 
-0.00036831 
-0.00036814 
-0.000367969 
-0.000367798 
-0.000367627 
-0.000367455 
-0.000367283 
-0.000367111 
-0.000366938 
-0.000366765 
-0.000366592 
-0.000366419 
-0.000366245 
-0.000366071 
-0.000365896 
-0.000365721 
-0.000365546 
-0.000365371 
-0.000365195 
-0.00036502 
-0.000364843 
-0.000364667 
-0.00036449 
-0.000364313 
-0.000364135 
-0.000363958 
-0.00036378 
-0.000363601 
-0.000363423 
-0.000363244 
-0.000363064 
-0.000362885 
-0.000362705 
-0.000362525 
-0.000362345 
-0.000362164 
-0.000361983 
-0.000361801 
-0.00036162 
-0.000361438 
-0.000361256 
-0.000361073 
-0.00036089 
-0.000360707 
-0.000360524 
-0.00036034 
-0.000360156 
-0.000359972 
-0.000359787 
-0.000359602 
-0.000359417 
-0.000359231 
-0.000359046 
-0.00035886 
-0.000358673 
-0.000358486 
-0.000358299 
-0.000358112 
-0.000357925 
-0.000357737 
-0.000357549 
-0.00035736 
-0.000357171 
-0.000356982 
-0.000356793 
-0.000356603 
-0.000356413 
-0.000356223 
-0.000356032 
-0.000355842 
-0.000355651 
-0.000355459 
-0.000355267 
-0.000355075 
-0.000354883 
-0.000354691 
-0.000354498 
-0.000354304 
-0.000354111 
-0.000353917 
-0.000353723 
-0.000353529 
-0.000353334 
-0.000353139 
-0.000352944 
-0.000352749 
-0.000352553 
-0.000352357 
-0.00035216 
-0.000351964 
-0.000351767 
-0.000351569 
-0.000351372 
-0.000351174 
-0.000350976 
-0.000350777 
-0.000350579 
-0.00035038 
-0.00035018 
-0.000349981 
-0.000349781 
-0.000349581 
-0.00034938 
-0.00034918 
-0.000348979 
-0.000348777 
-0.000348576 
-0.000348374 
-0.000348172 
-0.000347969 
-0.000347766 
-0.000347563 
-0.00034736 
-0.000347156 
-0.000346953 
-0.000346748 
-0.000346544 
-0.000346339 
-0.000346134 
-0.000345929 
-0.000345723 
-0.000345517 
-0.000345311 
-0.000345105 
-0.000344898 
-0.000344691 
-0.000344483 
-0.000344276 
-0.000344068 
-0.00034386 
-0.000343651 
-0.000343442 
-0.000343233 
-0.000343024 
-0.000342815 
-0.000342605 
-0.000342394 
-0.000342184 
-0.000341973 
-0.000341762 
-0.000341551 
-0.000341339 
-0.000341127 
-0.000340915 
-0.000340703 
-0.00034049 
-0.000340277 
-0.000340064 
-0.00033985 
-0.000339637 
-0.000339422 
-0.000339208 
-0.000338993 
-0.000338778 
-0.000338563 
-0.000338348 
-0.000338132 
-0.000337916 
-0.000337699 
-0.000337483 
-0.000337266 
-0.000337049 
-0.000336831 
-0.000336613 
-0.000336395 
-0.000336177 
-0.000335959 
-0.00033574 
-0.000335521 
-0.000335301 
-0.000335081 
-0.000334861 
-0.000334641 
-0.000334421 
-0.0003342 
-0.000333979 
-0.000333757 
-0.000333536 
-0.000333314 
-0.000333092 
-0.000332869 
-0.000332647 
-0.000332424 
-0.0003322 
-0.000331977 
-0.000331753 
-0.000331529 
-0.000331304 
-0.00033108 
-0.000330855 
-0.00033063 
-0.000330404 
-0.000330178 
-0.000329952 
-0.000329726 
-0.0003295 
-0.000329273 
-0.000329046 
-0.000328818 
-0.000328591 
-0.000328363 
-0.000328135 
-0.000327906 
-0.000327677 
-0.000327448 
-0.000327219 
-0.00032699 
-0.00032676 
-0.00032653 
-0.000326299 
-0.000326069 
-0.000325838 
-0.000325607 
-0.000325375 
-0.000325143 
-0.000324911 
-0.000324679 
-0.000324447 
-0.000324214 
-0.000323981 
-0.000323748 
-0.000323514 
-0.00032328 
-0.000323046 
-0.000322812 
-0.000322577 
-0.000322342 
-0.000322107 
-0.000321872 
-0.000321636 
-0.0003214 
-0.000321164 
-0.000320927 
-0.00032069 
-0.000320453 
-0.000320216 
-0.000319978 
-0.000319741 
-0.000319502 
-0.000319264 
-0.000319025 
-0.000318787 
-0.000318547 
-0.000318308 
-0.000318068 
-0.000317828 
-0.000317588 
-0.000317348 
-0.000317107 
-0.000316866 
-0.000316625 
-0.000316383 
-0.000316141 
-0.000315899 
-0.000315657 
-0.000315415 
-0.000315172 
-0.000314929 
-0.000314685 
-0.000314442 
-0.000314198 
-0.000313954 
-0.000313709 
-0.000313465 
-0.00031322 
-0.000312975 
-0.000312729 
-0.000312484 
-0.000312238 
-0.000311991 
-0.000311745 
-0.000311498 
-0.000311251 
-0.000311004 
-0.000310757 
-0.000310509 
-0.000310261 
-0.000310013 
-0.000309764 
-0.000309515 
-0.000309266 
-0.000309017 
-0.000308768 
-0.000308518 
-0.000308268 
-0.000308017 
-0.000307767 
-0.000307516 
-0.000307265 
-0.000307014 
-0.000306762 
-0.00030651 
-0.000306258 
-0.000306006 
-0.000305753 
-0.000305501 
-0.000305247 
-0.000304994 
-0.000304741 
-0.000304487 
-0.000304233 
-0.000303978 
-0.000303724 
-0.000303469 
-0.000303214 
-0.000302958 
-0.000302703 
-0.000302447 
-0.000302191 
-0.000301935 
-0.000301678 
-0.000301421 
-0.000301164 
-0.000300907 
-0.000300649 
-0.000300391 
-0.000300133 
-0.000299875 
-0.000299616 
-0.000299357 
-0.000299098 
-0.000298839 
-0.000298579 
-0.00029832 
-0.00029806 
-0.000297799 
-0.000297539 
-0.000297278 
-0.000297017 
-0.000296756 
-0.000296494 
-0.000296232 
-0.00029597 
-0.000295708 
-0.000295445 
-0.000295183 
-0.00029492 
-0.000294656 
-0.000294393 
-0.000294129 
-0.000293865 
-0.000293601 
-0.000293337 
-0.000293072 
-0.000292807 
-0.000292542 
-0.000292276 
-0.000292011 
-0.000291745 
-0.000291479 
-0.000291212 
-0.000290945 
-0.000290679 
-0.000290411 
-0.000290144 
-0.000289877 
-0.000289609 
-0.000289341 
-0.000289072 
-0.000288804 
-0.000288535 
-0.000288266 
-0.000287997 
-0.000287727 
-0.000287457 
-0.000287187 
-0.000286917 
-0.000286647 
-0.000286376 
-0.000286105 
-0.000285834 
-0.000285562 
-0.000285291 
-0.000285019 
-0.000284747 
-0.000284475 
-0.000284202 
-0.000283929 
-0.000283656 
-0.000283383 
-0.000283109 
-0.000282835 
-0.000282562 
-0.000282287 
-0.000282013 
-0.000281738 
-0.000281463 
-0.000281188 
-0.000280913 
-0.000280637 
-0.000280361 
-0.000280085 
-0.000279809 
-0.000279532 
-0.000279255 
-0.000278978 
-0.000278701 
-0.000278424 
-0.000278146 
-0.000277868 
-0.00027759 
-0.000277312 
-0.000277033 
-0.000276754 
-0.000276475 
-0.000276196 
-0.000275916 
-0.000275636 
-0.000275356 
-0.000275076 
-0.000274796 
-0.000274515 
-0.000274234 
-0.000273953 
-0.000273672 
-0.00027339 
-0.000273108 
-0.000272826 
-0.000272544 
-0.000272262 
-0.000271979 
-0.000271696 
-0.000271413 
-0.00027113 
-0.000270846 
-0.000270562 
-0.000270278 
-0.000269994 
-0.000269709 
-0.000269425 
-0.00026914 
-0.000268854 
-0.000268569 
-0.000268283 
-0.000267998 
-0.000267712 
-0.000267425 
-0.000267139 
-0.000266852 
-0.000266565 
-0.000266278 
-0.000265991 
-0.000265703 
-0.000265415 
-0.000265127 
-0.000264839 
-0.00026455 
-0.000264262 
-0.000263973 
-0.000263684 
-0.000263394 
-0.000263105 
-0.000262815 
-0.000262525 
-0.000262235 
-0.000261944 
-0.000261654 
-0.000261363 
-0.000261072 
-0.000260781 
-0.000260489 
-0.000260197 
-0.000259905 
-0.000259613 
-0.000259321 
-0.000259028 
-0.000258735 
-0.000258442 
-0.000258149 
-0.000257856 
-0.000257562 
-0.000257268 
-0.000256974 
-0.00025668 
-0.000256385 
-0.000256091 
-0.000255796 
-0.000255501 
-0.000255205 
-0.00025491 
-0.000254614 
-0.000254318 
-0.000254022 
-0.000253725 
-0.000253429 
-0.000253132 
-0.000252835 
-0.000252538 
-0.00025224 
-0.000251943 
-0.000251645 
-0.000251347 
-0.000251048 
-0.00025075 
-0.000250451 
-0.000250152 
-0.000249853 
-0.000249554 
-0.000249254 
-0.000248955 
-0.000248655 
-0.000248355 
-0.000248054 
-0.000247754 
-0.000247453 
-0.000247152 
-0.000246851 
-0.00024655 
-0.000246248 
-0.000245946 
-0.000245644 
-0.000245342 
-0.00024504 
-0.000244737 
-0.000244434 
-0.000244131 
-0.000243828 
-0.000243525 
-0.000243221 
-0.000242917 
-0.000242613 
-0.000242309 
-0.000242005 
-0.0002417 
-0.000241395 
-0.00024109 
-0.000240785 
-0.00024048 
-0.000240174 
-0.000239868 
-0.000239562 
-0.000239256 
-0.00023895 
-0.000238643 
-0.000238336 
-0.00023803 
-0.000237722 
-0.000237415 
-0.000237107 
-0.0002368 
-0.000236492 
-0.000236184 
-0.000235875 
-0.000235567 
-0.000235258 
-0.000234949 
-0.00023464 
-0.000234331 
-0.000234021 
-0.000233711 
-0.000233401 
-0.000233091 
-0.000232781 
-0.000232471 
-0.00023216 
-0.000231849 
-0.000231538 
-0.000231227 
-0.000230915 
-0.000230604 
-0.000230292 
-0.00022998 
-0.000229668 
-0.000229355 
-0.000229043 
-0.00022873 
-0.000228417 
-0.000228104 
-0.000227791 
-0.000227477 
-0.000227163 
-0.000226849 
-0.000226535 
-0.000226221 
-0.000225907 
-0.000225592 
-0.000225277 
-0.000224962 
-0.000224647 
-0.000224332 
-0.000224016 
-0.0002237 
-0.000223384 
-0.000223068 
-0.000222752 
-0.000222435 
-0.000222119 
-0.000221802 
-0.000221485 
-0.000221167 
-0.00022085 
-0.000220532 
-0.000220215 
-0.000219897 
-0.000219579 
-0.00021926 
-0.000218942 
-0.000218623 
-0.000218304 
-0.000217985 
-0.000217666 
-0.000217347 
-0.000217027 
-0.000216707 
-0.000216387 
-0.000216067 
-0.000215747 
-0.000215426 
-0.000215106 
-0.000214785 
-0.000214464 
-0.000214143 
-0.000213821 
-0.0002135 
-0.000213178 
-0.000212856 
-0.000212534 
-0.000212212 
-0.000211889 
-0.000211567 
-0.000211244 
-0.000210921 
-0.000210598 
-0.000210275 
-0.000209951 
-0.000209628 
-0.000209304 
-0.00020898 
-0.000208656 
-0.000208331 
-0.000208007 
-0.000207682 
-0.000207357 
-0.000207032 
-0.000206707 
-0.000206382 
-0.000206056 
-0.00020573 
-0.000205404 
-0.000205078 
-0.000204752 
-0.000204426 
-0.000204099 
-0.000203773 
-0.000203446 
-0.000203119 
-0.000202791 
-0.000202464 
-0.000202136 
-0.000201809 
-0.000201481 
-0.000201153 
-0.000200825 
-0.000200496 
-0.000200168 
-0.000199839 
-0.00019951 
-0.000199181 
-0.000198852 
-0.000198522 
-0.000198193 
-0.000197863 
-0.000197533 
-0.000197203 
-0.000196873 
-0.000196543 
-0.000196212 
-0.000195881 
-0.000195551 
-0.00019522 
-0.000194888 
-0.000194557 
-0.000194226 
-0.000193894 
-0.000193562 
-0.00019323 
-0.000192898 
-0.000192566 
-0.000192233 
-0.000191901 
-0.000191568 
-0.000191235 
-0.000190902 
-0.000190569 
-0.000190235 
-0.000189902 
-0.000189568 
-0.000189234 
-0.0001889 
-0.000188566 
-0.000188231 
-0.000187897 
-0.000187562 
-0.000187227 
-0.000186892 
-0.000186557 
-0.000186222 
-0.000185887 
-0.000185551 
-0.000185215 
-0.000184879 
-0.000184543 
-0.000184207 
-0.000183871 
-0.000183534 
-0.000183198 
-0.000182861 
-0.000182524 
-0.000182187 
-0.00018185 
-0.000181512 
-0.000181175 
-0.000180837 
-0.000180499 
-0.000180161 
-0.000179823 
-0.000179485 
-0.000179146 
-0.000178808 
-0.000178469 
-0.00017813 
-0.000177791 
-0.000177452 
-0.000177113 
-0.000176773 
-0.000176433 
-0.000176094 
-0.000175754 
-0.000175414 
-0.000175073 
-0.000174733 
-0.000174393 
-0.000174052 
-0.000173711 
-0.00017337 
-0.000173029 
-0.000172688 
-0.000172347 
-0.000172005 
-0.000171664 
-0.000171322 
-0.00017098 
-0.000170638 
-0.000170296 
-0.000169953 
-0.000169611 
-0.000169268 
-0.000168925 
-0.000168582 
-0.000168239 
-0.000167896 
-0.000167553 
-0.000167209 
-0.000166866 
-0.000166522 
-0.000166178 
-0.000165834 
-0.00016549 
-0.000165146 
-0.000164801 
-0.000164457 
-0.000164112 
-0.000163767 
-0.000163422 
-0.000163077 
-0.000162732 
-0.000162387 
-0.000162041 
-0.000161695 
-0.00016135 
-0.000161004 
-0.000160658 
-0.000160312 
-0.000159965 
-0.000159619 
-0.000159272 
-0.000158926 
-0.000158579 
-0.000158232 
-0.000157885 
-0.000157538 
-0.00015719 
-0.000156843 
-0.000156495 
-0.000156147 
-0.000155799 
-0.000155451 
-0.000155103 
-0.000154755 
-0.000154407 
-0.000154058 
-0.00015371 
-0.000153361 
-0.000153012 
-0.000152663 
-0.000152314 
-0.000151964 
-0.000151615 
-0.000151266 
-0.000150916 
-0.000150566 
-0.000150216 
-0.000149866 
-0.000149516 
-0.000149166 
-0.000148815 
-0.000148465 
-0.000148114 
-0.000147764 
-0.000147413 
-0.000147062 
-0.000146711 
-0.000146359 
-0.000146008 
-0.000145656 
-0.000145305 
-0.000144953 
-0.000144601 
-0.000144249 
-0.000143897 
-0.000143545 
-0.000143193 
-0.00014284 
-0.000142488 
-0.000142135 
-0.000141782 
-0.000141429 
-0.000141076 
-0.000140723 
-0.00014037 
-0.000140016 
-0.000139663 
-0.000139309 
-0.000138956 
-0.000138602 
-0.000138248 
-0.000137894 
-0.00013754 
-0.000137185 
-0.000136831 
-0.000136476 
-0.000136122 
-0.000135767 
-0.000135412 
-0.000135057 
-0.000134702 
-0.000134347 
-0.000133992 
-0.000133636 
-0.000133281 
-0.000132925 
-0.000132569 
-0.000132213 
-0.000131857 
-0.000131501 
-0.000131145 
-0.000130789 
-0.000130433 
-0.000130076 
-0.000129719 
-0.000129363 
-0.000129006 
-0.000128649 
-0.000128292 
-0.000127935 
-0.000127577 
-0.00012722 
-0.000126863 
-0.000126505 
-0.000126147 
-0.00012579 
-0.000125432 
-0.000125074 
-0.000124716 
-0.000124357 
-0.000123999 
-0.000123641 
-0.000123282 
-0.000122924 
-0.000122565 
-0.000122206 
-0.000121847 
-0.000121488 
-0.000121129 
-0.00012077 
-0.000120411 
-0.000120051 
-0.000119692 
-0.000119332 
-0.000118972 
-0.000118613 
-0.000118253 
-0.000117893 
-0.000117533 
-0.000117172 
-0.000116812 
-0.000116452 
-0.000116091 
-0.000115731 
-0.00011537 
-0.000115009 
-0.000114648 
-0.000114287 
-0.000113926 
-0.000113565 
-0.000113204 
-0.000112843 
-0.000112481 
-0.00011212 
-0.000111758 
-0.000111396 
-0.000111035 
-0.000110673 
-0.000110311 
-0.000109949 
-0.000109587 
-0.000109224 
-0.000108862 
-0.0001085 
-0.000108137 
-0.000107774 
-0.000107412 
-0.000107049 
-0.000106686 
-0.000106323 
-0.00010596 
-0.000105597 
-0.000105234 
-0.00010487 
-0.000104507 
-0.000104143 
-0.00010378 
-0.000103416 
-0.000103052 
-0.000102689 
-0.000102325 
-0.000101961 
-0.000101597 
-0.000101232 
-0.000100868 
-0.000100504 
-0.000100139 
-9.9775e-05 
-9.94104e-05 
-9.90457e-05 
-9.8681e-05 
-9.83161e-05 
-9.79512e-05 
-9.75862e-05 
-9.72212e-05 
-9.6856e-05 
-9.64908e-05 
-9.61255e-05 
-9.57601e-05 
-9.53946e-05 
-9.50291e-05 
-9.46634e-05 
-9.42977e-05 
-9.39319e-05 
-9.35661e-05 
-9.32001e-05 
-9.28341e-05 
-9.2468e-05 
-9.21019e-05 
-9.17356e-05 
-9.13693e-05 
-9.10029e-05 
-9.06364e-05 
-9.02699e-05 
-8.99033e-05 
-8.95366e-05 
-8.91698e-05 
-8.88029e-05 
-8.8436e-05 
-8.8069e-05 
-8.7702e-05 
-8.73348e-05 
-8.69676e-05 
-8.66004e-05 
-8.6233e-05 
-8.58656e-05 
-8.54981e-05 
-8.51305e-05 
-8.47629e-05 
-8.43952e-05 
-8.40274e-05 
-8.36596e-05 
-8.32917e-05 
-8.29237e-05 
-8.25556e-05 
-8.21875e-05 
-8.18193e-05 
-8.14511e-05 
-8.10827e-05 
-8.07144e-05 
-8.03459e-05 
-7.99774e-05 
-7.96088e-05 
-7.92401e-05 
-7.88714e-05 
-7.85026e-05 
-7.81338e-05 
-7.77649e-05 
-7.73959e-05 
-7.70269e-05 
-7.66578e-05 
-7.62886e-05 
-7.59194e-05 
-7.55501e-05 
-7.51807e-05 
-7.48113e-05 
-7.44418e-05 
-7.40723e-05 
-7.37027e-05 
-7.3333e-05 
-7.29633e-05 
-7.25935e-05 
-7.22236e-05 
-7.18537e-05 
-7.14838e-05 
-7.11137e-05 
-7.07437e-05 
-7.03735e-05 
-7.00033e-05 
-6.96331e-05 
-6.92628e-05 
-6.88924e-05 
-6.8522e-05 
-6.81515e-05 
-6.77809e-05 
-6.74103e-05 
-6.70397e-05 
-6.6669e-05 
-6.62982e-05 
-6.59274e-05 
-6.55565e-05 
-6.51856e-05 
-6.48146e-05 
-6.44436e-05 
-6.40725e-05 
-6.37013e-05 
-6.33302e-05 
-6.29589e-05 
-6.25876e-05 
-6.22163e-05 
-6.18449e-05 
-6.14734e-05 
-6.11019e-05 
-6.07304e-05 
-6.03588e-05 
-5.99871e-05 
-5.96154e-05 
-5.92436e-05 
-5.88718e-05 
-5.85e-05 
-5.81281e-05 
-5.77561e-05 
-5.73842e-05 
-5.70121e-05 
-5.664e-05 
-5.62679e-05 
-5.58957e-05 
-5.55235e-05 
-5.51512e-05 
-5.47789e-05 
-5.44065e-05 
-5.40341e-05 
-5.36617e-05 
-5.32892e-05 
-5.29166e-05 
-5.2544e-05 
-5.21714e-05 
-5.17987e-05 
-5.1426e-05 
-5.10533e-05 
-5.06805e-05 
-5.03076e-05 
-4.99347e-05 
-4.95618e-05 
-4.91888e-05 
-4.88158e-05 
-4.84428e-05 
-4.80697e-05 
-4.76966e-05 
-4.73234e-05 
-4.69502e-05 
-4.6577e-05 
-4.62037e-05 
-4.58304e-05 
-4.5457e-05 
-4.50836e-05 
-4.47102e-05 
-4.43367e-05 
-4.39632e-05 
-4.35896e-05 
-4.32161e-05 
-4.28424e-05 
-4.24688e-05 
-4.20951e-05 
-4.17214e-05 
-4.13476e-05 
-4.09738e-05 
-4.06e-05 
-4.02262e-05 
-3.98523e-05 
-3.94784e-05 
-3.91044e-05 
-3.87304e-05 
-3.83564e-05 
-3.79823e-05 
-3.76083e-05 
-3.72341e-05 
-3.686e-05 
-3.64858e-05 
-3.61116e-05 
-3.57374e-05 
-3.53631e-05 
-3.49888e-05 
-3.46145e-05 
-3.42402e-05 
-3.38658e-05 
-3.34914e-05 
-3.31169e-05 
-3.27425e-05 
-3.2368e-05 
-3.19935e-05 
-3.16189e-05 
-3.12444e-05 
-3.08698e-05 
-3.04951e-05 
-3.01205e-05 
-2.97458e-05 
-2.93711e-05 
-2.89964e-05 
-2.86217e-05 
-2.82469e-05 
-2.78721e-05 
-2.74973e-05 
-2.71225e-05 
-2.67476e-05 
-2.63727e-05 
-2.59978e-05 
-2.56229e-05 
-2.52479e-05 
-2.4873e-05 
-2.4498e-05 
-2.4123e-05 
-2.3748e-05 
-2.33729e-05 
-2.29978e-05 
-2.26228e-05 
-2.22477e-05 
-2.18725e-05 
-2.14974e-05 
-2.11222e-05 
-2.07471e-05 
-2.03719e-05 
-1.99967e-05 
-1.96214e-05 
-1.92462e-05 
-1.88709e-05 
-1.84957e-05 
-1.81204e-05 
-1.77451e-05 
-1.73698e-05 
-1.69944e-05 
-1.66191e-05 
-1.62437e-05 
-1.58683e-05 
-1.5493e-05 
-1.51176e-05 
-1.47421e-05 
-1.43667e-05 
-1.39913e-05 
-1.36158e-05 
-1.32404e-05 
-1.28649e-05 
-1.24894e-05 
-1.21139e-05 
-1.17384e-05 
-1.13629e-05 
-1.09874e-05 
-1.06119e-05 
-1.02363e-05 
-9.86079e-06 
-9.48524e-06 
-9.10967e-06 
-8.7341e-06 
-8.35853e-06 
-7.98294e-06 
-7.60735e-06 
-7.23176e-06 
-6.85615e-06 
-6.48055e-06 
-6.10493e-06 
-5.72931e-06 
-5.35369e-06 
-4.97806e-06 
-4.60243e-06 
-4.22679e-06 
-3.85115e-06 
-3.47551e-06 
-3.09987e-06 
-2.72422e-06 
-2.34857e-06 
-1.97291e-06 
-1.59726e-06 
-1.22161e-06 
-8.45949e-07 
-4.70293e-07 
-9.46352e-08 
2.81022e-07 
6.56679e-07 
1.03234e-06 
1.40799e-06 
1.78365e-06 
2.1593e-06 
2.53495e-06 
2.9106e-06 
3.28625e-06 
3.66189e-06 
4.03753e-06 
4.41317e-06 
4.7888e-06 
5.16443e-06 
5.54006e-06 
5.91568e-06 
6.2913e-06 
6.66691e-06 
7.04251e-06 
7.41811e-06 
7.79371e-06 
8.1693e-06 
8.54488e-06 
8.92045e-06 
9.29602e-06 
9.67157e-06 
1.00471e-05 
1.04227e-05 
1.07982e-05 
1.11737e-05 
1.15492e-05 
1.19247e-05 
1.23002e-05 
1.26757e-05 
1.30512e-05 
1.34267e-05 
1.38021e-05 
1.41776e-05 
1.4553e-05 
1.49284e-05 
1.53038e-05 
1.56792e-05 
1.60546e-05 
1.643e-05 
1.68053e-05 
1.71807e-05 
1.7556e-05 
1.79313e-05 
1.83066e-05 
1.86819e-05 
1.90571e-05 
1.94324e-05 
1.98076e-05 
2.01828e-05 
2.0558e-05 
2.09332e-05 
2.13084e-05 
2.16835e-05 
2.20587e-05 
2.24338e-05 
2.28089e-05 
2.31839e-05 
2.3559e-05 
2.3934e-05 
2.43091e-05 
2.4684e-05 
2.5059e-05 
2.5434e-05 
2.58089e-05 
2.61838e-05 
2.65587e-05 
2.69336e-05 
2.73084e-05 
2.76833e-05 
2.80581e-05 
2.84328e-05 
2.88076e-05 
2.91823e-05 
2.9557e-05 
2.99317e-05 
3.03064e-05 
3.0681e-05 
3.10556e-05 
3.14302e-05 
3.18048e-05 
3.21793e-05 
3.25538e-05 
3.29283e-05 
3.33027e-05 
3.36771e-05 
3.40515e-05 
3.44259e-05 
3.48002e-05 
3.51745e-05 
3.55488e-05 
3.59231e-05 
3.62973e-05 
3.66715e-05 
3.70456e-05 
3.74198e-05 
3.77939e-05 
3.81679e-05 
3.8542e-05 
3.8916e-05 
3.92899e-05 
3.96639e-05 
4.00378e-05 
4.04117e-05 
4.07855e-05 
4.11593e-05 
4.15331e-05 
4.19068e-05 
4.22805e-05 
4.26542e-05 
4.30278e-05 
4.34014e-05 
4.3775e-05 
4.41485e-05 
4.4522e-05 
4.48955e-05 
4.52689e-05 
4.56422e-05 
4.60156e-05 
4.63889e-05 
4.67622e-05 
4.71354e-05 
4.75086e-05 
4.78817e-05 
4.82548e-05 
4.86279e-05 
4.90009e-05 
4.93739e-05 
4.97468e-05 
5.01197e-05 
5.04926e-05 
5.08654e-05 
5.12382e-05 
5.16109e-05 
5.19836e-05 
5.23563e-05 
5.27289e-05 
5.31015e-05 
5.3474e-05 
5.38465e-05 
5.42189e-05 
5.45913e-05 
5.49636e-05 
5.53359e-05 
5.57082e-05 
5.60804e-05 
5.64525e-05 
5.68246e-05 
5.71967e-05 
5.75687e-05 
5.79407e-05 
5.83126e-05 
5.86845e-05 
5.90563e-05 
5.94281e-05 
5.97998e-05 
6.01715e-05 
6.05431e-05 
6.09147e-05 
6.12862e-05 
6.16577e-05 
6.20291e-05 
6.24005e-05 
6.27718e-05 
6.31431e-05 
6.35143e-05 
6.38855e-05 
6.42566e-05 
6.46277e-05 
6.49987e-05 
6.53696e-05 
6.57405e-05 
6.61114e-05 
6.64822e-05 
6.68529e-05 
6.72236e-05 
6.75942e-05 
6.79648e-05 
6.83353e-05 
6.87058e-05 
6.90762e-05 
6.94465e-05 
6.98168e-05 
7.0187e-05 
7.05572e-05 
7.09273e-05 
7.12973e-05 
7.16673e-05 
7.20373e-05 
7.24072e-05 
7.2777e-05 
7.31467e-05 
7.35164e-05 
7.38861e-05 
7.42556e-05 
7.46251e-05 
7.49946e-05 
7.5364e-05 
7.57333e-05 
7.61026e-05 
7.64718e-05 
7.68409e-05 
7.721e-05 
7.7579e-05 
7.79479e-05 
7.83168e-05 
7.86856e-05 
7.90544e-05 
7.94231e-05 
7.97917e-05 
8.01602e-05 
8.05287e-05 
8.08971e-05 
8.12655e-05 
8.16338e-05 
8.2002e-05 
8.23702e-05 
8.27382e-05 
8.31063e-05 
8.34742e-05 
8.38421e-05 
8.42099e-05 
8.45776e-05 
8.49453e-05 
8.53129e-05 
8.56804e-05 
8.60479e-05 
8.64153e-05 
8.67826e-05 
8.71498e-05 
8.7517e-05 
8.78841e-05 
8.82511e-05 
8.86181e-05 
8.8985e-05 
8.93518e-05 
8.97185e-05 
9.00852e-05 
9.04518e-05 
9.08183e-05 
9.11847e-05 
9.15511e-05 
9.19173e-05 
9.22836e-05 
9.26497e-05 
9.30157e-05 
9.33817e-05 
9.37476e-05 
9.41134e-05 
9.44792e-05 
9.48449e-05 
9.52104e-05 
9.5576e-05 
9.59414e-05 
9.63067e-05 
9.6672e-05 
9.70372e-05 
9.74023e-05 
9.77673e-05 
9.81323e-05 
9.84972e-05 
9.8862e-05 
9.92267e-05 
9.95913e-05 
9.99558e-05 
0.00010032 
0.000100685 
0.000101049 
0.000101413 
0.000101777 
0.000102141 
0.000102505 
0.000102869 
0.000103233 
0.000103597 
0.00010396 
0.000104324 
0.000104687 
0.000105051 
0.000105414 
0.000105777 
0.00010614 
0.000106503 
0.000106866 
0.000107229 
0.000107592 
0.000107954 
0.000108317 
0.000108679 
0.000109042 
0.000109404 
0.000109766 
0.000110128 
0.00011049 
0.000110852 
0.000111214 
0.000111576 
0.000111938 
0.000112299 
0.000112661 
0.000113022 
0.000113383 
0.000113744 
0.000114106 
0.000114467 
0.000114828 
0.000115188 
0.000115549 
0.00011591 
0.00011627 
0.000116631 
0.000116991 
0.000117351 
0.000117711 
0.000118071 
0.000118431 
0.000118791 
0.000119151 
0.000119511 
0.00011987 
0.00012023 
0.000120589 
0.000120948 
0.000121307 
0.000121666 
0.000122025 
0.000122384 
0.000122743 
0.000123102 
0.00012346 
0.000123819 
0.000124177 
0.000124535 
0.000124893 
0.000125251 
0.000125609 
0.000125967 
0.000126325 
0.000126683 
0.00012704 
0.000127397 
0.000127755 
0.000128112 
0.000128469 
0.000128826 
0.000129183 
0.00012954 
0.000129896 
0.000130253 
0.000130609 
0.000130966 
0.000131322 
0.000131678 
0.000132034 
0.00013239 
0.000132746 
0.000133101 
0.000133457 
0.000133813 
0.000134168 
0.000134523 
0.000134878 
0.000135233 
0.000135588 
0.000135943 
0.000136298 
0.000136652 
0.000137007 
0.000137361 
0.000137715 
0.000138069 
0.000138423 
0.000138777 
0.000139131 
0.000139485 
0.000139838 
0.000140192 
0.000140545 
0.000140898 
0.000141251 
0.000141604 
0.000141957 
0.00014231 
0.000142663 
0.000143015 
0.000143367 
0.00014372 
0.000144072 
0.000144424 
0.000144776 
0.000145128 
0.000145479 
0.000145831 
0.000146182 
0.000146534 
0.000146885 
0.000147236 
0.000147587 
0.000147938 
0.000148288 
0.000148639 
0.000148989 
0.00014934 
0.00014969 
0.00015004 
0.00015039 
0.00015074 
0.000151089 
0.000151439 
0.000151788 
0.000152138 
0.000152487 
0.000152836 
0.000153185 
0.000153534 
0.000153883 
0.000154231 
0.00015458 
0.000154928 
0.000155276 
0.000155624 
0.000155972 
0.00015632 
0.000156668 
0.000157015 
0.000157363 
0.00015771 
0.000158057 
0.000158404 
0.000158751 
0.000159098 
0.000159444 
0.000159791 
0.000160137 
0.000160483 
0.000160829 
0.000161175 
0.000161521 
0.000161867 
0.000162213 
0.000162558 
0.000162903 
0.000163248 
0.000163594 
0.000163938 
0.000164283 
0.000164628 
0.000164972 
0.000165317 
0.000165661 
0.000166005 
0.000166349 
0.000166693 
0.000167036 
0.00016738 
0.000167723 
0.000168067 
0.00016841 
0.000168753 
0.000169095 
0.000169438 
0.000169781 
0.000170123 
0.000170465 
0.000170808 
0.00017115 
0.000171491 
0.000171833 
0.000172175 
0.000172516 
0.000172857 
0.000173198 
0.000173539 
0.00017388 
0.000174221 
0.000174562 
0.000174902 
0.000175242 
0.000175582 
0.000175922 
0.000176262 
0.000176602 
0.000176941 
0.000177281 
0.00017762 
0.000177959 
0.000178298 
0.000178637 
0.000178976 
0.000179314 
0.000179653 
0.000179991 
0.000180329 
0.000180667 
0.000181005 
0.000181342 
0.00018168 
0.000182017 
0.000182354 
0.000182691 
0.000183028 
0.000183365 
0.000183701 
0.000184038 
0.000184374 
0.00018471 
0.000185046 
0.000185382 
0.000185718 
0.000186053 
0.000186388 
0.000186724 
0.000187059 
0.000187394 
0.000187728 
0.000188063 
0.000188397 
0.000188732 
0.000189066 
0.0001894 
0.000189733 
0.000190067 
0.000190401 
0.000190734 
0.000191067 
0.0001914 
0.000191733 
0.000192066 
0.000192398 
0.000192731 
0.000193063 
0.000193395 
0.000193727 
0.000194058 
0.00019439 
0.000194721 
0.000195053 
0.000195384 
0.000195715 
0.000196045 
0.000196376 
0.000196707 
0.000197037 
0.000197367 
0.000197697 
0.000198027 
0.000198356 
0.000198686 
0.000199015 
0.000199344 
0.000199673 
0.000200002 
0.000200331 
0.000200659 
0.000200987 
0.000201316 
0.000201644 
0.000201971 
0.000202299 
0.000202626 
0.000202954 
0.000203281 
0.000203608 
0.000203935 
0.000204261 
0.000204588 
0.000204914 
0.00020524 
0.000205566 
0.000205892 
0.000206218 
0.000206543 
0.000206868 
0.000207193 
0.000207518 
0.000207843 
0.000208168 
0.000208492 
0.000208816 
0.00020914 
0.000209464 
0.000209788 
0.000210112 
0.000210435 
0.000210758 
0.000211081 
0.000211404 
0.000211727 
0.000212049 
0.000212372 
0.000212694 
0.000213016 
0.000213338 
0.000213659 
0.000213981 
0.000214302 
0.000214623 
0.000214944 
0.000215265 
0.000215585 
0.000215906 
0.000216226 
0.000216546 
0.000216866 
0.000217186 
0.000217505 
0.000217824 
0.000218143 
0.000218462 
0.000218781 
0.0002191 
0.000219418 
0.000219736 
0.000220055 
0.000220372 
0.00022069 
0.000221008 
0.000221325 
0.000221642 
0.000221959 
0.000222276 
0.000222592 
0.000222909 
0.000223225 
0.000223541 
0.000223857 
0.000224173 
0.000224488 
0.000224803 
0.000225118 
0.000225433 
0.000225748 
0.000226063 
0.000226377 
0.000226691 
0.000227005 
0.000227319 
0.000227633 
0.000227946 
0.000228259 
0.000228572 
0.000228885 
0.000229198 
0.00022951 
0.000229823 
0.000230135 
0.000230447 
0.000230758 
0.00023107 
0.000231381 
0.000231692 
0.000232003 
0.000232314 
0.000232625 
0.000232935 
0.000233245 
0.000233555 
0.000233865 
0.000234175 
0.000234484 
0.000234793 
0.000235102 
0.000235411 
0.00023572 
0.000236028 
0.000236336 
0.000236645 
0.000236952 
0.00023726 
0.000237567 
0.000237875 
0.000238182 
0.000238489 
0.000238795 
0.000239102 
0.000239408 
0.000239714 
0.00024002 
0.000240326 
0.000240631 
0.000240937 
0.000241242 
0.000241547 
0.000241851 
0.000242156 
0.00024246 
0.000242764 
0.000243068 
0.000243372 
0.000243675 
0.000243979 
0.000244282 
0.000244585 
0.000244887 
0.00024519 
0.000245492 
0.000245794 
0.000246096 
0.000246398 
0.000246699 
0.000247 
0.000247301 
0.000247602 
0.000247903 
0.000248203 
0.000248504 
0.000248804 
0.000249103 
0.000249403 
0.000249702 
0.000250002 
0.000250301 
0.000250599 
0.000250898 
0.000251196 
0.000251495 
0.000251793 
0.00025209 
0.000252388 
0.000252685 
0.000252982 
0.000253279 
0.000253576 
0.000253873 
0.000254169 
0.000254465 
0.000254761 
0.000255056 
0.000255352 
0.000255647 
0.000255942 
0.000256237 
0.000256532 
0.000256826 
0.00025712 
0.000257414 
0.000257708 
0.000258001 
0.000258295 
0.000258588 
0.000258881 
0.000259173 
0.000259466 
0.000259758 
0.00026005 
0.000260342 
0.000260634 
0.000260925 
0.000261216 
0.000261507 
0.000261798 
0.000262089 
0.000262379 
0.000262669 
0.000262959 
0.000263249 
0.000263538 
0.000263827 
0.000264116 
0.000264405 
0.000264694 
0.000264982 
0.00026527 
0.000265558 
0.000265846 
0.000266133 
0.000266421 
0.000266708 
0.000266994 
0.000267281 
0.000267567 
0.000267854 
0.000268139 
0.000268425 
0.000268711 
0.000268996 
0.000269281 
0.000269566 
0.00026985 
0.000270135 
0.000270419 
0.000270703 
0.000270987 
0.00027127 
0.000271553 
0.000271836 
0.000272119 
0.000272402 
0.000272684 
0.000272966 
0.000273248 
0.00027353 
0.000273811 
0.000274093 
0.000274374 
0.000274654 
0.000274935 
0.000275215 
0.000275495 
0.000275775 
0.000276055 
0.000276334 
0.000276614 
0.000276893 
0.000277171 
0.00027745 
0.000277728 
0.000278006 
0.000278284 
0.000278561 
0.000278839 
0.000279116 
0.000279393 
0.000279669 
0.000279946 
0.000280222 
0.000280498 
0.000280774 
0.000281049 
0.000281325 
0.0002816 
0.000281874 
0.000282149 
0.000282423 
0.000282697 
0.000282971 
0.000283245 
0.000283518 
0.000283792 
0.000284065 
0.000284337 
0.00028461 
0.000284882 
0.000285154 
0.000285426 
0.000285697 
0.000285968 
0.00028624 
0.00028651 
0.000286781 
0.000287051 
0.000287321 
0.000287591 
0.000287861 
0.00028813 
0.000288399 
0.000288668 
0.000288937 
0.000289205 
0.000289474 
0.000289742 
0.000290009 
0.000290277 
0.000290544 
0.000290811 
0.000291078 
0.000291344 
0.000291611 
0.000291877 
0.000292142 
0.000292408 
0.000292673 
0.000292938 
0.000293203 
0.000293468 
0.000293732 
0.000293996 
0.00029426 
0.000294524 
0.000294787 
0.00029505 
0.000295313 
0.000295576 
0.000295838 
0.0002961 
0.000296362 
0.000296624 
0.000296885 
0.000297146 
0.000297407 
0.000297668 
0.000297928 
0.000298189 
0.000298449 
0.000298708 
0.000298968 
0.000299227 
0.000299486 
0.000299745 
0.000300003 
0.000300261 
0.000300519 
0.000300777 
0.000301034 
0.000301292 
0.000301549 
0.000301805 
0.000302062 
0.000302318 
0.000302574 
0.00030283 
0.000303085 
0.00030334 
0.000303595 
0.00030385 
0.000304105 
0.000304359 
0.000304613 
0.000304866 
0.00030512 
0.000305373 
0.000305626 
0.000305879 
0.000306131 
0.000306383 
0.000306635 
0.000306887 
0.000307138 
0.00030739 
0.000307641 
0.000307891 
0.000308142 
0.000308392 
0.000308642 
0.000308891 
0.000309141 
0.00030939 
0.000309639 
0.000309887 
0.000310136 
0.000310384 
0.000310632 
0.000310879 
0.000311127 
0.000311374 
0.000311621 
0.000311867 
0.000312114 
0.00031236 
0.000312605 
0.000312851 
0.000313096 
0.000313341 
0.000313586 
0.000313831 
0.000314075 
0.000314319 
0.000314563 
0.000314806 
0.000315049 
0.000315292 
0.000315535 
0.000315777 
0.00031602 
0.000316261 
0.000316503 
0.000316744 
0.000316986 
0.000317226 
0.000317467 
0.000317707 
0.000317947 
0.000318187 
0.000318427 
0.000318666 
0.000318905 
0.000319144 
0.000319382 
0.000319621 
0.000319859 
0.000320096 
0.000320334 
0.000320571 
0.000320808 
0.000321044 
0.000321281 
0.000321517 
0.000321753 
0.000321988 
0.000322224 
0.000322459 
0.000322694 
0.000322928 
0.000323162 
0.000323396 
0.00032363 
0.000323863 
0.000324097 
0.000324329 
0.000324562 
0.000324795 
0.000325027 
0.000325258 
0.00032549 
0.000325721 
0.000325952 
0.000326183 
0.000326414 
0.000326644 
0.000326874 
0.000327103 
0.000327333 
0.000327562 
0.000327791 
0.000328019 
0.000328248 
0.000328476 
0.000328704 
0.000328931 
0.000329158 
0.000329385 
0.000329612 
0.000329838 
0.000330065 
0.000330291 
0.000330516 
0.000330741 
0.000330967 
0.000331191 
0.000331416 
0.00033164 
0.000331864 
0.000332088 
0.000332311 
0.000332534 
0.000332757 
0.00033298 
0.000333202 
0.000333424 
0.000333646 
0.000333867 
0.000334089 
0.00033431 
0.00033453 
0.000334751 
0.000334971 
0.00033519 
0.00033541 
0.000335629 
0.000335848 
0.000336067 
0.000336285 
0.000336504 
0.000336722 
0.000336939 
0.000337156 
0.000337374 
0.00033759 
0.000337807 
0.000338023 
0.000338239 
0.000338455 
0.00033867 
0.000338885 
0.0003391 
0.000339314 
0.000339529 
0.000339743 
0.000339956 
0.00034017 
0.000340383 
0.000340596 
0.000340808 
0.000341021 
0.000341233 
0.000341444 
0.000341656 
0.000341867 
0.000342078 
0.000342288 
0.000342499 
0.000342709 
0.000342919 
0.000343128 
0.000343337 
0.000343546 
0.000343755 
0.000343963 
0.000344171 
0.000344379 
0.000344586 
0.000344793 
0.000345 
0.000345207 
0.000345413 
0.000345619 
0.000345825 
0.000346031 
0.000346236 
0.000346441 
0.000346645 
0.00034685 
0.000347054 
0.000347257 
0.000347461 
0.000347664 
0.000347867 
0.00034807 
0.000348272 
0.000348474 
0.000348676 
0.000348877 
0.000349078 
0.000349279 
0.00034948 
0.00034968 
0.00034988 
0.00035008 
0.000350279 
0.000350478 
0.000350677 
0.000350876 
0.000351074 
0.000351272 
0.00035147 
0.000351667 
0.000351864 
0.000352061 
0.000352258 
0.000352454 
0.00035265 
0.000352846 
0.000353041 
0.000353236 
0.000353431 
0.000353625 
0.00035382 
0.000354013 
0.000354207 
0.0003544 
0.000354593 
0.000354786 
0.000354979 
0.000355171 
0.000355363 
0.000355554 
0.000355745 
0.000355936 
0.000356127 
0.000356317 
0.000356508 
0.000356697 
0.000356887 
0.000357076 
0.000357265 
0.000357454 
0.000357642 
0.00035783 
0.000358018 
0.000358205 
0.000358392 
0.000358579 
0.000358766 
0.000358952 
0.000359138 
0.000359323 
0.000359509 
0.000359694 
0.000359879 
0.000360063 
0.000360247 
0.000360431 
0.000360615 
0.000360798 
0.000360981 
0.000361164 
0.000361346 
0.000361528 
0.00036171 
0.000361891 
0.000362073 
0.000362254 
0.000362434 
0.000362614 
0.000362794 
0.000362974 
0.000363153 
0.000363333 
0.000363511 
0.00036369 
0.000363868 
0.000364046 
0.000364223 
0.000364401 
0.000364578 
0.000364754 
0.000364931 
0.000365107 
0.000365283 
0.000365458 
0.000365633 
0.000365808 
0.000365983 
0.000366157 
0.000366331 
0.000366505 
0.000366678 
0.000366851 
0.000367024 
0.000367196 
0.000367368 
0.00036754 
0.000367712 
0.000367883 
0.000368054 
0.000368225 
0.000368395 
0.000368565 
0.000368735 
0.000368904 
0.000369073 
0.000369242 
0.00036941 
0.000369579 
0.000369746 
0.000369914 
0.000370081 
0.000370248 
0.000370415 
0.000370581 
0.000370747 
0.000370913 
0.000371079 
0.000371244 
0.000371408 
0.000371573 
0.000371737 
0.000371901 
0.000372065 
0.000372228 
0.000372391 
0.000372554 
0.000372716 
0.000372878 
0.00037304 
0.000373201 
0.000373362 
0.000373523 
0.000373684 
0.000373844 
0.000374004 
0.000374163 
0.000374323 
0.000374482 
0.00037464 
0.000374799 
0.000374957 
0.000375114 
0.000375272 
0.000375429 
0.000375586 
0.000375742 
0.000375898 
0.000376054 
0.00037621 
0.000376365 
0.00037652 
0.000376675 
0.000376829 
0.000376983 
0.000377137 
0.00037729 
0.000377443 
0.000377596 
0.000377748 
0.0003779 
0.000378052 
0.000378204 
0.000378355 
0.000378506 
0.000378656 
0.000378806 
0.000378956 
0.000379106 
0.000379255 
0.000379404 
0.000379553 
0.000379701 
0.000379849 
0.000379997 
0.000380145 
0.000380292 
0.000380439 
0.000380585 
0.000380731 
0.000380877 
0.000381023 
0.000381168 
0.000381313 
0.000381457 
0.000381602 
0.000381746 
0.000381889 
0.000382033 
0.000382176 
0.000382318 
0.000382461 
0.000382603 
0.000382744 
0.000382886 
0.000383027 
0.000383168 
0.000383308 
0.000383448 
0.000383588 
0.000383728 
0.000383867 
0.000384006 
0.000384145 
0.000384283 
0.000384421 
0.000384558 
0.000384696 
0.000384833 
0.000384969 
0.000385106 
0.000385242 
0.000385378 
0.000385513 
0.000385648 
0.000385783 
0.000385917 
0.000386051 
0.000386185 
0.000386319 
0.000386452 
0.000386585 
0.000386717 
0.00038685 
0.000386981 
0.000387113 
0.000387244 
0.000387375 
0.000387506 
0.000387636 
0.000387766 
0.000387896 
0.000388025 
0.000388154 
0.000388283 
0.000388411 
0.000388539 
0.000388667 
0.000388794 
0.000388921 
0.000389048 
0.000389175 
0.000389301 
0.000389427 
0.000389552 
0.000389677 
0.000389802 
0.000389927 
0.000390051 
0.000390175 
0.000390298 
0.000390421 
0.000390544 
0.000390667 
0.000390789 
0.000390911 
0.000391033 
0.000391154 
0.000391275 
0.000391396 
0.000391516 
0.000391636 
0.000391755 
0.000391875 
0.000391994 
0.000392113 
0.000392231 
0.000392349 
0.000392467 
0.000392584 
0.000392701 
0.000392818 
0.000392934 
0.00039305 
0.000393166 
0.000393282 
0.000393397 
0.000393512 
0.000393626 
0.00039374 
0.000393854 
0.000393968 
0.000394081 
0.000394194 
0.000394306 
0.000394418 
0.00039453 
0.000394642 
0.000394753 
0.000394864 
0.000394974 
0.000395085 
0.000395195 
0.000395304 
0.000395413 
0.000395522 
0.000395631 
0.000395739 
0.000395847 
0.000395955 
0.000396062 
0.000396169 
0.000396276 
0.000396382 
0.000396488 
0.000396594 
0.000396699 
0.000396804 
0.000396909 
0.000397013 
0.000397117 
0.000397221 
0.000397324 
0.000397427 
0.00039753 
0.000397632 
0.000397734 
0.000397836 
0.000397937 
0.000398038 
0.000398139 
0.00039824 
0.00039834 
0.000398439 
0.000398539 
0.000398638 
0.000398737 
0.000398835 
0.000398933 
0.000399031 
0.000399128 
0.000399226 
0.000399322 
0.000399419 
0.000399515 
0.000399611 
0.000399706 
0.000399801 
0.000399896 
0.000399991 
0.000400085 
0.000400179 
0.000400272 
0.000400365 
0.000400458 
0.00040055 
0.000400643 
0.000400734 
0.000400826 
0.000400917 
0.000401008 
0.000401098 
0.000401189 
0.000401278 
0.000401368 
0.000401457 
0.000401546 
0.000401634 
0.000401723 
0.00040181 
0.000401898 
0.000401985 
0.000402072 
0.000402158 
0.000402245 
0.000402331 
0.000402416 
0.000402501 
0.000402586 
0.000402671 
0.000402755 
0.000402839 
0.000402922 
0.000403005 
0.000403088 
0.000403171 
0.000403253 
0.000403335 
0.000403416 
0.000403497 
0.000403578 
0.000403659 
0.000403739 
0.000403819 
0.000403898 
0.000403978 
0.000404056 
0.000404135 
0.000404213 
0.000404291 
0.000404369 
0.000404446 
0.000404523 
0.000404599 
0.000404675 
0.000404751 
0.000404827 
0.000404902 
0.000404977 
0.000405051 
0.000405125 
0.000405199 
0.000405273 
0.000405346 
0.000405419 
0.000405491 
0.000405563 
0.000405635 
0.000405707 
0.000405778 
0.000405849 
0.000405919 
0.000405989 
0.000406059 
0.000406129 
0.000406198 
0.000406266 
0.000406335 
0.000406403 
0.000406471 
0.000406538 
0.000406605 
0.000406672 
0.000406739 
0.000406805 
0.000406871 
0.000406936 
0.000407001 
0.000407066 
0.00040713 
0.000407195 
0.000407258 
0.000407322 
0.000407385 
