0 
0.0434218 
-2.73324e-07 
0.0433823 
-6.37754e-07 
0.0433332 
-1.00218e-06 
0.0432734 
-1.36661e-06 
0.0432031 
-1.73104e-06 
0.0431223 
-2.09546e-06 
0.0430311 
-2.45987e-06 
0.0429297 
-2.82429e-06 
0.042818 
-3.18869e-06 
0.0426963 
-3.55309e-06 
0.0425647 
-3.91748e-06 
0.0424232 
-4.28187e-06 
0.042272 
-4.64624e-06 
0.0421112 
-5.01061e-06 
0.041941 
-5.37497e-06 
0.0417616 
-5.73931e-06 
0.0415731 
-6.10364e-06 
0.0413756 
-6.46797e-06 
0.0411693 
-6.83227e-06 
0.0409544 
-7.19657e-06 
0.0407311 
-7.56085e-06 
0.0404996 
-7.92511e-06 
0.04026 
-8.28936e-06 
0.0400125 
-8.65359e-06 
0.0397574 
-9.0178e-06 
0.0394948 
-9.38199e-06 
0.0392249 
-9.74617e-06 
0.038948 
-1.01103e-05 
0.0386642 
-1.04745e-05 
0.0383738 
-1.08386e-05 
0.038077 
-1.12027e-05 
0.037774 
-1.15667e-05 
0.037465 
-1.19308e-05 
0.0371503 
-1.22948e-05 
0.03683 
-1.26588e-05 
0.0365044 
-1.30228e-05 
0.0361738 
-1.33867e-05 
0.0358383 
-1.37506e-05 
0.0354982 
-1.41145e-05 
0.0351538 
-1.44784e-05 
0.0348052 
-1.48422e-05 
0.0344526 
-1.5206e-05 
0.0340964 
-1.55698e-05 
0.0337367 
-1.59335e-05 
0.0333739 
-1.62972e-05 
0.033008 
-1.66609e-05 
0.0326393 
-1.70245e-05 
0.0322682 
-1.73881e-05 
0.0318947 
-1.77517e-05 
0.0315191 
-1.81152e-05 
0.0311417 
-1.84787e-05 
0.0307626 
-1.88422e-05 
0.0303821 
-1.92056e-05 
0.0300004 
-1.95689e-05 
0.0296177 
-1.99323e-05 
0.0292343 
-2.02956e-05 
0.0288502 
-2.06588e-05 
0.0284659 
-2.10221e-05 
0.0280813 
-2.13852e-05 
0.0276968 
-2.17483e-05 
0.0273125 
-2.21114e-05 
0.0269287 
-2.24745e-05 
0.0265455 
-2.28375e-05 
0.0261631 
-2.32004e-05 
0.0257817 
-2.35633e-05 
0.0254014 
-2.39262e-05 
0.0250225 
-2.4289e-05 
0.0246451 
-2.46517e-05 
0.0242693 
-2.50144e-05 
0.0238954 
-2.53771e-05 
0.0235235 
-2.57397e-05 
0.0231538 
-2.61022e-05 
0.0227863 
-2.64647e-05 
0.0224213 
-2.68271e-05 
0.0220588 
-2.71895e-05 
0.0216991 
-2.75518e-05 
0.0213422 
-2.79141e-05 
0.0209883 
-2.82763e-05 
0.0206375 
-2.86385e-05 
0.0202898 
-2.90006e-05 
0.0199455 
-2.93626e-05 
-2.95436e-05 
-2.97246e-05 
-2.99056e-05 
-3.00865e-05 
-3.02675e-05 
-3.04484e-05 
-3.06293e-05 
-3.08102e-05 
-3.0991e-05 
-3.11719e-05 
-3.13527e-05 
-3.15336e-05 
-3.17144e-05 
-3.18952e-05 
-3.2076e-05 
-3.22567e-05 
-3.24375e-05 
-3.26182e-05 
-3.27989e-05 
-3.29796e-05 
-3.31603e-05 
-3.33409e-05 
-3.35216e-05 
-3.37022e-05 
-3.38828e-05 
-3.40634e-05 
-3.4244e-05 
-3.44245e-05 
-3.46051e-05 
-3.47856e-05 
-3.49661e-05 
-3.51466e-05 
-3.53271e-05 
-3.55075e-05 
-3.56879e-05 
-3.58684e-05 
-3.60488e-05 
-3.62291e-05 
-3.64095e-05 
-3.65898e-05 
-3.67702e-05 
-3.69505e-05 
-3.71307e-05 
-3.7311e-05 
-3.74913e-05 
-3.76715e-05 
-3.78517e-05 
-3.80319e-05 
-3.82121e-05 
-3.83922e-05 
-3.85723e-05 
-3.87524e-05 
-3.89325e-05 
-3.91126e-05 
-3.92927e-05 
-3.94727e-05 
-3.96527e-05 
-3.98327e-05 
-4.00127e-05 
-4.01926e-05 
-4.03725e-05 
-4.05525e-05 
-4.07323e-05 
-4.09122e-05 
-4.10921e-05 
-4.12719e-05 
-4.14517e-05 
-4.16315e-05 
-4.18112e-05 
-4.1991e-05 
-4.21707e-05 
-4.23504e-05 
-4.25301e-05 
-4.27097e-05 
-4.28894e-05 
-4.3069e-05 
-4.32486e-05 
-4.34281e-05 
-4.36077e-05 
-4.37872e-05 
-4.39667e-05 
-4.41462e-05 
-4.43256e-05 
-4.45051e-05 
-4.46845e-05 
-4.48639e-05 
-4.50432e-05 
-4.52226e-05 
-4.54019e-05 
-4.55812e-05 
-4.57604e-05 
-4.59397e-05 
-4.61189e-05 
-4.62981e-05 
-4.64773e-05 
-4.66564e-05 
-4.68356e-05 
-4.70147e-05 
-4.71938e-05 
-4.73728e-05 
-4.75519e-05 
-4.77309e-05 
-4.79099e-05 
-4.80888e-05 
-4.82678e-05 
-4.84467e-05 
-4.86256e-05 
-4.88044e-05 
-4.89833e-05 
-4.91621e-05 
-4.93409e-05 
-4.95196e-05 
-4.96984e-05 
-4.98771e-05 
-5.00558e-05 
-5.02344e-05 
-5.0413e-05 
-5.05917e-05 
-5.07702e-05 
-5.09488e-05 
-5.11273e-05 
-5.13058e-05 
-5.14843e-05 
-5.16628e-05 
-5.18412e-05 
-5.20196e-05 
-5.2198e-05 
-5.23763e-05 
-5.25546e-05 
-5.27329e-05 
-5.29112e-05 
-5.30894e-05 
-5.32676e-05 
-5.34458e-05 
-5.3624e-05 
-5.38021e-05 
-5.39802e-05 
-5.41583e-05 
-5.43363e-05 
-5.45144e-05 
-5.46924e-05 
-5.48703e-05 
-5.50483e-05 
-5.52262e-05 
-5.54041e-05 
-5.55819e-05 
-5.57597e-05 
-5.59375e-05 
-5.61153e-05 
-5.6293e-05 
-5.64707e-05 
-5.66484e-05 
-5.68261e-05 
-5.70037e-05 
-5.71813e-05 
-5.73589e-05 
-5.75364e-05 
-5.77139e-05 
-5.78914e-05 
-5.80688e-05 
-5.82462e-05 
-5.84236e-05 
-5.8601e-05 
-5.87783e-05 
-5.89556e-05 
-5.91329e-05 
-5.93101e-05 
-5.94873e-05 
-5.96645e-05 
-5.98416e-05 
-6.00188e-05 
-6.01958e-05 
-6.03729e-05 
-6.05499e-05 
-6.07269e-05 
-6.09039e-05 
-6.10808e-05 
-6.12577e-05 
-6.14346e-05 
-6.16114e-05 
-6.17882e-05 
-6.1965e-05 
-6.21417e-05 
-6.23184e-05 
-6.24951e-05 
-6.26718e-05 
-6.28484e-05 
-6.3025e-05 
-6.32015e-05 
-6.3378e-05 
-6.35545e-05 
-6.3731e-05 
-6.39074e-05 
-6.40838e-05 
-6.42602e-05 
-6.44365e-05 
-6.46128e-05 
-6.4789e-05 
-6.49652e-05 
-6.51414e-05 
-6.53176e-05 
-6.54937e-05 
-6.56698e-05 
-6.58459e-05 
-6.60219e-05 
-6.61979e-05 
-6.63738e-05 
-6.65498e-05 
-6.67257e-05 
-6.69015e-05 
-6.70773e-05 
-6.72531e-05 
-6.74289e-05 
-6.76046e-05 
-6.77803e-05 
-6.79559e-05 
-6.81315e-05 
-6.83071e-05 
-6.84827e-05 
-6.86582e-05 
-6.88336e-05 
-6.90091e-05 
-6.91845e-05 
-6.93599e-05 
-6.95352e-05 
-6.97105e-05 
-6.98858e-05 
-7.0061e-05 
-7.02362e-05 
-7.04113e-05 
-7.05864e-05 
-7.07615e-05 
-7.09366e-05 
-7.11116e-05 
-7.12866e-05 
-7.14615e-05 
-7.16364e-05 
-7.18113e-05 
-7.19861e-05 
-7.21609e-05 
-7.23356e-05 
-7.25104e-05 
-7.2685e-05 
-7.28597e-05 
-7.30343e-05 
-7.32089e-05 
-7.33834e-05 
-7.35579e-05 
-7.37323e-05 
-7.39068e-05 
-7.40812e-05 
-7.42555e-05 
-7.44298e-05 
-7.46041e-05 
-7.47783e-05 
-7.49525e-05 
-7.51266e-05 
-7.53008e-05 
-7.54748e-05 
-7.56489e-05 
-7.58229e-05 
-7.59968e-05 
-7.61708e-05 
-7.63446e-05 
-7.65185e-05 
-7.66923e-05 
-7.68661e-05 
-7.70398e-05 
-7.72135e-05 
-7.73871e-05 
-7.75607e-05 
-7.77343e-05 
-7.79078e-05 
-7.80813e-05 
-7.82548e-05 
-7.84282e-05 
-7.86016e-05 
-7.87749e-05 
-7.89482e-05 
-7.91214e-05 
-7.92946e-05 
-7.94678e-05 
-7.96409e-05 
-7.9814e-05 
-7.99871e-05 
-8.01601e-05 
-8.0333e-05 
-8.0506e-05 
-8.06789e-05 
-8.08517e-05 
-8.10245e-05 
-8.11973e-05 
-8.137e-05 
-8.15427e-05 
-8.17153e-05 
-8.18879e-05 
-8.20604e-05 
-8.22329e-05 
-8.24054e-05 
-8.25778e-05 
-8.27502e-05 
-8.29226e-05 
-8.30949e-05 
-8.32671e-05 
-8.34393e-05 
-8.36115e-05 
-8.37836e-05 
-8.39557e-05 
-8.41278e-05 
-8.42998e-05 
-8.44717e-05 
-8.46436e-05 
-8.48155e-05 
-8.49873e-05 
-8.51591e-05 
-8.53309e-05 
-8.55026e-05 
-8.56742e-05 
-8.58458e-05 
-8.60174e-05 
-8.61889e-05 
-8.63604e-05 
-8.65318e-05 
-8.67032e-05 
-8.68746e-05 
-8.70459e-05 
-8.72171e-05 
-8.73883e-05 
-8.75595e-05 
-8.77306e-05 
-8.79017e-05 
-8.80727e-05 
-8.82437e-05 
-8.84147e-05 
-8.85856e-05 
-8.87564e-05 
-8.89272e-05 
-8.9098e-05 
-8.92687e-05 
-8.94394e-05 
-8.961e-05 
-8.97806e-05 
-8.99511e-05 
-9.01216e-05 
-9.02921e-05 
-9.04625e-05 
-9.06328e-05 
-9.08031e-05 
-9.09734e-05 
-9.11436e-05 
-9.13138e-05 
-9.14839e-05 
-9.16539e-05 
-9.1824e-05 
-9.1994e-05 
-9.21639e-05 
-9.23338e-05 
-9.25036e-05 
-9.26734e-05 
-9.28431e-05 
-9.30128e-05 
-9.31825e-05 
-9.33521e-05 
-9.35216e-05 
-9.36911e-05 
-9.38606e-05 
-9.403e-05 
-9.41994e-05 
-9.43687e-05 
-9.4538e-05 
-9.47072e-05 
-9.48763e-05 
-9.50455e-05 
-9.52145e-05 
-9.53836e-05 
-9.55525e-05 
-9.57215e-05 
-9.58903e-05 
-9.60592e-05 
-9.62279e-05 
-9.63967e-05 
-9.65654e-05 
-9.6734e-05 
-9.69026e-05 
-9.70711e-05 
-9.72396e-05 
-9.7408e-05 
-9.75764e-05 
-9.77447e-05 
-9.7913e-05 
-9.80813e-05 
-9.82494e-05 
-9.84176e-05 
-9.85857e-05 
-9.87537e-05 
-9.89217e-05 
-9.90896e-05 
-9.92575e-05 
-9.94253e-05 
-9.95931e-05 
-9.97608e-05 
-9.99285e-05 
-0.000100096 
-0.000100264 
-0.000100431 
-0.000100599 
-0.000100766 
-0.000100934 
-0.000101101 
-0.000101268 
-0.000101435 
-0.000101602 
-0.00010177 
-0.000101937 
-0.000102104 
-0.000102271 
-0.000102438 
-0.000102604 
-0.000102771 
-0.000102938 
-0.000103105 
-0.000103271 
-0.000103438 
-0.000103604 
-0.000103771 
-0.000103937 
-0.000104104 
-0.00010427 
-0.000104436 
-0.000104603 
-0.000104769 
-0.000104935 
-0.000105101 
-0.000105267 
-0.000105433 
-0.000105599 
-0.000105765 
-0.00010593 
-0.000106096 
-0.000106262 
-0.000106427 
-0.000106593 
-0.000106758 
-0.000106924 
-0.000107089 
-0.000107255 
-0.00010742 
-0.000107585 
-0.00010775 
-0.000107916 
-0.000108081 
-0.000108246 
-0.000108411 
-0.000108576 
-0.00010874 
-0.000108905 
-0.00010907 
-0.000109235 
-0.000109399 
-0.000109564 
-0.000109728 
-0.000109893 
-0.000110057 
-0.000110222 
-0.000110386 
-0.00011055 
-0.000110714 
-0.000110879 
-0.000111043 
-0.000111207 
-0.000111371 
-0.000111535 
-0.000111698 
-0.000111862 
-0.000112026 
-0.00011219 
-0.000112353 
-0.000112517 
-0.00011268 
-0.000112844 
-0.000113007 
-0.00011317 
-0.000113334 
-0.000113497 
-0.00011366 
-0.000113823 
-0.000113986 
-0.000114149 
-0.000114312 
-0.000114475 
-0.000114638 
-0.000114801 
-0.000114963 
-0.000115126 
-0.000115288 
-0.000115451 
-0.000115613 
-0.000115776 
-0.000115938 
-0.0001161 
-0.000116263 
-0.000116425 
-0.000116587 
-0.000116749 
-0.000116911 
-0.000117073 
-0.000117235 
-0.000117397 
-0.000117558 
-0.00011772 
-0.000117882 
-0.000118043 
-0.000118205 
-0.000118366 
-0.000118528 
-0.000118689 
-0.00011885 
-0.000119011 
-0.000119172 
-0.000119334 
-0.000119495 
-0.000119655 
-0.000119816 
-0.000119977 
-0.000120138 
-0.000120299 
-0.000120459 
-0.00012062 
-0.00012078 
-0.000120941 
-0.000121101 
-0.000121262 
-0.000121422 
-0.000121582 
-0.000121742 
-0.000121902 
-0.000122062 
-0.000122222 
-0.000122382 
-0.000122542 
-0.000122702 
-0.000122862 
-0.000123021 
-0.000123181 
-0.000123341 
-0.0001235 
-0.000123659 
-0.000123819 
-0.000123978 
-0.000124137 
-0.000124296 
-0.000124455 
-0.000124615 
-0.000124773 
-0.000124932 
-0.000125091 
-0.00012525 
-0.000125409 
-0.000125567 
-0.000125726 
-0.000125884 
-0.000126043 
-0.000126201 
-0.00012636 
-0.000126518 
-0.000126676 
-0.000126834 
-0.000126992 
-0.00012715 
-0.000127308 
-0.000127466 
-0.000127624 
-0.000127782 
-0.000127939 
-0.000128097 
-0.000128254 
-0.000128412 
-0.000128569 
-0.000128727 
-0.000128884 
-0.000129041 
-0.000129198 
-0.000129355 
-0.000129512 
-0.000129669 
-0.000129826 
-0.000129983 
-0.00013014 
-0.000130297 
-0.000130453 
-0.00013061 
-0.000130766 
-0.000130923 
-0.000131079 
-0.000131235 
-0.000131391 
-0.000131548 
-0.000131704 
-0.00013186 
-0.000132016 
-0.000132172 
-0.000132327 
-0.000132483 
-0.000132639 
-0.000132794 
-0.00013295 
-0.000133105 
-0.000133261 
-0.000133416 
-0.000133572 
-0.000133727 
-0.000133882 
-0.000134037 
-0.000134192 
-0.000134347 
-0.000134502 
-0.000134657 
-0.000134811 
-0.000134966 
-0.000135121 
-0.000135275 
-0.000135429 
-0.000135584 
-0.000135738 
-0.000135892 
-0.000136047 
-0.000136201 
-0.000136355 
-0.000136509 
-0.000136663 
-0.000136816 
-0.00013697 
-0.000137124 
-0.000137277 
-0.000137431 
-0.000137585 
-0.000137738 
-0.000137891 
-0.000138045 
-0.000138198 
-0.000138351 
-0.000138504 
-0.000138657 
-0.00013881 
-0.000138963 
-0.000139115 
-0.000139268 
-0.000139421 
-0.000139573 
-0.000139726 
-0.000139878 
-0.000140031 
-0.000140183 
-0.000140335 
-0.000140487 
-0.000140639 
-0.000140791 
-0.000140943 
-0.000141095 
-0.000141247 
-0.000141398 
-0.00014155 
-0.000141702 
-0.000141853 
-0.000142005 
-0.000142156 
-0.000142307 
-0.000142458 
-0.000142609 
-0.00014276 
-0.000142911 
-0.000143062 
-0.000143213 
-0.000143364 
-0.000143515 
-0.000143665 
-0.000143816 
-0.000143966 
-0.000144117 
-0.000144267 
-0.000144417 
-0.000144567 
-0.000144717 
-0.000144867 
-0.000145017 
-0.000145167 
-0.000145317 
-0.000145467 
-0.000145616 
-0.000145766 
-0.000145916 
-0.000146065 
-0.000146214 
-0.000146364 
-0.000146513 
-0.000146662 
-0.000146811 
-0.00014696 
-0.000147109 
-0.000147258 
-0.000147406 
-0.000147555 
-0.000147704 
-0.000147852 
-0.000148001 
-0.000148149 
-0.000148297 
-0.000148446 
-0.000148594 
-0.000148742 
-0.00014889 
-0.000149038 
-0.000149186 
-0.000149333 
-0.000149481 
-0.000149629 
-0.000149776 
-0.000149924 
-0.000150071 
-0.000150218 
-0.000150366 
-0.000150513 
-0.00015066 
-0.000150807 
-0.000150954 
-0.000151101 
-0.000151247 
-0.000151394 
-0.000151541 
-0.000151687 
-0.000151834 
-0.00015198 
-0.000152126 
-0.000152273 
-0.000152419 
-0.000152565 
-0.000152711 
-0.000152857 
-0.000153003 
-0.000153148 
-0.000153294 
-0.00015344 
-0.000153585 
-0.000153731 
-0.000153876 
-0.000154021 
-0.000154167 
-0.000154312 
-0.000154457 
-0.000154602 
-0.000154747 
-0.000154892 
-0.000155036 
-0.000155181 
-0.000155326 
-0.00015547 
-0.000155614 
-0.000155759 
-0.000155903 
-0.000156047 
-0.000156191 
-0.000156335 
-0.000156479 
-0.000156623 
-0.000156767 
-0.000156911 
-0.000157054 
-0.000157198 
-0.000157341 
-0.000157485 
-0.000157628 
-0.000157771 
-0.000157914 
-0.000158057 
-0.0001582 
-0.000158343 
-0.000158486 
-0.000158629 
-0.000158772 
-0.000158914 
-0.000159057 
-0.000159199 
-0.000159341 
-0.000159484 
-0.000159626 
-0.000159768 
-0.00015991 
-0.000160052 
-0.000160194 
-0.000160336 
-0.000160477 
-0.000160619 
-0.00016076 
-0.000160902 
-0.000161043 
-0.000161184 
-0.000161326 
-0.000161467 
-0.000161608 
-0.000161749 
-0.00016189 
-0.00016203 
-0.000162171 
-0.000162312 
-0.000162452 
-0.000162593 
-0.000162733 
-0.000162873 
-0.000163013 
-0.000163154 
-0.000163294 
-0.000163434 
-0.000163573 
-0.000163713 
-0.000163853 
-0.000163993 
-0.000164132 
-0.000164272 
-0.000164411 
-0.00016455 
-0.000164689 
-0.000164829 
-0.000164968 
-0.000165106 
-0.000165245 
-0.000165384 
-0.000165523 
-0.000165661 
-0.0001658 
-0.000165938 
-0.000166077 
-0.000166215 
-0.000166353 
-0.000166491 
-0.000166629 
-0.000166767 
-0.000166905 
-0.000167043 
-0.000167181 
-0.000167318 
-0.000167456 
-0.000167593 
-0.00016773 
-0.000167868 
-0.000168005 
-0.000168142 
-0.000168279 
-0.000168416 
-0.000168553 
-0.000168689 
-0.000168826 
-0.000168963 
-0.000169099 
-0.000169235 
-0.000169372 
-0.000169508 
-0.000169644 
-0.00016978 
-0.000169916 
-0.000170052 
-0.000170188 
-0.000170323 
-0.000170459 
-0.000170595 
-0.00017073 
-0.000170865 
-0.000171001 
-0.000171136 
-0.000171271 
-0.000171406 
-0.000171541 
-0.000171676 
-0.00017181 
-0.000171945 
-0.000172079 
-0.000172214 
-0.000172348 
-0.000172483 
-0.000172617 
-0.000172751 
-0.000172885 
-0.000173019 
-0.000173153 
-0.000173287 
-0.00017342 
-0.000173554 
-0.000173687 
-0.000173821 
-0.000173954 
-0.000174087 
-0.00017422 
-0.000174354 
-0.000174486 
-0.000174619 
-0.000174752 
-0.000174885 
-0.000175017 
-0.00017515 
-0.000175282 
-0.000175415 
-0.000175547 
-0.000175679 
-0.000175811 
-0.000175943 
-0.000176075 
-0.000176207 
-0.000176339 
-0.00017647 
-0.000176602 
-0.000176733 
-0.000176865 
-0.000176996 
-0.000177127 
-0.000177258 
-0.000177389 
-0.00017752 
-0.000177651 
-0.000177782 
-0.000177912 
-0.000178043 
-0.000178173 
-0.000178304 
-0.000178434 
-0.000178564 
-0.000178694 
-0.000178824 
-0.000178954 
-0.000179084 
-0.000179214 
-0.000179343 
-0.000179473 
-0.000179602 
-0.000179732 
-0.000179861 
-0.00017999 
-0.000180119 
-0.000180248 
-0.000180377 
-0.000180506 
-0.000180634 
-0.000180763 
-0.000180892 
-0.00018102 
-0.000181148 
-0.000181277 
-0.000181405 
-0.000181533 
-0.000181661 
-0.000181789 
-0.000181917 
-0.000182044 
-0.000182172 
-0.000182299 
-0.000182427 
-0.000182554 
-0.000182681 
-0.000182808 
-0.000182936 
-0.000183062 
-0.000183189 
-0.000183316 
-0.000183443 
-0.000183569 
-0.000183696 
-0.000183822 
-0.000183949 
-0.000184075 
-0.000184201 
-0.000184327 
-0.000184453 
-0.000184579 
-0.000184704 
-0.00018483 
-0.000184955 
-0.000185081 
-0.000185206 
-0.000185332 
-0.000185457 
-0.000185582 
-0.000185707 
-0.000185832 
-0.000185956 
-0.000186081 
-0.000186206 
-0.00018633 
-0.000186455 
-0.000186579 
-0.000186703 
-0.000186827 
-0.000186951 
-0.000187075 
-0.000187199 
-0.000187323 
-0.000187446 
-0.00018757 
-0.000187693 
-0.000187817 
-0.00018794 
-0.000188063 
-0.000188186 
-0.000188309 
-0.000188432 
-0.000188555 
-0.000188678 
-0.0001888 
-0.000188923 
-0.000189045 
-0.000189167 
-0.00018929 
-0.000189412 
-0.000189534 
-0.000189656 
-0.000189777 
-0.000189899 
-0.000190021 
-0.000190142 
-0.000190264 
-0.000190385 
-0.000190506 
-0.000190627 
-0.000190748 
-0.000190869 
-0.00019099 
-0.000191111 
-0.000191232 
-0.000191352 
-0.000191473 
-0.000191593 
-0.000191713 
-0.000191833 
-0.000191954 
-0.000192073 
-0.000192193 
-0.000192313 
-0.000192433 
-0.000192552 
-0.000192672 
-0.000192791 
-0.00019291 
-0.00019303 
-0.000193149 
-0.000193268 
-0.000193387 
-0.000193505 
-0.000193624 
-0.000193743 
-0.000193861 
-0.00019398 
-0.000194098 
-0.000194216 
-0.000194334 
-0.000194452 
-0.00019457 
-0.000194688 
-0.000194806 
-0.000194923 
-0.000195041 
-0.000195158 
-0.000195275 
-0.000195392 
-0.00019551 
-0.000195627 
-0.000195743 
-0.00019586 
-0.000195977 
-0.000196094 
-0.00019621 
-0.000196326 
-0.000196443 
-0.000196559 
-0.000196675 
-0.000196791 
-0.000196907 
-0.000197023 
-0.000197138 
-0.000197254 
-0.00019737 
-0.000197485 
-0.0001976 
-0.000197715 
-0.000197831 
-0.000197946 
-0.00019806 
-0.000198175 
-0.00019829 
-0.000198405 
-0.000198519 
-0.000198633 
-0.000198748 
-0.000198862 
-0.000198976 
-0.00019909 
-0.000199204 
-0.000199318 
-0.000199431 
-0.000199545 
-0.000199658 
-0.000199772 
-0.000199885 
-0.000199998 
-0.000200111 
-0.000200224 
-0.000200337 
-0.00020045 
-0.000200562 
-0.000200675 
-0.000200787 
-0.0002009 
-0.000201012 
-0.000201124 
-0.000201236 
-0.000201348 
-0.00020146 
-0.000201572 
-0.000201683 
-0.000201795 
-0.000201906 
-0.000202018 
-0.000202129 
-0.00020224 
-0.000202351 
-0.000202462 
-0.000202573 
-0.000202683 
-0.000202794 
-0.000202904 
-0.000203015 
-0.000203125 
-0.000203235 
-0.000203345 
-0.000203455 
-0.000203565 
-0.000203675 
-0.000203785 
-0.000203894 
-0.000204004 
-0.000204113 
-0.000204222 
-0.000204331 
-0.00020444 
-0.000204549 
-0.000204658 
-0.000204767 
-0.000204876 
-0.000204984 
-0.000205092 
-0.000205201 
-0.000205309 
-0.000205417 
-0.000205525 
-0.000205633 
-0.000205741 
-0.000205848 
-0.000205956 
-0.000206063 
-0.000206171 
-0.000206278 
-0.000206385 
-0.000206492 
-0.000206599 
-0.000206706 
-0.000206813 
-0.000206919 
-0.000207026 
-0.000207132 
-0.000207239 
-0.000207345 
-0.000207451 
-0.000207557 
-0.000207663 
-0.000207769 
-0.000207874 
-0.00020798 
-0.000208085 
-0.000208191 
-0.000208296 
-0.000208401 
-0.000208506 
-0.000208611 
-0.000208716 
-0.000208821 
-0.000208925 
-0.00020903 
-0.000209134 
-0.000209238 
-0.000209343 
-0.000209447 
-0.000209551 
-0.000209654 
-0.000209758 
-0.000209862 
-0.000209965 
-0.000210069 
-0.000210172 
-0.000210275 
-0.000210379 
-0.000210482 
-0.000210584 
-0.000210687 
-0.00021079 
-0.000210892 
-0.000210995 
-0.000211097 
-0.0002112 
-0.000211302 
-0.000211404 
-0.000211506 
-0.000211607 
-0.000211709 
-0.000211811 
-0.000211912 
-0.000212014 
-0.000212115 
-0.000212216 
-0.000212317 
-0.000212418 
-0.000212519 
-0.00021262 
-0.00021272 
-0.000212821 
-0.000212921 
-0.000213022 
-0.000213122 
-0.000213222 
-0.000213322 
-0.000213422 
-0.000213522 
-0.000213621 
-0.000213721 
-0.00021382 
-0.000213919 
-0.000214019 
-0.000214118 
-0.000214217 
-0.000214316 
-0.000214414 
-0.000214513 
-0.000214612 
-0.00021471 
-0.000214809 
-0.000214907 
-0.000215005 
-0.000215103 
-0.000215201 
-0.000215299 
-0.000215396 
-0.000215494 
-0.000215591 
-0.000215689 
-0.000215786 
-0.000215883 
-0.00021598 
-0.000216077 
-0.000216174 
-0.00021627 
-0.000216367 
-0.000216464 
-0.00021656 
-0.000216656 
-0.000216752 
-0.000216848 
-0.000216944 
-0.00021704 
-0.000217136 
-0.000217231 
-0.000217327 
-0.000217422 
-0.000217517 
-0.000217613 
-0.000217708 
-0.000217803 
-0.000217897 
-0.000217992 
-0.000218087 
-0.000218181 
-0.000218275 
-0.00021837 
-0.000218464 
-0.000218558 
-0.000218652 
-0.000218746 
-0.000218839 
-0.000218933 
-0.000219026 
-0.00021912 
-0.000219213 
-0.000219306 
-0.000219399 
-0.000219492 
-0.000219585 
-0.000219678 
-0.00021977 
-0.000219863 
-0.000219955 
-0.000220047 
-0.000220139 
-0.000220231 
-0.000220323 
-0.000220415 
-0.000220507 
-0.000220598 
-0.00022069 
-0.000220781 
-0.000220872 
-0.000220963 
-0.000221054 
-0.000221145 
-0.000221236 
-0.000221327 
-0.000221417 
-0.000221508 
-0.000221598 
-0.000221688 
-0.000221778 
-0.000221868 
-0.000221958 
-0.000222048 
-0.000222138 
-0.000222227 
-0.000222317 
-0.000222406 
-0.000222495 
-0.000222584 
-0.000222673 
-0.000222762 
-0.000222851 
-0.000222939 
-0.000223028 
-0.000223116 
-0.000223205 
-0.000223293 
-0.000223381 
-0.000223469 
-0.000223557 
-0.000223644 
-0.000223732 
-0.000223819 
-0.000223907 
-0.000223994 
-0.000224081 
-0.000224168 
-0.000224255 
-0.000224342 
-0.000224429 
-0.000224515 
-0.000224602 
-0.000224688 
-0.000224774 
-0.00022486 
-0.000224946 
-0.000225032 
-0.000225118 
-0.000225204 
-0.000225289 
-0.000225375 
-0.00022546 
-0.000225545 
-0.00022563 
-0.000225715 
-0.0002258 
-0.000225885 
-0.000225969 
-0.000226054 
-0.000226138 
-0.000226222 
-0.000226307 
-0.000226391 
-0.000226475 
-0.000226558 
-0.000226642 
-0.000226726 
-0.000226809 
-0.000226892 
-0.000226976 
-0.000227059 
-0.000227142 
-0.000227225 
-0.000227307 
-0.00022739 
-0.000227473 
-0.000227555 
-0.000227637 
-0.00022772 
-0.000227802 
-0.000227884 
-0.000227965 
-0.000228047 
-0.000228129 
-0.00022821 
-0.000228292 
-0.000228373 
-0.000228454 
-0.000228535 
-0.000228616 
-0.000228697 
-0.000228777 
-0.000228858 
-0.000228938 
-0.000229019 
-0.000229099 
-0.000229179 
-0.000229259 
-0.000229339 
-0.000229419 
-0.000229498 
-0.000229578 
-0.000229657 
-0.000229736 
-0.000229816 
-0.000229895 
-0.000229974 
-0.000230052 
-0.000230131 
-0.00023021 
-0.000230288 
-0.000230366 
-0.000230445 
-0.000230523 
-0.000230601 
-0.000230679 
-0.000230756 
-0.000230834 
-0.000230911 
-0.000230989 
-0.000231066 
-0.000231143 
-0.00023122 
-0.000231297 
-0.000231374 
-0.000231451 
-0.000231527 
-0.000231604 
-0.00023168 
-0.000231756 
-0.000231832 
-0.000231908 
-0.000231984 
-0.00023206 
-0.000232135 
-0.000232211 
-0.000232286 
-0.000232362 
-0.000232437 
-0.000232512 
-0.000232587 
-0.000232661 
-0.000232736 
-0.000232811 
-0.000232885 
-0.000232959 
-0.000233034 
-0.000233108 
-0.000233182 
-0.000233256 
-0.000233329 
-0.000233403 
-0.000233476 
-0.00023355 
-0.000233623 
-0.000233696 
-0.000233769 
-0.000233842 
-0.000233915 
-0.000233987 
-0.00023406 
-0.000234132 
-0.000234205 
-0.000234277 
-0.000234349 
-0.000234421 
-0.000234493 
-0.000234564 
-0.000234636 
-0.000234707 
-0.000234779 
-0.00023485 
-0.000234921 
-0.000234992 
-0.000235063 
-0.000235133 
-0.000235204 
-0.000235275 
-0.000235345 
-0.000235415 
-0.000235485 
-0.000235555 
-0.000235625 
-0.000235695 
-0.000235765 
-0.000235834 
-0.000235904 
-0.000235973 
-0.000236042 
-0.000236111 
-0.00023618 
-0.000236249 
-0.000236318 
-0.000236386 
-0.000236455 
-0.000236523 
-0.000236591 
-0.000236659 
-0.000236727 
-0.000236795 
-0.000236863 
-0.00023693 
-0.000236998 
-0.000237065 
-0.000237132 
-0.000237199 
-0.000237266 
-0.000237333 
-0.0002374 
-0.000237467 
-0.000237533 
-0.0002376 
-0.000237666 
-0.000237732 
-0.000237798 
-0.000237864 
-0.00023793 
-0.000237995 
-0.000238061 
-0.000238126 
-0.000238192 
-0.000238257 
-0.000238322 
-0.000238387 
-0.000238452 
-0.000238516 
-0.000238581 
-0.000238645 
-0.00023871 
-0.000238774 
-0.000238838 
-0.000238902 
-0.000238966 
-0.000239029 
-0.000239093 
-0.000239157 
-0.00023922 
-0.000239283 
-0.000239346 
-0.000239409 
-0.000239472 
-0.000239535 
-0.000239597 
-0.00023966 
-0.000239722 
-0.000239785 
-0.000239847 
-0.000239909 
-0.000239971 
-0.000240032 
-0.000240094 
-0.000240156 
-0.000240217 
-0.000240278 
-0.000240339 
-0.0002404 
-0.000240461 
-0.000240522 
-0.000240583 
-0.000240643 
-0.000240704 
-0.000240764 
-0.000240824 
-0.000240884 
-0.000240944 
-0.000241004 
-0.000241064 
-0.000241123 
-0.000241183 
-0.000241242 
-0.000241301 
-0.00024136 
-0.000241419 
-0.000241478 
-0.000241536 
-0.000241595 
-0.000241654 
-0.000241712 
-0.00024177 
-0.000241828 
-0.000241886 
-0.000241944 
-0.000242002 
-0.000242059 
-0.000242117 
-0.000242174 
-0.000242231 
-0.000242288 
-0.000242345 
-0.000242402 
-0.000242459 
-0.000242515 
-0.000242572 
-0.000242628 
-0.000242684 
-0.00024274 
-0.000242796 
-0.000242852 
-0.000242908 
-0.000242964 
-0.000243019 
-0.000243074 
-0.00024313 
-0.000243185 
-0.00024324 
-0.000243295 
-0.000243349 
-0.000243404 
-0.000243458 
-0.000243513 
-0.000243567 
-0.000243621 
-0.000243675 
-0.000243729 
-0.000243783 
-0.000243836 
-0.00024389 
-0.000243943 
-0.000243996 
-0.00024405 
-0.000244103 
-0.000244155 
-0.000244208 
-0.000244261 
-0.000244313 
-0.000244366 
-0.000244418 
-0.00024447 
-0.000244522 
-0.000244574 
-0.000244626 
-0.000244677 
-0.000244729 
-0.00024478 
-0.000244831 
-0.000244882 
-0.000244933 
-0.000244984 
-0.000245035 
-0.000245086 
-0.000245136 
-0.000245187 
-0.000245237 
-0.000245287 
-0.000245337 
-0.000245387 
-0.000245437 
-0.000245486 
-0.000245536 
-0.000245585 
-0.000245634 
-0.000245683 
-0.000245732 
-0.000245781 
-0.00024583 
-0.000245879 
-0.000245927 
-0.000245975 
-0.000246024 
-0.000246072 
-0.00024612 
-0.000246168 
-0.000246215 
-0.000246263 
-0.000246311 
-0.000246358 
-0.000246405 
-0.000246452 
-0.000246499 
-0.000246546 
-0.000246593 
-0.000246639 
-0.000246686 
-0.000246732 
-0.000246778 
-0.000246825 
-0.000246871 
-0.000246916 
-0.000246962 
-0.000247008 
-0.000247053 
-0.000247099 
-0.000247144 
-0.000247189 
-0.000247234 
-0.000247279 
-0.000247323 
-0.000247368 
-0.000247412 
-0.000247457 
-0.000247501 
-0.000247545 
-0.000247589 
-0.000247633 
-0.000247677 
-0.00024772 
-0.000247764 
-0.000247807 
-0.00024785 
-0.000247893 
-0.000247936 
-0.000247979 
-0.000248022 
-0.000248064 
-0.000248107 
-0.000248149 
-0.000248191 
-0.000248233 
-0.000248275 
-0.000248317 
-0.000248359 
-0.0002484 
-0.000248442 
-0.000248483 
-0.000248524 
-0.000248565 
-0.000248606 
-0.000248647 
-0.000248688 
-0.000248728 
-0.000248769 
-0.000248809 
-0.000248849 
-0.000248889 
-0.000248929 
-0.000248969 
-0.000249008 
-0.000249048 
-0.000249087 
-0.000249127 
-0.000249166 
-0.000249205 
-0.000249244 
-0.000249282 
-0.000249321 
-0.00024936 
-0.000249398 
-0.000249436 
-0.000249474 
-0.000249512 
-0.00024955 
-0.000249588 
-0.000249626 
-0.000249663 
-0.0002497 
-0.000249738 
-0.000249775 
-0.000249812 
-0.000249849 
-0.000249885 
-0.000249922 
-0.000249958 
-0.000249995 
-0.000250031 
-0.000250067 
-0.000250103 
-0.000250139 
-0.000250174 
-0.00025021 
-0.000250246 
-0.000250281 
-0.000250316 
-0.000250351 
-0.000250386 
-0.000250421 
-0.000250456 
-0.00025049 
-0.000250525 
-0.000250559 
-0.000250593 
-0.000250627 
-0.000250661 
-0.000250695 
-0.000250728 
-0.000250762 
-0.000250795 
-0.000250829 
-0.000250862 
-0.000250895 
-0.000250928 
-0.00025096 
-0.000250993 
-0.000251026 
-0.000251058 
-0.00025109 
-0.000251122 
-0.000251154 
-0.000251186 
-0.000251218 
-0.00025125 
-0.000251281 
-0.000251312 
-0.000251344 
-0.000251375 
-0.000251406 
-0.000251437 
-0.000251467 
-0.000251498 
-0.000251528 
-0.000251559 
-0.000251589 
-0.000251619 
-0.000251649 
-0.000251679 
-0.000251708 
-0.000251738 
-0.000251767 
-0.000251797 
-0.000251826 
-0.000251855 
-0.000251884 
-0.000251913 
-0.000251941 
-0.00025197 
-0.000251998 
-0.000252026 
-0.000252055 
-0.000252083 
-0.00025211 
-0.000252138 
-0.000252166 
-0.000252193 
-0.000252221 
-0.000252248 
-0.000252275 
-0.000252302 
-0.000252329 
-0.000252356 
-0.000252382 
-0.000252409 
-0.000252435 
-0.000252461 
-0.000252487 
-0.000252513 
-0.000252539 
-0.000252565 
-0.00025259 
-0.000252616 
-0.000252641 
-0.000252666 
-0.000252691 
-0.000252716 
-0.000252741 
-0.000252766 
-0.00025279 
-0.000252815 
-0.000252839 
-0.000252863 
-0.000252887 
-0.000252911 
-0.000252935 
-0.000252959 
-0.000252982 
-0.000253005 
-0.000253029 
-0.000253052 
-0.000253075 
-0.000253098 
-0.00025312 
-0.000253143 
-0.000253165 
-0.000253188 
-0.00025321 
-0.000253232 
-0.000253254 
-0.000253276 
-0.000253298 
-0.000253319 
-0.000253341 
-0.000253362 
-0.000253383 
-0.000253404 
-0.000253425 
-0.000253446 
-0.000253467 
-0.000253487 
-0.000253507 
-0.000253528 
-0.000253548 
-0.000253568 
-0.000253588 
-0.000253608 
-0.000253627 
-0.000253647 
-0.000253666 
-0.000253685 
-0.000253704 
-0.000253723 
-0.000253742 
-0.000253761 
-0.00025378 
-0.000253798 
-0.000253816 
-0.000253835 
-0.000253853 
-0.000253871 
-0.000253888 
-0.000253906 
-0.000253924 
-0.000253941 
-0.000253958 
-0.000253976 
-0.000253993 
-0.00025401 
-0.000254026 
-0.000254043 
-0.000254059 
-0.000254076 
-0.000254092 
-0.000254108 
-0.000254124 
-0.00025414 
-0.000254156 
-0.000254171 
-0.000254187 
-0.000254202 
-0.000254218 
-0.000254233 
-0.000254248 
-0.000254262 
-0.000254277 
-0.000254292 
-0.000254306 
-0.000254321 
-0.000254335 
-0.000254349 
-0.000254363 
-0.000254376 
-0.00025439 
-0.000254404 
-0.000254417 
-0.00025443 
-0.000254444 
-0.000254457 
-0.000254469 
-0.000254482 
-0.000254495 
-0.000254507 
-0.00025452 
-0.000254532 
-0.000254544 
-0.000254556 
-0.000254568 
-0.00025458 
-0.000254591 
-0.000254603 
-0.000254614 
-0.000254625 
-0.000254636 
-0.000254647 
-0.000254658 
-0.000254669 
-0.000254679 
-0.00025469 
-0.0002547 
-0.00025471 
-0.00025472 
-0.00025473 
-0.00025474 
-0.000254749 
-0.000254759 
-0.000254768 
-0.000254778 
-0.000254787 
-0.000254796 
-0.000254805 
-0.000254813 
-0.000254822 
-0.00025483 
-0.000254839 
-0.000254847 
-0.000254855 
-0.000254863 
-0.000254871 
-0.000254878 
-0.000254886 
-0.000254893 
-0.000254901 
-0.000254908 
-0.000254915 
-0.000254922 
-0.000254929 
-0.000254935 
-0.000254942 
-0.000254948 
-0.000254955 
-0.000254961 
-0.000254967 
-0.000254973 
-0.000254978 
-0.000254984 
-0.000254989 
-0.000254995 
-0.000255 
-0.000255005 
-0.00025501 
-0.000255015 
-0.000255019 
-0.000255024 
-0.000255029 
-0.000255033 
-0.000255037 
-0.000255041 
-0.000255045 
-0.000255049 
-0.000255052 
-0.000255056 
-0.000255059 
-0.000255063 
-0.000255066 
-0.000255069 
-0.000255072 
-0.000255074 
-0.000255077 
-0.000255079 
-0.000255082 
-0.000255084 
-0.000255086 
-0.000255088 
-0.00025509 
-0.000255092 
-0.000255093 
-0.000255095 
-0.000255096 
-0.000255097 
-0.000255098 
-0.000255099 
-0.0002551 
-0.000255101 
-0.000255101 
-0.000255102 
-0.000255102 
-0.000255102 
-0.000255102 
-0.000255102 
-0.000255102 
-0.000255101 
-0.000255101 
-0.0002551 
-0.000255099 
-0.000255098 
-0.000255097 
-0.000255096 
-0.000255095 
-0.000255094 
-0.000255092 
-0.00025509 
-0.000255089 
-0.000255087 
-0.000255085 
-0.000255082 
-0.00025508 
-0.000255078 
-0.000255075 
-0.000255072 
-0.000255069 
-0.000255066 
-0.000255063 
-0.00025506 
-0.000255057 
-0.000255053 
-0.00025505 
-0.000255046 
-0.000255042 
-0.000255038 
-0.000255034 
-0.00025503 
-0.000255025 
-0.000255021 
-0.000255016 
-0.000255011 
-0.000255006 
-0.000255001 
-0.000254996 
-0.000254991 
-0.000254985 
-0.00025498 
-0.000254974 
-0.000254968 
-0.000254962 
-0.000254956 
-0.00025495 
-0.000254943 
-0.000254937 
-0.00025493 
-0.000254923 
-0.000254917 
-0.00025491 
-0.000254902 
-0.000254895 
-0.000254888 
-0.00025488 
-0.000254873 
-0.000254865 
-0.000254857 
-0.000254849 
-0.000254841 
-0.000254832 
-0.000254824 
-0.000254815 
-0.000254807 
-0.000254798 
-0.000254789 
-0.00025478 
-0.00025477 
-0.000254761 
-0.000254752 
-0.000254742 
-0.000254732 
-0.000254722 
-0.000254712 
-0.000254702 
-0.000254692 
-0.000254682 
-0.000254671 
-0.00025466 
-0.00025465 
-0.000254639 
-0.000254628 
-0.000254617 
-0.000254605 
-0.000254594 
-0.000254582 
-0.000254571 
-0.000254559 
-0.000254547 
-0.000254535 
-0.000254523 
-0.00025451 
-0.000254498 
-0.000254485 
-0.000254472 
-0.00025446 
-0.000254447 
-0.000254433 
-0.00025442 
-0.000254407 
-0.000254393 
-0.00025438 
-0.000254366 
-0.000254352 
-0.000254338 
-0.000254324 
-0.000254309 
-0.000254295 
-0.000254281 
-0.000254266 
-0.000254251 
-0.000254236 
-0.000254221 
-0.000254206 
-0.000254191 
-0.000254175 
-0.000254159 
-0.000254144 
-0.000254128 
-0.000254112 
-0.000254096 
-0.00025408 
-0.000254063 
-0.000254047 
-0.00025403 
-0.000254013 
-0.000253997 
-0.000253979 
-0.000253962 
-0.000253945 
-0.000253928 
-0.00025391 
-0.000253893 
-0.000253875 
-0.000253857 
-0.000253839 
-0.000253821 
-0.000253802 
-0.000253784 
-0.000253765 
-0.000253747 
-0.000253728 
-0.000253709 
-0.00025369 
-0.00025367 
-0.000253651 
-0.000253632 
-0.000253612 
-0.000253592 
-0.000253572 
-0.000253553 
-0.000253532 
-0.000253512 
-0.000253492 
-0.000253471 
-0.000253451 
-0.00025343 
-0.000253409 
-0.000253388 
-0.000253367 
-0.000253346 
-0.000253324 
-0.000253303 
-0.000253281 
-0.000253259 
-0.000253237 
-0.000253215 
-0.000253193 
-0.000253171 
-0.000253148 
-0.000253126 
-0.000253103 
-0.00025308 
-0.000253057 
-0.000253034 
-0.000253011 
-0.000252987 
-0.000252964 
-0.00025294 
-0.000252917 
-0.000252893 
-0.000252869 
-0.000252845 
-0.00025282 
-0.000252796 
-0.000252771 
-0.000252747 
-0.000252722 
-0.000252697 
-0.000252672 
-0.000252647 
-0.000252622 
-0.000252596 
-0.000252571 
-0.000252545 
-0.000252519 
-0.000252493 
-0.000252467 
-0.000252441 
-0.000252415 
-0.000252388 
-0.000252362 
-0.000252335 
-0.000252308 
-0.000252281 
-0.000252254 
-0.000252227 
-0.0002522 
-0.000252172 
-0.000252145 
-0.000252117 
-0.000252089 
-0.000252061 
-0.000252033 
-0.000252005 
-0.000251976 
-0.000251948 
-0.000251919 
-0.00025189 
-0.000251862 
-0.000251832 
-0.000251803 
-0.000251774 
-0.000251745 
-0.000251715 
-0.000251685 
-0.000251656 
-0.000251626 
-0.000251596 
-0.000251566 
-0.000251535 
-0.000251505 
-0.000251474 
-0.000251444 
-0.000251413 
-0.000251382 
-0.000251351 
-0.00025132 
-0.000251288 
-0.000251257 
-0.000251225 
-0.000251194 
-0.000251162 
-0.00025113 
-0.000251098 
-0.000251065 
-0.000251033 
-0.000251001 
-0.000250968 
-0.000250935 
-0.000250902 
-0.000250869 
-0.000250836 
-0.000250803 
-0.00025077 
-0.000250736 
-0.000250702 
-0.000250669 
-0.000250635 
-0.000250601 
-0.000250567 
-0.000250532 
-0.000250498 
-0.000250463 
-0.000250429 
-0.000250394 
-0.000250359 
-0.000250324 
-0.000250289 
-0.000250254 
-0.000250218 
-0.000250183 
-0.000250147 
-0.000250111 
-0.000250075 
-0.000250039 
-0.000250003 
-0.000249967 
-0.00024993 
-0.000249894 
-0.000249857 
-0.00024982 
-0.000249783 
-0.000249746 
-0.000249709 
-0.000249672 
-0.000249634 
-0.000249597 
-0.000249559 
-0.000249521 
-0.000249483 
-0.000249445 
-0.000249407 
-0.000249368 
-0.00024933 
-0.000249291 
-0.000249253 
-0.000249214 
-0.000249175 
-0.000249136 
-0.000249096 
-0.000249057 
-0.000249017 
-0.000248978 
-0.000248938 
-0.000248898 
-0.000248858 
-0.000248818 
-0.000248778 
-0.000248737 
-0.000248697 
-0.000248656 
-0.000248616 
-0.000248575 
-0.000248534 
-0.000248492 
-0.000248451 
-0.00024841 
-0.000248368 
-0.000248327 
-0.000248285 
-0.000248243 
-0.000248201 
-0.000248159 
-0.000248116 
-0.000248074 
-0.000248031 
-0.000247989 
-0.000247946 
-0.000247903 
-0.00024786 
-0.000247817 
-0.000247774 
-0.00024773 
-0.000247687 
-0.000247643 
-0.000247599 
-0.000247555 
-0.000247511 
-0.000247467 
-0.000247423 
-0.000247378 
-0.000247334 
-0.000247289 
-0.000247244 
-0.000247199 
-0.000247154 
-0.000247109 
-0.000247064 
-0.000247018 
-0.000246973 
-0.000246927 
-0.000246881 
-0.000246835 
-0.000246789 
-0.000246743 
-0.000246697 
-0.00024665 
-0.000246604 
-0.000246557 
-0.00024651 
-0.000246463 
-0.000246416 
-0.000246369 
-0.000246321 
-0.000246274 
-0.000246226 
-0.000246179 
-0.000246131 
-0.000246083 
-0.000246035 
-0.000245987 
-0.000245938 
-0.00024589 
-0.000245841 
-0.000245792 
-0.000245744 
-0.000245695 
-0.000245646 
-0.000245596 
-0.000245547 
-0.000245498 
-0.000245448 
-0.000245398 
-0.000245348 
-0.000245298 
-0.000245248 
-0.000245198 
-0.000245148 
-0.000245097 
-0.000245047 
-0.000244996 
-0.000244945 
-0.000244894 
-0.000244843 
-0.000244792 
-0.000244741 
-0.000244689 
-0.000244638 
-0.000244586 
-0.000244534 
-0.000244482 
-0.00024443 
-0.000244378 
-0.000244325 
-0.000244273 
-0.00024422 
-0.000244168 
-0.000244115 
-0.000244062 
-0.000244009 
-0.000243955 
-0.000243902 
-0.000243849 
-0.000243795 
-0.000243741 
-0.000243688 
-0.000243634 
-0.000243579 
-0.000243525 
-0.000243471 
-0.000243416 
-0.000243362 
-0.000243307 
-0.000243252 
-0.000243197 
-0.000243142 
-0.000243087 
-0.000243032 
-0.000242976 
-0.000242921 
-0.000242865 
-0.000242809 
-0.000242753 
-0.000242697 
-0.000242641 
-0.000242585 
-0.000242528 
-0.000242472 
-0.000242415 
-0.000242358 
-0.000242301 
-0.000242244 
-0.000242187 
-0.00024213 
-0.000242072 
-0.000242015 
-0.000241957 
-0.000241899 
-0.000241841 
-0.000241783 
-0.000241725 
-0.000241667 
-0.000241609 
-0.00024155 
-0.000241491 
-0.000241433 
-0.000241374 
-0.000241315 
-0.000241255 
-0.000241196 
-0.000241137 
-0.000241077 
-0.000241018 
-0.000240958 
-0.000240898 
-0.000240838 
-0.000240778 
-0.000240717 
-0.000240657 
-0.000240597 
-0.000240536 
-0.000240475 
-0.000240414 
-0.000240353 
-0.000240292 
-0.000240231 
-0.00024017 
-0.000240108 
-0.000240047 
-0.000239985 
-0.000239923 
-0.000239861 
-0.000239799 
-0.000239737 
-0.000239674 
-0.000239612 
-0.000239549 
-0.000239487 
-0.000239424 
-0.000239361 
-0.000239298 
-0.000239234 
-0.000239171 
-0.000239108 
-0.000239044 
-0.00023898 
-0.000238917 
-0.000238853 
-0.000238789 
-0.000238724 
-0.00023866 
-0.000238596 
-0.000238531 
-0.000238467 
-0.000238402 
-0.000238337 
-0.000238272 
-0.000238207 
-0.000238141 
-0.000238076 
-0.00023801 
-0.000237945 
-0.000237879 
-0.000237813 
-0.000237747 
-0.000237681 
-0.000237615 
-0.000237548 
-0.000237482 
-0.000237415 
-0.000237349 
-0.000237282 
-0.000237215 
-0.000237148 
-0.000237081 
-0.000237013 
-0.000236946 
-0.000236878 
-0.000236811 
-0.000236743 
-0.000236675 
-0.000236607 
-0.000236539 
-0.00023647 
-0.000236402 
-0.000236333 
-0.000236265 
-0.000236196 
-0.000236127 
-0.000236058 
-0.000235989 
-0.000235919 
-0.00023585 
-0.000235781 
-0.000235711 
-0.000235641 
-0.000235571 
-0.000235501 
-0.000235431 
-0.000235361 
-0.000235291 
-0.00023522 
-0.00023515 
-0.000235079 
-0.000235008 
-0.000234937 
-0.000234866 
-0.000234795 
-0.000234724 
-0.000234652 
-0.000234581 
-0.000234509 
-0.000234437 
-0.000234365 
-0.000234293 
-0.000234221 
-0.000234149 
-0.000234077 
-0.000234004 
-0.000233931 
-0.000233859 
-0.000233786 
-0.000233713 
-0.00023364 
-0.000233567 
-0.000233493 
-0.00023342 
-0.000233346 
-0.000233272 
-0.000233199 
-0.000233125 
-0.000233051 
-0.000232977 
-0.000232902 
-0.000232828 
-0.000232753 
-0.000232679 
-0.000232604 
-0.000232529 
-0.000232454 
-0.000232379 
-0.000232304 
-0.000232228 
-0.000232153 
-0.000232077 
-0.000232002 
-0.000231926 
-0.00023185 
-0.000231774 
-0.000231697 
-0.000231621 
-0.000231545 
-0.000231468 
-0.000231392 
-0.000231315 
-0.000231238 
-0.000231161 
-0.000231084 
-0.000231007 
-0.000230929 
-0.000230852 
-0.000230774 
-0.000230696 
-0.000230619 
-0.000230541 
-0.000230463 
-0.000230384 
-0.000230306 
-0.000230228 
-0.000230149 
-0.00023007 
-0.000229992 
-0.000229913 
-0.000229834 
-0.000229755 
-0.000229675 
-0.000229596 
-0.000229517 
-0.000229437 
-0.000229357 
-0.000229277 
-0.000229197 
-0.000229117 
-0.000229037 
-0.000228957 
-0.000228876 
-0.000228796 
-0.000228715 
-0.000228635 
-0.000228554 
-0.000228473 
-0.000228392 
-0.00022831 
-0.000228229 
-0.000228147 
-0.000228066 
-0.000227984 
-0.000227902 
-0.00022782 
-0.000227738 
-0.000227656 
-0.000227574 
-0.000227492 
-0.000227409 
-0.000227326 
-0.000227244 
-0.000227161 
-0.000227078 
-0.000226995 
-0.000226912 
-0.000226828 
-0.000226745 
-0.000226661 
-0.000226578 
-0.000226494 
-0.00022641 
-0.000226326 
-0.000226242 
-0.000226158 
-0.000226073 
-0.000225989 
-0.000225904 
-0.000225819 
-0.000225735 
-0.00022565 
-0.000225565 
-0.000225479 
-0.000225394 
-0.000225309 
-0.000225223 
-0.000225138 
-0.000225052 
-0.000224966 
-0.00022488 
-0.000224794 
-0.000224708 
-0.000224621 
-0.000224535 
-0.000224448 
-0.000224362 
-0.000224275 
-0.000224188 
-0.000224101 
-0.000224014 
-0.000223927 
-0.000223839 
-0.000223752 
-0.000223664 
-0.000223577 
-0.000223489 
-0.000223401 
-0.000223313 
-0.000223225 
-0.000223137 
-0.000223048 
-0.00022296 
-0.000222871 
-0.000222782 
-0.000222694 
-0.000222605 
-0.000222516 
-0.000222426 
-0.000222337 
-0.000222248 
-0.000222158 
-0.000222069 
-0.000221979 
-0.000221889 
-0.000221799 
-0.000221709 
-0.000221619 
-0.000221528 
-0.000221438 
-0.000221348 
-0.000221257 
-0.000221166 
-0.000221075 
-0.000220984 
-0.000220893 
-0.000220802 
-0.000220711 
-0.000220619 
-0.000220528 
-0.000220436 
-0.000220344 
-0.000220252 
-0.00022016 
-0.000220068 
-0.000219976 
-0.000219884 
-0.000219791 
-0.000219699 
-0.000219606 
-0.000219513 
-0.00021942 
-0.000219327 
-0.000219234 
-0.000219141 
-0.000219048 
-0.000218954 
-0.000218861 
-0.000218767 
-0.000218673 
-0.000218579 
-0.000218485 
-0.000218391 
-0.000218297 
-0.000218203 
-0.000218108 
-0.000218014 
-0.000217919 
-0.000217824 
-0.000217729 
-0.000217634 
-0.000217539 
-0.000217444 
-0.000217349 
-0.000217253 
-0.000217158 
-0.000217062 
-0.000216966 
-0.00021687 
-0.000216774 
-0.000216678 
-0.000216582 
-0.000216486 
-0.000216389 
-0.000216293 
-0.000216196 
-0.000216099 
-0.000216002 
-0.000215905 
-0.000215808 
-0.000215711 
-0.000215614 
-0.000215516 
-0.000215419 
-0.000215321 
-0.000215223 
-0.000215125 
-0.000215027 
-0.000214929 
-0.000214831 
-0.000214733 
-0.000214634 
-0.000214536 
-0.000214437 
-0.000214338 
-0.00021424 
-0.000214141 
-0.000214041 
-0.000213942 
-0.000213843 
-0.000213744 
-0.000213644 
-0.000213544 
-0.000213445 
-0.000213345 
-0.000213245 
-0.000213145 
-0.000213045 
-0.000212944 
-0.000212844 
-0.000212743 
-0.000212643 
-0.000212542 
-0.000212441 
-0.00021234 
-0.000212239 
-0.000212138 
-0.000212037 
-0.000211936 
-0.000211834 
-0.000211733 
-0.000211631 
-0.000211529 
-0.000211427 
-0.000211325 
-0.000211223 
-0.000211121 
-0.000211018 
-0.000210916 
-0.000210813 
-0.000210711 
-0.000210608 
-0.000210505 
-0.000210402 
-0.000210299 
-0.000210196 
-0.000210093 
-0.000209989 
-0.000209886 
-0.000209782 
-0.000209678 
-0.000209574 
-0.000209471 
-0.000209366 
-0.000209262 
-0.000209158 
-0.000209054 
-0.000208949 
-0.000208845 
-0.00020874 
-0.000208635 
-0.00020853 
-0.000208425 
-0.00020832 
-0.000208215 
-0.00020811 
-0.000208004 
-0.000207899 
-0.000207793 
-0.000207687 
-0.000207581 
-0.000207475 
-0.000207369 
-0.000207263 
-0.000207157 
-0.00020705 
-0.000206944 
-0.000206837 
-0.000206731 
-0.000206624 
-0.000206517 
-0.00020641 
-0.000206303 
-0.000206195 
-0.000206088 
-0.000205981 
-0.000205873 
-0.000205765 
-0.000205658 
-0.00020555 
-0.000205442 
-0.000205334 
-0.000205226 
-0.000205117 
-0.000205009 
-0.0002049 
-0.000204792 
-0.000204683 
-0.000204574 
-0.000204465 
-0.000204356 
-0.000204247 
-0.000204138 
-0.000204029 
-0.000203919 
-0.00020381 
-0.0002037 
-0.00020359 
-0.000203481 
-0.000203371 
-0.000203261 
-0.00020315 
-0.00020304 
-0.00020293 
-0.000202819 
-0.000202709 
-0.000202598 
-0.000202487 
-0.000202376 
-0.000202265 
-0.000202154 
-0.000202043 
-0.000201932 
-0.00020182 
-0.000201709 
-0.000201597 
-0.000201486 
-0.000201374 
-0.000201262 
-0.00020115 
-0.000201038 
-0.000200926 
-0.000200813 
-0.000200701 
-0.000200588 
-0.000200476 
-0.000200363 
-0.00020025 
-0.000200137 
-0.000200024 
-0.000199911 
-0.000199798 
-0.000199684 
-0.000199571 
-0.000199457 
-0.000199344 
-0.00019923 
-0.000199116 
-0.000199002 
-0.000198888 
-0.000198774 
-0.00019866 
-0.000198545 
-0.000198431 
-0.000198316 
-0.000198202 
-0.000198087 
-0.000197972 
-0.000197857 
-0.000197742 
-0.000197627 
-0.000197511 
-0.000197396 
-0.000197281 
-0.000197165 
-0.000197049 
-0.000196934 
-0.000196818 
-0.000196702 
-0.000196586 
-0.000196469 
-0.000196353 
-0.000196237 
-0.00019612 
-0.000196004 
-0.000195887 
-0.00019577 
-0.000195653 
-0.000195536 
-0.000195419 
-0.000195302 
-0.000195185 
-0.000195068 
-0.00019495 
-0.000194833 
-0.000194715 
-0.000194597 
-0.000194479 
-0.000194361 
-0.000194243 
-0.000194125 
-0.000194007 
-0.000193888 
-0.00019377 
-0.000193651 
-0.000193533 
-0.000193414 
-0.000193295 
-0.000193176 
-0.000193057 
-0.000192938 
-0.000192819 
-0.000192699 
-0.00019258 
-0.00019246 
-0.000192341 
-0.000192221 
-0.000192101 
-0.000191981 
-0.000191861 
-0.000191741 
-0.000191621 
-0.0001915 
-0.00019138 
-0.000191259 
-0.000191139 
-0.000191018 
-0.000190897 
-0.000190776 
-0.000190655 
-0.000190534 
-0.000190413 
-0.000190292 
-0.00019017 
-0.000190049 
-0.000189927 
-0.000189805 
-0.000189684 
-0.000189562 
-0.00018944 
-0.000189318 
-0.000189195 
-0.000189073 
-0.000188951 
-0.000188828 
-0.000188706 
-0.000188583 
-0.00018846 
-0.000188338 
-0.000188215 
-0.000188092 
-0.000187968 
-0.000187845 
-0.000187722 
-0.000187598 
-0.000187475 
-0.000187351 
-0.000187227 
-0.000187104 
-0.00018698 
-0.000186856 
-0.000186732 
-0.000186607 
-0.000186483 
-0.000186359 
-0.000186234 
-0.00018611 
-0.000185985 
-0.00018586 
-0.000185735 
-0.00018561 
-0.000185485 
-0.00018536 
-0.000185235 
-0.00018511 
-0.000184984 
-0.000184859 
-0.000184733 
-0.000184607 
-0.000184482 
-0.000184356 
-0.00018423 
-0.000184104 
-0.000183977 
-0.000183851 
-0.000183725 
-0.000183598 
-0.000183472 
-0.000183345 
-0.000183218 
-0.000183092 
-0.000182965 
-0.000182838 
-0.000182711 
-0.000182583 
-0.000182456 
-0.000182329 
-0.000182201 
-0.000182074 
-0.000181946 
-0.000181818 
-0.00018169 
-0.000181562 
-0.000181434 
-0.000181306 
-0.000181178 
-0.00018105 
-0.000180921 
-0.000180793 
-0.000180664 
-0.000180535 
-0.000180407 
-0.000180278 
-0.000180149 
-0.00018002 
-0.000179891 
-0.000179761 
-0.000179632 
-0.000179503 
-0.000179373 
-0.000179243 
-0.000179114 
-0.000178984 
-0.000178854 
-0.000178724 
-0.000178594 
-0.000178464 
-0.000178334 
-0.000178203 
-0.000178073 
-0.000177942 
-0.000177812 
-0.000177681 
-0.00017755 
-0.000177419 
-0.000177288 
-0.000177157 
-0.000177026 
-0.000176895 
-0.000176763 
-0.000176632 
-0.000176501 
-0.000176369 
-0.000176237 
-0.000176105 
-0.000175974 
-0.000175842 
-0.00017571 
-0.000175577 
-0.000175445 
-0.000175313 
-0.00017518 
-0.000175048 
-0.000174915 
-0.000174783 
-0.00017465 
-0.000174517 
-0.000174384 
-0.000174251 
-0.000174118 
-0.000173985 
-0.000173851 
-0.000173718 
-0.000173585 
-0.000173451 
-0.000173317 
-0.000173184 
-0.00017305 
-0.000172916 
-0.000172782 
-0.000172648 
-0.000172513 
-0.000172379 
-0.000172245 
-0.00017211 
-0.000171976 
-0.000171841 
-0.000171707 
-0.000171572 
-0.000171437 
-0.000171302 
-0.000171167 
-0.000171032 
-0.000170896 
-0.000170761 
-0.000170626 
-0.00017049 
-0.000170355 
-0.000170219 
-0.000170083 
-0.000169947 
-0.000169811 
-0.000169675 
-0.000169539 
-0.000169403 
-0.000169267 
-0.00016913 
-0.000168994 
-0.000168857 
-0.000168721 
-0.000168584 
-0.000168447 
-0.00016831 
-0.000168173 
-0.000168036 
-0.000167899 
-0.000167762 
-0.000167625 
-0.000167487 
-0.00016735 
-0.000167212 
-0.000167074 
-0.000166937 
-0.000166799 
-0.000166661 
-0.000166523 
-0.000166385 
-0.000166247 
-0.000166109 
-0.00016597 
-0.000165832 
-0.000165693 
-0.000165555 
-0.000165416 
-0.000165277 
-0.000165138 
-0.000164999 
-0.00016486 
-0.000164721 
-0.000164582 
-0.000164443 
-0.000164304 
-0.000164164 
-0.000164025 
-0.000163885 
-0.000163745 
-0.000163606 
-0.000163466 
-0.000163326 
-0.000163186 
-0.000163046 
-0.000162906 
-0.000162765 
-0.000162625 
-0.000162484 
-0.000162344 
-0.000162203 
-0.000162063 
-0.000161922 
-0.000161781 
-0.00016164 
-0.000161499 
-0.000161358 
-0.000161217 
-0.000161076 
-0.000160934 
-0.000160793 
-0.000160651 
-0.00016051 
-0.000160368 
-0.000160226 
-0.000160085 
-0.000159943 
-0.000159801 
-0.000159659 
-0.000159516 
-0.000159374 
-0.000159232 
-0.000159089 
-0.000158947 
-0.000158804 
-0.000158662 
-0.000158519 
-0.000158376 
-0.000158233 
-0.00015809 
-0.000157947 
-0.000157804 
-0.000157661 
-0.000157518 
-0.000157374 
-0.000157231 
-0.000157087 
-0.000156944 
-0.0001568 
-0.000156656 
-0.000156512 
-0.000156368 
-0.000156224 
-0.00015608 
-0.000155936 
-0.000155792 
-0.000155648 
-0.000155503 
-0.000155359 
-0.000155214 
-0.000155069 
-0.000154925 
-0.00015478 
-0.000154635 
-0.00015449 
-0.000154345 
-0.0001542 
-0.000154055 
-0.000153909 
-0.000153764 
-0.000153619 
-0.000153473 
-0.000153328 
-0.000153182 
-0.000153036 
-0.00015289 
-0.000152744 
-0.000152598 
-0.000152452 
-0.000152306 
-0.00015216 
-0.000152014 
-0.000151867 
-0.000151721 
-0.000151574 
-0.000151428 
-0.000151281 
-0.000151134 
-0.000150988 
-0.000150841 
-0.000150694 
-0.000150547 
-0.000150399 
-0.000150252 
-0.000150105 
-0.000149958 
-0.00014981 
-0.000149663 
-0.000149515 
-0.000149367 
-0.00014922 
-0.000149072 
-0.000148924 
-0.000148776 
-0.000148628 
-0.00014848 
-0.000148331 
-0.000148183 
-0.000148035 
-0.000147886 
-0.000147738 
-0.000147589 
-0.000147441 
-0.000147292 
-0.000147143 
-0.000146994 
-0.000146845 
-0.000146696 
-0.000146547 
-0.000146398 
-0.000146249 
-0.000146099 
-0.00014595 
-0.0001458 
-0.000145651 
-0.000145501 
-0.000145351 
-0.000145202 
-0.000145052 
-0.000144902 
-0.000144752 
-0.000144602 
-0.000144452 
-0.000144301 
-0.000144151 
-0.000144001 
-0.00014385 
-0.0001437 
-0.000143549 
-0.000143399 
-0.000143248 
-0.000143097 
-0.000142946 
-0.000142795 
-0.000142644 
-0.000142493 
-0.000142342 
-0.000142191 
-0.000142039 
-0.000141888 
-0.000141736 
-0.000141585 
-0.000141433 
-0.000141282 
-0.00014113 
-0.000140978 
-0.000140826 
-0.000140674 
-0.000140522 
-0.00014037 
-0.000140218 
-0.000140066 
-0.000139913 
-0.000139761 
-0.000139608 
-0.000139456 
-0.000139303 
-0.000139151 
-0.000138998 
-0.000138845 
-0.000138692 
-0.000138539 
-0.000138386 
-0.000138233 
-0.00013808 
-0.000137926 
-0.000137773 
-0.00013762 
-0.000137466 
-0.000137313 
-0.000137159 
-0.000137006 
-0.000136852 
-0.000136698 
-0.000136544 
-0.00013639 
-0.000136236 
-0.000136082 
-0.000135928 
-0.000135774 
-0.000135619 
-0.000135465 
-0.000135311 
-0.000135156 
-0.000135001 
-0.000134847 
-0.000134692 
-0.000134537 
-0.000134382 
-0.000134228 
-0.000134073 
-0.000133917 
-0.000133762 
-0.000133607 
-0.000133452 
-0.000133297 
-0.000133141 
-0.000132986 
-0.00013283 
-0.000132675 
-0.000132519 
-0.000132363 
-0.000132207 
-0.000132052 
-0.000131896 
-0.00013174 
-0.000131584 
-0.000131427 
-0.000131271 
-0.000131115 
-0.000130959 
-0.000130802 
-0.000130646 
-0.000130489 
-0.000130333 
-0.000130176 
-0.000130019 
-0.000129862 
-0.000129705 
-0.000129549 
-0.000129391 
-0.000129234 
-0.000129077 
-0.00012892 
-0.000128763 
-0.000128605 
-0.000128448 
-0.000128291 
-0.000128133 
-0.000127975 
-0.000127818 
-0.00012766 
-0.000127502 
-0.000127344 
-0.000127187 
-0.000127029 
-0.000126871 
-0.000126712 
-0.000126554 
-0.000126396 
-0.000126238 
-0.000126079 
-0.000125921 
-0.000125762 
-0.000125604 
-0.000125445 
-0.000125286 
-0.000125128 
-0.000124969 
-0.00012481 
-0.000124651 
-0.000124492 
-0.000124333 
-0.000124174 
-0.000124015 
-0.000123855 
-0.000123696 
-0.000123537 
-0.000123377 
-0.000123218 
-0.000123058 
-0.000122898 
-0.000122739 
-0.000122579 
-0.000122419 
-0.000122259 
-0.000122099 
-0.000121939 
-0.000121779 
-0.000121619 
-0.000121459 
-0.000121299 
-0.000121138 
-0.000120978 
-0.000120817 
-0.000120657 
-0.000120496 
-0.000120336 
-0.000120175 
-0.000120014 
-0.000119853 
-0.000119692 
-0.000119532 
-0.000119371 
-0.000119209 
-0.000119048 
-0.000118887 
-0.000118726 
-0.000118565 
-0.000118403 
-0.000118242 
-0.00011808 
-0.000117919 
-0.000117757 
-0.000117595 
-0.000117434 
-0.000117272 
-0.00011711 
-0.000116948 
-0.000116786 
-0.000116624 
-0.000116462 
-0.0001163 
-0.000116138 
-0.000115975 
-0.000115813 
-0.000115651 
-0.000115488 
-0.000115326 
-0.000115163 
-0.000115001 
-0.000114838 
-0.000114675 
-0.000114512 
-0.00011435 
-0.000114187 
-0.000114024 
-0.000113861 
-0.000113698 
-0.000113534 
-0.000113371 
-0.000113208 
-0.000113045 
-0.000112881 
-0.000112718 
-0.000112554 
-0.000112391 
-0.000112227 
-0.000112063 
-0.0001119 
-0.000111736 
-0.000111572 
-0.000111408 
-0.000111244 
-0.00011108 
-0.000110916 
-0.000110752 
-0.000110588 
-0.000110424 
-0.000110259 
-0.000110095 
-0.000109931 
-0.000109766 
-0.000109602 
-0.000109437 
-0.000109273 
-0.000109108 
-0.000108943 
-0.000108778 
-0.000108613 
-0.000108449 
-0.000108284 
-0.000108119 
-0.000107954 
-0.000107788 
-0.000107623 
-0.000107458 
-0.000107293 
-0.000107127 
-0.000106962 
-0.000106797 
-0.000106631 
-0.000106465 
-0.0001063 
-0.000106134 
-0.000105968 
-0.000105803 
-0.000105637 
-0.000105471 
-0.000105305 
-0.000105139 
-0.000104973 
-0.000104807 
-0.000104641 
-0.000104474 
-0.000104308 
-0.000104142 
-0.000103976 
-0.000103809 
-0.000103643 
-0.000103476 
-0.00010331 
-0.000103143 
-0.000102976 
-0.00010281 
-0.000102643 
-0.000102476 
-0.000102309 
-0.000102142 
-0.000101975 
-0.000101808 
-0.000101641 
-0.000101474 
-0.000101307 
-0.000101139 
-0.000100972 
-0.000100805 
-0.000100637 
-0.00010047 
-0.000100302 
-0.000100135 
-9.9967e-05 
-9.97994e-05 
-9.96316e-05 
-9.94639e-05 
-9.9296e-05 
-9.91282e-05 
-9.89603e-05 
-9.87923e-05 
-9.86243e-05 
-9.84562e-05 
-9.82881e-05 
-9.81199e-05 
-9.79517e-05 
-9.77834e-05 
-9.76151e-05 
-9.74467e-05 
-9.72783e-05 
-9.71098e-05 
-9.69413e-05 
-9.67727e-05 
-9.66041e-05 
-9.64354e-05 
-9.62667e-05 
-9.60979e-05 
-9.59291e-05 
-9.57603e-05 
-9.55913e-05 
-9.54224e-05 
-9.52534e-05 
-9.50843e-05 
-9.49152e-05 
-9.4746e-05 
-9.45768e-05 
-9.44076e-05 
-9.42383e-05 
-9.40689e-05 
-9.38995e-05 
-9.37301e-05 
-9.35606e-05 
-9.3391e-05 
-9.32214e-05 
-9.30518e-05 
-9.28821e-05 
-9.27124e-05 
-9.25426e-05 
-9.23728e-05 
-9.22029e-05 
-9.2033e-05 
-9.1863e-05 
-9.1693e-05 
-9.15229e-05 
-9.13528e-05 
-9.11827e-05 
-9.10125e-05 
-9.08422e-05 
-9.06719e-05 
-9.05016e-05 
-9.03312e-05 
-9.01608e-05 
-8.99903e-05 
-8.98198e-05 
-8.96492e-05 
-8.94786e-05 
-8.93079e-05 
-8.91372e-05 
-8.89665e-05 
-8.87957e-05 
-8.86248e-05 
-8.84539e-05 
-8.8283e-05 
-8.8112e-05 
-8.7941e-05 
-8.77699e-05 
-8.75988e-05 
-8.74277e-05 
-8.72565e-05 
-8.70852e-05 
-8.69139e-05 
-8.67426e-05 
-8.65712e-05 
-8.63998e-05 
-8.62283e-05 
-8.60568e-05 
-8.58852e-05 
-8.57136e-05 
-8.5542e-05 
-8.53703e-05 
-8.51986e-05 
-8.50268e-05 
-8.4855e-05 
-8.46831e-05 
-8.45112e-05 
-8.43393e-05 
-8.41673e-05 
-8.39952e-05 
-8.38232e-05 
-8.36511e-05 
-8.34789e-05 
-8.33067e-05 
-8.31344e-05 
-8.29621e-05 
-8.27898e-05 
-8.26174e-05 
-8.2445e-05 
-8.22726e-05 
-8.21001e-05 
-8.19275e-05 
-8.17549e-05 
-8.15823e-05 
-8.14096e-05 
-8.12369e-05 
-8.10642e-05 
-8.08914e-05 
-8.07186e-05 
-8.05457e-05 
-8.03728e-05 
-8.01998e-05 
-8.00268e-05 
-7.98538e-05 
-7.96807e-05 
-7.95076e-05 
-7.93344e-05 
-7.91612e-05 
-7.8988e-05 
-7.88147e-05 
-7.86414e-05 
-7.8468e-05 
-7.82946e-05 
-7.81212e-05 
-7.79477e-05 
-7.77742e-05 
-7.76006e-05 
-7.7427e-05 
-7.72534e-05 
-7.70797e-05 
-7.6906e-05 
-7.67322e-05 
-7.65584e-05 
-7.63846e-05 
-7.62107e-05 
-7.60368e-05 
-7.58628e-05 
-7.56889e-05 
-7.55148e-05 
-7.53408e-05 
-7.51666e-05 
-7.49925e-05 
-7.48183e-05 
-7.46441e-05 
-7.44698e-05 
-7.42955e-05 
-7.41212e-05 
-7.39468e-05 
-7.37724e-05 
-7.3598e-05 
-7.34235e-05 
-7.3249e-05 
-7.30744e-05 
-7.28998e-05 
-7.27252e-05 
-7.25505e-05 
-7.23758e-05 
-7.2201e-05 
-7.20263e-05 
-7.18514e-05 
-7.16766e-05 
-7.15017e-05 
-7.13267e-05 
-7.11518e-05 
-7.09768e-05 
-7.08017e-05 
-7.06267e-05 
-7.04516e-05 
-7.02764e-05 
-7.01012e-05 
-6.9926e-05 
-6.97508e-05 
-6.95755e-05 
-6.94001e-05 
-6.92248e-05 
-6.90494e-05 
-6.88739e-05 
-6.86985e-05 
-6.8523e-05 
-6.83474e-05 
-6.81719e-05 
-6.79963e-05 
-6.78206e-05 
-6.76449e-05 
-6.74692e-05 
-6.72935e-05 
-6.71177e-05 
-6.69419e-05 
-6.67661e-05 
-6.65902e-05 
-6.64143e-05 
-6.62383e-05 
-6.60623e-05 
-6.58863e-05 
-6.57103e-05 
-6.55342e-05 
-6.53581e-05 
-6.51819e-05 
-6.50057e-05 
-6.48295e-05 
-6.46533e-05 
-6.4477e-05 
-6.43007e-05 
-6.41243e-05 
-6.39479e-05 
-6.37715e-05 
-6.35951e-05 
-6.34186e-05 
-6.32421e-05 
-6.30655e-05 
-6.2889e-05 
-6.27123e-05 
-6.25357e-05 
-6.2359e-05 
-6.21823e-05 
-6.20056e-05 
-6.18288e-05 
-6.1652e-05 
-6.14752e-05 
-6.12983e-05 
-6.11214e-05 
-6.09445e-05 
-6.07676e-05 
-6.05906e-05 
-6.04136e-05 
-6.02365e-05 
-6.00594e-05 
-5.98823e-05 
-5.97052e-05 
-5.9528e-05 
-5.93508e-05 
-5.91736e-05 
-5.89963e-05 
-5.8819e-05 
-5.86417e-05 
-5.84644e-05 
-5.8287e-05 
-5.81096e-05 
-5.79321e-05 
-5.77547e-05 
-5.75772e-05 
-5.73996e-05 
-5.72221e-05 
-5.70445e-05 
-5.68669e-05 
-5.66892e-05 
-5.65116e-05 
-5.63339e-05 
-5.61561e-05 
-5.59784e-05 
-5.58006e-05 
-5.56228e-05 
-5.54449e-05 
-5.5267e-05 
-5.50891e-05 
-5.49112e-05 
-5.47332e-05 
-5.45553e-05 
-5.43772e-05 
-5.41992e-05 
-5.40211e-05 
-5.3843e-05 
-5.36649e-05 
-5.34868e-05 
-5.33086e-05 
-5.31304e-05 
-5.29521e-05 
-5.27739e-05 
-5.25956e-05 
-5.24173e-05 
-5.22389e-05 
-5.20606e-05 
-5.18822e-05 
-5.17038e-05 
-5.15253e-05 
-5.13468e-05 
-5.11683e-05 
-5.09898e-05 
-5.08113e-05 
-5.06327e-05 
-5.04541e-05 
-5.02754e-05 
-5.00968e-05 
-4.99181e-05 
-4.97394e-05 
-4.95607e-05 
-4.93819e-05 
-4.92031e-05 
-4.90243e-05 
-4.88455e-05 
-4.86666e-05 
-4.84878e-05 
-4.83089e-05 
-4.81299e-05 
-4.7951e-05 
-4.7772e-05 
-4.7593e-05 
-4.7414e-05 
-4.72349e-05 
-4.70558e-05 
-4.68767e-05 
-4.66976e-05 
-4.65185e-05 
-4.63393e-05 
-4.61601e-05 
-4.59809e-05 
-4.58016e-05 
-4.56224e-05 
-4.54431e-05 
-4.52638e-05 
-4.50844e-05 
-4.49051e-05 
-4.47257e-05 
-4.45463e-05 
-4.43668e-05 
-4.41874e-05 
-4.40079e-05 
-4.38284e-05 
-4.36489e-05 
-4.34694e-05 
-4.32898e-05 
-4.31102e-05 
-4.29306e-05 
-4.2751e-05 
-4.25713e-05 
-4.23917e-05 
-4.2212e-05 
-4.20323e-05 
-4.18525e-05 
-4.16728e-05 
-4.1493e-05 
-4.13132e-05 
-4.11334e-05 
-4.09535e-05 
-4.07737e-05 
-4.05938e-05 
-4.04139e-05 
-4.02339e-05 
-4.0054e-05 
-3.9874e-05 
-3.96941e-05 
-3.9514e-05 
-3.9334e-05 
-3.9154e-05 
-3.89739e-05 
-3.87938e-05 
-3.86137e-05 
-3.84336e-05 
-3.82534e-05 
-3.80733e-05 
-3.78931e-05 
-3.77129e-05 
-3.75327e-05 
-3.73524e-05 
-3.71722e-05 
-3.69919e-05 
-3.68116e-05 
-3.66313e-05 
-3.64509e-05 
-3.62706e-05 
-3.60902e-05 
-3.59098e-05 
-3.57294e-05 
-3.5549e-05 
-3.53685e-05 
-3.51881e-05 
-3.50076e-05 
-3.48271e-05 
-3.46465e-05 
-3.4466e-05 
-3.42855e-05 
-3.41049e-05 
-3.39243e-05 
-3.37437e-05 
-3.35631e-05 
-3.33824e-05 
-3.32018e-05 
-3.30211e-05 
-3.28404e-05 
-3.26597e-05 
-3.2479e-05 
-3.22982e-05 
-3.21175e-05 
-3.19367e-05 
-3.17559e-05 
-3.15751e-05 
-3.13943e-05 
-3.12134e-05 
-3.10326e-05 
-3.08517e-05 
-3.06708e-05 
-3.04899e-05 
-3.0309e-05 
-3.01281e-05 
-2.99471e-05 
-2.97662e-05 
-2.95852e-05 
-2.94042e-05 
-2.92232e-05 
-2.90422e-05 
-2.88611e-05 
-2.86801e-05 
-2.8499e-05 
-2.83179e-05 
-2.81368e-05 
-2.79557e-05 
-2.77746e-05 
-2.75934e-05 
-2.74123e-05 
-2.72311e-05 
-2.70499e-05 
-2.68688e-05 
-2.66875e-05 
-2.65063e-05 
-2.63251e-05 
-2.61438e-05 
-2.59626e-05 
-2.57813e-05 
-2.56e-05 
-2.54187e-05 
-2.52374e-05 
-2.50561e-05 
-2.48747e-05 
-2.46934e-05 
-2.4512e-05 
-2.43306e-05 
-2.41492e-05 
-2.39678e-05 
-2.37864e-05 
-2.3605e-05 
-2.34235e-05 
-2.32421e-05 
-2.30606e-05 
-2.28791e-05 
-2.26977e-05 
-2.25162e-05 
-2.23347e-05 
-2.21531e-05 
-2.19716e-05 
-2.17901e-05 
-2.16085e-05 
-2.14269e-05 
-2.12454e-05 
-2.10638e-05 
-2.08822e-05 
-2.07006e-05 
-2.05189e-05 
-2.03373e-05 
-2.01557e-05 
-1.9974e-05 
-1.97924e-05 
-1.96107e-05 
-1.9429e-05 
-1.92473e-05 
-1.90656e-05 
-1.88839e-05 
-1.87022e-05 
-1.85204e-05 
-1.83387e-05 
-1.8157e-05 
-1.79752e-05 
-1.77934e-05 
-1.76117e-05 
-1.74299e-05 
-1.72481e-05 
-1.70663e-05 
-1.68845e-05 
-1.67026e-05 
-1.65208e-05 
-1.6339e-05 
-1.61571e-05 
-1.59753e-05 
-1.57934e-05 
-1.56115e-05 
-1.54297e-05 
-1.52478e-05 
-1.50659e-05 
-1.4884e-05 
-1.47021e-05 
-1.45202e-05 
-1.43382e-05 
-1.41563e-05 
-1.39744e-05 
-1.37924e-05 
-1.36105e-05 
-1.34285e-05 
-1.32465e-05 
-1.30646e-05 
-1.28826e-05 
-1.27006e-05 
-1.25186e-05 
-1.23366e-05 
-1.21546e-05 
-1.19726e-05 
-1.17906e-05 
-1.16085e-05 
-1.14265e-05 
-1.12445e-05 
-1.10624e-05 
-1.08804e-05 
-1.06983e-05 
-1.05163e-05 
-1.03342e-05 
-1.01521e-05 
-9.97008e-06 
-9.788e-06 
-9.60591e-06 
-9.42382e-06 
-9.24173e-06 
-9.05963e-06 
-8.87753e-06 
-8.69542e-06 
-8.51331e-06 
-8.33119e-06 
-8.14907e-06 
-7.96695e-06 
-7.78482e-06 
-7.60268e-06 
-7.42055e-06 
-7.23841e-06 
-7.05626e-06 
-6.87412e-06 
-6.69196e-06 
-6.50981e-06 
-6.32765e-06 
-6.14549e-06 
-5.96333e-06 
-5.78116e-06 
-5.59899e-06 
-5.41681e-06 
-5.23464e-06 
-5.05246e-06 
-4.87028e-06 
-4.6881e-06 
-4.50591e-06 
-4.32372e-06 
-4.14153e-06 
-3.95934e-06 
-3.77714e-06 
-3.59495e-06 
-3.41275e-06 
-3.23055e-06 
-3.04834e-06 
-2.86614e-06 
-2.68394e-06 
-2.50173e-06 
-2.31952e-06 
-2.13731e-06 
-1.9551e-06 
-1.77289e-06 
-1.59068e-06 
-1.40847e-06 
-1.22626e-06 
-1.04404e-06 
-8.61827e-07 
-6.79612e-07 
-4.97397e-07 
-3.15181e-07 
-1.32966e-07 
4.92502e-08 
2.31466e-07 
4.13681e-07 
5.95897e-07 
7.78112e-07 
9.60327e-07 
1.14254e-06 
1.32475e-06 
1.50697e-06 
1.68918e-06 
1.87139e-06 
2.0536e-06 
2.23581e-06 
2.41802e-06 
2.60023e-06 
2.78243e-06 
2.96464e-06 
3.14684e-06 
3.32904e-06 
3.51124e-06 
3.69344e-06 
3.87563e-06 
4.05783e-06 
4.24002e-06 
4.42221e-06 
4.60439e-06 
4.78658e-06 
4.96876e-06 
5.15094e-06 
5.33312e-06 
5.51529e-06 
5.69746e-06 
5.87963e-06 
6.0618e-06 
6.24396e-06 
6.42612e-06 
6.60828e-06 
6.79043e-06 
6.97258e-06 
7.15473e-06 
7.33687e-06 
7.51901e-06 
7.70114e-06 
7.88327e-06 
8.0654e-06 
8.24752e-06 
8.42964e-06 
8.61175e-06 
8.79386e-06 
8.97597e-06 
9.15807e-06 
9.34016e-06 
9.52226e-06 
9.70434e-06 
9.88642e-06 
1.00685e-05 
1.02506e-05 
1.04326e-05 
1.06147e-05 
1.07968e-05 
1.09788e-05 
1.11608e-05 
1.13429e-05 
1.15249e-05 
1.17069e-05 
1.1889e-05 
1.2071e-05 
1.2253e-05 
1.2435e-05 
1.2617e-05 
1.2799e-05 
1.2981e-05 
1.31629e-05 
1.33449e-05 
1.35269e-05 
1.37088e-05 
1.38908e-05 
1.40727e-05 
1.42546e-05 
1.44366e-05 
1.46185e-05 
1.48004e-05 
1.49823e-05 
1.51642e-05 
1.53461e-05 
1.5528e-05 
1.57099e-05 
1.58917e-05 
1.60736e-05 
1.62554e-05 
1.64373e-05 
1.66191e-05 
1.68009e-05 
1.69827e-05 
1.71646e-05 
1.73464e-05 
1.75281e-05 
1.77099e-05 
1.78917e-05 
1.80735e-05 
1.82552e-05 
1.8437e-05 
1.86187e-05 
1.88004e-05 
1.89821e-05 
1.91638e-05 
1.93455e-05 
1.95272e-05 
1.97089e-05 
1.98906e-05 
2.00722e-05 
2.02539e-05 
2.04355e-05 
2.06171e-05 
2.07987e-05 
2.09803e-05 
2.11619e-05 
2.13435e-05 
2.15251e-05 
2.17066e-05 
2.18882e-05 
2.20697e-05 
2.22513e-05 
2.24328e-05 
2.26143e-05 
2.27958e-05 
2.29773e-05 
2.31587e-05 
2.33402e-05 
2.35216e-05 
2.37031e-05 
2.38845e-05 
2.40659e-05 
2.42473e-05 
2.44287e-05 
2.461e-05 
2.47914e-05 
2.49727e-05 
2.51541e-05 
2.53354e-05 
2.55167e-05 
2.5698e-05 
2.58793e-05 
2.60606e-05 
2.62418e-05 
2.64231e-05 
2.66043e-05 
2.67855e-05 
2.69667e-05 
2.71479e-05 
2.73291e-05 
2.75102e-05 
2.76914e-05 
2.78725e-05 
2.80536e-05 
2.82347e-05 
2.84158e-05 
2.85969e-05 
2.87779e-05 
2.8959e-05 
2.914e-05 
2.9321e-05 
2.9502e-05 
2.9683e-05 
2.9864e-05 
3.00449e-05 
3.02259e-05 
3.04068e-05 
3.05877e-05 
3.07686e-05 
3.09495e-05 
3.11304e-05 
3.13112e-05 
3.1492e-05 
3.16728e-05 
3.18536e-05 
3.20344e-05 
3.22152e-05 
3.23959e-05 
3.25767e-05 
3.27574e-05 
3.29381e-05 
3.31188e-05 
3.32994e-05 
3.34801e-05 
3.36607e-05 
3.38413e-05 
3.40219e-05 
3.42025e-05 
3.43831e-05 
3.45636e-05 
3.47441e-05 
3.49246e-05 
3.51051e-05 
3.52856e-05 
3.54661e-05 
3.56465e-05 
3.58269e-05 
3.60073e-05 
3.61877e-05 
3.63681e-05 
3.65484e-05 
3.67287e-05 
3.6909e-05 
3.70893e-05 
3.72696e-05 
3.74499e-05 
3.76301e-05 
3.78103e-05 
3.79905e-05 
3.81707e-05 
3.83508e-05 
3.8531e-05 
3.87111e-05 
3.88912e-05 
3.90712e-05 
3.92513e-05 
3.94313e-05 
3.96114e-05 
3.97913e-05 
3.99713e-05 
4.01513e-05 
4.03312e-05 
4.05111e-05 
4.0691e-05 
4.08709e-05 
4.10507e-05 
4.12306e-05 
4.14104e-05 
4.15902e-05 
4.17699e-05 
4.19497e-05 
4.21294e-05 
4.23091e-05 
4.24888e-05 
4.26685e-05 
4.28481e-05 
4.30277e-05 
4.32073e-05 
4.33869e-05 
4.35664e-05 
4.3746e-05 
4.39255e-05 
4.41049e-05 
4.42844e-05 
4.44638e-05 
4.46433e-05 
4.48226e-05 
4.5002e-05 
4.51814e-05 
4.53607e-05 
4.554e-05 
4.57193e-05 
4.58985e-05 
4.60777e-05 
4.6257e-05 
4.64361e-05 
4.66153e-05 
4.67944e-05 
4.69735e-05 
4.71526e-05 
4.73317e-05 
4.75107e-05 
4.76898e-05 
4.78687e-05 
4.80477e-05 
4.82267e-05 
4.84056e-05 
4.85845e-05 
4.87633e-05 
4.89422e-05 
4.9121e-05 
4.92998e-05 
4.94786e-05 
4.96573e-05 
4.9836e-05 
5.00147e-05 
5.01934e-05 
5.0372e-05 
5.05506e-05 
5.07292e-05 
5.09078e-05 
5.10863e-05 
5.12648e-05 
5.14433e-05 
5.16218e-05 
5.18002e-05 
5.19786e-05 
5.2157e-05 
5.23353e-05 
5.25137e-05 
5.2692e-05 
5.28702e-05 
5.30485e-05 
5.32267e-05 
5.34049e-05 
5.35831e-05 
5.37612e-05 
5.39393e-05 
5.41174e-05 
5.42955e-05 
5.44735e-05 
5.46515e-05 
5.48294e-05 
5.50074e-05 
5.51853e-05 
5.53632e-05 
5.55411e-05 
5.57189e-05 
5.58967e-05 
5.60745e-05 
5.62522e-05 
5.64299e-05 
5.66076e-05 
5.67853e-05 
5.69629e-05 
5.71405e-05 
5.73181e-05 
5.74956e-05 
5.76731e-05 
5.78506e-05 
5.80281e-05 
5.82055e-05 
5.83829e-05 
5.85602e-05 
5.87376e-05 
5.89149e-05 
5.90922e-05 
5.92694e-05 
5.94466e-05 
5.96238e-05 
5.9801e-05 
5.99781e-05 
6.01552e-05 
6.03322e-05 
6.05093e-05 
6.06863e-05 
6.08632e-05 
6.10402e-05 
6.12171e-05 
6.1394e-05 
6.15708e-05 
6.17476e-05 
6.19244e-05 
6.21011e-05 
6.22779e-05 
6.24545e-05 
6.26312e-05 
6.28078e-05 
6.29844e-05 
6.3161e-05 
6.33375e-05 
6.3514e-05 
6.36905e-05 
6.38669e-05 
6.40433e-05 
6.42196e-05 
6.4396e-05 
6.45723e-05 
6.47485e-05 
6.49248e-05 
6.5101e-05 
6.52771e-05 
6.54533e-05 
6.56294e-05 
6.58054e-05 
6.59815e-05 
6.61575e-05 
6.63334e-05 
6.65094e-05 
6.66853e-05 
6.68611e-05 
6.70369e-05 
6.72127e-05 
6.73885e-05 
6.75642e-05 
6.77399e-05 
6.79156e-05 
6.80912e-05 
6.82668e-05 
6.84423e-05 
6.86179e-05 
6.87933e-05 
6.89688e-05 
6.91442e-05 
6.93196e-05 
6.94949e-05 
6.96702e-05 
6.98455e-05 
7.00207e-05 
7.01959e-05 
7.03711e-05 
7.05462e-05 
7.07213e-05 
7.08964e-05 
7.10714e-05 
7.12464e-05 
7.14213e-05 
7.15962e-05 
7.17711e-05 
7.19459e-05 
7.21207e-05 
7.22955e-05 
7.24702e-05 
7.26449e-05 
7.28196e-05 
7.29942e-05 
7.31688e-05 
7.33433e-05 
7.35178e-05 
7.36923e-05 
7.38667e-05 
7.40411e-05 
7.42154e-05 
7.43898e-05 
7.4564e-05 
7.47383e-05 
7.49125e-05 
7.50866e-05 
7.52608e-05 
7.54349e-05 
7.56089e-05 
7.57829e-05 
7.59569e-05 
7.61308e-05 
7.63047e-05 
7.64786e-05 
7.66524e-05 
7.68262e-05 
7.69999e-05 
7.71736e-05 
7.73472e-05 
7.75209e-05 
7.76944e-05 
7.7868e-05 
7.80415e-05 
7.82149e-05 
7.83884e-05 
7.85617e-05 
7.87351e-05 
7.89084e-05 
7.90816e-05 
7.92549e-05 
7.9428e-05 
7.96012e-05 
7.97743e-05 
7.99473e-05 
8.01203e-05 
8.02933e-05 
8.04663e-05 
8.06391e-05 
8.0812e-05 
8.09848e-05 
8.11576e-05 
8.13303e-05 
8.1503e-05 
8.16756e-05 
8.18482e-05 
8.20208e-05 
8.21933e-05 
8.23658e-05 
8.25382e-05 
8.27106e-05 
8.2883e-05 
8.30553e-05 
8.32276e-05 
8.33998e-05 
8.3572e-05 
8.37441e-05 
8.39162e-05 
8.40882e-05 
8.42603e-05 
8.44322e-05 
8.46042e-05 
8.4776e-05 
8.49479e-05 
8.51197e-05 
8.52914e-05 
8.54631e-05 
8.56348e-05 
8.58064e-05 
8.5978e-05 
8.61495e-05 
8.6321e-05 
8.64925e-05 
8.66639e-05 
8.68352e-05 
8.70065e-05 
8.71778e-05 
8.7349e-05 
8.75202e-05 
8.76913e-05 
8.78624e-05 
8.80335e-05 
8.82045e-05 
8.83754e-05 
8.85463e-05 
8.87172e-05 
8.8888e-05 
8.90588e-05 
8.92295e-05 
8.94002e-05 
8.95708e-05 
8.97414e-05 
8.9912e-05 
9.00825e-05 
9.02529e-05 
9.04233e-05 
9.05937e-05 
9.0764e-05 
9.09343e-05 
9.11045e-05 
9.12747e-05 
9.14448e-05 
9.16149e-05 
9.17849e-05 
9.19549e-05 
9.21249e-05 
9.22947e-05 
9.24646e-05 
9.26344e-05 
9.28042e-05 
9.29739e-05 
9.31435e-05 
9.33131e-05 
9.34827e-05 
9.36522e-05 
9.38217e-05 
9.39911e-05 
9.41605e-05 
9.43298e-05 
9.44991e-05 
9.46683e-05 
9.48375e-05 
9.50066e-05 
9.51757e-05 
9.53447e-05 
9.55137e-05 
9.56827e-05 
9.58515e-05 
9.60204e-05 
9.61892e-05 
9.63579e-05 
9.65266e-05 
9.66953e-05 
9.68638e-05 
9.70324e-05 
9.72009e-05 
9.73693e-05 
9.75377e-05 
9.77061e-05 
9.78744e-05 
9.80426e-05 
9.82108e-05 
9.8379e-05 
9.8547e-05 
9.87151e-05 
9.88831e-05 
9.9051e-05 
9.92189e-05 
9.93868e-05 
9.95546e-05 
9.97223e-05 
9.989e-05 
0.000100058 
0.000100225 
0.000100393 
0.00010056 
0.000100728 
0.000100895 
0.000101062 
0.00010123 
0.000101397 
0.000101564 
0.000101731 
0.000101898 
0.000102065 
0.000102232 
0.000102399 
0.000102566 
0.000102733 
0.0001029 
0.000103066 
0.000103233 
0.0001034 
0.000103566 
0.000103733 
0.000103899 
0.000104065 
0.000104232 
0.000104398 
0.000104564 
0.000104731 
0.000104897 
0.000105063 
0.000105229 
0.000105395 
0.000105561 
0.000105726 
0.000105892 
0.000106058 
