0 
-0.000227745 
-0.000682946 
-0.00113728 
-0.00159015 
-0.00204101 
-0.00248925 
-0.00293433 
0.331373 
-4.77235e-05 
-0.00376496 
-0.00424485 
-0.0046716 
-0.00509239 
-0.00550668 
-0.00591396 
-0.00631369 
-0.00670537 
-0.00708849 
-0.00746258 
-0.00782715 
-0.00818173 
-0.00852588 
-0.00885916 
-0.00918114 
-0.00949141 
-0.00978958 
-0.0100753 
-0.0103481 
-0.0106077 
-0.0108538 
-0.0110861 
-0.0113042 
-0.0115079 
-0.0116969 
-0.011871 
-0.01203 
-0.0121736 
-0.0123017 
-0.0124141 
-0.0125107 
-0.0125913 
-0.0126559 
-0.0127043 
-0.0127366 
-0.0127525 
-0.0127522 
-0.0127357 
-0.0127029 
-0.0126539 
-0.0125888 
-0.0125076 
-0.0124104 
-0.0122975 
-0.0121688 
-0.0120246 
-0.0118651 
-0.0116905 
-0.0115009 
-0.0112967 
-0.0110781 
-0.0108453 
-0.0105988 
-0.0103386 
-0.0100654 
-0.00977923 
-0.00948063 
-0.00916994 
-0.00884755 
-0.00851388 
-0.00816935 
-0.00781441 
-0.00744949 
-0.00707508 
-0.00669164 
-0.00629967 
-0.00589966 
-0.00549213 
-0.0050776 
-0.00465658 
-0.00422963 
-0.00379729 
-0.0033601 
-0.00291863 
-0.00247343 
-0.00202508 
-0.00157415 
-0.00112121 
-0.000666841 
-0.00021162 
0.000243871 
0.00069905 
0.00115334 
0.00160616 
0.00205692 
0.00250507 
0.00295002 
0.00339121 
0.00382807 
0.00426005 
0.0046866 
0.00510717 
