-0.000576923
-0.00059581
-0.000604513
-0.00060234
-0.00061039
-0.000595866
-0.000592872
-0.000572649
-0.00056558
-0.000542267
-0.000532842
-0.000509291
-0.000498962
-0.000475056
-0.000464961
-0.000441133
-0.000431835
-0.000408504
-0.000400245
-0.000377704
-0.000370602
-0.000349031
-0.00034314
-0.000322643
-0.000317983
-0.000298611
-0.000295182
-0.000276957
-0.000274746
-0.000257669
-0.000256659
-0.00024072
-0.000240887
-0.00022607
-0.000227392
-0.000213675
-0.000216128
-0.00020349
-0.000207052
-0.000195468
-0.000200116
-0.000189564
-0.000195277
-0.000185734
-0.000192491
-0.000183933
-0.000191714
-0.000184121
-0.000192908
-0.000186257
-0.00019603
-0.000190302
-0.000201043
-0.000196216
-0.00054846
-0.00051145
-0.000506202
-8.8795e-05
8.03618e-05
-0.000320965
-0.000479185
-0.000452008
-0.000465129
0.000108897
0.000109835
-0.000453116
-0.000443252
-0.000441026
-0.000443849
-0.00044391
-0.000448951
0.000122234
-0.000450415
-0.000454953
0.00011619
-0.000457317
-0.000463197
0.000107889
-0.000466282
-0.00047315
9.78646e-05
-0.000476771
-0.000484326
8.66026e-05
4.24478e-05
8.6589e-05
-0.000449623
-0.000496357
7.83119e-05
7.72246e-05
7.83261e-05
-0.000496665
-0.000497406
7.33783e-05
-0.000503068
-0.0005118
5.88265e-05
-0.000516812
-0.000526073
4.44384e-05
-0.000530966
-0.000540328
3.00601e-05
-0.000545157
-0.00055457
1.56933e-05
-0.000559327
-0.000568777
1.35911e-06
-0.000573449
-0.000582926
-1.29195e-05
-0.0005875
-0.000596996
-2.71207e-05
-0.00060146
-0.000610965
-4.12241e-05
-0.000615309
-0.000624816
-5.52108e-05
-0.000629029
-0.00063853
-6.90638e-05
-0.000642604
-0.000652093
-8.27674e-05
-0.000656018
-0.00066549
-9.63075e-05
-0.00066926
-0.000678709
-0.000109671
-0.000682315
-0.000691738
-0.000122848
-0.000695175
-0.000704567
-0.000135827
-0.000707829
-0.000717187
-0.000148599
-0.00072027
-0.00072959
-0.000161157
-0.00073249
-0.000741771
-0.000173494
-0.000744483
-0.000753723
-0.000185605
-0.000756244
-0.000765441
-0.000197485
-0.000767769
-0.000776922
-0.000209131
-0.000779055
-0.000788164
-0.000220538
-0.0007901
-0.000799163
-0.000231706
-0.000800902
-0.000809919
-0.000242634
-0.000811459
-0.000820431
-0.000253319
-0.000821773
-0.000830699
-0.000263763
-0.000831842
-0.000840724
-0.000273967
-0.000841669
-0.000850506
-0.00028393
-0.000851254
-0.000860048
-0.000293656
-0.000860601
-0.000869351
-0.000303145
-0.00086971
-0.000878419
-0.000312402
-0.000878585
-0.000887253
-0.000321428
-0.000887229
-0.000895858
-0.000330227
-0.000895646
-0.000904237
-0.000338802
-0.00090384
-0.000912393
-0.000347158
-0.000911814
-0.000920331
-0.000355298
-0.000919573
-0.000928055
-0.000363228
-0.000927121
-0.00093557
-0.00037095
-0.000934463
-0.000942879
-0.000378471
-0.000423477
-0.000378125
-0.000902049
-0.00094828
-0.000380987
-0.000382362
-0.000380965
-0.000946175
-0.000943984
-0.000379875
-0.000946207
-0.000953404
-0.000389655
-0.000952845
-0.000961091
-0.000397571
-0.000959818
-0.000968177
-0.000404887
-0.000966617
-0.000974935
-0.000411877
-0.000973178
-0.000981439
-0.000418615
-0.000979513
-0.000987719
-0.000425131
-0.000985636
-0.000993793
-0.000431446
-0.000991563
-0.000999675
-0.00043757
-0.000997304
-0.00100537
-0.000443515
-0.00100287
-0.0010109
-0.00044929
-0.00100827
-0.00101626
-0.0004549
-0.0010135
-0.00102146
-0.000460353
-0.00101858
-0.0010265
-0.000465654
-0.00102351
-0.00103139
-0.000470807
-0.00102829
-0.00103613
-0.000475816
-0.00103294
-0.00104073
-0.000480686
-0.00103744
-0.0010452
-0.00048542
-0.0010418
-0.00104952
-0.00049002
-0.00104604
-0.00105371
-0.000494489
-0.00105014
-0.00105777
-0.000498829
-0.00105411
-0.0010617
-0.000503043
-0.00105796
-0.0010655
-0.000507132
-0.00106169
-0.00106917
-0.000511097
-0.00106529
-0.00107271
-0.00051494
-0.00106876
-0.00107613
-0.00051866
-0.00107212
-0.00107943
-0.000522258
-0.00107535
-0.0010826
-0.000525735
-0.00107846
-0.00108564
-0.000529089
-0.00108144
-0.00108856
-0.000532321
-0.0010843
-0.00109135
-0.000535429
-0.00108704
-0.00109401
-0.000538413
-0.00108965
-0.00109655
-0.00054127
-0.00109214
-0.00109895
-0.000544001
-0.00109449
-0.00110122
-0.000546601
-0.00109671
-0.00110335
-0.00054907
-0.0010988
-0.00110534
-0.000551406
-0.00110076
-0.0011072
-0.000553605
-0.00110257
-0.00110892
-0.000555665
-0.00110425
-0.00111048
-0.000557583
-0.00110577
-0.0011119
-0.000559357
-0.00110716
-0.00111317
-0.000560983
-0.00110839
-0.00111429
-0.000562458
-0.00110947
-0.00111524
-0.000563778
-0.00111039
-0.00111604
-0.000564941
-0.00111115
-0.00111667
-0.000565942
-0.00111174
-0.00111713
-0.000566779
-0.00111217
-0.00111742
-0.000567448
-0.00111242
-0.00111754
-0.000567945
-0.00111251
-0.00111748
-0.000568267
-0.00111241
-0.00111723
-0.00056841
-0.00111213
-0.00111681
-0.000568372
-0.00111166
-0.00111619
-0.000568149
-0.00111101
-0.00111538
-0.000567737
-0.00111017
-0.00111438
-0.000567134
-0.00110913
-0.00111317
-0.000566337
-0.00110789
-0.00111177
-0.000565343
-0.00110645
-0.00111017
-0.000564149
-0.00110481
-0.00110836
-0.000562753
-0.00110296
-0.00110634
-0.000561153
-0.00110091
-0.00110412
-0.000559346
-0.00109864
-0.00110168
-0.000557332
-0.00109617
-0.00109903
-0.000555107
-0.00109348
-0.00109617
-0.000552672
-0.00109057
-0.00109309
-0.000550025
-0.00108746
-0.00108979
-0.000547164
-0.00108412
-0.00108628
-0.000544091
-0.00108057
-0.00108256
-0.000540804
-0.0010768
-0.00107861
-0.000537304
-0.00107282
-0.00107445
-0.00053359
-0.00106862
-0.00107008
-0.000529664
-0.0010642
-0.00106549
-0.000525527
-0.00105957
-0.00106069
-0.00052118
-0.00105473
-0.00105567
-0.000516625
-0.00104968
-0.00105045
-0.000511862
-0.00104441
-0.00104502
-0.000506896
-0.00103894
-0.00103939
-0.000501728
-0.00103327
-0.00103355
-0.000496361
-0.0010274
-0.00102752
-0.000490799
-0.00102132
-0.00102129
-0.000485044
-0.00101506
-0.00101487
-0.000479101
-0.0010086
-0.00100827
-0.000472974
-0.00100195
-0.00100148
-0.000466667
-0.000995129
-0.000994508
-0.000460184
-0.000988125
-0.000987367
-0.00045353
-0.00098095
-0.000980058
-0.000446711
-0.000973607
-0.000972586
-0.000439732
-0.000966102
-0.000964957
-0.000432599
-0.000958441
-0.000957176
-0.000425316
-0.00095063
-0.00094925
-0.000417891
-0.000942675
-0.000941184
-0.00041033
-0.000934581
-0.000932986
-0.000402638
-0.000926357
-0.000924661
-0.000394823
-0.000918007
-0.000916217
-0.000386891
-0.000909539
-0.000907661
-0.000378849
-0.000900961
-0.000898998
-0.000370704
-0.000892278
-0.000890237
-0.000362464
-0.000883497
-0.000881385
-0.000354134
-0.000874627
-0.000872448
-0.000345724
-0.000865675
-0.000863434
-0.000337239
-0.000856647
-0.000854351
-0.000328687
-0.000847552
-0.000845206
-0.000320076
-0.000838396
-0.000836006
-0.000311414
-0.000829187
-0.000826759
-0.000302707
-0.000819933
-0.000817472
-0.000293963
-0.000810641
-0.000808153
-0.000285189
-0.000801318
-0.000798809
-0.000276393
-0.000791972
-0.000789446
-0.000267583
-0.00078261
-0.000780074
-0.000258765
-0.000773239
-0.000770698
-0.000249946
-0.000763867
-0.000761325
-0.000241134
-0.0007545
-0.000751964
-0.000232335
-0.000745146
-0.000742619
-0.000223557
-0.00073581
-0.000733299
-0.000214806
-0.000726501
-0.000724009
-0.000206089
-0.000717224
-0.000714757
-0.000197411
-0.000707986
-0.000705548
-0.00018878
-0.000698792
-0.000696388
-0.000180202
-0.00068965
-0.000687283
-0.000171681
-0.000680564
-0.000678239
-0.000163225
-0.000671541
-0.000669261
-0.000154837
-0.000662586
-0.000660354
-0.000146525
-0.000653703
-0.000651524
-0.000138291
-0.000644899
-0.000642775
-0.000130142
-0.000636177
-0.000634112
-0.000122083
-0.000627542
-0.000625539
-0.000114116
-0.000618999
-0.00061706
-0.000106246
-0.000610551
-0.000608679
-9.84776e-05
-0.000602203
-0.000600399
-9.08137e-05
-0.000593957
-0.000592224
-8.32576e-05
-0.000585816
-0.000584157
-7.58123e-05
-0.000577785
-0.0005762
-6.84807e-05
-0.000569865
-0.000568356
-6.12651e-05
-0.000562059
-0.000560626
-5.41677e-05
-0.000554369
-0.000553014
-4.71906e-05
-0.000546797
-0.00054552
-4.03353e-05
-0.000539344
-0.000538147
-3.36032e-05
-0.000532012
-0.000530894
-2.69954e-05
-0.000524802
-0.000523763
-2.05129e-05
-0.000517715
-0.000516755
-1.41561e-05
-0.00051075
-0.00050987
-7.92534e-06
-0.00050391
-0.000503107
-1.82078e-06
-0.000497193
-0.000496468
4.15784e-06
-0.000490599
-0.00048995
1.00109e-05
-0.000484127
-0.000483554
1.57392e-05
-0.000477778
-0.000477279
2.13436e-05
-0.00047155
-0.000471123
2.68252e-05
-0.000465442
-0.000465086
3.21854e-05
-0.000459452
-0.000459165
3.74259e-05
-0.000453579
-0.000453358
4.25483e-05
-0.000447821
-0.000447665
4.75548e-05
-0.000442176
-0.000442082
5.24474e-05
-0.000436641
-0.000436608
5.72285e-05
-0.000431215
-0.000431239
6.19007e-05
-0.000425895
-0.000425973
6.64666e-05
-0.000420679
-0.000420808
7.09292e-05
-0.000415562
-0.00041574
7.52912e-05
-0.000410543
-0.000410766
7.95558e-05
-0.000405618
-0.000405883
8.37263e-05
-0.000400784
-0.000401089
8.78058e-05
-0.000396039
-0.000396378
9.17978e-05
-0.000391377
-0.000391749
9.57056e-05
-0.000386797
-0.000387197
9.95329e-05
-0.000382294
-0.00038272
0.000103283
-0.000377865
-0.000378313
0.00010696
-0.000373506
-0.000373973
0.000110567
-0.000369215
-0.000369696
0.000114107
-0.000364987
-0.000365479
0.000117585
-0.000360818
-0.000361318
0.000121004
-0.000356706
-0.00035721
0.000124367
-0.000352647
-0.000353152
0.000127678
-0.000348638
-0.000349139
0.00013094
-0.000344674
-0.000345169
0.000134157
-0.000340753
-0.000341239
0.000137331
-0.000336872
-0.000337345
0.000140467
-0.000333027
-0.000333484
0.000143566
-0.000329216
-0.000329654
0.000146632
-0.000325436
-0.000325852
0.000149668
-0.000321684
-0.000322075
0.000152676
-0.000317957
-0.000318321
0.000155658
-0.000314254
-0.000314587
0.000158618
-0.000310572
-0.000310872
0.000161556
-0.000306909
-0.000307174
0.000164475
-0.000303264
-0.000303491
0.000167377
-0.000299634
-0.000299821
0.000170262
-0.000296018
-0.000296163
0.000173133
-0.000292416
-0.000292517
0.000175991
-0.000288825
-0.000288882
0.000178835
-0.000285246
-0.000285256
0.000181667
-0.000281678
-0.00028164
0.000184488
-0.000278121
-0.000278033
0.000187296
-0.000274574
-0.000274436
0.000190093
-0.000271037
-0.000270849
0.000192878
-0.000267512
-0.000267272
0.00019565
-0.000263999
-0.000263707
0.000198408
-0.000260498
-0.000260154
0.000201152
-0.000257012
-0.000256615
0.00020388
-0.00025354
-0.000253091
0.00020659
-0.000250086
-0.000249585
0.000209281
-0.00024665
-0.000246097
0.000211951
-0.000243235
-0.000242631
0.000214597
-0.000239842
-0.000239189
0.000217218
-0.000236476
-0.000235774
0.000219809
-0.000233137
-0.000232388
0.00022237
-0.00022983
-0.000229035
0.000224896
-0.000226557
-0.000225717
0.000227384
-0.000223322
-0.000222438
0.00022983
-0.000220127
-0.000219202
0.000232232
-0.000216977
-0.000216013
0.000234586
-0.000213876
-0.000212875
0.000236887
-0.000210827
-0.00020979
0.000239131
-0.000207834
-0.000206765
0.000241315
-0.000204902
-0.000203803
0.000243434
-0.000202034
-0.000200908
0.000245483
-0.000199236
-0.000198085
-0.000196518
-0.000198415
-0.000193671
-0.000195748
-0.000190902
-0.000192523
-0.000187991
-0.000189094
-0.000184977
-0.000185579
-0.000181951
-0.000182129
-0.000179021
-0.000178526
-0.000176445
-0.000175831
-0.000173867
-0.000173019
-0.000171555
0.000219933
0.000266508
-0.000127424
-0.000170863
-0.000158281
-0.000171653
-0.000157668
-0.00017164
-0.000157764
-0.000171426
-0.000157905
-0.000171263
-0.000158152
-0.000171216
-0.000158532
-0.000171314
-0.000159063
-0.000171573
-0.000159755
-0.000172001
-0.000160616
-0.000172603
-0.000161647
-0.000173379
-0.00016285
-0.000174332
0.000256087
-0.000164219
-0.000179073
0.000250459
-0.000165822
-0.000181404
0.000247238
-0.000167527
-0.000183202
0.000244548
-0.000169154
-0.00018483
0.000242026
-0.000170721
-0.000186405
0.000239554
-0.00017228
-0.000187991
0.000237069
-0.000173879
-0.000189633
0.000234525
-0.000175553
-0.000191363
0.000231891
-0.000177328
-0.000193204
0.000229145
-0.000179222
-0.000195171
0.00022627
-0.00018125
-0.000197277
0.000223254
-0.000183419
-0.00019953
0.000220088
-0.000185739
-0.000201935
0.000216768
-0.000188212
-0.000204499
0.000213288
-0.000190844
-0.000207222
0.000209645
-0.000193635
-0.000210108
0.000205837
-0.000196589
-0.000213158
0.000201864
-0.000199705
-0.000216372
0.000197724
-0.000202984
-0.00021975
0.000193418
-0.000206426
-0.000223293
0.000188945
-0.00021003
-0.000226999
0.000184306
-0.000213796
-0.000230868
0.000179503
-0.000217722
-0.000234897
0.000174537
-0.000221806
-0.000239086
0.000169409
-0.000226048
-0.000243432
0.000164122
-0.000230444
-0.000247933
0.000158677
-0.000234992
-0.000252586
0.000153079
-0.00023969
-0.000257389
0.000147328
-0.000244535
-0.000262338
0.000141429
-0.000249523
-0.000267431
0.000135384
-0.000254651
-0.000272662
0.000129198
-0.000259915
-0.00027803
0.000122874
-0.000265312
-0.000283529
0.000116417
-0.000270838
-0.000289156
0.00010983
-0.000276487
-0.000294905
0.000103118
-0.000282256
-0.000300773
9.62853e-05
-0.00028814
-0.000306753
8.93377e-05
-0.000294134
-0.000312842
8.22797e-05
-0.000300233
-0.000319034
7.51168e-05
-0.000306431
-0.000325323
6.78543e-05
-0.000312723
-0.000331704
6.04979e-05
-0.000319104
-0.000338172
5.30532e-05
-0.000325568
-0.000344719
4.55263e-05
-0.000332109
-0.000351341
3.7923e-05
-0.00033872
-0.000358031
3.02496e-05
-0.000345397
-0.000364782
2.25123e-05
-0.000352133
-0.000371589
1.47174e-05
-0.000358921
-0.000378445
6.87148e-06
-0.000365755
-0.000385344
-1.01902e-06
-0.000372629
-0.000392279
-8.94746e-06
-0.000379536
-0.000399242
-1.69072e-05
-0.00038647
-0.000406229
-2.48915e-05
-0.000393423
-0.000413231
-3.28936e-05
-0.00040039
-0.000420242
-4.09068e-05
-0.000407364
-0.000427255
-4.89241e-05
-0.000414337
-0.000434264
-5.69389e-05
-0.000421304
-0.000441261
-6.49443e-05
-0.000428258
-0.00044824
-7.29335e-05
-0.000435191
-0.000455194
-8.08996e-05
-0.000442098
-0.000462116
-8.8836e-05
-0.000448971
-0.000469
-9.6736e-05
-0.000455805
-0.000475839
-0.000104593
-0.000462592
-0.000482626
-0.0001124
-0.000469327
-0.000489355
-0.000120151
-0.000476002
-0.000496019
-0.000127839
-0.000482611
-0.000502612
-0.000135458
-0.000489149
-0.000509128
-0.000143001
-0.00049561
-0.00051556
-0.000150463
-0.000501986
-0.000521902
-0.000157838
-0.000508272
-0.000528149
-0.000165118
-0.000514463
-0.000534295
-0.0001723
-0.000520553
-0.000540334
-0.000179376
-0.000526536
-0.00054626
-0.000186342
-0.000532407
-0.000552068
-0.000193191
-0.000538161
-0.000557753
-0.000199919
-0.000543793
-0.000563309
-0.000206521
-0.000549297
-0.000568733
-0.000212992
-0.000554669
-0.000574018
-0.000219327
-0.000559904
-0.000579161
-0.000225521
-0.000564999
-0.000584158
-0.00023157
-0.000569948
-0.000589003
-0.000237469
-0.000574748
-0.000593693
-0.000243216
-0.000579395
-0.000598224
-0.000248806
-0.000583885
-0.000602593
-0.000254235
-0.000588214
-0.000606796
-0.0002595
-0.00059238
-0.00061083
-0.000264598
-0.00059638
-0.000614691
-0.000269525
-0.00060021
-0.000618378
-0.00027428
-0.000603868
-0.000621887
-0.000278858
-0.000607351
-0.000625217
-0.000283259
-0.000610658
-0.000628364
-0.00028748
-0.000613785
-0.000631327
-0.000291518
-0.000616732
-0.000634105
-0.000295372
-0.000619496
-0.000636695
-0.000299041
-0.000622077
-0.000639097
-0.000302523
-0.000624472
-0.000641309
-0.000305817
-0.00062668
-0.00064333
-0.000308922
-0.000628702
-0.000645159
-0.000311837
-0.000630536
-0.000646796
-0.000314562
-0.000632182
-0.000648241
-0.000317097
-0.000633639
-0.000649494
-0.00031944
-0.000634907
-0.000650553
-0.000321593
-0.000635987
-0.000651421
-0.000323554
-0.000636878
-0.000652096
-0.000325326
-0.000637581
-0.00065258
-0.000326908
-0.000638096
-0.000652873
-0.000328301
-0.000638425
-0.000652976
-0.000329506
-0.000638568
-0.000652891
-0.000330523
-0.000638526
-0.000652617
-0.000331355
-0.0006383
-0.000652157
-0.000332001
-0.000637892
-0.000651512
-0.000332465
-0.000637303
-0.000650684
-0.000332747
-0.000636534
-0.000649674
-0.000332848
-0.000635587
-0.000648484
-0.000332772
-0.000634464
-0.000647116
-0.000332519
-0.000633167
-0.000645572
-0.000332092
-0.000631697
-0.000643854
-0.000331492
-0.000630057
-0.000641964
-0.000330723
-0.000628249
-0.000639905
-0.000329785
-0.000626275
-0.000637679
-0.000328682
-0.000624137
-0.000635288
-0.000327417
-0.000621838
-0.000632734
-0.00032599
-0.000619379
-0.000630021
-0.000324405
-0.000616764
-0.000627151
-0.000322665
-0.000613994
-0.000624126
-0.000320772
-0.000611073
-0.00062095
-0.000318729
-0.000608002
-0.000617624
-0.000316537
-0.000604784
-0.000614151
-0.000314201
-0.000601422
-0.000610534
-0.000311722
-0.000597918
-0.000606776
-0.000309104
-0.000594276
-0.000602879
-0.000306348
-0.000590496
-0.000598847
-0.000303459
-0.000586582
-0.000594681
-0.000300437
-0.000582537
-0.000590384
-0.000297286
-0.000578362
-0.00058596
-0.000294009
-0.000574061
-0.00058141
-0.000290609
-0.000569635
-0.000576737
-0.000287086
-0.000565088
-0.000571944
-0.000283446
-0.000560421
-0.000567033
-0.000279689
-0.000555637
-0.000562008
-0.000275818
-0.000550739
-0.000556869
-0.000271836
-0.000545728
-0.00055162
-0.000267745
-0.000540607
-0.000546263
-0.000263548
-0.000535378
-0.0005408
-0.000259247
-0.000530043
-0.000535234
-0.000254843
-0.000524604
-0.000529567
-0.00025034
-0.000519064
-0.000523801
-0.00024574
-0.000513424
-0.000517937
-0.000241044
-0.000507686
-0.00051198
-0.000236255
-0.000501853
-0.000505929
-0.000231375
-0.000495926
-0.000499788
-0.000226405
-0.000489908
-0.000493559
-0.000221349
-0.000483799
-0.000487242
-0.000216207
-0.000477603
-0.000480841
-0.000210982
-0.000471319
-0.000474357
-0.000205675
-0.000464952
-0.000467791
-0.000200288
-0.000458501
-0.000461146
-0.000194824
-0.000451969
-0.000454424
-0.000189283
-0.000445357
-0.000447626
-0.000183668
-0.000438667
-0.000440754
-0.00017798
-0.000431901
-0.000433809
-0.000172221
-0.00042506
-0.000426793
-0.000166393
-0.000418146
-0.000419709
-0.000160497
-0.000411161
-0.000412557
-0.000154535
-0.000404105
-0.000405339
-0.000148509
-0.000396981
-0.000398057
-0.00014242
-0.00038979
-0.000390712
-0.000136269
-0.000382535
-0.000383307
-0.00013006
-0.000375215
-0.000375843
-0.000123792
-0.000367834
-0.000368321
-0.000117468
-0.000360392
-0.000360743
-0.00011109
-0.000352892
-0.000353111
-0.000104659
-0.000345335
-0.000345427
-9.81776e-05
-0.000337722
-0.000337692
-9.16465e-05
-0.000330057
-0.000329909
-8.50679e-05
-0.000322339
-0.000322079
-7.84438e-05
-0.000314572
-0.000314203
-7.17759e-05
-0.000306758
-0.000306285
-6.50661e-05
-0.000298897
-0.000298325
-5.83165e-05
-0.000290992
-0.000290326
-5.1529e-05
-0.000283045
-0.000282291
-4.47057e-05
-0.000275059
-0.00027422
-3.78486e-05
-0.000267035
-0.000266116
-3.09599e-05
-0.000258975
-0.000257981
-2.40418e-05
-0.000250882
-0.000249819
-1.70965e-05
-0.000242759
-0.00024163
-1.01265e-05
-0.000234607
-0.000233417
-3.13403e-06
-0.000226429
-0.000225183
3.87845e-06
-0.000218227
-0.000216931
1.09084e-05
-0.000210005
-0.000208662
1.79533e-05
-0.000201764
-0.00020038
2.50105e-05
-0.000193508
-0.000192087
3.20774e-05
-0.000185239
-0.000183786
3.91511e-05
-0.00017696
-0.00017548
4.62288e-05
-0.000168674
-0.000167171
5.33078e-05
-0.000160384
-0.000158863
6.03851e-05
-0.000152093
-0.000150559
6.74576e-05
-0.000143804
-0.000142261
7.45223e-05
-0.00013552
-0.000133972
8.15762e-05
-0.000127244
-0.000125697
8.86161e-05
-0.000118981
-0.000117438
9.56388e-05
-0.000110732
-0.000109198
0.000102641
-0.000102501
-0.00010098
0.000109619
-9.42926e-05
-9.27889e-05
0.000116571
-8.6109e-05
-8.4627e-05
0.000123492
-7.79541e-05
-7.64978e-05
0.000130379
-6.98314e-05
-6.84049e-05
0.000137228
-6.17444e-05
-6.03517e-05
0.000144037
-5.36967e-05
-5.23418e-05
0.000150801
-4.56919e-05
-4.43788e-05
0.000157518
-3.77337e-05
-3.64661e-05
0.000164183
-2.98257e-05
-2.86073e-05
0.000170793
-2.19715e-05
-2.08061e-05
0.000177344
-1.41749e-05
-1.30661e-05
0.000183833
-6.4395e-06
-5.39078e-06
0.000190257
1.23104e-06
2.21618e-06
0.000196611
8.83303e-06
9.75121e-06
0.000202892
1.63628e-05
1.72107e-05
0.000209096
2.38167e-05
2.45911e-05
0.00021522
3.11912e-05
3.18889e-05
0.000221261
3.84825e-05
3.91004e-05
0.000227215
4.56871e-05
4.62223e-05
0.000233077
5.28015e-05
5.3251e-05
0.000238846
5.98221e-05
6.01831e-05
0.000244517
6.67454e-05
6.70152e-05
0.000250087
7.35681e-05
7.37439e-05
0.000255553
8.02867e-05
8.03659e-05
0.000260911
8.68979e-05
8.6878e-05
0.000266158
9.33984e-05
9.3277e-05
0.000271291
9.9785e-05
9.95597e-05
0.000276307
0.000106054
0.000105723
0.000281202
0.000112204
0.000111764
0.000285975
0.00011823
0.00011768
0.000290621
0.00012413
0.000123467
0.000295137
0.000129901
0.000129123
0.000299522
0.00013554
0.000134646
0.000303773
0.000141045
0.000140033
0.000307886
0.000146413
0.00014528
0.000311859
0.000151641
0.000150386
0.00031569
0.000156727
0.000155349
0.000319377
0.000161668
0.000160165
0.000322916
0.000166463
0.000164833
0.000326307
0.000171109
0.000169351
0.000329546
0.000175604
0.000173717
0.000332633
0.000179947
0.000177929
0.000335564
0.000184135
0.000181984
0.000338339
0.000188166
0.000185883
0.000340955
0.00019204
0.000189622
0.000343411
0.000195754
0.0001932
0.000345706
0.000199307
0.000196616
0.000347838
0.000202698
0.000199869
0.000349805
0.000205925
0.000202958
0.000351608
0.000208988
0.000205881
0.000353244
0.000211886
0.000208638
0.000354714
0.000214617
0.000211227
0.000356015
0.000217181
0.000213649
0.000357147
0.000219577
0.000215902
0.00035811
0.000221805
0.000217986
0.000358904
0.000223865
0.0002199
0.000359527
0.000225755
0.000221645
0.000359979
0.000227476
0.000223219
0.000360261
0.000229028
0.000224624
0.000360372
0.00023041
0.000225859
0.000360312
0.000231623
0.000226923
0.000360082
0.000232667
0.000227818
0.000359681
0.000233542
0.000228544
0.00035911
0.000234249
0.0002291
0.00035837
0.000234788
0.000229488
0.00035746
0.000235159
0.000229709
0.000356382
0.000235364
0.000229762
0.000355135
0.000235403
0.000229648
0.000353722
0.000235278
0.000229369
0.000352143
0.000234988
0.000228926
0.000350398
0.000234535
0.000228319
0.000348489
0.00023392
0.000227549
0.000346417
0.000233144
0.000226618
0.000344183
0.000232209
0.000225528
0.000341789
0.000231116
0.000224278
0.000339235
0.000229866
0.000222872
0.000336524
0.000228461
0.00022131
0.000333656
0.000226903
0.000219594
0.000330634
0.000225192
0.000217725
0.000327458
0.000223331
0.000215705
0.000324131
0.000221322
0.000213537
0.000320655
0.000219166
0.000211221
0.000317031
0.000216865
0.00020876
0.000313261
0.00021442
0.000206156
0.000309347
0.000211835
0.00020341
0.000305291
0.000209111
0.000200525
0.000301095
0.00020625
0.000197502
0.000296761
0.000203254
0.000194344
0.000292291
0.000200126
0.000191053
0.000287688
0.000196866
0.000187631
0.000282953
0.000193479
0.00018408
0.000278089
0.000189965
0.000180403
0.000273098
0.000186328
0.000176601
0.000267982
0.000182568
0.000172678
0.000262744
0.00017869
0.000168635
0.000257386
0.000174695
0.000164475
0.00025191
0.000170585
0.0001602
0.000246319
0.000166362
0.000155813
0.000162029
0.000157254
0.000158238
0.00015391
0.000154269
0.000149693
0.000150031
0.00014513
0.000145548
0.000140323
0.000140855
0.000135317
0.000135982
0.000130137
0.000130951
0.000124804
0.000125777
0.000119331
0.000120473
0.000113729
0.00011505
0.000108007
0.000109515
0.000102172
0.000103875
9.62287e-05
9.81361e-05
9.01833e-05
9.23027e-05
8.40398e-05
8.63801e-05
7.78025e-05
8.03726e-05
7.14752e-05
7.42845e-05
6.50616e-05
6.81199e-05
5.85653e-05
6.18828e-05
5.19896e-05
5.55769e-05
4.53379e-05
4.9206e-05
3.86135e-05
4.27737e-05
3.18194e-05
3.62837e-05
2.49589e-05
2.97395e-05
1.8035e-05
2.31445e-05
1.10507e-05
1.65022e-05
4.00907e-06
9.81599e-06
-3.08701e-06
3.08907e-06
-1.02346e-05
-3.67522e-06
-1.74309e-05
-1.04737e-05
-2.4673e-05
-1.73031e-05
-3.19582e-05
-2.41604e-05
-3.92836e-05
-3.1103e-05
-4.66452e-05
-3.79734e-05
-5.40391e-05
-4.4891e-05
-6.14671e-05
-5.18272e-05
-6.8925e-05
-3.31573e-05
-3.30739e-05
-6.2143e-05
-6.76515e-05
-6.97135e-05
-7.48868e-05
-7.58461e-05
-8.15165e-05
-8.19635e-05
-8.81457e-05
-8.80626e-05
-9.4864e-05
-9.43217e-05
-0.000101551
-0.000100482
-0.000108287
-0.000106702
-0.000115028
-0.000112894
-0.000121794
-0.000119085
-0.000128584
-0.000108827
-0.000125284
-0.000128965
-0.000110783
-0.000131266
-0.000134391
-0.000117627
-0.000137133
-0.000140173
-0.000124748
-0.000143084
-0.000146177
-0.000132102
-0.000149129
-0.000152274
-0.00013955
-0.000155241
-0.00015843
-0.000147057
-0.000161401
-0.000164627
-0.000154605
-0.000167596
-0.000170853
-0.000162181
-0.000173815
-0.000177098
-0.000169777
-0.000180049
-0.000183356
-0.000177384
-0.000186293
-0.000189621
-0.000184999
-0.000192542
-0.000195889
-0.000192616
-0.000198792
-0.000202157
-0.000200232
-0.000205041
-0.000208422
-0.000207844
-0.000211285
-0.000214681
-0.00021545
-0.000217522
-0.000220931
-0.000223046
-0.00022375
-0.000227171
-0.000230632
-0.000229966
-0.000233398
-0.000238203
-0.000236167
-0.00023961
-0.000245759
-0.000242353
-0.000245805
-0.000253297
-0.000248521
-0.00025198
-0.000260815
-0.000254669
-0.000258134
-0.00026831
-0.000260794
-0.000264264
-0.000275781
-0.000266894
-0.000270369
-0.000283226
-0.000272968
-0.000276445
-0.000290642
-0.000279013
-0.000282492
-0.000298026
-0.000285027
-0.000288506
-0.000305378
-0.000291007
-0.000294485
-0.000312693
-0.000296952
-0.000300427
-0.000319971
-0.000302859
-0.00030633
-0.000327208
-0.000308726
-0.000312191
-0.000334403
-0.000314549
-0.000318008
-0.000341553
-0.000320328
-0.000323778
-0.000348655
-0.000326059
-0.000329498
-0.000355706
-0.000331739
-0.000335167
-0.000362705
-0.000337367
-0.000340782
-0.000369649
-0.00034294
-0.000346339
-0.000376535
-0.000348455
-0.000351837
-0.00038336
-0.000353909
-0.000357273
-0.000390122
-0.000359299
-0.000362643
-0.000396818
-0.000364623
-0.000367945
-0.000403445
-0.000369879
-0.000373177
-0.00041
-0.000375062
-0.000378335
-0.00041648
-0.000380171
-0.000383416
-0.000422884
-0.000385203
-0.000388419
-0.000429207
-0.000390154
-0.000393339
-0.000435447
-0.000395022
-0.000398173
-0.000441601
-0.000399804
-0.00040292
-0.000447666
-0.000404496
-0.000407576
-0.000453639
-0.000409097
-0.000412137
-0.000459517
-0.000413602
-0.000416602
-0.000465297
-0.000418009
-0.000420967
-0.000470976
-0.000422316
-0.000425229
-0.000476552
-0.000426518
-0.000429385
-0.000482021
-0.000430614
-0.000433432
-0.00048738
-0.0004346
-0.000437368
-0.000492627
-0.000438473
-0.000441189
-0.000497759
-0.000442231
-0.000444893
-0.000502772
-0.000445871
-0.000448476
-0.000507664
-0.000449389
-0.000451937
-0.000512433
-0.000452784
-0.000455272
-0.000517075
-0.000456052
-0.000458479
-0.000521589
-0.000459191
-0.000461555
-0.00052597
-0.000462198
-0.000464497
-0.000530217
-0.000465071
-0.000467304
-0.000534328
-0.000467807
-0.000469972
-0.0005383
-0.000470404
-0.000472499
-0.00054213
-0.000472859
-0.000474884
-0.000545816
-0.000475171
-0.000477123
-0.000549357
-0.000477337
-0.000479215
-0.000552749
-0.000479355
-0.000481158
-0.000555992
-0.000481224
-0.00048295
-0.000559083
-0.00048294
-0.000484589
-0.00056202
-0.000484504
-0.000486073
-0.000564802
-0.000485912
-0.000487401
-0.000567428
-0.000487164
-0.000488572
-0.000569895
-0.000488257
-0.000489584
-0.000572203
-0.000489192
-0.000490435
-0.000574349
-0.000489966
-0.000491125
-0.000576334
-0.000490579
-0.000491653
-0.000578156
-0.000491029
-0.000492018
-0.000579814
-0.000491315
-0.000492219
-0.000581308
-0.000491438
-0.000492255
-0.000582637
-0.000491396
-0.000492127
-0.0005838
-0.00049119
-0.000491833
-0.000584797
-0.000490818
-0.000491373
-0.000585628
-0.000490281
-0.000490748
-0.000586293
-0.000489578
-0.000489958
-0.000586792
-0.00048871
-0.000489002
-0.000587126
-0.000487677
-0.000487881
-0.000587293
-0.00048648
-0.000486596
-0.000587296
-0.000485118
-0.000485146
-0.000587134
-0.000483592
-0.000483534
-0.000586808
-0.000481904
-0.000481759
-0.000586319
-0.000480054
-0.000479822
-0.000585668
-0.000478043
-0.000477725
-0.000584857
-0.000475872
-0.000475469
-0.000583886
-0.000473543
-0.000473055
-0.000582756
-0.000471057
-0.000470485
-0.00058147
-0.000468415
-0.00046776
-0.000580029
-0.000465619
-0.000464882
-0.000578434
-0.000462671
-0.000461853
-0.000576687
-0.000459573
-0.000458674
-0.000574791
-0.000456326
-0.000455348
-0.000572747
-0.000452933
-0.000451877
-0.000570557
-0.000449396
-0.000448263
-0.000568224
-0.000445717
-0.000444508
-0.00056575
-0.000441899
-0.000440615
-0.000563137
-0.000437943
-0.000436587
-0.000560388
-0.000433853
-0.000432425
-0.000557506
-0.000429631
-0.000428133
-0.000554493
-0.00042528
-0.000423714
-0.000551352
-0.000420803
-0.000419169
-0.000548086
-0.000416201
-0.000414503
-0.000544697
-0.00041148
-0.000409718
-0.000541189
-0.000406641
-0.000404816
-0.000537565
-0.000401687
-0.000399803
-0.000533827
-0.000396621
-0.000394679
-0.00052998
-0.000391448
-0.000389449
-0.000526025
-0.000386169
-0.000384115
-0.000521968
-0.000380789
-0.000378682
-0.000517809
-0.00037531
-0.000373153
-0.000513554
-0.000369736
-0.00036753
-0.000509206
-0.000364071
-0.000361817
-0.000504767
-0.000358317
-0.000356018
-0.000500242
-0.000352478
-0.000350136
-0.000495633
-0.000346558
-0.000344175
-0.000490945
-0.000340561
-0.000338138
-0.00048618
-0.000334488
-0.000332028
-0.000481343
-0.000328346
-0.00032585
-0.000476436
-0.000322135
-0.000319607
-0.000471464
-0.000315861
-0.000313302
-0.00046643
-0.000309527
-0.000306938
-0.000461337
-0.000303137
-0.00030052
-0.00045619
-0.000296693
-0.000294052
-0.000450991
-0.0002902
-0.000287535
-0.000445744
-0.000283661
-0.000280975
-0.000440453
-0.000277079
-0.000274374
-0.000435121
-0.000270459
-0.000267737
-0.000429752
-0.000263804
-0.000261066
-0.000424349
-0.000257116
-0.000254365
-0.000418916
-0.0002504
-0.000247638
-0.000413456
-0.00024366
-0.000240888
-0.000407973
-0.000236897
-0.000234118
-0.000402469
-0.000230117
-0.000227332
-0.000396949
-0.000223322
-0.000220533
-0.000391416
-0.000216516
-0.000213724
-0.000385873
-0.000209701
-0.000206909
-0.000380323
-0.000202882
-0.000200091
-0.000374769
-0.000196061
-0.000193273
-0.000369215
-0.000189242
-0.000186459
-0.000363664
-0.000182427
-0.000179651
-0.000358119
-0.00017562
-0.000172852
-0.000352583
-0.000168824
-0.000166066
-0.000347059
-0.000162042
-0.000159295
-0.000341551
-0.000155277
-0.000152543
-0.000336059
-0.000148532
-0.000145812
-0.000330589
-0.000141809
-0.000139104
-0.000325143
-0.000135112
-0.000132424
-0.000319722
-0.000128442
-0.000125773
-0.000314331
-0.000121804
-0.000119155
-0.000308971
-0.000115199
-0.000112571
-0.000303646
-0.00010863
-0.000106024
-0.000298357
-0.0001021
-9.95176e-05
-0.000293108
-9.5611e-05
-9.3053e-05
-0.0002879
-8.91652e-05
-8.66329e-05
-0.000282736
-8.27652e-05
-8.02597e-05
-0.000277619
-7.64132e-05
-7.39355e-05
-0.00027255
-7.01115e-05
-6.76625e-05
-0.000267531
-6.38622e-05
-6.14429e-05
-0.000262566
-5.76674e-05
-5.52787e-05
-0.000257655
-5.15291e-05
-4.91718e-05
-0.000252801
-4.54493e-05
-4.31242e-05
-0.000248005
-3.94299e-05
-3.71377e-05
-0.00024327
-3.34727e-05
-3.12141e-05
-0.000238598
-2.75795e-05
-2.53552e-05
-0.000233989
-2.17521e-05
-1.95627e-05
-0.000229446
-1.59919e-05
-1.3838e-05
-0.00022497
-1.03008e-05
-8.1829e-06
-0.000220564
-4.68013e-06
-2.59874e-06
-0.000216227
8.68556e-07
2.913e-06
-0.000211962
6.34386e-06
8.35096e-06
-0.00020777
1.17444e-05
1.37138e-05
-0.000203653
1.7069e-05
1.90003e-05
-0.000199611
2.23162e-05
2.42092e-05
-0.000195646
2.7485e-05
2.93394e-05
-0.000191758
3.25741e-05
3.43897e-05
-0.00018795
3.75825e-05
3.93592e-05
-0.000184222
4.25092e-05
4.42467e-05
-0.000180575
4.73532e-05
4.90514e-05
-0.00017701
5.21135e-05
5.37724e-05
-0.000173528
5.67892e-05
5.84087e-05
-0.00017013
6.13795e-05
6.29595e-05
-0.000166816
6.58835e-05
6.74241e-05
-0.000163588
7.03005e-05
7.18017e-05
-0.000160445
7.46298e-05
7.60917e-05
-0.00015739
7.88706e-05
8.02932e-05
-0.000154422
8.30223e-05
8.44058e-05
-0.000151541
8.70842e-05
8.84287e-05
-0.00014875
9.10559e-05
9.23614e-05
-0.000146048
9.49366e-05
9.62033e-05
-0.000143435
9.87258e-05
9.9954e-05
-0.000140913
0.000102423
0.000103613
-0.000138481
0.000106028
0.000107179
-0.000136141
0.00010954
0.000110653
-0.000133892
0.000112958
0.000114034
-0.000131735
0.000116283
0.000117321
-0.000129671
0.000119513
0.000120514
-0.000127699
0.000122649
0.000123613
-0.000125821
0.00012569
0.000126617
-0.000124036
0.000128635
0.000129525
-0.000122346
0.000131485
0.000132339
-0.000120749
0.000134238
0.000135056
-0.000119247
0.000136895
0.000137677
-0.000117841
0.000139456
0.000140202
-0.000116529
0.000141919
0.000142629
-0.000115313
0.000144284
0.00014496
-0.000114193
0.000146552
0.000147192
-0.000113169
0.000148721
0.000149327
-0.000112242
0.000150793
0.000151364
-0.000111411
0.000152765
0.000153302
-0.000110678
0.000154638
0.000155142
-0.000110042
0.000156412
0.000156882
-0.000109504
0.000158087
0.000158522
-0.000109064
0.000159661
0.000160063
-0.000108722
0.000161135
0.000161504
-0.000108479
0.000162508
0.000162844
-0.000108335
0.00016378
0.000164084
-0.00010829
0.000164951
0.000165222
-0.000108345
0.000166021
0.000166259
-0.0001085
0.000166988
0.000167194
-0.000108755
0.000167854
0.000168027
-0.00010911
0.000168617
0.000168758
-0.000109566
0.000169277
0.000169386
-0.000110123
0.000169834
0.00016991
-0.000110782
0.000170288
0.000170332
-0.000111542
0.000170638
0.00017065
-0.000112404
0.000170884
0.000170864
-0.000113368
0.000171026
0.000170975
-0.000114435
0.000171063
0.00017098
-0.000115605
0.000170996
0.000170881
-0.000116877
0.000170823
0.000170677
-0.000118253
0.000170546
0.000170368
-0.000119732
0.000170163
0.000169953
-0.000121315
0.000169674
0.000169433
-0.000123002
0.00016908
0.000168807
-0.000124793
0.00016838
0.000168075
-0.000126688
0.000167573
0.000167237
-0.000128687
0.000166661
0.000166292
-0.000130791
0.000165643
0.000165232
-0.000132998
0.000164544
0.000164102
-0.000135262
0.000163387
0.000162914
-0.000137601
0.000162155
0.000161634
-0.000140024
0.000160971
0.000160117
-0.000142712
0.000159271
0.000158721
-0.000145238
0.000157607
0.000156942
-0.000148178
0.00015608
0.000155109
0.000154111
0.000148806
0.000152442
-5.80507e-05
-0.000156562
5.13328e-05
0.000153017
0.000161927
0.000145901
0.000159499
0.000142337
0.000156135
0.000139216
0.000152684
0.000136137
0.000149195
0.000133014
0.000145641
0.000129809
0.000141998
0.000126503
0.000138251
0.000123082
0.000134392
0.00011954
0.000130416
0.000115874
0.000126486
0.000111756
0.000122636
0.000107372
0.000118659
0.000102814
0.000114524
9.81002e-05
0.000110233
9.32375e-05
0.000105791
8.82318e-05
0.000101204
8.30889e-05
9.64796e-05
7.78145e-05
9.16222e-05
7.24138e-05
8.6638e-05
6.68923e-05
8.15325e-05
6.12551e-05
7.63111e-05
5.55071e-05
7.0979e-05
-0.000267789
4.96489e-05
6.07065e-05
-0.000278627
4.48522e-05
5.51679e-05
-0.000285255
3.98773e-05
5.01753e-05
-0.000291349
3.49429e-05
4.52631e-05
-0.00029736
3.00215e-05
4.03499e-05
-0.000303369
2.50839e-05
3.54078e-05
-0.000309403
2.01109e-05
3.04216e-05
-0.000315478
1.50905e-05
2.53825e-05
-0.000321603
1.00156e-05
2.0285e-05
-0.000327785
4.88182e-06
1.51264e-05
-0.000334024
-3.12939e-07
9.90522e-06
-0.000340324
-5.56952e-06
4.62132e-06
-0.000346685
-1.08879e-05
-7.24846e-07
-0.000353105
-1.62673e-05
-6.13233e-06
-0.000359584
-2.17066e-05
-1.15998e-05
-0.000366121
-2.72046e-05
-1.71258e-05
-0.000372714
-3.27594e-05
-2.27086e-05
-0.000379362
-3.83695e-05
-2.83464e-05
-0.000386062
-4.4033e-05
-3.40372e-05
-0.000392813
-4.97478e-05
-3.9779e-05
-0.000399613
-5.55119e-05
-4.55698e-05
-0.000406459
-6.13232e-05
-5.14074e-05
-0.00041335
-6.71797e-05
-5.72897e-05
-0.000420283
-7.3079e-05
-6.32144e-05
-0.000427257
-7.90189e-05
-6.91792e-05
-0.000434268
-8.49972e-05
-7.51819e-05
-0.000441314
-9.10115e-05
-8.12201e-05
-0.000448394
-9.70594e-05
-8.72914e-05
-0.000455505
-0.000103138
-9.33934e-05
-0.000462643
-0.000109246
-9.95236e-05
-0.000469808
-0.000115381
-0.00010568
-0.000476996
-0.000121539
-0.000111859
-0.000484205
-0.000127718
-0.000118059
-0.000491432
-0.000133916
-0.000124277
-0.000498675
-0.00014013
-0.00013051
-0.000505931
-0.000146357
-0.000136757
-0.000513198
-0.000152595
-0.000143014
-0.000520472
-0.000158842
-0.000149278
-0.000527751
-0.000165094
-0.000155547
-0.000535033
-0.000171348
-0.000161818
-0.000542315
-0.000177603
-0.000168089
-0.000549593
-0.000183854
-0.000174357
-0.000556866
-0.000190101
-0.000180618
-0.00056413
-0.000196339
-0.000186871
-0.000571383
-0.000202565
-0.000193112
-0.000578622
-0.000208778
-0.000199339
-0.000585843
-0.000214975
-0.000205548
-0.000593045
-0.000221151
-0.000211738
-0.000600225
-0.000227306
-0.000217905
-0.000607379
-0.000233435
-0.000224046
-0.000614505
-0.000239537
-0.000230159
-0.0006216
-0.000245607
-0.000236241
-0.000628661
-0.000251644
-0.000242288
-0.000635686
-0.000257645
-0.0002483
-0.000642671
-0.000263606
-0.000254271
-0.000649614
-0.000269526
-0.000260201
-0.000656512
-0.0002754
-0.000266085
-0.000663363
-0.000281227
-0.000271921
-0.000670163
-0.000287004
-0.000277708
-0.000676909
-0.000292728
-0.000283441
-0.0006836
-0.000298397
-0.000289118
-0.000690233
-0.000304007
-0.000294736
-0.000696804
-0.000309556
-0.000300294
-0.000703311
-0.000315041
-0.000305788
-0.000709752
-0.00032046
-0.000311216
-0.000716123
-0.000325811
-0.000316574
-0.000722423
-0.00033109
-0.000321862
-0.000728649
-0.000336295
-0.000327076
-0.000734799
-0.000341424
-0.000332213
-0.000740869
-0.000346475
-0.000337272
-0.000746858
-0.000351444
-0.00034225
-0.000752763
-0.00035633
-0.000347145
-0.000758582
-0.000361131
-0.000351954
-0.000764313
-0.000365843
-0.000356676
-0.000769953
-0.000370465
-0.000361308
-0.0007755
-0.000374995
-0.000365847
-0.000780953
-0.000379431
-0.000370293
-0.000786308
-0.00038377
-0.000374642
-0.000791565
-0.000388011
-0.000378894
-0.00079672
-0.000392152
-0.000383045
-0.000801773
-0.000396191
-0.000387095
-0.000806721
-0.000400125
-0.000391041
-0.000811563
-0.000403954
-0.000394882
-0.000816296
-0.000407676
-0.000398616
-0.00082092
-0.000411288
-0.000402242
-0.000825432
-0.00041479
-0.000405757
-0.000829831
-0.00041818
-0.000409161
-0.000834116
-0.000421456
-0.000412451
-0.000838284
-0.000424617
-0.000415628
-0.000842336
-0.000427662
-0.000418688
-0.000846269
-0.00043059
-0.000421632
-0.000850082
-0.000433399
-0.000424458
-0.000853774
-0.000436089
-0.000427165
-0.000857345
-0.000438657
-0.000429752
-0.000860793
-0.000441105
-0.000432218
-0.000864116
-0.000443429
-0.000434562
-0.000867315
-0.00044563
-0.000436783
-0.000870388
-0.000447707
-0.000438881
-0.000873336
-0.00044966
-0.000440855
-0.000876156
-0.000451487
-0.000442704
-0.000878848
-0.000453188
-0.000444427
-0.000881413
-0.000454762
-0.000446025
-0.000883849
-0.00045621
-0.000447497
-0.000886156
-0.000457531
-0.000448843
-0.000888334
-0.000458724
-0.000450062
-0.000890383
-0.00045979
-0.000451154
-0.000892302
-0.000460728
-0.000452119
-0.000894091
-0.000461538
-0.000452957
-0.000895751
-0.00046222
-0.000453668
-0.00089728
-0.000462775
-0.000454253
-0.00089868
-0.000463202
-0.00045471
-0.000899951
-0.000463502
-0.00045504
-0.000901092
-0.000463674
-0.000455245
-0.000902104
-0.00046372
-0.000455323
-0.000902987
-0.000463639
-0.000455275
-0.000903742
-0.000463433
-0.000455102
-0.000904369
-0.000463101
-0.000454805
-0.000904869
-0.000462644
-0.000454383
-0.000905241
-0.000462062
-0.000453837
-0.000905488
-0.000461357
-0.000453169
-0.000905609
-0.00046053
-0.000452378
-0.000905605
-0.000459579
-0.000451466
-0.000905477
-0.000458508
-0.000450433
-0.000905226
-0.000457316
-0.00044928
-0.000904852
-0.000456005
-0.000448008
-0.000904357
-0.000454575
-0.000446619
-0.000903742
-0.000453027
-0.000445112
-0.000903007
-0.000451363
-0.000443489
-0.000902153
-0.000449583
-0.000441752
-0.000901183
-0.00044769
-0.0004399
-0.000900096
-0.000445683
-0.000437937
-0.000898894
-0.000443564
-0.000435861
-0.000897579
-0.000441335
-0.000433676
-0.00089615
-0.000438996
-0.000431382
-0.000894611
-0.000436549
-0.00042898
-0.000892962
-0.000433996
-0.000426473
-0.000891204
-0.000431338
-0.00042386
-0.000889339
-0.000428576
-0.000421144
-0.000887369
-0.000425711
-0.000418326
-0.000885294
-0.000422746
-0.000415408
-0.000883117
-0.000419681
-0.00041239
-0.000880838
-0.000416519
-0.000409275
-0.000878459
-0.00041326
-0.000406065
-0.000875983
-0.000409907
-0.00040276
-0.000873409
-0.000406461
-0.000399362
-0.000870741
-0.000402924
-0.000395873
-0.00086798
-0.000399296
-0.000392295
-0.000865127
-0.000395582
-0.000388629
-0.000862184
-0.00039178
-0.000384877
-0.000859153
-0.000387895
-0.000381041
-0.000856035
-0.000383926
-0.000377122
-0.000852833
-0.000379877
-0.000373122
-0.000849548
-0.000375749
-0.000369043
-0.000846181
-0.000371543
-0.000364887
-0.000842735
-0.000367261
-0.000360655
-0.000839212
-0.000362906
-0.000356349
-0.000835612
-0.000358479
-0.000351972
-0.000831939
-0.000353982
-0.000347525
-0.000828194
-0.000349417
-0.000343009
-0.000824378
-0.000344786
-0.000338428
-0.000820494
-0.000340091
-0.000333782
-0.000816544
-0.000335333
-0.000329073
-0.000812529
-0.000330515
-0.000324304
-0.000808452
-0.000325638
-0.000319476
-0.000804314
-0.000320704
-0.000314592
-0.000800118
-0.000315717
-0.000309653
-0.000795865
-0.000310676
-0.000304661
-0.000791557
-0.000305585
-0.000299618
-0.000787196
-0.000300446
-0.000294527
-0.000782784
-0.00029526
-0.000289388
-0.000778324
-0.000290029
-0.000284205
-0.000773817
-0.000284756
-0.000278979
-0.000769265
-0.000279442
-0.000273712
-0.000764671
-0.00027409
-0.000268407
-0.000760036
-0.000268701
-0.000263064
-0.000755362
-0.000263279
-0.000257687
-0.000750652
-0.000257824
-0.000252278
-0.000745907
-0.000252338
-0.000246837
-0.00074113
-0.000246825
-0.000241369
-0.000736322
-0.000241286
-0.000235874
-0.000731486
-0.000235723
-0.000230354
-0.000726624
-0.000230138
-0.000224813
-0.000721738
-0.000224533
-0.000219251
-0.00071683
-0.000218911
-0.000213671
-0.000711902
-0.000213274
-0.000208075
-0.000706957
-0.000207623
-0.000202466
-0.000701996
-0.000201962
-0.000196844
-0.000697021
-0.000196291
-0.000191214
-0.000692036
-0.000190614
-0.000185576
-0.000687041
-0.000184932
-0.000179932
-0.000682039
-0.000179247
-0.000174286
-0.000677032
-0.000173562
-0.000168639
-0.000672022
-0.000167879
-0.000162992
-0.000667012
-0.0001622
-0.00015735
-0.000662004
-0.000156528
-0.000151713
-0.000657
-0.000150864
-0.000146083
-0.000652001
-0.00014521
-0.000140464
-0.000647011
-0.000139569
-0.000134856
-0.000642031
-0.000133944
-0.000129263
-0.000637064
-0.000128335
-0.000123687
-0.000632112
-0.000122746
-0.000118129
-0.000627176
-0.000117179
-0.000112592
-0.00062226
-0.000111636
-0.000107078
-0.000617365
-0.000106118
-0.000101589
-0.000612494
-0.000100629
-9.61279e-05
-0.000607649
-9.5171e-05
-9.06963e-05
-0.000602832
-8.97452e-05
-8.52966e-05
-0.000598045
-8.43544e-05
-7.9931e-05
-0.00059329
-7.90008e-05
-7.46017e-05
-0.00058857
-7.36865e-05
-6.93108e-05
-0.000583887
-6.84138e-05
-6.40606e-05
-0.000579242
-6.31849e-05
-5.88533e-05
-0.00057464
-5.8002e-05
-5.36911e-05
-0.00057008
-5.28674e-05
-4.85761e-05
-0.000565566
-4.77831e-05
-4.35106e-05
-0.0005611
-4.27515e-05
-3.84968e-05
-0.000556685
-3.77747e-05
-3.35368e-05
-0.000552321
-3.28549e-05
-2.86328e-05
-0.000548012
-2.79943e-05
-2.3787e-05
-0.000543759
-2.3195e-05
-1.90016e-05
-0.000539565
-1.84593e-05
-1.42787e-05
-0.000535432
-1.37893e-05
-9.62047e-06
-0.000531362
-9.18719e-06
-5.02909e-06
-0.000527357
-4.65509e-06
-5.06701e-07
-0.00052342
-1.95141e-07
3.94458e-06
-0.000519552
4.19051e-06
8.32261e-06
-0.000515756
8.49974e-06
1.26253e-05
-0.000512034
1.27304e-05
1.68505e-05
-0.000508387
1.68805e-05
2.09961e-05
-0.000504819
2.09479e-05
2.50601e-05
-0.00050133
2.49304e-05
2.90404e-05
-0.000497924
2.88261e-05
3.29349e-05
-0.000494601
3.26329e-05
3.67416e-05
-0.000491365
3.63488e-05
4.04585e-05
-0.000488217
3.99717e-05
4.40834e-05
-0.00048516
4.34997e-05
4.76145e-05
-0.000482194
4.69307e-05
5.10498e-05
-0.000479323
5.02628e-05
5.43872e-05
-0.000476548
5.3494e-05
5.76248e-05
-0.000473871
5.66225e-05
6.07608e-05
-0.000471294
5.96462e-05
6.37931e-05
-0.000468819
6.25634e-05
6.672e-05
-0.000466447
6.53721e-05
6.95394e-05
-0.000464182
6.80706e-05
7.22497e-05
-0.000462024
7.06569e-05
7.48489e-05
-0.000459975
7.31293e-05
7.73353e-05
-0.000458037
7.54861e-05
7.9707e-05
-0.000456212
7.77254e-05
8.19624e-05
-0.000454502
7.98456e-05
8.40997e-05
-0.000452908
8.1845e-05
8.61172e-05
-0.000451432
8.37219e-05
8.80132e-05
-0.000450076
8.54746e-05
8.97862e-05
-0.000448841
8.71017e-05
9.14344e-05
-0.000447728
8.86015e-05
9.29564e-05
-0.000446741
8.99724e-05
9.43505e-05
-0.000445879
9.1213e-05
9.56152e-05
-0.000445144
9.23219e-05
9.67491e-05
-0.000444539
9.32975e-05
9.77508e-05
-0.000444064
9.41384e-05
9.86187e-05
-0.00044372
9.48434e-05
9.93516e-05
-0.00044351
9.54111e-05
9.99481e-05
-0.000443434
9.58402e-05
0.000100407
-0.000443494
9.61294e-05
0.000100727
-0.00044369
9.62776e-05
0.000100906
-0.000444025
9.62836e-05
0.000100945
-0.000444499
9.61463e-05
0.00010084
-0.000445114
9.58646e-05
0.000100592
-0.00044587
9.54375e-05
0.0001002
-0.000446768
9.48639e-05
9.96619e-05
-0.00044781
9.4143e-05
9.89771e-05
-0.000448996
9.32739e-05
9.81449e-05
-0.000450327
9.22556e-05
9.71642e-05
-0.000451805
9.10875e-05
9.60344e-05
-0.000453429
8.97688e-05
9.47546e-05
-0.000455201
8.82987e-05
9.33242e-05
-0.000457121
8.66767e-05
9.17424e-05
-0.00045919
8.49021e-05
9.00087e-05
-0.000461409
8.29745e-05
8.81224e-05
-0.000463778
8.08933e-05
8.60832e-05
-0.000466297
7.86581e-05
8.38905e-05
-0.000468967
7.62686e-05
8.1544e-05
-0.000471789
7.37244e-05
7.90434e-05
-0.000474762
7.10253e-05
7.63882e-05
-0.000477887
6.81711e-05
7.35785e-05
-0.000481164
6.51617e-05
7.06139e-05
-0.000484593
6.1997e-05
6.74944e-05
-0.000488174
5.86769e-05
6.42199e-05
-0.000491907
5.52015e-05
6.07905e-05
-0.000495793
5.1571e-05
5.72063e-05
-0.000499831
4.77855e-05
5.34674e-05
-0.00050402
4.38453e-05
4.95741e-05
-0.000508361
3.97505e-05
4.55265e-05
-0.000512853
3.55017e-05
4.13251e-05
-0.000517497
3.10993e-05
3.69703e-05
-0.00052229
2.65437e-05
3.24626e-05
-0.000527234
2.18355e-05
2.78024e-05
1.69832e-05
2.62451e-05
1.00828e-05
2.01948e-05
3.62419e-06
1.3649e-05
-2.85032e-06
6.99207e-06
-9.38463e-06
2.73259e-07
-1.59752e-05
-6.49478e-06
-2.26147e-05
-1.33052e-05
-2.92974e-05
-2.0154e-05
-3.60197e-05
-2.70391e-05
-4.27801e-05
-3.39599e-05
-4.95782e-05
-4.09169e-05
-5.64144e-05
-4.79112e-05
-6.32897e-05
-5.49443e-05
-7.02053e-05
-6.20179e-05
-7.71627e-05
-6.91336e-05
-8.41631e-05
-7.62932e-05
-9.1208e-05
-8.3498e-05
-9.82983e-05
-9.07496e-05
-0.000105435
-9.80491e-05
-0.00011262
-0.000105398
-0.000119852
-0.000112796
-0.000127196
-0.00012008
-0.000134733
-0.000127399
-0.000142374
-0.00013479
-0.000150097
-0.000142257
-0.000157899
-0.0001498
-0.000165778
-0.000157417
-0.000173733
-0.000165107
-0.000181763
-0.000172868
-0.000189867
-0.000180699
-0.000198043
-0.000188599
-0.00020629
-0.000196566
-0.000214607
-0.000204598
-0.000222992
-0.000212693
-0.000231445
-0.000220851
-0.000239963
-0.000229069
-0.000248545
-0.000237346
-0.00025719
-0.00024568
-0.000265896
-0.000832734
-0.000254078
-0.00027189
-0.000838974
-0.000263304
-0.000280647
-0.000847975
-0.000272558
-0.000289909
-0.000857477
-0.000281906
-0.000299382
-0.000867188
-0.000291376
-0.000308989
-0.000877028
-0.00030096
-0.000318702
-0.000886972
-0.000310642
-0.000328507
-0.000897005
-0.00032041
-0.000338392
-0.000907116
-0.000330256
-0.000348347
-0.000917293
-0.000340172
-0.000358355
-0.000927519
-0.000350158
-0.000368454
-0.000937835
-0.000360234
-0.000378667
-0.00094826
-0.00037042
-0.000388936
-0.00095874
-0.000380662
-0.000399231
-0.000969291
-0.000390978
-0.000409723
-0.000980268
-0.000401716
-0.000420587
-0.000991441
-0.000412645
-0.00043165
-0.00100283
-0.000423821
-0.000442876
-0.00101435
-0.000435206
-0.000454136
-0.00102581
-0.000446498
-0.000465394
-0.00103727
-0.000457758
-0.000476637
-0.00104871
-0.000468998
-0.000487858
-0.00106013
-0.000480215
-0.000499053
-0.00107152
-0.000491406
-0.000510218
-0.00108287
-0.000502568
-0.00052135
-0.00109418
-0.000513698
-0.000532446
-0.00110546
-0.000524792
-0.000543504
-0.0011167
-0.000535849
-0.000554519
-0.00112789
-0.000546864
-0.000565489
-0.00113903
-0.000557835
-0.000576411
-0.00115012
-0.000568758
-0.000587281
-0.00116116
-0.00057963
-0.000598096
-0.00117213
-0.000590448
-0.000608853
-0.00118305
-0.000601208
-0.000619548
-0.0011939
-0.000611906
-0.000630178
-0.00120468
-0.00062254
-0.000640739
-0.0012154
-0.000633106
-0.000651228
-0.00122603
-0.000643599
-0.000661641
-0.00123659
-0.000654017
-0.000671974
-0.00124706
-0.000664355
-0.000682224
-0.00125745
-0.00067461
-0.000692386
-0.00126774
-0.000684778
-0.000702458
-0.00127795
-0.000694855
-0.000712435
-0.00128805
-0.000704838
-0.000722314
-0.00129805
-0.000714722
-0.00073209
-0.00130795
-0.000724504
-0.00074176
-0.00131774
-0.000734179
-0.000751321
-0.00132741
-0.000743745
-0.000760767
-0.00133697
-0.000753197
-0.000770096
-0.00134641
-0.000762531
-0.000779304
-0.00135572
-0.000771744
-0.000788387
-0.00136491
-0.000780831
-0.000797341
-0.00137396
-0.00078979
-0.000806162
-0.00138288
-0.000798616
-0.000814848
-0.00139166
-0.000807305
-0.000823393
-0.00140029
-0.000815855
-0.000831796
-0.00140878
-0.000824261
-0.000840051
-0.00141712
-0.00083252
-0.000848156
-0.0014253
-0.000840628
-0.000856107
-0.00143333
-0.000848582
-0.000863901
-0.0014412
-0.000856378
-0.000871534
-0.0014489
-0.000864014
-0.000879003
-0.00145644
-0.000871485
-0.000886305
-0.0014638
-0.000878789
-0.000893437
-0.00147099
-0.000885922
-0.000900395
-0.00147801
-0.000892882
-0.000907178
-0.00148485
-0.000899666
-0.00091378
-0.0014915
-0.000906269
-0.000920201
-0.00149797
-0.00091269
-0.000926437
-0.00150425
-0.000918927
-0.000932485
-0.00151034
-0.000924975
-0.000938342
-0.00151623
-0.000930833
-0.000944007
-0.00152194
-0.000936498
-0.000949477
-0.00152744
-0.000941967
-0.000954749
-0.00153274
-0.000947239
-0.000959821
-0.00153784
-0.000952311
-0.000964692
-0.00154273
-0.000957181
-0.000969358
-0.00154742
-0.000961846
-0.000973818
-0.00155189
-0.000966306
-0.00097807
-0.00155616
-0.000970557
-0.000982112
-0.00156021
-0.000974599
-0.000985943
-0.00156405
-0.000978429
-0.00098956
-0.00156767
-0.000982047
-0.000992963
-0.00157107
-0.00098545
-0.00099615
-0.00157426
-0.000988637
-0.00099912
-0.00157722
-0.000991607
-0.00100187
-0.00157997
-0.000994358
-0.0010044
-0.00158249
-0.00099689
-0.00100671
-0.00158478
-0.000999202
-0.0010088
-0.00158686
-0.00100129
-0.00101067
-0.0015887
-0.00100316
-0.00101231
-0.00159032
-0.00100481
-0.00101373
-0.00159172
-0.00100623
-0.00101493
-0.00159288
-0.00100743
-0.0010159
-0.00159382
-0.0010084
-0.00101665
-0.00159453
-0.00100915
-0.00101717
-0.00159502
-0.00100968
-0.00101746
-0.00159527
-0.00100998
-0.00101754
-0.0015953
-0.00101006
-0.00101738
-0.0015951
-0.00100991
-0.001017
-0.00159466
-0.00100954
-0.0010164
-0.00159401
-0.00100894
-0.00101557
-0.00159312
-0.00100812
-0.00101452
-0.00159201
-0.00100708
-0.00101324
-0.00159067
-0.00100581
-0.00101174
-0.0015891
-0.00100432
-0.00101002
-0.00158731
-0.00100261
-0.00100807
-0.0015853
-0.00100068
-0.00100591
-0.00158306
-0.000998528
-0.00100353
-0.0015806
-0.000996159
-0.00100093
-0.00157792
-0.000993572
-0.000998108
-0.00157501
-0.000990768
-0.000995073
-0.00157189
-0.000987749
-0.000991822
-0.00156855
-0.000984517
-0.000988359
-0.001565
-0.000981071
-0.000984683
-0.00156122
-0.000977414
-0.000980797
-0.00155724
-0.000973548
-0.000976701
-0.00155304
-0.000969473
-0.000972399
-0.00154863
-0.000965193
-0.00096789
-0.00154402
-0.000960707
-0.000963178
-0.0015392
-0.000956019
-0.000958265
-0.00153417
-0.000951129
-0.000953151
-0.00152894
-0.000946041
-0.000947839
-0.00152351
-0.000940756
-0.000942332
-0.00151787
-0.000935275
-0.000936631
-0.00151205
-0.000929602
-0.000930738
-0.00150603
-0.000923739
-0.000924657
-0.00149981
-0.000917687
-0.000918388
-0.00149341
-0.000911449
-0.000911936
-0.00148682
-0.000905028
-0.000905301
-0.00148004
-0.000898425
-0.000898487
-0.00147308
-0.000891644
-0.000891497
-0.00146595
-0.000884688
-0.000884333
-0.00145863
-0.000877558
-0.000876997
-0.00145114
-0.000870257
-0.000869493
-0.00144348
-0.000862788
-0.000861823
-0.00143565
-0.000855155
-0.00085399
-0.00142766
-0.000847359
-0.000845998
-0.0014195
-0.000839405
-0.000837849
-0.00141118
-0.000831294
-0.000829547
-0.00140271
-0.00082303
-0.000821093
-0.00139408
-0.000814615
-0.000812493
-0.0013853
-0.000806054
-0.000803749
-0.00137637
-0.00079735
-0.000794863
-0.0013673
-0.000788505
-0.000785841
-0.00135809
-0.000779523
-0.000776684
-0.00134875
-0.000770407
-0.000767397
-0.00133927
-0.000761161
-0.000757983
-0.00132965
-0.000751789
-0.000748446
-0.00131992
-0.000742293
-0.000738789
-0.00131006
-0.000732677
-0.000729016
-0.00130008
-0.000722946
-0.000719131
-0.00128998
-0.000713103
-0.000709137
-0.00127978
-0.000703151
-0.000699039
-0.00126946
-0.000693094
-0.00068884
-0.00125904
-0.000682937
-0.000678544
-0.00124852
-0.000672682
-0.000668155
-0.00123791
-0.000662335
-0.000657678
-0.0012272
-0.000651899
-0.000647116
-0.00121641
-0.000641379
-0.000636474
-0.00120553
-0.000630777
-0.000625755
-0.00119457
-0.000620099
-0.000614965
-0.00118354
-0.000609349
-0.000604107
-0.00117244
-0.000598531
-0.000593186
-0.00116127
-0.000587649
-0.000582205
-0.00115003
-0.000576708
-0.000571171
-0.00113875
-0.000565712
-0.000560086
-0.0011274
-0.000554666
-0.000548956
-0.00111601
-0.000543574
-0.000537786
-0.00110457
-0.00053244
-0.000526579
-0.0010931
-0.00052127
-0.00051534
-0.00108159
-0.000510068
-0.000504075
-0.00107005
-0.000498838
-0.000492788
-0.00105848
-0.000487586
-0.000481483
-0.0010469
-0.000476315
-0.000470166
-0.00103529
-0.000465032
-0.000458841
-0.00102368
-0.00045374
-0.000447514
-0.00101206
-0.000442445
-0.000436188
-0.00100044
-0.000431151
-0.00042487
-0.000988824
-0.000419864
-0.000413563
-0.000977216
-0.000408588
-0.000402274
-0.000965621
-0.000397328
-0.000391007
-0.000954045
-0.00038609
-0.000379766
-0.000942493
-0.000374878
-0.000368558
-0.000930969
-0.000363697
-0.000357387
-0.00091948
-0.000352553
-0.000346258
-0.000908028
-0.00034145
-0.000335176
-0.000896621
-0.000330394
-0.000324146
-0.000885263
-0.000319389
-0.000313173
-0.000873958
-0.000308441
-0.000302263
-0.000862713
-0.000297555
-0.000291421
-0.000851531
-0.000286735
-0.00028065
-0.000840419
-0.000275987
-0.000269958
-0.000829381
-0.000265317
-0.000259347
-0.000818421
-0.000254728
-0.000248824
-0.000807546
-0.000244226
-0.000238394
-0.00079676
-0.000233816
-0.000228061
-0.000786068
-0.000223503
-0.00021783
-0.000775475
-0.000213291
-0.000207706
-0.000764986
-0.000203187
-0.000197695
-0.000754606
-0.000193194
-0.0001878
-0.000744338
-0.000183317
-0.000178026
-0.000734189
-0.000173561
-0.000168379
-0.000724163
-0.000163932
-0.000158862
-0.000714264
-0.000154432
-0.000149481
-0.000704498
-0.000145068
-0.000140239
-0.000694867
-0.000135844
-0.000131142
-0.000685378
-0.000126763
-0.000122193
-0.000676034
-0.000117831
-0.000113397
-0.00066684
-0.000109052
-0.000104758
-0.000657799
-0.00010043
-9.62808e-05
-0.000648916
-9.19691e-05
-8.79683e-05
-0.000640196
-8.36733e-05
-7.98248e-05
-0.000631641
-7.55467e-05
-7.18542e-05
-0.000623256
-6.7593e-05
-6.40603e-05
-0.000615044
-5.98162e-05
-5.64466e-05
-0.000607009
-5.22197e-05
-4.90166e-05
-0.000599155
-4.48073e-05
-4.17738e-05
-0.000591485
-3.75822e-05
-3.47214e-05
-0.000584002
-3.05479e-05
-2.78625e-05
-0.00057671
-2.37074e-05
-2.12002e-05
-0.000569611
-1.7064e-05
-1.47374e-05
-0.000562708
-1.06204e-05
-8.47691e-06
-0.000556005
-4.37965e-06
-2.42134e-06
-0.000549504
1.65573e-06
3.42679e-06
-0.000543206
7.48315e-06
9.06509e-06
-0.000537116
1.31002e-05
1.44913e-05
-0.000531235
1.85046e-05
1.97034e-05
-0.000525565
2.36942e-05
2.46994e-05
-0.000520108
2.8667e-05
2.94774e-05
-0.000514866
3.34213e-05
3.40358e-05
-0.00050984
3.79552e-05
3.83731e-05
-0.000505033
4.22673e-05
4.24879e-05
-0.000500445
4.63562e-05
4.6379e-05
-0.000496078
5.02205e-05
5.00452e-05
-0.000491934
5.38593e-05
5.34858e-05
-0.000488011
5.72716e-05
5.66998e-05
-0.000484313
6.04565e-05
5.96867e-05
-0.000480839
6.34134e-05
6.24459e-05
-0.000477589
6.61419e-05
6.49773e-05
-0.000474565
6.86416e-05
6.72805e-05
-0.000471766
7.09124e-05
6.93556e-05
-0.000469192
7.29541e-05
7.12026e-05
-0.000466843
7.47668e-05
7.28219e-05
-0.00046472
7.6351e-05
7.42138e-05
-0.000462821
7.77069e-05
7.53789e-05
-0.000461146
7.8835e-05
7.63179e-05
-0.000459694
7.97362e-05
7.70316e-05
-0.000458465
8.04113e-05
7.7521e-05
-0.000457458
8.08611e-05
7.77872e-05
-0.000456671
8.10869e-05
7.78314e-05
-0.000456104
8.10899e-05
7.76551e-05
-0.000455754
8.08715e-05
7.72597e-05
-0.00045562
8.04331e-05
7.66468e-05
-0.000455702
7.97765e-05
7.58182e-05
-0.000455996
7.89033e-05
7.47758e-05
-0.000456502
7.78156e-05
7.35216e-05
-0.000457217
7.65152e-05
7.20576e-05
-0.000458139
7.50044e-05
7.03861e-05
-0.000459266
7.32854e-05
6.85094e-05
7.13681e-05
6.29215e-05
6.92294e-05
5.99128e-05
6.68084e-05
5.74919e-05
6.44178e-05
5.52269e-05
6.20231e-05
5.2951e-05
5.95496e-05
5.05741e-05
5.69397e-05
4.80417e-05
5.41556e-05
4.53213e-05
5.11748e-05
4.23941e-05
4.79851e-05
3.92505e-05
4.45809e-05
3.58871e-05
4.09615e-05
3.23044e-05
3.71289e-05
2.85052e-05
3.30868e-05
2.44943e-05
2.88403e-05
2.0277e-05
2.43951e-05
1.58595e-05
1.97571e-05
1.12482e-05
1.49327e-05
6.44966e-06
9.92817e-06
1.47039e-06
4.74972e-06
-3.68305e-06
-5.96406e-07
-9.00419e-06
-6.10409e-06
-1.44867e-05
-1.17673e-05
-2.01243e-05
-1.75803e-05
-2.5911e-05
-2.35372e-05
-3.18408e-05
-2.96325e-05
-3.79078e-05
-3.58606e-05
-4.41064e-05
-4.22162e-05
-5.04309e-05
-4.86941e-05
-5.6876e-05
-5.52891e-05
-6.34362e-05
-6.19963e-05
-7.01064e-05
-6.88107e-05
-7.68814e-05
-7.57275e-05
-8.37563e-05
-8.27419e-05
-9.0726e-05
-8.98495e-05
-9.77859e-05
-9.70455e-05
-0.000104931
-0.000104326
-0.000112157
-0.000111676
-0.000119456
-0.000119108
-0.000126831
-0.000126613
-0.000134272
-0.000134187
-0.000141776
-0.000141823
-0.000149339
-0.000149518
-0.000156957
-0.000157269
-0.000164625
-0.00016507
-0.000172339
-0.000172918
-0.000180095
-0.000180809
-0.00018789
-0.00018874
-0.000195719
-0.000196706
-0.000203579
-0.000204704
-0.000211464
-0.000212729
-0.000219373
-0.000220779
-0.000227301
-0.00022885
-0.000235244
-0.000236938
-0.000243199
-0.00024504
-0.000251162
-0.000253152
-0.00025913
-0.00026127
-0.000267098
-0.000269399
-0.000275053
-0.000277514
-0.000282976
-0.000285594
-0.000290851
-0.00029362
-0.000298657
-0.000301573
-0.000306375
-0.000309433
-0.000314035
-0.000317181
-0.00032159
-0.000810224
-0.000324865
-0.000332145
-0.00082007
-0.000333566
-0.00034004
-0.000827253
-0.00034195
-0.000348411
-0.00083491
-0.000349921
-0.000356233
-0.000842014
-0.000357643
-0.00036377
-0.000848833
-0.000365174
-0.000371124
-0.000855464
-0.00037256
-0.000378345
-0.00086196
-0.000379834
-0.000385462
-0.000868351
-0.000387019
-0.000392495
-0.000874654
-0.000394127
-0.000399454
-0.00088088
-0.000401167
-0.000406345
-0.000887036
-0.000408141
-0.000413168
-0.000893122
-0.000415051
-0.000419926
-0.00089914
-0.000421895
-0.000426616
-0.000905087
-0.000428672
-0.000433235
-0.000910961
-0.000435379
-0.000439781
-0.00091676
-0.000442013
-0.000446251
-0.000922479
-0.00044857
-0.000452641
-0.000928117
-0.000455047
-0.000458948
-0.000933668
-0.000461439
-0.000465167
-0.00093913
-0.000467745
-0.000471297
-0.000944499
-0.000473958
-0.000477332
-0.000949771
-0.000480078
-0.000483269
-0.000954944
-0.000486098
-0.000489106
-0.000960013
-0.000492018
-0.000494839
-0.000964975
-0.000497832
-0.000500465
-0.000969828
-0.000503539
-0.000505981
-0.000974568
-0.000509134
-0.000511383
-0.000979193
-0.000514615
-0.000516669
-0.000983699
-0.000519978
-0.000521836
-0.000988083
-0.000525222
-0.000526882
-0.000992344
-0.000530344
-0.000531804
-0.000996477
-0.00053534
-0.000536599
-0.00100048
-0.000540208
-0.000541266
-0.00100436
-0.000544946
-0.000545801
-0.0010081
-0.000549552
-0.000550203
-0.0010117
-0.000554024
-0.00055447
-0.00101517
-0.000558359
-0.000558599
-0.00101849
-0.000562555
-0.00056259
-0.00102168
-0.00056661
-0.000566439
-0.00102472
-0.000570524
-0.000570146
-0.00102762
-0.000574293
-0.00057371
-0.00103037
-0.000577917
-0.000577128
-0.00103297
-0.000581394
-0.000580399
-0.00103543
-0.000584722
-0.000583522
-0.00103773
-0.000587901
-0.000586496
-0.00103988
-0.000590929
-0.00058932
-0.00104188
-0.000593805
-0.000591993
-0.00104373
-0.000596528
-0.000594514
-0.00104542
-0.000599097
-0.000596882
-0.00104696
-0.000601511
-0.000599096
-0.00104834
-0.00060377
-0.000601157
-0.00104956
-0.000605873
-0.000603063
-0.00105063
-0.000607819
-0.000604814
-0.00105154
-0.000609608
-0.00060641
-0.00105229
-0.000611239
-0.00060785
-0.00105288
-0.000612713
-0.000609134
-0.00105332
-0.000614029
-0.000610262
-0.0010536
-0.000615186
-0.000611235
-0.00105372
-0.000616186
-0.000612051
-0.00105368
-0.000617027
-0.000612712
-0.00105348
-0.00061771
-0.000613217
-0.00105313
-0.000618235
-0.000613583
-0.00105263
-0.000618614
-0.000613828
-0.00105201
-0.000618862
-0.000613947
-0.00105126
-0.000618977
-0.000613949
-0.00105039
-0.000618963
-0.00061384
-0.00104941
-0.000618827
-0.000613609
-0.00104831
-0.00061856
-0.000613241
-0.00104706
-0.000618148
-0.000612725
-0.00104567
-0.00061758
-0.00061205
-0.00104411
-0.000616847
-0.000611208
-0.00104239
-0.000615941
-0.000610192
-0.00104048
-0.000614855
-0.000608994
-0.0010384
-0.00061358
-0.000607607
-0.00103612
-0.00061211
-0.000606023
-0.00103365
-0.000610436
-0.000604236
-0.00103096
-0.000608553
-0.000602238
-0.00102807
-0.000606452
-0.000600023
-0.00102495
-0.000604128
-0.000597583
-0.00102161
-0.000601572
-0.000594912
-0.00101804
-0.00059878
-0.000592004
-0.00101422
-0.000595744
-0.000588853
-0.00101016
-0.000592458
-0.000585453
-0.00100585
-0.000588918
-0.000581799
-0.00100129
-0.000585117
-0.000577885
-0.000996457
-0.000581051
-0.000573708
-0.000991363
-0.000576716
-0.000569262
-0.000985997
-0.000572108
-0.000564545
-0.000980358
-0.000567222
-0.000559553
-0.000974442
-0.000562057
-0.000554283
-0.000968246
-0.00055661
-0.000548734
-0.000961769
-0.00055088
-0.000542903
-0.000955007
-0.000544863
-0.00053679
-0.000947961
-0.000538561
-0.000530394
-0.00094063
-0.000531973
-0.000523715
-0.000933014
-0.0005251
-0.000516754
-0.000925114
-0.000517941
-0.000509513
-0.000916931
-0.0005105
-0.000501992
-0.000908467
-0.000502778
-0.000494195
-0.000899724
-0.000494778
-0.000486125
-0.000890706
-0.000486504
-0.000477785
-0.000881415
-0.00047796
-0.000469179
-0.000871857
-0.000469149
-0.000460312
-0.000862036
-0.000460078
-0.00045119
-0.000851957
-0.000450752
-0.000441818
-0.000841627
-0.000441177
-0.000432203
-0.000831051
-0.000431359
-0.000422352
-0.000820236
-0.000421308
-0.000412271
-0.000809191
-0.000411029
-0.00040197
-0.000797922
-0.000400531
-0.000391455
-0.000786438
-0.000389823
-0.000380737
-0.000774748
-0.000378914
-0.000369824
-0.000762862
-0.000367814
-0.000358725
-0.000750787
-0.000356532
-0.000347451
-0.000738536
-0.000345078
-0.000336012
-0.000726117
-0.000333464
-0.000324419
-0.000713542
-0.000321699
-0.000312682
-0.00070082
-0.000309795
-0.000300812
-0.000687965
-0.000297764
-0.000288821
-0.000674986
-0.000285617
-0.00027672
-0.000661895
-0.000273366
-0.000264522
-0.000648705
-0.000261023
-0.000252238
-0.000635426
-0.000248599
-0.000239879
-0.000622071
-0.000236107
-0.000227459
-0.000608653
-0.00022356
-0.000214989
-0.000595182
-0.000210969
-0.000202481
-0.000581673
-0.000198347
-0.000189949
-0.000568135
-0.000185706
-0.000177403
-0.000554583
-0.000173059
-0.000164855
-0.000541027
-0.000160417
-0.000152319
-0.000527481
-0.000147794
-0.000139806
-0.000513956
-0.0001352
-0.000127328
-0.000500463
-0.000122647
-0.000114897
-0.000487015
-0.000110148
-0.000102523
-0.000473623
-9.77143e-05
-9.02189e-05
-0.000460299
-8.53565e-05
-7.79951e-05
-0.000447053
-7.30861e-05
-6.58628e-05
-0.000433896
-6.0914e-05
-5.38325e-05
-0.000420839
-4.88506e-05
-4.19146e-05
-0.000407893
-3.69064e-05
-3.01191e-05
-0.000395068
-2.50914e-05
-1.84558e-05
-0.000382372
-1.34152e-05
-6.9342e-06
-0.000369817
-1.88728e-06
4.43657e-06
-0.00035741
9.48331e-06
1.56477e-05
-0.000345161
2.06879e-05
2.66908e-05
-0.000333078
3.1718e-05
3.75577e-05
-0.000321169
4.25657e-05
4.82407e-05
-0.000309443
5.32234e-05
5.87324e-05
-0.000297906
6.36837e-05
6.90258e-05
-0.000286565
7.39397e-05
7.91142e-05
-0.000275427
8.39849e-05
8.89914e-05
-0.000264499
9.38131e-05
9.86589e-05
-0.000253778
0.000103415
0.000108137
-0.000243245
0.000112789
0.000117397
-0.000232928
0.000121938
0.000126432
-0.000222834
0.000130858
0.000134763
-0.000213443
0.000139508
0.000143416
-0.000203727
0.00014788
0.000151697
-0.000194382
0.000156032
0.000159706
-0.000185307
0.000163941
0.00016746
-0.000176485
0.000171596
0.000174959
-0.000167916
0.000178993
0.000182201
-0.000159603
0.000186127
0.000189183
-0.000151547
0.000192997
0.000195903
-0.000143752
0.0001996
0.000202359
-0.000136219
0.000205933
0.000208548
-0.000128951
0.000211995
0.00021447
-0.000121948
0.000217784
0.000220123
-0.000115213
0.000223299
0.000225504
-0.000108747
0.000228537
0.000230614
-0.000102551
0.000233499
0.000235451
-9.66269e-05
0.000238182
0.000240013
-9.0975e-05
0.000242585
0.0002443
-8.55966e-05
0.000246707
0.000248311
-8.04931e-05
0.000250547
0.000252044
-7.56655e-05
0.000254104
0.000255498
-7.1115e-05
0.000257375
0.000258671
-6.68429e-05
0.00026036
0.000261564
-6.28507e-05
0.000263057
0.000264173
-5.91398e-05
0.000265464
0.000266497
-5.57118e-05
0.00026758
0.000268523
-5.25813e-05
0.000269408
0.000270214
-4.97833e-05
0.000270938
0.000271593
-4.72954e-05
0.000272161
0.000272946
-4.48319e-05
0.000272919
0.000273696
-4.29698e-05
0.000273584
0.000274251
-4.13013e-05
0.000273917
0.000274521
-3.99156e-05
0.000273929
0.000274487
-3.88326e-05
0.000273622
0.000274142
-3.80589e-05
0.000272993
0.000273481
-3.75995e-05
0.000272039
0.0002725
-3.7459e-05
0.000270754
0.000271192
-3.76427e-05
0.000269133
0.000269553
-3.81563e-05
0.000267169
0.000267577
-3.90058e-05
0.000264857
0.000265256
-4.01978e-05
0.00026219
0.000262584
-4.17396e-05
0.000259159
0.000259553
-4.36387e-05
0.000255758
0.000256155
-4.59031e-05
0.000251978
0.000252382
-4.85416e-05
0.00024781
8.91514e-05
-5.17733e-05
-1.26886e-05
-6.62717e-05
1.59701e-05
0.000175811
-0.000123286
0.000193501
0.000189365
-0.000107754
0.000205407
0.000200803
-9.53659e-05
0.000211966
0.000205695
-8.93745e-05
0.000213922
0.000206277
-8.76561e-05
0.000212742
0.000204105
-8.86749e-05
0.000209498
0.000200152
-9.14655e-05
0.000204892
0.000195024
-9.54235e-05
0.000199373
0.000189102
-0.000100171
0.000193221
0.000182621
-0.000138553
5.25339e-05
7.39113e-05
-0.000217839
7.33215e-05
9.73337e-05
-0.000192156
9.46359e-05
9.40574e-05
-0.000192902
9.44072e-05
9.97493e-05
-0.00018658
9.69219e-05
0.000100551
-0.000184573
9.646e-05
9.87245e-05
-0.000185207
9.38467e-05
9.51932e-05
-0.000187564
-0.000159587
-0.000187876
6.16163e-05
9.01451e-05
-0.000189497
9.27562e-05
8.45213e-05
-0.000193955
8.65902e-05
7.79506e-05
-0.000199359
7.99182e-05
7.10918e-05
-0.00020505
7.31101e-05
6.41123e-05
-0.00021086
6.62332e-05
5.70756e-05
-0.000216725
5.93211e-05
5.00132e-05
-0.000222615
5.23939e-05
4.29416e-05
-0.000228513
4.54624e-05
3.58688e-05
-0.00023441
3.85312e-05
2.87977e-05
-0.000240304
3.16011e-05
2.17279e-05
-0.000246196
2.46704e-05
1.46573e-05
-0.000252087
1.77361e-05
7.58251e-06
-0.00025798
1.07945e-05
4.99732e-07
-0.00026388
3.84142e-06
-6.59506e-06
-0.000269791
-3.12725e-06
-1.37059e-05
-0.000275716
-1.01155e-05
-2.08365e-05
-0.00028166
-1.71273e-05
-2.79906e-05
-0.000287626
-2.4166e-05
-3.51714e-05
-0.000293617
-3.12349e-05
-4.2382e-05
-0.000299637
-3.8337e-05
-4.96249e-05
-0.000305688
-4.54747e-05
-5.69025e-05
-0.000311771
-5.26504e-05
-6.42169e-05
-0.000317891
-5.9866e-05
-7.15696e-05
-0.000324047
-6.71231e-05
-7.89621e-05
-0.000330242
-7.44229e-05
-8.63956e-05
-0.000336476
-8.17667e-05
-9.38708e-05
-0.000342751
-8.91551e-05
-0.000101388
-0.000349067
-9.65888e-05
-0.000108949
-0.000355424
-0.000104068
-0.000116552
-0.000361823
-0.000111593
-0.000124197
-0.000368263
-0.000119163
-0.000131885
-0.000374744
-0.000126778
-0.000139615
-0.000381265
-0.000134437
-0.000147386
-0.000387827
-0.000142141
-0.000155197
-0.000394427
-0.000149887
-0.000163048
-0.000401066
-0.000157675
-0.000170937
-0.000407741
-0.000165504
-0.000178862
-0.000414452
-0.000173372
-0.000186823
-0.000421197
-0.000181278
-0.000194818
-0.000427974
-0.000189221
-0.000202844
-0.000434783
-0.000197198
-0.000210902
-0.00044162
-0.000205209
-0.000218987
-0.000448485
-0.00021325
-0.0002271
-0.000455375
-0.00022132
-0.000235237
-0.000462289
-0.000229418
-0.000243396
-0.000469224
-0.000237541
-0.000251576
-0.000476178
-0.000245686
-0.000259774
-0.000483149
-0.000253853
-0.000267988
-0.000490135
-0.000262038
-0.000276216
-0.000270236
-0.000284502
-0.000275494
-0.000290681
-0.000281925
-0.000297412
-0.000290041
-0.000305158
-0.000298246
-0.000313282
-0.00030678
-0.000321659
-0.000315526
-0.000330215
-0.000324418
-0.000338898
-0.000333415
-0.000347673
-0.000342488
-0.000356515
-0.00035162
-0.000365407
-0.000360796
-0.000374337
-0.000370009
-0.000383296
-0.000418301
-0.000547346
-0.000389539
-0.0003856
-0.000398103
-0.000394731
-0.000407318
-0.000404169
-0.000416474
-0.000413615
-0.000425638
-0.000423073
-0.000434808
-0.000432536
-0.000443975
-0.000441999
-0.000453135
-0.000451457
-0.000462283
-0.000460908
-0.000471416
-0.000470347
-0.000480529
-0.000479771
-0.000489621
-0.000489178
-0.000498688
-0.000687966
-0.000498567
-0.000507985
-0.000696001
-0.000504877
-0.000514661
-0.000701456
-0.00051172
-0.000521476
-0.000707029
-0.00051889
-0.000528517
-0.000712824
-0.000526241
-0.000535698
-0.000718757
-0.000533686
-0.000542949
-0.000724759
-0.000541167
-0.000550222
-0.00073078
-0.000548647
-0.000557482
-0.000736787
-0.0005561
-0.000564707
-0.000742758
-0.000563509
-0.000571882
-0.000748678
-0.000570863
-0.000578997
-0.000754536
-0.000578152
-0.000586044
-0.000760325
-0.000585373
-0.000593019
-0.000766041
-0.000592519
-0.000599917
-0.000771679
-0.000599589
-0.000606737
-0.000777237
-0.000606581
-0.000613475
-0.000782713
-0.000613491
-0.000620132
-0.000788105
-0.000620319
-0.000626704
-0.000793413
-0.000627065
-0.000633192
-0.000798635
-0.000633726
-0.000639595
-0.00080377
-0.000640302
-0.000645912
-0.000808818
-0.000646793
-0.000652142
-0.000813779
-0.000653197
-0.000658285
-0.000818651
-0.000659515
-0.00066434
-0.000823435
-0.000665745
-0.000670308
-0.000828129
-0.000671888
-0.000676187
-0.000832735
-0.000677942
-0.000681978
-0.00083725
-0.000683908
-0.00068768
-0.000841676
-0.000689786
-0.000693293
-0.000846012
-0.000695574
-0.000698817
-0.000850258
-0.000701273
-0.000704251
-0.000854413
-0.000706882
-0.000709597
-0.000858478
-0.000712402
-0.000714853
-0.000862453
-0.000717832
-0.00072002
-0.000866337
-0.000723172
-0.000725097
-0.000870131
-0.000728422
-0.000730085
-0.000873834
-0.000733582
-0.000734984
-0.000877447
-0.000738652
-0.000739793
-0.00088097
-0.000743632
-0.000744514
-0.000884403
-0.000748522
-0.000749145
-0.000887746
-0.000753323
-0.000753688
-0.000890999
-0.000758033
-0.000758142
-0.000894162
-0.000762653
-0.000762507
-0.000897236
-0.000767183
-0.000766784
-0.000900221
-0.000771624
-0.000770972
-0.000903116
-0.000775975
-0.000775073
-0.000905922
-0.000780237
-0.000779086
-0.00090864
-0.000784409
-0.000783011
-0.000911269
-0.000788492
-0.000786863
-0.000913809
-0.000792482
-0.000790735
-0.000916342
-0.000796433
-0.000794681
-0.000918996
-0.000800462
-0.00079872
-0.000921741
-0.000804549
-0.000802797
-0.000924522
-0.000808648
-0.000806869
-0.000927297
-0.000812723
-0.000810902
-0.000930032
-0.000816739
-0.000814865
-0.000932694
-0.000820666
-0.000818725
-0.000935253
-0.000824474
-0.000822454
-0.000937678
-0.00082813
-0.000826021
-0.00093994
-0.000831605
-0.000829392
-0.000942004
-0.000834864
-0.000832535
-0.000943839
-0.000837874
-0.000835416
-0.000945409
-0.000840599
-0.000837998
-0.000946678
-0.000843002
-0.000840245
-0.00094761
-0.000845046
-0.000842118
-0.000948166
-0.000846691
-0.000843577
-0.000948306
-0.000847897
-0.000844583
-0.00094799
-0.000848623
-0.000845093
-0.000947177
-0.000848828
-0.000845067
-0.000945824
-0.000848468
-0.000844462
-0.00094389
-0.000847502
-0.000843234
-0.000941331
-0.000845885
-0.00084134
-0.000938104
-0.000843573
-0.000838736
-0.000934165
-0.000840524
-0.000835379
-0.00092947
-0.000836692
-0.000831225
-0.000923975
-0.000832035
-0.000826231
-0.000917637
-0.000826509
-0.000820352
-0.000910413
-0.000820071
-0.000813546
-0.000902259
-0.000812677
-0.000805771
-0.000893134
-0.000804286
-0.000796984
-0.000882994
-0.000794856
-0.000787145
-0.000871801
-0.000784348
-0.000776213
-0.000859512
-0.00077272
-0.000764149
-0.000846089
-0.000759936
-0.000750915
-0.000831495
-0.000745956
-0.000736473
-0.000815691
-0.000730746
-0.000720789
-0.000798644
-0.000714271
-0.000703829
-0.000780318
-0.000696498
-0.000685558
-0.000760681
-0.000677395
-0.000665947
-0.000739702
-0.000656933
-0.000644967
-0.000717353
-0.000635084
-0.000622589
-0.000693605
-0.000611821
-0.000598788
-0.000668435
-0.000587122
-0.000573542
-0.000641817
-0.000560964
-0.000546827
-0.000613733
-0.000533327
-0.000518627
-0.000584161
-0.000504195
-0.000488922
-0.000553086
-0.000473552
-0.0004577
-0.000520527
-0.000441508
-0.00042492
-0.000486424
-0.000407961
-0.000390066
-0.000450246
-0.000372979
-0.000354225
-0.000413081
-0.000336328
-0.000316683
-0.000374214
-0.000298145
-5.09127e-05
-0.00010712
-8.55107e-05
6.14767e-05
7.7979e-06
1.39964e-05
3.52734e-05
-1.8283e-05
9.25967e-06
-3.83138e-05
-3.24889e-05
2.50408e-05
-2.71898e-05
1.46464e-05
2.98859e-05
-2.10186e-05
2.36576e-05
4.14229e-05
-8.1553e-06
3.74533e-05
5.63019e-05
8.05034e-06
5.41522e-05
7.3575e-05
2.66502e-05
7.23752e-05
9.20283e-05
4.64306e-05
9.1269e-05
0.000110918
6.66475e-05
0.000110271
0.000129761
8.6818e-05
0.000129013
0.000148244
0.000106629
0.000147256
0.000166168
0.000125881
0.000164853
0.000183411
0.000144452
0.000181718
0.000199905
0.000162274
0.000197806
0.000215615
0.000179313
0.000213099
0.000230532
0.000195559
0.000227597
0.000244663
0.000211018
0.000241315
0.000258022
0.000225707
0.000254272
0.000270633
0.000239647
0.000266494
0.000282522
0.000252866
0.000278009
0.000293718
0.000265391
0.000288847
0.000304249
0.000277253
0.000299037
0.000314147
0.00028848
0.000308609
0.000323439
0.000299103
0.000317593
0.000332155
0.000309149
0.000326015
0.000340322
0.000318646
0.000333903
0.000347967
0.000327621
0.000341284
0.000355115
0.0003361
0.000348182
0.000361791
0.000344106
0.000354621
0.000368017
0.000351663
0.000360623
0.000373816
0.000358793
0.000366211
0.000379209
0.000365517
0.000371405
0.000384216
0.000371855
0.000376223
0.000388856
0.000377826
0.000380685
0.000393147
0.000383449
0.000384809
0.000397107
0.000388739
0.000388611
0.00040075
0.000393714
0.000392106
0.000404094
0.000398389
0.00039531
0.000407152
0.000402778
0.000398237
0.000409938
0.000406896
0.000400901
0.000412466
0.000410755
0.000403314
0.000414749
0.000414369
0.000405489
0.000416797
0.000417748
0.000407438
0.000418622
0.000420905
0.00040917
0.000420236
0.00042385
0.000410697
0.000421647
0.000426593
0.000412028
0.000422866
0.000429143
0.000413173
0.000423902
0.00043151
0.000414141
0.000424764
0.000433703
0.00041494
0.000425459
0.000435729
0.000415578
0.000425996
0.000437597
0.000416063
0.000426381
0.000439314
0.000416402
0.000426623
0.000440886
0.000416602
0.000426727
0.000442321
0.000416669
0.0004267
0.000443625
0.00041661
0.000426547
0.000444803
0.00041643
0.000426276
0.000445862
0.000416135
0.00042589
0.000446807
0.00041573
0.000425396
0.000447643
0.000415221
0.000424797
0.000448375
0.000414612
0.000424099
0.000449007
0.000413907
0.000423307
0.000449545
0.000413111
0.000422423
0.000449991
0.000412228
0.000421453
0.000450351
0.000411263
0.0004204
0.000450627
0.000410218
0.000419268
0.000450824
0.000409097
0.000418059
0.000450945
0.000407904
0.000416778
0.000450993
0.000406642
0.000415428
0.000450972
0.000405314
0.000414012
0.000450884
0.000403923
0.000412531
0.000450733
0.000402472
0.000410991
0.00045052
0.000400963
0.000409391
0.000450249
0.0003994
0.000407737
0.000449922
0.000397784
0.000406029
0.000449542
0.000396119
0.00040427
0.000449111
0.000394406
0.000402463
0.000448631
0.000392647
0.000400609
0.000448104
0.000390845
0.000398711
0.000447532
0.000389002
0.000396771
0.000446918
0.00038712
0.00039479
0.000446264
0.000385201
0.000392771
0.00044557
0.000383247
0.000390715
0.00044484
0.000381259
0.000388624
0.000444075
0.000379239
0.000386501
0.000443276
0.00037719
0.000384346
0.000442446
0.000375112
0.000382161
0.000441586
0.000373008
0.000379949
0.000440698
0.000370879
0.00037771
0.000439782
0.000368727
0.000375446
0.000438842
0.000366553
0.000373159
0.000437879
0.00036436
0.000370851
0.000436893
0.000362147
0.000368523
0.000435887
0.000359918
0.000366176
0.000434862
0.000357673
0.000363812
0.00043382
0.000355415
0.000361432
0.000432762
0.000353144
0.000359039
0.000431689
0.000350861
0.000356633
0.000430604
0.00034857
0.000354216
0.000429507
0.00034627
0.000351789
0.0004284
0.000343964
0.000349354
0.000427285
0.000341652
0.000346913
0.000426162
0.000339337
0.000344467
0.000425035
0.00033702
0.000342017
0.000423903
0.000334702
0.000339565
0.000422768
0.000332384
0.000337112
0.000421632
0.000330069
0.00033466
0.000420497
0.000327757
0.00033221
0.000419364
0.00032545
0.000329764
0.000418233
0.000323149
0.000327323
0.000417108
0.000320857
0.000324889
0.000415989
0.000318574
0.000322463
0.000414877
0.000316301
0.000320047
0.000413775
0.000314041
0.000317642
0.000412684
0.000311794
0.00031525
0.000411605
0.000309562
0.000312872
0.000410539
0.000307347
0.00031051
0.000409489
0.000305149
0.000308165
0.000408455
0.000302971
0.000305839
0.00040744
0.000300814
0.000303533
0.000406444
0.000298679
0.000301248
0.000405469
0.000296567
0.000298987
0.000404517
0.000294481
0.00029675
0.000403589
0.00029242
0.000294539
0.000402686
0.000290388
0.000292356
0.00040181
0.000288384
0.000290202
0.000400963
0.000286411
0.000288078
0.000400145
0.00028447
0.000285986
0.000399359
0.000282561
0.000283927
0.000398605
0.000280687
0.000281902
0.000397885
0.000278849
0.000279914
0.0003972
0.000277048
0.000277963
0.000396552
0.000275285
0.00027605
0.000395942
0.000273561
0.000274177
0.000395371
0.000271878
0.000272346
0.000394841
0.000270237
0.000270557
0.000394353
0.000268639
0.000268812
0.000393908
0.000267085
0.000267093
0.000393508
0.000265585
0.000265527
0.000393243
0.000264191
0.000264226
0.000393218
0.000262978
0.00026311
0.000393399
0.000261946
0.000262154
0.00039374
0.000261058
0.000261329
0.000394211
0.000260292
0.000260615
0.000394792
0.000259628
0.000259995
0.000395467
0.000259051
0.000259456
0.000396221
0.00025855
0.000258986
0.000397045
0.000258113
0.000258576
0.000397926
0.000257731
0.000258213
0.000398855
0.000257392
0.00025789
0.000399823
0.000257088
0.000257594
0.000400817
0.000256806
0.000257315
0.000401827
0.000256536
0.000257042
0.000402843
0.000256267
0.000256763
0.000403851
0.000255985
0.000256464
0.00040484
0.000255679
0.000256133
0.000405795
0.000255334
0.000255756
0.000406703
0.000254936
0.000255318
0.000407549
0.00025447
0.000254802
0.000408317
0.000253919
0.000254193
0.000408992
0.000253268
0.000253474
0.000409554
0.000252498
0.000252626
0.000409988
0.000251592
0.00025163
0.000410272
0.000250528
0.000250467
0.000410389
0.000249289
0.000249116
0.000410316
0.000247851
0.000247555
0.000410033
0.000246194
0.000245761
0.000409516
0.000244294
0.000243711
0.000408742
0.000242127
0.000241381
0.000407687
0.00023967
0.000238744
0.000406325
0.000236894
0.000235776
0.000404631
0.000233775
0.000232448
0.000402575
0.000230285
0.000228732
0.000400131
0.000226394
0.0002246
0.000397269
0.000222073
0.000220019
0.000393959
0.000217292
0.000214961
0.000390169
0.000212019
0.000209392
0.000385868
0.000206221
0.000203279
0.000381022
0.000199866
0.000196588
0.000375597
0.000192918
0.000189284
0.000369559
0.000185344
0.000181332
0.000362871
0.000177105
0.000172723
0.000168157
0.000165484
0.000155543
0.000153417
0.000143571
0.000141618
0.000131372
0.000129118
0.000118501
0.000115946
0.000105087
0.000102029
9.08842e-05
8.7258e-05
7.57711e-05
7.15402e-05
5.9659e-05
5.47967e-05
4.24752e-05
3.696e-05
2.41567e-05
1.79705e-05
4.64685e-06
-2.22631e-06
-1.61071e-05
0.000119695
0.00018022
-2.67232e-05
-0.000108116
-0.000104134
-0.000217095
-0.000197412
-0.000201987
-0.000189177
-0.000194776
-0.000188456
-0.000196273
-0.000193955
-0.000203435
-0.000203862
-0.000214158
-0.000216085
-0.000226999
-0.000229781
-0.00024111
-0.000244343
-0.000255935
-0.000259353
-0.00027111
-0.000274536
-0.000286391
-0.000289741
-0.000301487
-0.000304941
-0.000316373
-0.000319967
-0.000331033
-0.000334752
-0.000345435
-0.000349267
-0.000359563
-0.0003635
-0.000373408
-0.000377452
-0.00038697
-0.000391125
-0.000400256
-0.000404528
-0.000413272
-0.00041767
-0.00042603
-0.000430564
-0.000438541
-0.00044322
-0.000450816
-0.000455652
-0.000462867
-0.000467871
-0.000474705
-0.000479888
-0.000486341
-0.000491715
-0.000497787
-0.000503363
-0.000509051
-0.00051484
-0.000520143
-0.000526157
-0.000531073
-0.000537322
-0.000541847
-0.000548343
-0.000552475
-0.000559228
-0.000321748
-0.000562959
-0.000567847
-0.000329587
-0.000578081
-0.000581042
-0.000341655
-0.000592001
-0.000594157
-0.000353604
-0.000605043
-0.000606747
-0.000365015
-0.000617487
-0.000618878
-0.000375958
-0.000629493
-0.000630643
-0.000386531
-0.00064116
-0.000642118
-0.00039681
-0.000652555
-0.000653352
-0.000406847
-0.000663724
-0.000664382
-0.000416679
-0.000674699
-0.000675234
-0.000426332
-0.000685501
-0.000685925
-0.000435825
-0.000696147
-0.000696468
-0.00044517
-0.000706649
-0.000706873
-0.000454377
-0.000717015
-0.00071716
-0.000463453
-0.00072723
-0.000727296
-0.000472359
-0.000737268
-0.000737241
-0.000481055
-0.000747098
-0.000746964
-0.000489579
-0.000756758
-0.000756581
-0.000498004
-0.000766317
-0.000765704
-0.000505907
-0.000775839
-0.00077548
-0.000514525
-0.000785147
-0.00078483
-0.000522534
-0.000793992
-0.000793985
-0.000530525
-0.000803104
-0.000803022
-0.000538366
-0.000812054
-0.000811955
-0.000546104
-0.000820891
-0.000820785
-0.000553739
-0.000829621
-0.00082951
-0.000561269
-0.000838245
-0.000838128
-0.000568695
-0.000846762
-0.000846639
-0.000576015
-0.00085517
-0.000855042
-0.000583227
-0.000863469
-0.000863334
-0.00059033
-0.000871656
-0.000871515
-0.000597324
-0.000879732
-0.000879584
-0.000604206
-0.000887693
-0.000887538
-0.000610975
-0.00089554
-0.000895377
-0.000617629
-0.00090327
-0.000903099
-0.000624168
-0.000910881
-0.000910702
-0.00063059
-0.000918373
-0.000918184
-0.000636892
-0.000925744
-0.000925545
-0.000643074
-0.000932992
-0.000932782
-0.000649134
-0.000940115
-0.000939895
-0.00065507
-0.000947113
-0.00094688
-0.000660881
-0.000953982
-0.000953737
-0.000666565
-0.000960723
-0.000960464
-0.00067212
-0.000967333
-0.000967059
-0.000677545
-0.00097381
-0.00097352
-0.000682838
-0.000980153
-0.000979847
-0.000687998
-0.000986361
-0.000986037
-0.000693023
-0.000992431
-0.000992088
-0.000697911
-0.000998363
-0.000998
-0.00070266
-0.00100415
-0.00100377
-0.00070727
-0.0010098
-0.0010094
-0.000711739
-0.00101531
-0.00101488
-0.000716065
-0.00102067
-0.00102022
-0.000720246
-0.00102589
-0.00102541
-0.000724282
-0.00103095
-0.00103045
-0.00072817
-0.00103587
-0.00103533
-0.00073191
-0.00104064
-0.00104007
-0.0007355
-0.00104525
-0.00104466
-0.000738938
-0.00104971
-0.00104909
-0.000742224
-0.00105402
-0.00105336
-0.000745356
-0.00105817
-0.00105748
-0.000748332
-0.00106217
-0.00106143
-0.000751152
-0.001066
-0.00106523
-0.000753815
-0.00106968
-0.00106887
-0.000756319
-0.0010732
-0.00107234
-0.000758663
-0.00107655
-0.00107566
-0.000760846
-0.00107975
-0.0010788
-0.000762867
-0.00108278
-0.00108179
-0.000764725
-0.00108564
-0.0010846
-0.00076642
-0.00108834
-0.00108725
-0.00076795
-0.00109087
-0.00108974
-0.000769315
-0.00109324
-0.00109205
-0.000770513
-0.00109544
-0.00109419
-0.000771545
-0.00109747
-0.00109617
-0.000772408
-0.00109933
-0.00109797
-0.000773104
-0.00110102
-0.0010996
-0.00077363
-0.00110254
-0.00110106
-0.000773987
-0.0011039
-0.00110235
-0.000774175
-0.00110508
-0.00110347
-0.000774191
-0.00110608
-0.00110441
-0.000774037
-0.00110692
-0.00110518
-0.000773712
-0.00110758
-0.00110577
-0.000773215
-0.00110808
-0.00110619
-0.000772547
-0.00110839
-0.00110643
-0.000771707
-0.00110854
-0.0011065
-0.000770694
-0.00110851
-0.0011064
-0.00076951
-0.00110831
-0.00110612
-0.000768153
-0.00110794
-0.00110566
-0.000766623
-0.00110739
-0.00110503
-0.000764922
-0.00110667
-0.00110423
-0.000763049
-0.00110578
-0.00110325
-0.000761003
-0.00110471
-0.00110209
-0.000758786
-0.00110347
-0.00110077
-0.000756397
-0.00110206
-0.00109926
-0.000753837
-0.00110047
-0.00109759
-0.000751106
-0.00109872
-0.00109574
-0.000748204
-0.00109679
-0.00109371
-0.000745132
-0.0010947
-0.00109152
-0.000741891
-0.00109243
-0.00108915
-0.00073848
-0.00108999
-0.00108661
-0.000734901
-0.00108738
-0.0010839
-0.000731155
-0.00108461
-0.00108102
-0.00072724
-0.00108166
-0.00107797
-0.00072316
-0.00107855
-0.00107475
-0.000718914
-0.00107528
-0.00107137
-0.000714503
-0.00107183
-0.00106782
-0.000709928
-0.00106823
-0.0010641
-0.00070519
-0.00106446
-0.00106021
-0.00070029
-0.00106052
-0.00105617
-0.000695229
-0.00105643
-0.00105196
-0.000690008
-0.00105217
-0.00104758
-0.000684628
-0.00104776
-0.00104305
-0.00067909
-0.00104318
-0.00103836
-0.000673396
-0.00103845
-0.00103351
-0.000667547
-0.00103357
-0.0010285
-0.000661543
-0.00102853
-0.00102334
-0.000655387
-0.00102333
-0.00101802
-0.00064908
-0.00101799
-0.00101255
-0.000642624
-0.00101249
-0.00100693
-0.000636018
-0.00100685
-0.00100116
-0.000629267
-0.00100106
-0.000995243
-0.00062237
-0.000995119
-0.000989179
-0.00061533
-0.000989038
-0.00098297
-0.000608147
-0.000982814
-0.000976618
-0.000600825
-0.00097645
-0.000970125
-0.000593365
-0.000969947
-0.000963493
-0.000585768
-0.000963307
-0.000956724
-0.000578036
-0.000956532
-0.000949819
-0.000570172
-0.000949624
-0.000942781
-0.000562176
-0.000942584
-0.000935611
-0.000554053
-0.000935415
-0.000928312
-0.000545802
-0.000928119
-0.000920885
-0.000537427
-0.000920698
-0.000913334
-0.000528929
-0.000913154
-0.000905659
-0.000520311
-0.000905488
-0.000897864
-0.000511575
-0.000897705
-0.000889951
-0.000502722
-0.000889805
-0.000881921
-0.000493757
-0.000881791
-0.000873778
-0.00048468
-0.000873665
-0.000865524
-0.000475495
-0.00086543
-0.000857161
-0.000466203
-0.000857088
-0.000848692
-0.000456808
-0.000848642
-0.00084012
-0.000447311
-0.000840094
-0.000831446
-0.000437716
-0.000831447
-0.000822674
-0.000428024
-0.000822703
-0.000813807
-0.000418239
-0.000813865
-0.000804847
-0.000408364
-0.000804936
-0.000795797
-0.000398401
-0.000795919
-0.000786659
-0.000388352
-0.000786816
-0.000777437
-0.000378222
-0.00077763
-0.000768134
-0.000368012
-0.000768364
-0.000758752
-0.000357726
-0.000759021
-0.000749295
-0.000347366
-0.000749604
-0.000739766
-0.000336936
-0.000740116
-0.000730167
-0.000326438
-0.00073056
-0.000720503
-0.000315876
-0.00072094
-0.000710775
-0.000305253
-0.000711257
-0.000700987
-0.000294572
-0.000701516
-0.000691143
-0.000283837
-0.000691719
-0.000681246
-0.000273049
-0.00068187
-0.000671299
-0.000262214
-0.000671972
-0.000661306
-0.000251334
-0.000662028
-0.000651269
-0.000240412
-0.000652043
-0.000641193
-0.000229452
-0.000642018
-0.00063108
-0.000218458
-0.000631958
-0.000620935
-0.000207432
-0.000621866
-0.00061076
-0.000196379
-0.000611745
-0.000600561
-0.000185301
-0.0006016
-0.000590339
-0.000174203
-0.000591433
-0.000580098
-0.000163088
-0.000581248
-0.000569844
-0.000151959
-0.000571049
-0.000559578
-0.000140821
-0.000560839
-0.000549304
-0.000129676
-0.000550622
-0.000539028
-0.000118529
-0.000540402
-0.000528751
-0.000107384
-0.000530182
-0.000518478
-9.62432e-05
-0.000519967
-0.000508214
-8.51116e-05
-0.000509759
-0.00049796
-7.39926e-05
-0.000499563
-0.000487722
-6.289e-05
-0.000489382
-0.000477504
-5.18077e-05
-0.000479221
-0.000467308
-4.07494e-05
-0.000469082
-0.00045714
-2.97189e-05
-0.00045897
-0.000447002
-1.87202e-05
-0.000448889
-0.000436899
-7.75703e-06
-0.000438842
-0.000426835
3.1667e-06
-0.000428834
-0.000416813
1.40471e-05
-0.000418867
-0.000406837
2.48805e-05
-0.000408947
-0.000396912
3.56628e-05
-0.000399076
-0.000387041
4.63902e-05
-0.000389259
-0.000377227
5.7059e-05
-0.000379499
-0.000367476
6.76652e-05
-0.000369801
-0.00035779
7.82051e-05
-0.000360167
-0.000348174
8.86748e-05
-0.000350602
-0.000338631
9.90706e-05
-0.00034111
-0.000329165
0.000109389
-0.000331694
-0.000319781
0.000119625
-0.000322358
-0.00031048
0.000129776
-0.000313106
-0.000301268
0.000139839
-0.000303941
-0.000292148
0.000149808
-0.000294868
-0.000283124
0.000159682
-0.000285889
-0.000274199
0.000169456
-0.000277008
-0.000265377
0.000179126
-0.000268229
-0.000256661
0.000188689
-0.000259555
-0.000248055
0.000198142
-0.000250989
-0.000239562
0.000207481
-0.000242536
-0.000231186
0.000216703
-0.000234199
-0.00022293
0.000225804
-0.00022598
-0.000214797
0.000234782
-0.000217883
-0.000206791
0.000243632
-0.000209911
-0.000198914
0.000252353
-0.000202067
-0.000191169
0.00026094
-0.000194355
-0.00018356
0.00026939
-0.000186777
-0.00017609
0.000277702
-0.000179336
-0.000168762
0.000285871
-0.000172035
-0.000161577
0.000293895
-0.000164877
-0.000154539
0.000301772
-0.000157865
-0.000147651
0.000309498
-0.000151
-0.000140915
0.000317072
-0.000144287
-0.000134334
0.00032449
-0.000137726
-0.000127909
0.00033175
-0.000131321
-0.000121644
0.00033885
-0.000125073
-0.00011554
0.000345788
-0.000118986
-0.000109599
0.000352562
-0.00011306
-0.000103824
0.000359169
-0.000107298
-9.82157e-05
0.000365608
-0.000101702
-9.27768e-05
0.000371877
-9.6274e-05
-8.75087e-05
0.000377973
-9.10151e-05
-8.2413e-05
0.000383896
-8.59271e-05
-7.74911e-05
0.000389645
-8.10115e-05
-7.27444e-05
0.000395216
-7.62697e-05
-6.81743e-05
0.00040061
-7.1703e-05
-6.37818e-05
0.000405825
-6.73125e-05
-5.95681e-05
0.00041086
-6.30994e-05
-5.55341e-05
0.000415713
-5.90645e-05
-5.16806e-05
0.000420385
-5.52088e-05
-4.80084e-05
0.000424873
-5.1533e-05
-4.45181e-05
0.000429178
-4.80377e-05
-4.12102e-05
0.0004333
-4.47235e-05
-3.80851e-05
0.000437236
-4.15908e-05
-3.51432e-05
0.000440988
-3.864e-05
-3.23846e-05
0.000444554
-3.58712e-05
-2.98095e-05
0.000447936
-3.32846e-05
-2.74178e-05
0.000451131
-3.08801e-05
-2.52094e-05
0.000454142
-2.86577e-05
-2.3184e-05
0.000456968
-2.66171e-05
-2.13414e-05
0.000459609
-2.47581e-05
-1.96811e-05
0.000462065
-2.30802e-05
-1.82026e-05
0.000464338
-2.1583e-05
-1.69052e-05
0.000466427
-2.02657e-05
-1.57883e-05
0.000468333
-1.91277e-05
-1.48509e-05
0.000470058
-1.81683e-05
-1.40922e-05
0.000471601
-1.73863e-05
-1.35111e-05
-1.6788e-05
-1.7728e-05
-1.28129e-05
-1.50985e-05
-1.01735e-05
-1.28285e-05
-8.71569e-06
-1.14653e-05
-7.9947e-06
-1.14093e-05
-8.18372e-06
-1.14633e-05
-8.70823e-06
-1.18498e-05
-9.51937e-06
-1.25074e-05
-1.05707e-05
-1.33975e-05
-1.18322e-05
-1.44962e-05
-1.3284e-05
-1.57878e-05
-1.49129e-05
-1.72616e-05
-1.67097e-05
-1.89098e-05
-1.86681e-05
-2.07267e-05
-2.0783e-05
-2.27075e-05
-2.30506e-05
-2.48486e-05
-2.54676e-05
-2.71463e-05
-2.8031e-05
-2.95974e-05
-3.07382e-05
-3.21991e-05
-3.35865e-05
-3.49481e-05
