0
0.00166666
0.00333331
0.00499992
0.00666647
0.00833295
0.00999933
0.0116656
0.0133318
0.0149978
0.0166636
0.0183292
0.0199947
0.0216599
0.0233249
0.0249896
0.026654
0.0283182
0.029982
0.0316455
0.0333086
0.0349714
0.0366338
0.0382958
0.0399573
0.0416185
0.0432791
0.0449393
0.0465989
0.0482581
0.0499167
0.0515748
0.0532323
0.0548892
0.0565454
0.0582011
0.0598561
0.0615104
0.0631641
0.0648171
0.0664693
0.0681208
0.0697716
0.0714215
0.0730707
0.0747191
0.0763666
0.0780133
0.0796591
0.081304
0.0829481
0.0845912
0.0862333
0.0878746
0.0895148
0.091154
0.0927923
0.0944294
0.0960656
0.0977007
0.0993347
0.100968
0.102599
0.10423
0.105859
0.107488
0.109115
0.110741
0.112365
0.113989
0.115611
0.117232
0.118851
0.12047
0.122086
0.123702
0.125316
0.126929
0.12854
0.13015
0.131759
0.133366
0.134971
0.136575
0.138178
0.139779
0.141378
0.142976
0.144572
0.146167
0.14776
0.149352
0.150941
0.152529
0.154116
0.1557
0.157283
0.158864
0.160444
0.162022
0.163597
0.165171
0.166744
0.168314
0.169882
0.171449
0.173014
0.174576
0.176137
0.177696
0.179253
0.180808
0.182361
0.183911
0.18546
0.187007
0.188552
0.190094
0.191635
0.193173
0.194709
0.196243
0.197775
0.199305
0.200832
0.202357
0.20388
0.205401
0.206919
0.208435
0.209949
0.211461
0.21297
0.214476
0.215981
0.217483
0.218982
0.220479
0.221974
0.223466
0.224956
0.226443
0.227928
0.22941
0.23089
0.232367
0.233841
0.235313
0.236782
0.238249
0.239713
0.241174
0.242633
0.244089
0.245542
0.246992
0.24844
0.249885
0.251327
0.252767
0.254203
0.255637
0.257068
0.258496
0.259921
0.261344
0.262763
0.26418
0.265593
0.267004
0.268411
0.269816
0.271218
0.272616
0.274012
0.275405
0.276794
0.278181
0.279564
0.280944
0.282321
0.283695
0.285066
0.286434
0.287798
0.28916
0.290518
0.291872
0.293224
0.294572
0.295917
0.297259
0.298598
0.299933
0.301265
0.302593
0.303918
0.30524
0.306558
0.307873
0.309185
0.310493
0.311798
0.313099
0.314397
0.315691
0.316981
0.318269
0.319552
0.320832
0.322109
0.323382
0.324651
0.325917
0.327179
0.328437
0.329692
0.330944
0.332191
0.333435
0.334675
0.335911
0.337144
0.338373
0.339598
0.340819
0.342037
0.343251
0.344461
0.345667
0.346869
0.348068
0.349262
0.350453
0.35164
0.352823
0.354002
0.355177
0.356348
0.357515
0.358678
0.359837
0.360992
0.362144
0.363291
0.364434
0.365573
0.366708
0.367839
0.368966
0.370088
0.371207
0.372322
0.373432
0.374538
0.37564
0.376738
0.377832
0.378921
0.380007
0.381088
0.382164
0.383237
0.384305
0.385369
0.386429
0.387485
0.388536
0.389583
0.390625
0.391663
0.392697
0.393727
0.394752
0.395773
0.396789
0.397801
0.398808
0.399811
0.40081
0.401804
0.402794
0.403779
0.40476
0.405736
0.406708
0.407675
0.408638
0.409596
0.410549
0.411498
0.412443
0.413383
0.414318
0.415249
0.416175
0.417096
0.418013
0.418925
0.419833
0.420735
0.421634
0.422527
0.423416
0.4243
0.425179
0.426054
0.426924
0.427789
0.428649
0.429505
0.430356
0.431202
0.432043
0.43288
0.433712
0.434538
0.435361
0.436178
0.43699
0.437798
0.4386
0.439398
0.440191
0.440979
0.441762
0.44254
0.443313
0.444082
0.444845
0.445604
0.446357
0.447106
0.447849
0.448588
0.449322
0.45005
0.450774
0.451492
0.452206
0.452915
0.453618
0.454317
0.45501
0.455699
0.456382
0.45706
0.457733
0.458402
0.459065
0.459722
0.460375
0.461023
0.461666
0.462303
0.462935
0.463562
0.464184
0.464801
0.465413
0.46602
0.466621
0.467217
0.467808
0.468394
0.468974
0.46955
0.47012
0.470685
0.471244
0.471799
0.472348
0.472892
0.473431
0.473964
0.474492
0.475015
0.475533
0.476045
0.476552
0.477054
0.47755
0.478042
0.478527
0.479008
0.479483
0.479953
0.480418
0.480877
0.481331
0.481779
0.482222
0.48266
0.483092
0.48352
0.483941
0.484358
0.484768
0.485174
0.485574
0.485969
0.486358
0.486742
0.487121
0.487494
0.487862
0.488224
0.488581
0.488932
0.489278
0.489619
0.489954
0.490284
0.490608
0.490927
0.49124
0.491548
0.49185
0.492147
0.492439
0.492725
0.493005
0.49328
0.49355
0.493814
0.494073
0.494326
0.494574
0.494816
0.495052
0.495283
0.495509
0.495729
0.495944
0.496153
0.496356
0.496555
0.496747
0.496934
0.497116
0.497292
0.497462
0.497627
0.497787
0.49794
0.498089
0.498232
0.498369
0.498501
0.498627
0.498747
0.498863
0.498972
0.499076
0.499175
0.499268
0.499355
0.499437
0.499513
0.499584
0.499649
0.499709
0.499763
0.499811
0.499854
0.499892
0.499924
0.49995
0.499971
0.499986
0.499996
0.5
0.499998
0.499991
0.499979
0.499961
0.499937
0.499908
0.499873
0.499833
0.499787
0.499735
0.499678
0.499616
0.499548
0.499474
0.499395
0.49931
0.49922
0.499124
0.499023
0.498916
0.498803
0.498685
0.498562
0.498433
0.498298
0.498158
0.498012
0.497861
0.497704
0.497542
0.497374
0.4972
0.497022
0.496837
0.496647
0.496452
0.496251
0.496044
0.495832
0.495615
0.495392
0.495163
0.494929
0.49469
0.494445
0.494194
0.493938
0.493677
0.49341
0.493138
0.49286
0.492576
0.492287
0.491993
0.491693
0.491388
0.491077
0.490761
0.490439
0.490112
0.48978
0.489442
0.489098
0.488749
0.488395
0.488035
0.48767
0.4873
0.486924
0.486542
0.486156
0.485763
0.485366
0.484963
0.484555
0.484141
0.483722
0.483297
0.482867
0.482432
0.481991
0.481546
0.481094
0.480638
0.480176
0.479708
0.479236
0.478758
0.478274
0.477786
0.477292
0.476793
0.476288
0.475778
0.475263
0.474743
0.474217
0.473686
0.47315
0.472609
0.472062
0.47151
0.470953
0.47039
0.469823
0.46925
0.468672
0.468089
0.4675
0.466906
0.466308
0.465703
0.465094
0.46448
0.46386
0.463236
0.462606
0.461971
0.461331
0.460685
0.460035
0.45938
0.458719
0.458053
0.457383
0.456707
0.456026
0.45534
0.454649
0.453953
0.453251
0.452545
0.451834
0.451118
0.450397
0.44967
0.448939
0.448203
0.447462
0.446715
0.445964
0.445208
0.444447
0.443681
0.44291
0.442134
0.441354
0.440568
0.439777
0.438982
0.438182
0.437377
0.436566
0.435752
0.434932
0.434107
0.433278
0.432444
0.431605
0.430761
0.429912
0.429059
0.428201
0.427338
0.42647
0.425598
0.424721
0.423839
0.422952
0.422061
0.421165
0.420265
0.419359
0.418449
0.417535
0.416616
0.415692
0.414763
0.41383
0.412892
0.41195
0.411003
0.410052
0.409096
0.408135
0.40717
0.406201
0.405227
0.404248
0.403265
0.402278
0.401286
0.400289
0.399288
0.398283
0.397273
0.396259
0.39524
0.394217
0.39319
0.392158
0.391122
0.390081
0.389037
0.387987
0.386934
0.385876
0.384814
0.383748
0.382677
0.381603
0.380524
0.37944
0.378353
0.377261
0.376165
0.375065
0.373961
0.372853
0.37174
0.370623
0.369503
0.368378
0.367249
0.366116
0.364979
0.363837
0.362692
0.361543
0.36039
0.359232
0.358071
0.356906
0.355737
0.354564
0.353386
0.352205
0.35102
0.349832
0.348639
0.347442
0.346242
0.345037
0.343829
0.342617
0.341402
0.340182
0.338959
0.337732
0.336501
0.335266
0.334028
0.332786
0.33154
0.330291
0.329038
0.327781
0.32652
0.325256
0.323989
0.322717
0.321443
0.320164
0.318882
0.317597
0.316308
0.315015
0.313719
0.31242
0.311117
0.30981
0.3085
0.307187
0.30587
0.30455
0.303227
0.3019
0.30057
0.299236
0.297899
0.296559
0.295215
0.293869
0.292519
0.291165
0.289809
0.288449
0.287086
0.28572
0.284351
0.282978
0.281602
0.280224
0.278842
0.277457
0.276069
0.274678
0.273284
0.271886
0.270486
0.269083
0.267677
0.266267
0.264855
0.26344
0.262022
0.260601
0.259177
0.257751
0.256321
0.254889
0.253453
0.252015
0.250574
0.249131
0.247684
0.246235
0.244783
0.243329
0.241871
0.240411
0.238949
0.237483
0.236015
0.234545
0.233071
0.231596
0.230117
0.228636
0.227153
0.225667
0.224178
0.222687
0.221194
0.219698
0.2182
0.216699
0.215196
0.21369
0.212182
0.210672
0.209159
0.207644
0.206127
0.204607
0.203085
0.201561
0.200035
0.198506
0.196975
0.195442
0.193907
0.19237
0.19083
0.189289
0.187745
0.1862
0.184652
0.183102
0.18155
0.179996
0.17844
0.176882
0.175322
0.17376
0.172197
0.170631
0.169064
0.167494
0.165923
0.16435
0.162775
0.161198
0.159619
0.158039
0.156457
0.154873
0.153287
0.1517
0.150111
0.148521
0.146928
0.145335
0.143739
0.142142
0.140543
0.138943
0.137341
0.135738
0.134133
0.132527
0.130919
0.12931
0.127699
0.126087
0.124473
0.122859
0.121242
0.119625
0.118006
0.116386
0.114764
0.113141
0.111517
0.109892
0.108265
0.106638
0.105009
0.103379
0.101747
0.100115
0.0984815
0.096847
0.0952113
0.0935746
0.0919369
0.0902981
0.0886584
0.0870176
0.0853759
0.0837333
0.0820897
0.0804452
0.0787998
0.0771535
0.0755064
0.0738584
0.0722096
0.07056
0.0689096
0.0672585
0.0656066
0.063954
0.0623006
0.0606466
0.0589919
0.0573366
0.0556806
0.054024
0.0523668
0.050709
0.0490506
0.0473917
0.0457323
0.0440724
0.042412
0.0407511
0.0390897
0.037428
0.0357658
0.0341032
0.0324402
0.0307769
0.0291132
0.0274492
0.0257849
0.0241203
0.0224554
0.0207903
0.019125
0.0174594
0.0157937
0.0141278
0.0124617
0.0107955
0.00912915
0.00746272
0.0057962
0.00412961
0.00246298
0.000796326
-0.000870339
-0.002537
-0.00420362
-0.00587021
-0.00753672
-0.00920315
-0.0108695
-0.0125357
-0.0142018
-0.0158677
-0.0175334
-0.019199
-0.0208643
-0.0225294
-0.0241942
-0.0258588
-0.0275231
-0.0291871
-0.0308507
-0.032514
-0.034177
-0.0358396
-0.0375018
-0.0391635
-0.0408248
-0.0424857
-0.0441461
-0.045806
-0.0474654
-0.0491243
-0.0507826
-0.0524404
-0.0540976
-0.0557541
-0.0574101
-0.0590654
-0.0607201
-0.0623741
-0.0640274
-0.06568
-0.0673318
-0.0689829
-0.0706333
-0.0722828
-0.0739316
-0.0755795
-0.0772266
-0.0788728
-0.0805182
-0.0821627
-0.0838062
-0.0854488
-0.0870905
-0.0887312
-0.0903709
-0.0920096
-0.0936473
-0.095284
-0.0969196
-0.0985541
-0.100188
-0.10182
-0.103451
-0.105081
-0.10671
-0.108338
-0.109964
-0.111589
-0.113213
-0.114836
-0.116457
-0.118078
-0.119697
-0.121314
-0.12293
-0.124545
-0.126159
-0.127771
-0.129381
-0.13099
-0.132598
-0.134204
-0.135809
-0.137412
-0.139014
-0.140614
-0.142213
-0.14381
-0.145405
-0.146999
-0.148591
-0.150182
-0.151771
-0.153358
-0.154943
-0.156527
-0.158109
-0.159689
-0.161268
-0.162845
-0.16442
-0.165993
-0.167564
-0.169133
-0.170701
-0.172266
-0.17383
-0.175392
-0.176951
-0.178509
-0.180065
-0.181619
-0.183171
-0.18472
-0.186268
-0.187814
-0.189357
-0.190899
-0.192438
-0.193975
-0.195511
-0.197043
-0.198574
-0.200103
-0.201629
-0.203153
-0.204675
-0.206194
-0.207711
-0.209226
-0.210739
-0.212249
-0.213757
-0.215262
-0.216765
-0.218266
-0.219764
-0.22126
-0.222754
-0.224244
-0.225733
-0.227219
-0.228702
-0.230183
-0.231661
-0.233137
-0.23461
-0.236081
-0.237548
-0.239014
-0.240476
-0.241936
-0.243393
-0.244848
-0.2463
-0.247749
-0.249195
-0.250639
-0.252079
-0.253517
-0.254952
-0.256385
-0.257814
-0.259241
-0.260664
-0.262085
-0.263503
-0.264918
-0.26633
-0.267739
-0.269145
-0.270548
-0.271948
-0.273346
-0.27474
-0.276131
-0.277518
-0.278903
-0.280285
-0.281664
-0.283039
-0.284411
-0.285781
-0.287147
-0.288509
-0.289869
-0.291225
-0.292579
-0.293929
-0.295275
-0.296619
-0.297959
-0.299295
-0.300629
-0.301959
-0.303286
-0.304609
-0.305929
-0.307246
-0.308559
-0.309868
-0.311175
-0.312478
-0.313777
-0.315073
-0.316365
-0.317654
-0.318939
-0.320221
-0.321499
-0.322774
-0.324045
-0.325313
-0.326576
-0.327837
-0.329093
-0.330346
-0.331595
-0.332841
-0.334083
-0.335321
-0.336555
-0.337786
-0.339013
-0.340236
-0.341456
-0.342671
-0.343883
-0.345091
-0.346295
-0.347495
-0.348692
-0.349884
-0.351073
-0.352258
-0.353439
-0.354616
-0.355789
-0.356958
-0.358123
-0.359284
-0.360441
-0.361594
-0.362743
-0.363888
-0.365029
-0.366166
-0.367299
-0.368428
-0.369552
-0.370673
-0.37179
-0.372902
-0.37401
-0.375114
-0.376214
-0.37731
-0.378401
-0.379489
-0.380572
-0.38165
-0.382725
-0.383795
-0.384862
-0.385923
-0.386981
-0.388034
-0.389083
-0.390128
-0.391168
-0.392204
-0.393235
-0.394263
-0.395285
-0.396304
-0.397318
-0.398327
-0.399333
-0.400333
-0.40133
-0.402322
-0.403309
-0.404292
-0.40527
-0.406244
-0.407213
-0.408178
-0.409139
-0.410094
-0.411046
-0.411992
-0.412934
-0.413872
-0.414805
-0.415733
-0.416657
-0.417576
-0.41849
-0.4194
-0.420305
-0.421205
-0.422101
-0.422992
-0.423878
-0.42476
-0.425637
-0.426509
-0.427376
-0.428239
-0.429097
-0.42995
-0.430798
-0.431642
-0.432481
-0.433315
-0.434144
-0.434968
-0.435788
-0.436603
-0.437412
-0.438217
-0.439017
-0.439813
-0.440603
-0.441388
-0.442169
-0.442945
-0.443715
-0.444481
-0.445242
-0.445998
-0.446749
-0.447495
-0.448236
-0.448972
-0.449703
-0.450429
-0.45115
-0.451866
-0.452577
-0.453283
-0.453984
-0.45468
-0.45537
-0.456056
-0.456737
-0.457412
-0.458083
-0.458748
-0.459409
-0.460064
-0.460714
-0.461359
-0.461999
-0.462634
-0.463263
-0.463888
-0.464507
-0.465121
-0.46573
-0.466334
-0.466933
-0.467526
-0.468115
-0.468698
-0.469275
-0.469848
-0.470415
-0.470978
-0.471535
-0.472086
-0.472633
-0.473174
-0.47371
-0.474241
-0.474766
-0.475286
-0.475801
-0.476311
-0.476815
-0.477314
-0.477808
-0.478296
-0.478779
-0.479257
-0.479729
-0.480196
-0.480658
-0.481114
-0.481565
-0.482011
-0.482452
-0.482887
-0.483316
-0.48374
-0.484159
-0.484573
-0.484981
-0.485384
-0.485781
-0.486173
-0.486559
-0.486941
-0.487316
-0.487687
-0.488052
-0.488411
-0.488765
-0.489114
-0.489457
-0.489795
-0.490127
-0.490454
-0.490775
-0.491091
-0.491402
-0.491707
-0.492006
-0.4923
-0.492589
-0.492872
-0.49315
-0.493422
-0.493689
-0.49395
-0.494206
-0.494456
-0.494701
-0.49494
-0.495174
-0.495402
-0.495625
-0.495842
-0.496054
-0.49626
-0.496461
-0.496656
-0.496846
-0.49703
-0.497208
-0.497381
-0.497549
-0.497711
-0.497868
-0.498019
-0.498164
-0.498304
-0.498438
-0.498567
-0.498691
-0.498808
-0.498921
-0.499027
-0.499128
-0.499224
-0.499314
-0.499399
-0.499477
-0.499551
-0.499619
-0.499681
-0.499738
-0.499789
-0.499835
-0.499875
-0.499909
-0.499938
-0.499962
-0.499979
-0.499992
-0.499999
-0.5
-0.499995
-0.499986
-0.49997
-0.499949
-0.499922
-0.49989
-0.499853
-0.499809
-0.499761
-0.499706
-0.499646
-0.499581
-0.49951
-0.499433
-0.499351
-0.499264
-0.49917
-0.499072
-0.498967
-0.498858
-0.498742
-0.498621
-0.498495
-0.498363
-0.498225
-0.498082
-0.497934
-0.49778
-0.49762
-0.497455
-0.497284
-0.497108
-0.496926
-0.496739
-0.496546
-0.496348
-0.496144
-0.495934
-0.49572
-0.495499
-0.495273
-0.495042
-0.494805
-0.494563
-0.494315
-0.494061
-0.493803
-0.493538
-0.493268
-0.492993
-0.492712
-0.492426
-0.492134
-0.491837
-0.491534
-0.491226
-0.490913
-0.490594
-0.490269
-0.489939
-0.489604
-0.489263
-0.488917
-0.488565
-0.488208
-0.487845
-0.487478
-0.487104
-0.486725
-0.486341
-0.485952
-0.485557
-0.485156
-0.48475
-0.484339
-0.483923
-0.483501
-0.483073
-0.482641
-0.482203
-0.481759
-0.481311
-0.480856
-0.480397
-0.479932
-0.479462
-0.478987
-0.478506
-0.47802
-0.477528
-0.477032
-0.47653
-0.476023
-0.47551
-0.474992
-0.474469
-0.473941
-0.473407
-0.472868
-0.472324
-0.471774
-0.47122
-0.47066
-0.470095
-0.469524
-0.468949
-0.468368
-0.467782
-0.467191
-0.466594
-0.465993
-0.465386
-0.464774
-0.464157
-0.463535
-0.462907
-0.462275
-0.461637
-0.460994
-0.460346
-0.459693
-0.459035
-0.458372
-0.457704
-0.45703
-0.456352
-0.455668
-0.45498
-0.454286
-0.453587
-0.452883
-0.452175
-0.451461
-0.450742
-0.450018
-0.449289
-0.448555
-0.447816
-0.447073
-0.446324
-0.44557
-0.444811
-0.444048
-0.443279
-0.442506
-0.441727
-0.440944
-0.440156
-0.439363
-0.438565
-0.437762
-0.436954
-0.436142
-0.435324
-0.434502
-0.433675
-0.432843
-0.432006
-0.431165
-0.430318
-0.429467
-0.428611
-0.427751
-0.426885
-0.426015
-0.42514
-0.424261
-0.423377
-0.422488
-0.421594
-0.420695
-0.419792
-0.418885
-0.417972
-0.417055
-0.416134
-0.415207
-0.414277
-0.413341
-0.412401
-0.411456
-0.410507
-0.409553
-0.408595
-0.407632
-0.406665
-0.405693
-0.404716
-0.403735
-0.40275
-0.40176
-0.400766
-0.399767
-0.398764
-0.397756
-0.396744
-0.395727
-0.394706
-0.393681
-0.392651
-0.391617
-0.390579
-0.389536
-0.388489
-0.387438
-0.386382
-0.385322
-0.384258
-0.38319
-0.382117
-0.38104
-0.379958
-0.378873
-0.377783
-0.376689
-0.375591
-0.374489
-0.373383
-0.372272
-0.371157
-0.370039
-0.368916
-0.367789
-0.366658
-0.365522
-0.364383
-0.36324
-0.362093
-0.360941
-0.359786
-0.358626
-0.357463
-0.356296
-0.355125
-0.353949
-0.35277
-0.351587
-0.3504
-0.349209
-0.348014
-0.346816
-0.345613
-0.344407
-0.343197
-0.341983
-0.340765
-0.339544
-0.338318
-0.337089
-0.335856
-0.33462
-0.33338
-0.332136
-0.330888
-0.329637
-0.328382
-0.327123
-0.325861
-0.324595
-0.323325
-0.322052
-0.320776
-0.319495
-0.318212
-0.316924
-0.315633
-0.314339
-0.313041
-0.31174
-0.310435
-0.309127
-0.307815
-0.3065
-0.305181
-0.30386
-0.302534
-0.301206
-0.299874
-0.298538
-0.2972
-0.295858
-0.294513
-0.293164
-0.291812
-0.290457
-0.289099
-0.287738
-0.286373
-0.285005
-0.283634
-0.28226
-0.280883
-0.279502
-0.278119
-0.276732
-0.275343
-0.27395
-0.272554
-0.271156
-0.269754
-0.268349
-0.266941
-0.26553
-0.264117
-0.2627
-0.261281
-0.259858
-0.258433
-0.257005
-0.255573
-0.25414
-0.252703
-0.251263
-0.249821
-0.248376
-0.246928
-0.245477
-0.244024
-0.242568
-0.241109
-0.239648
-0.238184
-0.236717
-0.235248
-0.233776
-0.232301
-0.230824
-0.229344
-0.227862
-0.226377
-0.22489
-0.2234
-0.221908
-0.220413
-0.218916
-0.217416
-0.215914
-0.21441
-0.212903
-0.211394
-0.209882
-0.208368
-0.206852
-0.205333
-0.203813
-0.20229
-0.200764
-0.199237
-0.197707
-0.196175
-0.194641
-0.193105
-0.191566
-0.190026
-0.188483
-0.186938
-0.185391
-0.183843
-0.182292
-0.180739
-0.179184
-0.177627
-0.176068
-0.174507
-0.172944
-0.171379
-0.169813
-0.168244
-0.166674
-0.165102
-0.163527
-0.161951
-0.160374
-0.158794
-0.157213
-0.15563
-0.154045
-0.152459
-0.150871
-0.149281
-0.147689
-0.146096
-0.144502
-0.142905
-0.141307
-0.139708
-0.138107
-0.136504
-0.1349
-0.133294
-0.131687
-0.130079
-0.128469
-0.126857
-0.125244
-0.12363
-0.122015
-0.120398
-0.118779
-0.11716
-0.115539
-0.113917
-0.112293
-0.110669
-0.109043
-0.107415
-0.105787
-0.104158
-0.102527
-0.100895
-0.0992621
-0.0976281
-0.095993
-0.0943568
-0.0927195
-0.0910813
-0.089442
-0.0878017
-0.0861604
-0.0845182
-0.0828751
-0.081231
-0.079586
-0.0779402
-0.0762935
-0.0746459
-0.0729975
-0.0713483
-0.0696983
-0.0680475
-0.066396
-0.0647437
-0.0630907
-0.061437
-0.0597826
-0.0581276
-0.0564719
-0.0548156
-0.0531587
-0.0515011
-0.0498431
-0.0481844
-0.0465253
-0.0448656
-0.0432054
-0.0415447
-0.0398836
-0.038222
-0.03656
-0.0348976
-0.0332348
-0.0315716
-0.0299081
-0.0282443
-0.0265801
-0.0249157
-0.0232509
-0.0215859
-0.0199207
-0.0182553
-0.0165896
-0.0149238
-0.0132578
-0.0115916
-0.00992533
-0.00825894
-0.00659246
-0.00492591
-0.0032593
-0.00159265
7.40131e-05
0.00174068
0.00340732
0.00507393
0.00674048
0.00840695
0.0100733
0.0117396
0.0134057
0.0150717
0.0167376
0.0184032
0.0200686
0.0217338
0.0233988
0.0250635
0.0267279
0.0283921
0.0300559
0.0317194
0.0333825
0.0350453
0.0367076
0.0383696
0.0400311
0.0416922
0.0433528
0.045013
0.0466726
0.0483318
0.0499904
0.0516484
0.0533058
0.0549627
0.056619
0.0582746
0.0599296
0.0615839
0.0632375
0.0648905
0.0665427
0.0681941
0.0698448
0.0714948
0.0731439
0.0747922
0.0764397
0.0780864
0.0797322
0.0813771
0.0830211
0.0846641
0.0863062
0.0879474
0.0895876
0.0912268
0.092865
0.0945021
0.0961382
0.0977733
0.0994072
0.10104
0.102672
0.104302
0.105932
0.10756
0.109187
0.110813
0.112437
0.114061
0.115683
0.117304
0.118923
0.120541
0.122158
0.123774
0.125388
0.127001
0.128612
0.130222
0.13183
0.133437
0.135043
0.136646
0.138249
0.13985
0.141449
0.143047
0.144643
0.146238
0.147831
0.149422
0.151012
0.1526
0.154186
0.155771
0.157354
0.158935
0.160514
0.162092
0.163667
0.165241
0.166813
0.168384
0.169952
0.171518
0.173083
0.174646
0.176206
0.177765
0.179322
0.180877
0.18243
0.18398
0.185529
0.187076
0.18862
0.190163
0.191703
0.193241
0.194777
0.196311
0.197843
0.199373
0.2009
0.202425
0.203948
0.205468
0.206987
0.208503
0.210016
0.211528
0.213037
0.214543
0.216048
0.217549
0.219049
0.220546
0.22204
0.223532
0.225022
0.226509
0.227994
0.229476
0.230955
0.232432
0.233907
0.235378
0.236847
0.238314
0.239778
0.241239
0.242697
0.244153
0.245606
0.247057
0.248504
0.249949
0.251391
0.252831
0.254267
0.255701
0.257131
0.258559
0.259985
0.261407
0.262826
0.264242
0.265656
0.267066
0.268474
0.269878
0.27128
0.272678
0.274074
0.275466
0.276856
0.278242
0.279625
0.281005
0.282382
0.283756
0.285127
0.286494
0.287859
0.28922
0.290578
0.291933
0.293284
0.294632
0.295977
0.297319
0.298657
0.299992
0.301324
0.302652
0.303977
0.305299
0.306617
0.307932
0.309243
0.310551
0.311855
0.313157
0.314454
0.315748
0.317039
0.318326
0.319609
0.320889
0.322165
0.323438
0.324707
0.325973
0.327235
0.328493
0.329748
0.330999
0.332246
0.33349
0.33473
0.335966
0.337199
0.338427
0.339652
0.340874
0.342091
0.343305
0.344514
0.34572
0.346922
0.348121
0.349315
0.350506
0.351692
0.352875
0.354054
0.355229
0.3564
0.357567
0.35873
0.359889
0.361044
0.362195
0.363342
0.364485
0.365623
0.366758
0.367889
0.369016
0.370138
0.371257
0.372371
0.373481
0.374587
0.375689
0.376787
0.37788
0.37897
0.380055
0.381136
0.382212
0.383285
0.384353
0.385417
0.386476
0.387531
0.388582
0.389629
0.390671
0.391709
0.392743
0.393772
0.394797
0.395818
0.396834
0.397846
0.398853
0.399856
0.400854
0.401848
0.402838
0.403823
0.404803
0.405779
0.406751
0.407718
0.40868
0.409638
0.410592
0.41154
0.412485
0.413424
0.414359
0.41529
0.416216
0.417137
0.418054
0.418966
0.419873
0.420775
0.421673
0.422567
0.423455
0.424339
0.425218
0.426093
0.426962
0.427827
0.428688
0.429543
0.430394
0.43124
0.432081
0.432917
0.433748
0.434575
0.435397
0.436214
0.437026
0.437833
0.438636
0.439433
0.440226
0.441014
0.441797
0.442575
0.443348
0.444116
0.444879
0.445637
0.446391
0.447139
0.447882
0.448621
0.449354
0.450082
0.450806
0.451524
0.452238
0.452946
0.453649
0.454348
0.455041
0.455729
0.456412
0.45709
0.457763
0.458431
0.459094
0.459752
0.460404
0.461052
0.461694
0.462331
0.462963
0.46359
0.464212
0.464829
0.46544
0.466046
0.466647
0.467243
0.467834
0.46842
0.469
0.469575
0.470145
0.47071
0.471269
0.471823
0.472372
0.472916
0.473454
0.473988
0.474516
0.475038
0.475556
0.476068
0.476575
0.477076
0.477572
0.478063
0.478549
0.479029
0.479504
0.479974
0.480438
0.480897
0.481351
0.481799
0.482242
0.482679
0.483112
0.483538
0.48396
0.484376
0.484787
0.485192
0.485592
0.485986
0.486375
0.486759
0.487138
0.48751
0.487878
0.48824
0.488597
0.488948
0.489294
0.489634
0.489969
0.490298
0.490622
0.490941
0.491254
0.491562
0.491864
0.49216
0.492452
0.492737
0.493018
0.493293
0.493562
0.493826
0.494084
0.494337
0.494584
0.494826
0.495063
0.495294
0.495519
0.495739
0.495953
0.496162
0.496365
0.496563
0.496756
0.496942
0.497124
0.497299
0.49747
0.497634
0.497793
0.497947
0.498095
0.498238
0.498375
0.498506
0.498632
0.498753
0.498868
0.498977
0.499081
0.499179
0.499272
0.499359
0.49944
0.499516
0.499587
0.499652
0.499711
0.499765
0.499813
0.499856
0.499893
0.499925
0.499951
0.499972
0.499987
0.499996
0.5
0.499998
0.499991
0.499978
0.49996
0.499936
0.499906
0.499871
0.499831
0.499785
0.499733
0.499676
0.499613
0.499545
0.499471
0.499391
0.499306
0.499216
0.49912
0.499018
0.498911
0.498798
0.49868
0.498556
0.498427
0.498292
0.498151
0.498005
0.497854
0.497697
0.497534
0.497366
0.497193
0.497014
0.496829
0.496639
0.496443
0.496242
0.496035
0.495823
0.495605
0.495382
0.495153
0.494919
0.494679
0.494434
0.494183
0.493927
0.493665
0.493398
0.493125
0.492847
0.492563
0.492274
0.49198
0.49168
0.491374
0.491063
0.490747
0.490425
0.490098
0.489765
0.489427
0.489083
0.488734
0.488379
0.488019
0.487654
0.487283
0.486907
0.486525
0.486138
0.485746
0.485348
0.484945
0.484536
0.484122
0.483703
0.483278
0.482848
0.482413
0.481972
0.481526
0.481074
0.480617
0.480155
0.479687
0.479215
0.478736
0.478253
0.477764
0.47727
0.47677
0.476266
0.475756
0.47524
0.47472
0.474194
0.473663
0.473126
0.472584
0.472038
0.471485
0.470928
0.470365
0.469797
0.469224
0.468646
0.468063
0.467474
0.46688
0.466281
0.465677
0.465067
0.464452
0.463833
0.463208
0.462578
0.461942
0.461302
0.460657
0.460006
0.45935
0.45869
0.458024
0.457353
0.456677
0.455995
0.455309
0.454618
0.453922
0.45322
0.452514
0.451802
0.451086
0.450364
0.449638
0.448907
0.44817
0.447429
0.446682
0.445931
0.445175
0.444413
0.443647
0.442876
0.4421
0.441319
0.440533
0.439742
0.438947
0.438146
0.437341
0.43653
0.435715
0.434895
0.434071
0.433241
0.432407
0.431567
0.430723
0.429874
0.429021
0.428163
0.427299
0.426432
0.425559
0.424682
0.4238
0.422913
0.422021
0.421125
0.420225
0.419319
0.418409
0.417494
0.416575
0.415651
0.414722
0.413789
0.412851
0.411908
0.410961
0.41001
0.409053
0.408093
0.407127
0.406158
0.405183
0.404205
0.403221
0.402234
0.401241
0.400245
0.399244
0.398238
0.397228
0.396214
0.395195
0.394172
0.393144
0.392112
0.391076
0.390035
0.38899
0.387941
0.386887
0.385829
0.384767
0.383701
0.38263
0.381555
0.380476
0.379392
0.378304
0.377213
0.376117
0.375016
0.373912
0.372803
0.371691
0.370574
0.369453
0.368328
0.367199
0.366065
0.364928
0.363787
0.362641
0.361492
0.360338
0.359181
0.358019
0.356854
0.355685
0.354511
0.353334
0.352153
0.350968
0.349779
0.348586
0.347389
0.346188
0.344984
0.343776
0.342563
0.341348
0.340128
0.338904
0.337677
0.336446
0.335211
0.333973
0.332731
0.331485
0.330235
0.328982
0.327725
0.326464
0.3252
0.323932
0.322661
0.321386
0.320107
0.318825
0.31754
0.316251
0.314958
0.313662
0.312362
0.311059
0.309752
0.308442
0.307129
0.305812
0.304492
0.303168
0.301841
0.30051
0.299177
0.29784
0.296499
0.295156
0.293809
0.292459
0.291105
0.289748
0.288389
0.287025
0.285659
0.28429
0.282917
0.281541
0.280162
0.27878
0.277395
0.276007
0.274616
0.273222
0.271824
0.270424
0.26902
0.267614
0.266205
0.264793
0.263377
0.261959
0.260538
0.259114
0.257687
0.256258
0.254825
0.25339
0.251951
0.25051
0.249067
0.24762
0.246171
0.244719
0.243264
0.241807
0.240346
0.238884
0.237418
0.23595
0.234479
0.233006
0.23153
0.230052
0.22857
0.227087
0.225601
0.224112
0.222621
0.221127
0.219631
0.218133
0.216632
0.215129
0.213623
0.212115
0.210605
0.209092
0.207577
0.206059
0.20454
0.203018
0.201493
0.199967
0.198438
0.196907
0.195374
0.193839
0.192302
0.190762
0.18922
0.187677
0.186131
0.184583
0.183033
0.181481
0.179927
0.178371
0.176813
0.175253
0.173691
0.172127
0.170561
0.168994
0.167424
0.165853
0.16428
0.162705
0.161128
0.159549
0.157969
0.156387
0.154803
0.153217
0.15163
0.150041
0.14845
0.146858
0.145264
0.143668
0.142071
0.140472
0.138872
0.13727
0.135667
0.134062
0.132455
0.130847
0.129238
0.127627
0.126015
0.124402
0.122787
0.12117
0.119553
0.117934
0.116314
0.114692
0.113069
0.111445
0.10982
0.108193
0.106565
0.104936
0.103306
0.101675
0.100042
0.098409
0.0967743
0.0951387
0.0935019
0.0918641
0.0902253
0.0885855
0.0869447
0.085303
0.0836603
0.0820167
0.0803721
0.0787267
0.0770804
0.0754332
0.0737852
0.0721364
0.0704867
0.0688363
0.0671851
0.0655332
0.0638806
0.0622272
0.0605732
0.0589184
0.0572631
0.055607
0.0539504
0.0522932
0.0506354
0.048977
0.0473181
0.0456586
0.0439987
0.0423382
0.0406773
0.0390159
0.0373541
0.0356919
0.0340293
0.0323663
0.030703
0.0290393
0.0273753
0.025711
0.0240464
0.0223815
0.0207164
0.019051
0.0173855
0.0157197
0.0140538
0.0123877
0.0107215
0.00905515
0.00738871
0.00572219
0.0040556
0.00238897
0.000722313
-0.000944352
-0.00261101
-0.00427763
-0.00594421
-0.00761073
-0.00927715
-0.0109435
-0.0126097
-0.0142757
-0.0159417
-0.0176074
-0.0192729
-0.0209382
-0.0226033
-0.0242681
-0.0259327
-0.027597
-0.029261
-0.0309246
-0.0325879
-0.0342508
-0.0359134
-0.0375756
-0.0392373
-0.0408986
-0.0425595
-0.0442198
-0.0458797
-0.0475391
-0.049198
-0.0508563
-0.052514
-0.0541711
-0.0558277
-0.0574836
-0.0591389
-0.0607936
-0.0624475
-0.0641008
-0.0657533
-0.0674052
-0.0690562
-0.0707065
-0.0723561
-0.0740048
-0.0756527
-0.0772997
-0.0789459
-0.0805913
-0.0822357
-0.0838792
-0.0855218
-0.0871634
-0.088804
-0.0904437
-0.0920824
-0.09372
-0.0953566
-0.0969922
-0.0986266
-0.10026
-0.101892
-0.103523
-0.105153
-0.106782
-0.10841
-0.110036
-0.111661
-0.113285
-0.114908
-0.116529
-0.11815
-0.119768
-0.121386
-0.123002
-0.124617
-0.12623
-0.127842
-0.129453
-0.131062
-0.132669
-0.134276
-0.13588
-0.137483
-0.139085
-0.140685
-0.142284
-0.143881
-0.145476
-0.14707
-0.148662
-0.150252
-0.151841
-0.153428
-0.155014
-0.156597
-0.158179
-0.15976
-0.161338
-0.162915
-0.164489
-0.166062
-0.167634
-0.169203
-0.17077
-0.172336
-0.173899
-0.175461
-0.177021
-0.178578
-0.180134
-0.181688
-0.18324
-0.184789
-0.186337
-0.187882
-0.189426
-0.190967
-0.192507
-0.194044
-0.195579
-0.197111
-0.198642
-0.20017
-0.201697
-0.20322
-0.204742
-0.206262
-0.207779
-0.209293
-0.210806
-0.212316
-0.213824
-0.215329
-0.216832
-0.218333
-0.219831
-0.221327
-0.22282
-0.224311
-0.225799
-0.227285
-0.228768
-0.230249
-0.231727
-0.233202
-0.234675
-0.236146
-0.237614
-0.239079
-0.240541
-0.242001
-0.243458
-0.244912
-0.246364
-0.247813
-0.249259
-0.250703
-0.252143
-0.253581
-0.255016
-0.256448
-0.257878
-0.259304
-0.260728
-0.262148
-0.263566
-0.264981
-0.266393
-0.267802
-0.269208
-0.270611
-0.272011
-0.273407
-0.274801
-0.276192
-0.27758
-0.278965
-0.280346
-0.281725
-0.2831
-0.284472
-0.285841
-0.287207
-0.28857
-0.289929
-0.291286
-0.292639
-0.293988
-0.295335
-0.296678
-0.298018
-0.299355
-0.300688
-0.302018
-0.303344
-0.304668
-0.305987
-0.307304
-0.308617
-0.309927
-0.311233
-0.312535
-0.313835
-0.31513
-0.316422
-0.317711
-0.318996
-0.320278
-0.321556
-0.322831
-0.324101
-0.325369
-0.326632
-0.327893
-0.329149
-0.330402
-0.331651
-0.332896
-0.334138
-0.335376
-0.33661
-0.337841
-0.339068
-0.340291
-0.34151
-0.342725
-0.343937
-0.345145
-0.346349
-0.347549
-0.348745
-0.349937
-0.351126
-0.35231
-0.353491
-0.354668
-0.355841
-0.35701
-0.358174
-0.359335
-0.360492
-0.361645
-0.362794
-0.363939
-0.36508
-0.366217
-0.367349
-0.368478
-0.369602
-0.370723
-0.371839
-0.372951
-0.374059
-0.375163
-0.376263
-0.377358
-0.37845
-0.379537
-0.38062
-0.381698
-0.382773
-0.383843
-0.384909
-0.38597
-0.387028
-0.388081
-0.38913
-0.390174
-0.391214
-0.39225
-0.393281
-0.394308
-0.395331
-0.396349
-0.397363
-0.398372
-0.399377
-0.400378
-0.401374
-0.402365
-0.403353
-0.404335
-0.405313
-0.406287
-0.407256
-0.408221
-0.409181
-0.410137
-0.411088
-0.412034
-0.412976
-0.413913
-0.414846
-0.415774
-0.416697
-0.417616
-0.41853
-0.41944
-0.420345
-0.421245
-0.42214
-0.423031
-0.423917
-0.424799
-0.425676
-0.426547
-0.427415
-0.428277
-0.429135
-0.429988
-0.430836
-0.431679
-0.432518
-0.433352
-0.434181
-0.435005
-0.435824
-0.436639
-0.437448
-0.438253
-0.439053
-0.439848
-0.440638
-0.441423
-0.442204
-0.442979
-0.443749
-0.444515
-0.445276
-0.446031
-0.446782
-0.447528
-0.448268
-0.449004
-0.449735
-0.450461
-0.451182
-0.451897
-0.452608
-0.453314
-0.454015
-0.45471
-0.455401
-0.456086
-0.456767
-0.457442
-0.458113
-0.458778
-0.459438
-0.460093
-0.460743
-0.461388
-0.462027
-0.462662
-0.463291
-0.463916
-0.464535
-0.465149
-0.465757
-0.466361
-0.466959
-0.467553
-0.468141
-0.468723
-0.469301
-0.469873
-0.470441
-0.471002
-0.471559
-0.472111
-0.472657
-0.473198
-0.473734
-0.474264
-0.474789
-0.475309
-0.475824
-0.476333
-0.476837
-0.477336
-0.477829
-0.478318
-0.4788
-0.479278
-0.47975
-0.480217
-0.480678
-0.481135
-0.481585
-0.482031
-0.482471
-0.482906
-0.483335
-0.483759
-0.484178
-0.484591
-0.484999
-0.485401
-0.485799
-0.48619
-0.486577
-0.486957
-0.487333
-0.487703
-0.488068
-0.488427
-0.488781
-0.489129
-0.489472
-0.489809
-0.490142
-0.490468
-0.490789
-0.491105
-0.491415
-0.49172
-0.492019
-0.492313
-0.492602
-0.492884
-0.493162
-0.493434
-0.4937
-0.493961
-0.494217
-0.494467
-0.494711
-0.49495
-0.495184
-0.495412
-0.495634
-0.495851
-0.496063
-0.496269
-0.496469
-0.496664
-0.496854
-0.497038
-0.497216
-0.497389
-0.497556
-0.497718
-0.497874
-0.498025
-0.49817
-0.49831
-0.498444
-0.498573
-0.498696
-0.498813
-0.498925
-0.499032
-0.499133
-0.499228
-0.499318
-0.499402
-0.499481
-0.499554
-0.499622
-0.499684
-0.49974
-0.499791
-0.499836
-0.499876
-0.499911
-0.499939
-0.499963
-0.49998
-0.499992
-0.499999
-0.5
-0.499995
-0.499985
-0.499969
-0.499948
-0.499921
-0.499889
-0.499851
-0.499807
-0.499758
-0.499704
-0.499644
-0.499578
-0.499507
-0.49943
-0.499348
-0.49926
-0.499166
-0.499067
-0.498963
-0.498853
-0.498737
-0.498616
-0.498489
-0.498357
-0.498219
-0.498076
-0.497927
-0.497773
-0.497613
-0.497447
-0.497276
-0.4971
-0.496918
-0.49673
-0.496537
-0.496339
-0.496135
-0.495925
-0.49571
-0.495489
-0.495263
-0.495031
-0.494794
-0.494552
-0.494304
-0.49405
-0.493791
-0.493526
-0.493256
-0.492981
-0.4927
-0.492413
-0.492121
-0.491824
-0.491521
-0.491212
-0.490899
-0.490579
-0.490255
-0.489924
-0.489589
-0.489248
-0.488901
-0.488549
-0.488192
-0.487829
-0.487461
-0.487087
-0.486708
-0.486324
-0.485934
-0.485539
-0.485138
-0.484732
-0.484321
-0.483904
-0.483482
-0.483054
-0.482621
-0.482183
-0.481739
-0.48129
-0.480836
-0.480376
-0.479911
-0.479441
-0.478965
-0.478484
-0.477998
-0.477507
-0.47701
-0.476507
-0.476
-0.475487
-0.474969
-0.474446
-0.473917
-0.473383
-0.472844
-0.472299
-0.47175
-0.471195
-0.470635
-0.470069
-0.469499
-0.468923
-0.468342
-0.467756
-0.467164
-0.466568
-0.465966
-0.465359
-0.464747
-0.464129
-0.463507
-0.462879
-0.462247
-0.461609
-0.460966
-0.460318
-0.459664
-0.459006
-0.458342
-0.457674
-0.457
-0.456321
-0.455638
-0.454949
-0.454255
-0.453556
-0.452852
-0.452143
-0.451429
-0.45071
-0.449986
-0.449257
-0.448523
-0.447784
-0.447039
-0.44629
-0.445537
-0.444778
-0.444014
-0.443245
-0.442471
-0.441693
-0.440909
-0.440121
-0.439327
-0.438529
-0.437726
-0.436918
-0.436105
-0.435288
-0.434465
-0.433638
-0.432806
-0.431969
-0.431127
-0.430281
-0.429429
-0.428573
-0.427712
-0.426847
-0.425977
-0.425101
-0.424222
-0.423337
-0.422448
-0.421554
-0.420655
-0.419752
-0.418844
-0.417932
-0.417015
-0.416093
-0.415166
-0.414235
-0.413299
-0.412359
-0.411414
-0.410465
-0.409511
-0.408552
-0.407589
-0.406622
-0.405649
-0.404673
-0.403692
-0.402706
-0.401716
-0.400721
-0.399722
-0.398719
-0.397711
-0.396699
-0.395682
-0.394661
-0.393636
-0.392606
-0.391571
-0.390533
-0.38949
-0.388443
-0.387391
-0.386335
-0.385275
-0.384211
-0.383142
-0.382069
-0.380992
-0.37991
-0.378825
-0.377735
-0.376641
-0.375542
-0.37444
-0.373333
-0.372223
-0.371108
-0.369989
-0.368866
-0.367739
-0.366607
-0.365472
-0.364332
-0.363189
-0.362042
-0.36089
-0.359734
-0.358575
-0.357411
-0.356244
-0.355072
-0.353897
-0.352718
-0.351534
-0.350347
-0.349156
-0.347961
-0.346763
-0.34556
-0.344353
-0.343143
-0.341929
-0.340711
-0.339489
-0.338264
-0.337035
-0.335802
-0.334565
-0.333324
-0.33208
-0.330833
-0.329581
-0.328326
-0.327067
-0.325805
-0.324539
-0.323269
-0.321996
-0.320719
-0.319438
-0.318154
-0.316867
-0.315576
-0.314281
-0.312983
-0.311682
-0.310377
-0.309069
-0.307757
-0.306441
-0.305123
-0.303801
-0.302475
-0.301147
-0.299814
-0.298479
-0.29714
-0.295798
-0.294453
-0.293104
-0.291752
-0.290397
-0.289039
-0.287677
-0.286312
-0.284944
-0.283573
-0.282199
-0.280822
-0.279441
-0.278057
-0.276671
-0.275281
-0.273888
-0.272492
-0.271093
-0.269691
-0.268286
-0.266879
-0.265468
-0.264054
-0.262637
-0.261217
-0.259795
-0.258369
-0.256941
-0.25551
-0.254076
-0.252639
-0.251199
-0.249757
-0.248312
-0.246864
-0.245413
-0.243959
-0.242503
-0.241044
-0.239583
-0.238119
-0.236652
-0.235182
-0.23371
-0.232236
-0.230758
-0.229278
-0.227796
-0.226311
-0.224824
-0.223334
-0.221841
-0.220347
-0.218849
-0.217349
-0.215847
-0.214343
-0.212836
-0.211326
-0.209815
-0.208301
-0.206785
-0.205266
-0.203745
-0.202222
-0.200697
-0.199169
-0.197639
-0.196107
-0.194573
-0.193036
-0.191498
-0.189957
-0.188415
-0.18687
-0.185323
-0.183774
-0.182223
-0.18067
-0.179115
-0.177558
-0.175999
-0.174438
-0.172875
-0.17131
-0.169743
-0.168174
-0.166604
-0.165032
-0.163457
-0.161881
-0.160304
-0.158724
-0.157143
-0.15556
-0.153975
-0.152388
-0.1508
-0.14921
-0.147619
-0.146025
-0.144431
-0.142834
-0.141236
-0.139637
-0.138036
-0.136433
-0.134829
-0.133223
-0.131616
-0.130007
-0.128397
-0.126786
-0.125173
-0.123559
-0.121943
-0.120326
-0.118708
-0.117088
-0.115467
-0.113845
-0.112221
-0.110596
-0.10897
-0.107343
-0.105715
-0.104085
-0.102454
-0.100823
-0.0991896
-0.0975555
-0.0959203
-0.0942841
-0.0926468
-0.0910085
-0.0893691
-0.0877288
-0.0860875
-0.0844453
-0.0828021
-0.081158
-0.079513
-0.0778671
-0.0762203
-0.0745727
-0.0729243
-0.071275
-0.069625
-0.0679742
-0.0663226
-0.0646703
-0.0630173
-0.0613635
-0.0597091
-0.0580541
-0.0563984
-0.054742
-0.0530851
-0.0514275
-0.0497694
-0.0481108
-0.0464516
-0.0447918
-0.0431316
-0.0414709
-0.0398098
-0.0381482
-0.0364862
-0.0348238
-0.0331609
-0.0314978
-0.0298342
-0.0281704
-0.0265062
-0.0248417
-0.023177
-0.021512
-0.0198468
-0.0181813
-0.0165156
-0.0148498
-0.0131838
-0.0115176
-0.00985134
-0.00818494
-0.00651846
-0.0048519
-0.00318529
-0.00151864
0.000148026
0.00181469
0.00348133
0.00514794
0.00681448
0.00848095
0.0101473
0.0118136
0.0134797
0.0151457
0.0168115
0.0184772
0.0201426
0.0218078
0.0234727
0.0251374
0.0268018
0.028466
0.0301298
0.0317932
0.0334563
0.0351191
0.0367814
0.0384434
0.0401049
0.041766
0.0434266
0.0450867
0.0467463
0.0484054
0.050064
0.051722
0.0533794
0.0550363
0.0566925
0.0583481
0.0600031
0.0616573
0.0633109
0.0649638
0.066616
0.0682675
0.0699181
0.071568
0.0732171
0.0748654
0.0765129
0.0781595
0.0798052
0.0814501
0.083094
0.0847371
0.0863791
0.0880203
0.0896604
0.0912996
0.0929377
0.0945748
0.0962109
0.0978458
0.0994797
0.101113
0.102744
0.104375
0.106004
0.107632
0.109259
0.110885
0.11251
0.114133
0.115755
0.117376
0.118995
0.120613
0.12223
0.123845
0.125459
0.127072
0.128683
0.130293
0.131901
0.133508
0.135114
0.136718
0.13832
0.139921
0.14152
0.143118
0.144714
0.146309
0.147902
0.149493
0.151082
0.15267
0.154257
0.155841
0.157424
0.159005
0.160584
0.162162
0.163737
0.165311
0.166883
0.168453
0.170022
0.171588
0.173152
0.174715
0.176276
0.177834
0.179391
0.180946
0.182498
0.184049
0.185598
0.187144
0.188689
0.190231
0.191771
0.19331
0.194846
0.196379
0.197911
0.19944
0.200968
0.202493
0.204015
0.205536
0.207054
0.20857
0.210084
0.211595
0.213104
0.21461
0.216114
0.217616
0.219115
0.220612
0.222107
0.223599
0.225088
0.226575
0.22806
0.229541
0.231021
0.232498
0.233972
0.235444
0.236913
0.238379
0.239843
0.241304
0.242762
0.244218
0.245671
0.247121
0.248569
0.250013
0.251455
0.252894
0.254331
0.255764
0.257195
0.258623
0.260048
0.26147
0.262889
0.264305
0.265719
0.267129
0.268536
0.269941
0.271342
0.27274
0.274136
0.275528
0.276917
0.278304
0.279687
0.281067
0.282443
0.283817
0.285188
0.286555
0.287919
0.28928
0.290638
0.291993
0.293344
0.294692
0.296037
0.297378
0.298716
0.300051
0.301383
0.302711
0.304036
0.305357
0.306675
0.30799
0.309301
0.310609
0.311913
0.313214
0.314512
0.315805
0.317096
0.318383
0.319666
0.320946
0.322222
0.323495
0.324764
0.326029
0.327291
0.328549
0.329804
0.331054
0.332302
0.333545
0.334785
0.336021
0.337253
0.338482
0.339707
0.340928
0.342145
0.343358
0.344568
0.345774
0.346976
0.348174
0.349368
0.350558
0.351745
0.352927
0.354106
0.355281
0.356452
0.357618
0.358781
0.35994
0.361095
0.362246
0.363392
0.364535
0.365674
0.366809
0.367939
0.369066
0.370188
0.371306
0.37242
0.37353
0.374636
0.375738
0.376835
0.377929
0.379018
0.380103
0.381183
0.38226
0.383332
0.3844
0.385464
0.386523
0.387578
0.388629
0.389676
0.390718
0.391755
0.392789
0.393818
0.394843
0.395863
0.396879
0.39789
0.398898
0.3999
0.400898
0.401892
0.402882
0.403866
0.404847
0.405823
0.406794
0.407761
0.408723
0.409681
0.410634
0.411582
0.412527
0.413466
0.414401
0.415331
0.416257
0.417178
0.418094
0.419006
0.419913
0.420815
0.421713
0.422606
0.423495
0.424378
0.425257
0.426131
0.427001
0.427866
0.428726
0.429581
0.430431
0.431277
0.432118
0.432954
0.433785
0.434612
0.435433
0.43625
0.437062
0.437869
0.438671
0.439469
0.440261
0.441049
0.441831
0.442609
0.443382
0.44415
0.444913
0.445671
0.446424
0.447172
0.447915
0.448653
0.449387
0.450115
0.450838
0.451556
0.452269
0.452977
0.45368
0.454379
0.455072
0.45576
0.456442
0.45712
0.457793
0.458461
0.459123
0.459781
0.460433
0.46108
0.461722
0.462359
0.462991
0.463618
0.464239
0.464856
0.465467
0.466073
0.466674
0.46727
0.46786
0.468446
0.469026
0.469601
0.47017
0.470735
0.471294
0.471848
0.472397
0.47294
0.473478
0.474011
0.474539
0.475061
0.475579
0.47609
0.476597
0.477098
0.477594
0.478085
0.47857
0.47905
0.479525
0.479994
0.480459
0.480917
0.481371
0.481819
0.482261
0.482699
0.483131
0.483557
0.483978
0.484394
0.484805
0.48521
0.485609
0.486004
0.486393
0.486776
0.487154
0.487527
0.487894
0.488256
0.488612
0.488963
0.489309
0.489649
0.489984
0.490313
0.490637
0.490955
0.491268
0.491575
0.491877
0.492173
0.492464
0.49275
0.49303
0.493305
0.493574
0.493837
0.494095
0.494348
0.494595
0.494837
0.495073
0.495304
0.495529
0.495748
0.495963
0.496171
0.496374
0.496572
0.496764
0.496951
0.497132
0.497307
0.497477
0.497642
0.4978
0.497954
0.498102
0.498244
0.498381
0.498512
0.498638
0.498758
0.498873
0.498982
0.499085
0.499183
0.499276
0.499363
0.499444
0.49952
0.49959
0.499655
0.499714
0.499767
0.499816
0.499858
0.499895
0.499926
0.499952
0.499972
0.499987
0.499996
0.5
0.499998
0.49999
0.499977
0.499959
0.499935
0.499905
0.49987
0.499829
0.499782
0.499731
0.499673
0.49961
0.499541
0.499467
0.499388
0.499302
0.499212
0.499115
0.499013
0.498906
0.498793
0.498674
0.49855
0.498421
0.498286
0.498145
0.497999
0.497847
0.49769
0.497527
0.497359
0.497185
0.497005
0.496821
0.49663
0.496434
0.496233
0.496026
0.495813
0.495595
0.495372
0.495143
0.494908
0.494668
0.494423
0.494172
0.493915
0.493653
0.493386
0.493113
0.492835
0.492551
0.492261
0.491967
0.491666
0.491361
0.491049
0.490733
0.49041
0.490083
0.48975
0.489411
0.489068
0.488718
0.488363
0.488003
0.487638
0.487267
0.48689
0.486508
0.486121
0.485728
0.48533
0.484927
0.484518
0.484104
0.483684
0.483259
0.482829
0.482393
0.481952
0.481506
0.481054
0.480597
0.480134
0.479667
0.479193
0.478715
0.478231
0.477742
0.477248
0.476748
0.476243
0.475733
0.475217
0.474696
0.47417
0.473639
0.473102
0.47256
0.472013
0.471461
0.470903
0.47034
0.469772
0.469199
0.46862
0.468036
0.467448
0.466853
0.466254
0.46565
0.46504
0.464425
0.463805
0.46318
0.46255
0.461914
0.461274
0.460628
0.459977
0.459321
0.45866
0.457994
0.457323
0.456646
0.455965
0.455279
0.454587
0.453891
0.453189
0.452482
0.451771
0.451054
0.450332
0.449606
0.448874
0.448137
0.447396
0.446649
0.445897
0.445141
0.444379
0.443613
0.442842
0.442065
0.441284
0.440498
0.439707
0.438911
0.43811
0.437305
0.436494
0.435679
0.434859
0.434034
0.433204
0.432369
0.43153
0.430686
0.429837
0.428983
0.428124
0.427261
0.426393
0.42552
0.424643
0.42376
0.422873
0.421982
0.421085
0.420184
0.419279
0.418368
0.417453
0.416534
0.415609
0.414681
0.413747
0.412809
0.411866
0.410919
0.409967
0.409011
0.40805
0.407085
0.406115
0.40514
0.404161
0.403178
0.40219
0.401197
0.4002
0.399199
0.398193
0.397183
0.396168
0.395149
0.394126
0.393098
0.392066
0.39103
0.389989
0.388944
0.387894
0.38684
0.385782
0.38472
0.383653
0.382582
0.381507
0.380428
0.379344
0.378256
0.377164
0.376068
0.374967
0.373863
0.372754
0.371641
0.370524
0.369403
0.368278
0.367148
0.366015
0.364877
0.363736
0.36259
0.361441
0.360287
0.359129
0.357968
0.356802
0.355633
0.354459
0.353282
0.3521
0.350915
0.349726
0.348533
0.347336
0.346135
0.34493
0.343722
0.34251
0.341293
0.340074
0.33885
0.337622
0.336391
0.335156
0.333918
0.332675
0.331429
0.330179
0.328926
0.327669
0.326408
0.325144
0.323876
0.322604
0.321329
0.320051
0.318768
0.317483
0.316193
0.3149
0.313604
0.312304
0.311001
0.309694
0.308384
0.30707
0.305753
0.304433
0.303109
0.301782
0.300451
0.299117
0.29778
0.29644
0.295096
0.293749
0.292399
0.291045
0.289688
0.288328
0.286965
0.285598
0.284229
0.282856
0.28148
0.280101
0.278719
0.277334
0.275945
0.274554
0.27316
0.271762
0.270362
0.268958
0.267552
0.266142
0.26473
0.263314
0.261896
0.260475
0.259051
0.257624
0.256194
0.254761
0.253326
0.251887
0.250446
0.249002
0.247556
0.246106
0.244654
0.243199
0.241742
0.240282
0.238819
0.237353
0.235885
0.234414
0.23294
0.231464
0.229986
0.228505
0.227021
0.225535
0.224046
0.222555
0.221061
0.219565
0.218066
0.216565
0.215062
0.213556
0.212048
0.210537
0.209025
0.207509
0.205992
0.204472
0.20295
0.201426
0.199899
0.19837
0.196839
0.195306
0.193771
0.192233
0.190694
0.189152
0.187608
0.186062
0.184514
0.182964
0.181412
0.179858
0.178302
0.176744
0.175184
0.173622
0.172058
0.170492
0.168924
0.167355
0.165783
0.16421
0.162635
0.161058
0.159479
0.157899
0.156316
0.154732
0.153147
0.151559
0.14997
0.148379
0.146787
0.145193
0.143597
0.142
0.140401
0.138801
0.137199
0.135595
0.13399
0.132384
0.130776
0.129167
0.127556
0.125944
0.12433
0.122715
0.121099
0.119481
0.117862
0.116242
0.11462
0.112997
0.111373
0.109747
0.108121
0.106493
0.104864
0.103234
0.101602
0.09997
0.0983364
0.0967017
0.095066
0.0934292
0.0917914
0.0901525
0.0885127
0.0868719
0.0852301
0.0835873
0.0819436
0.0802991
0.0786536
0.0770072
0.07536
0.073712
0.0720631
0.0704135
0.068763
0.0671118
0.0654598
0.0638072
0.0621538
0.0604997
0.0588449
0.0571895
0.0555335
0.0538768
0.0522196
0.0505617
0.0489033
0.0472444
0.0455849
0.0439249
0.0422645
0.0406035
0.0389422
0.0372803
0.0356181
0.0339555
0.0322925
0.0306291
0.0289654
0.0273014
0.0256371
0.0239724
0.0223076
0.0206424
0.0189771
0.0173115
0.0156457
0.0139798
0.0123137
0.0106475
0.00898115
0.00731471
0.00564818
0.00398159
0.00231496
0.0006483
-0.00101837
-0.00268502
-0.00435164
-0.00601822
-0.00768473
-0.00935115
-0.0110175
-0.0126837
-0.0143497
-0.0160156
-0.0176813
-0.0193469
-0.0210122
-0.0226773
-0.0243421
-0.0260066
-0.0276709
-0.0293348
-0.0309985
-0.0326618
-0.0343247
-0.0359872
-0.0376494
-0.0393111
-0.0409724
-0.0426332
-0.0442936
-0.0459534
-0.0476128
-0.0492716
-0.0509299
-0.0525876
-0.0542447
-0.0559012
-0.0575572
-0.0592124
-0.060867
-0.062521
-0.0641742
-0.0658267
-0.0674785
-0.0691295
-0.0707798
-0.0724293
-0.074078
-0.0757258
-0.0773729
-0.079019
-0.0806643
-0.0823087
-0.0839521
-0.0855947
-0.0872363
-0.0888769
-0.0905165
-0.0921551
-0.0937927
-0.0954293
-0.0970648
-0.0986992
-0.100333
-0.101965
-0.103596
-0.105226
-0.106854
-0.108482
-0.110108
-0.111734
-0.113357
-0.11498
-0.116601
-0.118221
-0.11984
-0.121458
-0.123074
-0.124688
-0.126302
-0.127914
-0.129524
-0.131133
-0.132741
-0.134347
-0.135952
-0.137555
-0.139156
-0.140756
-0.142355
-0.143952
-0.145547
-0.147141
-0.148733
-0.150323
-0.151912
-0.153499
-0.155084
-0.156668
-0.15825
-0.15983
-0.161408
-0.162985
-0.164559
-0.166132
-0.167703
-0.169272
-0.17084
-0.172405
-0.173969
-0.17553
-0.17709
-0.178647
-0.180203
-0.181757
-0.183308
-0.184858
-0.186406
-0.187951
-0.189494
-0.191036
-0.192575
-0.194112
-0.195647
-0.197179
-0.19871
-0.200238
-0.201764
-0.203288
-0.20481
-0.206329
-0.207846
-0.209361
-0.210873
-0.212383
-0.213891
-0.215396
-0.216899
-0.218399
-0.219897
-0.221393
-0.222886
-0.224377
-0.225865
-0.227351
-0.228834
-0.230314
-0.231792
-0.233268
-0.234741
-0.236211
-0.237679
-0.239144
-0.240606
-0.242066
-0.243523
-0.244977
-0.246428
-0.247877
-0.249323
-0.250767
-0.252207
-0.253645
-0.25508
-0.256512
-0.257941
-0.259367
-0.260791
-0.262211
-0.263629
-0.265044
-0.266455
-0.267864
-0.26927
-0.270673
-0.272073
-0.273469
-0.274863
-0.276254
-0.277642
-0.279026
-0.280408
-0.281786
-0.283161
-0.284533
-0.285902
-0.287268
-0.28863
-0.28999
-0.291346
-0.292699
-0.294048
-0.295395
-0.296738
-0.298077
-0.299414
-0.300747
-0.302077
-0.303403
-0.304726
-0.306046
-0.307362
-0.308675
-0.309985
-0.311291
-0.312593
-0.313892
-0.315188
-0.31648
-0.317768
-0.319053
-0.320335
-0.321613
-0.322887
-0.324158
-0.325425
-0.326688
-0.327948
-0.329205
-0.330457
-0.331706
-0.332951
-0.334193
-0.335431
-0.336665
-0.337895
-0.339122
-0.340345
-0.341564
-0.342779
-0.343991
-0.345198
-0.346402
-0.347602
-0.348798
-0.34999
-0.351179
-0.352363
-0.353543
-0.35472
-0.355893
-0.357061
-0.358226
-0.359387
-0.360544
-0.361696
-0.362845
-0.36399
-0.36513
-0.366267
-0.367399
-0.368528
-0.369652
-0.370772
-0.371889
-0.373001
-0.374108
-0.375212
-0.376312
-0.377407
-0.378498
-0.379585
-0.380668
-0.381746
-0.38282
-0.38389
-0.384956
-0.386017
-0.387075
-0.388127
-0.389176
-0.39022
-0.39126
-0.392296
-0.393327
-0.394354
-0.395376
-0.396394
-0.397408
-0.398417
-0.399422
-0.400422
-0.401418
-0.402409
-0.403396
-0.404379
-0.405357
-0.40633
-0.407299
-0.408264
