0.00166667
0.00332685
0.00498609
0.0066477
0.00831372
0.00998526
0.0116631
0.0133477
0.0150393
0.016738
0.0184439
0.0201569
0.0218771
0.0236044
0.0253388
0.02708
0.0288282
0.030583
0.0323446
0.0341126
0.0358871
0.0376679
0.0394549
0.041248
0.043047
0.0448519
0.0466625
0.0484787
0.0503004
0.0521274
0.0539597
0.0557971
0.0576394
0.0594867
0.0613386
0.0631952
0.0650563
0.0669218
0.0687916
0.0706655
0.0725434
0.0744252
0.0763108
0.0782
0.0800928
0.0819891
0.0838886
0.0857914
0.0876972
0.089606
0.0915177
0.0934321
0.0953491
0.0972686
0.0991899
0.101111
0.103034
0.104958
0.106885
0.108813
0.110744
0.112677
0.114611
0.116548
0.118486
0.120426
0.122367
0.124309
0.126253
0.128197
0.130143
0.132089
0.134036
0.135984
0.137932
0.139881
0.14183
0.143779
0.145728
0.147677
0.149627
0.151576
0.153524
0.155473
0.157421
0.159368
0.161315
0.163261
0.165207
0.167152
0.169095
0.171038
0.17298
0.174921
0.17686
0.178798
0.180735
0.182671
0.184604
0.186537
0.188468
0.190397
0.192324
0.19425
0.196173
0.198095
0.200014
0.201932
0.203848
0.205761
0.207672
0.209581
0.211487
0.213391
0.215292
0.217192
0.219088
0.220982
0.222873
0.224761
0.226646
0.228529
0.230409
0.232286
0.234159
0.236031
0.237898
0.239763
0.241624
0.243482
0.245337
0.247189
0.249037
0.250882
0.252723
0.254562
0.256396
0.258227
0.260054
0.261878
0.263698
0.265515
0.267327
0.269136
0.270941
0.272743
0.27454
0.276334
0.278123
0.279909
0.28169
0.283468
0.285241
0.287011
0.288776
0.290538
0.292294
0.294048
0.295796
0.297541
0.29928
0.301017
0.302748
0.304476
0.306198
0.307917
0.30963
0.311341
0.313045
0.314747
0.316442
0.318134
0.31982
0.321504
0.323181
0.324855
0.326523
0.328188
0.329846
0.331502
0.333151
0.334798
0.336437
0.338074
0.339704
0.341332
0.342952
0.34457
0.346181
0.347789
0.34939
0.350989
0.35258
0.354169
0.35575
0.357329
0.3589
0.36047
0.362031
0.363591
0.365142
0.366692
0.368233
0.369772
0.371303
0.372833
0.374354
0.375873
0.377384
0.378893
0.380393
0.381893
0.383383
0.384872
0.386351
0.38783
0.389299
0.390768
0.392226
0.393684
0.395133
0.39658
0.398018
0.399455
0.400882
0.402309
0.403725
0.405141
0.406547
0.407953
0.409348
0.410743
0.412127
0.413511
0.414885
0.416258
0.417621
0.418984
0.420335
0.421687
0.423028
0.424369
0.425699
0.427029
0.428348
0.429667
0.430975
0.432283
0.43358
0.434877
0.436162
0.437448
0.438722
0.439997
0.44126
0.442524
0.443775
0.445028
0.446268
0.447509
0.448738
0.449968
0.451185
0.452404
0.453609
0.454816
0.45601
0.457206
0.458388
0.459572
0.460743
0.461915
0.463074
0.464235
0.465382
0.466531
0.467666
0.468803
0.469926
0.471051
0.472163
0.473276
0.474375
0.475476
0.476563
0.477652
0.478727
0.479804
0.480867
0.481932
0.482982
0.484034
0.485072
0.486112
0.487138
0.488165
0.489178
0.490194
0.491194
0.492196
0.493184
0.494174
0.495149
0.496126
0.497088
0.498053
0.499002
0.499954
0.50089
0.501829
0.502751
0.503677
0.504587
0.5055
0.506397
0.507297
0.50818
0.509066
0.509937
0.51081
0.511667
0.512526
0.51337
0.514216
0.515046
0.515879
0.516695
0.517514
0.518317
0.519122
0.519911
0.520703
0.521478
0.522256
0.523017
0.523781
0.524528
0.525278
0.526011
0.526748
0.527467
0.528189
0.528894
0.529602
0.530292
0.530986
0.531663
0.532342
0.533004
0.533669
0.534317
0.534968
0.535601
0.536237
0.536856
0.537478
0.538082
0.538689
0.539279
0.539872
0.540447
0.541025
0.541585
0.542148
0.542694
0.543243
0.543774
0.544307
0.544823
0.545342
0.545843
0.546347
0.546834
0.547323
0.547794
0.548268
0.548725
0.549184
0.549625
0.550069
0.550496
0.550925
0.551337
0.551751
0.552147
0.552546
0.552928
0.553312
0.553678
0.554047
0.554399
0.554752
0.555089
0.555427
0.555749
0.556072
0.556379
0.556687
0.556978
0.557272
0.557548
0.557826
0.558088
0.558351
0.558597
0.558845
0.559077
0.559309
0.559526
0.559744
0.559945
0.560148
0.560335
0.560523
0.560695
0.560868
0.561025
0.561183
0.561326
0.561469
0.561597
0.561725
0.561838
0.561952
0.56205
0.562149
0.562233
0.562317
0.562387
0.562456
0.562511
0.562566
0.562607
0.562648
0.562674
0.5627
0.562712
0.562724
0.562722
0.56272
0.562704
0.562687
0.562657
0.562627
0.562582
0.562538
0.56248
0.562422
0.56235
0.562278
0.562192
0.562106
0.562007
0.561908
0.561795
0.561682
0.561557
0.56143
0.561291
0.561151
0.560999
0.560846
0.560681
0.560515
0.560337
0.560157
0.559967
0.559774
0.559571
0.559366
0.55915
0.558932
0.558704
0.558473
0.558232
0.55799
0.557737
0.557482
0.557217
0.556949
0.556672
0.556393
0.556104
0.555813
0.555512
0.555209
0.554897
0.554582
0.554258
0.553932
0.553597
0.553259
0.552913
0.552564
0.552206
0.551846
0.551478
0.551107
0.550727
0.550345
0.549955
0.549563
0.549162
0.548759
0.548347
0.547934
0.547512
0.547088
0.546657
0.546222
0.545781
0.545336
0.544885
0.54443
0.543969
0.543504
0.543034
0.54256
0.542079
0.541596
0.541106
0.540613
0.540114
0.539611
0.539103
0.538592
0.538074
0.537554
0.537028
0.536498
0.535963
0.535425
0.534882
0.534335
0.533783
0.533227
0.532667
0.532103
0.531535
0.530962
0.530386
0.529805
0.529221
0.528632
0.52804
0.527443
0.526843
0.526239
0.525631
0.525019
0.524403
0.523784
0.523161
0.522534
0.521903
0.521269
0.520631
0.51999
0.519345
0.518696
0.518044
0.517388
0.51673
0.516067
0.515402
0.514732
0.51406
0.513383
0.512705
0.512021
0.511336
0.510647
0.509955
0.509259
0.508561
0.507858
0.507154
0.506445
0.505734
0.50502
0.504303
0.503582
0.502859
0.502132
0.501404
0.500671
0.499936
0.499197
0.498457
0.497712
0.496966
0.496216
0.495464
0.494708
0.493951
0.49319
0.492427
0.49166
0.490892
0.490119
0.489346
0.488568
0.487789
0.487006
0.486222
0.485433
0.484644
0.48385
0.483055
0.482256
0.481457
0.480653
0.479848
0.479039
0.47823
0.477415
0.476601
0.475782
0.474962
0.474138
0.473314
0.472485
0.471656
0.470822
0.469988
0.469149
0.468311
0.467467
0.466624
0.465775
0.464927
0.464074
0.463221
0.462364
0.461506
0.460644
0.459782
0.458915
0.458048
0.457176
0.456305
0.455429
0.454553
0.453672
0.452792
0.451906
0.451021
0.450131
0.449242
0.448347
0.447453
0.446554
0.445655
0.444752
0.443848
0.44294
0.442033
0.44112
0.440208
0.439291
0.438374
0.437452
0.436531
0.435605
0.434679
0.433749
0.432818
0.431883
0.430948
0.430009
0.429069
0.428125
0.427181
0.426232
0.425284
0.424331
0.423378
0.42242
0.421462
0.4205
0.419538
0.418571
0.417604
0.416632
0.415661
0.414685
0.413709
0.412728
0.411747
0.410762
0.409776
0.408786
0.407796
0.406801
0.405807
0.404807
0.403808
0.402803
0.401799
0.40079
0.399781
0.398767
0.397754
0.396735
0.395717
0.394693
0.39367
0.392641
0.391613
0.39058
0.389547
0.388509
0.38747
0.386427
0.385384
0.384336
0.383288
0.382235
0.381182
0.380124
0.379066
0.378003
0.37694
0.375871
0.374803
0.37373
0.372656
0.371578
0.370499
0.369415
0.368332
0.367243
0.366154
0.365059
0.363965
0.362866
0.361766
0.360661
0.359556
0.358446
0.357336
0.35622
0.355105
0.353984
0.352863
0.351736
0.35061
0.349478
0.348346
0.347208
0.346071
0.344928
0.343785
0.342636
0.341487
0.340333
0.339179
0.338019
0.336859
0.335694
0.334528
0.333357
0.332185
0.331008
0.329831
0.328648
0.327465
0.326277
0.325088
0.323894
0.322699
0.321499
0.320299
0.319093
0.317886
0.316674
0.315462
0.314244
0.313026
0.311802
0.310578
0.309348
0.308118
0.306882
0.305646
0.304404
0.303162
0.301914
0.300665
0.299411
0.298157
0.296897
0.295636
0.29437
0.293103
0.291831
0.290558
0.289279
0.288
0.286716
0.28543
0.28414
0.282848
0.281551
0.280253
0.27895
0.277646
0.276336
0.275026
0.27371
0.272394
0.271072
0.269749
0.26842
0.267091
0.265757
0.264421
0.26308
0.261739
0.260391
0.259043
0.25769
0.256335
0.254975
0.253615
0.252248
0.250881
0.249509
0.248136
0.246756
0.245377
0.243991
0.242606
0.241214
0.239822
0.238424
0.237025
0.235621
0.234216
0.232805
0.231394
0.229977
0.228559
0.227136
0.225712
0.224282
0.222852
0.221416
0.21998
0.218537
0.217095
0.215646
0.214197
0.212742
0.211287
0.209826
0.208365
0.206897
0.20543
0.203956
0.202482
0.201002
0.199522
0.198036
0.19655
0.195058
0.193566
0.192067
0.190569
0.189064
0.18756
0.186049
0.184539
0.183022
0.181506
0.179983
0.17846
0.176932
0.175403
0.173868
0.172334
0.170793
0.169253
0.167706
0.16616
0.164608
0.163055
0.161497
0.159939
0.158375
0.156811
0.155242
0.153672
0.152097
0.150521
0.14894
0.147359
0.145773
0.144186
0.142594
0.141002
0.139404
0.137806
0.136203
0.1346
0.132991
0.131382
0.129768
0.128154
0.126535
0.124915
0.123291
0.121666
0.120036
0.118406
0.116771
0.115136
0.113496
0.111856
0.110211
0.108566
0.106916
0.105266
0.10361
0.101955
0.100295
0.0986357
0.0969709
0.0953063
0.0936368
0.0919675
0.0902934
0.0886194
0.0869407
0.0852622
0.083579
0.0818959
0.0802083
0.0785208
0.0768289
0.075137
0.0734408
0.0717447
0.0700443
0.068344
0.0666395
0.0649351
0.0632265
0.0615181
0.0598056
0.0580932
0.0563769
0.0546606
0.0529406
0.0512202
0.0494969
0.0477729
0.0460461
0.0443185
0.0425882
0.0408572
0.0391234
0.037389
0.0356519
0.0339142
0.0321739
0.030433
0.0286896
0.0269456
0.0251993
0.0234522
0.021703
0.0199531
0.0182011
0.0164484
0.0146938
0.0129384
0.0111812
0.00942323
0.00766362
0.00590322
0.00414129
0.00237856
0.000614428
-0.00115052
-0.00291674
-0.00468378
-0.00645196
-0.00822098
-0.009991
-0.0117619
-0.0135336
-0.0153062
-0.0170795
-0.0188537
-0.0206285
-0.0224042
-0.0241803
-0.0259573
-0.0277346
-0.0295129
-0.0312913
-0.0330706
-0.0348499
-0.0366301
-0.0384102
-0.0401913
-0.041972
-0.0437537
-0.0455349
-0.0473172
-0.0490988
-0.0508814
-0.0526632
-0.054446
-0.0562279
-0.0580108
-0.0597926
-0.0615754
-0.063357
-0.0651396
-0.0669208
-0.068703
-0.0704836
-0.0722654
-0.0740453
-0.0758263
-0.0776054
-0.0793855
-0.0811636
-0.0829427
-0.0847196
-0.0864976
-0.0882731
-0.0900497
-0.0918237
-0.0935989
-0.0953712
-0.0971447
-0.0989151
-0.100687
-0.102455
-0.104225
-0.105991
-0.107759
-0.109522
-0.111287
-0.113049
-0.114811
-0.11657
-0.11833
-0.120086
-0.121843
-0.123595
-0.125349
-0.127099
-0.128849
-0.130595
-0.132343
-0.134085
-0.135829
-0.137567
-0.139307
-0.141042
-0.142778
-0.144508
-0.14624
-0.147966
-0.149693
-0.151415
-0.153138
-0.154855
-0.156573
-0.158285
-0.159999
-0.161706
-0.163414
-0.165116
-0.166818
-0.168515
-0.170212
-0.171903
-0.173595
-0.17528
-0.176966
-0.178645
-0.180325
-0.181998
-0.183671
-0.185338
-0.187005
-0.188665
-0.190326
-0.19198
-0.193634
-0.19528
-0.196927
-0.198567
-0.200207
-0.201839
-0.203471
-0.205096
-0.206721
-0.208339
-0.209956
-0.211566
-0.213175
-0.214777
-0.216379
-0.217972
-0.219566
-0.221151
-0.222736
-0.224313
-0.22589
-0.227458
-0.229026
-0.230585
-0.232144
-0.233695
-0.235245
-0.236786
-0.238327
-0.239859
-0.241391
-0.242914
-0.244436
-0.245949
-0.247462
-0.248966
-0.250469
-0.251962
-0.253455
-0.254939
-0.256422
-0.257895
-0.259368
-0.260831
-0.262294
-0.263747
-0.265199
-0.266641
-0.268083
-0.269514
-0.270945
-0.272366
-0.273786
-0.275196
-0.276605
-0.278004
-0.279402
-0.28079
-0.282176
-0.283553
-0.284928
-0.286294
-0.287657
-0.289011
-0.290364
-0.291706
-0.293047
-0.294378
-0.295707
-0.297026
-0.298343
-0.299651
-0.300956
-0.302252
-0.303545
-0.304829
-0.30611
-0.307381
-0.308651
-0.30991
-0.311167
-0.312414
-0.313659
-0.314894
-0.316127
-0.317349
-0.318569
-0.31978
-0.320988
-0.322186
-0.323381
-0.324567
-0.325749
-0.326922
-0.328092
-0.329253
-0.33041
-0.331559
-0.332703
-0.333839
-0.334971
-0.336094
-0.337213
-0.338324
-0.33943
-0.340528
-0.341622
-0.342707
-0.343788
-0.34486
-0.345928
-0.346988
-0.348043
-0.34909
-0.350133
-0.351167
-0.352197
-0.353219
-0.354235
-0.355244
-0.356248
-0.357245
-0.358236
-0.35922
-0.360198
-0.361169
-0.362134
-0.363093
-0.364045
-0.364991
-0.365931
-0.366864
-0.367791
-0.368711
-0.369626
-0.370534
-0.371436
-0.372331
-0.37322
-0.374102
-0.374979
-0.375849
-0.376713
-0.37757
-0.378422
-0.379266
-0.380106
-0.380938
-0.381765
-0.382584
-0.383399
-0.384206
-0.385008
-0.385802
-0.386593
-0.387374
-0.388152
-0.388922
-0.389688
-0.390445
-0.391198
-0.391943
-0.392685
-0.393417
-0.394147
-0.394867
-0.395584
-0.396292
-0.396998
-0.397694
-0.398387
-0.399071
-0.399753
-0.400425
-0.401094
-0.401754
-0.402412
-0.40306
-0.403706
-0.404342
-0.404977
-0.405601
-0.406224
-0.406836
-0.407447
-0.408048
-0.408648
-0.409237
-0.409825
-0.410402
-0.410978
-0.411544
-0.412109
-0.412664
-0.413217
-0.41376
-0.414302
-0.414834
-0.415365
-0.415885
-0.416404
-0.416913
-0.417421
-0.417919
-0.418416
-0.418902
-0.419388
-0.419863
-0.420338
-0.420802
-0.421266
-0.421718
-0.422171
-0.422613
-0.423055
-0.423485
-0.423916
-0.424336
-0.424756
-0.425164
-0.425573
-0.425971
-0.426369
-0.426756
-0.427144
-0.42752
-0.427897
-0.428262
-0.428628
-0.428982
-0.429338
-0.429682
-0.430026
-0.430359
-0.430693
-0.431016
-0.431339
-0.431651
-0.431964
-0.432266
-0.432568
-0.432859
-0.433151
-0.433431
-0.433713
-0.433982
-0.434254
-0.434513
-0.434774
-0.435023
-0.435273
-0.435511
-0.435752
-0.43598
-0.43621
-0.436427
-0.436647
-0.436855
-0.437064
-0.437261
-0.43746
-0.437647
-0.437836
-0.438013
-0.438192
-0.438359
-0.438527
-0.438684
-0.438842
-0.438989
-0.439137
-0.439274
-0.439412
-0.439538
-0.439667
-0.439783
-0.439901
-0.440007
-0.440116
-0.440212
-0.44031
-0.440397
-0.440485
-0.440562
-0.44064
-0.440707
-0.440775
-0.440832
-0.440891
-0.440937
-0.440986
-0.441023
-0.441063
-0.44109
-0.441119
-0.441136
-0.441156
-0.441164
-0.441174
-0.441171
-0.441172
-0.44116
-0.44115
-0.441129
-0.44111
-0.441079
-0.44105
-0.441009
-0.440971
-0.44092
-0.440872
-0.440813
-0.440755
-0.440686
-0.440619
-0.44054
-0.440463
-0.440375
-0.440289
-0.440191
-0.440095
-0.439988
-0.439883
-0.439767
-0.439652
-0.439526
-0.439403
-0.439268
-0.439134
-0.43899
-0.438848
-0.438694
-0.438542
-0.438379
-0.438218
-0.438046
-0.437876
-0.437695
-0.437515
-0.437325
-0.437136
-0.436937
-0.436739
-0.436531
-0.436324
-0.436106
-0.43589
-0.435664
-0.435439
-0.435203
-0.43497
-0.434725
-0.434482
-0.434229
-0.433977
-0.433715
-0.433454
-0.433183
-0.432914
-0.432634
-0.432356
-0.432067
-0.43178
-0.431483
-0.431187
-0.430881
-0.430576
-0.430262
-0.429949
-0.429625
-0.429303
-0.428972
-0.428641
-0.428301
-0.427962
-0.427613
-0.427266
-0.426908
-0.426552
-0.426186
-0.425822
-0.425448
-0.425075
-0.424693
-0.424311
-0.423921
-0.423531
-0.423132
-0.422734
-0.422327
-0.421921
-0.421506
-0.421091
-0.420668
-0.420245
-0.419814
-0.419383
-0.418943
-0.418504
-0.418057
-0.41761
-0.417154
-0.416699
-0.416236
-0.415773
-0.415301
-0.41483
-0.414351
-0.413872
-0.413385
-0.412899
-0.412403
-0.411909
-0.411406
-0.410904
-0.410393
-0.409884
-0.409365
-0.408848
-0.408322
-0.407796
-0.407263
-0.40673
-0.406189
-0.405648
-0.4051
-0.404552
-0.403995
-0.40344
-0.402876
-0.402313
-0.401742
-0.401171
-0.400593
-0.400015
-0.399429
-0.398844
-0.398251
-0.397658
-0.397057
-0.396457
-0.39585
-0.395242
-0.394627
-0.394013
-0.39339
-0.392769
-0.392139
-0.39151
-0.390874
-0.390238
-0.389594
-0.388951
-0.3883
-0.387649
-0.386992
-0.386334
-0.385669
-0.385005
-0.384333
-0.383661
-0.382982
-0.382304
-0.381618
-0.380933
-0.38024
-0.379547
-0.378848
-0.378148
-0.377442
-0.376735
-0.376022
-0.375309
-0.374588
-0.373869
-0.373141
-0.372415
-0.371681
-0.370947
-0.370206
-0.369466
-0.368718
-0.367971
-0.367217
-0.366463
-0.365702
-0.364941
-0.364173
-0.363406
-0.362631
-0.361857
-0.361076
-0.360295
-0.359507
-0.358719
-0.357925
-0.35713
-0.356329
-0.355528
-0.35472
-0.353913
-0.353098
-0.352284
-0.351462
-0.350641
-0.349813
-0.348986
-0.348151
-0.347317
-0.346476
-0.345635
-0.344787
-0.343939
-0.343085
-0.342231
-0.341369
-0.340509
-0.339641
-0.338773
-0.337899
-0.337025
-0.336144
-0.335263
-0.334375
-0.333488
-0.332593
-0.331699
-0.330798
-0.329898
-0.32899
-0.328082
-0.327168
-0.326254
-0.325333
-0.324412
-0.323484
-0.322557
-0.321622
-0.320688
-0.319747
-0.318806
-0.317858
-0.316911
-0.315956
-0.315002
-0.31404
-0.313079
-0.312111
-0.311143
-0.310168
-0.309194
-0.308212
-0.30723
-0.306242
-0.305254
-0.304258
-0.303263
-0.302261
-0.301259
-0.30025
-0.299241
-0.298225
-0.297209
-0.296186
-0.295164
-0.294134
-0.293104
-0.292067
-0.291031
-0.289987
-0.288944
-0.287893
-0.286843
-0.285784
-0.284727
-0.283662
-0.282598
-0.281526
-0.280454
-0.279375
-0.278297
-0.27721
-0.276125
-0.275031
-0.273938
-0.272838
-0.271738
-0.27063
-0.269523
-0.268408
-0.267294
-0.266171
-0.26505
-0.26392
-0.262791
-0.261655
-0.260519
-0.259374
-0.258231
-0.257079
-0.255929
-0.25477
-0.253612
-0.252446
-0.25128
-0.250106
-0.248934
-0.247753
-0.246572
-0.245384
-0.244196
-0.243
-0.241805
-0.240601
-0.239398
-0.238187
-0.236977
-0.235759
-0.234541
-0.233315
-0.232089
-0.230856
-0.229623
-0.228381
-0.227141
-0.225892
-0.224644
-0.223387
-0.222131
-0.220867
-0.219604
-0.218332
-0.217061
-0.215781
-0.214502
-0.213215
-0.211929
-0.210634
-0.20934
-0.208037
-0.206735
-0.205425
-0.204115
-0.202797
-0.20148
-0.200154
-0.198829
-0.197496
-0.196163
-0.194822
-0.193481
-0.192132
-0.190784
-0.189427
-0.188071
-0.186707
-0.185343
-0.183971
-0.182599
-0.18122
-0.17984
-0.178453
-0.177066
-0.175671
-0.174276
-0.172873
-0.171471
-0.17006
-0.16865
-0.167232
-0.165814
-0.164389
-0.162963
-0.16153
-0.160097
-0.158656
-0.157215
-0.155767
-0.154318
-0.152863
-0.151407
-0.149944
-0.14848
-0.147009
-0.145538
-0.14406
-0.142582
-0.141096
-0.13961
-0.138118
-0.136624
-0.135124
-0.133624
-0.132116
-0.130608
-0.129094
-0.127579
-0.126057
-0.124534
-0.123006
-0.121476
-0.11994
-0.118404
-0.116861
-0.115317
-0.113767
-0.112217
-0.11066
-0.109103
-0.107539
-0.105975
-0.104405
-0.102834
-0.101257
-0.0996789
-0.0980955
-0.096511
-0.0949211
-0.0933301
-0.0917337
-0.0901362
-0.0885335
-0.0869296
-0.0853206
-0.0837104
-0.0820952
-0.0804788
-0.0788574
-0.0772349
-0.0756075
-0.073979
-0.0723457
-0.0707111
-0.069072
-0.0674316
-0.0657868
-0.0641406
-0.0624901
-0.0608383
-0.0591823
-0.057525
-0.0558635
-0.0542007
-0.0525338
-0.0508657
-0.0491936
-0.0475203
-0.0458431
-0.0441646
-0.0424824
-0.0407989
-0.0391118
-0.0374234
-0.0357315
-0.0340383
-0.0323417
-0.0306439
-0.0289427
-0.0272403
-0.0255348
-0.0238279
-0.022118
-0.0204069
-0.0186928
-0.0169775
-0.0152593
-0.01354
-0.0118178
-0.0100945
-0.00836857
-0.00664147
-0.0049118
-0.00318103
-0.00144778
0.000286533
0.00202323
0.00376096
0.00550099
0.007242
0.00898523
0.0107294
0.0124757
0.0142229
0.0159721
0.0177222
0.0194742
0.021227
0.0229817
0.0247371
0.0264944
0.0282523
0.030012
0.0317722
0.0335342
0.0352967
0.0370607
0.0388253
0.0405914
0.0423579
0.0441259
0.0458942
0.0476639
0.0494339
0.0512052
0.0529767
0.0547496
0.0565225
0.0582967
0.0600709
0.0618463
0.0636216
0.0653981
0.0671745
0.0689519
0.0707291
0.0725074
0.0742854
0.0760644
0.0778429
0.0796226
0.0814016
0.0831816
0.084961
0.0867414
0.088521
0.0903016
0.0920813
0.0938619
0.0956417
0.0974222
0.0992018
0.100982
0.102762
0.104541
0.106321
0.1081
0.109879
0.111658
0.113436
0.115214
0.116991
0.118768
0.120545
0.122321
0.124097
0.125872
0.127647
0.129421
0.131195
0.132967
0.13474
0.136511
0.138282
0.140052
0.141821
0.143589
0.145357
0.147124
0.14889
0.150655
0.152419
0.154182
0.155944
0.157705
0.159465
0.161224
0.162982
0.164739
0.166495
0.168249
0.170003
0.171754
0.173506
0.175255
0.177004
0.17875
0.180497
0.18224
0.183984
0.185725
0.187466
0.189204
0.190943
0.192677
0.194413
0.196145
0.197877
0.199606
0.201335
0.20306
0.204787
0.206508
0.208232
0.20995
0.21167
0.213385
0.215101
0.216812
0.218525
0.220233
0.221942
0.223646
0.225351
0.227051
0.228753
0.230449
0.232147
0.233839
0.235534
0.237221
0.238912
0.240595
0.242282
0.243961
0.245643
0.247318
0.248996
0.250667
0.252341
0.254007
0.255676
0.257338
0.259003
0.260659
0.26232
0.263972
0.265628
0.267275
0.268927
0.270569
0.272215
0.273853
0.275495
0.277127
0.278764
0.280391
0.282023
0.283645
0.285272
0.286889
0.28851
0.290122
0.291738
0.293344
0.294955
0.296556
0.298161
0.299756
0.301356
0.302945
0.30454
0.306123
0.307712
0.30929
0.310873
0.312444
0.314021
0.315587
0.317158
0.318718
0.320283
0.321836
0.323395
0.324942
0.326495
0.328035
0.329582
0.331116
0.332656
0.334183
0.335717
0.337237
0.338764
0.340278
0.341798
0.343305
0.344819
0.346319
0.347825
0.349318
0.350817
0.352303
0.353795
0.355274
0.356759
0.35823
0.359707
0.361171
0.362641
0.364096
0.365559
0.367007
0.368462
0.369902
0.371349
0.372781
0.37422
0.375644
0.377075
0.378491
0.379914
0.381321
0.382736
0.384135
0.385541
0.386932
0.388329
0.389711
0.3911
0.392474
0.393854
0.395218
0.396589
0.397945
0.399307
0.400653
0.402006
0.403343
0.404687
0.406014
0.407349
0.408667
0.409992
0.4113
0.412615
0.413914
0.415219
0.416508
0.417804
0.419083
0.420368
0.421637
0.422913
0.424171
0.425437
0.426685
0.42794
0.429178
0.430422
0.431649
0.432883
0.4341
0.435323
0.436529
0.437741
0.438936
0.440137
0.441321
0.442511
0.443684
0.444863
0.446025
0.447192
0.448343
0.449498
0.450638
0.451782
0.45291
0.454042
0.455158
0.456279
0.457384
0.458493
0.459585
0.460682
0.461763
0.462848
0.463917
0.46499
0.466046
0.467107
0.468151
0.469199
0.470231
0.471267
0.472287
0.47331
0.474317
0.475328
0.476323
0.477321
0.478303
0.479288
0.480257
0.48123
0.482186
0.483146
0.48409
0.485037
0.485967
0.486901
0.487819
0.48874
0.489644
0.490552
0.491444
0.492338
0.493216
0.494097
0.494963
0.49583
0.496683
0.497537
0.498376
0.499217
0.500042
0.50087
0.501682
0.502496
0.503295
0.504095
0.504881
0.505668
0.50644
0.507213
0.507971
0.508731
0.509476
0.510222
0.510954
0.511686
0.512404
0.513123
0.513827
0.514532
0.515223
0.515915
0.516592
0.51727
0.517934
0.518597
0.519248
0.519898
0.520535
0.521171
0.521794
0.522417
0.523027
0.523636
0.524232
0.524827
0.52541
0.525992
0.526561
0.527129
0.527685
0.528239
0.528781
0.529322
0.529851
0.530378
0.530893
0.531407
0.531909
0.532409
0.532897
0.533384
0.533859
0.534332
0.534794
0.535254
0.535702
0.536149
0.536584
0.537017
0.537439
0.537859
0.538268
0.538674
0.53907
0.539463
0.539846
0.540226
0.540595
0.540962
0.541319
0.541673
0.542016
0.542357
0.542688
0.543016
0.543334
0.543648
0.543954
0.544256
0.544548
0.544837
0.545117
0.545393
0.54566
0.545924
0.546178
0.546429
0.546671
0.54691
0.547139
0.547365
0.547582
0.547796
0.548
0.548201
0.548394
0.548582
0.548762
0.548939
0.549107
0.549271
0.549427
0.549579
0.549723
0.549863
0.549994
0.550122
0.550242
0.550358
0.550466
0.55057
0.550666
0.550758
0.550842
0.550923
0.550995
0.551064
0.551125
0.551182
0.551232
0.551277
0.551315
0.551349
0.551375
0.551398
0.551413
0.551424
0.551428
0.551427
0.55142
0.551408
0.55139
0.551367
0.551337
0.551303
0.551262
0.551217
0.551165
0.551109
0.551046
0.55098
0.550906
0.550828
0.550743
0.550655
0.550559
0.55046
0.550353
0.550243
0.550126
0.550006
0.549878
0.549747
0.549609
0.549467
0.549318
0.549166
0.549007
0.548844
0.548675
0.548502
0.548322
0.548139
0.547949
0.547755
0.547555
0.547351
0.547141
0.546927
0.546706
0.546483
0.546252
0.546018
0.545777
0.545534
0.545283
0.545029
0.544769
0.544505
0.544235
0.543962
0.543682
0.543399
0.543109
0.542816
0.542516
0.542214
0.541905
0.541593
0.541274
0.540953
0.540624
0.540293
0.539956
0.539615
0.539268
0.538918
0.538562
0.538203
0.537836
0.537468
0.537093
0.536715
0.536331
0.535944
0.53555
0.535154
0.534751
0.534347
0.533934
0.533521
0.533099
0.532676
0.532246
0.531814
0.531375
0.530934
0.530486
0.530037
0.52958
0.529121
0.528655
0.528188
0.527714
0.527238
0.526754
0.52627
0.525777
0.525284
0.524783
0.524282
0.523772
0.523262
0.522744
0.522225
0.521698
0.521171
0.520636
0.5201
0.519556
0.519012
0.51846
0.517907
0.517347
0.516786
0.516217
0.515648
0.515071
0.514494
0.513908
0.513323
0.512729
0.512135
0.511533
0.510932
0.510322
0.509712
0.509093
0.508475
0.507849
0.507223
0.506589
0.505955
0.505313
0.504671
0.50402
0.503371
0.502712
0.502055
0.501389
0.500723
0.500049
0.499376
0.498694
0.498013
0.497323
0.496634
0.495937
0.49524
0.494535
0.493831
0.493118
0.492406
0.491686
0.490966
0.490238
0.489511
0.488776
0.488041
0.487298
0.486556
0.485805
0.485056
0.484298
0.48354
0.482775
0.48201
0.481238
0.480466
0.479685
0.478906
0.478119
0.477332
0.476537
0.475743
0.474941
0.47414
0.473331
0.472522
0.471706
0.47089
0.470067
0.469244
0.468413
0.467584
0.466746
0.465909
0.465064
0.46422
0.463368
0.462517
0.461659
0.460801
0.459935
0.45907
0.458197
0.457325
0.456446
0.455567
0.454681
0.453795
0.452902
0.45201
0.45111
0.450211
0.449305
0.448399
0.447485
0.446573
0.445653
0.444734
0.443807
0.442881
0.441948
0.441016
0.440076
0.439137
0.438191
0.437246
0.436293
0.435341
0.434383
0.433424
0.432459
0.431494
0.430523
0.429551
0.428574
0.427596
0.426612
0.425628
0.424638
0.423648
0.422651
0.421655
0.420653
0.41965
0.418642
0.417633
0.416618
0.415604
0.414583
0.413562
0.412536
0.411509
0.410477
0.409444
0.408406
0.407367
0.406323
0.405278
0.404229
0.403178
0.402123
0.401066
0.400006
0.398943
0.397877
0.396809
0.395737
0.394663
0.393585
0.392506
0.391423
0.390338
0.389249
0.388159
0.387065
0.385969
0.38487
0.383768
0.382664
0.381557
0.380447
0.379335
0.37822
0.377102
0.375982
0.374859
0.373733
0.372605
0.371474
0.370341
0.369205
0.368067
0.366926
0.365783
0.364637
0.363489
0.362337
0.361184
0.360028
0.35887
0.357709
0.356546
0.35538
0.354212
0.353041
0.351868
0.350692
0.349515
0.348334
0.347152
0.345967
0.34478
0.34359
0.342399
0.341203
0.340008
0.338808
0.337607
0.336403
0.335198
0.333988
0.332779
0.331565
0.330351
0.329133
0.327914
0.326691
0.325469
0.324241
0.323014
0.321782
0.32055
0.319313
0.318077
0.316836
0.315596
0.31435
0.313106
0.311856
0.310607
0.309352
0.308099
0.30684
0.305583
0.304319
0.303058
0.30179
0.300524
0.299252
0.297982
0.296705
0.295431
0.29415
0.292871
0.291586
0.290303
0.289014
0.287726
0.286433
0.285141
0.283843
0.282547
0.281245
0.279945
0.278638
0.277334
0.276023
0.274714
0.273399
0.272086
0.270766
0.269449
0.268125
0.266804
0.265475
0.264149
0.262817
0.261487
0.260149
0.258815
0.257473
0.256135
0.254789
0.253446
0.252095
0.250748
0.249393
0.248041
0.246681
0.245325
0.243961
0.2426
0.241232
0.239867
0.238494
0.237124
0.235746
0.234372
0.23299
0.231611
0.230224
0.228841
0.227449
0.226061
0.224665
0.223272
0.221872
0.220474
0.219069
0.217666
0.216256
0.214849
0.213434
0.212022
0.210602
0.209185
0.207761
0.206339
0.204909
0.203483
0.202048
0.200617
0.199177
0.197741
0.196297
0.194855
0.193406
0.191959
0.190505
0.189053
0.187593
0.186137
0.184672
0.18321
0.18174
0.180273
0.178798
0.177325
0.175845
0.174368
0.172882
0.171399
0.169908
0.16842
0.166924
0.165431
0.163929
0.16243
0.160924
0.159419
0.157907
0.156397
0.15488
0.153365
0.151842
0.150321
0.148793
0.147267
0.145733
0.144201
0.142662
0.141125
0.13958
0.138037
0.136487
0.134939
0.133383
0.131829
0.130268
0.128709
0.127142
0.125577
0.124005
0.122434
0.120857
0.119281
0.117698
0.116116
0.114527
0.11294
0.111346
0.109753
0.108154
0.106555
0.10495
0.103346
0.101736
0.100126
0.0985107
0.0968958
0.0952746
0.0936543
0.0920277
0.0904019
0.0887701
0.0871389
0.0855018
0.0838652
0.0822228
0.080581
0.0789334
0.0772863
0.0756335
0.0739812
0.0723233
0.0706658
0.0690028
0.0673402
0.0656722
0.0640045
0.0623316
0.0606589
0.0589812
0.0573035
0.0556209
0.0539384
0.0522511
0.0505637
0.0488718
0.0471797
0.0454831
0.0437864
0.0420854
0.0403841
0.0386786
0.0369728
0.0352631
0.0335529
0.0318389
0.0301245
0.0284063
0.0266877
0.0249655
0.0232428
0.0215167
0.0197901
0.0180601
0.0163296
0.014596
0.0128617
0.0111244
0.00938652
0.00764582
0.00590439
0.00416033
0.00241551
0.00066823
-0.00107984
-0.00283022
-0.00458142
-0.00633477
-0.00808895
-0.00984513
-0.0116022
-0.013361
-0.0151208
-0.0168822
-0.0186445
-0.0204083
-0.022173
-0.0239391
-0.0257061
-0.0274743
-0.0292434
-0.0310135
-0.0327846
-0.0345565
-0.0363293
-0.0381029
-0.0398774
-0.0416524
-0.0434283
-0.0452046
-0.0469819
-0.0487594
-0.0505377
-0.0523162
-0.0540955
-0.0558747
-0.0576549
-0.0594347
-0.0612154
-0.0629957
-0.0647769
-0.0665575
-0.0683389
-0.0701195
-0.071901
-0.0736816
-0.0754629
-0.0772433
-0.0790243
-0.0808042
-0.0825847
-0.0843639
-0.0861438
-0.0879222
-0.0897012
-0.0914786
-0.0932565
-0.0950327
-0.0968094
-0.0985842
-0.100359
-0.102133
-0.103906
-0.105678
-0.107449
-0.109219
-0.110989
-0.112756
-0.114524
-0.116288
-0.118054
-0.119816
-0.121579
-0.123338
-0.125098
-0.126855
-0.128611
-0.130365
-0.132119
-0.133869
-0.135619
-0.137366
-0.139112
-0.140855
-0.142598
-0.144337
-0.146076
-0.147811
-0.149546
-0.151277
-0.153007
-0.154733
-0.156459
-0.158181
-0.159902
-0.161618
-0.163335
-0.165046
-0.166757
-0.168464
-0.17017
-0.171871
-0.173571
-0.175266
-0.176961
-0.178651
-0.180339
-0.182023
-0.183706
-0.185384
-0.18706
-0.188732
-0.190401
-0.192067
-0.19373
-0.195388
-0.197045
-0.198696
-0.200346
-0.201991
-0.203633
-0.205271
-0.206906
-0.208536
-0.210164
-0.211787
-0.213407
-0.215022
-0.216635
-0.218242
-0.219846
-0.221446
-0.223042
-0.224633
-0.226222
-0.227805
-0.229385
-0.230959
-0.232531
-0.234096
-0.235659
-0.237216
-0.238771
-0.240319
-0.241864
-0.243403
-0.244939
-0.246469
-0.247996
-0.249517
-0.251035
-0.252546
-0.254054
-0.255556
-0.257054
-0.258547
-0.260035
-0.261518
-0.262997
-0.264469
-0.265938
-0.267401
-0.268859
-0.270312
-0.27176
-0.273203
-0.274641
-0.276073
-0.2775
-0.278922
-0.280339
-0.28175
-0.283156
-0.284557
-0.285952
-0.287342
-0.288727
-0.290105
-0.291479
-0.292847
-0.29421
-0.295567
-0.296918
-0.298264
-0.299604
-0.300939
-0.302268
-0.303591
-0.304909
-0.306221
-0.307527
-0.308827
-0.310122
-0.311411
-0.312694
-0.313971
-0.315242
-0.316508
-0.317767
-0.319021
-0.320269
-0.321511
-0.322747
-0.323977
-0.325201
-0.326419
-0.327631
-0.328837
-0.330037
-0.33123
-0.332418
-0.3336
-0.334776
-0.335945
-0.337109
-0.338266
-0.339417
-0.340562
-0.341701
-0.342834
-0.34396
-0.345081
-0.346195
-0.347303
-0.348405
-0.3495
-0.350589
-0.351672
-0.352749
-0.353819
-0.354883
-0.355941
-0.356993
-0.358038
-0.359077
-0.36011
-0.361136
-0.362156
-0.363169
-0.364177
-0.365177
-0.366172
-0.36716
-0.368142
-0.369117
-0.370087
-0.371049
-0.372006
-0.372955
-0.373899
-0.374836
-0.375767
-0.376691
-0.377609
-0.37852
-0.379425
-0.380323
-0.381216
-0.382101
-0.382981
-0.383853
-0.38472
-0.385579
-0.386433
-0.38728
-0.388121
-0.388955
-0.389783
-0.390604
-0.391419
-0.392227
-0.393029
-0.393824
-0.394614
-0.395396
-0.396172
-0.396941
-0.397705
-0.398461
-0.399212
-0.399955
-0.400693
-0.401424
-0.402149
-0.402866
-0.403578
-0.404283
-0.404982
-0.405674
-0.40636
-0.407039
-0.407713
-0.408379
-0.40904
-0.409693
-0.410341
-0.410981
-0.411616
-0.412243
-0.412866
-0.41348
-0.41409
-0.414692
-0.415289
-0.415878
-0.416462
-0.417038
-0.417609
-0.418173
-0.418731
-0.419282
-0.419828
-0.420366
-0.4209
-0.421425
-0.421946
-0.422459
-0.422966
-0.423467
-0.423962
-0.42445
-0.424932
-0.425408
-0.425878
-0.42634
-0.426798
-0.427248
-0.427693
-0.428131
-0.428563
-0.428989
-0.429409
-0.429822
-0.430229
-0.43063
-0.431025
-0.431413
-0.431796
-0.432172
-0.432543
-0.432906
-0.433265
-0.433616
-0.433962
-0.434301
-0.434635
-0.434962
-0.435284
-0.435599
-0.435909
-0.436211
-0.436509
-0.4368
-0.437085
-0.437364
-0.437638
-0.437904
-0.438166
-0.43842
-0.43867
-0.438913
-0.439151
-0.439382
-0.439608
-0.439827
-0.440042
-0.440249
-0.440452
-0.440647
-0.440838
-0.441022
-0.441202
-0.441374
-0.441542
-0.441703
-0.441859
-0.442008
-0.442153
-0.442291
-0.442424
-0.44255
-0.442673
-0.442788
-0.442898
-0.443002
-0.443101
-0.443194
-0.443282
-0.443363
-0.44344
-0.44351
-0.443576
-0.443635
-0.44369
-0.443738
-0.443782
-0.443819
-0.443852
-0.443878
-0.4439
-0.443916
-0.443927
-0.443931
-0.443932
-0.443926
-0.443915
-0.443898
-0.443878
-0.44385
-0.443818
-0.44378
-0.443738
-0.44369
-0.443637
-0.443578
-0.443515
-0.443446
-0.443373
-0.443293
-0.443209
-0.443119
-0.443025
-0.442925
-0.442821
-0.442711
-0.442597
-0.442476
-0.442353
-0.442222
-0.442088
-0.441948
-0.441804
-0.441654
-0.4415
-0.44134
-0.441177
-0.441007
-0.440834
-0.440654
-0.440471
-0.440282
-0.44009
-0.439891
-0.439689
-0.439481
-0.43927
-0.439052
-0.438831
-0.438604
-0.438374
-0.438138
-0.437899
-0.437653
-0.437405
-0.43715
-0.436893
-0.436629
-0.436363
-0.436089
-0.435814
-0.435532
-0.435248
-0.434957
-0.434664
-0.434364
-0.434062
-0.433754
-0.433443
-0.433126
-0.432807
-0.432481
-0.432153
-0.431819
-0.431482
-0.431139
-0.430795
-0.430443
-0.43009
-0.42973
-0.429369
-0.429
-0.428631
-0.428254
-0.427876
-0.427492
-0.427106
-0.426713
-0.426319
-0.425918
-0.425516
-0.425107
-0.424697
-0.42428
-0.423862
-0.423437
-0.423011
-0.422578
-0.422145
-0.421704
-0.421263
-0.420815
-0.420366
-0.41991
-0.419454
-0.41899
-0.418526
-0.418055
-0.417583
-0.417105
-0.416626
-0.41614
-0.415654
-0.41516
-0.414666
-0.414166
-0.413665
-0.413157
-0.412649
-0.412133
-0.411618
-0.411096
-0.410573
-0.410044
-0.409514
-0.408977
-0.408441
-0.407897
-0.407353
-0.406803
-0.406252
-0.405695
-0.405137
-0.404573
-0.404008
-0.403437
-0.402866
-0.402288
-0.40171
-0.401125
-0.40054
-0.399948
-0.399357
-0.398759
-0.398161
-0.397555
-0.396951
-0.396339
-0.395728
-0.39511
-0.394492
-0.393867
-0.393243
-0.392611
-0.391981
-0.391343
-0.390706
-0.390061
-0.389418
-0.388767
-0.388117
-0.387459
-0.386803
-0.386139
-0.385477
-0.384807
-0.384138
-0.383461
-0.382786
-0.382103
-0.381422
-0.380733
-0.380045
-0.379349
-0.378655
-0.377954
-0.377253
-0.376546
-0.375839
-0.375125
-0.374412
-0.373692
-0.372973
-0.372246
-0.371521
-0.370789
-0.370057
-0.369318
-0.368581
-0.367836
-0.367092
-0.366341
-0.365591
-0.364834
-0.364078
-0.363314
-0.362552
-0.361782
-0.361014
-0.360238
-0.359464
-0.358682
-0.357901
-0.357113
-0.356326
-0.355532
-0.354739
-0.353938
-0.353139
-0.352332
-0.351527
-0.350714
-0.349903
-0.349084
-0.348266
-0.347441
-0.346617
-0.345785
-0.344955
-0.344117
-0.343281
-0.342437
-0.341595
-0.340744
-0.339895
-0.339039
-0.338184
-0.337321
-0.33646
-0.33559
-0.334723
-0.333847
-0.332973
-0.332091
-0.331211
-0.330323
-0.329436
-0.328541
-0.327648
-0.326747
-0.325848
-0.32494
-0.324034
-0.32312
-0.322208
-0.321287
-0.320368
-0.319441
-0.318516
-0.317582
-0.31665
-0.31571
-0.314771
-0.313825
-0.31288
-0.311926
-0.310974
-0.310015
-0.309056
-0.30809
-0.307124
-0.306151
-0.305179
-0.304199
-0.30322
-0.302235
-0.301249
-0.300256
-0.299264
-0.298265
-0.297266
-0.29626
-0.295254
-0.294241
-0.293228
-0.292208
-0.291189
-0.290162
-0.289136
-0.288102
-0.287068
-0.286028
-0.284987
-0.283939
-0.282892
-0.281837
-0.280782
-0.27972
-0.278658
-0.27759
-0.276522
-0.275447
-0.274372
-0.27329
-0.272208
-0.271118
-0.270029
-0.268932
-0.267836
-0.266732
-0.265629
-0.264518
-0.263407
-0.262288
-0.26117
-0.260045
-0.258919
-0.257786
-0.256653
-0.255513
-0.254373
-0.253225
-0.252077
-0.250922
-0.249767
-0.248605
-0.247442
-0.246273
-0.245102
-0.243925
-0.242748
-0.241563
-0.240378
-0.239186
-0.237994
-0.236794
-0.235594
-0.234387
-0.233179
-0.231965
-0.23075
-0.229528
-0.228305
-0.227076
-0.225846
-0.224609
-0.223371
-0.222126
-0.220881
-0.219629
-0.218376
-0.217117
-0.215856
-0.214589
-0.213321
-0.212047
-0.210771
-0.209489
-0.208206
-0.206916
-0.205625
-0.204329
-0.20303
-0.201726
-0.20042
-0.199108
-0.197795
-0.196475
-0.195154
-0.193828
-0.192499
-0.191165
-0.189829
-0.188487
-0.187144
-0.185795
-0.184444
-0.183088
-0.18173
-0.180366
-0.179001
-0.17763
-0.176257
-0.174878
-0.173498
-0.172113
-0.170725
-0.169332
-0.167938
-0.166538
-0.165136
-0.163728
-0.162319
-0.160905
-0.159489
-0.158067
-0.156644
-0.155215
-0.153785
-0.152349
-0.150912
-0.149469
-0.148025
-0.146575
-0.145124
-0.143668
-0.142209
-0.140746
-0.139281
-0.137811
-0.136339
-0.134862
-0.133384
-0.1319
-0.130415
-0.128925
-0.127433
-0.125936
-0.124438
-0.122935
-0.121429
-0.11992
-0.118408
-0.116892
-0.115374
-0.113852
-0.112328
-0.110799
-0.109268
-0.107734
-0.106197
-0.104656
-0.103113
-0.101566
-0.100017
-0.0984635
-0.0969083
-0.0953493
-0.0937882
-0.0922233
-0.0906563
-0.0890855
-0.0875127
-0.0859362
-0.0843576
-0.0827754
-0.0811913
-0.0796034
-0.0780136
-0.0764202
-0.0748249
-0.073226
-0.0716252
-0.070021
-0.0684148
-0.0668053
-0.0651939
-0.063579
-0.0619623
-0.0603424
-0.0587205
-0.0570955
-0.0554686
-0.0538385
-0.0522065
-0.0505715
-0.0489347
-0.0472948
-0.0456532
-0.0440085
-0.0423621
-0.0407128
-0.0390617
-0.0374077
-0.035752
-0.0340935
-0.0324333
-0.0307703
-0.0291057
-0.0274383
-0.0257694
-0.0240976
-0.0224244
-0.0207485
-0.0190711
-0.017391
-0.0157096
-0.0140254
-0.0123399
-0.0106518
-0.00896237
-0.00727034
-0.00557707
-0.00388123
-0.00218421
-0.00048463
0.00121607
0.0029193
0.0046236
0.00633039
0.00803819
0.00974846
0.0114597
0.0131734
0.0148879
0.0166049
0.0183227
0.020043
0.0217639
0.0234873
0.0252114
0.0269378
0.0286649
0.0303943
0.0321243
0.0338565
0.0355894
0.0373245
0.03906
0.0407978
0.042536
0.0442765
0.0460172
0.0477602
0.0495035
0.051249
0.0529946
0.0547424
0.0564904
0.0582405
0.0599907
0.061743
0.0634953
0.0652498
0.0670042
0.0687606
0.0705169
0.0722754
0.0740335
0.0757938
0.0775538
0.0793158
0.0810775
0.0828412
0.0846045
0.0863698
0.0881346
0.0899014
0.0916676
0.0934358
0.0952034
0.0969729
0.0987417
0.100513
0.102282
0.104054
0.105825
0.107598
0.10937
0.111144
0.112917
0.114692
0.116466
0.118241
0.120016
0.121792
0.123567
0.125344
0.127119
0.128897
0.130672
0.13245
0.134226
0.136005
0.137781
0.139559
0.141336
0.143114
0.144891
0.14667
0.148446
0.150224
0.152001
0.153779
0.155555
0.157333
0.159109
0.160887
0.162662
0.164439
0.166214
0.167991
0.169765
0.171541
0.173314
0.175089
0.176862
0.178636
0.180408
0.182181
0.183952
0.185724
0.187493
0.189264
0.191032
0.192802
0.194569
0.196337
0.198103
0.19987
0.201633
0.203399
0.205161
0.206924
0.208684
0.210446
0.212205
0.213965
0.215721
0.217479
0.219233
0.220988
0.22274
0.224494
0.226243
0.227994
0.229741
0.23149
0.233234
0.23498
0.236722
0.238465
0.240204
0.241944
0.24368
0.245418
0.24715
0.248885
0.250614
0.252346
0.254072
0.2558
0.257523
0.259247
0.260966
0.262687
0.264403
0.26612
0.267831
0.269545
0.271252
0.272962
0.274665
0.27637
0.27807
0.279771
0.281466
0.283162
0.284853
0.286545
0.288231
0.289918
0.291599
0.293282
0.294958
0.296636
0.298307
0.29998
0.301646
0.303313
0.304974
0.306636
0.308292
0.309948
0.311598
0.31325
0.314894
0.316539
0.318178
0.319817
0.32145
0.323084
0.32471
0.326338
0.327958
0.329579
0.331193
0.332808
0.334416
0.336024
0.337625
0.339227
0.340821
0.342416
0.344003
0.345592
0.347172
0.348753
0.350326
0.3519
0.353466
0.355033
0.356591
0.35815
0.359701
0.361253
0.362796
0.36434
0.365875
0.367411
0.368939
0.370467
0.371986
0.373506
0.375017
0.376529
0.378032
0.379535
0.381029
0.382524
0.38401
0.385496
0.386973
0.38845
0.389918
0.391387
0.392846
0.394305
0.395755
0.397205
0.398646
0.400087
0.401518
0.402949
0.404371
0.405793
0.407212
0.408632
0.410042
0.41146
0.412872
0.414278
0.415673
0.417069
0.418452
0.419836
0.421207
0.422579
0.423939
0.425299
0.426647
0.427996
0.429333
0.43067
0.431996
0.433322
0.434637
0.435951
0.437255
0.438558
0.439851
0.441143
0.442424
0.443704
0.444974
0.446243
0.447501
0.448758
0.450005
0.451251
0.452485
0.45372
0.454942
0.456165
0.457376
0.458586
0.459785
0.460983
0.46217
0.463356
0.464531
0.465705
0.466867
0.468029
0.469179
0.470328
0.471466
0.472602
0.473727
0.474851
0.475964
0.477075
0.478175
0.479273
0.48036
0.481446
0.48252
0.483592
0.484653
0.485713
0.486761
0.487808
0.488842
0.489876
0.490897
0.491918
0.492926
0.493933
0.494928
0.495922
0.496903
0.497883
0.498851
0.499818
0.500773
0.501726
0.502667
0.503606
0.504534
0.50546
0.506373
0.507285
0.508185
0.509084
0.50997
0.510854
0.511727
0.512598
0.513456
0.514313
0.515157
0.516
0.516831
0.51766
0.518477
0.519292
0.520094
0.520895
0.521684
0.522471
0.523245
0.524018
0.524778
0.525537
0.526283
0.527028
0.52776
0.52849
0.529208
0.529925
0.530628
0.531331
0.53202
0.532708
0.533383
0.534057
0.534718
0.535378
0.536025
0.53667
0.537303
0.537934
0.538552
0.539169
0.539773
0.540376
0.540966
0.541554
0.54213
0.542704
0.543266
0.543825
0.544373
0.544919
0.545452
0.545983
0.546502
0.54702
0.547525
0.548028
0.548518
0.549007
0.549484
0.549959
0.550421
0.550882
0.551331
0.551777
0.552212
0.552644
0.553064
0.553483
0.553889
0.554294
0.554686
0.555076
0.555455
0.555831
0.556196
0.556558
0.556909
0.557258
0.557595
0.557929
0.558252
0.558573
0.558883
0.55919
0.559485
0.559779
0.560061
0.560341
0.560609
0.560875
0.561129
0.561382
0.561623
0.561862
0.562089
0.562315
0.562529
0.562741
0.562942
0.56314
0.563328
0.563513
0.563687
0.563859
0.564019
0.564178
0.564326
0.564471
0.564605
0.564738
0.564859
0.564978
0.565086
0.565193
0.565288
0.565381
0.565463
0.565544
0.565613
0.565681
0.565737
0.565792
0.565836
0.565878
0.565909
0.565939
0.565957
0.565974
0.56598
0.565984
0.565978
0.565969
0.56595
0.56593
0.565898
0.565865
0.565822
0.565776
0.565721
0.565663
0.565595
0.565526
0.565446
0.565364
0.565272
0.565178
0.565074
0.564968
0.564853
0.564735
0.564607
0.564478
0.564339
0.564197
0.564046
0.563894
0.563731
0.563567
0.563392
0.563216
0.563031
0.562843
0.562646
0.562448
0.562239
0.562029
0.561809
0.561588
0.561357
0.561125
0.560883
0.560639
0.560386
0.560132
0.559868
0.559602
0.559327
0.559051
0.558765
0.558478
0.558181
0.557883
0.557576
0.557268
0.55695
0.556631
0.556302
0.555972
0.555634
0.555294
0.554944
0.554594
0.554234
0.553873
0.553504
0.553133
0.552753
0.552371
0.551981
0.55159
0.55119
0.550789
0.550378
0.549967
0.549547
0.549126
0.548696
0.548265
0.547826
0.547385
0.546936
0.546486
0.546027
0.545567
0.545099
0.544629
0.544152
0.543673
0.543186
0.542698
0.542201
0.541704
0.541198
0.540692
0.540177
0.539661
0.539137
0.538613
0.53808
0.537546
0.537005
0.536462
0.535911
0.53536
0.534801
0.53424
0.533672
0.533103
0.532527
0.531949
0.531364
0.530778
0.530184
0.52959
0.528988
0.528385
0.527774
0.527163
0.526544
0.525924
0.525297
0.524669
0.524034
0.523398
0.522755
0.522111
0.52146
0.520808
0.520148
0.519488
0.518821
0.518153
0.517478
0.516802
0.51612
0.515436
0.514746
0.514055
0.513357
0.512658
0.511952
0.511246
0.510533
0.509819
0.509098
0.508377
0.507649
0.50692
0.506185
0.505449
0.504706
0.503963
0.503213
0.502463
0.501706
0.500948
0.500184
0.499419
0.498649
0.497877
0.497099
0.49632
0.495536
0.49475
0.493958
0.493166
0.492368
0.491568
0.490763
0.489957
0.489145
0.488332
0.487514
0.486695
0.48587
0.485044
0.484213
0.48338
0.482543
0.481703
0.48086
0.480014
0.479164
0.478312
0.477455
0.476597
0.475734
0.47487
0.474001
0.47313
0.472255
0.471378
0.470497
0.469614
0.468727
0.467838
0.466945
0.46605
0.465146
0.464238
0.463326
0.462404
0.461481
0.460555
0.459627
0.458697
0.457764
0.456829
0.455892
0.454952
0.45401
0.453066
0.45212
0.451171
0.450219
0.449265
0.448308
0.447349
0.446387
0.445423
0.444456
0.443486
0.442514
0.441539
0.440562
0.439582
0.438599
0.437613
0.436625
0.435635
0.434641
0.433646
0.432647
0.431646
0.430643
0.429637
0.428628
0.427617
0.426603
0.425587
0.424568
0.423547
0.422523
0.421497
0.420468
0.419437
0.418403
0.417367
0.416328
0.415287
0.414243
0.413198
0.412149
0.411099
0.410045
0.40899
0.407931
0.406871
0.405808
0.404744
0.403676
0.402606
0.401533
0.400459
0.399382
0.398303
0.397221
0.396138
0.395051
0.393963
0.392871
0.391779
0.390683
0.389586
0.388485
0.387383
0.386278
0.385172
0.384062
0.382951
0.381836
0.380721
0.379602
0.378482
0.377359
0.376234
0.375106
0.373978
0.372845
0.371712
0.370575
0.369437
0.368295
0.367153
0.366007
0.364861
0.36371
0.362559
0.361404
0.360248
0.359089
0.357929
0.356765
0.355601
0.354432
0.353263
0.35209
0.350917
0.34974
0.348562
0.34738
0.346198
0.345012
0.343826
0.342635
0.341444
0.340249
0.339053
0.337853
0.336654
0.335449
0.334245
0.333036
0.331828
0.330615
0.329402
0.328184
0.326966
0.325744
0.324522
0.323295
0.322068
0.320837
0.319606
0.31837
0.317134
0.315894
0.314654
0.313408
0.312164
0.310914
0.309665
0.30841
0.307156
0.305897
0.304639
0.303375
0.302112
0.300844
0.299576
0.298303
0.297031
0.295753
0.294476
0.293194
0.291912
0.290625
0.289338
0.288046
0.286755
0.285458
0.284162
0.282861
0.28156
0.280254
0.278948
0.277637
0.276326
0.27501
0.273695
0.272374
0.271054
0.269728
0.268403
0.267072
0.265742
0.264406
0.263071
0.26173
0.26039
0.259044
0.257699
0.256348
0.254998
0.253642
0.252287
0.250926
0.249566
0.248199
0.246834
0.245463
0.244092
0.242716
0.24134
0.239958
0.238577
0.23719
0.235804
0.234412
0.23302
0.231623
0.230226
0.228824
0.227421
0.226013
0.224606
0.223193
0.22178
0.220361
0.218943
0.217519
0.216096
0.214666
0.213237
0.211803
0.210368
0.208928
0.207488
0.206043
0.204597
0.203146
0.201695
0.200239
0.198783
0.197321
0.195859
0.194391
0.192924
0.191451
0.189978
0.188499
0.187021
0.185537
0.184053
0.182563
0.181074
0.179579
0.178084
0.176583
0.175082
0.173576
0.17207
0.170558
0.169046
0.167528
0.166011
0.164488
0.162965
0.161436
0.159908
0.158374
0.15684
0.1553
0.15376
0.152215
0.15067
0.149119
0.147568
0.146012
0.144456
0.142894
0.141332
0.139765
0.138197
0.136625
0.135052
0.133473
0.131895
0.130311
0.128728
0.127139
0.125549
0.123955
0.12236
0.120761
0.11916
0.117555
0.11595
0.11434
0.112729
0.111113
0.109497
0.107877
0.106255
0.104629
0.103003
0.101372
0.0997402
0.0981039
0.0964673
0.094826
0.0931843
0.091538
0.0898913
0.0882401
0.0865884
0.0849323
0.0832757
0.0816147
0.0799533
0.0782876
0.0766214
0.074951
0.0732801
0.071605
0.0699294
0.0682497
0.0665696
0.0648854
0.0632008
0.0615121
0.059823
0.0581301
0.0564366
0.0547393
0.0530416
0.0513401
0.0496382
0.0479326
0.0462265
0.0445169
0.0428068
0.0410932
0.0393792
0.0376618
0.0359439
0.0342227
0.032501
0.0307762
0.0290509
0.0273225
0.0255936
0.0238617
0.0221294
0.0203941
0.0186584
0.0169199
0.015181
0.0134393
0.0116973
0.00995257
0.00820749
0.00645987
0.00471187
0.00296144
0.00121066
-0.000542456
-0.00229591
-0.00405159
-0.0058076
-0.00756572
-0.00932415
-0.0110846
-0.0128453
-0.014608
-0.0163708
-0.0181355
-0.0199005
-0.0216671
-0.0234339
-0.0252023
-0.0269709
-0.028741
-0.0305112
-0.0322828
-0.0340545
-0.0358274
-0.0376005
-0.0393746
-0.0411489
-0.0429241
-0.0446994
-0.0464756
-0.0482518
-0.0500288
-0.0518057
-0.0535833
-0.0553609
-0.057139
-0.0589169
-0.0606953
-0.0624736
-0.0642522
-0.0660306
-0.0678092
-0.0695875
-0.0713659
-0.0731441
-0.0749222
-0.0767
-0.0784776
-0.0802549
-0.0820319
-0.0838085
-0.0855847
-0.0873604
-0.0891356
-0.0909103
-0.0926843
-0.0944578
-0.0962305
-0.0980027
-0.0997739
-0.101544
-0.103314
-0.105083
-0.106851
-0.108618
-0.110383
-0.112148
-0.113912
-0.115674
-0.117435
-0.119196
-0.120954
-0.122712
-0.124468
-0.126223
-0.127975
-0.129727
-0.131477
-0.133226
-0.134972
-0.136718
-0.138461
-0.140203
-0.141942
-0.14368
-0.145416
-0.14715
-0.148882
-0.150612
-0.15234
-0.154066
-0.155789
-0.157511
-0.159229
-0.160946
-0.16266
-0.164372
-0.166081
-0.167788
-0.169492
-0.171194
-0.172893
-0.17459
-0.176283
-0.177974
-0.179661
-0.181347
-0.183029
-0.184708
-0.186384
-0.188057
-0.189727
-0.191394
-0.193057
-0.194718
-0.196375
-0.198029
-0.199679
-0.201327
-0.20297
-0.20461
-0.206246
-0.20788
-0.209508
-0.211134
-0.212756
-0.214374
-0.215988
-0.217599
-0.219205
-0.220808
-0.222407
-0.224002
-0.225592
-0.227179
-0.228761
-0.23034
-0.231913
-0.233483
-0.235048
-0.23661
-0.238166
-0.239719
-0.241266
-0.24281
-0.244348
-0.245883
-0.247412
-0.248938
-0.250457
-0.251974
-0.253484
-0.25499
-0.256491
-0.257988
-0.259479
-0.260966
-0.262447
-0.263924
-0.265395
-0.266862
-0.268322
-0.269779
-0.271229
-0.272676
-0.274115
-0.275551
-0.27698
-0.278406
-0.279824
-0.281238
-0.282646
-0.284049
-0.285446
-0.286839
-0.288224
-0.289605
-0.29098
-0.29235
-0.293713
-0.295072
-0.296423
-0.297771
-0.299111
-0.300446
-0.301775
-0.303099
-0.304415
-0.305728
-0.307033
-0.308333
-0.309626
-0.310914
-0.312195
-0.313471
-0.31474
-0.316004
-0.317261
-0.318512
-0.319757
-0.320996
-0.322228
-0.323455
-0.324675
-0.32589
-0.327097
-0.328299
-0.329493
-0.330683
-0.331865
-0.333041
-0.33421
-0.335374
-0.336531
-0.337682
-0.338825
-0.339964
-0.341094
-0.34222
-0.343337
-0.34445
-0.345555
-0.346654
-0.347746
-0.348832
-0.349911
-0.350984
-0.352049
-0.353109
-0.354162
-0.355208
-0.356248
-0.357281
-0.358307
-0.359327
-0.36034
-0.361347
-0.362347
-0.363341
-0.364327
-0.365307
-0.36628
-0.367247
-0.368207
-0.36916
-0.370107
-0.371047
-0.37198
