0.0005
0.00101124
0.00153099
0.00205754
0.00258972
0.00312678
0.00366813
0.00421335
0.00476211
0.00531411
0.00586912
0.00642691
0.0069873
0.00755009
0.00811512
0.00868222
0.00925122
0.00982198
0.0103943
0.0109682
0.0115433
0.0121196
0.012697
0.0132752
0.0138543
0.0144339
0.0150141
0.0155947
0.0161755
0.0167565
0.0173375
0.0179184
0.0184991
0.0190794
0.0196593
0.0202386
0.0208172
0.0213951
0.021972
0.022548
0.0231229
0.0236965
0.0242689
0.0248398
0.0254092
0.025977
0.0265431
0.0271074
0.0276698
0.0282302
0.0287885
0.0293447
0.0298986
0.0304501
0.0310002
0.0315483
0.0320941
0.0326372
0.0331775
0.0337148
0.034249
0.0347799
0.0353077
0.0358321
0.0363532
0.0368709
0.0373852
0.0378959
0.0384032
0.0389068
0.0394068
0.039903
0.0403955
0.0408842
0.0413691
0.04185
0.0423269
0.0427998
0.0432686
0.0437333
0.0441938
0.0446499
0.0451019
0.0455494
0.0459927
0.0464314
0.0468656
0.0472953
0.0477204
0.0481408
0.0485567
0.0489677
0.049374
0.0497754
0.0501721
0.0505638
0.0509507
0.0513325
0.0517094
0.0520811
0.0524479
0.0528094
0.053166
0.0535172
0.0538633
0.0542041
0.0545398
0.0548699
0.055195
0.0555144
0.0558287
0.0561374
0.0564408
0.0567386
0.0570311
0.0573179
0.0575994
0.0578751
0.0581454
0.0584099
0.058669
0.0589223
0.0591701
0.0594121
0.0596486
0.0598791
0.0601042
0.0603233
0.0605369
0.0607445
0.0609466
0.0611427
0.0613332
0.0615176
0.0616965
0.0618694
0.0620366
0.0621978
0.0623534
0.0625028
0.0626467
0.0627844
0.0629166
0.0630426
0.0631631
0.0632773
0.063386
0.0634885
0.0635854
0.0636761
0.0637614
0.0638403
0.0639138
0.063981
0.0640427
0.0640982
0.0641482
0.0641919
0.0642303
0.0642623
0.064289
0.0643093
0.0643243
0.064333
0.0643364
0.0643335
0.0643253
0.0643108
0.0642911
0.064265
0.0642338
0.0641963
0.0641537
0.0641047
0.0640507
0.0639903
0.0639249
0.0638533
0.0637766
0.0636937
0.0636059
0.0635117
0.0634128
0.0633075
0.0631975
0.0630812
0.0629602
0.0628329
0.062701
0.0625629
0.0624201
0.0622712
0.0621177
0.0619581
0.061794
0.0616237
0.061449
0.0612683
0.0610832
0.060892
0.0606965
0.060495
0.0602894
0.0600776
0.0598618
0.05964
0.0594142
0.0591824
0.0589467
0.0587051
0.0584596
0.0582082
0.057953
0.057692
0.0574273
0.0571568
0.0568827
0.0566028
0.0563195
0.0560303
0.0557379
0.0554396
0.0551381
0.0548309
0.0545206
0.0542046
0.0538855
0.0535608
0.0532332
0.0528999
0.0525639
0.0522223
0.0518779
0.0515281
0.0511756
0.0508177
0.0504572
0.0500914
0.0497231
0.0493495
0.0489736
0.0485924
0.048209
0.0478204
0.0474297
0.0470338
0.0466359
0.0462329
0.0458281
0.0454181
0.0450065
0.0445897
0.0441714
0.0437481
0.0433233
0.0428936
0.0424625
0.0420265
0.0415893
0.0411473
0.0407041
0.0402562
0.0398073
0.0393537
0.0388992
0.0384401
0.0379802
0.0375158
0.0370507
0.0365811
0.036111
0.0356365
0.0351616
0.0346823
0.0342027
0.0337188
0.0332349
0.0327466
0.0322584
0.0317659
0.0312736
0.0307772
0.0302811
0.0297808
0.029281
0.0287772
0.0282739
0.0277667
0.0272602
0.0267497
0.0262401
0.0257267
0.0252142
0.024698
0.0241829
0.0236641
0.0231464
0.0226252
0.0221053
0.021582
0.02106
0.0205346
0.0200108
0.0194836
0.0189582
0.0184294
0.0179025
0.0173724
0.0168442
0.0163129
0.0157837
0.0152514
0.0147214
0.0141884
0.0136576
0.0131241
0.0125929
0.012059
0.0115277
0.0109936
0.0104622
0.00992822
0.009397
0.00886328
0.00833244
0.00779919
0.00726894
0.00673637
0.00620691
0.00567522
0.00514675
0.00461614
0.00408887
0.00355955
0.00303368
0.00250585
0.00198158
0.00145544
0.000932981
0.000408733
-0.000111728
-0.000633881
-0.00115214
-0.001672
-0.00218786
-0.00270522
-0.00321848
-0.00373316
-0.00424362
-0.00475541
-0.00526288
-0.00577158
-0.00627587
-0.00678129
-0.00728219
-0.00778414
-0.00828148
-0.00877976
-0.00927333
-0.00976776
-0.0102574
-0.0107478
-0.0112332
-0.0117194
-0.0122005
-0.0126822
-0.0131589
-0.013636
-0.0141079
-0.0145803
-0.0150473
-0.0155147
-0.0159767
-0.0164389
-0.0168956
-0.0173525
-0.0178039
-0.0182552
-0.018701
-0.0191466
-0.0195867
-0.0200265
-0.0204605
-0.0208943
-0.0213223
-0.0217499
-0.0221716
-0.0225929
-0.0230081
-0.0234229
-0.0238316
-0.0242396
-0.0246415
-0.0250427
-0.0254377
-0.0258319
-0.0262199
-0.0266069
-0.0269877
-0.0273674
-0.0277408
-0.0281131
-0.028479
-0.0288437
-0.0292019
-0.0295589
-0.0299093
-0.0302584
-0.0306009
-0.0309419
-0.0312764
-0.0316092
-0.0319355
-0.0322601
-0.032578
-0.0328942
-0.0332037
-0.0335113
-0.0338122
-0.0341112
-0.0344034
-0.0346936
-0.034977
-0.0352583
-0.0355328
-0.0358051
-0.0360705
-0.0363337
-0.03659
-0.0368439
-0.037091
-0.0373356
-0.0375734
-0.0378086
-0.0380368
-0.0382625
-0.0384813
-0.0386974
-0.0389065
-0.0391129
-0.0393123
-0.0395089
-0.0396986
-0.0398853
-0.0400651
-0.0402419
-0.0404117
-0.0405785
-0.0407384
-0.0408951
-0.0410448
-0.0411914
-0.041331
-0.0414674
-0.0415968
-0.041723
-0.0418421
-0.0419579
-0.0420668
-0.0421723
-0.0422708
-0.0423658
-0.042454
-0.0425386
-0.0426163
-0.0426904
-0.0427576
-0.0428212
-0.042878
-0.042931
-0.0429773
-0.0430197
-0.0430554
-0.0430873
-0.0431125
-0.0431337
-0.0431483
-0.043159
-0.0431629
-0.043163
-0.0431564
-0.0431458
-0.0431286
-0.0431074
-0.0430796
-0.0430477
-0.0430094
-0.0429669
-0.042918
-0.0428649
-0.0428054
-0.0427418
-0.0426718
-0.0425976
-0.042517
-0.0424323
-0.0423413
-0.042246
-0.0421446
-0.0420389
-0.041927
-0.0418109
-0.0416886
-0.0415621
-0.0414295
-0.0412926
-0.0411498
-0.0410026
-0.0408495
-0.0406921
-0.0405289
-0.0403613
-0.040188
-0.0400103
-0.0398269
-0.0396392
-0.0394458
-0.0392481
-0.0390448
-0.0388372
-0.0386241
-0.0384067
-0.0381839
-0.0379568
-0.0377243
-0.0374875
-0.0372455
-0.0369991
-0.0367476
-0.0364918
-0.0362309
-0.0359658
-0.0356956
-0.0354212
-0.0351419
-0.0348584
-0.03457
-0.0342774
-0.03398
-0.0336786
-0.0333724
-0.0330621
-0.0327472
-0.0324283
-0.0321048
-0.0317773
-0.0314453
-0.0311094
-0.0307691
-0.0304249
-0.0300764
-0.029724
-0.0293675
-0.0290071
-0.0286427
-0.0282744
-0.0279022
-0.0275262
-0.0271464
-0.0267628
-0.0263754
-0.0259844
-0.0255898
-0.0251915
-0.0247897
-0.0243843
-0.0239755
-0.0235632
-0.0231475
-0.0227284
-0.022306
-0.0218803
-0.0214514
-0.0210192
-0.020584
-0.0201456
-0.0197042
-0.0192596
-0.0188123
-0.0183618
-0.0179086
-0.0174524
-0.0169936
-0.0165318
-0.0160676
-0.0156004
-0.0151309
-0.0146585
-0.014184
-0.0137066
-0.0132272
-0.012745
-0.0122608
-0.0117741
-0.0112854
-0.0107943
-0.0103013
-0.00980593
-0.00930885
-0.00880944
-0.00830848
-0.00780525
-0.00730056
-0.00679373
-0.00628556
-0.00577531
-0.00526382
-0.00475038
-0.00423582
-0.00371938
-0.00320192
-0.00268269
-0.00216258
-0.00164077
-0.00111817
-0.000594
-6.91685e-05
0.00045716
0.000984055
0.00151233
0.00204103
0.00257103
0.00310137
0.00363288
0.0041646
0.00469742
0.00523034
0.00576424
0.00629812
0.00683289
0.00736754
0.00790296
0.00843813
0.00897398
0.0095095
0.0100456
0.0105812
0.0111172
0.0116527
0.0121886
0.0127238
0.0132592
0.0137938
0.0143286
0.0148624
0.0153963
0.0159292
0.0164621
0.0169937
0.0175253
0.0180555
0.0185855
0.0191142
0.0196425
0.0201693
0.0206956
0.0212204
0.0217445
0.022267
0.0227888
0.0233088
0.023828
0.0243454
0.0248618
0.0253762
0.0258896
0.0264009
0.0269111
0.0274191
0.0279259
0.0284304
0.0289335
0.0294343
0.0299336
0.0304304
0.0309257
0.0314184
0.0319094
0.0323978
0.0328844
0.0333682
0.0338502
0.0343293
0.0348064
0.0352806
0.0357527
0.0362217
0.0366886
0.0371524
0.0376139
0.0380721
0.038528
0.0389806
0.0394307
0.0398774
0.0403216
0.0407622
0.0412002
0.0416347
0.0420664
0.0424944
0.0429196
0.043341
0.0437595
0.0441742
0.0445859
0.0449937
0.0453984
0.045799
0.0461965
0.04659
0.0469801
0.0473661
0.0477488
0.0481273
0.0485023
0.048873
0.0492403
0.0496031
0.0499624
0.0503172
0.0506684
0.0510151
0.051358
0.0516964
0.052031
0.0523609
0.0526869
0.0530082
0.0533256
0.0536383
0.0539469
0.0542507
0.0545504
0.0548452
0.0551359
0.0554216
0.0557032
0.0559797
0.056252
0.0565193
0.0567822
0.05704
0.0572934
0.0575417
0.0577856
0.0580242
0.0582584
0.0584873
0.0587117
0.0589308
0.0591454
0.0593546
0.0595592
0.0597584
0.0599529
0.060142
0.0603265
0.0605054
0.0606797
0.0608484
0.0610124
0.0611708
0.0613245
0.0614726
0.0616158
0.0617535
0.0618863
0.0620134
0.0621357
0.0622524
0.0623641
0.0624702
0.0625713
0.0626668
0.0627573
0.062842
0.0629218
0.0629959
0.063065
0.0631283
0.0631867
0.0632393
0.0632869
0.0633287
0.0633655
0.0633965
0.0634225
0.0634426
0.0634578
0.0634672
0.0634716
0.0634701
0.0634636
0.0634513
0.0634341
0.0634109
0.0633828
0.0633489
0.06331
0.0632653
0.0632156
0.06316
0.0630996
0.0630333
0.0629621
0.062885
0.0628031
0.0627154
0.0626227
0.0625243
0.062421
0.062312
0.0621981
0.0620785
0.061954
0.0618238
0.0616888
0.0615482
0.0614027
0.0612516
0.0610957
0.0609342
0.060768
0.0605962
0.0604197
0.0602376
0.0600509
0.0598586
0.0596618
0.0594594
0.0592525
0.0590402
0.0588233
0.0586009
0.0583742
0.058142
0.0579054
0.0576635
0.0574172
0.0571656
0.0569097
0.0566485
0.0563831
0.0561125
0.0558377
0.0555577
0.0552736
0.0549843
0.054691
0.0543927
0.0540903
0.0537829
0.0534716
0.0531554
0.0528352
0.0525102
0.0521814
0.0518477
0.0515103
0.0511681
0.0508223
0.0504717
0.0501176
0.0497588
0.0493965
0.0490297
0.0486593
0.0482846
0.0479064
0.0475238
0.0471379
0.0467476
0.0463542
0.0459564
0.0455555
0.0451505
0.0447423
0.0443301
0.0439149
0.0434957
0.0430735
0.0426474
0.0422185
0.0417857
0.0413502
0.040911
0.040469
0.0400235
0.0395753
0.0391235
0.0386693
0.0382116
0.0377514
0.037288
0.0368221
0.036353
0.0358816
0.0354071
0.0349304
0.0344506
0.0339688
0.0334839
0.0329971
0.0325074
0.0320159
0.0315215
0.0310254
0.0305266
0.030026
0.029523
0.0290183
0.0285111
0.0280024
0.0274914
0.0269789
0.0264643
0.0259482
0.0254301
0.0249107
0.0243892
0.0238667
0.0233422
0.0228166
0.0222893
0.021761
0.0212311
0.0207002
0.0201679
0.0196347
0.0191001
0.0185648
0.0180282
0.0174909
0.0169525
0.0164136
0.0158736
0.0153332
0.0147919
0.0142502
0.0137077
0.0131649
0.0126215
0.0120779
0.0115337
0.0109895
0.0104448
0.00990017
0.00935521
0.00881035
0.00826532
0.00772047
0.00717558
0.00663096
0.0060864
0.00554217
0.00499815
0.00445457
0.00391134
0.00336863
0.00282641
0.0022848
0.00174381
0.00120351
0.000663958
0.000125189
-0.000412711
-0.000949743
-0.00148577
-0.00202086
-0.00255481
-0.00308773
-0.00361938
-0.00414993
-0.00467908
-0.00520704
-0.00573348
-0.00625865
-0.00678216
-0.00730433
-0.00782471
-0.00834366
-0.0088607
-0.00937624
-0.00988973
-0.0104016
-0.0109114
-0.0114195
-0.0119253
-0.0124293
-0.0129309
-0.0134308
-0.013928
-0.0144234
-0.0149161
-0.0154069
-0.0158948
-0.0163808
-0.0168638
-0.0173447
-0.0178225
-0.0182983
-0.0187708
-0.0192411
-0.019708
-0.0201728
-0.020634
-0.0210929
-0.0215483
-0.0220013
-0.0224505
-0.0228973
-0.0233403
-0.0237808
-0.0242173
-0.0246513
-0.0250812
-0.0255085
-0.0259316
-0.0263521
-0.0267682
-0.0271816
-0.0275906
-0.0279968
-0.0283985
-0.0287973
-0.0291915
-0.0295829
-0.0299694
-0.0303531
-0.0307319
-0.0311077
-0.0314785
-0.0318463
-0.032209
-0.0325687
-0.0329231
-0.0332745
-0.0336206
-0.0339635
-0.034301
-0.0346354
-0.0349642
-0.0352898
-0.0356099
-0.0359266
-0.0362377
-0.0365455
-0.0368475
-0.0371462
-0.037439
-0.0377284
-0.0380119
-0.0382919
-0.038566
-0.0388366
-0.039101
-0.039362
-0.0396168
-0.0398681
-0.0401131
-0.0403546
-0.0405897
-0.0408213
-0.0410464
-0.041268
-0.0414831
-0.0416945
-0.0418994
-0.0421007
-0.0422953
-0.0424863
-0.0426706
-0.0428512
-0.0430251
-0.0431953
-0.0433586
-0.0435183
-0.0436711
-0.0438202
-0.0439624
-0.0441008
-0.0442323
-0.04436
-0.0444807
-0.0445977
-0.0447076
-0.0448137
-0.0449127
-0.045008
-0.0450961
-0.0451805
-0.0452577
-0.0453311
-0.0453973
-0.0454597
-0.0455149
-0.0455663
-0.0456105
-0.0456509
-0.045684
-0.0457133
-0.0457353
-0.0457535
-0.0457645
-0.0457716
-0.0457714
-0.0457675
-0.0457562
-0.0457411
-0.0457188
-0.0456926
-0.0456592
-0.0456219
-0.0455774
-0.045529
-0.0454734
-0.0454141
-0.0453474
-0.045277
-0.0451993
-0.0451178
-0.0450292
-0.0449368
-0.0448371
-0.0447337
-0.0446232
-0.0445089
-0.0443875
-0.0442623
-0.0441301
-0.0439941
-0.0438511
-0.0437044
-0.0435506
-0.0433932
-0.0432288
-0.0430608
-0.0428858
-0.0427071
-0.0425216
-0.0423325
-0.0421366
-0.041937
-0.0417307
-0.0415208
-0.0413043
-0.0410841
-0.0408574
-0.0406271
-0.0403902
-0.0401499
-0.039903
-0.0396527
-0.039396
-0.0391358
-0.0388693
-0.0385994
-0.0383232
-0.0380436
-0.0377579
-0.0374688
-0.0371736
-0.0368751
-0.0365706
-0.0362628
-0.0359492
-0.0356323
-0.0353096
-0.0349836
-0.034652
-0.0343172
-0.0339768
-0.0336332
-0.0332842
-0.032932
-0.0325745
-0.0322139
-0.0318481
-0.0314792
-0.0311052
-0.0307282
-0.0303461
-0.0299611
-0.0295713
-0.0291784
-0.0287809
-0.0283804
-0.0279753
-0.0275674
-0.0271549
-0.0267397
-0.02632
-0.0258976
-0.025471
-0.0250417
-0.0246082
-0.0241721
-0.0237321
-0.0232894
-0.0228428
-0.0223937
-0.021941
-0.0214856
-0.0210268
-0.0205655
-0.0201007
-0.0196336
-0.0191632
-0.0186904
-0.0182145
-0.0177363
-0.0172552
-0.0167717
-0.0162855
-0.015797
-0.0153059
-0.0148126
-0.0143169
-0.013819
-0.0133188
-0.0128165
-0.0123121
-0.0118056
-0.0112971
-0.0107866
-0.0102743
-0.00976008
-0.00924414
-0.00872645
-0.00820704
-0.00768606
-0.00716343
-0.00663939
-0.00611375
-0.00558684
-0.00505845
-0.00452894
-0.00399796
-0.00346604
-0.00293272
-0.00239862
-0.00186317
-0.00132711
-0.000789762
-0.000251965
0.000287058
0.000826369
0.00136685
0.00190745
0.00244916
0.00299083
0.00353354
0.00407606
0.00461955
0.00516269
0.00570675
0.00625028
0.00679467
0.00733838
0.00788288
0.00842654
0.00897094
0.00951432
0.0100584
0.0106013
0.0111448
0.011687
0.0122297
0.0127709
0.0133126
0.0138527
0.0143932
0.0149319
0.015471
0.0160081
0.0165455
0.0170808
0.0176164
0.0181496
0.0186831
0.0192141
0.0197452
0.0202738
0.0208024
0.0213283
0.0218541
0.0223771
0.0229
0.02342
0.0239397
0.0244563
0.0249727
0.0254858
0.0259986
0.026508
0.027017
0.0275225
0.0280276
0.0285289
0.0290298
0.0295268
0.0300233
0.0305158
0.0310077
0.0314955
0.0319826
0.0324655
0.0329476
0.0334254
0.0339024
0.0343749
0.0348466
0.0353136
0.0357797
0.036241
0.0367014
0.0371569
0.0376114
0.0380609
0.0385093
0.0389526
0.0393948
0.0398317
0.0402674
0.0406978
0.0411269
0.0415505
0.0419729
0.0423897
0.0428051
0.0432148
0.0436232
0.0440257
0.0444267
0.0448219
0.0452156
0.0456032
0.0459893
0.0463693
0.0467477
0.0471198
0.0474904
0.0478546
0.0482171
0.0485732
0.0489275
0.0492754
0.0496215
0.049961
0.0502986
0.0506296
0.0509587
0.0512811
0.0516015
0.0519151
0.0522267
0.0525315
0.0528342
0.0531299
0.0534235
0.0537102
0.0539947
0.0542721
0.0545473
0.0548154
0.0550813
0.0553399
0.0555963
0.0558454
0.0560923
0.0563318
0.0565689
0.0567987
0.0570261
0.0572461
0.0574637
0.0576738
0.0578814
0.0580815
0.0582792
0.0584692
0.0586568
0.0588368
0.0590142
0.0591839
0.0593511
0.0595107
0.0596676
0.0598168
0.0599633
0.0601022
0.0602383
0.0603668
0.0604925
0.0606104
0.0607257
0.0608331
0.0609378
0.0610346
0.0611288
0.061215
0.0612985
0.0613742
0.061447
0.0615121
0.0615742
0.0616286
0.0616801
0.0617237
0.0617645
0.0617974
0.0618274
0.0618496
0.0618689
0.0618804
0.061889
0.0618897
0.0618875
0.0618775
0.0618646
0.0618439
0.0618202
0.0617888
0.0617544
0.0617123
0.0616672
0.0616143
0.0615585
0.061495
0.0614286
0.0613544
0.0612773
0.0611926
0.0611048
0.0610095
0.0609112
0.0608053
0.0606965
0.0605801
0.0604608
0.060334
0.0602042
0.060067
0.0599269
0.0597793
0.0596288
0.0594709
0.0593102
0.0591421
0.0589711
0.0587928
0.0586117
0.0584234
0.0582322
0.0580338
0.0578326
0.0576243
0.0574132
0.057195
0.0569741
0.0567462
0.0565155
0.0562779
0.0560375
0.0557903
0.0555404
0.0552837
0.0550243
0.0547582
0.0544895
0.0542141
0.0539361
0.0536516
0.0533645
0.0530708
0.0527747
0.0524721
0.052167
0.0518556
0.0515417
0.0512216
0.0508991
0.0505703
0.0502393
0.0499021
0.0495626
0.0492171
0.0488693
0.0485156
0.0481597
0.0477979
0.047434
0.0470644
0.0466926
0.0463151
0.0459357
0.0455506
0.0451636
0.044771
0.0443766
0.0439767
0.043575
0.043168
0.0427592
0.0423452
0.0419295
0.0415086
0.0410861
0.0406586
0.0402295
0.0397955
0.0393599
0.0389196
0.0384777
0.0380312
0.0375833
0.0371308
0.036677
0.0362187
0.0357591
0.0352952
0.0348301
0.0343607
0.0338902
0.0334155
0.0329399
0.0324601
0.0319795
0.0314948
0.0310094
0.03052
0.03003
0.0295361
0.0290416
0.0285435
0.0280447
0.0275425
0.0270397
0.0265335
0.0260269
0.025517
0.0250068
0.0244933
0.0239797
0.0234629
0.022946
0.0224261
0.0219062
0.0213834
0.0208607
0.0203352
0.0198099
0.0192819
0.0187541
0.0182238
0.0176939
0.0171615
0.0166296
0.0160953
0.0155617
0.0150257
0.0144905
0.0139531
0.0134165
0.0128779
0.0123401
0.0118005
0.0112618
0.0107213
0.0101819
0.00964087
0.00910099
0.00855953
0.00801936
0.00747772
0.00693748
0.00639587
0.00585578
0.00531443
0.00477469
0.0042338
0.00369464
0.00315442
0.00261605
0.00207673
0.00153935
0.00100113
0.000464973
-7.19289e-05
-0.000606661
-0.00114203
-0.00167513
-0.00220876
-0.00274
-0.00327167
-0.00380085
-0.00433036
-0.00485727
-0.0053844
-0.00590882
-0.00643338
-0.00695511
-0.00747687
-0.0079957
-0.00851446
-0.00903018
-0.00954574
-0.0100581
-0.0105703
-0.0110792
-0.0115877
-0.0120929
-0.0125976
-0.0130988
-0.0135995
-0.0140967
-0.0145931
-0.0150859
-0.015578
-0.0160663
-0.0165538
-0.0170373
-0.01752
-0.0179986
-0.0184763
-0.0189498
-0.0194223
-0.0198906
-0.0203576
-0.0208204
-0.0212819
-0.0217391
-0.0221948
-0.0226461
-0.0230959
-0.0235412
-0.0239849
-0.0244239
-0.0248613
-0.025294
-0.0257249
-0.026151
-0.0265753
-0.0269947
-0.0274122
-0.0278246
-0.0282351
-0.0286405
-0.0290439
-0.029442
-0.0298381
-0.0302288
-0.0306174
-0.0310006
-0.0313815
-0.031757
-0.0321302
-0.0324978
-0.0328631
-0.0332227
-0.0335798
-0.0339313
-0.0342802
-0.0346233
-0.0349639
-0.0352986
-0.0356306
-0.0359567
-0.0362802
-0.0365976
-0.0369122
-0.0372207
-0.0375265
-0.037826
-0.0381227
-0.0384132
-0.0387008
-0.038982
-0.0392603
-0.0395322
-0.0398011
-0.0400636
-0.040323
-0.0405759
-0.0408257
-0.041069
-0.041309
-0.0415425
-0.0417728
-0.0419964
-0.0422168
-0.0424305
-0.0426409
-0.0428445
-0.0430448
-0.0432383
-0.0434284
-0.0436117
-0.0437915
-0.0439645
-0.0441341
-0.0442967
-0.0444558
-0.044608
-0.0447567
-0.0448984
-0.0450365
-0.0451677
-0.0452952
-0.0454157
-0.0455326
-0.0456424
-0.0457486
-0.0458477
-0.0459432
-0.0460315
-0.0461161
-0.0461937
-0.0462675
-0.0463342
-0.0463972
-0.046453
-0.046505
-0.04655
-0.0465911
-0.0466251
-0.0466553
-0.0466784
-0.0466976
-0.0467097
-0.0467179
-0.0467191
-0.0467163
-0.0467065
-0.0466928
-0.046672
-0.0466473
-0.0466155
-0.0465798
-0.0465371
-0.0464904
-0.0464367
-0.0463791
-0.0463145
-0.046246
-0.0461705
-0.046091
-0.0460046
-0.0459142
-0.045817
-0.0457158
-0.0456077
-0.0454957
-0.0453769
-0.0452541
-0.0451245
-0.044991
-0.0448507
-0.0447065
-0.0445556
-0.0444007
-0.0442393
-0.0440739
-0.0439019
-0.043726
-0.0435435
-0.0433572
-0.0431644
-0.0429677
-0.0427645
-0.0425576
-0.0423442
-0.042127
-0.0419035
-0.0416762
-0.0414426
-0.0412053
-0.0409618
-0.0407145
-0.0404611
-0.040204
-0.0399408
-0.039674
-0.0394011
-0.0391247
-0.0388423
-0.0385563
-0.0382644
-0.037969
-0.0376679
-0.0373632
-0.0370528
-0.0367389
-0.0364195
-0.0360965
-0.0357682
-0.0354363
-0.0350991
-0.0347585
-0.0344126
-0.0340633
-0.0337089
-0.0333511
-0.0329883
-0.0326221
-0.032251
-0.0318767
-0.0314975
-0.0311151
-0.0307279
-0.0303376
-0.0299427
-0.0295446
-0.029142
-0.0287364
-0.0283264
-0.0279133
-0.0274959
-0.0270756
-0.0266511
-0.0262238
-0.0257923
-0.025358
-0.0249198
-0.0244788
-0.0240339
-0.0235864
-0.0231351
-0.0226812
-0.0222236
-0.0217636
-0.0213
-0.0208339
-0.0203645
-0.0198926
-0.0194175
-0.01894
-0.0184594
-0.0179765
-0.0174906
-0.0170026
-0.0165116
-0.0160185
-0.0155227
-0.0150248
-0.0145242
-0.0140217
-0.0135167
-0.0130099
-0.0125006
-0.0119895
-0.0114762
-0.0109611
-0.0104439
-0.00992514
-0.00940431
-0.00888196
-0.00835771
-0.00783202
-0.00730457
-0.00677576
-0.00624531
-0.0057136
-0.00518038
-0.00464598
-0.0041102
-0.00357334
-0.00303523
-0.00249612
-0.00195589
-0.00141476
-0.000872632
-0.000329706
0.0002141
0.000758603
0.00130386
0.00184972
0.00239621
0.0029432
0.0034907
0.00403859
0.00458687
0.00513545
0.0056843
0.00623333
0.00678251
0.00733178
0.00788108
0.00843036
0.00897955
0.00952861
0.0100775
0.0106261
0.0111744
0.0117224
0.0122699
0.012817
0.0133635
0.0139095
0.0144548
0.0149994
0.0155433
0.0160864
0.0166287
0.01717
0.0177103
0.0182497
0.018788
0.0193251
0.0198611
0.0203958
0.0209292
0.0214613
0.021992
0.0225213
0.023049
0.0235752
0.0240998
0.0246227
0.0251439
0.0256634
0.026181
0.0266968
0.0272106
0.0277225
0.0282323
0.0287401
0.0292458
0.0297493
0.0302505
0.0307496
0.0312462
0.0317406
0.0322324
0.0327219
0.0332088
0.0336932
0.0341749
0.034654
0.0351303
0.0356041
0.0360748
0.036543
0.037008
0.0374703
0.0379294
0.0383857
0.0388387
0.0392889
0.0397357
0.0401795
0.0406198
0.0410572
0.0414908
0.0419215
0.0423484
0.0427723
0.0431922
0.0436091
0.044022
0.0444317
0.0448373
0.0452397
0.0456379
0.0460328
0.0464234
0.0468108
0.0471937
0.0475733
0.0479484
0.0483201
0.0486871
0.0490508
0.0494097
0.0497653
0.0501159
0.0504631
0.0508054
0.0511442
0.0514779
0.0518082
0.0521333
0.0524549
0.0527712
0.053084
0.0533914
0.0536954
0.0539938
0.0542887
0.054578
0.0548638
0.055144
0.0554206
0.0556914
0.0559586
0.0562201
0.0564779
0.0567298
0.0569782
0.0572205
0.0574593
0.057692
0.0579211
0.058144
0.0583634
0.0585764
0.058786
0.0589891
0.0591888
0.0593819
0.0595716
0.0597548
0.0599344
0.0601074
0.060277
0.0604399
0.0605993
0.0607519
0.0609012
0.0610435
0.0611825
0.0613146
0.0614433
0.061565
0.0616833
0.0617946
0.0619026
0.0620035
0.0621011
0.0621914
0.0622786
0.0623585
0.0624352
0.0625046
0.0625708
0.0626296
0.0626854
0.0627336
0.0627789
0.0628166
0.0628513
0.0628784
0.0629026
0.0629192
0.0629328
0.0629388
0.0629419
0.0629373
0.0629299
0.0629147
0.0628968
0.0628711
0.0628427
0.0628064
0.0627675
0.0627207
0.0626713
0.0626141
0.0625542
0.0624865
0.0624162
0.062338
0.0622574
0.0621688
0.0620778
0.0619789
0.0618776
0.0617683
0.0616567
0.0615371
0.0614153
0.0612855
0.0611535
0.0610135
0.0608714
0.0607213
0.0605691
0.0604089
0.0602467
0.0600765
0.0599044
0.0597242
0.0595422
0.0593522
0.0591604
0.0589606
0.0587591
0.0585495
0.0583384
0.0581192
0.0578984
0.0576697
0.0574395
0.0572013
0.0569616
0.056714
0.0564651
0.0562082
0.0559501
0.0556841
0.0554168
0.0551417
0.0548654
0.0545813
0.0542961
0.0540031
0.0537092
0.0534074
0.0531048
0.0527944
0.0524832
0.0521643
0.0518446
0.0515173
0.0511893
0.0508537
0.0505175
0.0501737
0.0498294
0.0494777
0.0491254
0.0487658
0.0484057
0.0480383
0.0476706
0.0472956
0.0469203
0.0465379
0.0461552
0.0457654
0.0453755
0.0449785
0.0445815
0.0441775
0.0437735
0.0433627
0.0429519
0.0425344
0.042117
0.0416929
0.041269
0.0408385
0.0404083
0.0399716
0.0395353
0.0390925
0.0386502
0.0382016
0.0377534
0.0372991
0.0368453
0.0363855
0.0359262
0.035461
0.0349965
0.0345261
0.0340565
0.0335811
0.0331066
0.0326264
0.0321471
0.0316623
0.0311785
0.0306892
0.0302011
0.0297076
0.0292152
0.0287177
0.0282214
0.02772
0.0272199
0.0267149
0.0262112
0.0257027
0.0251956
0.0246839
0.0241737
0.0236589
0.0231456
0.022628
0.022112
0.0215917
0.0210731
0.0205504
0.0200294
0.0195045
0.0189814
0.0184544
0.0179293
0.0174005
0.0168737
0.0163433
0.015815
0.0152832
0.0147535
0.0142206
0.0136898
0.0131559
0.0126242
0.0120895
0.0115572
0.011022
0.0104892
0.00995365
0.0094206
0.00888496
0.00835187
0.00781635
0.00728344
0.00674824
0.00621573
0.00568107
0.00514917
0.00461528
0.00408421
0.00355129
0.00302126
0.00248954
0.00196077
0.00143046
0.000903164
0.000374478
-0.000151128
-0.000677974
-0.00120168
-0.00172647
-0.00224805
-0.00277057
-0.00328983
-0.00380987
-0.00432657
-0.00484392
-0.00535787
-0.00587232
-0.0063833
-0.00689463
-0.00740244
-0.00791044
-0.00841486
-0.00891934
-0.00942016
-0.0099209
-0.0104179
-0.0109147
-0.0114077
-0.0119004
-0.0123892
-0.0128775
-0.0133619
-0.0138457
-0.0143255
-0.0148045
-0.0152795
-0.0157535
-0.0162235
-0.0166924
-0.0171572
-0.0176208
-0.0180802
-0.0185383
-0.0189921
-0.0194445
-0.0198925
-0.020339
-0.0207811
-0.0212215
-0.0216575
-0.0220916
-0.0225213
-0.022949
-0.0233722
-0.0237932
-0.0242098
-0.024624
-0.0250337
-0.0254411
-0.0258437
-0.026244
-0.0266394
-0.0270324
-0.0274205
-0.027806
-0.0281867
-0.0285646
-0.0289376
-0.0293077
-0.0296729
-0.0300351
-0.0303923
-0.0307465
-0.0310956
-0.0314416
-0.0317824
-0.03212
-0.0324525
-0.0327816
-0.0331056
-0.0334261
-0.0337414
-0.0340532
-0.0343597
-0.0346625
-0.0349601
-0.035254
-0.0355426
-0.0358273
-0.0361067
-0.0363823
-0.0366524
-0.0369186
-0.0371793
-0.037436
-0.0376873
-0.0379344
-0.0381761
-0.0384136
-0.0386456
-0.0388733
-0.0390955
-0.0393134
-0.0395258
-0.0397337
-0.0399361
-0.040134
-0.0403263
-0.0405142
-0.0406964
-0.0408741
-0.0410461
-0.0412135
-0.0413752
-0.0415324
-0.0416838
-0.0418305
-0.0419715
-0.0421079
-0.0422384
-0.0423643
-0.0424843
-0.0425997
-0.0427091
-0.0428139
-0.0429128
-0.0430069
-0.0430952
-0.0431787
-0.0432563
-0.0433291
-0.043396
-0.0434581
-0.0435143
-0.0435656
-0.0436111
-0.0436517
-0.0436863
-0.0437162
-0.0437401
-0.0437591
-0.0437722
-0.0437805
-0.0437828
-0.0437804
-0.0437719
-0.0437586
-0.0437394
-0.0437153
-0.0436853
-0.0436505
-0.0436097
-0.0435642
-0.0435127
-0.0434564
-0.0433942
-0.0433272
-0.0432543
-0.0431767
-0.0430931
-0.0430048
-0.0429106
-0.0428118
-0.042707
-0.0425976
-0.0424823
-0.0423624
-0.0422366
-0.0421063
-0.04197
-0.0418293
-0.0416826
-0.0415316
-0.0413746
-0.0412133
-0.0410461
-0.0408746
-0.0406972
-0.0405155
-0.040328
-0.0401363
-0.0399388
-0.0397371
-0.0395297
-0.0393181
-0.0391008
-0.0388794
-0.0386523
-0.0384212
-0.0381844
-0.0379437
-0.0376974
-0.0374472
-0.0371913
-0.0369317
-0.0366665
-0.0363976
-0.0361232
-0.0358451
-0.0355614
-0.0352743
-0.0349816
-0.0346855
-0.0343839
-0.034079
-0.0337686
-0.033455
-0.0331359
-0.0328137
-0.0324862
-0.0321555
-0.0318195
-0.0314805
-0.0311363
-0.0307892
-0.0304369
-0.0300817
-0.0297214
-0.0293583
-0.0289902
-0.0286194
-0.0282436
-0.0278652
-0.0274819
-0.0270961
-0.0267054
-0.0263123
-0.0259144
-0.0255142
-0.0251093
-0.0247022
-0.0242904
-0.0238765
-0.0234579
-0.0230374
-0.0226124
-0.0221854
-0.021754
-0.0213207
-0.0208831
-0.0204438
-0.0200002
-0.019555
-0.0191055
-0.0186545
-0.0181994
-0.0177429
-0.0172823
-0.0168205
-0.0163546
-0.0158876
-0.0154166
-0.0149446
-0.0144688
-0.013992
-0.0135114
-0.01303
-0.012545
-0.0120591
-0.0115698
-0.0110797
-0.0105863
-0.0100922
-0.00959483
-0.00909698
-0.00859587
-0.00809441
-0.00758979
-0.00708493
-0.006577
-0.00606893
-0.00555791
-0.00504684
-0.00453292
-0.00401906
-0.00350245
-0.00298601
-0.00246692
-0.0019481
-0.00142675
-0.000905758
-0.000382341
0.000140604
0.00066587
0.00119056
0.00171747
0.00224369
0.00277202
0.00329958
0.00382912
0.00435778
0.00488833
0.00541789
0.00594922
0.00647948
0.00701138
0.00754211
0.00807438
0.00860537
0.00913778
0.00966883
0.0102012
0.0107321
0.0112641
0.0117946
0.0123262
0.0128561
0.013387
0.0139161
0.0144461
0.0149742
0.015503
0.0160299
0.0165574
0.0170829
0.0176088
0.0181327
0.0186568
0.0191788
0.019701
0.020221
0.020741
0.0212587
0.0217764
0.0222916
0.0228066
0.0233192
0.0238315
0.0243412
0.0248504
0.025357
0.0258631
0.0263665
0.0268692
0.027369
0.0278681
0.0283643
0.0288596
0.029352
0.0298433
0.0303316
0.0308187
0.0313028
0.0317856
0.0322652
0.0327434
0.0332184
0.0336918
0.034162
0.0346305
0.0350957
0.0355591
0.0360191
0.0364773
0.0369319
0.0373846
0.0378337
0.0382807
0.0387241
0.0391653
0.0396028
0.040038
0.0404695
0.0408985
0.0413238
0.0417465
0.0421654
0.0425816
0.0429939
0.0434035
0.0438091
0.0442119
0.0446107
0.0450065
0.0453983
0.0457869
0.0461716
0.046553
0.0469303
0.0473043
0.0476742
0.0480406
0.0484029
0.0487616
0.0491162
0.0494671
0.0498138
0.0501567
0.0504955
0.0508303
0.0511609
0.0514875
0.0518099
0.0521282
0.0524421
0.052752
0.0530574
0.0533586
0.0536554
0.0539481
0.0542361
0.05452
0.0547992
0.0550741
0.0553443
0.0556104
0.0558715
0.0561285
0.0563804
0.0566282
0.0568709
0.0571094
0.0573428
0.0575719
0.0577958
0.0580155
0.05823
0.0584401
0.058645
0.0588456
0.0590407
0.0592316
0.059417
0.0595981
0.0597738
0.0599451
0.0601109
0.0602724
0.0604282
0.0605797
0.0607255
0.0608671
0.0610028
0.0611343
0.06126
0.0613814
0.061497
0.0616083
0.0617136
0.0618147
0.0619098
0.0620008
0.0620856
0.0621663
0.0622409
0.0623113
0.0623755
0.0624356
0.0624896
0.0625393
0.0625829
0.0626223
0.0626555
0.0626846
0.0627074
0.0627261
0.0627386
0.0627469
0.0627489
0.0627469
0.0627385
0.0627261
0.0627074
0.0626846
0.0626554
0.0626223
0.0625828
0.0625393
0.0624894
0.0624355
0.0623753
0.0623111
0.0622406
0.0621661
0.0620853
0.0620006
0.0619095
0.0618145
0.0617131
0.061608
0.0614964
0.0613811
0.0612594
0.0611339
0.0610021
0.0608665
0.0607246
0.060579
0.0604271
0.0602715
0.0601097
0.0599441
0.0597724
0.059597
0.0594154
0.0592302
0.0590388
0.0588438
0.0586427
0.0584381
0.0582274
0.0580132
0.0577928
0.0575691
0.0573393
0.0571061
0.0568669
0.0566244
0.0563759
0.0561241
0.0558663
0.0556053
0.0553384
0.0550684
0.0547924
0.0545134
0.0542285
0.0539405
0.0536468
0.0533501
0.0530476
0.0527422
0.0524311
0.0521171
0.0517975
0.051475
0.0511471
0.0508163
0.05048
0.050141
0.0497966
0.0494494
0.049097
0.0487419
0.0483816
0.0480186
0.0476505
0.0472798
0.0469041
0.0465258
0.0461426
0.0457569
0.0453663
0.0449733
0.0445756
0.0441754
0.0437705
0.0433633
0.0429516
0.0425375
0.042119
0.0416983
0.0412731
0.0408458
0.0404142
0.0399805
0.0395426
0.0391027
0.0386587
0.0382127
0.0377627
0.0373108
0.036855
0.0363974
0.035936
0.0354728
0.0350059
0.0345373
0.0340652
0.0335914
0.0331142
0.0326353
0.0321532
0.0316695
0.0311826
0.0306942
0.0302028
0.02971
0.0292141
0.028717
0.028217
0.0277158
0.0272118
0.0267066
0.0261989
0.02569
0.0251786
0.0246662
0.0241514
0.0236357
0.0231177
0.0225988
0.0220778
0.021556
0.0210322
0.0205077
0.0199813
0.0194543
0.0189255
0.0183961
0.0178652
0.0173337
0.0168007
0.0162673
0.0157326
0.0151975
0.0146613
0.0141247
0.0135871
0.0130492
0.0125104
0.0119715
0.0114319
0.0108921
0.0103517
0.00981131
0.00927042
0.00872961
0.00818844
0.00764743
0.00710619
0.00656519
0.00602411
0.00548334
0.00494263
0.00440231
0.00386218
0.00332253
0.0027832
0.00224443
0.00170613
0.00116846
0.000631394
9.50456e-05
-0.000440565
-0.000975376
-0.00150931
-0.00204237
-0.00257441
-0.0031055
-0.00363544
-0.00416433
-0.00469195
-0.00521844
-0.00574351
-0.00626738
-0.00678969
-0.00731073
-0.00783007
-0.00834805
-0.00886421
-0.00937893
-0.00989169
-0.0104029
-0.0109121
-0.0114196
-0.011925
-0.0124286
-0.0129299
-0.0134294
-0.0139265
-0.0144217
-0.0149144
-0.015405
-0.015893
-0.016379
-0.0168621
-0.0173431
-0.0178212
-0.0182971
-0.0187699
-0.0192404
-0.0197078
-0.0201728
-0.0206345
-0.0210938
-0.0215497
-0.022003
-0.0224529
-0.0229001
-0.0233437
-0.0237847
-0.0242218
-0.0246563
-0.0250869
-0.0255147
-0.0259385
-0.0263594
-0.0267762
-0.0271901
-0.0275998
-0.0280065
-0.0284089
-0.0288082
-0.0292031
-0.0295948
-0.0299821
-0.0303661
-0.0307455
-0.0311217
-0.0314931
-0.0318612
-0.0322245
-0.0325844
-0.0329394
-0.033291
-0.0336375
-0.0339806
-0.0343185
-0.0346529
-0.0349821
-0.0353077
-0.0356281
-0.0359447
-0.036256
-0.0365636
-0.0368658
-0.0371641
-0.037457
-0.037746
-0.0380295
-0.038309
-0.038583
-0.038853
-0.0391173
-0.0393776
-0.0396321
-0.0398826
-0.0401273
-0.0403678
-0.0406025
-0.040833
-0.0410577
-0.0412781
-0.0414926
-0.0417027
-0.041907
-0.0421068
-0.0423007
-0.0424902
-0.0426736
-0.0428526
-0.0430255
-0.043194
-0.0433563
-0.0435141
-0.0436658
-0.0438129
-0.0439539
-0.0440903
-0.0442205
-0.044346
-0.0444654
-0.04458
-0.0446885
-0.0447923
-0.0448898
-0.0449826
-0.0450692
-0.045151
-0.0452265
-0.0452973
-0.0453618
-0.0454215
-0.0454749
-0.0455235
-0.0455659
-0.0456034
-0.0456346
-0.045661
-0.0456811
-0.0456964
-0.0457054
-0.0457095
-0.0457074
-0.0457003
-0.0456871
-0.0456689
-0.0456445
-0.0456152
-0.0455797
-0.0455393
-0.0454927
-0.0454412
-0.0453835
-0.0453209
-0.0452522
-0.0451786
-0.0450989
-0.0450142
-0.0449235
-0.0448279
-0.0447263
-0.0446197
-0.0445072
-0.0443898
-0.0442664
-0.0441382
-0.044004
-0.043865
-0.0437201
-0.0435703
-0.0434148
-0.0432544
-0.0430882
-0.0429173
-0.0427406
-0.0425591
-0.042372
-0.0421801
-0.0419826
-0.0417804
-0.0415726
-0.0413601
-0.0411421
-0.0409195
-0.0406914
-0.0404587
-0.0402206
-0.039978
-0.03973
-0.0394775
-0.0392197
-0.0389575
-0.03869
-0.0384181
-0.0381411
-0.0378597
-0.0375733
-0.0372824
-0.0369867
-0.0366866
-0.0363817
-0.0360724
-0.0357584
-0.0354401
-0.0351172
-0.0347901
-0.0344584
-0.0341225
-0.0337821
-0.0334376
-0.0330888
-0.0327358
-0.0323786
-0.0320174
-0.031652
-0.0312826
-0.0309091
-0.0305318
-0.0301504
-0.0297652
-0.0293761
-0.0289832
-0.0285866
-0.0281862
-0.0277821
-0.0273744
-0.0269631
-0.0265483
-0.0261299
-0.0257081
-0.0252828
-0.0248542
-0.0244222
-0.023987
-0.0235485
-0.0231067
-0.0226619
-0.0222139
-0.0217629
-0.0213089
-0.0208519
-0.020392
-0.0199292
-0.0194636
-0.0189952
-0.0185241
-0.0180504
-0.0175739
-0.017095
-0.0166134
-0.0161295
-0.015643
-0.0151543
-0.0146631
-0.0141698
-0.0136741
-0.0131764
-0.0126764
-0.0121745
-0.0116704
-0.0111645
-0.0106565
-0.0101468
-0.00963518
-0.00912194
-0.00860681
-0.0080902
-0.0075718
-0.00705206
-0.00653062
-0.00600794
-0.00548366
-0.00495825
-0.00443134
-0.00390344
-0.00337413
-0.00284393
-0.00231243
-0.00178016
-0.00124669
-0.000712552
-0.000177316
0.000358461
0.000895229
0.00143244
0.00197054
0.00250895
0.00304814
0.00358755
0.00412764
0.00466781
0.00520857
0.0057493
0.00629051
0.00683157
0.00737301
0.00791419
0.00845565
0.00899673
0.00953797
0.0100787
0.0106196
0.0111598
0.0117
0.0122395
0.0127788
0.0133173
0.0138555
0.0143929
0.0149298
0.0154657
0.0160012
0.0165355
0.0170692
0.0176017
0.0181335
0.0186639
0.0191936
0.0197218
0.0202491
0.0207748
0.0212995
0.0218226
0.0223445
0.0228647
0.0233836
0.0239007
0.0244165
0.0249302
0.0254426
0.0259529
0.0264616
0.0269682
0.0274732
0.0279758
0.0284767
0.0289753
0.029472
0.0299663
0.0304586
0.0309483
0.0314361
0.0319211
0.0324041
0.0328842
0.0333622
0.0338372
0.0343101
0.0347798
0.0352473
0.0357116
0.0361735
0.0366322
0.0370884
0.0375412
0.0379915
0.0384384
0.0388825
0.0393232
0.0397611
0.0401955
0.040627
0.0410548
0.0414796
0.0419007
0.0423188
0.0427331
0.0431442
0.0435515
0.0439555
0.0443556
0.0447523
0.045145
0.0455344
0.0459196
0.0463014
0.0466789
0.047053
0.0474228
0.047789
0.0481508
0.0485089
0.0488627
0.0492127
0.0495582
0.0498999
0.050237
0.0505703
0.0508989
0.0512237
0.0515437
0.0518597
0.052171
0.0524782
0.0527806
0.0530789
0.0533722
0.0536615
0.0539457
0.0542258
0.0545008
0.0547716
0.0550373
0.0552988
0.055555
0.0558069
0.0560536
0.056296
0.0565331
0.0567658
0.0569931
0.057216
0.0574335
0.0576466
0.0578542
0.0580573
0.0582549
0.058448
0.0586355
0.0588185
0.0589959
0.0591687
0.0593359
0.0594985
0.0596554
0.0598077
0.0599543
0.0600962
0.0602324
0.0603639
0.0604896
0.0606107
0.0607259
0.0608364
0.0609411
0.061041
0.0611351
0.0612245
0.0613079
0.0613867
0.0614595
0.0615275
0.0615896
0.061647
0.0616984
0.061745
0.0617857
0.0618216
0.0618516
0.0618767
0.0618959
0.0619103
0.0619187
0.0619223
0.0619199
0.0619128
0.0618997
0.0618818
0.0618579
0.0618292
0.0617946
0.0617552
0.0617098
0.0616597
0.0616035
0.0615427
0.0614758
0.0614044
0.0613268
0.0612447
0.0611565
0.0610637
0.0609649
0.0608615
0.0607522
0.0606383
0.0605183
0.0603939
0.0602635
0.0601287
0.0599878
0.0598426
0.0596914
0.0595358
0.0593742
0.0592083
0.0590365
0.0588605
0.0586784
0.0584922
0.0583001
0.0581038
0.0579016
0.0576953
0.0574832
0.0572669
0.0570449
0.0568189
0.056587
0.0563513
0.0561097
0.0558643
0.0556132
0.0553582
0.0550975
0.0548331
0.054563
0.0542892
0.0540099
0.0537268
0.0534383
0.0531461
0.0528485
0.0525473
0.0522407
0.0519307
0.0516152
0.0512964
0.0509722
0.0506448
0.050312
0.049976
0.0496348
0.0492904
0.0489409
0.0485883
0.0482305
0.0478698
0.047504
0.0471354
0.0467616
0.0463852
0.0460037
0.0456195
0.0452305
0.0448388
0.0444423
0.0440432
0.0436394
0.0432332
0.0428222
0.0424089
0.041991
0.0415708
0.0411461
0.0407192
0.0402878
0.0398544
0.0394165
0.0389767
0.0385326
0.0380866
0.0376363
0.0371843
0.036728
0.0362702
0.0358082
0.0353446
0.034877
0.034408
0.0339351
0.0334607
0.0329826
0.0325031
0.0320199
0.0315356
0.0310476
0.0305585
0.0300658
0.0295722
0.0290751
0.0285772
0.0280759
0.0275738
0.0270684
0.0265624
0.0260532
0.0255434
0.0250305
0.0245173
0.024001
0.0234844
0.0229648
0.0224451
0.0219225
0.0213999
0.0208745
0.0203491
0.0198211
0.0192933
0.0187629
0.0182327
0.0177001
0.0171679
0.0166334
0.0160993
0.015563
0.0150273
0.0144894
0.0139522
0.013413
0.0128746
0.0123343
0.0117949
0.0112537
0.0107135
0.0101716
0.00963084
0.00908846
0.00854735
0.00800472
0.00746347
0.0069208
0.00637963
0.00583714
0.00529627
0.00475418
0.00421382
0.00367236
0.00313272
0.00259209
0.0020534
0.00151383
0.000976302
0.000438003
-9.8147e-05
-0.000634959
-0.00116951
-0.00170462
-0.00223736
-0.00277055
-0.00330127
-0.00383232
-0.0043608
-0.0048895
-0.00541552
-0.00594166
-0.00646502
-0.00698838
-0.00750886
-0.00802923
-0.00854662
-0.0090638
-0.00957789
-0.0100917
-0.0106022
-0.0111124
-0.0116193
-0.0121256
-0.0126285
-0.0131308
-0.0136296
-0.0141277
-0.0146222
-0.0151158
-0.0156058
-0.0160948
-0.01658
-0.0170642
-0.0175445
-0.0180236
-0.0184988
-0.0189727
-0.0194426
-0.019911
-0.0203754
-0.0208383
-0.0212969
-0.021754
-0.0222068
-0.0226578
-0.0231045
-0.0235494
-0.0239899
-0.0244284
-0.0248624
-0.0252945
-0.0257218
-0.0261471
-0.0265678
-0.026987
-0.0274011
-0.0278129
-0.0282199
-0.0286244
-0.029024
-0.0294211
-0.0298132
-0.0302027
-0.0305873
-0.0309691
-0.0313458
-0.0317197
-0.0320885
-0.0324544
-0.0328151
-0.0331728
-0.0335253
-0.0338747
-0.0342187
-0.0345597
-0.0348952
-0.0352275
-0.0355544
-0.035878
-0.0361971
-0.0365125
-0.0368222
-0.0371285
-0.0374292
-0.0377263
-0.0380177
-0.0383056
-0.0385877
-0.0388662
-0.0391389
-0.0394078
-0.0396711
-0.0399304
-0.040184
-0.0404336
-0.0406774
-0.0409172
-0.0411511
-0.041381
-0.041605
-0.0418249
-0.0420388
-0.0422486
-0.0424524
-0.042652
-0.0428456
-0.0430349
-0.0432182
-0.0433971
-0.0435701
-0.0437385
-0.0439011
-0.044059
-0.044211
-0.0443585
-0.0444999
-0.0446367
-0.0447675
-0.0448936
-0.0450137
-0.0451291
-0.0452385
-0.0453431
-0.0454417
-0.0455355
-0.0456233
-0.0457062
-0.0457832
-0.0458552
-0.0459213
-0.0459824
-0.0460375
-0.0460877
-0.0461319
-0.0461711
-0.0462044
-0.0462326
-0.0462549
-0.0462722
-0.0462835
-0.0462897
-0.04629
-0.0462853
-0.0462747
-0.0462589
-0.0462373
-0.0462106
-0.046178
-0.0461403
-0.0460968
-0.0460481
-0.0459937
-0.0459341
-0.0458687
-0.0457982
-0.045722
-0.0456406
-0.0455535
-0.0454613
-0.0453634
-0.0452604
-0.0451517
-0.0450379
-0.0449185
-0.044794
-0.0446639
-0.0445288
-0.0443881
-0.0442424
-0.0440911
-0.0439348
-0.0437731
-0.0436063
-0.0434341
-0.0432569
-0.0430744
-0.0428869
-0.0426941
-0.0424963
-0.0422933
-0.0420854
-0.0418722
-0.0416542
-0.041431
-0.041203
-0.0409699
-0.040732
-0.0404891
-0.0402414
-0.0399887
-0.0397313
-0.0394689
-0.039202
-0.0389301
-0.0386536
-0.0383724
-0.0380865
-0.037796
-0.0375009
-0.0372011
-0.0368969
-0.0365881
-0.0362749
-0.0359572
-0.0356351
-0.0353086
-0.0349777
-0.0346425
-0.0343031
-0.0339594
-0.0336115
-0.0332594
-0.0329031
-0.0325428
-0.0321784
-0.0318099
-0.0314375
-0.0310611
-0.0306808
-0.0302966
-0.0299085
-0.0295167
-0.0291211
-0.0287218
-0.0283188
-0.0279122
-0.0275019
-0.0270881
-0.0266708
-0.02625
-0.0258258
-0.0253982
-0.0249672
-0.024533
-0.0240955
-0.0236548
-0.0232109
-0.0227639
-0.0223137
-0.0218606
-0.0214045
-0.0209455
-0.0204835
-0.0200187
-0.0195511
-0.0190807
-0.0186076
-0.0181319
-0.0176535
-0.0171726
-0.0166891
-0.0162032
-0.0157148
-0.0152242
-0.0147311
-0.0142358
-0.0137382
-0.0132385
-0.0127367
-0.0122328
-0.0117268
-0.0112189
-0.010709
-0.0101973
-0.00968369
-0.00916838
-0.00865129
-0.00813259
-0.00761221
-0.00709031
-0.00656684
-0.00604196
-0.0055156
-0.00498794
-0.00445892
-0.00392868
-0.0033972
-0.0028646
-0.00233086
-0.00179611
-0.00126032
-0.00072363
-0.00018601
0.000352414
0.000891656
0.0014316
0.00197225
0.00251351
0.00305536
0.00359771
0.00414055
0.00468379
0.0052274
0.00577131
0.00631548
0.00685985
0.00740437
0.00794899
0.00849364
0.0090383
0.00958288
0.0101274
0.0106716
0.0112157
0.0117595
0.012303
0.0128461
0.0133888
0.0139309
0.0144726
0.0150136
0.015554
0.0160937
0.0166326
0.0171707
0.0177081
0.0182444
0.0187799
0.0193143
0.0198477
0.0203799
0.020911
0.0214408
0.0219694
0.0224967
0.0230226
0.0235471
0.0240701
0.0245916
0.0251115
0.0256298
0.0261465
0.0266613
0.0271745
0.0276857
0.0281953
0.0287027
0.0292083
0.0297118
0.0302133
0.0307126
0.0312099
0.0317048
0.0321976
0.0326879
0.0331761
0.0336617
0.034145
0.0346256
0.0351039
0.0355794
0.0360525
0.0365227
0.0369904
0.0374551
0.0379172
0.0383762
0.0388326
0.0392857
0.0397362
0.0401833
0.0406277
0.0410686
0.0415067
0.0419413
0.0423729
0.042801
0.043226
0.0436474
0.0440657
0.0444802
0.0448915
0.045299
0.0457033
0.0461036
0.0465006
0.0468936
0.0472832
0.0476688
0.0480508
0.0484287
0.0488031
0.0491733
0.0495398
0.049902
0.0502606
0.0506148
0.0509652
0.0513112
0.0516534
0.0519911
0.052325
0.0526542
0.0529795
0.0533001
0.0536168
0.0539288
0.0542367
0.0545398
0.0548389
0.0551331
0.0554232
0.0557083
0.0559894
0.0562653
0.0565372
0.0568039
0.0570664
0.0573237
0.0575768
0.0578247
0.0580683
0.0583066
0.0585406
0.0587693
0.0589936
0.0592125
0.059427
0.0596361
0.0598408
0.0600399
0.0602347
0.0604239
0.0606086
0.0607877
0.0609624
0.0611314
0.0612959
0.0614547
0.061609
0.0617576
0.0619016
0.0620398
0.0621735
0.0623014
0.0624247
0.0625421
0.062655
0.062762
0.0628644
0.0629609
0.0630527
0.0631387
0.06322
0.0632953
0.063366
0.0634308
0.0634909
0.063545
0.0635945
0.0636379
0.0636767
0.0637095
0.0637376
0.0637597
0.0637771
0.0637885
0.0637953
0.0637959
0.063792
0.063782
0.0637673
0.0637466
0.0637213
0.0636899
0.0636539
0.0636118
0.0635651
0.0635123
0.063455
0.0633916
0.0633237
0.0632497
0.0631711
0.0630865
0.0629974
0.0629022
0.0628026
0.0626969
0.0625868
0.0624706
0.06235
0.0622234
0.0620924
0.0619554
0.0618141
0.0616668
0.0615151
0.0613575
0.0611957
0.0610279
0.0608558
0.0606779
0.0604957
0.0603077
0.0601155
0.0599175
0.0597154
0.0595074
0.0592954
0.0590776
0.0588558
0.0586282
0.0583967
0.0581595
0.0579184
0.0576716
0.0574209
0.0571646
0.0569045
0.0566389
0.0563695
0.0560945
0.0558159
0.0555318
0.0552434
0.0549491
0.0546511
0.0543472
0.0540391
0.0537264
0.0534106
0.0530899
0.0527663
0.0524378
0.0521064
0.0517701
0.0514309
0.0510868
0.0507397
0.0503877
0.0500328
0.049673
0.0493103
0.0489427
0.0485722
0.048197
0.0478189
0.0474361
0.0470505
0.0466602
0.0462672
0.0458697
0.0454694
0.0450647
0.0446574
0.0442456
0.0438314
0.0434128
0.0429917
0.0425665
0.0421388
0.041707
0.041273
0.0408348
0.0403945
0.0399502
0.0395038
0.0390535
0.0386012
0.038145
0.037687
0.0372253
0.0367617
0.0362945
0.0358257
0.0353532
0.0348792
0.0344017
0.0339227
0.0334403
0.0329566
0.0324695
0.0319812
0.0314897
0.030997
0.0305012
0.0300043
0.0295045
0.0290037
0.0284999
0.0279953
0.027488
0.0269798
0.026469
0.0259574
0.0254433
0.0249287
0.0244115
0.0238939
0.023374
0.0228536
0.022331
0.0218082
0.0212832
0.020758
0.0202309
0.0197036
0.0191744
0.0186453
0.0181144
0.0175836
0.0170511
0.0165189
0.015985
0.0154516
0.0149166
0.0143822
0.0138463
0.0133111
0.0127745
0.0122387
0.0117017
0.0111655
0.0106282
0.0100919
0.00955461
0.00901834
0.00848126
0.00794528
0.0074086
0.00687313
0.00633707
0.00580234
0.00526711
0.00473333
0.00419916
0.00366654
0.00313365
0.00260241
0.00207101
0.00154137
0.00101167
0.000483843
-4.39311e-05
-0.000569736
-0.00109537
-0.00161894
-0.00214223
-0.00266334
-0.00318407
-0.00370252
-0.00422048
-0.00473605
-0.00525103
-0.00576352
-0.0062753
-0.0067845
-0.00729289
-0.00779858
-0.00830337
-0.00880536
-0.00930634
-0.00980442
-0.0103014
-0.0107954
-0.0112881
-0.0117778
-0.0122661
-0.0127513
-0.013235
-0.0137154
-0.0141944
-0.0146699
-0.0151438
-0.0156143
-0.016083
-0.0165482
-0.0170115
-0.0174712
-0.017929
-0.018383
-0.018835
-0.0192832
-0.0197293
-0.0201715
-0.0206115
-0.0210474
-0.0214811
-0.0219107
-0.0223379
-0.0227609
-0.0231815
-0.0235978
-0.0240115
-0.0244209
-0.0248277
-0.02523
-0.0256297
-0.0260248
-0.0264171
-0.0268049
-0.0271897
-0.0275699
-0.0279472
-0.0283197
-0.0286892
-0.0290538
-0.0294154
-0.0297721
-0.0301256
-0.0304741
-0.0308194
-0.0311597
-0.0314966
-0.0318285
-0.032157
-0.0324803
-0.0328002
-0.0331148
-0.033426
-0.0337318
-0.0340341
-0.034331
-0.0346243
-0.0349122
-0.0351963
-0.0354751
-0.03575
-0.0360195
-0.0362851
-0.0365452
-0.0368014
-0.0370521
-0.0372987
-0.0375398
-0.0377768
-0.0380082
-0.0382355
-0.0384571
-0.0386746
-0.0388863
-0.0390939
-0.0392957
-0.0394933
-0.0396851
-0.0398727
-0.0400544
-0.0402318
-0.0404033
-0.0405705
-0.0407318
-0.0408888
-0.0410398
-0.0411864
-0.0413271
-0.0414633
-0.0415935
-0.0417194
-0.0418391
-0.0419545
-0.0420637
-0.0421685
-0.0422672
-0.0423614
-0.0424496
-0.0425332
-0.0426107
-0.0426837
-0.0427505
-0.0428128
-0.042869
-0.0429206
-0.0429661
-0.043007
-0.0430418
-0.0430719
-0.043096
-0.0431154
-0.0431288
-0.0431375
-0.0431401
-0.043138
-0.0431299
-0.0431171
-0.0430982
-0.0430748
-0.0430452
-0.043011
-0.0429707
-0.0429258
-0.0428748
-0.0428192
-0.0427576
-0.0426914
-0.0426191
-0.0425422
-0.0424594
-0.0423719
-0.0422785
-0.0421805
-0.0420766
-0.0419681
-0.0418536
-0.0417347
-0.0416098
-0.0414805
-0.0413452
-0.0412055
-0.0410599
-0.0409099
-0.0407541
-0.0405939
-0.0404279
-0.0402575
-0.0400813
-0.0399008
-0.0397146
-0.0395241
-0.039328
-0.0391275
-0.0389215
-0.0387112
-0.0384953
-0.0382752
-0.0380497
-0.0378199
-0.0375847
-0.0373454
-0.0371007
-0.0368519
-0.0365978
-0.0363396
-0.0360762
-0.0358088
-0.0355361
-0.0352595
-0.0349778
-0.0346922
-0.0344014
-0.0341069
-0.0338073
-0.0335039
-0.0331956
-0.0328835
-0.0325666
-0.032246
-0.0319206
-0.0315915
-0.0312577
-0.0309204
-0.0305784
-0.0302329
-0.0298829
-0.0295294
-0.0291713
-0.02881
-0.0284442
-0.0280751
-0.0277016
-0.027325
-0.026944
-0.02656
-0.0261717
-0.0257803
-0.0253849
-0.0249864
-0.024584
-0.0241786
-0.0237693
-0.0233571
-0.0229411
-0.0225223
-0.0220998
-0.0216745
-0.0212457
-0.0208142
-0.0203791
-0.0199415
-0.0195005
-0.019057
-0.0186101
-0.0181609
-0.0177083
-0.0172535
-0.0167956
-0.0163354
-0.0158722
-0.0154068
-0.0149385
-0.0144681
-0.0139949
-0.0135197
-0.0130418
-0.012562
-0.0120796
-0.0115954
-0.0111086
-0.0106202
-0.0101293
-0.00963683
-0.00914204
-0.00864573
-0.00814722
-0.00764727
-0.00714523
-0.00664185
-0.00613649
-0.00562988
-0.0051214
-0.00461176
-0.00410037
-0.00358791
-0.0030738
-0.00255872
-0.00204211
-0.00152463
-0.00100571
-0.000486026
3.49828e-05
0.000556667
0.00107956
0.00160304
0.0021276
0.00265267
0.00317869
0.00370513
0.0042324
0.00475999
0.0052883
0.00581684
0.00634598
0.00687525
0.007405
0.0079348
0.00846495
0.00899506
0.00952541
0.0100556
0.010586
0.0111161
0.0116465
0.0121773
0.012708
0.0132388
0.0137696
0.0142995
0.0148289
0.0153571
0.0158846
0.0164109
0.0169364
0.0174607
0.0179841
0.0185064
0.0190277
0.0195479
0.020067
0.0205849
0.0211018
0.0216174
0.0221318
0.022645
0.0231569
0.0236674
0.0241766
0.0246843
0.0251905
0.0256952
0.0261984
0.0267
0.0271998
0.027698
0.0281945
0.0286891
0.0291818
0.0296727
0.0301616
0.0306486
0.0311334
0.0316162
0.0320969
0.0325753
0.0330516
0.0335255
0.0339971
0.0344663
0.0349332
0.0353975
0.0358593
0.0363185
0.0367752
0.0372292
0.0376805
0.0381291
0.0385749
0.0390178
0.0394579
0.039895
0.0403292
0.0407603
0.0411885
0.0416135
0.0420354
0.0424541
0.0428697
0.0432818
0.0436909
0.0440964
0.0444987
0.0448974
0.0452929
0.0456846
0.046073
0.0464577
0.0468389
0.0472163
0.0475902
0.0479601
0.0483265
0.0486889
0.0490476
0.0494023
0.0497533
0.0501001
0.0504432
0.050782
0.0511171
0.0514478
0.0517746
0.0520971
0.0524156
0.0527297
0.0530398
0.0533453
0.0536469
0.0539438
0.0542367
0.0545248
0.0548089
0.0550882
0.0553634
0.0556337
0.0558999
0.0561611
0.0564181
0.0566702
0.056918
0.0571608
0.0573992
0.0576327
0.0578617
0.0580856
0.0583052
0.0585195
0.0587295
0.0589342
0.0591344
0.0593294
0.0595199
0.0597051
0.0598858
0.0600611
0.0602318
0.0603972
0.0605579
0.0607133
0.060864
0.0610092
0.0611498
0.0612849
0.0614154
0.0615403
0.0616605
0.0617752
0.0618851
0.0619895
0.0620891
0.0621831
0.0622724
0.0623561
0.0624349
0.0625082
0.0625766
0.0626394
0.0626974
0.0627498
0.0627973
0.0628391
0.0628761
0.0629074
0.0629339
0.0629547
0.0629706
0.0629809
0.0629863
0.062986
0.0629808
0.06297
0.0629543
0.0629328
0.0629066
0.0628746
0.0628378
0.0627953
0.062748
0.062695
0.0626371
0.0625736
0.0625052
0.0624312
0.0623524
0.0622679
0.0621786
0.0620837
0.061984
0.0618786
0.0617686
0.0616528
0.0615324
0.0614064
0.0612757
0.0611393
0.0609983
0.0608518
0.0607006
0.0605439
0.0603826
0.0602157
0.0600443
0.0598674
0.059686
0.0594991
0.0593077
0.0591109
0.0589096
0.0587029
0.0584918
0.0582753
0.0580545
0.0578283
0.0575978
0.057362
0.0571219
0.0568766
0.056627
0.0563722
0.0561133
0.0558492
0.0555809
0.0553075
0.0550301
0.0547476
0.054461
0.0541695
0.053874
0.0535735
0.0532691
0.0529598
0.0526466
0.0523287
0.0520069
0.0516803
0.05135
0.0510149
0.0506762
0.0503329
0.0499859
0.0496343
0.0492792
0.0489196
0.0485565
0.048189
0.047818
0.0474426
0.0470639
0.046681
0.0462947
0.0459042
0.0455105
0.0451127
0.0447117
0.0443067
0.0438986
0.0434865
0.0430715
0.0426525
0.0422306
0.041805
0.0413764
0.0409442
0.0405092
0.0400706
0.0396293
0.0391844
0.038737
0.038286
0.0378326
0.0373758
0.0369166
0.0364541
0.0359893
0.0355213
0.035051
0.0345777
0.0341022
0.0336236
0.0331431
0.0326596
0.0321741
0.0316858
0.0311957
0.0307028
0.0302082
0.0297109
0.0292119
0.0287105
0.0282074
0.0277019
0.0271949
0.0266856
0.0261749
0.025662
0.0251478
0.0246315
0.0241139
0.0235944
0.0230737
0.0225512
0.0220276
0.0215023
0.020976
0.0204481
0.0199193
0.019389
0.018858
0.0183255
0.0177924
0.0172579
0.016723
0.0161867
0.0156501
0.0151124
0.0145743
0.0140352
0.0134959
0.0129557
0.0124154
0.0118743
0.0113332
0.0107914
0.0102497
0.00970748
0.00916543
0.00862292
0.00808072
0.00753817
0.00699604
0.00645367
0.00591182
0.00536985
0.0048285
0.00428714
0.0037465
0.00320597
0.00266627
0.00212678
0.00158823
0.00105001
0.000512822
-2.39236e-05
-0.000559528
-0.00109458
-0.00162839
-0.00216153
-0.00269333
-0.00322435
-0.00375392
-0.0042826
-0.00480973
-0.00533586
-0.00586034
-0.00638371
-0.00690532
-0.00742572
-0.00794425
-0.00846146
-0.00897672
-0.00949053
-0.0100023
-0.0105125
-0.0110206
-0.011527
-0.0120311
-0.0125335
-0.0130335
-0.0135317
-0.0140274
-0.0145212
-0.0150124
-0.0155015
-0.015988
-0.0164723
-0.0169538
-0.0174331
-0.0179096
-0.0183836
-0.0188548
-0.0193234
-0.0197891
-0.0202521
-0.0207121
-0.0211693
-0.0216234
-0.0220747
-0.0225227
-0.0229678
-0.0234095
-0.0238483
-0.0242836
-0.0247159
-0.0251446
-0.0255701
-0.0259921
-0.0264107
-0.0268257
-0.0272373
-0.0276451
-0.0280495
-0.02845
-0.028847
-0.0292401
-0.0296295
-0.030015
-0.0303967
-0.0307743
-0.0311482
-0.0315179
-0.0318837
-0.0322453
-0.032603
-0.0329563
-0.0333057
-0.0336506
-0.0339915
-0.0343279
-0.0346601
-0.0349879
-0.0353113
-0.0356303
-0.0359449
-0.0362548
-0.0365604
-0.0368613
-0.0371577
-0.0374494
-0.0377366
-0.0380189
-0.0382967
-0.0385696
-0.0388379
-0.0391012
-0.0393599
-0.0396135
-0.0398624
-0.0401064
-0.0403454
-0.0405795
-0.0408086
-0.0410326
-0.0412517
-0.0414657
-0.0416747
-0.0418785
-0.0420773
-0.0422708
-0.0424593
-0.0426425
-0.0428206
-0.0429934
-0.043161
-0.0433234
-0.0434805
-0.0436323
-0.0437788
-0.0439199
-0.0440558
-0.0441863
-0.0443114
-0.0444312
-0.0445455
-0.0446545
-0.044758
-0.0448562
-0.0449489
-0.0450361
-0.0451179
-0.0451942
-0.0452651
-0.0453304
-0.0453903
-0.0454447
-0.0454936
-0.045537
-0.0455749
-0.0456072
-0.0456341
-0.0456554
-0.0456712
-0.0456814
-0.0456862
-0.0456854
-0.045679
-0.0456672
-0.0456498
-0.0456269
-0.0455984
-0.0455645
-0.045525
-0.04548
-0.0454294
-0.0453734
-0.0453119
-0.0452449
-0.0451723
-0.0450944
-0.0450109
-0.044922
-0.0448275
-0.0447277
-0.0446224
-0.0445117
-0.0443956
-0.044274
-0.0441471
-0.0440148
-0.0438771
-0.0437341
-0.0435857
-0.043432
-0.043273
-0.0431088
-0.0429392
-0.0427644
-0.0425843
-0.042399
-0.0422085
-0.0420129
-0.041812
-0.0416061
-0.041395
-0.0411788
-0.0409576
-0.0407313
-0.0404999
-0.0402636
-0.0400222
-0.039776
-0.0395247
-0.0392686
-0.0390076
-0.0387418
-0.0384711
-0.0381956
-0.0379153
-0.0376304
-0.0373407
-0.0370463
-0.0367473
-0.0364437
-0.0361354
-0.0358227
-0.0355054
-0.0351836
-0.0348573
-0.0345267
-0.0341916
-0.0338522
-0.0335085
-0.0331605
-0.0328082
-0.0324518
-0.0320912
-0.0317264
-0.0313575
-0.0309846
-0.0306077
-0.0302268
-0.0298419
-0.0294532
-0.0290605
-0.0286641
-0.0282639
-0.0278599
-0.0274522
-0.027041
-0.026626
-0.0262076
-0.0257855
-0.0253601
-0.0249311
-0.0244989
-0.0240632
-0.0236242
-0.023182
-0.0227366
-0.022288
-0.0218363
-0.0213815
-0.0209237
-0.0204629
-0.0199993
-0.0195327
-0.0190633
-0.0185911
-0.0181162
-0.0176385
-0.0171583
-0.0166754
-0.0161901
-0.0157022
-0.0152119
-0.0147193
-0.0142243
-0.013727
-0.0132275
-0.0127257
-0.0122219
-0.011716
-0.0112081
-0.0106982
-0.0101864
-0.00967274
-0.00915727
