0
0.000499992
0.000999933
0.00149978
0.00199947
0.00249896
0.0029982
0.00349714
0.00399573
0.00449393
0.00499167
0.00548892
0.00598561
0.00648171
0.00697716
0.00747191
0.00796591
0.00845912
0.00895148
0.00944294
0.00993347
0.010423
0.0109115
0.0113989
0.0118851
0.0123702
0.012854
0.0133366
0.0138178
0.0142976
0.014776
0.0152529
0.0157283
0.0162022
0.0166744
0.0171449
0.0176137
0.0180808
0.018546
0.0190094
0.0194709
0.0199305
0.020388
0.0208435
0.021297
0.0217483
0.0221974
0.0226443
0.023089
0.0235313
0.0239713
0.0244089
0.024844
0.0252767
0.0257068
0.0261344
0.0265593
0.0269816
0.0274012
0.0278181
0.0282321
0.0286434
0.0290518
0.0294572
0.0298598
0.0302593
0.0306558
0.0310493
0.0314397
0.0318269
0.0322109
0.0325917
0.0329692
0.0333435
0.0337144
0.0340819
0.0344461
0.0348068
0.035164
0.0355177
0.0358678
0.0362144
0.0365573
0.0368966
0.0372322
0.037564
0.0378921
0.0382164
0.0385369
0.0388536
0.0391663
0.0394752
0.0397801
0.040081
0.0403779
0.0406708
0.0409596
0.0412443
0.0415249
0.0418013
0.0420735
0.0423416
0.0426054
0.0428649
0.0431202
0.0433712
0.0436178
0.04386
0.0440979
0.0443313
0.0445604
0.0447849
0.045005
0.0452206
0.0454317
0.0456382
0.0458402
0.0460375
0.0462303
0.0464184
0.046602
0.0467808
0.046955
0.0471244
0.0472892
0.0474492
0.0476045
0.047755
0.0479008
0.0480418
0.0481779
0.0483092
0.0484358
0.0485574
0.0486742
0.0487862
0.0488932
0.0489954
0.0490927
0.049185
0.0492725
0.049355
0.0494326
0.0495052
0.0495729
0.0496356
0.0496934
0.0497462
0.049794
0.0498369
0.0498747
0.0499076
0.0499355
0.0499584
0.0499763
0.0499892
0.0499971
0.05
0.0499979
0.0499908
0.0499787
0.0499616
0.0499395
0.0499124
0.0498803
0.0498433
0.0498012
0.0497542
0.0497022
0.0496452
0.0495832
0.0495163
0.0494445
0.0493677
0.049286
0.0491993
0.0491077
0.0490112
0.0489098
0.0488035
0.0486924
0.0485763
0.0484555
0.0483297
0.0481991
0.0480638
0.0479236
0.0477786
0.0476288
0.0474743
0.047315
0.047151
0.0469823
0.0468089
0.0466308
0.046448
0.0462606
0.0460685
0.0458719
0.0456707
0.0454649
0.0452545
0.0450397
0.0448203
0.0445964
0.0443681
0.0441354
0.0438982
0.0436566
0.0434107
0.0431605
0.0429059
0.042647
0.0423839
0.0421165
0.0418449
0.0415692
0.0412892
0.0410052
0.040717
0.0404248
0.0401286
0.0398283
0.039524
0.0392158
0.0389037
0.0385876
0.0382677
0.037944
0.0376165
0.0372853
0.0369503
0.0366116
0.0362692
0.0359232
0.0355737
0.0352205
0.0348639
0.0345037
0.0341402
0.0337732
0.0334028
0.0330291
0.032652
0.0322717
0.0318882
0.0315015
0.0311117
0.0307187
0.0303227
0.0299236
0.0295215
0.0291165
0.0287086
0.0282978
0.0278842
0.0274678
0.0270486
0.0266267
0.0262022
0.0257751
0.0253453
0.0249131
0.0244783
0.0240411
0.0236015
0.0231596
0.0227153
0.0222687
0.02182
0.021369
0.0209159
0.0204607
0.0200035
0.0195442
0.019083
0.01862
0.018155
0.0176882
0.0172197
0.0167494
0.0162775
0.0158039
0.0153287
0.0148521
0.0143739
0.0138943
0.0134133
0.012931
0.0124473
0.0119625
0.0114764
0.0109892
0.0105009
0.0100115
0.00952113
0.00902981
0.00853759
0.00804452
0.00755064
0.007056
0.00656066
0.00606466
0.00556806
0.0050709
0.00457323
0.00407511
0.00357658
0.00307769
0.00257849
0.00207903
0.00157937
0.00107955
0.00057962
7.96326e-05
-0.000420362
-0.000920315
-0.00142018
-0.0019199
-0.00241942
-0.00291871
-0.0034177
-0.00391635
-0.00441461
-0.00491243
-0.00540976
-0.00590654
-0.00640274
-0.00689829
-0.00739316
-0.00788728
-0.00838062
-0.00887312
-0.00936473
-0.00985541
-0.0103451
-0.0108338
-0.0113213
-0.0118078
-0.012293
-0.0127771
-0.0132598
-0.0137412
-0.0142213
-0.0146999
-0.0151771
-0.0156527
-0.0161268
-0.0165993
-0.0170701
-0.0175392
-0.0180065
-0.018472
-0.0189357
-0.0193975
-0.0198574
-0.0203153
-0.0207711
-0.0212249
-0.0216765
-0.022126
-0.0225733
-0.0230183
-0.023461
-0.0239014
-0.0243393
-0.0247749
-0.0252079
-0.0256385
-0.0260664
-0.0264918
-0.0269145
-0.0273346
-0.0277518
-0.0281664
-0.0285781
-0.0289869
-0.0293929
-0.0297959
-0.0301959
-0.0305929
-0.0309868
-0.0313777
-0.0317654
-0.0321499
-0.0325313
-0.0329093
-0.0332841
-0.0336555
-0.0340236
-0.0343883
-0.0347495
-0.0351073
-0.0354616
-0.0358123
-0.0361594
-0.0365029
-0.0368428
-0.037179
-0.0375114
-0.0378401
-0.038165
-0.0384862
-0.0388034
-0.0391168
-0.0394263
-0.0397318
-0.0400333
-0.0403309
-0.0406244
-0.0409139
-0.0411992
-0.0414805
-0.0417576
-0.0420305
-0.0422992
-0.0425637
-0.0428239
-0.0430798
-0.0433315
-0.0435788
-0.0438217
-0.0440603
-0.0442945
-0.0445242
-0.0447495
-0.0449703
-0.0451866
-0.0453984
-0.0456056
-0.0458083
-0.0460064
-0.0461999
-0.0463888
-0.046573
-0.0467526
-0.0469275
-0.0470978
-0.0472633
-0.0474241
-0.0475801
-0.0477314
-0.0478779
-0.0480196
-0.0481565
-0.0482887
-0.0484159
-0.0485384
-0.0486559
-0.0487687
-0.0488765
-0.0489795
-0.0490775
-0.0491707
-0.0492589
-0.0493422
-0.0494206
-0.049494
-0.0495625
-0.049626
-0.0496846
-0.0497381
-0.0497868
-0.0498304
-0.0498691
-0.0499027
-0.0499314
-0.0499551
-0.0499738
-0.0499875
-0.0499962
-0.0499999
-0.0499986
-0.0499922
-0.0499809
-0.0499646
-0.0499433
-0.049917
-0.0498858
-0.0498495
-0.0498082
-0.049762
-0.0497108
-0.0496546
-0.0495934
-0.0495273
-0.0494563
-0.0493803
-0.0492993
-0.0492134
-0.0491226
-0.0490269
-0.0489263
-0.0488208
-0.0487104
-0.0485952
-0.048475
-0.0483501
-0.0482203
-0.0480856
-0.0479462
-0.047802
-0.047653
-0.0474992
-0.0473407
-0.0471774
-0.0470095
-0.0468368
-0.0466594
-0.0464774
-0.0462907
-0.0460994
-0.0459035
-0.045703
-0.045498
-0.0452883
-0.0450742
-0.0448555
-0.0446324
-0.0444048
-0.0441727
-0.0439363
-0.0436954
-0.0434502
-0.0432006
-0.0429467
-0.0426885
-0.0424261
-0.0421594
-0.0418885
-0.0416134
-0.0413341
-0.0410507
-0.0407632
-0.0404716
-0.040176
-0.0398764
-0.0395727
-0.0392651
-0.0389536
-0.0386382
-0.038319
-0.0379958
-0.0376689
-0.0373383
-0.0370039
-0.0366658
-0.036324
-0.0359786
-0.0356296
-0.035277
-0.0349209
-0.0345613
-0.0341983
-0.0338318
-0.033462
-0.0330888
-0.0327123
-0.0323325
-0.0319495
-0.0315633
-0.031174
-0.0307815
-0.030386
-0.0299874
-0.0295858
-0.0291812
-0.0287738
-0.0283634
-0.0279502
-0.0275343
-0.0271156
-0.0266941
-0.02627
-0.0258433
-0.025414
-0.0249821
-0.0245477
-0.0241109
-0.0236717
-0.0232301
-0.0227862
-0.02234
-0.0218916
-0.021441
-0.0209882
-0.0205333
-0.0200764
-0.0196175
-0.0191566
-0.0186938
-0.0182292
-0.0177627
-0.0172944
-0.0168244
-0.0163527
-0.0158794
-0.0154045
-0.0149281
-0.0144502
-0.0139708
-0.01349
-0.0130079
-0.0125244
-0.0120398
-0.0115539
-0.0110669
-0.0105787
-0.0100895
-0.0095993
-0.00910813
-0.00861604
-0.0081231
-0.00762935
-0.00713483
-0.0066396
-0.0061437
-0.00564719
-0.00515011
-0.00465253
-0.00415447
-0.003656
-0.00315716
-0.00265801
-0.00215859
-0.00165896
-0.00115916
-0.000659246
-0.000159265
0.000340732
0.000840695
0.00134057
0.00184032
0.00233988
0.00283921
0.00333825
0.00383696
0.00433528
0.00483318
0.00533058
0.00582746
0.00632375
0.00681941
0.00731439
0.00780864
0.00830211
0.00879474
0.0092865
0.00977733
0.0102672
0.010756
0.0112437
0.0117304
0.0122158
0.0127001
0.013183
0.0136646
0.0141449
0.0146238
0.0151012
0.0155771
0.0160514
0.0165241
0.0169952
0.0174646
0.0179322
0.018398
0.018862
0.0193241
0.0197843
0.0202425
0.0206987
0.0211528
0.0216048
0.0220546
0.0225022
0.0229476
0.0233907
0.0238314
0.0242697
0.0247057
0.0251391
0.0255701
0.0259985
0.0264242
0.0268474
0.0272678
0.0276856
0.0281005
0.0285127
0.028922
0.0293284
0.0297319
0.0301324
0.0305299
0.0309243
0.0313157
0.0317039
0.0320889
0.0324707
0.0328493
0.0332246
0.0335966
0.0339652
0.0343305
0.0346922
0.0350506
0.0354054
0.0357567
0.0361044
0.0364485
0.0367889
0.0371257
0.0374587
0.037788
0.0381136
0.0384353
0.0387531
0.0390671
0.0393772
0.0396834
0.0399856
0.0402838
0.0405779
0.040868
0.041154
0.0414359
0.0417137
0.0419873
0.0422567
0.0425218
0.0427827
0.0430394
0.0432917
0.0435397
0.0437833
0.0440226
0.0442575
0.0444879
0.0447139
0.0449354
0.0451524
0.0453649
0.0455729
0.0457763
0.0459752
0.0461694
0.046359
0.046544
0.0467243
0.0469
0.047071
0.0472372
0.0473988
0.0475556
0.0477076
0.0478549
0.0479974
0.0481351
0.0482679
0.048396
0.0485192
0.0486375
0.048751
0.0488597
0.0489634
0.0490622
0.0491562
0.0492452
0.0493293
0.0494084
0.0494826
0.0495519
0.0496162
0.0496756
0.0497299
0.0497793
0.0498238
0.0498632
0.0498977
0.0499272
0.0499516
0.0499711
0.0499856
0.0499951
0.0499996
0.0499991
0.0499936
0.0499831
0.0499676
0.0499471
0.0499216
0.0498911
0.0498556
0.0498151
0.0497697
0.0497193
0.0496639
0.0496035
0.0495382
0.0494679
0.0493927
0.0493125
0.0492274
0.0491374
0.0490425
0.0489427
0.0488379
0.0487283
0.0486138
0.0484945
0.0483703
0.0482413
0.0481074
0.0479687
0.0478253
0.047677
0.047524
0.0473663
0.0472038
0.0470365
0.0468646
0.046688
0.0465067
0.0463208
0.0461302
0.045935
0.0457353
0.0455309
0.045322
0.0451086
0.0448907
0.0446682
0.0444413
0.04421
0.0439742
0.0437341
0.0434895
0.0432407
0.0429874
0.0427299
0.0424682
0.0422021
0.0419319
0.0416575
0.0413789
0.0410961
0.0408093
0.0405183
0.0402234
0.0399244
0.0396214
0.0393144
0.0390035
0.0386887
0.0383701
0.0380476
0.0377213
0.0373912
0.0370574
0.0367199
0.0363787
0.0360338
0.0356854
0.0353334
0.0349779
0.0346188
0.0342563
0.0338904
0.0335211
0.0331485
0.0327725
0.0323932
0.0320107
0.0316251
0.0312362
0.0308442
0.0304492
0.030051
0.0296499
0.0292459
0.0288389
0.028429
0.0280162
0.0276007
0.0271824
0.0267614
0.0263377
0.0259114
0.0254825
0.025051
0.0246171
0.0241807
0.0237418
0.0233006
0.022857
0.0224112
0.0219631
0.0215129
0.0210605
0.0206059
0.0201493
0.0196907
0.0192302
0.0187677
0.0183033
0.0178371
0.0173691
0.0168994
0.016428
0.0159549
0.0154803
0.0150041
0.0145264
0.0140472
0.0135667
0.0130847
0.0126015
0.012117
0.0116314
0.0111445
0.0106565
0.0101675
0.00967743
0.00918641
0.00869447
0.00820167
0.00770804
0.00721364
0.00671851
0.00622272
0.00572631
0.00522932
0.00473181
0.00423382
0.00373541
0.00323663
0.00273753
0.00223815
0.00173855
0.00123877
0.000738871
0.000238897
-0.000261101
-0.000761073
-0.00126097
-0.00176074
-0.00226033
-0.0027597
-0.00325879
-0.00375756
-0.00425595
-0.00475391
-0.0052514
-0.00574836
-0.00624475
-0.00674052
-0.00723561
-0.00772997
-0.00822357
-0.00871634
-0.00920824
-0.00969922
-0.0101892
-0.0106782
-0.0111661
-0.0116529
-0.0121386
-0.012623
-0.0131062
-0.013588
-0.0140685
-0.0145476
-0.0150252
-0.0155014
-0.015976
-0.0164489
-0.0169203
-0.0173899
-0.0178578
-0.018324
-0.0187882
-0.0192507
-0.0197111
-0.0201697
-0.0206262
-0.0210806
-0.0215329
-0.0219831
-0.0224311
-0.0228768
-0.0233202
-0.0237614
-0.0242001
-0.0246364
-0.0250703
-0.0255016
-0.0259304
-0.0263566
-0.0267802
-0.0272011
-0.0276192
-0.0280346
-0.0284472
-0.028857
-0.0292639
-0.0296678
-0.0300688
-0.0304668
-0.0308617
-0.0312535
-0.0316422
-0.0320278
-0.0324101
-0.0327893
-0.0331651
-0.0335376
-0.0339068
-0.0342725
-0.0346349
-0.0349937
-0.0353491
-0.035701
-0.0360492
-0.0363939
-0.0367349
-0.0370723
-0.0374059
-0.0377358
-0.038062
-0.0383843
-0.0387028
-0.0390174
-0.0393281
-0.0396349
-0.0399377
-0.0402365
-0.0405313
-0.0408221
-0.0411088
-0.0413913
-0.0416697
-0.041944
-0.042214
-0.0424799
-0.0427415
-0.0429988
-0.0432518
-0.0435005
-0.0437448
-0.0439848
-0.0442204
-0.0444515
-0.0446782
-0.0449004
-0.0451182
-0.0453314
-0.0455401
-0.0457442
-0.0459438
-0.0461388
-0.0463291
-0.0465149
-0.0466959
-0.0468723
-0.0470441
-0.0472111
-0.0473734
-0.0475309
-0.0476837
-0.0478318
-0.047975
-0.0481135
-0.0482471
-0.0483759
-0.0484999
-0.048619
-0.0487333
-0.0488427
-0.0489472
-0.0490468
-0.0491415
-0.0492313
-0.0493162
-0.0493961
-0.0494711
-0.0495412
-0.0496063
-0.0496664
-0.0497216
-0.0497718
-0.049817
-0.0498573
-0.0498925
-0.0499228
-0.0499481
-0.0499684
-0.0499836
-0.0499939
-0.0499992
-0.0499995
-0.0499948
-0.0499851
-0.0499704
-0.0499507
-0.049926
-0.0498963
-0.0498616
-0.0498219
-0.0497773
-0.0497276
-0.049673
-0.0496135
-0.0495489
-0.0494794
-0.049405
-0.0493256
-0.0492413
-0.0491521
-0.0490579
-0.0489589
-0.0488549
-0.0487461
-0.0486324
-0.0485138
-0.0483904
-0.0482621
-0.048129
-0.0479911
-0.0478484
-0.047701
-0.0475487
-0.0473917
-0.0472299
-0.0470635
-0.0468923
-0.0467164
-0.0465359
-0.0463507
-0.0461609
-0.0459664
-0.0457674
-0.0455638
-0.0453556
-0.0451429
-0.0449257
-0.0447039
-0.0444778
-0.0442471
-0.0440121
-0.0437726
-0.0435288
-0.0432806
-0.0430281
-0.0427712
-0.0425101
-0.0422448
-0.0419752
-0.0417015
-0.0414235
-0.0411414
-0.0408552
-0.0405649
-0.0402706
-0.0399722
-0.0396699
-0.0393636
-0.0390533
-0.0387391
-0.0384211
-0.0380992
-0.0377735
-0.037444
-0.0371108
-0.0367739
-0.0364332
-0.036089
-0.0357411
-0.0353897
-0.0350347
-0.0346763
-0.0343143
-0.0339489
-0.0335802
-0.033208
-0.0328326
-0.0324539
-0.0320719
-0.0316867
-0.0312983
-0.0309069
-0.0305123
-0.0301147
-0.029714
-0.0293104
-0.0289039
-0.0284944
-0.0280822
-0.0276671
-0.0272492
-0.0268286
-0.0264054
-0.0259795
-0.025551
-0.0251199
-0.0246864
-0.0242503
-0.0238119
-0.023371
-0.0229278
-0.0224824
-0.0220347
-0.0215847
-0.0211326
-0.0206785
-0.0202222
-0.0197639
-0.0193036
-0.0188415
-0.0183774
-0.0179115
-0.0174438
-0.0169743
-0.0165032
-0.0160304
-0.015556
-0.01508
-0.0146025
-0.0141236
-0.0136433
-0.0131616
-0.0126786
-0.0121943
-0.0117088
-0.0112221
-0.0107343
-0.0102454
-0.00975555
-0.00926468
-0.00877288
-0.00828021
-0.00778671
-0.00729243
-0.00679742
-0.00630173
-0.00580541
-0.00530851
-0.00481108
-0.00431316
-0.00381482
-0.00331609
-0.00281704
-0.0023177
-0.00181813
-0.00131838
-0.000818494
-0.000318529
0.000181469
0.000681448
0.00118136
0.00168115
0.00218078
0.00268018
0.00317932
0.00367814
0.0041766
0.00467463
0.0051722
0.00566925
0.00616573
0.0066616
0.0071568
0.00765129
0.00814501
0.00863791
0.00912996
0.00962109
0.0101113
0.0106004
0.0110885
0.0115755
0.0120613
0.0125459
0.0130293
0.0135114
0.0139921
0.0144714
0.0149493
0.0154257
0.0159005
0.0163737
0.0168453
0.0173152
0.0177834
0.0182498
0.0187144
0.0191771
0.0196379
0.0200968
0.0205536
0.0210084
0.021461
0.0219115
0.0223599
0.022806
0.0232498
0.0236913
0.0241304
0.0245671
0.0250013
0.0254331
0.0258623
0.0262889
0.0267129
0.0271342
0.0275528
0.0279687
0.0283817
0.0287919
0.0291993
0.0296037
0.0300051
0.0304036
0.030799
0.0311913
0.0315805
0.0319666
0.0323495
0.0327291
0.0331054
0.0334785
0.0338482
0.0342145
0.0345774
0.0349368
0.0352927
0.0356452
0.035994
0.0363392
0.0366809
0.0370188
0.037353
0.0376835
0.0380103
0.0383332
0.0386523
0.0389676
0.0392789
0.0395863
0.0398898
0.0401892
0.0404847
0.0407761
0.0410634
0.0413466
0.0416257
0.0419006
0.0421713
0.0424378
0.0427001
0.0429581
0.0432118
0.0434612
0.0437062
0.0439469
0.0441831
0.044415
0.0446424
0.0448653
0.0450838
0.0452977
0.0455072
0.045712
0.0459123
0.046108
0.0462991
0.0464856
0.0466674
0.0468446
0.047017
0.0471848
0.0473478
0.0475061
0.0476597
0.0478085
0.0479525
0.0480917
0.0482261
0.0483557
0.0484805
0.0486004
0.0487154
0.0488256
0.0489309
0.0490313
0.0491268
0.0492173
0.049303
0.0493837
0.0494595
0.0495304
0.0495963
0.0496572
0.0497132
0.0497642
0.0498102
0.0498512
0.0498873
0.0499183
0.0499444
0.0499655
0.0499816
0.0499926
0.0499987
0.0499998
0.0499959
0.049987
0.0499731
0.0499541
0.0499302
0.0499013
0.0498674
0.0498286
0.0497847
0.0497359
0.0496821
0.0496233
0.0495595
0.0494908
0.0494172
0.0493386
0.0492551
0.0491666
0.0490733
0.048975
0.0488718
0.0487638
0.0486508
0.048533
0.0484104
0.0482829
0.0481506
0.0480134
0.0478715
0.0477248
0.0475733
0.047417
0.047256
0.0470903
0.0469199
0.0467448
0.046565
0.0463805
0.0461914
0.0459977
0.0457994
0.0455965
0.0453891
0.0451771
0.0449606
0.0447396
0.0445141
0.0442842
0.0440498
0.043811
0.0435679
0.0433204
0.0430686
0.0428124
0.042552
0.0422873
0.0420184
0.0417453
0.0414681
0.0411866
0.0409011
0.0406115
0.0403178
0.04002
0.0397183
0.0394126
0.039103
0.0387894
0.038472
0.0381507
0.0378256
0.0374967
0.0371641
0.0368278
0.0364877
0.0361441
0.0357968
0.0354459
0.0350915
0.0347336
0.0343722
0.0340074
0.0336391
0.0332675
0.0328926
0.0325144
0.0321329
0.0317483
0.0313604
0.0309694
0.0305753
0.0301782
0.029778
0.0293749
0.0289688
0.0285598
0.028148
0.0277334
0.027316
0.0268958
0.026473
0.0260475
0.0256194
0.0251887
0.0247556
0.0243199
0.0238819
0.0234414
0.0229986
0.0225535
0.0221061
0.0216565
0.0212048
0.0207509
0.020295
0.019837
0.0193771
0.0189152
0.0184514
0.0179858
0.0175184
0.0170492
0.0165783
0.0161058
0.0156316
0.0151559
0.0146787
0.0142
0.0137199
0.0132384
0.0127556
0.0122715
0.0117862
0.0112997
0.0108121
0.0103234
0.00983364
0.00934292
0.00885127
0.00835873
0.00786536
0.0073712
0.0068763
0.00638072
0.00588449
0.00538768
0.00489033
0.00439249
0.00389422
0.00339555
0.00289654
0.00239724
0.00189771
0.00139798
0.000898115
0.000398159
-0.000101837
-0.000601822
-0.00110175
-0.00160156
-0.00210122
-0.00260066
-0.00309985
-0.00359872
-0.00409724
-0.00459534
-0.00509299
-0.00559012
-0.0060867
-0.00658267
-0.00707798
-0.00757258
-0.00806643
-0.00855947
-0.00905165
-0.00954293
-0.0100333
-0.0105226
-0.0110108
-0.011498
-0.011984
-0.0124688
-0.0129524
-0.0134347
-0.0139156
-0.0143952
-0.0148733
-0.0153499
-0.015825
-0.0162985
-0.0167703
-0.0172405
-0.017709
-0.0181757
-0.0186406
-0.0191036
-0.0195647
-0.0200238
-0.020481
-0.0209361
-0.0213891
-0.0218399
-0.0222886
-0.0227351
-0.0231792
-0.0236211
-0.0240606
-0.0244977
-0.0249323
-0.0253645
-0.0257941
-0.0262211
-0.0266455
-0.0270673
-0.0274863
-0.0279026
-0.0283161
-0.0287268
-0.0291346
-0.0295395
-0.0299414
-0.0303403
-0.0307362
-0.0311291
-0.0315188
-0.0319053
-0.0322887
-0.0326688
-0.0330457
-0.0334193
-0.0337895
-0.0341564
-0.0345198
-0.0348798
-0.0352363
-0.0355893
-0.0359387
-0.0362845
-0.0366267
-0.0369652
-0.0373001
-0.0376312
-0.0379585
-0.038282
-0.0386017
-0.0389176
-0.0392296
-0.0395376
-0.0398417
-0.0401418
-0.0404379
-0.0407299
-0.0410179
-0.0413018
-0.0415815
-0.0418571
-0.0421285
-0.0423957
-0.0426586
-0.0429173
-0.0431717
-0.0434217
-0.0436675
-0.0439088
-0.0441458
-0.0443784
-0.0446065
-0.0448301
-0.0450493
-0.045264
-0.0454741
-0.0456797
-0.0458807
-0.0460772
-0.046269
-0.0464562
-0.0466388
-0.0468167
-0.0469899
-0.0471584
-0.0473222
-0.0474812
-0.0476356
-0.0477851
-0.0479299
-0.0480699
-0.0482051
-0.0483354
-0.0484609
-0.0485816
-0.0486974
-0.0488084
-0.0489144
-0.0490156
-0.0491119
-0.0492033
-0.0492897
-0.0493712
-0.0494478
-0.0495194
-0.0495861
-0.0496478
-0.0497046
-0.0497564
-0.0498032
-0.049845
-0.0498818
-0.0499137
-0.0499406
-0.0499624
-0.0499793
-0.0499912
-0.0499981
-0.05
-0.0499968
-0.0499887
-0.0499756
-0.0499575
-0.0499344
-0.0499063
-0.0498732
-0.0498351
-0.049792
-0.049744
-0.049691
-0.049633
-0.04957
-0.0495021
-0.0494292
-0.0493514
-0.0492687
-0.049181
-0.0490885
-0.048991
-0.0488886
-0.0487813
-0.0486691
-0.0485521
-0.0484302
-0.0483035
-0.048172
-0.0480356
-0.0478944
-0.0477485
-0.0475977
-0.0474422
-0.047282
-0.047117
-0.0469473
-0.046773
-0.0465939
-0.0464102
-0.0462218
-0.0460289
-0.0458313
-0.0456291
-0.0454224
-0.0452111
-0.0449953
-0.0447751
-0.0445503
-0.0443211
-0.0440874
-0.0438494
-0.0436069
-0.0433601
-0.043109
-0.0428535
-0.0425938
-0.0423298
-0.0420615
-0.0417891
-0.0415125
-0.0412317
-0.0409468
-0.0406579
-0.0403648
-0.0400677
-0.0397666
-0.0394616
-0.0391525
-0.0388396
-0.0385228
-0.0382021
-0.0378776
-0.0375494
-0.0372173
-0.0368816
-0.0365421
-0.036199
-0.0358523
-0.035502
-0.0351482
-0.0347908
-0.03443
-0.0340657
-0.033698
-0.0333269
-0.0329525
-0.0325748
-0.0321939
-0.0318097
-0.0314224
-0.0310319
-0.0306383
-0.0302416
-0.029842
-0.0294393
-0.0290337
-0.0286252
-0.0282138
-0.0277996
-0.0273826
-0.0269629
-0.0265405
-0.0261154
-0.0256878
-0.0252575
-0.0248247
-0.0243895
-0.0239518
-0.0235117
-0.0230693
-0.0226245
-0.0221775
-0.0217283
-0.0212769
-0.0208234
-0.0203677
-0.0199101
-0.0194505
-0.0189889
-0.0185254
-0.0180601
-0.0175929
-0.017124
-0.0166534
-0.0161811
-0.0157072
-0.0152318
-0.0147548
-0.0142763
-0.0137964
-0.0133152
-0.0128326
-0.0123487
-0.0118636
-0.0113773
-0.0108898
-0.0104013
-0.0099117
-0.00942114
-0.00892963
-0.00843723
-0.00794399
-0.00744995
-0.00695517
-0.00645969
-0.00596357
-0.00546684
-0.00496958
-0.00447181
-0.0039736
-0.00347499
-0.00297604
-0.00247678
-0.00197728
-0.00147758
-0.000977734
-0.000477789
2.22039e-05
0.000522194
0.00102213
0.00152197
0.00202165
0.00252113
0.00302036
0.00351929
0.00401787
0.00451604
0.00501376
0.00551098
0.00600765
0.00650372
0.00699914
0.00749386
0.00798783
0.008481
0.00897332
0.00946475
0.00995523
0.0104447
0.0109331
0.0114205
0.0119067
0.0123917
0.0128755
0.013358
0.0138391
0.0143189
0.0147972
0.0152741
0.0157494
0.0162232
0.0166953
0.0171657
0.0176345
0.0181015
0.0185666
0.01903
0.0194914
0.0199508
0.0204083
0.0208637
0.0213171
0.0217683
0.0222173
0.0226641
0.0231087
0.0235509
0.0239908
0.0244282
0.0248633
0.0252958
0.0257258
0.0261533
0.0265781
0.0270003
0.0274198
0.0278365
0.0282504
0.0286616
0.0290698
0.0294752
0.0298776
0.030277
0.0306734
0.0310667
0.0314569
0.031844
0.0322279
0.0326085
0.0329859
0.03336
0.0337308
0.0340982
0.0344622
0.0348227
0.0351798
0.0355333
0.0358833
0.0362297
0.0365724
0.0369115
0.037247
0.0375787
0.0379066
0.0382308
0.0385511
0.0388676
0.0391801
0.0394888
0.0397935
0.0400943
0.040391
0.0406837
0.0409723
0.0412568
0.0415372
0.0418135
0.0420855
0.0423534
0.042617
0.0428764
0.0431314
0.0433822
0.0436286
0.0438707
0.0441084
0.0443416
0.0445704
0.0447948
0.0450147
0.0452301
0.0454409
0.0456473
0.045849
0.0460462
0.0462388
0.0464267
0.04661
0.0467886
0.0469626
0.0471319
0.0472964
0.0474562
0.0476113
0.0477616
0.0479072
0.0480479
0.0481838
0.048315
0.0484413
0.0485627
0.0486793
0.048791
0.0488979
0.0489998
0.0490969
0.049189
0.0492763
0.0493586
0.0494359
0.0495083
0.0495758
0.0496383
0.0496959
0.0497484
0.0497961
0.0498387
0.0498763
0.049909
0.0499366
0.0499593
0.049977
0.0499896
0.0499973
0.05
0.0499977
0.0499903
0.049978
0.0499607
0.0499384
0.0499111
0.0498788
0.0498415
0.0497992
0.049752
0.0496997
0.0496425
0.0495804
0.0495133
0.0494412
0.0493642
0.0492822
0.0491953
0.0491035
0.0490068
0.0489052
0.0487987
0.0486873
0.0485711
0.04845
0.048324
0.0481932
0.0480576
0.0479172
0.047772
0.047622
0.0474673
0.0473078
0.0471436
0.0469747
0.046801
0.0466227
0.0464398
0.0462521
0.0460599
0.0458631
0.0456616
0.0454556
0.0452451
0.04503
0.0448104
0.0445864
0.0443579
0.0441249
0.0438876
0.0436458
0.0433997
0.0431493
0.0428945
0.0426354
0.0423721
0.0421046
0.0418328
0.0415568
0.0412767
0.0409925
0.0407042
0.0404117
0.0401153
0.0398148
0.0395104
0.039202
0.0388897
0.0385735
0.0382535
0.0379296
0.0376019
0.0372705
0.0369353
0.0365964
0.0362539
0.0359078
0.0355581
0.0352048
0.034848
0.0344877
0.0341239
0.0337568
0.0333863
0.0330124
0.0326352
0.0322548
0.0318711
0.0314843
0.0310943
0.0307012
0.030305
0.0299058
0.0295036
0.0290985
0.0286904
0.0282795
0.0278658
0.0274492
0.0270299
0.0266079
0.0261833
0.025756
0.0253262
0.0248938
0.024459
0.0240217
0.023582
0.0231399
0.0226955
0.0222488
0.0218
0.0213489
0.0208957
0.0204404
0.0199831
0.0195238
0.0190625
0.0185993
0.0181343
0.0176674
0.0171988
0.0167285
0.0162565
0.0157828
0.0153076
0.0148309
0.0143526
0.013873
0.0133919
0.0129095
0.0124258
0.0119409
0.0114548
0.0109675
0.0104792
0.00998974
0.00949933
0.00900797
0.00851571
0.0080226
0.00752869
0.00703402
0.00653865
0.00604262
0.00554599
0.00504881
0.00455112
0.00405298
0.00355443
0.00305552
0.00255631
0.00205685
0.00155718
0.00105735
0.000557417
5.74287e-05
-0.000442565
-0.000942515
-0.00144237
-0.00194208
-0.0024416
-0.00294087
-0.00343985
-0.00393849
-0.00443673
-0.00493453
-0.00543183
-0.00592859
-0.00642476
-0.00692028
-0.00741512
-0.00790921
-0.00840251
-0.00889497
-0.00938654
-0.00987718
-0.0103668
-0.0108554
-0.011343
-0.0118293
-0.0123145
-0.0127985
-0.0132812
-0.0137626
-0.0142426
-0.0147211
-0.0151982
-0.0156738
-0.0161478
-0.0166202
-0.0170909
-0.01756
-0.0180272
-0.0184927
-0.0189563
-0.019418
-0.0198778
-0.0203356
-0.0207913
-0.021245
-0.0216966
-0.0221459
-0.0225931
-0.023038
-0.0234806
-0.0239209
-0.0243587
-0.0247942
-0.0252271
-0.0256575
-0.0260854
-0.0265106
-0.0269332
-0.0273531
-0.0277703
-0.0281847
-0.0285963
-0.029005
-0.0294108
-0.0298137
-0.0302136
-0.0306105
-0.0310043
-0.031395
-0.0317825
-0.0321669
-0.0325481
-0.032926
-0.0333007
-0.033672
-0.0340399
-0.0344044
-0.0347655
-0.0351231
-0.0354772
-0.0358278
-0.0361747
-0.0365181
-0.0368578
-0.0371938
-0.0375261
-0.0378546
-0.0381794
-0.0385003
-0.0388174
-0.0391306
-0.0394399
-0.0397453
-0.0400466
-0.040344
-0.0406373
-0.0409266
-0.0412118
-0.0414929
-0.0417698
-0.0420425
-0.042311
-0.0425753
-0.0428354
-0.0430911
-0.0433426
-0.0435897
-0.0438324
-0.0440708
-0.0443048
-0.0445343
-0.0447594
-0.04498
-0.0451961
-0.0454077
-0.0456147
-0.0458172
-0.0460151
-0.0462084
-0.0463971
-0.0465811
-0.0467605
-0.0469352
-0.0471052
-0.0472705
-0.0474311
-0.0475869
-0.047738
-0.0478843
-0.0480258
-0.0481625
-0.0482944
-0.0484215
-0.0485437
-0.0486611
-0.0487736
-0.0488812
-0.0489839
-0.0490818
-0.0491747
-0.0492627
-0.0493458
-0.0494239
-0.0494971
-0.0495654
-0.0496287
-0.049687
-0.0497404
-0.0497888
-0.0498322
-0.0498707
-0.0499041
-0.0499326
-0.049956
-0.0499745
-0.049988
-0.0499964
-0.0499999
-0.0499984
-0.0499919
-0.0499803
-0.0499638
-0.0499423
-0.0499158
-0.0498843
-0.0498478
-0.0498063
-0.0497598
-0.0497084
-0.049652
-0.0495906
-0.0495243
-0.049453
-0.0493768
-0.0492956
-0.0492095
-0.0491185
-0.0490226
-0.0489217
-0.048816
-0.0487054
-0.0485899
-0.0484696
-0.0483444
-0.0482144
-0.0480796
-0.0479399
-0.0477955
-0.0476463
-0.0474923
-0.0473335
-0.0471701
-0.0470019
-0.046829
-0.0466514
-0.0464692
-0.0462823
-0.0460908
-0.0458947
-0.045694
-0.0454887
-0.0452789
-0.0450646
-0.0448457
-0.0446224
-0.0443946
-0.0441623
-0.0439257
-0.0436846
-0.0434392
-0.0431894
-0.0429354
-0.042677
-0.0424143
-0.0421474
-0.0418763
-0.0416011
-0.0413216
-0.041038
-0.0407503
-0.0404586
-0.0401628
-0.039863
-0.0395592
-0.0392514
-0.0389397
-0.0386241
-0.0383047
-0.0379814
-0.0376543
-0.0373235
-0.0369889
-0.0366507
-0.0363087
-0.0359632
-0.035614
-0.0352613
-0.034905
-0.0345453
-0.0341821
-0.0338155
-0.0334455
-0.0330722
-0.0326955
-0.0323156
-0.0319324
-0.0315461
-0.0311566
-0.030764
-0.0303683
-0.0299696
-0.0295679
-0.0291632
-0.0287556
-0.0283451
-0.0279318
-0.0275157
-0.0270969
-0.0266753
-0.0262511
-0.0258243
-0.0253948
-0.0249629
-0.0245284
-0.0240915
-0.0236521
-0.0232104
-0.0227664
-0.0223201
-0.0218716
-0.0214209
-0.020968
-0.0205131
-0.0200561
-0.0195971
-0.0191361
-0.0186732
-0.0182085
-0.0177419
-0.0172736
-0.0168035
-0.0163318
-0.0158584
-0.0153834
-0.0149069
-0.0144289
-0.0139495
-0.0134686
-0.0129864
-0.012503
-0.0120182
-0.0115323
-0.0110452
-0.010557
-0.0100678
-0.0095775
-0.00908629
-0.00859417
-0.00810119
-0.0076074
-0.00711285
-0.00661759
-0.00612166
-0.00562513
-0.00512803
-0.00463042
-0.00413234
-0.00363385
-0.003135
-0.00263584
-0.00213641
-0.00163677
-0.00113696
-0.000637044
-0.000137061
0.000362935
0.000862896
0.00136277
0.00186251
0.00236206
0.00286137
0.0033604
0.0038591
0.0043574
0.00485528
0.00535266
0.00584951
0.00634578
0.00684141
0.00733636
0.00783057
0.008324
0.0088166
0.00930831
0.0097991
0.0102889
0.0107777
0.0112654
0.011752
0.0122374
0.0127215
0.0132044
0.013686
0.0141662
0.014645
0.0151223
0.0155982
0.0160724
0.0165451
0.0170161
0.0174854
0.0179529
0.0184187
0.0188826
0.0193446
0.0198047
0.0202628
0.0207189
0.0211729
0.0216248
0.0220745
0.022522
0.0229673
0.0234103
0.0238509
0.0242892
0.024725
0.0251583
0.0255891
0.0260174
0.0264431
0.0268661
0.0272864
0.0277041
0.0281189
0.0285309
0.0289401
0.0293464
0.0297497
0.0301501
0.0305475
0.0309418
0.031333
0.031721
0.0321059
0.0324876
0.0328661
0.0332412
0.0336131
0.0339815
0.0343466
0.0347082
0.0350664
0.0354211
0.0357722
0.0361197
0.0364636
0.0368039
0.0371405
0.0374734
0.0378026
0.0381279
0.0384495
0.0387672
0.039081
0.0393909
0.0396969
0.0399989
0.0402969
0.0405909
0.0408808
0.0411667
0.0414484
0.0417259
0.0419993
0.0422685
0.0425335
0.0427942
0.0430507
0.0433028
0.0435506
0.0437941
0.0440331
0.0442678
0.044498
0.0447238
0.0449451
0.045162
0.0453743
0.045582
0.0457852
0.0459839
0.0461779
0.0463673
0.0465521
0.0467322
0.0469077
0.0470785
0.0472445
0.0474058
0.0475624
0.0477143
0.0478613
0.0480036
0.0481411
0.0482737
0.0484016
0.0485246
0.0486427
0.048756
0.0488644
0.0489679
0.0490665
0.0491602
0.049249
0.0493329
0.0494118
0.0494858
0.0495549
0.0496189
0.0496781
0.0497322
0.0497814
0.0498256
0.0498649
0.0498991
0.0499284
0.0499526
0.0499719
0.0499862
0.0499954
0.0499997
0.049999
0.0499932
0.0499825
0.0499668
0.049946
0.0499203
0.0498896
0.0498539
0.0498132
0.0497676
0.0497169
0.0496613
0.0496007
0.0495352
0.0494647
0.0493892
0.0493089
0.0492235
0.0491333
0.0490382
0.0489381
0.0488332
0.0487233
0.0486086
0.0484891
0.0483647
0.0482354
0.0481014
0.0479625
0.0478188
0.0476703
0.0475171
0.0473591
0.0471964
0.047029
0.0468569
0.04668
0.0464985
0.0463124
0.0461216
0.0459263
0.0457263
0.0455217
0.0453126
0.045099
0.0448809
0.0446582
0.0444311
0.0441996
0.0439637
0.0437233
0.0434786
0.0432295
0.0429761
0.0427184
0.0424564
0.0421902
0.0419198
0.0416452
0.0413664
0.0410835
0.0407964
0.0405053
0.0402102
0.039911
0.0396078
0.0393007
0.0389896
0.0386746
0.0383558
0.0380332
0.0377067
0.0373764
0.0370425
0.0367048
0.0363634
0.0360184
0.0356698
0.0353177
0.034962
0.0346028
0.0342402
0.0338741
0.0335046
0.0331318
0.0327557
0.0323763
0.0319937
0.0316079
0.0312189
0.0308267
0.0304315
0.0300333
0.0296321
0.0292278
0.0288207
0.0284107
0.0279978
0.0275822
0.0271638
0.0267427
0.0263189
0.0258924
0.0254634
0.0250318
0.0245978
0.0241612
0.0237223
0.0232809
0.0228373
0.0223914
0.0219432
0.0214928
0.0210403
0.0205857
0.020129
0.0196703
0.0192097
0.0187471
0.0182826
0.0178163
0.0173483
0.0168785
0.016407
0.0159339
0.0154592
0.0149829
0.0145051
0.0140259
0.0135453
0.0130633
0.01258
0.0120955
0.0116098
0.0111228
0.0106348
0.0101457
0.00965565
0.00916459
0.00867261
0.00817976
0.0076861
0.00719166
0.00669651
0.00620069
0.00570425
0.00520723
0.0047097
0.0042117
0.00371327
0.00321448
0.00271536
0.00221597
0.00171636
0.00121657
0.00071667
0.000216693
-0.000283304
-0.000783274
-0.00128316
-0.00178293
-0.00228251
-0.00278187
-0.00328095
-0.0037797
-0.00427807
-0.00477601
-0.00527348
-0.00577042
-0.00626678
-0.00676252
-0.00725758
-0.00775191
-0.00824547
-0.0087382
-0.00923006
-0.009721
-0.010211
-0.0106999
-0.0111878
-0.0116745
-0.0121601
-0.0126445
-0.0131276
-0.0136094
-0.0140898
-0.0145689
-0.0150464
-0.0155225
-0.015997
-0.0164699
-0.0169412
-0.0174107
-0.0178786
-0.0183446
-0.0188088
-0.0192711
-0.0197315
-0.02019
-0.0206464
-0.0211007
-0.021553
-0.022003
-0.0224509
-0.0228965
-0.0233399
-0.0237809
-0.0242195
-0.0246557
-0.0250895
-0.0255207
-0.0259494
-0.0263755
-0.0267989
-0.0272197
-0.0276377
-0.028053
-0.0284655
-0.0288751
-0.0292819
-0.0296857
-0.0300865
-0.0304844
-0.0308792
-0.0312709
-0.0316594
-0.0320448
-0.0324271
-0.032806
-0.0331817
-0.0335541
-0.0339231
-0.0342887
-0.0346509
-0.0350096
-0.0353648
-0.0357165
-0.0360646
-0.0364091
-0.03675
-0.0370872
-0.0374207
-0.0377504
-0.0380764
-0.0383985
-0.0387168
-0.0390313
-0.0393418
-0.0396484
-0.0399511
-0.0402497
-0.0405443
-0.0408349
-0.0411214
-0.0414038
-0.041682
-0.0419561
-0.0422259
-0.0424916
-0.042753
-0.0430101
-0.0432629
-0.0435114
-0.0437556
-0.0439953
-0.0442307
-0.0444617
-0.0446882
-0.0449102
-0.0451277
-0.0453408
-0.0455493
-0.0457532
-0.0459526
-0.0461473
-0.0463375
-0.046523
-0.0467039
-0.0468801
-0.0470516
-0.0472184
-0.0473805
-0.0475378
-0.0476904
-0.0478382
-0.0479813
-0.0481195
-0.0482529
-0.0483815
-0.0485053
-0.0486242
-0.0487383
-0.0488474
-0.0489517
-0.0490511
-0.0491456
-0.0492352
-0.0493198
-0.0493996
-0.0494744
-0.0495442
-0.0496091
-0.049669
-0.0497239
-0.0497739
-0.0498189
-0.049859
-0.049894
-0.049924
-0.0499491
-0.0499691
-0.0499842
-0.0499943
-0.0499993
-0.0499994
-0.0499945
-0.0499845
-0.0499696
-0.0499497
-0.0499248
-0.0498948
-0.0498599
-0.04982
-0.0497752
-0.0497253
-0.0496705
-0.0496107
-0.0495459
-0.0494762
-0.0494016
-0.049322
-0.0492375
-0.049148
-0.0490536
-0.0489544
-0.0488502
-0.0487412
-0.0486272
-0.0485084
-0.0483848
-0.0482563
-0.048123
-0.0479849
-0.047842
-0.0476943
-0.0475418
-0.0473846
-0.0472227
-0.047056
-0.0468846
-0.0467085
-0.0465278
-0.0463424
-0.0461523
-0.0459577
-0.0457584
-0.0455546
-0.0453462
-0.0451333
-0.0449159
-0.044694
-0.0444676
-0.0442368
-0.0440015
-0.0437619
-0.0435178
-0.0432695
-0.0430168
-0.0427597
-0.0424985
-0.0422329
-0.0419632
-0.0416892
-0.0414111
-0.0411288
-0.0408424
-0.040552
-0.0402574
-0.0399589
-0.0396564
-0.0393499
-0.0390394
-0.0387251
-0.0384069
-0.0380848
-0.0377589
-0.0374293
-0.0370959
-0.0367588
-0.036418
-0.0360736
-0.0357256
-0.035374
-0.0350189
-0.0346603
-0.0342982
-0.0339326
-0.0335637
-0.0331914
-0.0328158
-0.032437
-0.0320548
-0.0316695
-0.031281
-0.0308894
-0.0304947
-0.0300969
-0.0296962
-0.0292924
-0.0288858
-0.0284762
-0.0280638
-0.0276486
-0.0272306
-0.0268099
-0.0263865
-0.0259605
-0.0255319
-0.0251007
-0.024667
-0.0242309
-0.0237923
-0.0233514
-0.0229081
-0.0224625
-0.0220147
-0.0215647
-0.0211125
-0.0206582
-0.0202019
-0.0197435
-0.0192832
-0.0188209
-0.0183567
-0.0178907
-0.0174229
-0.0169534
-0.0164822
-0.0160093
-0.0155349
-0.0150588
-0.0145813
-0.0141023
-0.0136219
-0.0131402
-0.0126571
-0.0121728
-0.0116872
-0.0112005
-0.0107126
-0.0102237
-0.00973377
-0.00924286
-0.00875102
-0.00825831
-0.00776477
-0.00727046
-0.00677542
-0.0062797
-0.00578335
-0.00528643
-0.00478897
-0.00429104
-0.00379268
-0.00329394
-0.00279487
-0.00229552
-0.00179594
-0.00129618
-0.000796293
-0.000296325
0.000203673
0.00070365
0.00120356
0.00170334
0.00220296
0.00270236
0.00320148
0.00370029
0.00419872
0.00469674
0.00519428
0.00569131
0.00618777
0.00668361
0.00717878
0.00767323
0.00816692
0.00865978
0.00915179
0.00964287
0.010133
0.0106221
0.0111102
0.0115971
0.0120829
0.0125674
0.0130507
0.0135328
0.0140134
0.0144927
0.0149705
0.0154468
0.0159215
0.0163947
0.0168662
0.0173361
0.0178042
0.0182705
0.018735
0.0191976
0.0196584
0.0201171
0.0205738
0.0210285
0.0214811
0.0219315
0.0223797
0.0228257
0.0232694
0.0237108
0.0241498
0.0245864
0.0250206
0.0254522
0.0258813
0.0263078
0.0267317
0.0271529
0.0275713
0.0279871
0.0284
0.0288101
0.0292173
0.0296216
0.0300229
0.0304212
0.0308165
0.0312087
0.0315978
0.0319837
0.0323664
0.0327459
0.0331221
0.033495
0.0338645
0.0342307
0.0345934
0.0349527
0.0353085
0.0356607
0.0360094
0.0363545
0.0366959
0.0370337
0.0373678
0.0376981
0.0380247
0.0383475
0.0386664
0.0389815
0.0392926
0.0395999
0.0399031
0.0402024
0.0404977
0.0407889
0.041076
0.0413591
0.041638
0.0419127
0.0421832
0.0424496
0.0427116
0.0429694
0.043223
0.0434721
0.043717
0.0439574
0.0441935
0.0444252
0.0446524
0.0448751
0.0450934
0.0453071
0.0455164
0.045721
0.0459211
0.0461166
0.0463075
0.0464938
0.0466754
0.0468523
0.0470246
0.0471921
0.047355
0.0475131
0.0476664
0.047815
0.0479588
0.0480978
0.048232
0.0483614
0.0484859
0.0486056
0.0487204
0.0488304
0.0489354
0.0490356
0.0491309
0.0492213
0.0493067
0.0493872
0.0494628
0.0495334
0.0495991
0.0496598
0.0497155
0.0497663
0.0498121
0.0498529
0.0498887
0.0499196
0.0499454
0.0499663
0.0499821
0.049993
0.0499989
0.0499997
0.0499956
0.0499865
0.0499723
0.0499532
0.0499291
0.0498999
0.0498658
0.0498267
0.0497826
0.0497336
0.0496796
0.0496205
0.0495566
0.0494877
0.0494138
0.049335
0.0492513
0.0491626
0.049069
0.0489705
0.0488671
0.0487589
0.0486457
0.0485277
0.0484048
0.0482771
0.0481446
0.0480072
0.0478651
0.0477181
0.0475664
0.04741
0.0472488
0.0470828
0.0469122
0.0467369
0.0465569
0.0463722
0.0461829
0.045989
0.0457905
0.0455874
0.0453797
0.0451675
0.0449508
0.0447296
0.044504
0.0442738
0.0440393
0.0438003
0.043557
0.0433093
0.0430573
0.042801
0.0425404
0.0422755
0.0420064
0.0417331
0.0414556
0.041174
0.0408883
0.0405985
0.0403046
0.0400067
0.0397048
0.0393989
0.0390891
0.0387754
0.0384578
0.0381363
0.0378111
0.037482
0.0371492
0.0368127
0.0364726
0.0361287
0.0357813
0.0354302
0.0350757
0.0347176
0.0343561
0.0339911
0.0336227
0.0332509
0.0328759
0.0324975
0.0321159
0.0317311
0.0313431
0.030952
0.0305578
0.0301605
0.0297602
0.0293569
0.0289507
0.0285416
0.0281297
0.0277149
0.0272974
0.0268771
0.0264541
0.0260285
0.0256003
0.0251696
0.0247363
0.0243005
0.0238623
0.0234218
0.0229789
0.0225337
0.0220862
0.0216365
0.0211847
0.0207307
0.0202747
0.0198166
0.0193566
0.0188946
0.0184308
0.0179651
0.0174976
0.0170283
0.0165574
0.0160848
0.0156105
0.0151348
0.0146575
0.0141787
0.0136985
0.013217
0.0127341
0.01225
0.0117646
0.0112781
0.0107904
0.0103016
0.00981187
0.00932111
0.00882941
0.00833684
0.00784343
0.00734924
0.00685431
0.00635869
0.00586244
0.00536561
0.00486823
0.00437038
0.00387208
0.00337339
0.00287437
0.00237507
0.00187552
0.00137579
0.000875915
0.000375956
-0.00012404
-0.000624024
-0.00112395
-0.00162375
-0.0021234
-0.00262284
-0.00312201
-0.00362087
-0.00411937
-0.00461745
-0.00511508
-0.00561219
-0.00610874
-0.00660468
-0.00709996
-0.00759453
-0.00808834
-0.00858134
-0.00907349
-0.00956472
-0.010055
-0.0105443
-0.0110325
-0.0115196
-0.0120056
-0.0124903
-0.0129739
-0.0134561
-0.0139369
-0.0144164
-0.0148945
-0.015371
-0.015846
-0.0163194
-0.0167912
-0.0172614
-0.0177297
-0.0181964
-0.0186612
-0.0191241
-0.0195851
-0.0200442
-0.0205012
-0.0209562
-0.0214091
-0.0218599
-0.0223085
-0.0227548
-0.0231989
-0.0236407
-0.0240801
-0.024517
-0.0249516
-0.0253836
-0.0258131
-0.02624
-0.0266643
-0.0270859
-0.0275049
-0.027921
-0.0283344
-0.028745
-0.0291526
-0.0295574
-0.0299592
-0.030358
-0.0307537
-0.0311464
-0.031536
-0.0319224
-0.0323057
-0.0326857
-0.0330624
-0.0334358
-0.0338059
-0.0341726
-0.0345359
-0.0348957
-0.035252
-0.0356049
-0.0359541
-0.0362998
-0.0366418
-0.0369802
-0.0373148
-0.0376458
-0.0379729
-0.0382963
-0.0386159
-0.0389315
-0.0392433
-0.0395512
-0.0398551
-0.040155
-0.0404509
-0.0407428
-0.0410306
-0.0413143
-0.0415938
-0.0418692
-0.0421404
-0.0424074
-0.0426702
-0.0429287
-0.0431829
-0.0434327
-0.0436783
-0.0439194
-0.0441562
-0.0443886
-0.0446165
-0.04484
-0.0450589
-0.0452734
-0.0454833
-0.0456887
-0.0458895
-0.0460858
-0.0462774
-0.0464644
-0.0466468
-0.0468244
-0.0469974
-0.0471658
-0.0473293
-0.0474882
-0.0476423
-0.0477916
-0.0479362
-0.048076
-0.0482109
-0.0483411
-0.0484664
-0.0485869
-0.0487025
-0.0488132
-0.048919
-0.04902
-0.049116
-0.0492072
-0.0492934
-0.0493747
-0.0494511
-0.0495225
-0.0495889
-0.0496504
-0.049707
-0.0497585
-0.0498051
-0.0498467
-0.0498834
-0.049915
-0.0499417
-0.0499633
-0.04998
-0.0499916
-0.0499983
-0.0499999
-0.0499966
-0.0499882
-0.0499749
-0.0499566
-0.0499332
-0.0499049
-0.0498716
-0.0498333
-0.04979
-0.0497417
-0.0496885
-0.0496303
-0.0495671
-0.049499
-0.0494259
-0.0493479
-0.0492649
-0.049177
-0.0490842
-0.0489865
-0.0488839
-0.0487764
-0.048664
-0.0485468
-0.0484247
-0.0482978
-0.048166
-0.0480294
-0.047888
-0.0477419
-0.0475909
-0.0474352
-0.0472748
-0.0471096
-0.0469397
-0.0467651
-0.0465858
-0.0464019
-0.0462134
-0.0460202
-0.0458224
-0.04562
-0.0454131
-0.0452016
-0.0449857
-0.0447652
-0.0445402
-0.0443108
-0.0440769
-0.0438387
-0.043596
-0.043349
-0.0430977
-0.0428421
-0.0425821
-0.042318
-0.0420495
-0.0417769
-0.0415001
-0.0412192
-0.0409341
-0.0406449
-0.0403517
-0.0400544
-0.0397532
-0.0394479
-0.0391387
-0.0388256
-0.0385086
-0.0381878
-0.0378631
-0.0375347
-0.0372025
-0.0368666
-0.036527
-0.0361837
-0.0358369
-0.0354864
-0.0351324
-0.0347749
-0.0344139
-0.0340494
-0.0336816
-0.0333104
-0.0329358
-0.032558
-0.0321769
-0.0317926
-0.0314051
-0.0310145
-0.0306207
-0.030224
-0.0298241
-0.0294213
-0.0290156
-0.028607
-0.0281955
-0.0277811
-0.027364
-0.0269442
-0.0265217
-0.0260965
-0.0256687
-0.0252383
-0.0248055
-0.0243701
-0.0239323
-0.0234921
-0.0230496
-0.0226047
-0.0221576
-0.0217083
-0.0212568
-0.0208032
-0.0203475
-0.0198897
-0.01943
-0.0189683
-0.0185048
-0.0180394
-0.0175721
-0.0171032
-0.0166325
-0.0161601
-0.0156862
-0.0152106
-0.0147336
-0.0142551
-0.0137751
-0.0132938
-0.0128111
-0.0123272
-0.011842
-0.0113556
-0.0108681
-0.0103796
-0.00988994
-0.00939933
-0.00890778
-0.00841535
-0.00792207
-0.00742799
-0.00693318
-0.00643767
-0.00594152
-0.00544477
-0.00494748
-0.0044497
-0.00395147
-0.00345284
-0.00295387
-0.00245461
-0.00195509
-0.00145539
-0.000955534
-0.000455586
4.44078e-05
0.000544397
0.00104433
0.00154416
0.00204384
0.00254331
0.00304253
0.00354144
0.00404
0.00453815
0.00503585
0.00553305
0.0060297
0.00652574
0.00702113
0.00751581
0.00800975
0.00850288
0.00899517
0.00948655
0.00997699
0.0104664
0.0109548
0.0114421
0.0119283
0.0124132
0.0128969
0.0133794
0.0138605
0.0143402
0.0148184
0.0152952
0.0157705
0.0162442
0.0167162
0.0171866
0.0176553
0.0181222
0.0185873
0.0190505
0.0195118
0.0199712
0.0204286
0.0208839
0.0213371
0.0217883
0.0222372
0.0226839
0.0231283
0.0235705
0.0240102
0.0244476
0.0248825
0.025315
0.0257449
0.0261722
0.0265969
0.027019
0.0274383
0.0278549
0.0282688
0.0286798
0.0290879
0.0294931
0.0298954
0.0302947
0.0306909
0.0310841
0.0314742
0.0318611
0.0322448
0.0326254
0.0330026
0.0333766
0.0337472
0.0341144
0.0344782
0.0348386
0.0351955
0.0355489
0.0358987
0.036245
0.0365876
0.0369265
0.0372618
0.0375933
0.0379211
0.0382451
0.0385652
0.0388815
0.0391939
0.0395024
0.039807
0.0401075
0.0404041
0.0406966
0.040985
0.0412694
0.0415496
0.0418256
0.0420975
0.0423652
0.0426286
0.0428878
0.0431427
0.0433932
0.0436395
0.0438813
0.0441188
0.0443519
0.0445805
0.0448047
0.0450244
0.0452395
0.0454502
0.0456563
0.0458579
0.0460548
0.0462472
0.0464349
0.046618
0.0467965
0.0469702
0.0471393
0.0473036
0.0474632
0.0476181
0.0477682
0.0479135
0.048054
0.0481898
0.0483207
0.0484468
0.048568
0.0486844
0.0487959
0.0489025
0.0490042
0.0491011
0.049193
0.04928
0.0493621
0.0494392
0.0495114
0.0495787
0.049641
0.0496983
0.0497507
0.049798
0.0498405
0.0498779
0.0499103
0.0499377
0.0499602
0.0499776
0.0499901
0.0499975
0.05
0.0499975
0.0499899
0.0499774
0.0499598
0.0499373
0.0499098
0.0498772
0.0498397
0.0497972
0.0497497
0.0496973
0.0496399
0.0495775
0.0495102
0.0494379
0.0493606
0.0492785
0.0491914
0.0490993
0.0490024
0.0489006
0.0487939
0.0486823
0.0485658
0.0484445
0.0483183
0.0481873
0.0480515
0.0479109
0.0477655
0.0476153
0.0474603
0.0473006
0.0471362
0.0469671
0.0467932
0.0466147
0.0464315
0.0462437
0.0460513
0.0458542
0.0456526
0.0454464
0.0452356
0.0450204
0.0448006
0.0445763
0.0443476
0.0441145
0.0438769
0.043635
0.0433887
0.043138
0.0428831
0.0426238
0.0423603
0.0420926
0.0418206
0.0415445
0.0412642
0.0409798
0.0406913
0.0403987
0.040102
0.0398014
0.0394968
0.0391882
0.0388757
0.0385594
0.0382392
0.0379151
0.0375873
0.0372557
0.0369203
0.0365813
0.0362386
0.0358923
0.0355424
0.035189
0.034832
0.0344716
0.0341077
0.0337404
0.0333697
0.0329957
0.0326184
0.0322378
0.031854
0.031467
0.0310769
0.0306837
0.0302874
0.029888
0.0294857
0.0290804
0.0286722
0.0282612
0.0278473
0.0274307
0.0270113
0.0265891
0.0261644
0.025737
0.0253071
0.0248746
0.0244396
0.0240022
0.0235624
0.0231202
0.0226757
0.022229
0.02178
0.0213288
0.0208756
0.0204202
0.0199628
0.0195034
0.019042
0.0185787
0.0181136
0.0176467
0.017178
0.0167076
0.0162355
0.0157618
0.0152865
0.0148097
0.0143314
0.0138516
0.0133705
0.0128881
0.0124043
0.0119193
0.0114332
0.0109459
0.0104574
0.00996799
0.00947753
0.00898613
0.00849383
0.00800068
0.00750673
0.00701203
0.00651663
0.00602058
0.00552393
0.00502672
0.00452901
0.00403085
0.00353228
0.00303336
0.00253414
0.00203466
0.00153498
0.00103515
0.000535215
3.52248e-05
-0.000464768
-0.000964715
-0.00146457
-0.00196427
-0.00246378
-0.00296304
-0.003462
-0.00396062
-0.00445884
-0.00495662
-0.0054539
-0.00595064
-0.00644678
-0.00694227
-0.00743708
-0.00793113
-0.0084244
-0.00891682
-0.00940835
-0.00989894
-0.0103885
-0.0108771
-0.0113646
-0.0118509
-0.0123361
-0.01282
-0.0133026
-0.0137839
-0.0142639
-0.0147424
-0.0152194
-0.0156949
-0.0161688
-0.0166411
-0.0171118
-0.0175807
-0.0180479
-0.0185133
-0.0189768
-0.0194385
-0.0198982
-0.0203559
-0.0208115
-0.0212651
-0.0217166
-0.0221658
-0.0226129
-0.0230577
-0.0235002
-0.0239404
-0.0243781
-0.0248134
-0.0252463
-0.0256766
-0.0261043
-0.0265295
-0.0269519
-0.0273717
-0.0277888
-0.028203
-0.0286145
-0.0290231
-0.0294288
-0.0298315
-0.0302313
-0.030628
-0.0310217
-0.0314123
-0.0317997
-0.0321839
-0.032565
-0.0329427
-0.0333172
-0.0336884
-0.0340562
-0.0344205
-0.0347815
-0.0351389
-0.0354929
-0.0358433
-0.0361901
-0.0365333
-0.0368728
-0.0372086
-0.0375408
-0.0378691
-0.0381937
-0.0385145
-0.0388314
-0.0391444
-0.0394536
-0.0397587
-0.0400599
-0.0403571
-0.0406503
-0.0409394
-0.0412244
-0.0415052
-0.041782
-0.0420545
-0.0423228
-0.042587
-0.0428468
-0.0431024
-0.0433536
-0.0436005
-0.0438431
-0.0440813
-0.044315
-0.0445444
-0.0447693
-0.0449897
-0.0452056
-0.045417
-0.0456238
-0.0458261
-0.0460238
-0.0462169
-0.0464053
-0.0465892
-0.0467684
-0.0469429
-0.0471127
-0.0472777
-0.0474381
-0.0475937
-0.0477446
-0.0478907
-0.048032
-0.0481685
-0.0483002
-0.048427
-0.048549
-0.0486662
-0.0487784
-0.0488858
-0.0489884
-0.049086
-0.0491787
-0.0492665
-0.0493494
-0.0494273
-0.0495003
-0.0495683
-0.0496314
-0.0496895
-0.0497427
-0.0497908
-0.049834
-0.0498722
-0.0499055
-0.0499337
-0.0499569
-0.0499752
-0.0499884
-0.0499967
-0.0499999
-0.0499982
-0.0499914
-0.0499797
-0.0499629
-0.0499412
-0.0499145
-0.0498827
-0.049846
-0.0498043
-0.0497576
-0.049706
-0.0496494
-0.0495878
-0.0495212
-0.0494497
-0.0493733
-0.0492919
-0.0492056
-0.0491143
-0.0490182
-0.0489171
-0.0488112
-0.0487004
-0.0485847
-0.0484641
-0.0483387
-0.0482085
-0.0480735
-0.0479336
-0.0477889
-0.0476395
-0.0474853
-0.0473264
-0.0471627
-0.0469943
-0.0468212
-0.0466435
-0.046461
-0.0462739
-0.0460822
-0.0458859
-0.045685
-0.0454795
-0.0452695
-0.0450549
-0.0448359
-0.0446123
-0.0443843
-0.0441519
-0.0439151
-0.0436738
-0.0434282
-0.0431782
-0.042924
-0.0426654
-0.0424026
-0.0421355
-0.0418642
-0.0415887
-0.0413091
-0.0410253
-0.0407375
-0.0404455
-0.0401496
-0.0398496
-0.0395456
-0.0392376
-0.0389258
-0.03861
-0.0382904
-0.037967
-0.0376397
-0.0373087
-0.036974
-0.0366356
-0.0362935
-0.0359477
-0.0355984
-0.0352455
-0.0348891
-0.0345292
-0.0341659
-0.0337991
-0.033429
-0.0330555
-0.0326787
-0.0322986
-0.0319154
-0.0315289
-0.0311392
-0.0307465
-0.0303507
-0.0299518
-0.02955
-0.0291452
-0.0287374
-0.0283268
-0.0279134
-0.0274972
-0.0270782
-0.0266566
-0.0262322
-0.0258052
-0.0253757
-0.0249436
-0.024509
-0.024072
-0.0236326
-0.0231908
-0.0227467
-0.0223003
-0.0218516
-0.0214008
-0.0209479
-0.0204928
-0.0200358
-0.0195767
-0.0191156
-0.0186526
-0.0181878
-0.0177212
-0.0172527
-0.0167826
-0.0163108
-0.0158373
-0.0153623
-0.0148857
-0.0144076
-0.0139281
-0.0134472
-0.012965
-0.0124815
-0.0119967
-0.0115107
-0.0110235
-0.0105353
-0.010046
-0.00955571
-0.00906446
-0.0085723
-0.00807928
-0.00758545
-0.00709087
-0.00659558
-0.00609963
-0.00560306
-0.00510594
-0.00460831
-0.00411021
-0.00361171
-0.00311284
-0.00261367
-0.00211423
-0.00161458
-0.00111477
-0.000614842
-0.000114857
0.000385139
0.000885096
0.00138497
0.0018847
0.00238424
0.00288354
0.00338256
0.00388123
0.00437952
0.00487737
0.00537474
0.00587156
0.0063678
0.0068634
0.00735832
0.0078525
0.00834589
0.00883845
0.00933013
0.00982087
0.0103106
0.0107994
0.011287
0.0117735
0.0122589
0.012743
0.0132258
0.0137074
0.0141875
0.0146662
0.0151435
0.0156193
0.0160934
0.016566
0.017037
0.0175062
0.0179736
0.0184393
0.0189031
0.0193651
0.0198251
0.0202831
0.0207391
0.021193
0.0216448
0.0220944
0.0225419
0.022987
0.0234299
0.0238704
0.0243086
0.0247443
0.0251775
0.0256082
0.0260364
0.0264619
0.0268848
0.0273051
0.0277225
0.0281373
0.0285492
0.0289582
0.0293644
0.0297676
0.0301678
0.030565
0.0309592
0.0313503
0.0317382
0.032123
0.0325045
0.0328828
0.0332578
0.0336295
0.0339978
0.0343627
0.0347242
0.0350822
0.0354367
0.0357877
0.0361351
0.0364788
0.036819
0.0371554
0.0374881
0.0378171
0.0381423
0.0384637
0.0387812
0.0390948
0.0394046
0.0397104
0.0400122
0.0403101
0.0406039
0.0408936
0.0411792
0.0414608
0.0417382
0.0420114
0.0422804
0.0425452
0.0428057
0.043062
0.0433139
0.0435615
0.0438048
0.0440436
0.0442781
0.0445082
0.0447337
0.0449549
0.0451715
0.0453836
0.0455912
0.0457942
0.0459926
0.0461864
0.0463756
0.0465602
0.0467401
0.0469154
0.0470859
0.0472518
0.0474129
0.0475693
0.0477209
0.0478677
0.0480098
0.0481471
0.0482795
0.0484071
0.0485299
0.0486478
0.0487609
0.0488691
0.0489724
0.0490708
0.0491643
0.0492528
0.0493365
0.0494152
0.049489
0.0495578
0.0496217
0.0496806
0.0497345
0.0497835
0.0498275
0.0498665
0.0499005
0.0499295
0.0499536
0.0499726
0.0499867
0.0499957
0.0499998
0.0499988
0.0499929
0.0499819
0.049966
0.049945
0.0499191
0.0498881
0.0498522
0.0498113
0.0497654
0.0497145
0.0496587
0.0495979
0.0495321
0.0494614
0.0493858
0.0493052
0.0492196
0.0491292
0.0490338
0.0489336
0.0488284
0.0487183
0.0486034
0.0484837
0.048359
0.0482296
0.0480953
0.0479562
0.0478123
0.0476636
0.0475102
0.047352
0.0471891
0.0470214
0.0468491
0.0466721
0.0464904
0.046304
0.0461131
0.0459175
0.0457173
0.0455125
0.0453032
0.0450894
0.0448711
0.0446483
0.044421
0.0441892
0.0439531
0.0437125
0.0434676
0.0432183
0.0429648
0.0427069
0.0424447
0.0421783
0.0419077
0.0416329
0.0413539
0.0410708
0.0407836
0.0404923
0.040197
0.0398976
0.0395943
0.0392869
0.0389757
0.0386606
0.0383416
0.0380187
0.0376921
0.0373617
0.0370275
0.0366897
0.0363482
0.036003
0.0356543
0.035302
0.0349461
0.0345868
0.034224
0.0338578
0.0334882
0.0331152
0.0327389
0.0323594
0.0319766
0.0315906
0.0312015
0.0308093
0.0304139
0.0300155
0.0296142
0.0292098
0.0288026
0.0283924
0.0279795
0.0275637
0.0271451
0.0267239
0.0263
0.0258734
0.0254443
0.0250126
0.0245784
0.0241418
0.0237027
0.0232613
0.0228175
0.0223715
0.0219232
0.0214728
0.0210202
0.0205655
0.0201087
0.0196499
0.0191892
0.0187265
0.018262
0.0177956
0.0173275
0.0168576
0.016386
0.0159128
0.015438
0.0149617
0.0144839
0.0140046
0.0135239
0.0130419
0.0125585
0.012074
0.0115882
0.0111012
0.0106131
0.010124
0.00963386
0.00914276
0.00865074
0.00815786
0.00766416
0.00716969
0.00667451
0.00617866
0.00568219
0.00518515
0.0046876
0.00418957
0.00369113
0.00319232
0.00269319
0.00219379
0.00169417
0.00119438
0.000694468
0.00019449
-0.000305508
-0.000805475
-0.00130536
-0.00180512
-0.00230469
-0.00280404
-0.0033031
-0.00380184
-0.00430019
-0.00479812
-0.00529556
-0.00579247
-0.00628881
-0.00678452
-0.00727954
-0.00777384
-0.00826737
-0.00876006
-0.00925188
-0.00974278
-0.0102327
-0.0107216
-0.0112094
-0.0116961
-0.0121817
-0.012666
-0.013149
-0.0136308
-0.0141111
-0.0145901
-0.0150676
-0.0155436
-0.016018
-0.0164909
-0.0169621
-0.0174316
-0.0178993
-0.0183653
-0.0188294
-0.0192916
-0.0197519
-0.0202103
-0.0206666
-0.0211208
-0.021573
-0.022023
-0.0224707
-0.0229163
-0.0233595
-0.0238004
-0.0242389
-0.024675
-0.0251087
-0.0255398
-0.0259684
-0.0263943
-0.0268177
-0.0272383
-0.0276562
-0.0280714
-0.0284837
-0.0288932
-0.0292999
-0.0297035
-0.0301043
-0.030502
-0.0308966
-0.0312882
-0.0316766
-0.0320619
-0.0324439
-0.0328228
-0.0331983
-0.0335705
-0.0339394
-0.0343048
-0.0346669
-0.0350254
-0.0353805
-0.035732
-0.03608
-0.0364243
-0.036765
-0.0371021
-0.0374354
-0.0377649
-0.0380907
-0.0384127
-0.0387309
-0.0390452
-0.0393555
-0.039662
-0.0399644
-0.0402629
-0.0405573
-0.0408477
-0.041134
-0.0414162
-0.0416943
-0.0419681
-0.0422378
-0.0425033
-0.0427645
-0.0430214
-0.0432741
-0.0435224
-0.0437663
-0.0440059
-0.0442411
-0.0444718
-0.0446981
-0.0449199
-0.0451373
-0.0453501
-0.0455584
-0.0457621
-0.0459613
-0.0461559
-0.0463458
-0.0465311
-0.0467118
-0.0468878
-0.0470591
-0.0472257
-0.0473875
-0.0475447
-0.0476971
-0.0478447
-0.0479875
-0.0481255
-0.0482587
-0.0483871
-0.0485107
-0.0486294
-0.0487432
-0.0488522
-0.0489562
-0.0490554
-0.0491497
-0.0492391
-0.0493235
-0.049403
-0.0494776
-0.0495472
-0.0496118
-0.0496715
-0.0497263
-0.049776
-0.0498208
-0.0498606
-0.0498954
-0.0499253
-0.0499501
-0.0499699
-0.0499848
-0.0499946
-0.0499995
-0.0499993
-0.0499941
-0.049984
-0.0499688
-0.0499487
-0.0499235
-0.0498934
-0.0498583
-0.0498181
-0.0497731
-0.049723
-0.0496679
-0.0496079
-0.049543
-0.049473
-0.0493982
-0.0493183
-0.0492336
-0.0491439
-0.0490493
-0.0489499
-0.0488455
-0.0487362
-0.0486221
-0.0485031
-0.0483792
-0.0482505
-0.048117
-0.0479787
-0.0478355
-0.0476876
-0.047535
-0.0473775
-0.0472154
-0.0470485
-0.0468769
-0.0467006
-0.0465196
-0.046334
-0.0461438
-0.0459489
-0.0457495
-0.0455455
-0.0453369
-0.0451238
-0.0449062
-0.044684
-0.0444575
-0.0442264
-0.043991
-0.0437511
-0.0435069
-0.0432583
-0.0430054
-0.0427482
-0.0424868
-0.042221
-0.0419511
-0.0416769
-0.0413986
-0.0411162
-0.0408296
-0.040539
-0.0402443
-0.0399456
-0.0396428
-0.0393362
-0.0390255
-0.038711
-0.0383926
-0.0380704
-0.0377444
-0.0374146
-0.037081
-0.0367438
-0.0364028
-0.0360582
-0.0357101
-0.0353583
-0.035003
-0.0346442
-0.034282
-0.0339163
-0.0335472
-0.0331748
-0.0327991
-0.0324201
-0.0320378
-0.0316523
-0.0312637
-0.0308719
-0.0304771
-0.0300792
-0.0296783
-0.0292744
-0.0288676
-0.0284579
-0.0280454
-0.0276301
-0.027212
-0.0267912
-0.0263677
-0.0259415
-0.0255128
-0.0250815
-0.0246477
-0.0242115
-0.0237728
-0.0233318
-0.0228884
-0.0224427
-0.0219948
-0.0215447
-0.0210924
-0.020638
-0.0201816
-0.0197231
-0.0192627
-0.0188003
-0.0183361
-0.01787
-0.0174021
-0.0169325
-0.0164612
-0.0159883
-0.0155138
-0.0150377
-0.0145601
-0.014081
-0.0136006
