0
0.000576923
0.00115385
0.00173077
0.00230768
0.0028846
0.00346151
0.00403842
0.00461532
0.00519221
0.0057691
0.00634598
0.00692286
0.00749972
0.00807657
0.00865341
0.00923024
0.00980706
0.0103839
0.0109607
0.0115374
0.0121142
0.0126909
0.0132677
0.0138444
0.0144211
0.0149978
0.0155744
0.016151
0.0167276
0.0173042
0.0178808
0.0184573
0.0190339
0.0196104
0.0201868
0.0207633
0.0213397
0.0219161
0.0224924
0.0230687
0.023645
0.0242213
0.0247975
0.0253737
0.0259499
0.026526
0.0271021
0.0276782
0.0282542
0.0288302
0.0294061
0.029982
0.0305579
0.0311337
0.0317095
0.0322852
0.0328609
0.0334366
0.0340122
0.0345877
0.0351633
0.0357387
0.0363142
0.0368895
0.0374649
0.0380401
0.0386154
0.0391905
0.0397657
0.0403407
0.0409157
0.0414907
0.0420656
0.0426405
0.0432152
0.04379
0.0443647
0.0449393
0.0455138
0.0460883
0.0466628
0.0472371
0.0478115
0.0483857
0.0489599
0.049534
0.0501081
0.050682
0.051256
0.0518298
0.0524036
0.0529773
0.0535509
0.0541245
0.054698
0.0552714
0.0558448
0.0564181
0.0569913
0.0575644
0.0581374
0.0587104
0.0592833
0.0598561
0.0604288
0.0610015
0.0615741
0.0621466
0.062719
0.0632913
0.0638635
0.0644357
0.0650078
0.0655797
0.0661516
0.0667234
0.0672952
0.0678668
0.0684383
0.0690098
0.0695811
0.0701524
0.0707236
0.0712946
0.0718656
0.0724365
0.0730073
0.073578
0.0741486
0.0747191
0.0752895
0.0758598
0.0764299
0.077
0.07757
0.0781399
0.0787097
0.0792794
0.0798489
0.0804184
0.0809878
0.081557
0.0821262
0.0826952
0.0832641
0.0838329
0.0844016
0.0849702
0.0855387
0.0861071
0.0866753
0.0872434
0.0878114
0.0883793
0.0889471
0.0895148
0.0900823
0.0906498
0.0912171
0.0917842
0.0923513
0.0929182
0.093485
0.0940517
0.0946183
0.0951847
0.095751
0.0963172
0.0968833
0.0974492
0.098015
0.0985807
0.0991462
0.0997116
0.100277
0.100842
0.101407
0.101972
0.102537
0.103101
0.103666
0.10423
0.104794
0.105358
0.105922
0.106486
0.107049
0.107613
0.108176
0.108739
0.109302
0.109865
0.110428
0.110991
0.111553
0.112115
0.112678
0.11324
0.113802
0.114363
0.114925
0.115486
0.116047
0.116609
0.117169
0.11773
0.118291
0.118851
0.119412
0.119972
0.120532
0.121092
0.121651
0.122211
0.12277
0.123329
0.123888
0.124447
0.125006
0.125564
0.126123
0.126681
0.127239
0.127797
0.128354
0.128912
0.129469
0.130026
0.130583
0.13114
0.131697
0.132253
0.13281
0.133366
0.133922
0.134477
0.135033
0.135588
0.136144
0.136699
0.137253
0.137808
0.138363
0.138917
0.139471
0.140025
0.140579
0.141132
0.141686
0.142239
0.142792
0.143345
0.143897
0.14445
0.145002
0.145554
0.146106
0.146657
0.147209
0.14776
0.148311
0.148862
0.149413
0.149963
0.150513
0.151063
0.151613
0.152163
0.152712
0.153262
0.153811
0.15436
0.154908
0.155457
0.156005
0.156553
0.157101
0.157648
0.158196
0.158743
0.15929
0.159837
0.160383
0.160929
0.161476
0.162022
0.162567
0.163113
0.163658
0.164203
0.164748
0.165292
0.165837
0.166381
0.166925
0.167469
0.168012
0.168555
0.169098
0.169641
0.170184
0.170726
0.171268
0.17181
0.172352
0.172893
0.173434
0.173975
0.174516
0.175057
0.175597
0.176137
0.176677
0.177217
0.177756
0.178295
0.178834
0.179373
0.179911
0.180449
0.180987
0.181525
0.182062
0.182599
0.183136
0.183673
0.184209
0.184746
0.185282
0.185817
0.186353
0.186888
0.187423
0.187958
0.188492
0.189026
0.18956
0.190094
0.190628
0.191161
0.191694
0.192227
0.192759
0.193291
0.193823
0.194355
0.194886
0.195417
0.195948
0.196479
0.197009
0.19754
0.198069
0.198599
0.199128
0.199657
0.200186
0.200715
0.201243
0.201771
0.202299
0.202826
0.203353
0.20388
0.204407
0.204933
0.205459
0.205985
0.206511
0.207036
0.207561
0.208086
0.20861
0.209134
0.209658
0.210182
0.210705
0.211228
0.211751
0.212274
0.212796
0.213318
0.213839
0.214361
0.214882
0.215403
0.215923
0.216443
0.216963
0.217483
0.218002
0.218521
0.21904
0.219558
0.220077
0.220594
0.221112
0.221629
0.222146
0.222663
0.223179
0.223696
0.224211
0.224727
0.225242
0.225757
0.226272
0.226786
0.2273
0.227814
0.228327
0.22884
0.229353
0.229866
0.230378
0.23089
0.231401
0.231912
0.232423
0.232934
0.233444
0.233954
0.234464
0.234974
0.235483
0.235991
0.2365
0.237008
0.237516
0.238023
0.238531
0.239037
0.239544
0.24005
0.240556
0.241062
0.241567
0.242072
0.242577
0.243081
0.243585
0.244089
0.244592
0.245095
0.245598
0.2461
0.246602
0.247104
0.247605
0.248106
0.248607
0.249107
0.249607
0.250107
0.250607
0.251106
0.251604
0.252103
0.252601
0.253098
0.253596
0.254093
0.25459
0.255086
0.255582
0.256078
0.256573
0.257068
0.257563
0.258057
0.258551
0.259045
0.259538
0.260031
0.260523
0.261016
0.261508
0.261999
0.26249
0.262981
0.263472
0.263962
0.264452
0.264941
0.26543
0.265919
0.266407
0.266895
0.267383
0.26787
0.268357
0.268844
0.26933
0.269816
0.270302
0.270787
0.271272
0.271756
0.27224
0.272724
0.273207
0.27369
0.274173
0.274655
0.275137
0.275619
0.2761
0.27658
0.277061
0.277541
0.278021
0.2785
0.278979
0.279458
0.279936
0.280414
0.280891
0.281368
0.281845
0.282321
0.282797
0.283273
0.283748
0.284223
0.284697
0.285171
0.285645
0.286118
0.286591
0.287064
0.287536
0.288008
0.288479
0.28895
0.289421
0.289891
0.290361
0.290831
0.2913
0.291768
0.292237
0.292705
0.293172
0.293639
0.294106
0.294572
0.295038
0.295504
0.295969
0.296434
0.296898
0.297362
0.297826
0.298289
0.298752
0.299214
0.299676
0.300138
0.300599
0.30106
0.30152
0.30198
0.30244
0.302899
0.303358
0.303817
0.304275
0.304732
0.305189
0.305646
0.306102
0.306558
0.307014
0.307469
0.307924
0.308378
0.308832
0.309286
0.309739
0.310191
0.310644
0.311096
0.311547
0.311998
0.312449
0.312899
0.313349
0.313798
0.314247
0.314695
0.315144
0.315591
0.316039
0.316485
0.316932
0.317378
0.317823
0.318269
0.318713
0.319158
0.319602
0.320045
0.320488
0.320931
0.321373
0.321815
0.322256
0.322697
0.323137
0.323577
0.324017
0.324456
0.324895
0.325333
0.325771
0.326208
0.326645
0.327082
0.327518
0.327954
0.328389
0.328824
0.329258
0.329692
0.330126
0.330559
0.330992
0.331424
0.331856
0.332287
0.332718
0.333148
0.333578
0.334008
0.334437
0.334865
0.335294
0.335721
0.336149
0.336576
0.337002
0.337428
0.337853
0.338278
0.338703
0.339127
0.339551
0.339974
0.340397
0.340819
0.341241
0.341663
0.342084
0.342504
0.342924
0.343344
0.343763
0.344182
0.3446
0.345018
0.345435
0.345852
0.346268
0.346684
0.3471
0.347515
0.34793
0.348344
0.348757
0.34917
0.349583
0.349995
0.350407
0.350818
0.351229
0.35164
0.35205
0.352459
0.352868
0.353277
0.353685
0.354092
0.354499
0.354906
0.355312
0.355718
0.356123
0.356528
0.356932
0.357336
0.357739
0.358142
0.358544
0.358946
0.359347
0.359748
0.360149
0.360549
0.360948
0.361347
0.361746
0.362144
0.362541
0.362938
0.363335
0.363731
0.364126
0.364522
0.364916
0.36531
0.365704
0.366097
0.36649
0.366882
0.367274
0.367665
0.368056
0.368446
0.368836
0.369225
0.369614
0.370002
0.37039
0.370777
0.371164
0.37155
0.371936
0.372322
0.372706
0.373091
0.373475
0.373858
0.374241
0.374623
0.375005
0.375386
0.375767
0.376147
0.376527
0.376907
0.377285
0.377664
0.378042
0.378419
0.378796
0.379172
0.379548
0.379923
0.380298
0.380672
0.381046
0.381419
0.381792
0.382164
0.382536
0.382907
0.383278
0.383648
0.384018
0.384387
0.384756
0.385124
0.385492
0.385859
0.386226
0.386592
0.386957
0.387323
0.387687
0.388051
0.388415
0.388778
0.38914
0.389502
0.389864
0.390225
0.390585
0.390945
0.391305
0.391663
0.392022
0.39238
0.392737
0.393094
0.39345
0.393806
0.394161
0.394516
0.39487
0.395224
0.395577
0.395929
0.396281
0.396633
0.396984
0.397334
0.397684
0.398034
0.398383
0.398731
0.399079
0.399426
0.399773
0.400119
0.400465
0.40081
0.401155
0.401499
0.401842
0.402185
0.402528
0.40287
0.403211
0.403552
0.403892
0.404232
0.404572
0.40491
0.405248
0.405586
0.405923
0.40626
0.406596
0.406931
0.407266
0.407601
0.407935
0.408268
0.408601
0.408933
0.409265
0.409596
0.409926
0.410256
0.410586
0.410915
0.411243
0.411571
0.411899
0.412225
0.412552
0.412877
0.413202
0.413527
0.413851
0.414174
0.414497
0.41482
0.415142
0.415463
0.415784
0.416104
0.416423
0.416742
0.417061
0.417379
0.417696
0.418013
0.418329
0.418645
0.41896
0.419275
0.419589
0.419902
0.420215
0.420528
0.420839
0.421151
0.421461
0.421771
0.422081
0.42239
0.422698
0.423006
0.423314
0.42362
0.423927
0.424232
0.424537
0.424842
0.425146
0.425449
0.425752
0.426054
0.426356
0.426657
0.426957
0.427257
0.427557
0.427855
0.428154
0.428451
0.428748
0.429045
0.429341
0.429636
0.429931
0.430225
0.430519
0.430812
0.431105
0.431397
0.431688
0.431979
0.432269
0.432559
0.432848
0.433136
0.433424
0.433712
0.433998
0.434285
0.43457
0.434855
0.43514
0.435424
0.435707
0.43599
0.436272
0.436553
0.436834
0.437115
0.437394
0.437674
0.437952
0.43823
0.438508
0.438785
0.439061
0.439337
0.439612
0.439887
0.440161
0.440434
0.440707
0.440979
0.441251
0.441522
0.441792
0.442062
0.442331
0.4426
0.442868
0.443135
0.443402
0.443669
0.443934
0.4442
0.444464
0.444728
0.444991
0.445254
0.445516
0.445778
0.446039
0.446299
0.446559
0.446818
0.447077
0.447335
0.447593
0.447849
0.448106
0.448361
0.448616
0.448871
0.449125
0.449378
0.44963
0.449883
0.450134
0.450385
0.450635
0.450885
0.451134
0.451382
0.45163
0.451877
0.452124
0.45237
0.452616
0.45286
0.453105
0.453348
0.453591
0.453834
0.454076
0.454317
0.454557
0.454797
0.455037
0.455276
0.455514
0.455751
0.455988
0.456225
0.45646
0.456696
0.45693
0.457164
0.457397
0.45763
0.457862
0.458094
0.458325
0.458555
0.458785
0.459014
0.459242
0.45947
0.459697
0.459924
0.46015
0.460375
0.4606
0.460824
0.461048
0.461271
0.461493
0.461715
0.461936
0.462156
0.462376
0.462595
0.462814
0.463032
0.46325
0.463466
0.463682
0.463898
0.464113
0.464327
0.464541
0.464754
0.464967
0.465178
0.46539
0.4656
0.46581
0.46602
0.466228
0.466436
0.466644
0.466851
0.467057
0.467263
0.467468
0.467672
0.467876
0.468079
0.468282
0.468483
0.468685
0.468885
0.469085
0.469285
0.469484
0.469682
0.469879
0.470076
0.470272
0.470468
0.470663
0.470857
0.471051
0.471244
0.471437
0.471629
0.47182
0.472011
0.472201
0.47239
0.472579
0.472767
0.472954
0.473141
0.473328
0.473513
0.473698
0.473882
0.474066
0.474249
0.474432
0.474613
0.474795
0.474975
0.475155
0.475334
0.475513
0.475691
0.475868
0.476045
0.476221
0.476397
0.476572
0.476746
0.476919
0.477092
0.477265
0.477436
0.477607
0.477778
0.477948
0.478117
0.478285
0.478453
0.47862
0.478787
0.478953
0.479118
0.479283
0.479447
0.47961
0.479773
0.479935
0.480096
0.480257
0.480418
0.480577
0.480736
0.480894
0.481052
0.481209
0.481365
0.481521
0.481676
0.48183
0.481984
0.482137
0.48229
0.482442
0.482593
0.482744
0.482894
0.483043
0.483192
0.48334
0.483487
0.483634
0.48378
0.483925
0.48407
0.484214
0.484358
0.4845
0.484643
0.484784
0.484925
0.485065
0.485205
0.485344
0.485482
0.48562
0.485757
0.485893
0.486029
0.486164
0.486299
0.486433
0.486566
0.486698
0.48683
0.486961
0.487092
0.487222
0.487351
0.48748
0.487608
0.487735
0.487862
0.487988
0.488113
0.488238
0.488362
0.488485
0.488608
0.48873
0.488852
0.488973
0.489093
0.489212
0.489331
0.489449
0.489567
0.489684
0.4898
0.489916
0.490031
0.490145
0.490259
0.490372
0.490484
0.490596
0.490707
0.490817
0.490927
0.491036
0.491144
0.491252
0.491359
0.491466
0.491571
0.491677
0.491781
0.491885
0.491988
0.492091
0.492193
0.492294
0.492394
0.492494
0.492594
0.492692
0.49279
0.492887
0.492984
0.49308
0.493175
0.49327
0.493364
0.493457
0.49355
0.493642
0.493733
0.493824
0.493914
0.494004
0.494092
0.494181
0.494268
0.494355
0.494441
0.494526
0.494611
0.494695
0.494779
0.494862
0.494944
0.495025
0.495106
0.495186
0.495266
0.495345
0.495423
0.4955
0.495577
0.495654
0.495729
0.495804
0.495878
0.495952
0.496025
0.496097
0.496169
0.49624
0.49631
0.49638
0.496449
0.496517
0.496585
0.496652
0.496718
0.496784
0.496849
0.496913
0.496977
0.49704
0.497102
0.497164
0.497225
0.497285
0.497345
0.497404
0.497462
0.49752
0.497577
0.497633
0.497689
0.497744
0.497799
0.497852
0.497905
0.497958
0.49801
0.498061
0.498111
0.498161
0.49821
0.498258
0.498306
0.498353
0.4984
0.498446
0.498491
0.498535
0.498579
0.498622
0.498665
0.498706
0.498747
0.498788
0.498828
0.498867
0.498905
0.498943
0.49898
0.499017
0.499053
0.499088
0.499122
0.499156
0.499189
0.499222
0.499254
0.499285
0.499315
0.499345
0.499374
0.499403
0.499431
0.499458
0.499485
0.49951
0.499536
0.49956
0.499584
0.499607
0.49963
0.499652
0.499673
0.499693
0.499713
0.499732
0.499751
0.499769
0.499786
0.499803
0.499818
0.499834
0.499848
0.499862
0.499875
0.499888
0.4999
0.499911
0.499922
0.499931
0.499941
0.499949
0.499957
0.499964
0.499971
0.499977
0.499982
0.499987
0.49999
0.499994
0.499996
0.499998
0.499999
0.5
0.5
0.499999
0.499998
0.499996
0.499993
0.499989
0.499985
0.499981
0.499975
0.499969
0.499962
0.499955
0.499947
0.499938
0.499929
0.499919
0.499908
0.499896
0.499884
0.499872
0.499858
0.499844
0.499829
0.499814
0.499798
0.499781
0.499764
0.499746
0.499727
0.499708
0.499687
0.499667
0.499645
0.499623
0.499601
0.499577
0.499553
0.499528
0.499503
0.499477
0.49945
0.499423
0.499395
0.499366
0.499337
0.499307
0.499276
0.499245
0.499213
0.49918
0.499147
0.499113
0.499078
0.499043
0.499007
0.49897
0.498932
0.498894
0.498856
0.498816
0.498776
0.498736
0.498694
0.498652
0.49861
0.498566
0.498522
0.498478
0.498433
0.498387
0.49834
0.498293
0.498245
0.498196
0.498147
0.498097
0.498046
0.497995
0.497943
0.49789
0.497837
0.497783
0.497728
0.497673
0.497617
0.497561
0.497503
0.497446
0.497387
0.497328
0.497268
0.497207
0.497146
0.497084
0.497022
0.496958
0.496895
0.49683
0.496765
0.496699
0.496632
0.496565
0.496497
0.496429
0.49636
0.49629
0.496219
0.496148
0.496077
0.496004
0.495931
0.495857
0.495783
0.495708
0.495632
0.495555
0.495478
0.495401
0.495322
0.495243
0.495163
0.495083
0.495002
0.49492
0.494838
0.494755
0.494671
0.494587
0.494502
0.494416
0.49433
0.494243
0.494155
0.494067
0.493978
0.493889
0.493798
0.493707
0.493616
0.493524
0.493431
0.493337
0.493243
0.493148
0.493053
0.492956
0.49286
0.492762
0.492664
0.492565
0.492466
0.492366
0.492265
0.492163
0.492061
0.491959
0.491855
0.491751
0.491647
0.491541
0.491435
0.491329
0.491221
0.491113
0.491005
0.490895
0.490785
0.490675
0.490564
0.490452
0.490339
0.490226
0.490112
0.489998
0.489883
0.489767
0.48965
0.489533
0.489415
0.489297
0.489178
0.489058
0.488938
0.488817
0.488695
0.488573
0.48845
0.488326
0.488202
0.488077
0.487952
0.487825
0.487699
0.487571
0.487443
0.487314
0.487185
0.487055
0.486924
0.486792
0.48666
0.486528
0.486394
0.48626
0.486126
0.48599
0.485854
0.485718
0.485581
0.485443
0.485304
0.485165
0.485025
0.484885
0.484744
0.484602
0.48446
0.484317
0.484173
0.484029
0.483884
0.483738
0.483592
0.483445
0.483297
0.483149
0.483
0.482851
0.482701
0.48255
0.482398
0.482246
0.482094
0.48194
0.481786
0.481632
0.481476
0.481321
0.481164
0.481007
0.480849
0.480691
0.480531
0.480372
0.480211
0.48005
0.479889
0.479726
0.479563
0.4794
0.479236
0.479071
0.478905
0.478739
0.478572
0.478405
0.478237
0.478068
0.477899
0.477729
0.477558
0.477387
0.477215
0.477043
0.47687
0.476696
0.476522
0.476347
0.476171
0.475995
0.475818
0.47564
0.475462
0.475283
0.475104
0.474924
0.474743
0.474561
0.474379
0.474197
0.474014
0.47383
0.473645
0.47346
0.473274
0.473088
0.472901
0.472713
0.472525
0.472336
0.472146
0.471956
0.471765
0.471574
0.471382
0.471189
0.470996
0.470802
0.470607
0.470412
0.470216
0.47002
0.469823
0.469625
0.469427
0.469228
0.469028
0.468828
0.468627
0.468426
0.468224
0.468021
0.467818
0.467614
0.467409
0.467204
0.466998
0.466792
0.466585
0.466377
0.466169
0.46596
0.46575
0.46554
0.465329
0.465118
0.464906
0.464693
0.46448
0.464266
0.464051
0.463836
0.463621
0.463404
0.463187
0.46297
0.462752
0.462533
0.462313
0.462093
0.461873
0.461651
0.461429
0.461207
0.460984
0.46076
0.460536
0.460311
0.460085
0.459859
0.459632
0.459405
0.459177
0.458948
0.458719
0.458489
0.458259
0.458028
0.457796
0.457564
0.457331
0.457097
0.456863
0.456628
0.456393
0.456157
0.455921
0.455683
0.455446
0.455207
0.454968
0.454729
0.454489
0.454248
0.454006
0.453764
0.453522
0.453279
0.453035
0.45279
0.452545
0.4523
0.452053
0.451807
0.451559
0.451311
0.451063
0.450813
0.450563
0.450313
0.450062
0.44981
0.449558
0.449305
0.449052
0.448798
0.448543
0.448288
0.448032
0.447776
0.447519
0.447261
0.447003
0.446744
0.446485
0.446225
0.445964
0.445703
0.445441
0.445179
0.444916
0.444653
0.444388
0.444124
0.443858
0.443592
0.443326
0.443059
0.442791
0.442523
0.442254
0.441985
0.441715
0.441444
0.441173
0.440901
0.440629
0.440356
0.440082
0.439808
0.439533
0.439258
0.438982
0.438706
0.438428
0.438151
0.437873
0.437594
0.437314
0.437034
0.436754
0.436473
0.436191
0.435909
0.435626
0.435342
0.435058
0.434774
0.434488
0.434203
0.433916
0.433629
0.433342
0.433054
0.432765
0.432476
0.432186
0.431896
0.431605
0.431313
0.431021
0.430728
0.430435
0.430141
0.429847
0.429552
0.429256
0.42896
0.428663
0.428366
0.428068
0.42777
0.427471
0.427171
0.426871
0.426571
0.426269
0.425968
0.425665
0.425362
0.425059
0.424755
0.42445
0.424145
0.423839
0.423533
0.423226
0.422918
0.42261
0.422302
0.421992
0.421683
0.421372
0.421062
0.42075
0.420438
0.420126
0.419813
0.419499
0.419185
0.41887
0.418555
0.418239
0.417922
0.417605
0.417288
0.41697
0.416651
0.416332
0.416012
0.415692
0.415371
0.415049
0.414727
0.414405
0.414082
0.413758
0.413434
0.413109
0.412784
0.412458
0.412132
0.411805
0.411477
0.411149
0.410821
0.410492
0.410162
0.409832
0.409501
0.40917
0.408838
0.408505
0.408173
0.407839
0.407505
0.40717
0.406835
0.4065
0.406163
0.405827
0.405489
0.405152
0.404813
0.404474
0.404135
0.403795
0.403455
0.403113
0.402772
0.40243
0.402087
0.401744
0.4014
0.401056
0.400711
0.400366
0.40002
0.399674
0.399327
0.398979
0.398631
0.398283
0.397934
0.397584
0.397234
0.396883
0.396532
0.396181
0.395828
0.395476
0.395122
0.394768
0.394414
0.394059
0.393704
0.393348
0.392992
0.392635
0.392277
0.391919
0.391561
0.391202
0.390842
0.390482
0.390121
0.38976
0.389399
0.389037
0.388674
0.388311
0.387947
0.387583
0.387218
0.386853
0.386487
0.386121
0.385754
0.385387
0.385019
0.384651
0.384282
0.383912
0.383542
0.383172
0.382801
0.38243
0.382058
0.381685
0.381313
0.380939
0.380565
0.380191
0.379816
0.37944
0.379064
0.378688
0.378311
0.377933
0.377556
0.377177
0.376798
0.376419
0.376039
0.375658
0.375277
0.374896
0.374514
0.374131
0.373748
0.373365
0.372981
0.372596
0.372211
0.371826
0.37144
0.371053
0.370666
0.370279
0.369891
0.369503
0.369114
0.368724
0.368334
0.367944
0.367553
0.367162
0.36677
0.366378
0.365985
0.365591
0.365198
0.364803
0.364409
0.364013
0.363617
0.363221
0.362825
0.362427
0.36203
0.361631
0.361233
0.360834
0.360434
0.360034
0.359633
0.359232
0.358831
0.358429
0.358026
0.357623
0.35722
0.356816
0.356412
0.356007
0.355602
0.355196
0.354789
0.354383
0.353975
0.353568
0.35316
0.352751
0.352342
0.351932
0.351522
0.351112
0.350701
0.350289
0.349877
0.349465
0.349052
0.348639
0.348225
0.347811
0.347396
0.346981
0.346565
0.346149
0.345733
0.345316
0.344898
0.34448
0.344062
0.343643
0.343224
0.342804
0.342384
0.341963
0.341542
0.341121
0.340698
0.340276
0.339853
0.33943
0.339006
0.338582
0.338157
0.337732
0.337306
0.33688
0.336453
0.336026
0.335599
0.335171
0.334743
0.334314
0.333885
0.333455
0.333025
0.332594
0.332163
0.331732
0.3313
0.330868
0.330435
0.330002
0.329568
0.329134
0.3287
0.328265
0.327829
0.327393
0.326957
0.32652
0.326083
0.325646
0.325208
0.324769
0.32433
0.323891
0.323451
0.323011
0.322571
0.32213
0.321688
0.321246
0.320804
0.320361
0.319918
0.319474
0.31903
0.318586
0.318141
0.317696
0.31725
0.316804
0.316357
0.315911
0.315463
0.315015
0.314567
0.314118
0.313669
0.31322
0.31277
0.31232
0.311869
0.311418
0.310966
0.310514
0.310062
0.309609
0.309156
0.308702
0.308248
0.307794
0.307339
0.306884
0.306428
0.305972
0.305515
0.305058
0.304601
0.304143
0.303685
0.303227
0.302768
0.302309
0.301849
0.301389
0.300928
0.300467
0.300006
0.299544
0.299082
0.298619
0.298157
0.297693
0.297229
0.296765
0.296301
0.295836
0.295371
0.294905
0.294439
0.293972
0.293506
0.293038
0.292571
0.292103
0.291634
0.291165
0.290696
0.290227
0.289757
0.289286
0.288815
0.288344
0.287873
0.287401
0.286929
0.286456
0.285983
0.285509
0.285036
0.284561
0.284087
0.283612
0.283137
0.282661
0.282185
0.281708
0.281232
0.280754
0.280277
0.279799
0.279321
0.278842
0.278363
0.277883
0.277404
0.276923
0.276443
0.275962
0.275481
0.274999
0.274517
0.274035
0.273552
0.273069
0.272585
0.272101
0.271617
0.271133
0.270648
0.270163
0.269677
0.269191
0.268705
0.268218
0.267731
0.267243
0.266756
0.266267
0.265779
0.26529
0.264801
0.264311
0.263821
0.263331
0.262841
0.26235
0.261858
0.261367
0.260875
0.260382
0.25989
0.259397
0.258903
0.25841
0.257915
0.257421
0.256926
0.256431
0.255936
0.25544
0.254944
0.254447
0.253951
0.253453
0.252956
0.252458
0.25196
0.251462
0.250963
0.250464
0.249964
0.249464
0.248964
0.248464
0.247963
0.247462
0.24696
0.246458
0.245956
0.245454
0.244951
0.244448
0.243944
0.243441
0.242937
0.242432
0.241927
0.241422
0.240917
0.240411
0.239905
0.239399
0.238892
0.238385
0.237878
0.23737
0.236863
0.236354
0.235846
0.235337
0.234828
0.234318
0.233808
0.233298
0.232788
0.232277
0.231766
0.231255
0.230743
0.230231
0.229719
0.229206
0.228693
0.22818
0.227667
0.227153
0.226639
0.226124
0.22561
0.225095
0.224579
0.224064
0.223548
0.223032
0.222515
0.221998
0.221481
0.220964
0.220446
0.219928
0.21941
0.218891
0.218373
0.217853
0.217334
0.216814
0.216294
0.215774
0.215253
0.214733
0.214211
0.21369
0.213168
0.212646
0.212124
0.211601
0.211078
0.210555
0.210032
0.209508
0.208984
0.20846
0.207936
0.207411
0.206886
0.20636
0.205835
0.205309
0.204783
0.204256
0.203729
0.203202
0.202675
0.202148
0.20162
0.201092
0.200563
0.200035
0.199506
0.198977
0.198447
0.197918
0.197388
0.196858
0.196327
0.195796
0.195265
0.194734
0.194203
0.193671
0.193139
0.192607
0.192074
0.191541
0.191008
0.190475
0.189941
0.189408
0.188874
0.188339
0.187805
0.18727
0.186735
0.1862
0.185664
0.185128
0.184592
0.184056
0.183519
0.182983
0.182446
0.181908
0.181371
0.180833
0.180295
0.179757
0.179218
0.17868
0.178141
0.177601
0.177062
0.176522
0.175982
0.175442
0.174902
0.174361
0.173821
0.17328
0.172738
0.172197
0.171655
0.171113
0.170571
0.170028
0.169486
0.168943
0.1684
0.167856
0.167313
0.166769
0.166225
0.165681
0.165136
0.164592
0.164047
0.163502
0.162956
0.162411
0.161865
0.161319
0.160773
0.160227
0.15968
0.159133
0.158586
0.158039
0.157492
0.156944
0.156396
0.155848
0.1553
0.154751
0.154202
0.153654
0.153104
0.152555
0.152006
0.151456
0.150906
0.150356
0.149806
0.149255
0.148704
0.148153
0.147602
0.147051
0.146499
0.145948
0.145396
0.144844
0.144291
0.143739
0.143186
0.142633
0.14208
0.141527
0.140974
0.14042
0.139866
0.139312
0.138758
0.138204
0.137649
0.137095
0.13654
0.135985
0.135429
0.134874
0.134318
0.133762
0.133206
0.13265
0.132094
0.131537
0.130981
0.130424
0.129867
0.12931
0.128752
0.128195
0.127637
0.127079
0.126521
0.125963
0.125404
0.124846
0.124287
0.123728
0.123169
0.12261
0.122051
0.121491
0.120931
0.120371
0.119811
0.119251
0.118691
0.11813
0.11757
0.117009
0.116448
0.115887
0.115325
0.114764
0.114202
0.113641
0.113079
0.112517
0.111954
0.111392
0.11083
0.110267
0.109704
0.109141
0.108578
0.108015
0.107452
0.106888
0.106324
0.105761
0.105197
0.104633
0.104068
0.103504
0.10294
0.102375
0.10181
0.101245
0.10068
0.100115
0.0995497
0.0989842
0.0984187
0.097853
0.0972871
0.0967212
0.0961551
0.0955889
0.0950225
0.0944561
0.0938895
0.0933227
0.0927559
0.0921889
0.0916218
0.0910546
0.0904873
0.0899198
0.0893522
0.0887845
0.0882167
0.0876488
0.0870808
0.0865126
0.0859443
0.0853759
0.0848074
0.0842388
0.0836701
0.0831012
0.0825323
0.0819632
0.081394
0.0808247
0.0802553
0.0796859
0.0791163
0.0785465
0.0779767
0.0774068
0.0768368
0.0762667
0.0756965
0.0751261
0.0745557
0.0739852
0.0734146
0.0728438
0.072273
0.0717021
0.0711311
0.07056
0.0699888
0.0694175
0.0688461
0.0682747
0.0677031
0.0671314
0.0665597
0.0659879
0.0654159
0.0648439
0.0642718
0.0636997
0.0631274
0.0625551
0.0619826
0.0614101
0.0608375
0.0602648
0.0596921
0.0591192
0.0585463
0.0579733
0.0574003
0.0568271
0.0562539
0.0556806
0.0551072
0.0545338
0.0539603
0.0533867
0.052813
0.0522393
0.0516655
0.0510916
0.0505177
0.0499437
0.0493696
0.0487955
0.0482213
0.047647
0.0470727
0.0464983
0.0459238
0.0453493
0.0447747
0.0442001
0.0436254
0.0430506
0.0424758
0.041901
0.0413261
0.0407511
0.040176
0.039601
0.0390258
0.0384506
0.0378754
0.0373001
0.0367248
0.0361494
0.0355739
0.0349985
0.0344229
0.0338473
0.0332717
0.0326961
0.0321203
0.0315446
0.0309688
0.030393
0.0298171
0.0292412
0.0286652
0.0280892
0.0275132
0.0269371
0.026361
0.0257849
0.0252087
0.0246325
0.0240563
0.02348
0.0229037
0.0223274
0.021751
0.0211746
0.0205982
0.0200217
0.0194453
0.0188688
0.0182922
0.0177157
0.0171391
0.0165625
0.0159859
0.0154093
0.0148326
0.0142559
0.0136792
0.0131025
0.0125258
0.011949
0.0113723
0.0107955
0.0102187
0.00964188
0.00906506
0.00848823
0.00791138
0.00733453
0.00675766
0.00618078
0.0056039
0.00502701
0.00445011
0.00387321
0.0032963
0.00271939
0.00214247
0.00156556
0.000988634
0.000411711
-0.000165212
-0.000742134
-0.00131906
-0.00189598
-0.00247289
-0.00304981
-0.00362672
-0.00420362
-0.00478052
-0.00535742
-0.0059343
-0.00651118
-0.00708805
-0.00766491
-0.00824176
-0.0088186
-0.00939543
-0.00997224
-0.010549
-0.0111258
-0.0117026
-0.0122794
-0.0128561
-0.0134328
-0.0140095
-0.0145862
-0.0151629
-0.0157395
-0.0163162
-0.0168928
-0.0174693
-0.0180459
-0.0186224
-0.019199
-0.0197754
-0.0203519
-0.0209283
-0.0215047
-0.0220811
-0.0226575
-0.0232338
-0.02381
-0.0243863
-0.0249625
-0.0255387
-0.0261149
-0.026691
-0.0272671
-0.0278431
-0.0284191
-0.0289951
-0.029571
-0.0301469
-0.0307228
-0.0312986
-0.0318744
-0.0324501
-0.0330258
-0.0336014
-0.034177
-0.0347526
-0.0353281
-0.0359035
-0.0364789
-0.0370543
-0.0376296
-0.0382049
-0.0387801
-0.0393552
-0.0399303
-0.0405054
-0.0410804
-0.0416553
-0.0422302
-0.0428051
-0.0433798
-0.0439546
-0.0445292
-0.0451038
-0.0456784
-0.0462528
-0.0468273
-0.0474016
-0.0479759
-0.0485501
-0.0491243
-0.0496984
-0.0502724
-0.0508464
-0.0514203
-0.0519941
-0.0525679
-0.0531416
-0.0537152
-0.0542887
-0.0548622
-0.0554356
-0.056009
-0.0565822
-0.0571554
-0.0577285
-0.0583015
-0.0588745
-0.0594473
-0.0600201
-0.0605928
-0.0611655
-0.061738
-0.0623105
-0.0628829
-0.0634552
-0.0640274
-0.0645995
-0.0651716
-0.0657435
-0.0663154
-0.0668872
-0.0674589
-0.0680305
-0.068602
-0.0691734
-0.0697447
-0.070316
-0.0708871
-0.0714582
-0.0720291
-0.0726
-0.0731707
-0.0737414
-0.074312
-0.0748824
-0.0754528
-0.0760231
-0.0765932
-0.0771633
-0.0777332
-0.0783031
-0.0788728
-0.0794425
-0.080012
-0.0805815
-0.0811508
-0.08172
-0.0822891
-0.0828581
-0.083427
-0.0839958
-0.0845645
-0.085133
-0.0857015
-0.0862698
-0.086838
-0.0874061
-0.0879741
-0.088542
-0.0891097
-0.0896773
-0.0902448
-0.0908122
-0.0913795
-0.0919466
-0.0925137
-0.0930806
-0.0936473
-0.094214
-0.0947805
-0.0953469
-0.0959132
-0.0964793
-0.0970453
-0.0976112
-0.098177
-0.0987426
-0.0993081
-0.0998735
-0.100439
-0.101004
-0.101569
-0.102134
-0.102698
-0.103263
-0.103827
-0.104392
-0.104956
-0.10552
-0.106084
-0.106647
-0.107211
-0.107774
-0.108338
-0.108901
-0.109464
-0.110027
-0.110589
-0.111152
-0.111714
-0.112276
-0.112839
-0.113401
-0.113962
-0.114524
-0.115086
-0.115647
-0.116208
-0.116769
-0.11733
-0.117891
-0.118451
-0.119012
-0.119572
-0.120132
-0.120692
-0.121252
-0.121811
-0.122371
-0.12293
-0.123489
-0.124048
-0.124607
-0.125166
-0.125724
-0.126283
-0.126841
-0.127399
-0.127956
-0.128514
-0.129072
-0.129629
-0.130186
-0.130743
-0.1313
-0.131856
-0.132413
-0.132969
-0.133525
-0.134081
-0.134637
-0.135192
-0.135747
-0.136303
-0.136858
-0.137412
-0.137967
-0.138521
-0.139076
-0.13963
-0.140184
-0.140737
-0.141291
-0.141844
-0.142397
-0.14295
-0.143503
-0.144055
-0.144608
-0.14516
-0.145712
-0.146264
-0.146815
-0.147367
-0.147918
-0.148469
-0.14902
-0.14957
-0.150121
-0.150671
-0.151221
-0.151771
-0.15232
-0.15287
-0.153419
-0.153968
-0.154517
-0.155065
-0.155614
-0.156162
-0.15671
-0.157258
-0.157805
-0.158352
-0.1589
-0.159446
-0.159993
-0.16054
-0.161086
-0.161632
-0.162178
-0.162723
-0.163269
-0.163814
-0.164359
-0.164904
-0.165448
-0.165993
-0.166537
-0.167081
-0.167624
-0.168168
-0.168711
-0.169254
-0.169797
-0.170339
-0.170881
-0.171423
-0.171965
-0.172507
-0.173048
-0.173589
-0.17413
-0.174671
-0.175212
-0.175752
-0.176292
-0.176831
-0.177371
-0.17791
-0.178449
-0.178988
-0.179527
-0.180065
-0.180603
-0.181141
-0.181679
-0.182216
-0.182753
-0.18329
-0.183827
-0.184363
-0.184899
-0.185435
-0.185971
-0.186506
-0.187041
-0.187576
-0.188111
-0.188645
-0.189179
-0.189713
-0.190247
-0.19078
-0.191314
-0.191846
-0.192379
-0.192911
-0.193444
-0.193975
-0.194507
-0.195038
-0.19557
-0.1961
-0.196631
-0.197161
-0.197691
-0.198221
-0.198751
-0.19928
-0.199809
-0.200338
-0.200866
-0.201394
-0.201922
-0.20245
-0.202977
-0.203504
-0.204031
-0.204558
-0.205084
-0.20561
-0.206136
-0.206661
-0.207186
-0.207711
-0.208236
-0.20876
-0.209284
-0.209808
-0.210332
-0.210855
-0.211378
-0.211901
-0.212423
-0.212945
-0.213467
-0.213989
-0.21451
-0.215031
-0.215552
-0.216072
-0.216592
-0.217112
-0.217632
-0.218151
-0.21867
-0.219188
-0.219707
-0.220225
-0.220743
-0.22126
-0.221777
-0.222294
-0.222811
-0.223327
-0.223843
-0.224359
-0.224874
-0.22539
-0.225904
-0.226419
-0.226933
-0.227447
-0.227961
-0.228474
-0.228987
-0.2295
-0.230012
-0.230524
-0.231036
-0.231548
-0.232059
-0.23257
-0.23308
-0.23359
-0.2341
-0.23461
-0.235119
-0.235628
-0.236137
-0.236645
-0.237153
-0.237661
-0.238169
-0.238676
-0.239183
-0.239689
-0.240195
-0.240701
-0.241206
-0.241712
-0.242217
-0.242721
-0.243225
-0.243729
-0.244233
-0.244736
-0.245239
-0.245742
-0.246244
-0.246746
-0.247247
-0.247749
-0.24825
-0.24875
-0.249251
-0.249751
-0.25025
-0.250749
-0.251248
-0.251747
-0.252245
-0.252743
-0.253241
-0.253738
-0.254235
-0.254732
-0.255228
-0.255724
-0.25622
-0.256715
-0.25721
-0.257704
-0.258198
-0.258692
-0.259186
-0.259679
-0.260172
-0.260664
-0.261157
-0.261648
-0.26214
-0.262631
-0.263122
-0.263612
-0.264102
-0.264592
-0.265081
-0.26557
-0.266059
-0.266547
-0.267035
-0.267523
-0.26801
-0.268497
-0.268983
-0.269469
-0.269955
-0.270441
-0.270926
-0.27141
-0.271895
-0.272379
-0.272862
-0.273346
-0.273828
-0.274311
-0.274793
-0.275275
-0.275756
-0.276237
-0.276718
-0.277198
-0.277678
-0.278158
-0.278637
-0.279116
-0.279595
-0.280073
-0.28055
-0.281028
-0.281505
-0.281981
-0.282458
-0.282933
-0.283409
-0.283884
-0.284359
-0.284833
-0.285307
-0.285781
-0.286254
-0.286727
-0.287199
-0.287671
-0.288143
-0.288614
-0.289085
-0.289556
-0.290026
-0.290496
-0.290965
-0.291434
-0.291902
-0.292371
-0.292838
-0.293306
-0.293773
-0.29424
-0.294706
-0.295172
-0.295637
-0.296102
-0.296567
-0.297031
-0.297495
-0.297959
-0.298422
-0.298884
-0.299347
-0.299809
-0.30027
-0.300731
-0.301192
-0.301652
-0.302112
-0.302572
-0.303031
-0.303489
-0.303948
-0.304406
-0.304863
-0.30532
-0.305777
-0.306233
-0.306689
-0.307144
-0.307599
-0.308054
-0.308508
-0.308962
-0.309415
-0.309868
-0.310321
-0.310773
-0.311225
-0.311676
-0.312127
-0.312578
-0.313028
-0.313477
-0.313927
-0.314375
-0.314824
-0.315272
-0.315719
-0.316167
-0.316613
-0.31706
-0.317505
-0.317951
-0.318396
-0.318841
-0.319285
-0.319729
-0.320172
-0.320615
-0.321057
-0.321499
-0.321941
-0.322382
-0.322823
-0.323263
-0.323703
-0.324143
-0.324582
-0.32502
-0.325459
-0.325896
-0.326334
-0.326771
-0.327207
-0.327643
-0.328079
-0.328514
-0.328948
-0.329383
-0.329817
-0.33025
-0.330683
-0.331115
-0.331547
-0.331979
-0.33241
-0.332841
-0.333271
-0.333701
-0.334131
-0.33456
-0.334988
-0.335416
-0.335844
-0.336271
-0.336698
-0.337124
-0.33755
-0.337975
-0.3384
-0.338825
-0.339249
-0.339672
-0.340095
-0.340518
-0.34094
-0.341362
-0.341783
-0.342204
-0.342625
-0.343045
-0.343464
-0.343883
-0.344302
-0.34472
-0.345137
-0.345555
-0.345971
-0.346388
-0.346803
-0.347219
-0.347634
-0.348048
-0.348462
-0.348876
-0.349289
-0.349701
-0.350113
-0.350525
-0.350936
-0.351347
-0.351757
-0.352167
-0.352576
-0.352985
-0.353393
-0.353801
-0.354209
-0.354616
-0.355022
-0.355428
-0.355834
-0.356239
-0.356643
-0.357047
-0.357451
-0.357854
-0.358257
-0.358659
-0.359061
-0.359462
-0.359863
-0.360263
-0.360663
-0.361062
-0.361461
-0.36186
-0.362257
-0.362655
-0.363052
-0.363448
-0.363844
-0.36424
-0.364635
-0.365029
-0.365423
-0.365817
-0.36621
-0.366602
-0.366994
-0.367386
-0.367777
-0.368168
-0.368558
-0.368947
-0.369337
-0.369725
-0.370113
-0.370501
-0.370888
-0.371275
-0.371661
-0.372047
-0.372432
-0.372816
-0.373201
-0.373584
-0.373968
-0.37435
-0.374732
-0.375114
-0.375495
-0.375876
-0.376256
-0.376636
-0.377015
-0.377394
-0.377772
-0.37815
-0.378527
-0.378904
-0.37928
-0.379655
-0.380031
-0.380405
-0.380779
-0.381153
-0.381526
-0.381899
-0.382271
-0.382643
-0.383014
-0.383384
-0.383754
-0.384124
-0.384493
-0.384862
-0.38523
-0.385597
-0.385964
-0.386331
-0.386697
-0.387062
-0.387427
-0.387791
-0.388155
-0.388519
-0.388882
-0.389244
-0.389606
-0.389967
-0.390328
-0.390688
-0.391048
-0.391407
-0.391766
-0.392124
-0.392482
-0.392839
-0.393196
-0.393552
-0.393908
-0.394263
-0.394617
-0.394971
-0.395325
-0.395678
-0.39603
-0.396382
-0.396733
-0.397084
-0.397435
-0.397784
-0.398134
-0.398482
-0.398831
-0.399178
-0.399525
-0.399872
-0.400218
-0.400564
-0.400909
-0.401253
-0.401597
-0.401941
-0.402283
-0.402626
-0.402968
-0.403309
-0.40365
-0.40399
-0.404329
-0.404669
-0.405007
-0.405345
-0.405683
-0.40602
-0.406356
-0.406692
-0.407027
-0.407362
-0.407696
-0.40803
-0.408363
-0.408696
-0.409028
-0.40936
-0.409691
-0.410021
-0.410351
-0.41068
-0.411009
-0.411337
-0.411665
-0.411992
-0.412319
-0.412645
-0.41297
-0.413295
-0.41362
-0.413944
-0.414267
-0.41459
-0.414912
-0.415234
-0.415555
-0.415875
-0.416195
-0.416515
-0.416834
-0.417152
-0.41747
-0.417787
-0.418104
-0.41842
-0.418735
-0.41905
-0.419365
-0.419679
-0.419992
-0.420305
-0.420617
-0.420929
-0.42124
-0.42155
-0.42186
-0.42217
-0.422478
-0.422787
-0.423094
-0.423402
-0.423708
-0.424014
-0.42432
-0.424624
-0.424929
-0.425233
-0.425536
-0.425838
-0.42614
-0.426442
-0.426743
-0.427043
-0.427343
-0.427642
-0.427941
-0.428239
-0.428537
-0.428833
-0.42913
-0.429426
-0.429721
-0.430015
-0.43031
-0.430603
-0.430896
-0.431188
-0.43148
-0.431771
-0.432062
-0.432352
-0.432642
-0.432931
-0.433219
-0.433507
-0.433794
-0.43408
-0.434366
-0.434652
-0.434937
-0.435221
-0.435505
-0.435788
-0.43607
-0.436352
-0.436634
-0.436915
-0.437195
-0.437474
-0.437754
-0.438032
-0.43831
-0.438587
-0.438864
-0.43914
-0.439416
-0.439691
-0.439965
-0.440239
-0.440512
-0.440785
-0.441057
-0.441328
-0.441599
-0.441869
-0.442139
-0.442408
-0.442677
-0.442945
-0.443212
-0.443479
-0.443745
-0.44401
-0.444275
-0.44454
-0.444804
-0.445067
-0.445329
-0.445591
-0.445853
-0.446114
-0.446374
-0.446634
-0.446893
-0.447151
-0.447409
-0.447666
-0.447923
-0.448179
-0.448434
-0.448689
-0.448943
-0.449197
-0.44945
-0.449703
-0.449955
-0.450206
-0.450457
-0.450707
-0.450956
-0.451205
-0.451453
-0.451701
-0.451948
-0.452195
-0.45244
-0.452686
-0.45293
-0.453174
-0.453418
-0.453661
-0.453903
-0.454145
-0.454386
-0.454626
-0.454866
-0.455105
-0.455344
-0.455582
-0.455819
-0.456056
-0.456292
-0.456528
-0.456763
-0.456997
-0.457231
-0.457464
-0.457697
-0.457929
-0.45816
-0.458391
-0.458621
-0.45885
-0.459079
-0.459308
-0.459535
-0.459762
-0.459989
-0.460215
-0.46044
-0.460664
-0.460888
-0.461112
-0.461334
-0.461557
-0.461778
-0.461999
-0.462219
-0.462439
-0.462658
-0.462877
-0.463094
-0.463312
-0.463528
-0.463744
-0.46396
-0.464174
-0.464389
-0.464602
-0.464815
-0.465027
-0.465239
-0.46545
-0.46566
-0.46587
-0.466079
-0.466288
-0.466496
-0.466703
-0.46691
-0.467116
-0.467321
-0.467526
-0.467731
-0.467934
-0.468137
-0.468339
-0.468541
-0.468742
-0.468943
-0.469143
-0.469342
-0.46954
-0.469738
-0.469936
-0.470132
-0.470329
-0.470524
-0.470719
-0.470913
-0.471107
-0.4713
-0.471492
-0.471684
-0.471875
-0.472065
-0.472255
-0.472444
-0.472633
-0.472821
-0.473008
-0.473195
-0.473381
-0.473566
-0.473751
-0.473935
-0.474119
-0.474302
-0.474484
-0.474665
-0.474846
-0.475027
-0.475206
-0.475386
-0.475564
-0.475742
-0.475919
-0.476096
-0.476272
-0.476447
-0.476622
-0.476796
-0.476969
-0.477142
-0.477314
-0.477485
-0.477656
-0.477826
-0.477996
-0.478165
-0.478333
-0.478501
-0.478668
-0.478834
-0.479
-0.479165
-0.47933
-0.479494
-0.479657
-0.479819
-0.479981
-0.480143
-0.480303
-0.480463
-0.480623
-0.480781
-0.480939
-0.481097
-0.481254
-0.48141
-0.481565
-0.48172
-0.481875
-0.482028
-0.482181
-0.482334
-0.482485
-0.482636
-0.482787
-0.482936
-0.483085
-0.483234
-0.483382
-0.483529
-0.483676
-0.483821
-0.483967
-0.484111
-0.484255
-0.484399
-0.484541
-0.484683
-0.484825
-0.484965
-0.485105
-0.485245
-0.485384
-0.485522
-0.485659
-0.485796
-0.485932
-0.486068
-0.486203
-0.486337
-0.486471
-0.486604
-0.486736
-0.486868
-0.486999
-0.487129
-0.487259
-0.487388
-0.487516
-0.487644
-0.487771
-0.487898
-0.488024
-0.488149
-0.488273
-0.488397
-0.488521
-0.488643
-0.488765
-0.488886
-0.489007
-0.489127
-0.489246
-0.489365
-0.489483
-0.4896
-0.489717
-0.489833
-0.489949
-0.490063
-0.490178
-0.490291
-0.490404
-0.490516
-0.490627
-0.490738
-0.490849
-0.490958
-0.491067
-0.491175
-0.491283
-0.49139
-0.491496
-0.491602
-0.491707
-0.491811
-0.491915
-0.492018
-0.49212
-0.492222
-0.492323
-0.492423
-0.492523
-0.492622
-0.49272
-0.492818
-0.492915
-0.493012
-0.493107
-0.493203
-0.493297
-0.493391
-0.493484
-0.493576
-0.493668
-0.49376
-0.49385
-0.49394
-0.494029
-0.494118
-0.494206
-0.494293
-0.494379
-0.494465
-0.494551
-0.494635
-0.494719
-0.494803
-0.494885
-0.494967
-0.495048
-0.495129
-0.495209
-0.495288
-0.495367
-0.495445
-0.495523
-0.495599
-0.495675
-0.495751
-0.495825
-0.495899
-0.495973
-0.496046
-0.496118
-0.496189
-0.49626
-0.49633
-0.496399
-0.496468
-0.496536
-0.496604
-0.496671
-0.496737
-0.496802
-0.496867
-0.496931
-0.496995
-0.497058
-0.49712
-0.497181
-0.497242
-0.497302
-0.497362
-0.497421
-0.497479
-0.497536
-0.497593
-0.497649
-0.497705
-0.49776
-0.497814
-0.497868
-0.49792
-0.497973
-0.498024
-0.498075
-0.498125
-0.498175
-0.498224
-0.498272
-0.49832
-0.498367
-0.498413
-0.498459
-0.498503
-0.498548
-0.498591
-0.498634
-0.498677
-0.498718
-0.498759
-0.498799
-0.498839
-0.498878
-0.498916
-0.498954
-0.498991
-0.499027
-0.499063
-0.499098
-0.499132
-0.499166
-0.499199
-0.499231
-0.499263
-0.499294
-0.499324
-0.499354
-0.499383
-0.499411
-0.499439
-0.499466
-0.499492
-0.499518
-0.499543
-0.499567
-0.499591
-0.499614
-0.499636
-0.499658
-0.499679
-0.499699
-0.499719
-0.499738
-0.499756
-0.499774
-0.499791
-0.499807
-0.499823
-0.499838
-0.499852
-0.499866
-0.499879
-0.499891
-0.499903
-0.499914
-0.499924
-0.499934
-0.499943
-0.499952
-0.499959
-0.499966
-0.499973
-0.499978
-0.499983
-0.499988
-0.499991
-0.499994
-0.499997
-0.499999
-0.5
-0.5
-0.5
-0.499999
-0.499997
-0.499995
-0.499992
-0.499988
-0.499984
-0.499979
-0.499973
-0.499967
-0.49996
-0.499953
-0.499944
-0.499935
-0.499926
-0.499916
-0.499905
-0.499893
-0.499881
-0.499868
-0.499854
-0.49984
-0.499825
-0.499809
-0.499793
-0.499776
-0.499759
-0.49974
-0.499721
-0.499702
-0.499682
-0.499661
-0.499639
-0.499617
-0.499594
-0.49957
-0.499546
-0.499521
-0.499496
-0.499469
-0.499443
-0.499415
-0.499387
-0.499358
-0.499328
-0.499298
-0.499267
-0.499236
-0.499203
-0.49917
-0.499137
-0.499103
-0.499068
-0.499032
-0.498996
-0.498959
-0.498922
-0.498883
-0.498845
-0.498805
-0.498765
-0.498724
-0.498682
-0.49864
-0.498597
-0.498554
-0.49851
-0.498465
-0.498419
-0.498373
-0.498326
-0.498279
-0.498231
-0.498182
-0.498132
-0.498082
-0.498031
-0.49798
-0.497928
-0.497875
-0.497822
-0.497767
-0.497713
-0.497657
-0.497601
-0.497544
-0.497487
-0.497429
-0.49737
-0.497311
-0.497251
-0.49719
-0.497128
-0.497066
-0.497004
-0.49694
-0.496876
-0.496811
-0.496746
-0.49668
-0.496613
-0.496546
-0.496478
-0.496409
-0.49634
-0.49627
-0.496199
-0.496128
-0.496056
-0.495983
-0.49591
-0.495836
-0.495761
-0.495686
-0.49561
-0.495533
-0.495456
-0.495378
-0.4953
-0.49522
-0.49514
-0.49506
-0.494979
-0.494897
-0.494814
-0.494731
-0.494647
-0.494563
-0.494477
-0.494392
-0.494305
-0.494218
-0.49413
-0.494042
-0.493953
-0.493863
-0.493772
-0.493681
-0.493589
-0.493497
-0.493404
-0.49331
-0.493216
-0.493121
-0.493025
-0.492929
-0.492832
-0.492734
-0.492636
-0.492537
-0.492437
-0.492337
-0.492236
-0.492134
-0.492032
-0.491929
-0.491826
-0.491721
-0.491616
-0.491511
-0.491405
-0.491298
-0.49119
-0.491082
-0.490973
-0.490864
-0.490754
-0.490643
-0.490532
-0.49042
-0.490307
-0.490194
-0.49008
-0.489965
-0.48985
-0.489734
-0.489617
-0.4895
-0.489382
-0.489263
-0.489144
-0.489024
-0.488903
-0.488782
-0.48866
-0.488538
-0.488415
-0.488291
-0.488166
-0.488041
-0.487916
-0.487789
-0.487662
-0.487534
-0.487406
-0.487277
-0.487147
-0.487017
-0.486886
-0.486755
-0.486622
-0.48649
-0.486356
-0.486222
-0.486087
-0.485952
-0.485815
-0.485679
-0.485541
-0.485403
-0.485264
-0.485125
-0.484985
-0.484844
-0.484703
-0.484561
-0.484419
-0.484275
-0.484132
-0.483987
-0.483842
-0.483696
-0.48355
-0.483403
-0.483255
-0.483106
-0.482957
-0.482808
-0.482657
-0.482507
-0.482355
-0.482203
-0.48205
-0.481896
-0.481742
-0.481587
-0.481432
-0.481276
-0.481119
-0.480962
-0.480804
-0.480645
-0.480486
-0.480326
-0.480165
-0.480004
-0.479842
-0.47968
-0.479517
-0.479353
-0.479188
-0.479023
-0.478858
-0.478691
-0.478525
-0.478357
-0.478189
-0.47802
-0.47785
-0.47768
-0.477509
-0.477338
-0.477166
-0.476993
-0.47682
-0.476646
-0.476472
-0.476296
-0.47612
-0.475944
-0.475767
-0.475589
-0.475411
-0.475232
-0.475052
-0.474872
-0.474691
-0.474509
-0.474327
-0.474144
-0.473961
-0.473777
-0.473592
-0.473407
-0.473221
-0.473034
-0.472847
-0.472659
-0.472471
-0.472282
-0.472092
-0.471902
-0.471711
-0.471519
-0.471327
-0.471134
-0.47094
-0.470746
-0.470551
-0.470356
-0.47016
-0.469963
-0.469766
-0.469568
-0.46937
-0.469171
-0.468971
-0.468771
-0.468569
-0.468368
-0.468166
-0.467963
-0.467759
-0.467555
-0.46735
-0.467145
-0.466939
-0.466732
-0.466525
-0.466317
-0.466109
-0.4659
-0.46569
-0.46548
-0.465269
-0.465057
-0.464845
-0.464632
-0.464419
-0.464205
-0.46399
-0.463775
-0.463559
-0.463342
-0.463125
-0.462907
-0.462689
-0.46247
-0.46225
-0.46203
-0.461809
-0.461588
-0.461366
-0.461143
-0.46092
-0.460696
-0.460471
-0.460246
-0.460021
-0.459794
-0.459567
-0.45934
-0.459111
-0.458883
-0.458653
-0.458423
-0.458193
-0.457961
-0.457729
-0.457497
-0.457264
-0.45703
-0.456796
-0.456561
-0.456326
-0.456089
-0.455853
-0.455615
-0.455377
-0.455139
-0.4549
-0.45466
-0.45442
-0.454179
-0.453937
-0.453695
-0.453452
-0.453209
-0.452965
-0.45272
-0.452475
-0.452229
-0.451983
-0.451736
-0.451488
-0.45124
-0.450991
-0.450742
-0.450492
-0.450241
-0.44999
-0.449738
-0.449486
-0.449233
-0.448979
-0.448725
-0.44847
-0.448215
-0.447959
-0.447702
-0.447445
-0.447187
-0.446929
-0.44667
-0.44641
-0.44615
-0.44589
-0.445628
-0.445366
-0.445104
-0.444841
-0.444577
-0.444313
-0.444048
-0.443782
-0.443516
-0.44325
-0.442982
-0.442714
-0.442446
-0.442177
-0.441907
-0.441637
-0.441366
-0.441095
-0.440823
-0.440551
-0.440277
-0.440004
-0.439729
-0.439454
-0.439179
-0.438903
-0.438626
-0.438349
-0.438071
-0.437793
-0.437514
-0.437234
-0.436954
-0.436673
-0.436392
-0.43611
-0.435828
-0.435545
-0.435261
-0.434977
-0.434692
-0.434407
-0.434121
-0.433834
-0.433547
-0.433259
-0.432971
-0.432682
-0.432393
-0.432103
-0.431812
-0.431521
-0.43123
-0.430937
-0.430644
-0.430351
-0.430057
-0.429762
-0.429467
-0.429172
-0.428875
-0.428578
-0.428281
-0.427983
-0.427684
-0.427385
-0.427086
-0.426785
-0.426484
-0.426183
-0.425881
-0.425578
-0.425275
-0.424972
-0.424667
-0.424363
-0.424057
-0.423751
-0.423445
-0.423138
-0.42283
-0.422522
-0.422213
-0.421904
-0.421594
-0.421283
-0.420972
-0.420661
-0.420349
-0.420036
-0.419723
-0.419409
-0.419095
-0.41878
-0.418464
-0.418148
-0.417832
-0.417514
-0.417197
-0.416878
-0.41656
-0.41624
-0.41592
-0.4156
-0.415279
-0.414957
-0.414635
-0.414312
-0.413989
-0.413665
-0.413341
-0.413016
-0.412691
-0.412365
-0.412038
-0.411711
-0.411383
-0.411055
-0.410727
-0.410397
-0.410067
-0.409737
-0.409406
-0.409075
-0.408743
-0.40841
-0.408077
-0.407743
-0.407409
-0.407075
-0.406739
-0.406403
-0.406067
-0.40573
-0.405393
-0.405055
-0.404716
-0.404377
-0.404038
-0.403698
-0.403357
-0.403016
-0.402674
-0.402332
-0.401989
-0.401646
-0.401302
-0.400957
-0.400612
-0.400267
-0.399921
-0.399574
-0.399227
-0.39888
-0.398532
-0.398183
-0.397834
-0.397484
-0.397134
-0.396783
-0.396432
-0.39608
-0.395727
-0.395374
-0.395021
-0.394667
-0.394313
-0.393958
-0.393602
-0.393246
-0.392889
-0.392532
-0.392175
-0.391817
-0.391458
-0.391099
-0.390739
-0.390379
-0.390018
-0.389657
-0.389295
-0.388933
-0.38857
-0.388207
-0.387843
-0.387478
-0.387114
-0.386748
-0.386382
-0.386016
-0.385649
-0.385281
-0.384913
-0.384545
-0.384176
-0.383806
-0.383436
-0.383066
-0.382695
-0.382323
-0.381951
-0.381579
-0.381206
-0.380832
-0.380458
-0.380083
-0.379708
-0.379333
-0.378957
-0.37858
-0.378203
-0.377825
-0.377447
-0.377069
-0.376689
-0.37631
-0.37593
-0.375549
-0.375168
-0.374786
-0.374404
-0.374022
-0.373638
-0.373255
-0.372871
-0.372486
-0.372101
-0.371715
-0.371329
-0.370943
-0.370556
-0.370168
-0.36978
-0.369391
-0.369002
-0.368613
-0.368223
-0.367832
-0.367441
-0.36705
-0.366658
-0.366265
-0.365872
-0.365479
-0.365085
-0.36469
-0.364295
-0.3639
-0.363504
-0.363108
-0.362711
-0.362314
-0.361916
-0.361517
-0.361119
-0.360719
-0.36032
-0.359919
-0.359519
-0.359117
-0.358716
-0.358314
-0.357911
-0.357508
-0.357104
-0.3567
-0.356296
-0.355891
-0.355485
-0.355079
-0.354673
-0.354266
-0.353859
-0.353451
-0.353043
-0.352634
-0.352225
-0.351815
-0.351405
-0.350994
-0.350583
-0.350171
-0.349759
-0.349347
-0.348934
-0.34852
-0.348107
-0.347692
-0.347277
-0.346862
-0.346446
-0.34603
-0.345613
-0.345196
-0.344779
-0.344361
-0.343942
-0.343523
-0.343104
-0.342684
-0.342263
-0.341843
-0.341421
-0.341
-0.340578
-0.340155
-0.339732
-0.339308
-0.338884
-0.33846
-0.338035
-0.33761
-0.337184
-0.336758
-0.336331
-0.335904
-0.335476
-0.335048
-0.33462
-0.334191
-0.333762
-0.333332
-0.332902
-0.332471
-0.33204
-0.331608
-0.331176
-0.330744
-0.330311
-0.329878
-0.329444
-0.32901
-0.328575
-0.32814
-0.327704
-0.327268
-0.326832
-0.326395
-0.325958
-0.32552
-0.325082
-0.324644
-0.324205
-0.323765
-0.323325
-0.322885
-0.322444
-0.322003
-0.321562
-0.32112
-0.320677
-0.320234
-0.319791
-0.319347
-0.318903
-0.318459
-0.318014
-0.317568
-0.317122
-0.316676
-0.31623
-0.315782
-0.315335
-0.314887
-0.314439
-0.31399
-0.313541
-0.313091
-0.312641
-0.312191
-0.31174
-0.311289
-0.310837
-0.310385
-0.309932
-0.309479
-0.309026
-0.308572
-0.308118
-0.307663
-0.307209
-0.306753
-0.306297
-0.305841
-0.305385
-0.304927
-0.30447
-0.304012
-0.303554
-0.303095
-0.302636
-0.302177
-0.301717
-0.301257
-0.300796
-0.300335
-0.299874
-0.299412
-0.29895
-0.298487
-0.298024
-0.29756
-0.297097
-0.296632
-0.296168
-0.295703
-0.295237
-0.294772
-0.294305
-0.293839
-0.293372
-0.292904
-0.292437
-0.291968
-0.2915
-0.291031
-0.290562
-0.290092
-0.289622
-0.289151
-0.288681
-0.288209
-0.287738
-0.287266
-0.286793
-0.286321
-0.285847
-0.285374
-0.2849
-0.284426
-0.283951
-0.283476
-0.283
-0.282525
-0.282048
-0.281572
-0.281095
-0.280618
-0.28014
-0.279662
-0.279184
-0.278705
-0.278226
-0.277746
-0.277266
-0.276786
-0.276305
-0.275824
-0.275343
-0.274861
-0.274379
-0.273896
-0.273414
-0.27293
-0.272447
-0.271963
-0.271479
-0.270994
-0.270509
-0.270024
-0.269538
-0.269052
-0.268565
-0.268078
-0.267591
-0.267104
-0.266616
-0.266128
-0.265639
-0.26515
-0.264661
-0.264171
-0.263681
-0.263191
-0.2627
-0.262209
-0.261718
-0.261226
-0.260734
-0.260241
-0.259749
-0.259255
-0.258762
-0.258268
-0.257774
-0.257279
-0.256785
-0.256289
-0.255794
-0.255298
-0.254802
-0.254305
-0.253808
-0.253311
-0.252813
-0.252316
-0.251817
-0.251319
-0.25082
-0.250321
-0.249821
-0.249321
-0.248821
-0.24832
-0.247819
-0.247318
-0.246816
-0.246315
