0.000576923
0.00117273
0.00175836
0.00233311
0.00291807
0.00348047
0.00405438
0.00461107
0.0051809
0.00573448
0.00630195
0.00685527
0.00742182
0.00797477
0.00854153
0.00909455
0.00966208
0.0102156
0.0107841
0.0113384
0.011908
0.0124632
0.0130341
0.0135903
0.0141624
0.0147197
0.0152929
0.0158514
0.0164258
0.0169853
0.0175609
0.0181215
0.0186982
0.0192599
0.0198377
0.0204005
0.0209794
0.0215432
0.0221231
0.0226879
0.0232688
0.0238346
0.0244166
0.0249832
0.0255662
0.0261338
0.0267177
0.0272862
0.0278711
0.0284404
0.0290262
0.0295964
0.030183
0.0307541
0.0316822
0.0322209
0.0327914
0.0333301
0.0339226
0.0344791
0.0350642
0.035619
0.0362106
0.0367685
0.0373624
0.0379231
0.0385183
0.0390809
0.039677
0.0402409
0.0408374
0.0414021
0.0419991
0.0425643
0.0431616
0.043727
0.0443245
0.0448901
0.0454876
0.0460532
0.0466508
0.0472163
0.047814
0.0483793
0.048977
0.0495422
0.0501398
0.0507047
0.0513023
0.051867
0.0524646
0.053029
0.0536264
0.0541905
0.0547879
0.0553517
0.055949
0.0565124
0.0571096
0.0576726
0.0582698
0.0588324
0.0594294
0.0599916
0.0605885
0.0611503
0.0617471
0.0623085
0.0629051
0.0634661
0.0640626
0.0646231
0.0652195
0.0657795
0.0663757
0.0669352
0.0675314
0.0680904
0.0686864
0.0692449
0.0698408
0.0703988
0.0709945
0.0715519
0.0721476
0.0727045
0.0733
0.0738563
0.0744517
0.0750074
0.0756027
0.0761579
0.076753
0.0773076
0.0779027
0.0784567
0.0790516
0.079605
0.0801998
0.0807526
0.0813473
0.0818995
0.0824941
0.0830456
0.0836402
0.084191
0.0847855
0.0853357
0.0859301
0.0864796
0.087074
0.0876228
0.0882171
0.0887652
0.0893595
0.0899069
0.0905011
0.0910479
0.091642
0.0921881
0.0927822
0.0933275
0.0939216
0.0944662
0.0950603
0.0956041
0.0961982
0.0967413
0.0973353
0.0978777
0.0984718
0.0990133
0.0996074
0.100148
0.100742
0.101282
0.101877
0.102416
0.10301
0.103548
0.104143
0.10468
0.105275
0.105811
0.106406
0.106942
0.107536
0.108071
0.108666
0.1092
0.109795
0.110328
0.110923
0.111455
0.11205
0.112582
0.113177
0.113708
0.114303
0.114833
0.115428
0.115957
0.116553
0.117081
0.117676
0.118203
0.118799
0.119325
0.119921
0.120447
0.121043
0.121567
0.122163
0.122687
0.123283
0.123806
0.124402
0.124924
0.125521
0.126041
0.126639
0.127158
0.127755
0.128274
0.128872
0.129389
0.129987
0.130503
0.131101
0.131617
0.132215
0.13273
0.133328
0.133842
0.134441
0.134953
0.135552
0.136063
0.136663
0.137173
0.137773
0.138279
0.138889
0.139389
0.140001
0.140498
0.141112
0.141608
0.142221
0.142716
0.14333
0.143823
0.144438
0.14493
0.145545
0.146036
0.146651
0.147141
0.147756
0.148245
0.148861
0.149348
0.149964
0.150451
0.151067
0.151552
0.152169
0.152653
0.15327
0.153753
0.15437
0.154851
0.155469
0.155949
0.156567
0.157047
0.157665
0.158143
0.158761
0.159238
0.159857
0.160332
0.160951
0.161426
0.162045
0.162519
0.163138
0.16361
0.16423
0.164701
0.165321
0.165791
0.166411
0.16688
0.1675
0.167967
0.168588
0.169054
0.169675
0.17014
0.170761
0.171225
0.171846
0.172309
0.17293
0.173392
0.174013
0.174474
0.175095
0.175555
0.176176
0.176635
0.177256
0.177714
0.178335
0.178792
0.179413
0.179869
0.18049
0.180945
0.181566
0.18202
0.18264
0.183093
0.183714
0.184166
0.184787
0.185237
0.185858
0.186308
0.186928
0.187377
0.187997
0.188445
0.189065
0.189512
0.190132
0.190578
0.191198
0.191643
0.192262
0.192707
0.193326
0.193769
0.194388
0.194831
0.195449
0.195891
0.196509
0.19695
0.197567
0.198008
0.198624
0.199064
0.19968
0.200119
0.200735
0.201173
0.201789
0.202226
0.202841
0.203278
0.203892
0.204328
0.204942
0.205377
0.20599
0.206425
0.207038
0.207472
0.208083
0.208517
0.209128
0.209561
0.210171
0.210604
0.211213
0.211645
0.212254
0.212686
0.213293
0.213724
0.214331
0.214762
0.215368
0.215798
0.216403
0.216833
0.217437
0.217866
0.218469
0.218898
0.2195
0.219929
0.22053
0.220959
0.221558
0.221987
0.222585
0.223013
0.223611
0.224039
0.224635
0.225063
0.225658
0.226085
0.226679
0.227107
0.227699
0.228126
0.228718
0.229145
0.229735
0.230162
0.230751
0.231178
0.231765
0.232192
0.232778
0.233205
0.23379
0.234216
0.2348
0.235227
0.235809
0.236235
0.236816
0.237243
0.237822
0.238249
0.238827
0.239253
0.23983
0.240256
0.240831
0.241258
0.241831
0.242258
0.24283
0.243257
0.243828
0.244255
0.244824
0.245251
0.245818
0.246246
0.246811
0.247239
0.247803
0.248231
0.248793
0.249221
0.249782
0.250211
0.25077
0.251198
0.251756
0.252185
0.252741
0.25317
0.253724
0.254153
0.254706
0.255135
0.255686
0.256116
0.256665
0.257096
0.257643
0.258074
0.258619
0.25905
0.259594
0.260026
0.260568
0.261
0.26154
0.261972
0.262511
0.262943
0.263481
0.263913
0.264449
0.264882
0.265415
0.265849
0.266381
0.266815
0.267345
0.267779
0.268307
0.268742
0.269269
0.269704
0.270229
0.270664
0.271187
0.271623
0.272144
0.272581
0.2731
0.273537
0.274055
0.274492
0.275008
0.275446
0.27596
0.276398
0.27691
0.277349
0.27786
0.278299
0.278807
0.279247
0.279754
0.280194
0.280699
0.281139
0.281643
0.282084
0.282586
0.283027
0.283527
0.283968
0.284467
0.284908
0.285405
0.285847
0.286343
0.286785
0.287279
0.287721
0.288213
0.288656
0.289147
0.28959
0.290079
0.290522
0.291009
0.291453
0.291939
0.292383
0.292867
0.293312
0.293794
0.294239
0.29472
0.295165
0.295644
0.296089
0.296567
0.297013
0.297489
0.297934
0.298409
0.298855
0.299328
0.299774
0.300244
0.300693
0.301162
0.301609
0.302078
0.302524
0.302991
0.303437
0.303902
0.304352
0.304815
0.305262
0.305725
0.306172
0.306632
0.307082
0.307541
0.307988
0.308447
0.308894
0.30935
0.309799
0.310255
0.310702
0.311157
0.311603
0.312056
0.312504
0.312956
0.313403
0.313854
0.314299
0.314748
0.315196
0.315645
0.316091
0.316538
0.316983
0.317428
0.317876
0.31832
0.318765
0.319209
0.319655
0.320098
0.320542
0.320983
0.321429
0.321869
0.322313
0.322751
0.323197
0.323635
0.324078
0.324514
0.324958
0.325394
0.325836
0.32627
0.326714
0.327147
0.327588
0.32802
0.328463
0.328894
0.329335
0.329764
0.330206
0.330635
0.331074
0.331502
0.331943
0.33237
0.332808
0.333234
0.333673
0.334098
0.334535
0.334959
0.335397
0.33582
0.336256
0.336678
0.337115
0.337536
0.33797
0.33839
0.338826
0.339245
0.339678
0.340096
0.34053
0.340948
0.341379
0.341796
0.342228
0.342644
0.343074
0.343488
0.343919
0.344333
0.344761
0.345174
0.345604
0.346016
0.346442
0.346854
0.347281
0.347692
0.348116
0.348526
0.348952
0.349361
0.349784
0.350191
0.350615
0.351023
0.351444
0.35185
0.352272
0.352677
0.353097
0.353501
0.353921
0.354325
0.354742
0.355145
0.355563
0.355966
0.356381
0.356782
0.357198
0.357599
0.358012
0.358411
0.358826
0.359225
0.359636
0.360034
0.360446
0.360843
0.361252
0.361648
0.362058
0.362454
0.362861
0.363255
0.363663
0.364057
0.364462
0.364854
0.36526
0.365652
0.366055
0.366446
0.36685
0.36724
0.367641
0.36803
0.368431
0.36882
0.369219
0.369606
0.370005
0.370392
0.370788
0.371174
0.371571
0.371956
0.37235
0.372733
0.373129
0.373511
0.373904
0.374285
0.374678
0.375059
0.375449
0.375828
0.376219
0.376598
0.376986
0.377364
0.377752
0.378129
0.378515
0.37889
0.379277
0.379652
0.380036
0.380409
0.380794
0.381166
0.381548
0.381918
0.382301
0.382671
0.383051
0.38342
0.383801
0.384168
0.384546
0.384912
0.385291
0.385656
0.386033
0.386396
0.386773
0.387136
0.38751
0.387871
0.388246
0.388606
0.388979
0.389337
0.389711
0.390068
0.390439
0.390795
0.391166
0.391521
0.39189
0.392243
0.392613
0.392965
0.393333
0.393682
0.394051
0.3944
0.394766
0.395113
0.39548
0.395825
0.39619
0.396534
0.396899
0.397242
0.397605
0.397946
0.39831
0.398649
0.399011
0.399348
0.399711
0.400047
0.400408
0.400742
0.401103
0.401436
0.401796
0.402127
0.402487
0.402816
0.403175
0.403503
0.403862
0.404187
0.404545
0.404869
0.405227
0.405549
0.405906
0.406226
0.406583
0.406901
0.407257
0.407573
0.407929
0.408243
0.408599
0.408911
0.409266
0.409576
0.409931
0.410239
0.410593
0.410899
0.411253
0.411558
0.411911
0.412213
0.412567
0.412866
0.41322
0.413517
0.41387
0.414166
0.414518
0.414812
0.415164
0.415455
0.415808
0.416096
0.416449
0.416735
0.417087
0.417372
0.417723
0.418005
0.418357
0.418637
0.418988
0.419266
0.419617
0.419893
0.420244
0.420517
0.420868
0.421138
0.42149
0.421758
0.422109
0.422375
0.422726
0.422989
0.423341
0.423601
0.423953
0.424211
0.424562
0.424818
0.42517
0.425422
0.425774
0.426025
0.426377
0.426625
0.426977
0.427222
0.427574
0.427817
0.428169
0.428409
0.428762
0.428999
0.429352
0.429587
0.42994
0.430172
0.430526
0.430755
0.431108
0.431335
0.431689
0.431913
0.432267
0.432488
0.432843
0.433061
0.433416
0.433632
0.433987
0.4342
0.434555
0.434765
0.435121
0.435329
0.435685
0.435889
0.436246
0.436448
0.436804
0.437003
0.437361
0.437557
0.437914
0.438108
0.438466
0.438656
0.439015
0.439202
0.439561
0.439746
0.440105
0.440287
0.440647
0.440826
0.441186
0.441362
0.441722
0.441896
0.442257
0.442428
0.442789
0.442957
0.443318
0.443483
0.443845
0.444007
0.444369
0.444529
0.444891
0.445049
0.445411
0.445565
0.445928
0.446072
0.446454
0.446592
0.446974
0.447109
0.447491
0.447623
0.448004
0.448134
0.448515
0.448643
0.449024
0.449148
0.449529
0.449651
0.450032
0.450152
0.450532
0.45065
0.45103
0.451145
0.451525
0.451637
0.452017
0.452127
0.452507
0.452615
0.452994
0.453099
0.453478
0.453582
0.45396
0.454061
0.454439
0.454538
0.454916
0.455013
0.45539
0.455485
0.455862
0.455954
0.456331
0.456421
0.456798
0.456886
0.457262
0.457348
0.457723
0.457807
0.458182
0.458264
0.458638
0.458718
0.459092
0.45917
0.459544
0.459619
0.459992
0.460066
0.460439
0.460511
0.460882
0.460952
0.461323
0.461392
0.461762
0.461828
0.462198
0.462263
0.462632
0.462695
0.463063
0.463124
0.463491
0.463551
0.463918
0.463975
0.464341
0.464397
0.464762
0.464817
0.465181
0.465234
0.465597
0.465648
0.46601
0.46606
0.466421
0.466469
0.46683
0.466877
0.467236
0.467281
0.467639
0.467683
0.46804
0.468083
0.468438
0.46848
0.468834
0.468875
0.469228
0.469267
0.469619
0.469657
0.470007
0.470044
0.470393
0.470429
0.470776
0.470811
0.471157
0.471191
0.471536
0.471568
0.471911
0.471943
0.472285
0.472316
0.472656
0.472686
0.473024
0.473053
0.47339
0.473418
0.473753
0.473781
0.474114
0.474141
0.474473
0.474499
0.474828
0.474854
0.475182
0.475207
0.475533
0.475557
0.475881
0.475905
0.476227
0.476251
0.47657
0.476594
0.476911
0.476934
0.47725
0.477272
0.477585
0.477608
0.477919
0.477941
0.47825
0.478272
0.478578
0.4786
0.478904
0.478926
0.479228
0.47925
0.479549
0.479571
0.479867
0.479889
0.480183
0.480205
0.480497
0.480519
0.480808
0.48083
0.481116
0.481139
0.481422
0.481445
0.481726
0.481749
0.482027
0.482051
0.482326
0.48235
0.482622
0.482646
0.482915
0.482941
0.483207
0.483232
0.483495
0.483522
0.483782
0.483808
0.484065
0.484093
0.484347
0.484375
0.484626
0.484654
0.484902
0.484932
0.485176
0.485206
0.485447
0.485479
0.485717
0.485748
0.485983
0.486016
0.486247
0.486281
0.486509
0.486543
0.486768
0.486803
0.487025
0.487061
0.487279
0.487316
0.487531
0.487569
0.48778
0.48782
0.488027
0.488068
0.488272
0.488313
0.488514
0.488556
0.488753
0.488797
0.48899
0.489035
0.489225
0.489271
0.489457
0.489505
0.489687
0.489736
0.489914
0.489964
0.490139
0.49019
0.490362
0.490414
0.490582
0.490635
0.490799
0.490854
0.491014
0.491071
0.491227
0.491285
0.491437
0.491496
0.491645
0.491705
0.49185
0.491912
0.492053
0.492116
0.492254
0.492318
0.492452
0.492517
0.492647
0.492714
0.492839
0.49291
0.493031
0.4931
0.493218
0.493291
0.493404
0.493477
0.493588
0.493661
0.493768
0.493842
0.493949
0.494019
0.494128
0.494193
0.494304
0.494365
0.494478
0.494537
0.49465
0.494703
0.494819
0.494868
0.494986
0.495031
0.49515
0.495192
0.495313
0.49535
0.495472
0.495506
0.49563
0.49566
0.495784
0.495811
0.495937
0.49596
0.496087
0.496106
0.496235
0.49625
0.49638
0.496391
0.496522
0.49653
0.496663
0.496667
0.4968
0.496801
0.496936
0.496933
0.497068
0.497062
0.497199
0.497189
0.497326
0.497313
0.497451
0.497435
0.497574
0.497554
0.497694
0.497671
0.497812
0.497785
0.497927
0.497897
0.49804
0.498006
0.49815
0.498113
0.498257
0.498217
0.498362
0.498319
0.498464
0.498418
0.498564
0.498515
0.498661
0.498609
0.498755
0.498701
0.498847
0.49879
0.498936
0.498876
0.499023
0.49896
0.499107
0.499041
0.499189
0.49912
0.499267
0.499196
0.499343
0.49927
0.499417
0.49934
0.499488
0.499409
0.499556
0.499474
0.499621
0.499537
0.499684
0.499598
0.499744
0.499656
0.499802
0.499711
0.499857
0.499763
0.499909
0.499813
0.499958
0.499861
0.500005
0.499905
0.500049
0.499947
0.50009
0.499986
0.500129
0.500023
0.500164
0.500057
0.500198
0.500088
0.500228
0.500116
0.500256
0.500142
0.500281
0.500165
0.500303
0.500186
0.500322
0.500203
0.500339
0.500218
0.500353
0.500231
0.500364
0.50024
0.500372
0.500247
0.500378
0.500251
0.500381
0.500253
0.500381
0.500251
0.500378
0.500247
0.500372
0.50024
0.500364
0.500231
0.500353
0.500218
0.500339
0.500203
0.500323
0.500185
0.500303
0.500165
0.500281
0.500141
0.500256
0.500115
0.500228
0.500086
0.500197
0.500054
0.500164
0.50002
0.500127
0.499982
0.500088
0.499942
0.500046
0.499899
0.500001
0.499853
0.499954
0.499805
0.499903
0.499754
0.49985
0.499699
0.499794
0.499643
0.499735
0.499583
0.499673
0.49952
0.499609
0.499455
0.499541
0.499387
0.499471
0.499316
0.499398
0.499242
0.499322
0.499165
0.499243
0.499086
0.499161
0.499003
0.499077
0.498918
0.49899
0.49883
0.4989
0.49874
0.498807
0.498646
0.498711
0.49855
0.498612
0.49845
0.498511
0.498348
0.498406
0.498243
0.498299
0.498136
0.498189
0.498025
0.498076
0.497912
0.497961
0.497796
0.497842
0.497677
0.497721
0.497555
0.497597
0.49743
0.49747
0.497302
0.49734
0.497172
0.497207
0.497039
0.497072
0.496903
0.496933
0.496764
0.496792
0.496622
0.496648
0.496478
0.496501
0.49633
0.496352
0.49618
0.496199
0.496027
0.496044
0.495871
0.495886
0.495713
0.495725
0.495551
0.495562
0.495387
0.495395
0.49522
0.495226
0.49505
0.495054
0.494878
0.494879
0.494702
0.494701
0.494524
0.494521
0.494343
0.494338
0.494159
0.494152
0.493972
0.493963
0.493783
0.493771
0.493591
0.493577
0.493395
0.49338
0.493198
0.49318
0.492997
0.492977
0.492794
0.492772
0.492587
0.492564
0.492379
0.492353
0.492167
0.492139
0.491952
0.491923
0.491735
0.491704
0.491515
0.491482
0.491292
0.491257
0.491067
0.49103
0.490839
0.4908
0.490608
0.490567
0.490374
0.490332
0.490137
0.490094
0.489898
0.489853
0.489656
0.489609
0.489412
0.489363
0.489164
0.489114
0.488914
0.488862
0.488661
0.488608
0.488406
0.488351
0.488148
0.488091
0.487887
0.487828
0.487623
0.487563
0.487357
0.487296
0.487088
0.487025
0.486816
0.486752
0.486542
0.486476
0.486265
0.486198
0.485985
0.485917
0.485703
0.485633
0.485418
0.485347
0.48513
0.485058
0.48484
0.484767
0.484547
0.484473
0.484252
0.484176
0.483953
0.483877
0.483653
0.483575
0.483349
0.48327
0.483043
0.482963
0.482734
0.482653
0.482423
0.482341
0.482109
0.482026
0.481793
0.481709
0.481473
0.481388
0.481152
0.481066
0.480827
0.480741
0.480501
0.480413
0.480171
0.480083
0.479839
0.47975
0.479505
0.479414
0.479168
0.479077
0.478828
0.478736
0.478486
0.478393
0.478141
0.478048
0.477794
0.477699
0.477444
0.477349
0.477091
0.476996
0.476736
0.47664
0.476379
0.476282
0.476019
0.475922
0.475657
0.475559
0.475292
0.475193
0.474924
0.474825
0.474554
0.474454
0.474182
0.474081
0.473807
0.473706
0.473429
0.473328
0.47305
0.472947
0.472667
0.472564
0.472282
0.472179
0.471895
0.471791
0.471505
0.471401
0.471113
0.471008
0.470719
0.470613
0.470321
0.470215
0.469922
0.469815
0.46952
0.469413
0.469116
0.469008
0.468709
0.468601
0.4683
0.468191
0.467888
0.467779
0.467474
0.467364
0.467057
0.466947
0.466638
0.466528
0.466217
0.466106
0.465793
0.465682
0.465367
0.465255
0.464939
0.464826
0.464508
0.464395
0.464075
0.463961
0.463639
0.463525
0.463201
0.463086
0.462761
0.462645
0.462318
0.462202
0.461873
0.461756
0.461425
0.461308
0.460975
0.460857
0.460523
0.460404
0.460069
0.459949
0.459612
0.459492
0.459152
0.459032
0.458691
0.458569
0.458227
0.458105
0.457761
0.457638
0.457292
0.457168
0.456821
0.456697
0.456348
0.456222
0.455872
0.455746
0.455394
0.455267
0.454914
0.454786
0.454432
0.454303
0.453947
0.453817
0.453459
0.453329
0.45297
0.452838
0.452478
0.452345
0.451984
0.45185
0.451488
0.451353
0.450989
0.450853
0.450488
0.450351
0.449984
0.449846
0.449479
0.44934
0.448971
0.448831
0.448461
0.448319
0.447948
0.447805
0.447433
0.447289
0.446916
0.446771
0.446397
0.44625
0.445875
0.445727
0.445351
0.445202
0.444825
0.444674
0.444296
0.444144
0.443765
0.443612
0.443232
0.443078
0.442697
0.442541
0.442159
0.442002
0.44162
0.44146
0.441077
0.440916
0.440533
0.44037
0.439986
0.439822
0.439437
0.439271
0.438886
0.438718
0.438332
0.438163
0.437777
0.437606
0.437219
0.437046
0.436658
0.436484
0.436096
0.435919
0.435531
0.435352
0.434964
0.434783
0.434395
0.434212
0.433823
0.433639
0.433249
0.433063
0.432673
0.432485
0.432095
0.431904
0.431514
0.431322
0.430932
0.430737
0.430347
0.43015
0.429759
0.42956
0.42917
0.428968
0.428578
0.428374
0.427984
0.427778
0.427388
0.427179
0.426789
0.426579
0.426189
0.425976
0.425586
0.42537
0.424981
0.424763
0.424373
0.424153
0.423764
0.423541
0.423152
0.422926
0.422538
0.42231
0.421922
0.421691
0.421303
0.42107
0.420682
0.420447
0.42006
0.419821
0.419434
0.419193
0.418807
0.418563
0.418178
0.417931
0.417546
0.417297
0.416912
0.41666
0.416276
0.416021
0.415638
0.41538
0.414997
0.414736
0.414354
0.414091
0.413709
0.413443
0.413062
0.412793
0.412413
0.412141
0.411761
0.411486
0.411108
0.410829
0.410451
0.41017
0.409793
0.409509
0.409132
0.408845
0.408469
0.40818
0.407805
0.407512
0.407138
0.406842
0.406469
0.406169
0.4058
0.405496
0.405125
0.404819
0.404452
0.404142
0.403773
0.40346
0.403095
0.402779
0.402412
0.402093
0.40173
0.401408
0.401043
0.400718
0.400356
0.400029
0.399663
0.399337
0.398971
0.398645
0.398274
0.397949
0.397577
0.397253
0.396876
0.396553
0.396176
0.395853
0.39547
0.395151
0.394764
0.394446
0.394056
0.393739
0.393346
0.39303
0.392634
0.392319
0.39192
0.391606
0.391204
0.390891
0.390486
0.390174
0.389766
0.389455
0.389044
0.388733
0.38832
0.38801
0.387593
0.387285
0.386865
0.386558
0.386135
0.385828
0.385403
0.385097
0.384669
0.384364
0.383933
0.383628
0.383194
0.382891
0.382454
0.382152
0.381712
0.38141
0.380968
0.380667
0.380222
0.379922
0.379474
0.379174
0.378724
0.378425
0.377971
0.377673
0.377217
0.37692
0.376461
0.376164
0.375703
0.375407
0.374943
0.374647
0.374181
0.373886
0.373417
0.373123
0.372651
0.372357
0.371883
0.37159
0.371113
0.37082
0.370342
0.370049
0.369568
0.369276
0.368792
0.3685
0.368015
0.367723
0.367235
0.366944
0.366454
0.366163
0.36567
0.36538
0.364885
0.364594
0.364097
0.363807
0.363308
0.363018
0.362517
0.362227
0.361724
0.361434
0.360929
0.36064
0.360132
0.359843
0.359334
0.359044
0.358533
0.358243
0.35773
0.357441
0.356926
0.356636
0.35612
0.35583
0.355311
0.355022
0.354501
0.354211
0.353689
0.353399
0.352875
0.352585
0.35206
0.351769
0.351242
0.350951
0.350423
0.350131
0.349601
0.34931
0.348778
0.348486
0.347953
0.347661
0.347126
0.346833
0.346298
0.346004
0.345467
0.345173
0.344635
0.34434
0.3438
0.343505
0.342964
0.342669
0.342126
0.34183
0.341287
0.34099
0.340445
0.340147
0.339602
0.339303
0.338757
0.338457
0.33791
0.337609
0.337061
0.33676
0.33621
0.335908
0.335358
0.335055
0.334503
0.334199
0.333647
0.333342
0.332789
0.332483
0.33193
0.331623
0.331068
0.33076
0.330205
0.329896
0.32934
0.329029
0.328473
0.328161
0.327605
0.327292
0.326734
0.32642
0.325862
0.325547
0.324988
0.324671
0.324112
0.323794
0.323235
0.322915
0.322356
0.322035
0.321475
0.321152
0.320592
0.320268
0.319707
0.319382
0.318821
0.318494
0.317933
0.317605
0.317043
0.316714
0.316152
0.31582
0.315259
0.314926
0.314364
0.314029
0.313467
0.313131
0.312569
0.31223
0.311668
0.311329
0.310766
0.310425
0.309863
0.30952
0.308958
0.308612
0.30805
0.307704
0.307142
0.306793
0.306231
0.305881
0.305319
0.304967
0.304405
0.304051
0.30349
0.303133
0.302572
0.302214
0.301653
0.301293
0.300733
0.300371
0.29981
0.299447
0.298886
0.298521
0.297961
0.297593
0.297033
0.296664
0.296105
0.295733
0.295174
0.2948
0.294242
0.293866
0.293308
0.29293
0.292372
0.291992
0.291435
0.291053
0.290496
0.290112
0.289556
0.28917
0.288613
0.288226
0.28767
0.28728
0.286724
0.286332
0.285777
0.285384
0.284829
0.284433
0.283879
0.283481
0.282927
0.282527
0.281974
0.281572
0.281019
0.280615
0.280062
0.279656
0.279104
0.278696
0.278145
0.277735
0.277184
0.276771
0.276221
0.275807
0.275257
0.27484
0.274291
0.273873
0.273324
0.272903
0.272355
0.271933
0.271385
0.27096
0.270413
0.269986
0.269439
0.269011
0.268465
0.268034
0.267488
0.267056
0.26651
0.266076
0.265531
0.265095
0.26455
0.264112
0.263568
0.263128
0.262585
0.262143
0.261599
0.261156
0.260613
0.260167
0.259625
0.259178
0.258635
0.258186
0.257645
0.257194
0.256652
0.2562
0.255659
0.255204
0.254664
0.254208
0.253667
0.253209
0.252669
0.25221
0.25167
0.251209
0.250669
0.250207
0.249668
0.249203
0.248664
0.248198
0.247659
0.247192
0.246653
0.246184
0.245646
0.245176
0.244637
0.244165
0.243627
0.243154
0.242616
0.242141
0.241603
0.241127
0.240589
0.240112
0.239574
0.239095
0.238558
0.238077
0.23754
0.237058
0.236521
0.236038
0.2355
0.235016
0.234479
0.233993
0.233456
0.232969
0.232432
0.231944
0.231406
0.230917
0.23038
0.229889
0.229352
0.228861
0.228323
0.22783
0.227292
0.226799
0.226261
0.225767
0.225228
0.224733
0.224194
0.223698
0.223159
0.222662
0.222123
0.221625
0.221085
0.220587
0.220047
0.219547
0.219007
0.218507
0.217966
0.217465
0.216924
0.216422
0.215881
0.215378
0.214836
0.214333
0.213791
0.213287
0.212744
0.212239
0.211696
0.211191
0.210647
0.210142
0.209597
0.209091
0.208546
0.20804
0.207494
0.206987
0.206441
0.205933
0.205387
0.204878
0.204331
0.203823
0.203275
0.202766
0.202217
0.201708
0.201159
0.200649
0.200099
0.199589
0.199038
0.198528
0.197976
0.197466
0.196914
0.196403
0.19585
0.195339
0.194785
0.194274
0.193719
0.193208
0.192653
0.192141
0.191585
0.191073
0.190516
0.190004
0.189446
0.188934
0.188376
0.187864
0.187304
0.186792
0.186231
0.185719
0.185158
0.184645
0.184083
0.183571
0.183008
0.182495
0.181931
0.181419
0.180854
0.180342
0.179776
0.179264
0.178697
0.178184
0.177616
0.177104
0.176535
0.176024
0.175454
0.174942
0.174371
0.173859
0.173287
0.172776
0.172203
0.171691
0.171118
0.170606
0.170031
0.16952
0.168944
0.168433
0.167857
0.167346
0.166768
0.166257
0.165678
0.165168
0.164588
0.164078
0.163497
0.162987
0.162405
0.161895
0.161312
0.160803
0.160219
0.159709
0.159125
0.158615
0.15803
0.15752
0.156934
0.156425
0.155837
0.155328
0.15474
0.154231
0.153642
0.153133
0.152544
0.152035
0.151444
0.150936
0.150344
0.149836
0.149243
0.148735
0.148142
0.147633
0.147039
0.146531
0.145936
0.145428
0.144833
0.144325
0.143729
0.143221
0.142624
0.142116
0.141518
0.14101
0.140412
0.139904
0.139305
0.138798
0.138197
0.13769
0.137089
0.136582
0.135981
0.135473
0.134871
0.134364
0.133761
0.133254
0.132651
0.132144
0.13154
0.131032
0.130428
0.129921
0.129316
0.128808
0.128203
0.127695
0.12709
0.126582
0.125976
0.125468
0.124862
0.124353
0.123747
0.123238
0.122631
0.122123
0.121515
0.121006
0.120399
0.11989
0.119282
0.118772
0.118164
0.117655
0.117046
0.116536
0.115928
0.115417
0.114809
0.114298
0.113689
0.113178
0.112569
0.112058
0.111449
0.110937
0.110328
0.109816
0.109207
0.108694
0.108085
0.107572
0.106963
0.106449
0.105841
0.105326
0.104718
0.104203
0.103594
0.103079
0.102471
0.101954
0.101346
0.10083
0.100222
0.0997044
0.099097
0.0985787
0.0979716
0.0974526
0.0968459
0.0963262
0.0957199
0.0951993
0.0945934
0.094072
0.0934667
0.0929444
0.0923395
0.0918164
0.091212
0.090688
0.0900842
0.0895592
0.088956
0.0884301
0.0878275
0.0873006
0.0866986
0.0861707
0.0855695
0.0850405
0.08444
0.08391
0.0833102
0.0827791
0.0821801
0.0816479
0.0810497
0.0805164
0.079919
0.0793845
0.078788
0.0782523
0.0776567
0.0771198
0.0765251
0.075987
0.075394
0.0748505
0.074265
0.0737203
0.0731301
0.0725842
0.0720003
0.0714532
0.0708648
0.0703167
0.0697345
0.0691849
0.0685986
0.068048
0.0674676
0.0669154
0.0663314
0.0657781
0.0651995
0.0646449
0.0640625
0.0635098
0.0629254
0.0623718
0.0617916
0.0612392
0.0606526
0.0601038
0.0595148
0.0589653
0.0583807
0.057832
0.0572405
0.056696
0.0561021
0.055559
0.0549634
0.0544192
0.0538287
0.053285
0.052687
0.0521482
0.0515478
0.0510106
0.0504084
0.0498725
0.0492687
0.0487342
0.0481288
0.0475936
0.0469937
0.046458
0.0458503
0.04532
0.0447097
0.0441816
0.0435695
0.0430432
0.0424293
0.0419049
0.0412892
0.0407664
0.0401489
0.0396277
0.0390084
0.0384889
0.0378678
0.0373499
0.0367271
0.0362108
0.0355862
0.0350715
0.0344452
0.033932
0.033304
0.0327924
0.0321627
0.0316527
0.0310212
0.0305128
0.0298796
0.0293727
0.0287379
0.0282325
0.0275959
0.0270922
0.0264539
0.0259516
0.0253117
0.024811
0.0241693
0.0236701
0.0230268
0.0225291
0.0218842
0.021388
0.0207414
0.0202467
0.0195984
0.0191052
0.0184554
0.0179636
0.0173121
0.0168218
0.0161687
0.0156798
0.0150252
0.0145377
0.0138815
0.0133954
0.0127377
0.012253
0.0115938
0.0111103
0.0104497
0.00996757
0.00930539
0.00882464
0.00816099
0.00768153
0.00701643
0.00653826
0.00587173
0.00539482
0.00472689
0.00425122
0.0035819
0.00310745
0.00243676
0.00196351
0.00129147
0.000819397
0.000146041
-0.000324881
-0.000999537
-0.00146933
-0.00214526
-0.00261394
-0.00329113
-0.00375873
-0.00443715
-0.00490369
-0.00558331
-0.00604881
-0.00672962
-0.00719411
-0.00787607
-0.00833957
-0.00902267
-0.00948521
-0.0101694
-0.010631
-0.0113163
-0.011777
-0.0124633
-0.0129231
-0.0136105
-0.0140694
-0.0147578
-0.0152159
-0.0159053
-0.0163626
-0.0170528
-0.0175094
-0.0182006
-0.0186563
-0.0193484
-0.0198035
-0.0204964
-0.0209508
-0.0216446
-0.0220983
-0.0227928
-0.0232459
-0.0239412
-0.0243937
-0.0250898
-0.0255416
-0.0262384
-0.0266897
-0.0273872
-0.0278379
-0.0285361
-0.0289863
-0.0296851
-0.0301349
-0.0308343
-0.0312836
-0.0319835
-0.0324324
-0.0331329
-0.0335814
-0.0342824
-0.0347305
-0.035432
-0.0358797
-0.0365817
-0.0370291
-0.0377314
-0.0381786
-0.0388813
-0.0393282
-0.0400313
-0.040478
-0.0411813
-0.0416278
-0.0423315
-0.0427778
-0.0434817
-0.0439278
-0.044632
-0.045078
-0.0457823
-0.0462282
-0.0469327
-0.0473786
-0.0480832
-0.048529
-0.0492337
-0.0496795
-0.0503843
-0.05083
-0.0515349
-0.0519807
-0.0526855
-0.0531313
-0.0538361
-0.0542821
-0.0549868
-0.0554328
-0.0561374
-0.0565836
-0.0572881
-0.0577344
-0.0584388
-0.0588853
-0.0595894
-0.0600361
-0.06074
-0.061187
-0.0618906
-0.0623378
-0.0630412
-0.0634886
-0.0641917
-0.0646394
-0.0653421
-0.0657902
-0.0664925
-0.0669409
-0.0676428
-0.0680915
-0.068793
-0.0692421
-0.0699431
-0.0703926
-0.0710931
-0.071543
-0.072243
-0.0726933
-0.0733927
-0.0738436
-0.0745423
-0.0749936
-0.0756917
-0.0761436
-0.076841
-0.0772934
-0.0779901
-0.078443
-0.0791391
-0.0795925
-0.0802878
-0.0807418
-0.0814363
-0.0818909
-0.0825846
-0.0830398
-0.0837326
-0.0841885
-0.0848804
-0.0853369
-0.086028
-0.0864851
-0.0871752
-0.087633
-0.0883222
-0.0887807
-0.0894688
-0.0899281
-0.0906152
-0.0910751
-0.0917612
-0.0922219
-0.0929069
-0.0933683
-0.0940522
-0.0945144
-0.0951972
-0.0956601
-0.0963417
-0.0968055
-0.0974859
-0.0979504
-0.0986297
-0.099095
-0.099773
-0.100239
-0.100916
-0.101383
-0.102058
-0.102526
-0.1032
-0.103669
-0.104342
-0.104811
-0.105483
-0.105953
-0.106623
-0.107094
-0.107763
-0.108235
-0.108903
-0.109376
-0.110041
-0.110515
-0.11118
-0.111654
-0.112317
-0.112793
-0.113454
-0.113931
-0.114591
-0.115068
-0.115727
-0.116205
-0.116862
-0.117341
-0.117996
-0.118477
-0.11913
-0.119612
-0.120264
-0.120746
-0.121396
-0.121879
-0.122528
-0.123012
-0.123659
-0.124144
-0.124789
-0.125275
-0.125919
-0.126406
-0.127048
-0.127535
-0.128176
-0.128664
-0.129303
-0.129792
-0.130429
-0.13092
-0.131555
-0.132046
-0.13268
-0.133172
-0.133804
-0.134297
-0.134927
-0.135421
-0.136049
-0.136544
-0.13717
-0.137666
-0.138291
-0.138787
-0.13941
-0.139908
-0.140529
-0.141027
-0.141646
-0.142146
-0.142763
-0.143263
-0.143879
-0.14438
-0.144994
-0.145496
-0.146108
-0.146611
-0.147221
-0.147724
-0.148332
-0.148837
-0.149443
-0.149949
-0.150553
-0.151059
-0.151662
-0.152169
-0.15277
-0.153278
-0.153877
-0.154385
-0.154983
-0.155492
-0.156087
-0.156597
-0.157191
-0.157702
-0.158293
-0.158805
-0.159395
-0.159907
-0.160495
-0.161008
-0.161595
-0.162108
-0.162693
-0.163207
-0.16379
-0.164305
-0.164886
-0.165401
-0.165981
-0.166497
-0.167075
-0.167591
-0.168167
-0.168684
-0.169259
-0.169776
-0.170349
-0.170867
-0.171438
-0.171957
-0.172526
-0.173045
-0.173613
-0.174132
-0.174698
-0.175219
-0.175783
-0.176303
-0.176866
-0.177387
-0.177948
-0.17847
-0.179029
-0.179551
-0.180109
-0.180631
-0.181187
-0.18171
-0.182264
-0.182787
-0.18334
-0.183864
-0.184415
-0.184939
-0.185489
-0.186013
-0.186561
-0.187086
-0.187632
-0.188157
-0.188701
-0.189226
-0.18977
-0.190295
-0.190837
-0.191362
-0.191902
-0.192427
-0.192967
-0.193492
-0.19403
-0.194555
-0.195092
-0.195617
-0.196152
-0.196677
-0.197212
-0.197737
-0.19827
-0.198795
-0.199327
-0.199852
-0.200382
-0.200907
-0.201437
-0.201962
-0.20249
-0.203015
-0.203543
-0.204068
-0.204594
-0.20512
-0.205643
-0.206168
-0.206691
-0.207215
-0.207738
-0.208262
-0.208784
-0.209309
-0.209827
-0.210352
-0.21087
-0.211394
-0.211912
-0.212436
-0.212953
-0.213478
-0.213992
-0.214515
-0.21503
-0.215552
-0.216067
-0.21659
-0.217102
-0.217624
-0.218136
-0.218657
-0.219169
-0.219691
-0.2202
-0.220721
-0.22123
-0.221751
-0.22226
-0.222781
-0.223287
-0.223807
-0.224314
-0.224834
-0.225338
-0.225857
-0.226362
-0.226881
-0.227384
-0.227902
-0.228405
-0.228923
-0.229424
-0.229941
-0.230443
-0.23096
-0.23146
-0.231976
-0.232476
-0.232992
-0.23349
-0.234005
-0.234504
-0.235019
-0.235515
-0.236029
-0.236527
-0.237041
-0.237535
-0.238048
-0.238544
-0.239057
-0.23955
-0.240062
-0.240556
-0.241068
-0.24156
-0.24207
-0.242563
-0.243074
-0.243564
-0.244073
-0.244564
-0.245074
-0.245563
-0.246071
-0.24656
-0.247069
-0.247556
-0.248063
-0.248551
-0.249059
-0.249544
-0.25005
-0.250537
-0.251043
-0.251527
-0.252031
-0.252517
-0.253021
-0.253505
-0.254007
-0.254491
-0.254995
-0.255476
-0.255978
-0.256461
-0.256963
-0.257443
-0.257944
-0.258424
-0.258923
-0.259404
-0.259903
-0.260382
-0.26088
-0.261359
-0.261856
-0.262334
-0.262832
-0.263308
-0.263805
-0.264281
-0.264776
-0.265252
-0.265746
-0.266222
-0.266717
-0.267191
-0.267684
-0.268158
-0.26865
-0.269123
-0.269615
-0.270087
-0.270579
-0.27105
-0.271541
-0.272011
-0.272501
-0.272971
-0.27346
-0.27393
-0.274418
-0.274887
-0.275375
-0.275842
-0.27633
-0.276797
-0.277284
-0.27775
-0.278236
-0.278701
-0.279187
-0.279651
-0.280136
-0.2806
-0.281084
-0.281547
-0.282031
-0.282493
-0.282976
-0.283438
-0.28392
-0.284381
-0.284862
-0.285323
-0.285803
-0.286263
-0.286743
-0.287201
-0.287681
-0.288139
-0.288618
-0.289075
-0.289553
-0.290009
-0.290487
-0.290942
-0.291419
-0.291874
-0.29235
-0.292804
-0.29328
-0.293732
-0.294208
-0.29466
-0.295134
-0.295585
-0.296059
-0.296509
-0.296983
-0.297432
-0.297905
-0.298354
-0.298826
-0.299273
-0.299745
-0.300192
-0.300663
-0.301109
-0.301579
-0.302024
-0.302494
-0.302938
-0.303407
-0.30385
-0.304319
-0.304761
-0.305229
-0.30567
-0.306138
-0.306578
-0.307045
-0.307484
-0.307951
-0.308389
-0.308854
-0.309292
-0.309757
-0.310193
-0.310658
-0.311093
-0.311557
-0.311992
-0.312455
-0.312889
-0.313351
-0.313784
-0.314246
-0.314678
-0.31514
-0.315571
-0.316031
-0.316462
-0.316921
-0.317351
-0.31781
-0.318239
-0.318697
-0.319125
-0.319583
-0.32001
-0.320467
-0.320893
-0.321349
-0.321774
-0.32223
-0.322654
-0.323109
-0.323533
-0.323987
-0.324409
-0.324863
-0.325285
-0.325738
-0.326158
-0.326611
-0.32703
-0.327482
-0.327901
-0.328352
-0.32877
-0.32922
-0.329637
-0.330087
-0.330503
-0.330952
-0.331367
-0.331815
-0.332229
-0.332677
-0.33309
-0.333537
-0.33395
-0.334396
-0.334808
-0.335253
-0.335664
-0.336109
-0.336519
-0.336963
-0.337372
-0.337815
-0.338223
-0.338666
-0.339073
-0.339515
-0.339921
-0.340362
-0.340768
-0.341208
-0.341613
-0.342053
-0.342457
-0.342896
-0.343299
-0.343737
-0.344139
-0.344576
-0.344978
-0.345414
-0.345815
-0.346251
-0.346651
-0.347085
-0.347484
-0.347918
-0.348317
-0.34875
-0.349147
-0.34958
-0.349976
-0.350408
-0.350804
-0.351234
-0.351629
-0.352059
-0.352454
-0.352882
-0.353276
-0.353704
-0.354097
-0.354523
-0.354916
-0.355341
-0.355733
-0.356158
-0.356549
-0.356972
-0.357362
-0.357785
-0.358175
-0.358596
-0.358985
-0.359406
-0.359794
-0.360213
-0.360601
-0.361019
-0.361406
-0.361823
-0.362209
-0.362626
-0.363011
-0.363426
-0.36381
-0.364225
-0.364608
-0.365021
-0.365404
-0.365816
-0.366199
-0.366609
-0.366991
-0.367401
-0.367782
-0.36819
-0.36857
-0.368977
-0.369357
-0.369763
-0.370142
-0.370546
-0.370925
-0.371328
-0.371706
-0.372108
-0.372485
-0.372885
-0.373262
-0.373661
-0.374037
-0.374435
-0.37481
-0.375206
-0.375581
-0.375976
-0.37635
-0.376744
-0.377117
-0.377509
-0.377882
-0.378273
-0.378645
-0.379034
-0.379405
-0.379793
-0.380164
-0.380551
-0.380921
-0.381306
-0.381675
-0.382059
-0.382427
-0.382809
-0.383178
-0.383558
-0.383926
-0.384305
-0.384672
-0.385049
-0.385415
-0.385791
-0.386157
-0.386531
-0.386896
-0.387269
-0.387633
-0.388004
-0.388368
-0.388737
-0.3891
-0.389468
-0.389831
-0.390197
-0.390559
-0.390924
-0.391285
-0.391648
-0.392008
-0.39237
-0.39273
-0.39309
-0.393448
-0.393807
-0.394165
-0.394522
-0.39488
-0.395235
-0.395592
-0.395945
-0.396301
-0.396653
-0.397009
-0.397359
-0.397714
-0.398062
-0.398416
-0.398763
-0.399116
-0.399462
-0.399814
-0.400159
-0.40051
-0.400853
-0.401145
-0.40149
-0.40185
-0.402186
-0.402548
-0.40288
-0.403241
-0.40357
-0.403929
-0.404256
-0.404614
-0.404939
-0.405296
-0.405619
-0.405975
-0.406296
-0.406652
-0.40697
-0.407325
-0.407642
-0.407997
-0.408312
-0.408665
-0.408979
-0.409331
-0.409562
-0.409926
-0.410246
-0.410598
-0.410914
-0.411262
-0.411576
-0.411923
-0.412234
-0.41258
-0.412889
-0.413234
-0.41354
-0.413884
-0.414189
-0.414532
-0.414835
-0.415177
-0.415478
-0.415819
-0.416118
-0.416459
-0.416757
-0.417097
-0.417393
-0.417732
-0.418026
-0.418365
-0.418657
-0.418996
-0.419283
-0.419632
-0.41991
-0.420259
-0.420536
-0.420884
-0.421159
-0.421507
-0.421781
-0.422127
-0.422399
-0.422745
-0.423016
-0.423361
-0.42363
-0.423974
-0.424241
-0.424584
-0.42485
-0.425193
-0.425457
-0.425798
-0.426061
-0.426402
-0.426663
-0.427003
-0.427262
-0.427601
-0.427859
-0.428197
-0.428454
-0.42879
-0.429046
-0.429382
-0.429636
-0.42997
-0.430223
-0.430556
-0.430808
-0.43114
-0.43139
-0.431721
-0.43197
-0.4323
-0.432547
-0.432876
-0.433122
-0.43345
-0.433695
-0.434021
-0.434265
-0.43459
-0.434832
-0.435156
-0.435397
-0.43572
-0.43596
-0.436281
-0.43652
-0.43684
-0.437078
-0.437397
-0.437633
-0.437951
-0.438186
-0.438502
-0.438736
-0.439051
-0.439284
-0.439597
-0.439829
-0.440141
-0.440372
-0.440683
-0.440913
-0.441222
-0.441451
-0.441758
-0.441986
-0.442292
-0.442519
-0.442824
-0.44305
-0.443353
-0.443578
-0.443879
-0.444103
-0.444403
-0.444626
-0.444925
-0.445147
-0.445444
-0.445665
-0.44596
-0.446181
-0.446474
-0.446694
-0.446986
-0.447205
-0.447495
-0.447713
-0.448002
-0.448219
-0.448506
-0.448723
-0.449007
-0.449224
-0.449506
-0.449726
-0.45
-0.450218
-0.450496
-0.450714
-0.450985
-0.451202
-0.451476
-0.451693
-0.45196
-0.452176
-0.452447
-0.452662
-0.452926
-0.45314
-0.453407
-0.453619
-0.453885
-0.454098
-0.454357
-0.45457
-0.454831
-0.455041
-0.455301
-0.455512
-0.455766
-0.455976
-0.456233
-0.45644
-0.456695
-0.456902
-0.457155
-0.457362
-0.457613
-0.457819
-0.458068
-0.458273
-0.458521
-0.458725
-0.458971
-0.459175
-0.459418
-0.459622
-0.459863
-0.460066
-0.460305
-0.460508
-0.460745
-0.460948
-0.461183
-0.461385
-0.461618
-0.46182
-0.46205
-0.462252
-0.462481
-0.462682
-0.462908
-0.46311
-0.463334
-0.463535
-0.463756
-0.463957
-0.464177
-0.464377
-0.464595
-0.464795
-0.46501
-0.46521
-0.465423
-0.465623
-0.465833
-0.466033
-0.466241
-0.466441
-0.466647
-0.466846
-0.46705
-0.467249
-0.467451
-0.467649
-0.467849
-0.468047
-0.468245
-0.468443
-0.468638
-0.468836
-0.469029
-0.469227
-0.469418
-0.469615
-0.469804
-0.470001
-0.470187
-0.470384
-0.470568
-0.470765
-0.470947
-0.471143
-0.471323
-0.471519
-0.471697
-0.471893
-0.472068
-0.472264
-0.472437
-0.472632
-0.472803
-0.472998
-0.473167
-0.473362
-0.473528
-0.473723
-0.473887
-0.474082
-0.474243
-0.474438
-0.474597
-0.474792
-0.474949
-0.475143
-0.475298
-0.475492
-0.475644
-0.475838
-0.475989
-0.476182
-0.47633
-0.476523
-0.476669
-0.476862
-0.477006
-0.477199
-0.47734
-0.477533
-0.477672
-0.477864
-0.478001
-0.478193
-0.478328
-0.478519
-0.478652
-0.478843
-0.478974
-0.479165
-0.479293
-0.479484
-0.47961
-0.4798
-0.479924
-0.480114
-0.480236
-0.480426
-0.480545
-0.480735
-0.480852
-0.481041
-0.481156
-0.481345
-0.481458
-0.481647
-0.481757
-0.481946
-0.482054
-0.482242
-0.482349
-0.482536
-0.48264
-0.482827
-0.48293
-0.483116
-0.483216
-0.483403
-0.483501
-0.483687
-0.483782
-0.483968
-0.484062
-0.484249
-0.484336
-0.484523
-0.484608
-0.484794
-0.484877
-0.485063
-0.485144
-0.485329
-0.485409
-0.485593
-0.485671
-0.485854
-0.485931
-0.486113
-0.486189
-0.48637
-0.486444
-0.486624
-0.486696
-0.486875
-0.486946
-0.487124
-0.487193
-0.487371
-0.487439
-0.487616
-0.487682
-0.487858
-0.487923
-0.488098
-0.488161
-0.488335
-0.488396
-0.48857
-0.488629
-0.488802
-0.488859
-0.489031
-0.489087
-0.489259
-0.489313
-0.489483
-0.489536
-0.489705
-0.489757
-0.489925
-0.489975
-0.490143
-0.490191
-0.490358
-0.490405
-0.490571
-0.490617
-0.490782
-0.490826
-0.490991
-0.491033
-0.491198
-0.491239
-0.491402
-0.491442
-0.491605
-0.491643
-0.491806
-0.491843
-0.492004
-0.49204
-0.492201
-0.492236
-0.492396
-0.49243
-0.492589
-0.492622
-0.492781
-0.492813
-0.492971
-0.493002
-0.493159
-0.493189
-0.493346
-0.493375
-0.493531
-0.49356
-0.493715
-0.493743
-0.493897
-0.493924
-0.494078
-0.494104
-0.494258
-0.494283
-0.494436
-0.494461
-0.494613
-0.494637
-0.494789
-0.494813
-0.494963
-0.494987
-0.495136
-0.49516
-0.495309
-0.495332
-0.49548
-0.495503
-0.49565
-0.495673
-0.495819
-0.495842
-0.495987
-0.49601
-0.496154
-0.496177
-0.496321
-0.496343
-0.496487
-0.496509
-0.496653
-0.496675
-0.496943
-0.496918
-0.497067
-0.497192
-0.497368
-0.497359
-0.497477
-0.497483
-0.497602
-0.497604
-0.497728
-0.49773
-0.497856
-0.497858
-0.497983
-0.497984
-0.498109
-0.498109
-0.498233
-0.498232
-0.498354
-0.498352
-0.498472
-0.498468
-0.498587
-0.498581
-0.498698
-0.498691
-0.498806
-0.498796
-0.49891
-0.498899
-0.49901
-0.498997
-0.499107
-0.499092
-0.4992
-0.499184
-0.49929
-0.499272
-0.499376
-0.499356
-0.499459
-0.499437
-0.499538
-0.499515
-0.499614
-0.499589
-0.499686
-0.49966
-0.499756
-0.499728
-0.499821
-0.499792
-0.499884
-0.499853
-0.499943
-0.49991
-0.499999
-0.499965
-0.500052
-0.500016
-0.500101
-0.500064
-0.500148
-0.500109
-0.500191
-0.500151
-0.500231
-0.50019
-0.500268
-0.500225
-0.500302
-0.500258
-0.500333
-0.500288
-0.500361
-0.500314
-0.500386
-0.500338
-0.500408
-0.500358
-0.500427
-0.500376
-0.500443
-0.500391
-0.500456
-0.500402
-0.500467
-0.500411
-0.500474
-0.500417
-0.500478
-0.50042
-0.50048
-0.50042
-0.500478
-0.500418
-0.500474
-0.500412
-0.500467
-0.500403
-0.500457
-0.500392
-0.500444
-0.500378
-0.500428
-0.500361
-0.50041
-0.500341
-0.500388
-0.500319
-0.500364
-0.500293
-0.500337
-0.500265
-0.500308
-0.500234
-0.500275
-0.5002
-0.50024
-0.500164
-0.500202
-0.500124
-0.500161
-0.500082
-0.500117
-0.500038
-0.500071
-0.49999
-0.500022
-0.49994
-0.49997
-0.499887
-0.499916
-0.499831
-0.499858
-0.499772
-0.499798
-0.499711
-0.499736
-0.499647
-0.49967
-0.49958
-0.499602
-0.499511
-0.499531
-0.499439
-0.499457
-0.499364
-0.499381
-0.499286
-0.499302
-0.499206
-0.49922
-0.499123
-0.499136
-0.499037
-0.499049
-0.498949
-0.498959
-0.498858
-0.498867
-0.498764
-0.498771
-0.498668
-0.498674
-0.498569
-0.498573
-0.498467
-0.49847
-0.498363
-0.498364
-0.498256
-0.498255
-0.498146
-0.498144
-0.498033
-0.49803
-0.497918
-0.497914
-0.497801
-0.497795
-0.49768
-0.497673
-0.497557
-0.497548
-0.497431
-0.497421
-0.497303
-0.497291
-0.497172
-0.497159
-0.497038
-0.497024
-0.496902
-0.496886
-0.496763
-0.496746
-0.496621
-0.496603
-0.496477
-0.496457
-0.49633
-0.496309
-0.496181
-0.496158
-0.496029
-0.496004
-0.495874
-0.495848
-0.495716
-0.495689
-0.495556
-0.495528
-0.495394
-0.495364
-0.495229
-0.495197
-0.495058
-0.495031
-0.49489
-0.494862
-0.494719
-0.494689
-0.494546
-0.494514
-0.494369
-0.494336
-0.49419
-0.494155
-0.494008
-0.493972
-0.493824
-0.493786
-0.493637
-0.493597
-0.493447
-0.493405
-0.493254
-0.493211
-0.493059
-0.493014
-0.492861
-0.492815
-0.49266
-0.492612
-0.492456
-0.492407
-0.49225
-0.4922
-0.492042
-0.49199
-0.49183
-0.491777
-0.491616
-0.491561
-0.4914
-0.491343
-0.491181
-0.491122
-0.490959
-0.490899
-0.490734
-0.490673
-0.490507
-0.490444
-0.490277
-0.490212
-0.490045
-0.489979
-0.48981
-0.489742
-0.489572
-0.489503
-0.489332
-0.489261
-0.489089
-0.489017
-0.488844
-0.48877
-0.488596
-0.48852
-0.488345
-0.488268
-0.488092
-0.488013
-0.487836
-0.487756
-0.487578
-0.487496
-0.487317
-0.487233
-0.487054
-0.486968
-0.486788
-0.4867
-0.486519
-0.48643
-0.486248
-0.486156
-0.485973
-0.48588
-0.485696
-0.485601
-0.485416
-0.485319
-0.485133
-0.485035
-0.484848
-0.484748
-0.48456
-0.484459
-0.48427
-0.484168
-0.483978
-0.483874
-0.483683
-0.483577
-0.483386
-0.483278
-0.483086
-0.482977
-0.482784
-0.482673
-0.482479
-0.482367
-0.482171
-0.482057
-0.481861
-0.481746
-0.481549
-0.481432
-0.481234
-0.481115
-0.480916
-0.480796
-0.480596
-0.480474
-0.480273
-0.480149
-0.479948
-0.479822
-0.47962
-0.479492
-0.479289
-0.47916
-0.478956
-0.478825
-0.47862
-0.478487
-0.478281
-0.478147
-0.477939
-0.477803
-0.477595
-0.477457
-0.477248
-0.477109
-0.476899
-0.476757
-0.476546
-0.476403
-0.476191
-0.476045
-0.475833
-0.475685
-0.475472
-0.475322
-0.475108
-0.474956
-0.474741
-0.474587
-0.474371
-0.474215
-0.473999
-0.473841
-0.473623
-0.473463
-0.473244
-0.473082
-0.472862
-0.472698
-0.472477
-0.47231
-0.472089
-0.47192
-0.471698
-0.471526
-0.471303
-0.471129
-0.470905
-0.470729
-0.470504
-0.470325
-0.470099
-0.469917
-0.469689
-0.469506
-0.469277
-0.469091
-0.468861
-0.468673
-0.468442
-0.468251
-0.468019
-0.467826
-0.467593
-0.467398
-0.467163
-0.466965
-0.466729
-0.466529
-0.466292
-0.466089
-0.465851
-0.465557
-0.465338
-0.465131
-0.464769
-0.464598
-0.464369
-0.464178
-0.463952
-0.46374
-0.463511
-0.463303
-0.46307
-0.462858
-0.462624
-0.462409
-0.462173
-0.461955
-0.461719
-0.461498
-0.461262
-0.461039
-0.460801
-0.460576
-0.460338
-0.460111
-0.459873
-0.459643
-0.459406
-0.459174
-0.458936
-0.458702
-0.458464
-0.458228
-0.457989
-0.457753
-0.457512
-0.457275
-0.457032
-0.456796
-0.45655
-0.456314
-0.456066
-0.45583
-0.45558
-0.455344
-0.455092
-0.454855
-0.454601
-0.454364
-0.454108
-0.453872
-0.453613
-0.453376
-0.453116
-0.452879
-0.452616
-0.452379
-0.452114
-0.451877
-0.45161
-0.451373
-0.451104
-0.450867
-0.450596
-0.450358
-0.450085
-0.449848
-0.449572
-0.449334
-0.449056
-0.448819
-0.448539
-0.448301
-0.448019
-0.447782
-0.447497
-0.447259
-0.446973
-0.446735
-0.446446
-0.446208
-0.445917
-0.445679
-0.445386
-0.445148
-0.444852
-0.444615
-0.444317
-0.444079
-0.443779
-0.443541
-0.443239
-0.443001
-0.442697
-0.442459
-0.442153
-0.441915
-0.441607
-0.441369
-0.441059
-0.440821
-0.440509
-0.440271
-0.439957
-0.43972
-0.439402
-0.439165
-0.438846
-0.438609
-0.438287
-0.43805
-0.437726
-0.43749
-0.437163
-0.436927
-0.436598
-0.436361
-0.43603
-0.435794
-0.435461
-0.435224
-0.434889
-0.434652
-0.434314
-0.434078
-0.433738
-0.433502
-0.43316
-0.432923
-0.432579
-0.432342
-0.431996
-0.431759
-0.431411
-0.431174
-0.430823
-0.430587
-0.430234
-0.429997
-0.429642
-0.429406
-0.429049
-0.428812
-0.428453
-0.428216
-0.427855
-0.427618
-0.427254
-0.427018
-0.426652
-0.426415
-0.426047
-0.425811
-0.425441
-0.425204
-0.424832
-0.424595
-0.424221
-0.423984
-0.423608
-0.423371
-0.422993
-0.422756
-0.422376
-0.422138
-0.421756
-0.421519
-0.421135
-0.420897
-0.420511
-0.420274
-0.419885
-0.419648
-0.419258
-0.41902
-0.418628
-0.41839
-0.417996
-0.417761
-0.417358
-0.417124
-0.416719
-0.416485
-0.416079
-0.415845
-0.415436
-0.415202
-0.414792
-0.414558
-0.414146
-0.413911
-0.413498
-0.413263
-0.412847
-0.412613
-0.412195
-0.41196
-0.411541
-0.411306
-0.410885
-0.41065
-0.410227
-0.409992
-0.409568
-0.409332
-0.408906
-0.408669
-0.408242
-0.408005
-0.407576
-0.407339
-0.406908
-0.406671
-0.406239
-0.406001
-0.405567
-0.40533
-0.404894
-0.404656
-0.404218
-0.40398
-0.403541
-0.403302
-0.402861
-0.402623
-0.40218
-0.401941
-0.401497
-0.401257
-0.400812
-0.400572
-0.400125
-0.399885
-0.399436
-0.399195
-0.398745
-0.398504
-0.398052
-0.397811
-0.397357
-0.397116
-0.396661
-0.396419
-0.395962
-0.39572
-0.395262
-0.395019
-0.394559
-0.394316
-0.393855
-0.393611
-0.393149
-0.392905
-0.392441
-0.392196
-0.391731
-0.391486
-0.391019
-0.390773
-0.390305
-0.390059
-0.38959
-0.389343
-0.388872
-0.388625
-0.388153
-0.387905
-0.387431
-0.387183
-0.386708
-0.38646
-0.385983
-0.385734
-0.385256
-0.385007
-0.384528
-0.384277
-0.383797
-0.383546
-0.383064
-0.382813
-0.38233
-0.382078
-0.381594
-0.381341
-0.380856
-0.380603
-0.380116
-0.379862
-0.379374
-0.37912
-0.37863
-0.378376
-0.377885
-0.377629
-0.377137
-0.376881
-0.376388
-0.376132
-0.375637
-0.37538
-0.374884
-0.374626
-0.374129
-0.373871
-0.373373
-0.373114
-0.372614
-0.372355
-0.371854
-0.371594
-0.371092
-0.370831
-0.370328
-0.370066
-0.369562
-0.3693
-0.368794
-0.368531
-0.368025
-0.367761
-0.367253
-0.366989
-0.36648
-0.366215
-0.365705
-0.36544
-0.364928
-0.364662
-0.36415
-0.363883
-0.363369
-0.363102
-0.362587
-0.362318
-0.361803
-0.361534
-0.361017
-0.360747
-0.360229
-0.359958
-0.35944
-0.359168
-0.358648
-0.358376
-0.357855
-0.357582
-0.35706
-0.356786
-0.356263
-0.355988
-0.355464
-0.355189
-0.354664
-0.354387
-0.353861
-0.353584
-0.353057
-0.352779
-0.352251
-0.351972
-0.351443
-0.351163
-0.350634
-0.350353
-0.349822
-0.34954
-0.349009
-0.348726
-0.348194
-0.34791
-0.347377
-0.347092
-0.346558
-0.346273
-0.345738
-0.345451
-0.344915
-0.344628
-0.344091
-0.343803
-0.343265
-0.342976
-0.342437
-0.342147
-0.341608
-0.341316
-0.340776
-0.340484
-0.339943
-0.339649
-0.339108
-0.338813
-0.338271
-0.337975
-0.337432
-0.337135
-0.336592
-0.336294
-0.335749
-0.33545
-0.334905
-0.334605
-0.334059
-0.333758
-0.333211
-0.332909
-0.332362
-0.332058
-0.33151
-0.331205
-0.330657
-0.330351
-0.329802
-0.329495
-0.328945
-0.328636
-0.328087
-0.327776
-0.327226
-0.326915
-0.326364
-0.326051
-0.3255
-0.325186
-0.324634
-0.324318
-0.323766
-0.323449
-0.322896
-0.322578
-0.322025
-0.321706
-0.321152
-0.320831
-0.320277
-0.319955
-0.3194
-0.319076
-0.318522
-0.318196
-0.317641
-0.317314
-0.316759
-0.316431
-0.315875
-0.315545
-0.314989
-0.314658
-0.314102
-0.313769
-0.313212
-0.312878
-0.312321
-0.311985
-0.311428
-0.31109
-0.310533
-0.310194
-0.309637
-0.309295
-0.308738
-0.308395
-0.307838
-0.307493
-0.306936
-0.30659
-0.306032
-0.305684
-0.305127
-0.304777
-0.304219
-0.303868
-0.30331
-0.302957
-0.302399
-0.302044
-0.301487
-0.30113
-0.300572
-0.300213
-0.299656
-0.299295
-0.298738
-0.298375
-0.297818
-0.297454
-0.296897
-0.29653
-0.295974
-0.295605
-0.295049
-0.294678
-0.294122
-0.293749
-0.293193
-0.292819
-0.292263
-0.291887
-0.291331
-0.290952
-0.290397
-0.290017
-0.289462
-0.289079
-0.288525
-0.28814
-0.287586
-0.287199
-0.286645
-0.286256
-0.285703
-0.285311
-0.284759
-0.284365
-0.283813
-0.283417
-0.282865
-0.282468
-0.281916
-0.281516
-0.280965
-0.280563
-0.280013
-0.279608
-0.279059
-0.278652
-0.278103
-0.277694
-0.277145
-0.276734
-0.276186
-0.275772
-0.275225
-0.274809
-0.274262
-0.273844
-0.273298
-0.272878
-0.272332
-0.271909
-0.271365
-0.27094
-0.270396
-0.269968
-0.269425
-0.268995
-0.268453
-0.26802
-0.267479
-0.267044
-0.266503
-0.266066
-0.265526
-0.265087
-0.264548
-0.264106
-0.263567
-0.263123
-0.262586
-0.262139
-0.261602
-0.261153
-0.260617
-0.260165
-0.259631
-0.259177
-0.258643
-0.258186
-0.257653
-0.257194
-0.256662
-0.256201
-0.25567
-0.255206
-0.254675
-0.254209
-0.25368
-0.253211
-0.252683
-0.252211
-0.251684
-0.25121
-0.250684
-0.250208
-0.249682
-0.249204
-0.248679
-0.248198
-0.247674
-0.247191
-0.246668
-0.246182
