0.000357143
0.000671314
0.000944387
0.00118908
0.00139603
0.0015904
0.00176086
0.00192561
0.00207286
0.00222007
0.0023543
0.00249111
0.00261796
0.00275
0.00287367
0.00300428
0.0031274
0.00325859
0.00338281
0.00351583
0.00364221
0.00377784
0.003907
0.00404572
0.00417807
0.00432014
0.0044559
0.0046015
0.0047408
0.00489
0.00503289
0.00518572
0.00533222
0.0054887
0.00563881
0.0057989
0.00595259
0.00611628
0.00627351
0.00644076
0.00660151
0.00677227
0.00693649
0.00711073
0.00727838
0.00745606
0.00762709
0.00780817
0.00798254
0.00816699
0.00834465
0.00853242
0.00871334
0.0089044
0.00874968
0.00876609
0.00880769
0.0088977
0.00897977
0.00909383
0.0092077
0.0093543
0.0094925
0.00965907
0.00981472
0.00999543
0.0101638
0.0103549
0.0105327
0.0107319
0.0109171
0.0111226
0.0113137
0.0115245
0.0117205
0.0119359
0.0121362
0.0123555
0.0125596
0.0127826
0.0129903
0.0132167
0.0134276
0.0136574
0.0138714
0.0141043
0.0143213
0.0145572
0.0147772
0.0150161
0.015239
0.0154809
0.0157066
0.0159513
0.0161798
0.0164274
0.0166587
0.0169091
0.0171432
0.0173964
0.0176331
0.0178892
0.0181286
0.0183874
0.0186295
0.0188911
0.0191359
0.0194002
0.0196476
0.0199147
0.0201647
0.0204346
0.0206872
0.0209597
0.0212149
0.0214902
0.021748
0.022026
0.0222863
0.022567
0.0228299
0.0231133
0.0233788
0.0236648
0.0239328
0.0242216
0.0244921
0.0247835
0.0250566
0.0253507
0.0256263
0.025923
0.0262011
0.0265005
0.0267811
0.0270831
0.0273662
0.0276709
0.0279565
0.0282639
0.0285519
0.028862
0.0291525
0.0294651
0.0297581
0.0300734
0.0303688
0.0306868
0.0309847
0.0313053
0.0316056
0.0319288
0.0322316
0.0325575
0.0328626
0.0331912
0.0334987
0.0338299
0.0341399
0.0344737
0.034786
0.0351225
0.0354372
0.0357763
0.0360934
0.0364351
0.0367546
0.0370989
0.0374208
0.0377677
0.0380919
0.0384414
0.0387679
0.0391201
0.0394489
0.0398037
0.0401349
0.0404922
0.0408257
0.0411856
0.0415213
0.0418838
0.0422218
0.0425869
0.0429272
0.0432948
0.0436373
0.0440075
0.0443522
0.044725
0.0450719
0.0454471
0.0457962
0.046174
0.0465253
0.0469055
0.0472589
0.0476417
0.0479972
0.0483824
0.04874
0.0491277
0.0494874
0.0498775
0.0502392
0.0506318
0.0509955
0.0513905
0.0517562
0.0521535
0.0525212
0.0529208
0.0532904
0.0536924
0.0540639
0.0544682
0.0548416
0.0552482
0.0556234
0.0560322
0.0564092
0.0568202
0.057199
0.0576122
0.0579927
0.0584081
0.0587902
0.0592078
0.0595915
0.0600112
0.0603965
0.0608182
0.0612052
0.0616289
0.0620173
0.062443
0.0628329
0.0632605
0.0636519
0.0640814
0.0644741
0.0649084
0.065296
0.0657323
0.0661206
0.0665589
0.0669484
0.0673885
0.0677792
0.0682211
0.0686128
0.0690564
0.0694492
0.0698944
0.0702882
0.070735
0.0711297
0.071578
0.0719735
0.0724232
0.0728196
0.0732707
0.0736678
0.0741202
0.074518
0.0749717
0.0753701
0.075825
0.076224
0.07668
0.0770795
0.0775365
0.0779365
0.0783946
0.0787949
0.0792539
0.0796546
0.0801145
0.0805154
0.0809761
0.0813773
0.0818387
0.08224
0.0827022
0.0831035
0.0835663
0.0839677
0.0844309
0.0848323
0.0852961
0.0856973
0.0861615
0.0865625
0.087027
0.0874278
0.0878926
0.0882931
0.0887581
0.0891583
0.0896234
0.0900231
0.0904883
0.0908875
0.0913526
0.0917513
0.0922164
0.0926145
0.0930793
0.0934768
0.0939414
0.0943381
0.0948024
0.0951983
0.0956623
0.0960573
0.0965208
0.096915
0.097378
0.0977711
0.0982335
0.0986257
0.0990874
0.0994784
0.0999395
0.100329
0.10079
0.101178
0.101638
0.102025
0.102484
0.10287
0.103327
0.103712
0.104168
0.104552
0.105007
0.105389
0.105843
0.106223
0.106676
0.107055
0.107506
0.107884
0.108334
0.108709
0.109158
0.109532
0.109979
0.110351
0.110797
0.111167
0.111611
0.11198
0.112422
0.112789
0.113229
0.113594
0.114033
0.114396
0.114833
0.115194
0.115629
0.115988
0.116421
0.116778
0.117209
0.117564
0.117993
0.118346
0.118773
0.119124
0.119549
0.119898
0.12032
0.120667
0.121087
0.121432
0.12185
0.122193
0.122608
0.122949
0.123362
0.1237
0.124112
0.124448
0.124857
0.12519
0.125597
0.125928
0.126332
0.126662
0.127063
0.12739
0.12779
0.128114
0.128511
0.128834
0.129228
0.129548
0.12994
0.130258
0.130647
0.130963
0.13135
0.131664
0.132047
0.132359
0.13274
0.13305
0.133429
0.133736
0.134112
0.134417
0.134791
0.135094
0.135465
0.135766
0.136134
0.136433
0.136798
0.137095
0.137458
0.137753
0.138113
0.138406
0.138764
0.139054
0.13941
0.139698
0.140051
0.140338
0.140688
0.140973
0.14132
0.141603
0.141948
0.142229
0.142572
0.14285
0.143191
0.143468
0.143805
0.144081
0.144416
0.14469
0.145022
0.145294
0.145625
0.145895
0.146223
0.146491
0.146817
0.147084
0.147407
0.147672
0.147993
0.148257
0.148576
0.148838
0.149154
0.149415
0.149729
0.149989
0.150301
0.150559
0.150869
0.151125
0.151433
0.151688
0.151994
0.152248
0.152552
0.152805
0.153106
0.153358
0.153658
0.153908
0.154206
0.154455
0.154751
0.155
0.155293
0.155541
0.155833
0.15608
0.15637
0.156616
0.156904
0.157149
0.157435
0.15768
0.157965
0.158208
0.158491
0.158734
0.159015
0.159257
0.159538
0.159779
0.160057
0.160298
0.160575
0.160815
0.161091
0.161331
0.161605
0.161844
0.162117
0.162356
0.162627
0.162866
0.163136
0.163374
0.163643
0.163881
0.164148
0.164386
0.164652
0.164889
0.165155
0.165392
0.165657
0.165893
0.166157
0.166393
0.166656
0.166892
0.167154
0.16739
0.167651
0.167887
0.168147
0.168383
0.168642
0.168878
0.169136
0.169372
0.16963
0.169866
0.170123
0.170359
0.170615
0.170851
0.171107
0.171343
0.171598
0.171834
0.172088
0.172325
0.172578
0.172815
0.173068
0.173305
0.173558
0.173795
0.174047
0.174285
0.174537
0.174776
0.175025
0.175263
0.175514
0.175752
0.176003
0.176241
0.176492
0.176732
0.176981
0.17722
0.177469
0.177709
0.177958
0.178199
0.178447
0.178687
0.178936
0.179177
0.179426
0.179668
0.179916
0.180157
0.180406
0.180647
0.180896
0.18114
0.181387
0.18163
0.181878
0.182121
0.18237
0.182615
0.182863
0.183106
0.183354
0.183599
0.183848
0.184094
0.184342
0.184587
0.184835
0.185082
0.18533
0.185576
0.185824
0.186072
0.18632
0.186567
0.186816
0.187065
0.187313
0.187561
0.18781
0.18806
0.188308
0.188557
0.188807
0.189058
0.189307
0.189556
0.189806
0.190058
0.190308
0.190558
0.190809
0.191061
0.191311
0.191563
0.191814
0.192067
0.192318
0.19257
0.192822
0.193076
0.193327
0.19358
0.193832
0.194087
0.194339
0.194593
0.194846
0.195102
0.195354
0.195609
0.195862
0.196119
0.196372
0.196627
0.196881
0.197138
0.197392
0.197648
0.197903
0.198161
0.198415
0.198672
0.198927
0.199186
0.199441
0.199698
0.199954
0.200214
0.200469
0.200727
0.200984
0.201244
0.2015
0.201759
0.202016
0.202276
0.202533
0.202792
0.20305
0.203311
0.203569
0.203829
0.204087
0.204349
0.204607
0.204867
0.205126
0.205389
0.205647
0.205908
0.206168
0.20643
0.20669
0.206951
0.207211
0.207475
0.207734
0.207996
0.208257
0.208521
0.208781
0.209044
0.209305
0.209569
0.20983
0.210093
0.210355
0.210619
0.210881
0.211144
0.211406
0.211671
0.211933
0.212197
0.21246
0.212725
0.212988
0.213252
0.213515
0.213781
0.214044
0.214309
0.214573
0.214839
0.215102
0.215367
0.215632
0.215898
0.216162
0.216427
0.216692
0.216959
0.217223
0.217489
0.217754
0.218021
0.218286
0.218552
0.218818
0.219085
0.219351
0.219617
0.219883
0.220151
0.220417
0.220684
0.22095
0.221218
0.221485
0.221752
0.222019
0.222287
0.222554
0.222821
0.223089
0.223358
0.223624
0.223892
0.22416
0.224429
0.224697
0.224965
0.225233
0.225503
0.22577
0.226039
0.226307
0.226578
0.226846
0.227115
0.227383
0.227654
0.227922
0.228192
0.228461
0.228733
0.229001
0.229271
0.22954
0.229812
0.230081
0.230352
0.230621
0.230894
0.231162
0.231434
0.231704
0.231977
0.232246
0.232518
0.232788
0.233062
0.233331
0.233604
0.233874
0.234149
0.234418
0.234692
0.234962
0.235238
0.235507
0.235782
0.236052
0.236329
0.236598
0.236874
0.237144
0.237422
0.237691
0.237968
0.238238
0.238517
0.238786
0.239065
0.239334
0.239613
0.239883
0.240162
0.240432
0.240712
0.240981
0.241262
0.241532
0.241813
0.242083
0.242365
0.242634
0.242917
0.243187
0.24347
0.24374
0.244024
0.244294
0.244578
0.244848
0.245134
0.245404
0.24569
0.24596
0.246247
0.246517
0.246804
0.247074
0.247363
0.247633
0.247922
0.248192
0.248483
0.248753
0.249044
0.249314
0.249606
0.249876
0.250169
0.250439
0.250733
0.251003
0.251298
0.251568
0.251864
0.252134
0.25243
0.252701
0.252998
0.253269
0.253567
0.253838
0.254137
0.254408
0.254709
0.254979
0.255281
0.255551
0.255854
0.256124
0.256429
0.256699
0.257004
0.257275
0.257581
0.257851
0.258159
0.258429
0.258738
0.259008
0.259318
0.259589
0.2599
0.26017
0.260483
0.260753
0.261067
0.261337
0.261652
0.261923
0.262239
0.262509
0.262827
0.263097
0.263416
0.263686
0.264006
0.264277
0.264598
0.264869
0.265191
0.265462
0.265786
0.266056
0.266381
0.266652
0.266978
0.267249
0.267577
0.267847
0.268177
0.268447
0.268778
0.269048
0.26938
0.26965
0.269984
0.270254
0.270589
0.270859
0.271195
0.271466
0.271803
0.272073
0.272412
0.272682
0.273022
0.273292
0.273634
0.273904
0.274247
0.274517
0.274861
0.275131
0.275476
0.275746
0.276093
0.276362
0.276711
0.27698
0.277329
0.277598
0.27795
0.278218
0.278571
0.278839
0.279193
0.279461
0.279816
0.280084
0.280441
0.280709
0.281066
0.281334
0.281692
0.28196
0.282328
0.282586
0.282954
0.283212
0.28358
0.283837
0.284205
0.284462
0.28483
0.285086
0.285455
0.285711
0.28608
0.286336
0.286706
0.286961
0.287332
0.287586
0.287958
0.288213
0.288585
0.288839
0.289212
0.289466
0.289839
0.290093
0.290467
0.29072
0.291095
0.291348
0.291722
0.291975
0.292351
0.292603
0.292979
0.29323
0.293607
0.293858
0.294234
0.294485
0.294862
0.295112
0.295489
0.295739
0.296116
0.296366
0.296743
0.296991
0.297369
0.297617
0.297994
0.298242
0.298619
0.298866
0.299243
0.299489
0.299866
0.300111
0.300488
0.300733
0.30111
0.301353
0.30173
0.301972
0.302349
0.30259
0.302966
0.303207
0.303582
0.303822
0.304197
0.304436
0.30481
0.305048
0.305422
0.305659
0.306032
0.306268
0.30664
0.306875
0.307246
0.307479
0.30785
0.308082
0.308452
0.308683
0.309052
0.309282
0.309649
0.309878
0.310245
0.310472
0.310837
0.311063
0.311427
0.311652
0.312015
0.312238
0.3126
0.312822
0.313182
0.313403
0.313761
0.31398
0.314338
0.314555
0.314911
0.315127
0.315481
0.315696
0.316048
0.316261
0.316612
0.316823
0.317172
0.317382
0.317729
0.317938
0.318283
0.31849
0.318833
0.319038
0.319379
0.319583
0.319922
0.320124
0.320461
0.320662
0.320997
0.321196
0.321529
0.321726
0.322056
0.322252
0.32258
0.322774
0.323101
0.323293
0.323617
0.323807
0.324129
0.324318
0.324637
0.324825
0.325141
0.325327
0.325641
0.325826
0.326138
0.32632
0.32663
0.326811
0.327118
0.327297
0.327601
0.327779
0.328081
0.328258
0.328557
0.328732
0.329029
0.329202
0.329496
0.329669
0.32996
0.330131
0.33042
0.330589
0.330876
0.331044
0.331328
0.331494
0.331775
0.331941
0.33222
0.332384
0.33266
0.332823
0.333097
0.333258
0.33353
0.33369
0.333959
0.334119
0.334385
0.334543
0.334807
0.334965
0.335226
0.335383
0.335641
0.335798
0.336054
0.336209
0.336463
0.336618
0.336869
0.337023
0.337272
0.337426
0.337673
0.337825
0.33807
0.338223
0.338465
0.338617
0.338857
0.339009
0.339247
0.339399
0.339635
0.339787
0.340021
0.340172
0.340404
0.340555
0.340786
0.340937
0.341165
0.341317
0.341543
0.341695
0.34192
0.342072
0.342295
0.342448
0.342669
0.342822
0.343042
0.343195
0.343414
0.343568
0.343785
0.34394
0.344155
0.344311
0.344525
0.344682
0.344895
0.345052
0.345264
0.345423
0.345633
0.345793
0.346003
0.346163
0.346372
0.346534
0.346742
0.346906
0.347113
0.347278
0.347484
0.34765
0.347856
0.348024
0.348229
0.348399
0.348603
0.348774
0.348979
0.349152
0.349355
0.349531
0.349733
0.34991
0.350113
0.350293
0.350495
0.350676
0.350879
0.351062
0.351265
0.351451
0.351655
0.35184
0.352047
0.352232
0.352441
0.352627
0.352839
0.353025
0.353238
0.353423
0.353641
0.353826
0.354046
0.354232
0.354455
0.354641
0.354866
0.355052
0.35528
0.355467
0.355698
0.355885
0.356118
0.356306
0.356543
0.35673
0.35697
0.357158
0.357401
0.35759
0.357836
0.358025
0.358274
0.358464
0.358716
0.358907
0.359162
0.359354
0.359611
0.359804
0.360065
0.360259
0.360522
0.360717
0.360984
0.361179
0.361449
0.361646
0.361918
0.362116
0.362392
0.362591
0.362869
0.363069
0.363351
0.363552
0.363837
0.364039
0.364326
0.36453
0.36482
0.365025
0.365318
0.365524
0.36582
0.366027
0.366326
0.366534
0.366836
0.367045
0.36735
0.367561
0.367868
0.36808
0.368389
0.368603
0.368915
0.369129
0.369444
0.36966
0.369978
0.370195
0.370514
0.370733
0.371055
0.371274
0.371599
0.37182
0.372147
0.372368
0.372697
0.37292
0.373252
0.373476
0.373809
0.374034
0.37437
0.374596
0.374934
0.375161
0.375501
0.375729
0.376071
0.3763
0.376643
0.376873
0.377218
0.37745
0.377796
0.378028
0.378377
0.37861
0.378959
0.379193
0.379544
0.379779
0.380132
0.380367
0.380721
0.380957
0.381312
0.381549
0.381905
0.382143
0.3825
0.382738
0.383096
0.383335
0.383694
0.383934
0.384293
0.384533
0.384894
0.385134
0.385496
0.385736
0.386098
0.386339
0.386702
0.386943
0.387306
0.387548
0.387911
0.388153
0.388516
0.388758
0.389122
0.389364
0.389728
0.389971
0.390334
0.390577
0.390941
0.391183
0.391547
0.39179
0.392153
0.392396
0.392759
0.393001
0.393364
0.393607
0.393969
0.394211
0.394573
0.394816
0.395177
0.395419
0.39578
0.396021
0.396381
0.396623
0.396982
0.397223
0.397582
0.397823
0.39818
0.398421
0.398778
0.399018
0.399373
0.399613
0.399968
0.400207
0.40056
0.400799
0.401151
0.401389
0.401741
0.401978
0.402328
0.402565
0.402914
0.40315
0.403498
0.403733
0.404079
0.404314
0.404659
0.404893
0.405237
0.40547
0.405812
0.406044
0.406385
0.406616
0.406956
0.407186
0.407524
0.407754
0.40809
0.408319
0.408653
0.408882
0.409214
0.409442
0.409773
0.409999
0.410329
0.410554
0.410882
0.411107
0.411433
0.411657
0.411981
0.412204
0.412526
0.412748
0.413069
0.41329
0.413609
0.413829
0.414146
0.414365
0.414681
0.414899
0.415213
0.41543
0.415742
0.415958
0.416268
0.416483
0.416792
0.417006
0.417313
0.417526
0.417831
0.418043
0.418346
0.418558
0.418859
0.419069
0.419369
0.419578
0.419876
0.420085
0.420381
0.420588
0.420883
0.421089
0.421382
0.421588
0.421879
0.422083
0.422373
0.422577
0.422865
0.423067
0.423354
0.423555
0.42384
0.424041
0.424324
0.424524
0.424806
0.425005
0.425285
0.425483
0.425761
0.425959
0.426236
0.426432
0.426708
0.426904
0.427178
0.427373
0.427645
0.427839
0.428111
0.428304
0.428574
0.428767
0.429035
0.429227
0.429494
0.429685
0.429951
0.430141
0.430406
0.430596
0.430859
0.431048
0.431311
0.431498
0.43176
0.431947
0.432207
0.432394
0.432653
0.432839
0.433097
0.433282
0.433539
0.433724
0.43398
0.434164
0.434419
0.434602
0.434856
0.435039
0.435292
0.435474
0.435727
0.435908
0.43616
0.43634
0.436591
0.436771
0.437021
0.437201
0.43745
0.437629
0.437878
0.438056
0.438304
0.438481
0.438729
0.438906
0.439153
0.439329
0.439575
0.439751
0.439997
0.440172
0.440417
0.440592
0.440836
0.44101
0.441254
0.441428
0.441671
0.441844
0.442087
0.44226
0.442502
0.442674
0.442916
0.443087
0.443329
0.4435
0.443741
0.443911
0.444153
0.444322
0.444563
0.444731
0.444972
0.44514
0.44538
0.445547
0.445787
0.445954
0.446194
0.44636
0.446599
0.446764
0.447003
0.447168
0.447407
0.447571
0.447809
0.447973
0.448211
0.448373
0.448611
0.448773
0.449011
0.449172
0.449409
0.449569
0.449806
0.449966
0.450203
0.450362
0.450598
0.450756
0.450992
0.451149
0.451385
0.451541
0.451776
0.451932
0.452167
0.452321
0.452556
0.452709
0.452944
0.453096
0.45333
0.453482
0.453715
0.453866
0.454099
0.454248
0.454481
0.454629
0.454861
0.455008
0.45524
0.455386
0.455617
0.455761
0.455992
0.456135
0.456365
0.456508
0.456737
0.456878
0.457107
0.457246
0.457474
0.457612
0.457839
0.457976
0.458203
0.458338
0.458563
0.458697
0.458922
0.459054
0.459278
0.459408
0.459632
0.45976
0.459982
0.46011
0.460331
0.460456
0.460676
0.4608
0.461019
0.46114
0.461358
0.461478
0.461694
0.461812
0.462028
0.462144
0.462357
0.462471
0.462684
0.462796
0.463007
0.463117
0.463326
0.463434
0.463642
0.463748
0.463954
0.464057
0.464262
0.464363
0.464566
0.464665
0.464866
0.464962
0.465162
0.465255
0.465453
0.465544
0.46574
0.465828
0.466022
0.466108
0.4663
0.466383
0.466573
0.466653
0.46684
0.466918
0.467103
0.467179
0.467361
0.467434
0.467614
0.467683
0.467861
0.467928
0.468103
0.468167
0.46834
0.4684
0.468571
0.468628
0.468796
0.46885
0.469015
0.469067
0.469228
0.469277
0.469436
0.469481
0.469637
0.469679
0.469832
0.469871
0.470021
0.470056
0.470204
0.470236
0.47038
0.470408
0.470549
0.470574
0.470712
0.470734
0.470868
0.470887
0.471017
0.471033
0.47116
0.471172
0.471296
0.471304
0.471425
0.471429
0.471546
0.471548
0.471661
0.471659
0.471768
0.471763
0.471869
0.47186
0.471962
0.471949
0.472048
0.472032
0.472127
0.472107
0.472198
0.472175
0.472262
0.472235
0.472318
0.472288
0.472367
0.472334
0.472409
0.472372
0.472444
0.472403
0.47247
0.472426
0.47249
0.472442
0.472502
0.472451
0.472507
0.472452
0.472504
0.472446
0.472494
0.472433
0.472476
0.472412
0.472452
0.472384
0.47242
0.472348
0.47238
0.472306
0.472334
0.472256
0.47228
0.472199
0.472219
0.472136
0.472152
0.472065
0.472077
0.471987
0.471995
0.471902
0.471907
0.471811
0.471812
0.471713
0.47171
0.471608
0.471601
0.471497
0.471486
0.471379
0.471365
0.471255
0.471237
0.471125
0.471103
0.470989
0.470963
0.470846
0.470817
0.470698
0.470666
0.470544
0.470508
0.470385
0.470345
0.47022
0.470177
0.470049
0.470003
0.469874
0.469824
0.469693
0.46964
0.469507
0.469452
0.469317
0.469258
0.469122
0.46906
0.468922
0.468858
0.468719
0.468651
0.468511
0.46844
0.468299
0.468225
0.468083
0.468007
0.467863
0.467785
0.46764
0.467559
0.467414
0.46733
0.467184
0.467098
0.466952
0.466864
0.466717
0.466626
0.466479
0.466387
0.466239
0.466145
0.465997
0.465901
0.465754
0.465655
0.465508
0.465408
0.465261
0.465159
0.465012
0.464908
0.464761
0.464656
0.464509
0.464402
0.464258
0.464147
0.464002
0.463892
0.463749
0.463636
0.463492
0.46338
0.463238
0.463123
0.462981
0.462868
0.462728
0.462611
0.462472
0.462356
0.462219
0.462101
0.461963
0.461848
0.461711
0.461596
0.461457
0.461345
0.461207
0.461095
0.460955
0.460847
0.460709
0.460599
0.460459
0.460355
0.460215
0.460112
0.459972
0.459871
0.459731
0.459632
0.459492
0.459395
0.459255
0.459161
0.459021
0.458929
0.45879
0.4587
0.458561
0.458474
0.458335
0.45825
0.458113
0.45803
0.457893
0.457813
0.457677
0.4576
0.457464
0.45739
0.457255
0.457184
0.45705
0.456981
0.456848
0.456782
0.456651
0.456588
0.456457
0.456397
0.456267
0.45621
0.456082
0.456028
0.455901
0.45585
0.455724
0.455676
0.455552
0.455507
0.455384
0.455342
0.455221
0.455182
0.455063
0.455027
0.454909
0.454876
0.45476
0.45473
0.454615
0.454589
0.454476
0.454453
0.454342
0.454322
0.454212
0.454196
0.454087
0.454074
0.453968
0.453958
0.453853
0.453846
0.453743
0.45374
0.453639
0.453638
0.453539
0.453542
0.453445
0.453451
0.453355
0.453364
0.453271
0.453283
0.453192
0.453207
0.453117
0.453135
0.453048
0.453069
0.452983
0.453008
0.452924
0.452951
0.452869
0.452899
0.45282
0.452853
0.452775
0.452811
0.452735
0.452774
0.452699
0.452741
0.452669
0.452713
0.452643
0.45269
0.452622
0.452672
0.452605
0.452658
0.452593
0.452648
0.452585
0.452643
0.452582
0.452642
0.452583
0.452645
0.452588
0.452653
0.452597
0.452665
0.452611
0.452681
0.452628
0.4527
0.45265
0.452724
0.452676
0.452752
0.452705
0.452783
0.452738
0.452818
0.452775
0.452857
0.452815
0.452899
0.452859
0.452945
0.452907
0.452994
0.452957
0.453047
0.453011
0.453103
0.453069
0.453162
0.453129
0.453224
0.453193
0.453289
0.453259
0.453357
0.453329
0.453427
0.453401
0.453501
0.453476
0.453577
0.453553
0.453656
0.453634
0.453738
0.453717
0.453822
0.453802
0.453908
0.45389
0.453997
0.453979
0.454088
0.454072
0.454181
0.454166
0.454276
0.454263
0.454373
0.454361
0.454473
0.454462
0.454574
0.454564
0.454677
0.454669
0.454782
0.454775
0.454889
0.454883
0.454997
0.454992
0.455107
0.455103
0.455219
0.455216
0.455332
0.45533
0.455447
0.455446
0.455563
0.455563
0.45568
0.455682
0.455799
0.455802
0.455919
0.455923
0.456041
0.456045
0.456163
0.456169
0.456287
0.456294
0.456412
0.456419
0.456538
0.456546
0.456665
0.456674
0.456793
0.456803
0.456922
0.456934
0.457052
0.457065
0.457183
0.457196
0.457315
0.457329
0.457447
0.457463
0.457581
0.457597
0.457715
0.457733
0.457851
0.457869
0.457987
0.458006
0.458123
0.458143
0.458261
0.458282
0.458399
0.458421
0.458538
0.458561
0.458677
0.458701
0.458817
0.458842
0.458958
0.458984
0.459099
0.459126
0.459241
0.459269
0.459384
0.459412
0.459527
0.459556
0.45967
0.459701
0.459815
0.459846
0.459959
0.459991
0.460104
0.460137
0.46025
0.460284
0.460396
0.46043
0.460542
0.460578
0.460689
0.460725
0.460836
0.460873
0.460984
0.461022
0.461131
0.46117
0.46128
0.461319
0.461428
0.461469
0.461577
0.461618
0.461726
0.461768
0.461875
0.461918
0.462025
0.462068
0.462174
0.462218
0.462324
0.462369
0.462474
0.462519
0.462624
0.46267
0.462774
0.462821
0.462924
0.462971
0.463074
0.463122
0.463224
0.463273
0.463374
0.463423
0.463524
0.463574
0.463674
0.463724
0.463824
0.463874
0.463973
0.464024
0.464122
0.464174
0.464271
0.464323
0.46442
0.464472
0.464568
0.46462
0.464716
0.464768
0.464863
0.464916
0.46501
0.465063
0.465156
0.465209
0.465302
0.465355
0.465447
0.4655
0.465591
0.465645
0.465735
0.465789
0.465878
0.465931
0.46602
0.466073
0.466161
0.466214
0.466301
0.466354
0.46644
0.466493
0.466578
0.466631
0.466715
0.466768
0.46685
0.466903
0.466985
0.467037
0.467118
0.46717
0.46725
0.467302
0.46738
0.467431
0.467509
0.46756
0.467636
0.467687
0.467762
0.467812
0.467886
0.467935
0.468008
0.468057
0.468129
0.468177
0.468247
0.468294
0.468364
0.46841
0.468479
0.468524
0.468591
0.468636
0.468702
0.468745
0.46881
0.468852
0.468916
0.468957
0.469019
0.46906
0.469121
0.46916
0.469219
0.469258
0.469316
0.469353
0.469409
0.469445
0.4695
0.469535
0.469588
0.469621
0.469674
0.469705
0.469756
0.469786
0.469836
0.469865
0.469913
0.46994
0.469986
0.470012
0.470056
0.47008
0.470124
0.470146
0.470188
0.470208
0.470248
0.470267
0.470306
0.470323
0.47036
0.470375
0.47041
0.470423
0.470457
0.470468
0.4705
0.47051
0.47054
0.470547
0.470576
0.470581
0.470608
0.470611
0.470636
0.470637
0.47066
0.47066
0.470681
0.470678
0.470697
0.470692
0.47071
0.470702
0.470718
0.470709
0.470722
0.47071
0.470722
0.470708
0.470718
0.470702
0.47071
0.470691
0.470697
0.470676
0.47068
0.470656
0.470658
0.470632
0.470632
0.470604
0.470602
0.470571
0.470567
0.470534
0.470528
0.470492
0.470484
0.470445
0.470435
0.470394
0.470382
0.470339
0.470324
0.470278
0.470262
0.470213
0.470195
0.470143
0.470123
0.470069
0.470046
0.469989
0.469965
0.469905
0.469879
0.469816
0.469788
0.469723
0.469692
0.469624
0.469591
0.469521
0.469486
0.469413
0.469376
0.4693
0.46926
0.469182
0.46914
0.469059
0.469016
0.468932
0.468886
0.468799
0.468751
0.468662
0.468612
0.46852
0.468467
0.468373
0.468318
0.468221
0.468164
0.468064
0.468005
0.467903
0.467841
0.467736
0.467673
0.467565
0.4675
0.467389
0.467321
0.467208
0.467138
0.467023
0.466951
0.466832
0.466758
0.466637
0.466561
0.466438
0.466359
0.466233
0.466153
0.466024
0.465942
0.465811
0.465726
0.465592
0.465505
0.46537
0.465281
0.465142
0.465051
0.464911
0.464817
0.464674
0.464579
0.464434
0.464336
0.464189
0.464089
0.46394
0.463838
0.463686
0.463582
0.463428
0.463323
0.463166
0.463059
0.4629
0.462791
0.46263
0.462519
0.462356
0.462242
0.462078
0.461962
0.461796
0.461679
0.46151
0.461391
0.461221
0.461099
0.460927
0.460804
0.460631
0.460506
0.46033
0.460203
0.460026
0.459898
0.459719
0.459588
0.459408
0.459276
0.459094
0.45896
0.458777
0.458641
0.458457
0.458319
0.458133
0.457994
0.457807
0.457666
0.457478
0.457336
0.457146
0.457002
0.456811
0.456666
0.456474
0.456327
0.456134
0.455986
0.455792
0.455643
0.455448
0.455297
0.455101
0.454949
0.454752
0.454598
0.454401
0.454246
0.454048
0.453892
0.453694
0.453536
0.453337
0.453179
0.452979
0.452819
0.45262
0.452459
0.452259
0.452097
0.451897
0.451733
0.451533
0.451369
0.451168
0.451003
0.450803
0.450637
0.450436
0.45027
0.450069
0.449902
0.449701
0.449533
0.449333
0.449164
0.448964
0.448795
0.448595
0.448424
0.448229
0.448053
0.447855
0.447683
0.447488
0.447312
0.447115
0.446942
0.446749
0.446572
0.446377
0.446203
0.446011
0.445834
0.44564
0.445467
0.445276
0.445099
0.444907
0.444734
0.444542
0.44437
0.444182
0.444007
0.443816
0.443646
0.443454
0.443287
0.443098
0.442927
0.442736
0.442571
0.442379
0.442216
0.442025
0.441864
0.441676
0.441512
0.441321
0.441163
0.440972
0.440816
0.440626
0.440472
0.440283
0.44013
0.439942
0.439791
0.439605
0.439452
0.439264
0.439117
0.43893
0.438786
0.438599
0.438457
0.438271
0.438131
0.437945
0.437807
0.437622
0.437486
0.437302
0.437169
0.436985
0.436854
0.436671
0.436543
0.436361
0.436235
0.436054
0.435931
0.435751
0.43563
0.435451
0.435333
0.435155
0.435039
0.434862
0.43475
0.434574
0.434464
0.434289
0.434182
0.434008
0.433903
0.433731
0.433629
0.433458
0.433359
0.433189
0.433093
0.432924
0.432831
0.432664
0.432573
0.432407
0.432319
0.432155
0.43207
0.431907
0.431824
0.431663
0.431583
0.431424
0.431347
0.431188
0.431114
0.430957
0.430886
0.430731
0.430662
0.430509
0.430443
0.430291
0.430228
0.430077
0.430017
0.429868
0.429811
0.429663
0.429609
0.429463
0.429411
0.429266
0.429217
0.429074
0.429028
0.428887
0.428843
0.428703
0.428662
0.428524
0.428485
0.428349
0.428313
0.428178
0.428144
0.428011
0.42798
0.427848
0.427819
0.427689
0.427663
0.427534
0.42751
0.427383
0.427362
0.427235
0.427217
0.427092
0.427075
0.426952
0.426938
0.426816
0.426804
0.426683
0.426673
0.426554
0.426546
0.426428
0.426422
0.426305
0.426301
0.426186
0.426184
0.42607
0.426069
0.425956
0.425958
0.425846
0.425849
0.425738
0.425743
0.425634
0.42564
0.425531
0.425539
0.425432
0.425441
0.425335
0.425345
0.42524
0.425252
0.425147
0.42516
0.425056
0.425071
0.424967
0.424983
0.424881
0.424897
0.424795
0.424813
0.424712
0.42473
0.42463
0.424649
0.424549
0.424569
0.42447
0.42449
0.424391
0.424413
0.424314
0.424336
0.424238
0.42426
0.424162
0.424184
0.424087
0.42411
0.424012
0.424035
0.423938
0.423961
0.423864
0.423887
0.42379
0.423813
0.423716
0.423739
0.423641
0.423664
0.423567
0.42359
0.423492
0.423514
0.423416
0.423438
0.42334
0.423362
0.423263
0.423284
0.423185
0.423205
0.423106
0.423126
0.423026
0.423045
0.422945
0.422962
0.422862
0.422878
0.422777
0.422793
0.422691
0.422706
0.422603
0.422616
0.422513
0.422525
0.422421
0.422432
0.422327
0.422336
0.42223
0.422239
0.422131
0.422138
0.42203
0.422035
0.421926
0.42193
0.42182
0.421822
0.42171
0.42171
0.421598
0.421596
0.421483
0.421479
0.421364
0.421359
0.421242
0.421235
0.421117
0.421108
0.420989
0.420977
0.420857
0.420843
0.420722
0.420706
0.420583
0.420564
0.42044
0.420419
0.420293
0.42027
0.420143
0.420117
0.419988
0.41996
0.419829
0.419799
0.419667
0.419634
0.4195
0.419465
0.419329
0.419291
0.419153
0.419113
0.418974
0.41893
0.418789
0.418744
0.418601
0.418552
0.418408
0.418356
0.41821
0.418156
0.418008
0.417951
0.417801
0.417741
0.417589
0.417527
0.417373
0.417307
0.417152
0.417084
0.416926
0.416855
0.416696
0.416621
0.41646
0.416383
0.41622
0.41614
0.415975
0.415892
0.415725
0.415639
0.415471
0.415381
0.415211
0.415119
0.414946
0.414851
0.414677
0.414579
0.414403
0.414301
0.414124
0.414019
0.41384
0.413732
0.413551
0.413441
0.413257
0.413144
0.412959
0.412843
0.412656
0.412536
0.412348
0.412225
0.412035
0.41191
0.411717
0.411589
0.411395
0.411264
0.411068
0.410934
0.410737
0.4106
0.410401
0.410261
0.41006
0.409918
0.409715
0.40957
0.409366
0.409217
0.409012
0.408861
0.408654
0.4085
0.408291
0.408134
0.407924
0.407765
0.407553
0.407391
0.407178
0.407013
0.406799
0.406632
0.406416
0.406246
0.406028
0.405856
0.405637
0.405462
0.405242
0.405065
0.404844
0.404664
0.404441
0.404259
0.404036
0.403851
0.403626
0.403439
0.403213
0.403024
0.402797
0.402606
0.402377
0.402184
0.401955
0.401759
0.401529
0.401331
0.4011
0.4009
0.400668
0.400466
0.400233
0.400029
0.399795
0.39959
0.399355
0.399147
0.398912
0.398703
0.398466
0.398255
0.398018
0.397805
0.397567
0.397353
0.397114
0.396899
0.396659
0.396442
0.396202
0.395983
0.395743
0.395523
0.395282
0.39506
0.394818
0.394596
0.394354
0.394129
0.393887
0.393661
0.393419
0.393192
0.392949
0.392721
0.392477
0.392248
0.392005
0.391775
0.391531
0.3913
0.391056
0.390823
0.390579
0.390345
0.390101
0.389867
0.389622
0.389387
0.389142
0.388906
0.388661
0.388424
0.388179
0.387942
0.387697
0.387459
0.387214
0.386975
0.38673
0.386491
0.386246
0.386006
0.385761
0.385521
0.385276
0.385036
0.384791
0.384551
0.384306
0.384065
0.383821
0.38358
0.383336
0.383095
0.382852
0.38261
0.382366
0.382124
0.38188
0.381638
0.381394
0.381153
0.380911
0.380668
0.380425
0.380182
0.37994
0.379698
0.379456
0.379214
0.378974
0.378731
0.378489
0.378247
0.378006
0.377764
0.377525
0.377282
0.377042
0.3768
0.376561
0.376319
0.376082
0.37584
0.375601
0.37536
0.375122
0.374881
0.374645
0.374404
0.374167
0.373926
0.373691
0.37345
0.373214
0.372974
0.37274
0.3725
0.372264
0.372026
0.371792
0.371553
0.371319
0.371081
0.370848
0.37061
0.370377
0.37014
0.369909
0.369671
0.369439
0.369203
0.368973
0.368736
0.368506
0.36827
0.368041
0.367806
0.367576
0.367342
0.367114
0.366879
0.366651
0.366417
0.366191
0.365957
0.36573
0.365497
0.365272
0.365039
0.364813
0.364581
0.364357
0.364126
0.3639
0.36367
0.363447
0.363216
0.362992
0.362762
0.36254
0.362311
0.362088
0.361859
0.361638
0.361409
0.361187
0.360959
0.36074
0.360512
0.360291
0.360064
0.359845
0.359618
0.359398
0.359172
0.358955
0.358729
0.35851
0.358284
0.358066
0.357841
0.357625
0.3574
0.357183
0.356958
0.356741
0.356517
0.356302
0.356079
0.355863
0.35564
0.355424
0.355201
0.354985
0.354763
0.35455
0.354328
0.354113
0.353892
0.353677
0.353456
0.353242
0.353021
0.352807
0.352587
0.352373
0.352153
0.35194
0.35172
0.351507
0.351287
0.351075
0.350855
0.350643
0.350423
0.350212
0.349992
0.349781
0.349562
0.349351
0.349131
0.348921
0.348702
0.348491
0.348272
0.348062
0.347843
0.347633
0.347414
0.347204
0.346986
0.346776
0.346557
0.346348
0.346129
0.34592
0.345702
0.345492
0.345274
0.345065
0.344846
0.344637
0.344419
0.34421
0.343992
0.343783
0.343565
0.343356
0.343137
0.342929
0.34271
0.342502
0.342283
0.342075
0.341856
0.341648
0.341429
0.341221
0.341002
0.340793
0.340574
0.340366
0.340147
0.339939
0.339719
0.339511
0.339292
0.339083
0.338864
0.338655
0.338436
0.338227
0.338007
0.337799
0.337579
0.33737
0.33715
0.336941
0.336721
0.336512
0.336291
0.336083
0.335862
0.335653
0.335431
0.335223
0.335001
0.334792
0.33457
0.334361
0.334138
0.333929
0.333706
0.333497
0.333274
0.333064
0.332841
0.332631
0.332408
0.332198
0.331974
0.331764
0.33154
0.331329
0.331105
0.330894
0.33067
0.330459
0.330234
0.330023
0.329797
0.329586
0.32936
0.329148
0.328922
0.32871
0.328483
0.328271
0.328044
0.327832
0.327604
0.327392
0.327164
0.326951
0.326722
0.326509
0.32628
0.326066
0.325837
0.325623
0.325393
0.325179
0.324949
0.324734
0.324503
0.324288
0.324057
0.323842
0.32361
0.323394
0.323162
0.322946
0.322714
0.322497
0.322265
0.322048
0.321814
0.321597
0.321364
0.321146
0.320912
0.320694
0.32046
0.320241
0.320006
0.319788
0.319552
0.319333
0.319098
0.318878
0.318642
0.318423
0.318186
0.317966
0.317729
0.317508
0.317271
0.31705
0.316812
0.316591
0.316353
0.316131
0.315893
0.315671
0.315431
0.315209
0.31497
0.314747
0.314507
0.314284
0.314043
0.31382
0.313579
0.313355
0.313114
0.312889
0.312648
0.312423
0.312181
0.311955
0.311713
0.311487
0.311244
0.311018
0.310775
0.310548
0.310304
0.310077
0.309833
0.309605
0.309361
0.309132
0.308887
0.308658
0.308413
0.308183
0.307938
0.307707
0.307461
0.307231
0.306984
0.306753
0.306505
0.306273
0.306026
0.305793
0.305545
0.305312
0.305063
0.304829
0.30458
0.304346
0.304096
0.303861
0.303611
0.303375
0.303124
0.302887
0.302636
0.302399
0.302147
0.301909
0.301657
0.301417
0.301165
0.300925
0.300671
0.30043
0.300177
0.299935
0.29968
0.299438
0.299182
0.298939
0.298683
0.298438
0.298182
0.297937
0.297679
0.297433
0.297175
0.296928
0.296669
0.29642
0.296161
0.295912
0.295652
0.295401
0.29514
0.294888
0.294627
0.294374
0.294111
0.293857
0.293594
0.293339
0.293075
0.292818
0.292553
0.292295
0.29203
0.29177
0.291504
0.291243
0.290976
0.290714
0.290445
0.290182
0.289913
0.289648
0.289378
0.289112
0.28884
0.288573
0.2883
0.288031
0.287757
0.287487
0.287212
0.286941
0.286664
0.286391
0.286114
0.285839
0.285561
0.285284
0.285005
0.284727
0.284446
0.284166
0.283884
0.283603
0.283319
0.283037
0.282752
0.282467
0.282181
0.281895
0.281607
0.281319
0.28103
0.280741
0.28045
0.280159
0.279805
0.279475
0.279154
0.278831
0.278519
0.2782
0.277893
0.277577
0.277271
0.276957
0.276652
0.276337
0.276033
0.275717
0.275411
0.275094
0.274787
0.274469
0.27416
0.27384
0.27353
0.273207
0.272896
0.272571
0.272258
0.271844
0.271475
0.271105
0.270751
0.270387
0.270039
0.26968
0.269337
0.268983
0.268643
0.26829
0.267951
0.267598
0.267259
0.266906
0.266566
0.266211
0.265871
0.265514
0.265172
0.264813
0.26447
0.264108
0.263763
0.263399
0.263052
0.262686
0.262337
0.261969
0.261618
0.261244
0.260898
0.260521
0.260172
0.259792
0.259441
0.259059
0.258705
0.258321
0.257965
0.257578
0.257221
0.256831
0.256472
0.25608
0.255718
0.255324
0.25496
0.254564
0.254198
0.253799
0.253432
0.25303
0.252661
0.252258
0.251886
0.25148
0.251107
0.250699
0.250324
0.249914
0.249537
0.249125
0.248746
0.248332
0.247951
0.247535
0.247152
0.246734
0.24635
0.24593
0.245543
0.245122
0.244734
0.24431
0.24392
0.243495
0.243104
0.242676
0.242284
0.241855
0.24146
0.24103
0.240634
0.240202
0.239804
0.23937
0.238972
0.238536
0.238136
0.2377
0.237298
0.23686
0.236457
0.236018
0.235614
0.235173
0.234768
0.234326
0.23392
0.233477
0.233069
0.232625
0.232217
0.231772
0.231362
0.230916
0.230505
0.230059
0.229647
0.2292
0.228787
0.228339
0.227926
0.227477
0.227063
0.226614
0.226199
0.225749
0.225333
0.224883
0.224467
0.224017
0.2236
0.223149
0.222732
0.222281
0.221863
0.221412
0.220994
0.220543
0.220124
0.219673
0.219254
0.218803
0.218384
0.217933
0.217513
0.217066
0.216643
0.216193
0.215772
0.215325
0.214902
0.214453
0.214033
0.213587
0.213164
0.212716
0.212297
0.211851
0.211429
0.210983
0.210564
0.210118
0.2097
0.209257
0.208837
0.208393
0.207975
0.207532
0.207115
0.206675
0.206256
0.205815
0.205399
0.20496
0.204545
0.204106
0.203692
0.203255
0.202842
0.202406
0.201994
0.20156
0.201148
0.200715
0.200304
0.199873
0.199463
0.199033
0.198624
0.198196
0.197788
0.197362
0.196956
0.196531
0.196126
0.195703
0.195299
0.194879
0.194475
0.194057
0.193655
0.193239
0.192838
0.192424
0.192024
0.191612
0.191214
0.190805
0.190408
0.190001
0.189605
0.1892
0.188807
0.188404
0.188012
0.187612
0.187221
0.186823
0.186434
0.186039
0.185651
0.185259
0.184873
0.184483
0.184099
0.183711
0.183329
0.182944
0.182563
0.182181
0.181802
0.181422
0.181045
0.180668
0.180293
0.179919
0.179546
0.179175
0.178803
0.178435
0.178065
0.177699
0.177332
0.176969
0.176603
0.176243
0.175879
0.175522
0.175161
0.174806
0.174447
0.174095
0.173738
0.173389
0.173033
0.172688
0.172334
0.171992
0.17164
0.171301
0.170951
0.170615
0.170267
0.169933
0.169588
0.169257
0.168914
0.168586
0.168245
0.16792
0.167581
0.167259
0.166922
0.166603
0.166268
0.165953
0.165619
0.165307
0.164975
0.164666
0.164337
0.16403
0.163703
0.163399
0.163074
0.162774
0.162451
0.162153
0.161832
0.161537
0.161218
0.160926
0.160609
0.16032
0.160005
0.159719
0.159406
0.159123
0.158812
0.158531
0.158222
0.157945
0.157637
0.157363
0.157057
0.156785
0.156482
0.156213
0.155911
0.155645
0.155345
0.155081
0.154784
0.154523
0.154226
0.153968
0.153674
0.153418
0.153126
0.152872
0.152582
0.152331
0.152042
0.151796
0.151507
0.151263
0.150975
0.150733
0.150446
0.150207
0.149922
0.149684
0.1494
0.149165
0.148883
0.148649
0.148369
0.148137
0.147859
0.147629
0.147353
0.147125
0.14685
0.146624
0.14635
0.146126
0.145854
0.145631
0.145361
0.14514
0.144871
0.144651
0.144382
0.144163
0.143896
0.143678
0.143411
0.143194
0.142928
0.142713
0.142447
0.142232
0.141967
0.141754
0.141489
0.141276
0.141013
0.140801
0.140537
0.140326
0.140064
0.139853
0.139591
0.139382
0.13912
0.138911
0.13865
0.138442
0.138181
0.137974
0.137713
0.137506
0.137246
0.13704
0.13678
0.136575
0.136315
0.13611
0.13585
0.135646
0.135387
0.135183
0.134924
0.13472
0.134461
0.134258
0.133999
0.133797
0.133538
0.133335
0.133077
0.132875
0.132616
0.132414
0.132155
0.131954
0.131695
0.131493
0.131235
0.131033
0.130774
0.130573
0.130314
0.130112
0.129853
0.129652
0.129393
0.129191
0.128932
0.12873
0.12847
0.128268
0.128009
0.127806
0.127546
0.127344
0.127084
0.126881
0.12662
0.126417
0.126156
0.125952
0.125691
0.125487
0.125225
0.125021
0.124759
0.124554
0.124291
0.124086
0.123824
0.123618
0.123356
0.123263
0.123098
0.122989
0.122911
0.122941
0.122805
0.12271
0.122541
0.122417
0.12222
0.122074
0.121859
0.121697
0.121469
0.121297
0.121059
0.120879
0.120635
0.12045
0.120201
0.120012
0.11976
0.119568
0.119313
0.119119
0.118862
0.118666
0.118408
0.11821
0.11795
0.117751
0.11749
0.11729
0.117028
0.116827
0.116564
0.116362
0.116098
0.115895
0.11563
0.115426
0.11516
0.114955
0.114688
0.114482
0.114214
0.114007
0.113738
0.113529
0.113259
0.11305
0.112779
0.112569
0.112297
0.112085
0.111812
0.1116
0.111325
0.111112
0.110836
0.110621
0.110345
0.110129
0.109851
0.109634
0.109355
0.109137
0.108857
0.108637
0.108356
0.108135
0.107852
0.10763
0.107346
0.107123
0.106838
0.106613
0.106327
0.1061
0.105813
0.105585
0.105297
0.105067
0.104778
0.104547
0.104256
0.104024
0.103731
0.103498
0.103204
0.102969
0.102674
0.102438
0.102141
0.101904
0.101606
0.101367
0.101068
0.100827
0.100526
0.100284
0.0999823
0.0997386
0.0994353
0.0991902
0.0988855
0.0986388
0.0983327
0.0980845
0.097777
0.0975273
0.0972184
0.0969671
0.0966568
0.096404
0.0960923
0.0958379
0.0955248
0.0952689
0.0949543
0.0946968
0.0943808
0.0941218
0.0938043
0.0935438
0.0932248
0.0929627
0.0926424
0.0923787
0.0920569
0.0917916
0.0914683
0.0912015
0.0908768
0.0906084
0.0902822
0.0900122
0.0896846
0.089413
0.0890839
0.0888108
0.0884802
0.0882055
0.0878735
0.0875972
0.0872637
0.0869858
0.0866508
0.0863714
0.0860349
0.0857539
0.085416
0.0851334
0.084794
0.0845098
0.084169
0.0838832
0.0835409
0.0832535
0.0829097
0.0826208
0.0822755
0.081985
0.0816383
0.0813462
0.080998
0.0807043
0.0803546
0.0800594
0.0797082
0.0794114
0.0790588
0.0787604
0.0784063
0.0781063
0.0777508
0.0774492
0.0770922
0.0767891
0.0764306
0.0761259
0.075766
0.0754597
0.0750983
0.0747905
0.0744276
0.0741183
0.0737539
0.073443
0.0730772
0.0727647
0.0723974
0.0720833
0.0717146
0.071399
0.0710288
0.0707117
0.07034
0.0700213
0.0696482
0.0693279
0.0689534
0.0686316
0.0682555
0.0679322
0.0675547
0.0672298
0.0668509
0.0665245
0.0661441
0.0658161
0.0654343
0.0651048
0.0647215
0.0643905
0.0640058
0.0636732
0.063287
0.0629529
0.0625633
0.0622298
0.061839
0.0615043
0.0611123
0.0607762
0.060383
0.0600455
0.0596511
0.0593121
0.0589163
0.0585758
0.0581788
0.0578367
0.0574383
0.0570946
0.0566949
0.0563497
0.0559486
0.0556018
0.0551993
0.054851
0.0544472
0.0540972
0.0536921
0.0533405
0.052934
0.0525809
0.0521731
0.0518184
0.0514092
0.051053
0.0506425
0.0502847
0.0498728
0.0495135
0.0491003
0.0487394
0.0483249
0.0479624
0.0475466
0.0471826
0.0467655
0.0463999
0.0459815
0.0456144
0.0451948
0.044826
0.0444052
0.0440349
0.0436128
0.043241
0.0428176
0.0424443
0.0420197
0.0416448
0.041219
0.0408426
0.0404156
0.0400377
0.0396094
0.0392301
0.0388006
0.0384198
0.0379891
0.0376068
0.037175
0.0367912
0.0363582
0.0359729
0.0355389
0.0351521
0.0347169
0.0343287
0.0338924
0.0335027
0.0330654
0.0326743
0.032236
0.0318435
0.0314043
0.0310102
0.0305702
0.0301744
0.0297336
0.0293365
0.0288949
0.0284967
0.0280545
0.0276553
0.0272124
0.0268123
0.0263687
0.0259676
0.0255234
0.0251213
0.0246765
0.0242735
0.023828
0.0234241
0.0229781
0.0225733
0.0221266
0.0217209
0.0212737
0.0208671
0.0204194
0.0200119
0.0195637
0.0191553
0.0187065
0.0182973
0.0178481
0.017438
0.0169884
0.0165775
0.0161274
0.0157156
0.0152651
0.0148526
0.0144017
0.0139884
0.0135371
0.013123
0.0126714
0.0122566
0.0118047
0.0113891
0.0109369
0.0105206
0.0100682
0.00965115
0.00919857
0.00878081
0.00832805
0.00790962
0.00745671
0.00703764
0.00658461
0.00616491
0.0057118
0.00529149
0.00483834
0.00441744
0.00396428
0.00354282
0.00308968
0.00266768
0.00221461
0.0017921
0.00133912
0.00091612
0.000463283
3.98217e-05
-0.000412838
-0.000836735
-0.00128918
-0.00171348
-0.00216566
-0.00259035
-0.00304223
-0.00346727
-0.00391881
-0.00434417
-0.00479532
-0.00522098
-0.0056717
-0.00609761
-0.00654786
-0.006974
-0.00742375
-0.00785017
-0.00829938
-0.00872614
-0.00917477
-0.00960193
-0.0100501
-0.0104773
-0.0109254
-0.0113526
-0.0118003
-0.0122273
-0.0126742
-0.0131011
-0.0135472
-0.0139738
-0.014419
-0.0148454
-0.0152898
-0.0157159
-0.0161593
-0.0165851
-0.0170276
-0.0174531
-0.0178945
-0.0183196
-0.0187599
-0.0192838
-0.0198112
-0.0203146
-0.0209662
-0.021517
-0.022064
-0.0225736
-0.0230806
-0.0235721
-0.0240607
-0.0245303
-0.0250025
-0.0254583
-0.0259185
-0.0263649
-0.0268164
-0.0272563
-0.0277014
-0.0281367
-0.0285769
-0.0290088
-0.0294452
-0.0298746
-0.0303078
-0.0307353
-0.0311659
-0.0315918
-0.03202
-0.0324447
-0.0328707
-0.0332942
-0.0337183
-0.0341403
-0.0345632
-0.0349833
-0.0354052
-0.0358234
-0.0362444
-0.0366608
-0.0370809
-0.0374953
-0.0379145
-0.038327
-0.0387452
-0.0391558
-0.039573
-0.0399816
-0.0403978
-0.0408044
-0.0412196
-0.0416241
-0.0420383
-0.0424407
-0.0428537
-0.0432541
-0.043666
-0.0440642
-0.0444749
-0.0448709
-0.0452805
-0.0456743
-0.0460826
-0.0464741
-0.0468812
-0.0472704
-0.0476762
-0.0480632
-0.0484677
-0.0488523
-0.0492554
-0.0496377
-0.0500395
-0.0504193
-0.0508197
-0.0511971
-0.0515961
-0.0519711
-0.0523686
-0.0527411
-0.0531372
-0.0535072
-0.0539019
-0.0542693
-0.0546625
-0.0550274
-0.055419
-0.0557814
-0.0561715
-0.0565313
-0.0569198
-0.057277
-0.0576639
-0.0580184
-0.0584036
-0.0587555
-0.0591389
-0.0594881
-0.0598697
-0.0602162
-0.0605959
-0.0609396
-0.0613175
-0.0616583
-0.0620346
-0.0623724
-0.0627471
-0.0630822
-0.0634552
-0.0637876
-0.064159
-0.0644887
-0.0648585
-0.0651855
-0.0655536
-0.0658779
-0.0662443
-0.0665659
-0.0669307
-0.0672495
-0.0676127
-0.0679288
-0.0682903
-0.0686038
-0.0689636
-0.0692744
-0.0696326
-0.0699407
-0.0702973
-0.0706027
-0.0709577
-0.0712604
-0.0716138
-0.0719139
-0.0722656
-0.0725632
-0.0729133
-0.0732083
-0.0735568
-0.0738492
-0.0741961
-0.074486
-0.0748314
-0.0751187
-0.0754625
-0.0757474
-0.0760897
-0.076372
-0.0767128
-0.0769927
-0.0773321
-0.0776096
-0.0779474
-0.0782225
-0.0785589
-0.0788317
-0.0791667
-0.0794371
-0.0797707
-0.0800389
-0.0803711
-0.080637
-0.0809679
-0.0812316
-0.0815612
-0.0818227
-0.082151
-0.0824104
-0.0827374
-0.0829947
-0.0833206
-0.0835758
-0.0839005
-0.0841537
-0.0844772
-0.0847285
-0.0850509
-0.0853003
-0.0856215
-0.0858653
-0.0861892
-0.0864319
-0.086755
-0.0869963
-0.0873187
-0.0875585
-0.0878802
-0.0881186
-0.0884394
-0.0886763
-0.0889964
-0.0892318
-0.0895511
-0.089785
-0.0901036
-0.0903361
-0.0906539
-0.0908851
-0.0912022
-0.091432
-0.0917484
-0.091977
-0.0922928
-0.0925201
-0.0928354
-0.0930615
-0.0933762
-0.0936012
-0.0939155
-0.0941394
-0.0944532
-0.0946761
-0.0949895
-0.0952115
-0.0955246
-0.0957456
-0.0960584
-0.0962786
-0.0965912
-0.0968106
-0.097123
-0.0973417
-0.0976539
-0.0978719
-0.098184
-0.0984015
-0.0987135
-0.0989304
-0.0992425
-0.0994589
-0.0997711
-0.099987
-0.100299
-0.100515
-0.100827
-0.101043
-0.101355
-0.10157
-0.101883
-0.102098
-0.102411
-0.102626
-0.102939
-0.103154
-0.103468
-0.103682
-0.103997
-0.104211
-0.104526
-0.104741
-0.105056
-0.105271
-0.105587
-0.105803
-0.106119
-0.106335
-0.106652
-0.106868
-0.107186
-0.107402
-0.107721
-0.107937
-0.108257
-0.108474
-0.108794
-0.109012
-0.109333
-0.109551
-0.109874
-0.110093
-0.110416
-0.110635
-0.11096
-0.11118
-0.111506
-0.111727
-0.112053
-0.112275
-0.112603
-0.112826
-0.113155
-0.113378
-0.113709
-0.113933
-0.114265
-0.11449
-0.114823
-0.11505
-0.115384
-0.115612
-0.115948
-0.116177
-0.116513
-0.116744
-0.117082
-0.117313
-0.117653
-0.117886
-0.118227
-0.118461
-0.118804
-0.11904
-0.119384
-0.119621
-0.119967
-0.120205
-0.120553
-0.120792
-0.121142
-0.121383
-0.121734
-0.121976
-0.122329
-0.122573
-0.122927
-0.123173
-0.123529
-0.123776
-0.124134
-0.124383
-0.124743
-0.124993
-0.125355
-0.125607
-0.12597
-0.126224
-0.126589
-0.126844
-0.127211
-0.127468
-0.127837
-0.128096
-0.128467
-0.128727
-0.1291
-0.129362
-0.129736
-0.130001
-0.130377
-0.130643
-0.131021
-0.131289
-0.131668
-0.131938
-0.13232
-0.132591
-0.132975
-0.133248
-0.133634
-0.133909
-0.134296
-0.134573
-0.134962
-0.135241
-0.135632
-0.135913
-0.136306
-0.136589
-0.136983
-0.137268
-0.137664
-0.137951
-0.138349
-0.138637
-0.139037
-0.139327
-0.139729
-0.140021
-0.140425
-0.140719
-0.141124
-0.14142
-0.141827
-0.142124
-0.142533
-0.142833
-0.143243
-0.143544
-0.143957
-0.144259
-0.144673
-0.144978
-0.145394
-0.1457
-0.146117
-0.146425
-0.146844
-0.147154
-0.147575
-0.147886
-0.148308
-0.148621
-0.149045
-0.14936
-0.149785
-0.150101
-0.150528
-0.150846
-0.151274
-0.151594
-0.152023
-0.152344
-0.152775
-0.153098
-0.153529
-0.153854
-0.154287
-0.154613
-0.155047
-0.155375
-0.15581
-0.156139
-0.156576
-0.156906
-0.157344
-0.157676
-0.158114
-0.158447
-0.158887
-0.159222
-0.159662
-0.159998
-0.160439
-0.160777
-0.161219
-0.161557
-0.162
-0.16234
-0.162784
-0.163124
-0.163569
-0.163911
-0.164356
-0.164699
-0.165145
-0.165488
-0.165935
-0.16628
-0.166726
-0.167072
-0.16752
-0.167866
-0.168314
-0.168662
-0.169109
-0.169458
-0.169906
-0.170255
-0.170704
-0.171054
-0.171502
-0.171853
-0.172301
-0.172653
-0.173101
-0.173453
-0.173902
-0.174254
-0.174703
-0.175056
-0.175504
-0.175858
-0.176305
-0.17666
-0.177107
-0.177462
-0.177909
-0.178263
-0.17871
-0.179065
-0.179511
-0.179867
-0.180312
-0.180668
-0.181113
-0.181468
-0.181913
-0.182268
-0.182712
-0.183068
-0.18351
-0.183866
-0.184308
-0.184664
-0.185104
-0.18546
-0.1859
-0.186255
-0.186694
-0.187049
-0.187486
-0.187841
-0.188277
-0.188632
-0.189067
-0.189421
-0.189855
-0.190209
-0.190641
-0.190994
-0.191425
-0.191778
-0.192207
-0.192559
-0.192986
-0.193338
-0.193764
-0.194115
-0.194539
-0.194889
-0.195311
-0.195661
-0.196081
-0.19643
-0.196848
-0.197196
-0.197612
-0.19796
-0.198374
-0.19872
-0.199132
-0.199477
-0.199887
-0.200231
-0.200639
-0.200982
-0.201387
-0.201729
-0.202132
-0.202473
-0.202873
-0.203213
-0.20361
-0.203949
-0.204344
-0.204682
-0.205074
-0.20541
-0.2058
-0.206135
-0.206522
-0.206855
-0.207239
-0.207571
-0.207953
-0.208283
-0.208662
-0.208991
-0.209367
-0.209694
-0.210067
-0.210393
-0.210762
-0.211087
-0.211453
-0.211776
-0.21214
-0.21246
-0.212821
-0.21314
-0.213498
-0.213815
-0.214169
-0.214485
-0.214836
-0.21515
-0.215498
-0.21581
-0.216154
-0.216464
-0.216805
-0.217114
-0.217451
-0.217758
-0.218092
-0.218397
-0.218728
-0.21903
-0.219358
-0.219658
-0.219982
-0.220281
-0.220602
-0.220898
-0.221216
-0.22151
-0.221824
-0.222116
-0.222427
-0.222717
-0.223024
-0.223312
-0.223616
-0.223903
