-0.025 
-0.0242736 
-0.0229393 
-0.0211343 
-0.0189828 
-0.0166042 
-0.0141039 
-0.011576 
-0.00910022 
-0.00674224 
-0.00455402 
-0.00257328 
-0.000826124 
0.000674219 
0.00192324 
0.0029269 
0.00369664 
0.00425147 
0.00461281 
0.00480668 
0.00485892 
0.00479733 
0.00464756 
0.0044352 
0.00418241 
0.00390995 
0.00363459 
0.00337098 
0.00312984 
0.0029196 
0.00274522 
0.00260964 
0.00251303 
0.00245407 
0.00242945 
0.002435 
0.00246533 
0.00251478 
0.0025771 
0.00264644 
0.0027166 
0.00278219 
0.00283791 
0.00287965 
0.00290325 
0.00290612 
0.00288543 
0.00284021 
0.00276887 
0.00267198 
0.00254902 
0.00240191 
0.00223087 
0.00203892 
0.00182673 
0.0015981 
0.00135382 
0.00109819 
0.000831781 
0.000559145 
0.00028041 
1.30626e-07 
-0.00028216 
-0.000562054 
-0.000840674 
-0.00111383 
-0.00138326 
-0.00164496 
-0.00190115 
-0.00214796 
-0.00238784 
-0.00261693 
-0.00283773 
-0.00304624 
-0.00324477 
-0.00342917 
-0.0036014 
-0.00375716 
-0.00389808 
-0.00401984 
-0.00412383 
-0.00420595 
-0.00426759 
-0.00430519 
-0.00432043 
-0.00431064 
-0.0042781 
-0.0042213 
-0.00414338 
-0.00404419 
-0.0039278 
-0.00379545 
-0.00365207 
-0.00350009 
-0.00334505 
-0.00319013 
-0.00304108 
-0.00290127 
-0.00277608 
-0.00266844 
-0.00258279 
-0.00252096 
-0.00248593 
-0.00247792 
-0.00249811 
-0.00254477 
-0.00261719 
-0.00271165 
-0.00282576 
-0.00295403 
-0.00309283 
-0.00323545 
-0.0033777 
-0.00351231 
-0.00363531 
-0.00373961 
-0.00382226 
-0.00387704 
-0.00390257 
-0.00389406 
-0.00385207 
-0.00377349 
-0.00366094 
-0.00351295 
-0.00333398 
-0.00312399 
-0.00288887 
-0.00262955 
-0.00235277 
-0.00205997 
-0.0017581 
-0.00144862 
-0.00113813 
-0.000827702 
-0.000523175 
-0.000224948 
6.21754e-05 
0.000338554 
0.000600534 
0.000849176 
0.00108193 
0.0013004 
0.00150299 
0.00169161 
0.0018654 
0.00202632 
0.00217403 
0.00231032 
0.00243515 
0.00254997 
0.00265484 
0.00275076 
0.00283776 
0.00291634 
0.00298639 
0.00304789 
0.00310055 
0.00314386 
0.0031773 
0.00319995 
0.00321108 
0.00320946 
0.0031942 
0.00316396 
0.00311775 
0.0030544 
0.00297294 
0.00287267 
0.0027528 
0.00261347 
0.00245431 
0.00227654 
0.00208036 
0.00186839 
0.00164145 
0.00140368 
0.00115649 
0.00090546 
0.000652422 
0.000404151 
0.000162506 
-6.49662e-05 
-0.000276861 
-0.000465452 
-0.000630331 
-0.000764251 
-0.000868319 
-0.000936397 
-0.000971511 
-0.000969135 
-0.000934412 
-0.00086472 
-0.000767262 
-0.000641336 
-0.000495866 
-0.000331814 
-0.000159224 
1.97902e-05 
0.000194846 
0.000363361 
0.000515483 
0.000648907 
0.000755142 
0.000832852 
0.000875573 
0.000883458 
0.000852489 
0.00078457 
0.000678231 
0.000537108 
0.000362069 
0.000158188 
-7.18069e-05 
-0.000321901 
-0.000588161 
-0.000864241 
-0.00114572 
-0.00142653 
-0.00170245 
-0.0019682 
-0.00222027 
-0.00245453 
-0.00266855 
-0.00285948 
-0.0030261 
-0.00316679 
-0.00328151 
-0.00336964 
-0.00343214 
-0.00346907 
-0.00348217 
-0.00347183 
-0.00344029 
-0.00338793 
-0.00331733 
-0.0032286 
-0.00312447 
-0.00300463 
-0.00287193 
-0.00272555 
-0.00256845 
-0.00239927 
-0.00222114 
-0.0020322 
-0.00183577 
-0.00162957 
-0.00141711 
-0.00119576 
-0.000969244 
-0.000734626 
-0.000495802 
-0.000249626 
-1.34889e-07 
0.00025594 
0.00051444 
0.00077863 
0.00104423 
0.00131436 
0.00158458 
0.00185766 
0.00212902 
0.00240092 
0.00266856 
0.00293359 
0.00319103 
0.00344191 
0.00368114 
0.00390918 
0.00412104 
0.00431684 
0.00449191 
0.00464634 
0.00477612 
0.00488162 
0.00495983 
0.00501178 
0.00503569 
0.00503349 
0.00500479 
0.00495256 
0.00487777 
0.00478434 
0.00467438 
0.00455254 
0.00442165 
0.00428664 
0.00415054 
0.00401805 
0.00389177 
0.0037756 
0.00367116 
0.00358107 
0.00350554 
0.0034456 
0.00339979 
0.00336752 
0.00334571 
0.00333234 
0.00332302 
0.00331477 
0.00330242 
0.00328264 
0.00325016 
0.003202 
0.00313346 
0.00304256 
0.00292575 
0.00278249 
0.00261077 
0.00241172 
0.00218499 
0.00193333 
0.00165792 
0.00136285 
0.00105049 
0.000725803 
0.000391883 
5.40158e-05 
-0.000284498 
-0.000618601 
-0.00094524 
-0.00126005 
-0.00156059 
-0.00184351 
-0.00210718 
-0.00234943 
-0.00256952 
-0.00276646 
-0.00294035 
-0.00309122 
-0.00321989 
-0.00332721 
-0.00341449 
-0.00348316 
-0.00353485 
-0.00357128 
-0.0035942 
-0.00360542 
-0.00360664 
-0.00359955 
-0.00358566 
-0.00356638 
-0.00354292 
-0.00351631 
-0.00348731 
-0.00345666 
-0.00342439 
-0.00339063 
-0.00335498 
-0.00331699 
-0.00327571 
-0.00323018 
-0.00317899 
-0.00312077 
-0.00305387 
-0.00297666 
-0.00288755 
-0.00278496 
-0.00266767 
-0.00253447 
-0.00238491 
-0.00221847 
-0.00203524 
-0.00183647 
-0.00162371 
-0.00139875 
-0.00116454 
-0.000924021 
-0.000681207 
-0.000439906 
-0.000204855 
1.97303e-05 
0.000228953 
0.000418765 
0.000584761 
0.0007237 
0.00083232 
0.000908777 
0.00095149 
0.000960462 
0.000936122 
0.000880529 
0.000796174 
0.000687102 
0.000557607 
0.00041335 
0.00025989 
0.000103876 
-4.86149e-05 
-0.000190744 
-0.000316762 
-0.000420493 
-0.00049732 
-0.000542504 
-0.000553207 
-0.000526693 
-0.00046229 
-0.000359538 
-0.000220006 
-4.54617e-05 
0.000160524 
0.000394305 
0.000650796 
0.000925052 
0.00121112 
0.00150345 
0.00179593 
0.00208308 
0.00235925 
0.00261965 
0.00285958 
0.00307535 
0.00326323 
0.00342103 
0.00354686 
0.00363972 
0.00369845 
0.00372356 
0.00371486 
0.00367394 
0.00360129 
0.00349931 
0.00336889 
0.00321304 
0.00303273 
0.00283141 
0.00260993 
0.00237202 
0.00211826 
0.00185258 
0.00157519 
0.00129015 
0.000997218 
0.000700543 
0.00039939 
9.79483e-05 
-0.000205024 
-0.000505359 
-0.000804792 
-0.00109922 
-0.00139083 
-0.00167561 
-0.0019561 
-0.00222835 
-0.00249515 
-0.00275256 
-0.00300342 
-0.00324371 
-0.00347616 
-0.00369661 
-0.00390746 
-0.00410436 
-0.00428932 
-0.00445779 
-0.0046114 
-0.00474548 
-0.00486139 
-0.0049546 
-0.00502641 
-0.00507268 
-0.00509501 
-0.00508997 
-0.00505981 
-0.00500212 
-0.0049201 
-0.00481261 
-0.00468396 
-0.00453436 
-0.0043693 
-0.00419018 
-0.00400349 
-0.00381153 
-0.00362141 
-0.00343578 
-0.00326188 
-0.00310208 
-0.00296311 
-0.00284637 
-0.0027575 
-0.00269633 
-0.0026669 
-0.00266702 
-0.00269886 
-0.00275803 
-0.00284484 
-0.00295279 
-0.00308061 
-0.00322012 
-0.00336904 
-0.00351815 
-0.00366486 
-0.00379971 
-0.00392062 
-0.00401865 
-0.00409296 
-0.00413577 
-0.00414802 
-0.00412356 
-0.00406533 
-0.00396899 
-0.00383944 
