-0.0025
-0.00152148
-0.00248916
-0.00151483
-0.00248812
-0.00151419
-0.00248714
-0.00151364
-0.00248658
-0.00151338
-0.00248687
-0.00151367
-0.00248849
-0.00151481
-0.00249196
-0.00151711
-0.00249781
-0.00152089
-0.00250657
-0.00152647
-0.00251882
-0.00153421
-0.0025351
-0.00154444
-0.00255598
-0.00155749
-0.00258202
-0.00157372
-0.00261378
-0.00159346
-0.00265182
-0.00161705
-0.0026967
-0.00164483
-0.00274896
-0.00167714
-0.00280915
-0.0017143
-0.00287782
-0.00175665
-0.0029555
-0.00180451
-0.00304273
-0.00185821
-0.00314002
-0.00191807
-0.0032479
-0.00198439
-0.00336686
-0.00205749
-0.00349742
-0.00213766
-0.00364006
-0.00222522
-0.00379501
-0.00231996
-0.00396207
-0.00242254
-0.00414198
-0.00253286
-0.00433544
-0.00265146
-0.00454304
-0.00277868
-0.00476533
-0.00291486
-0.0050028
-0.0030603
-0.00525591
-0.00321527
-0.00552508
-0.00338004
-0.00581073
-0.00355486
-0.00611324
-0.00373994
-0.00643296
-0.00393553
-0.00677025
-0.00414181
-0.00712543
-0.004359
-0.00749882
-0.00458729
-0.00789071
-0.00482684
-0.00830137
-0.00507784
-0.00873106
-0.00534042
-0.00918003
-0.00561475
-0.0096485
-0.00590095
-0.0101367
-0.00619915
-0.0106447
-0.00650946
-0.0111729
-0.00683198
-0.0117212
-0.00716681
-0.0122899
-0.00751402
-0.012879
-0.00787368
-0.0134887
-0.00824585
-0.014119
-0.00863056
-0.0147699
-0.00902785
-0.0154416
-0.00943773
-0.016134
-0.00986022
-0.0168471
-0.0102953
-0.0175808
-0.010743
-0.0183353
-0.0112032
-0.0191102
-0.0116759
-0.0199057
-0.0121611
-0.0207215
-0.0126586
-0.0215575
-0.0131685
-0.0224137
-0.0136906
-0.0232897
-0.0142248
-0.0241855
-0.0147709
-0.0251008
-0.015329
-0.0260354
-0.0158987
-0.026989
-0.01648
-0.0279614
-0.0170727
-0.0289522
-0.0176767
-0.0299612
-0.0182916
-0.030988
-0.0189174
-0.0320323
-0.0195538
-0.0330937
-0.0202006
-0.0341718
-0.0208575
-0.0352663
-0.0215243
-0.0363766
-0.0222008
-0.0375024
-0.0228866
-0.0386432
-0.0235816
-0.0397985
-0.0242853
-0.0409678
-0.0249976
-0.0421506
-0.025718
-0.0433464
-0.0264463
-0.0445546
-0.0271821
-0.0457748
-0.0279252
-0.0470062
-0.028675
-0.0482483
-0.0294314
-0.0495006
-0.0301939
-0.0507624
-0.0309621
-0.052033
-0.0317357
-0.0533119
-0.0325143
-0.0545984
-0.0332975
-0.0558918
-0.0340848
-0.0571915
-0.0348759
-0.0584967
-0.0356703
-0.0598067
-0.0364676
-0.0611209
-0.0372675
-0.0624386
-0.0380694
-0.063759
-0.0388729
-0.0650814
-0.0396775
-0.066405
-0.0404829
-0.0677291
-0.0412886
-0.0690531
-0.0420941
-0.070376
-0.0428989
-0.0716971
-0.0437026
-0.0730158
-0.0445048
-0.0743312
-0.0453049
-0.0756425
-0.0461025
-0.076949
-0.0468971
-0.0782499
-0.0476883
-0.0795444
-0.0484756
-0.0808318
-0.0492584
-0.0821113
-0.0500364
-0.0833821
-0.0508091
-0.0846435
-0.051576
-0.0858946
-0.0523366
-0.0871347
-0.0530905
-0.088363
-0.0538372
-0.0895789
-0.0545762
-0.0907814
-0.0553071
-0.09197
-0.0560294
-0.0931438
-0.0567428
-0.0943021
-0.0574466
-0.0954442
-0.0581406
-0.0965693
-0.0588241
-0.0976768
-0.0594969
-0.0987659
-0.0601585
-0.0998359
-0.0608085
-0.100886
-0.0614464
-0.101916
-0.0620719
-0.102925
-0.0626845
-0.103912
-0.0632838
-0.104877
-0.0638695
-0.105819
-0.0644412
-0.106737
-0.0649985
-0.107631
-0.065541
-0.1085
-0.0660684
-0.109343
-0.0665803
-0.110161
-0.0670764
-0.110953
-0.0675564
-0.111717
-0.06802
-0.112454
-0.0684667
-0.113163
-0.0688965
-0.113843
-0.0693088
-0.114495
-0.0697036
-0.115117
-0.0700804
-0.115709
-0.0704391
-0.116271
-0.0707794
-0.116803
-0.071101
-0.117303
-0.0714038
-0.117772
-0.0716876
-0.11821
-0.071952
-0.118616
-0.072197
-0.118989
-0.0724224
-0.11933
-0.072628
-0.119638
-0.0728136
-0.119913
-0.0729791
-0.120155
-0.0731244
-0.120363
-0.0732494
-0.120538
-0.0733539
-0.12068
-0.073438
-0.120787
-0.0735014
-0.12086
-0.0735442
-0.1209
-0.0735662
-0.120905
-0.0735675
-0.120876
-0.0735481
-0.120813
-0.0735078
-0.120716
-0.0734468
-0.120584
-0.0733649
-0.120419
-0.0732624
-0.12022
-0.0731391
-0.119986
-0.0729952
-0.119719
-0.0728306
-0.119418
-0.0726456
-0.119083
-0.0724401
-0.118715
-0.0722143
-0.118314
-0.0719683
-0.117879
-0.0717022
-0.117412
-0.0714161
-0.116912
-0.0711103
-0.11638
-0.0707848
-0.115816
-0.0704398
-0.115221
-0.0700756
-0.114593
-0.0696923
-0.113935
-0.0692901
-0.113246
-0.0688692
-0.112527
-0.0684299
-0.111778
-0.0679725
-0.110999
-0.0674971
-0.110191
-0.067004
-0.109355
-0.0664935
-0.10849
-0.0659659
-0.107598
-0.0654214
-0.106679
-0.0648605
-0.105732
-0.0642833
-0.10476
-0.0636901
-0.103762
-0.0630814
-0.102738
-0.0624575
-0.101691
-0.0618186
-0.100619
-0.0611652
-0.0995237
-0.0604976
-0.0984057
-0.0598161
-0.0972656
-0.0591212
-0.0961039
-0.0584132
-0.0949212
-0.0576925
-0.0937183
-0.0569595
-0.0924957
-0.0562145
-0.0912542
-0.0554581
-0.0899943
-0.0546905
-0.0887168
-0.0539123
-0.0874224
-0.0531238
-0.0861116
-0.0523254
-0.0847854
-0.0515176
-0.0834442
-0.0507008
-0.0820889
-0.0498754
-0.0807202
-0.0490419
-0.0793387
-0.0482006
-0.0779452
-0.0473521
-0.0765404
-0.0464968
-0.0751251
-0.0456351
-0.0737
-0.0447675
-0.0722658
-0.0438943
-0.0708231
-0.0430161
-0.0693729
-0.0421333
-0.0679158
-0.0412464
-0.0664525
-0.0403557
-0.0649837
-0.0394618
-0.0635103
-0.038565
-0.0620328
-0.0376659
-0.0605521
-0.0367648
-0.0590689
-0.0358622
-0.0575838
-0.0349585
-0.0560976
-0.0340542
-0.054611
-0.0331497
-0.0531248
-0.0322454
-0.0516395
-0.0313417
-0.0501559
-0.0304391
-0.0486747
-0.029538
-0.0471966
-0.0286388
-0.0457221
-0.027742
-0.0442521
-0.0268478
-0.0427871
-0.0259567
-0.0413279
-0.0250691
-0.0398749
-0.0241854
-0.0384289
-0.023306
-0.0369905
-0.0224312
-0.0355603
-0.0215615
-0.0341389
-0.0206971
-0.0327268
-0.0198384
-0.0313247
-0.0189859
-0.0299331
-0.0181397
-0.0285526
-0.0173003
-0.0271837
-0.0164681
-0.0258269
-0.0156432
-0.0244827
-0.014826
-0.0231517
-0.0140169
-0.0218344
-0.0132161
-0.0205311
-0.0124239
-0.0192424
-0.0116406
-0.0179688
-0.0108664
-0.0167106
-0.0101017
-0.0154682
-0.00934664
-0.0142421
-0.0086015
-0.0130327
-0.00786652
-0.0118403
-0.00714192
-0.0106653
-0.00642792
-0.00950798
-0.00572471
-0.00836873
-0.00503251
-0.00724786
-0.0043515
-0.00614564
-0.00368185
-0.00506235
-0.00302374
-0.00399826
-0.00237732
-0.00295362
-0.00174275
-0.00192865
-0.00112015
-0.000923569
-0.000509668
4.1488e-05
7.64518e-05
0.00100625
0.000662361
0.00195057
0.00123586
0.00287433
0.00179683
0.00377739
0.0023452
0.00465965
0.00288089
0.00552097
0.00340387
0.00636129
0.00391406
0.00718057
0.00441141
0.0079787
0.00489594
0.00875569
0.00536758
0.00951152
0.00582633
0.0102462
0.00627221
0.0109596
0.00670522
0.011652
0.00712535
0.0123232
0.00753266
0.0129734
0.00792718
0.0136027
0.00830893
0.014211
0.00867801
0.0147986
0.00903445
0.0153656
0.00937832
0.015912
0.00970973
0.0164381
0.0100287
0.0169439
0.0103355
0.0174297
0.01063
0.0178957
0.0109125
0.018342
0.0111831
0.0187689
0.0114418
0.0191766
0.0116889
0.0195654
0.0119244
0.0199354
0.0121486
0.020287
0.0123616
0.0206205
0.0125636
0.0209361
0.0127547
0.0212341
0.0129351
0.0215149
0.0131051
0.0217788
0.0132647
0.022026
0.0134144
0.022257
0.0135541
0.0224722
0.0136842
0.0226717
0.0138048
0.0228562
0.0139163
0.0230258
0.0140188
0.0231811
0.0141125
0.0233224
0.0141978
0.0234501
0.0142748
0.0235647
0.0143439
0.0236665
0.0144052
0.023756
0.014459
0.0238337
0.0145057
0.0238999
0.0145454
0.0239551
0.0145785
0.0239998
0.0146052
0.0240344
0.0146258
0.0240594
0.0146405
0.0240753
0.0146498
0.0240825
0.0146538
0.0240816
0.0146528
0.0240729
0.0146472
0.024057
0.0146372
0.0240343
0.0146231
0.0240054
0.0146052
0.0239708
0.0145839
0.0239308
0.0145593
0.0238861
0.0145319
0.0238371
0.0145019
0.0237843
0.0144697
0.0237281
0.0144354
0.0236692
0.0143995
0.0236079
0.0143621
0.0235449
0.0143237
0.0234805
0.0142845
0.0234152
0.0142449
0.0233496
0.014205
0.0232841
0.0141652
0.0232192
0.0141258
0.0231555
0.0140872
0.0230932
0.0140494
0.023033
0.014013
0.0229753
0.0139781
0.0229206
0.013945
0.0228693
0.0139141
0.0228219
0.0138855
0.0227787
0.0138596
0.0227404
0.0138366
0.0227073
0.0138168
0.0226798
0.0138004
0.0226584
0.0137878
0.0226435
0.0137791
0.0226354
0.0137747
0.0226347
0.0137747
0.0226416
0.0137794
0.0226567
0.013789
0.0226802
0.0138039
0.0227126
0.0138241
0.0227541
0.01385
0.0228052
0.0138817
0.0228663
0.0139194
0.0229376
0.0139634
0.0230194
0.0140139
0.0231122
0.014071
0.0232161
0.0141349
0.0233316
0.0142058
0.0234589
0.014284
0.0235983
0.0143695
0.02375
0.0144626
0.0239143
0.0145633
0.0240915
0.0146719
0.0242818
0.0147884
0.0244853
0.0149131
0.0247025
0.015046
0.0249334
0.0151873
0.0251782
0.0153371
0.0254372
0.0154955
0.0257105
0.0156626
0.0259982
0.0158385
0.0263005
0.0160233
0.0266176
0.0162171
0.0269495
0.0164199
0.0272964
0.0166319
0.0276584
0.0168531
0.0280356
0.0170834
0.0284281
0.0173231
0.0288358
0.0175721
0.029259
0.0178305
0.0296976
0.0180982
0.0301516
0.0183754
0.0306211
0.0186619
0.031106
0.0189579
0.0316065
0.0192633
0.0321224
0.0195781
0.0326537
0.0199023
0.0332005
0.0202359
0.0337625
0.0205788
0.0343399
0.020931
0.0349324
0.0212924
0.0355401
0.021663
0.0361628
0.0220428
0.0368004
0.0224316
0.0374528
0.0228294
0.0381198
0.0232361
0.0388014
0.0236516
0.0394973
0.0240759
0.0402074
0.0245088
0.0409315
0.0249502
0.0416695
0.0254001
0.042421
0.0258582
0.043186
0.0263244
0.0439642
0.0267987
0.0447554
0.0272809
0.0455593
0.0277707
0.0463757
0.0282682
0.0472043
0.0287731
0.0480449
0.0292852
0.0488971
0.0298045
0.0497607
0.0303306
0.0506353
0.0308634
0.0515207
0.0314028
0.0524166
0.0319485
0.0533226
0.0325004
0.0542384
0.0330582
0.0551635
0.0336217
0.0560978
0.0341907
0.0570408
0.034765
0.0579921
0.0353443
0.0589513
0.0359284
0.0599181
0.0365172
0.0608921
0.0371102
0.0618728
0.0377074
0.0628599
0.0383084
0.0638529
0.0389129
0.0648514
0.0395208
0.065855
0.0401318
0.0668632
0.0407455
0.0678755
0.0413617
0.0688916
0.0419802
0.0699108
0.0426006
0.0709329
0.0432227
0.0719573
0.0438461
0.0729834
0.0444707
0.074011
0.045096
0.0750393
0.0457217
0.076068
0.0463477
0.0770965
0.0469735
0.0781243
0.0475989
0.0791509
0.0482235
0.0801758
0.0488471
0.0811985
0.0494692
0.0822184
0.0500897
0.0832351
0.0507081
0.0842479
0.0513242
0.0852563
0.0519375
0.0862598
0.0525479
0.0872579
0.0531549
0.0882499
0.0537582
0.0892354
0.0543575
0.0902138
0.0549524
0.0911845
0.0555427
0.092147
0.0561279
0.0931008
0.0567076
0.0940452
0.0572817
0.0949797
0.0578498
0.0959037
0.0584114
0.0968167
0.0589663
0.0977181
0.0595142
0.0986073
0.0600546
0.0994839
0.0605872
0.100347
0.0611117
0.101197
0.0616278
0.102032
0.062135
0.102852
0.0626332
0.103656
0.0631218
0.104445
0.0636007
0.105216
0.0640694
0.105971
0.0645276
0.106708
0.064975
0.107427
0.0654113
0.108127
0.065836
0.108807
0.066249
0.109468
0.0666499
0.110108
0.0670383
0.110727
0.0674139
0.111325
0.0677765
0.111901
0.0681257
0.112455
0.0684611
0.112985
0.0687826
0.113492
0.0690898
0.113975
0.0693824
0.114434
0.0696601
0.114868
0.0699226
0.115276
0.0701697
0.115659
0.070401
0.116015
0.0706164
0.116345
0.0708154
0.116647
0.070998
0.116922
0.0711638
0.117169
0.0713125
0.117388
0.071444
0.117578
0.071558
0.117739
0.0716542
0.117871
0.0717325
0.117972
0.0717927
0.118044
0.0718345
0.118085
0.0718577
0.118095
0.0718622
0.118074
0.0718477
0.118022
0.0718142
0.117938
0.0717613
0.117823
0.0716891
0.117675
0.0715972
0.117494
0.0714857
0.117282
0.0713543
0.117036
0.071203
0.116757
0.0710316
0.116446
0.0708401
0.116101
0.0706283
0.115723
0.0703961
0.115311
0.0701436
0.114865
0.0698706
0.114386
0.0695771
0.113873
0.0692631
0.113326
0.0689285
0.112746
0.0685734
0.112132
0.0681976
0.111483
0.0678013
0.110802
0.0673844
0.110086
0.0669471
0.109337
0.0664892
0.108554
0.0660109
0.107737
0.0655123
0.106888
0.0649933
0.106005
0.0644542
0.105089
0.063895
0.10414
0.0633159
0.103159
0.0627169
0.102145
0.0620981
0.101099
0.0614598
0.100021
0.0608021
0.0989115
0.0601252
0.0977707
0.0594293
0.0965988
0.0587145
0.0953963
0.057981
0.0941635
0.0572292
0.0929008
0.0564591
0.0916085
0.0556712
0.0902871
0.0548655
0.0889371
0.0540424
0.0875589
0.0532022
0.0861529
0.0523451
0.0847196
0.0514715
0.0832596
0.0505816
0.0817734
0.0496758
0.0802615
0.0487544
0.0787244
0.0478177
0.0771628
0.0468661
0.0755773
0.0459
0.0739684
0.0449198
0.0723368
0.0439257
0.0706831
0.0429182
0.069008
0.0418977
0.0673121
0.0408647
0.0655961
0.0398194
0.0638607
0.0387624
0.0621066
0.037694
0.0603345
0.0366148
0.0585452
0.0355251
0.0567394
0.0344253
0.0549178
0.0333161
0.0530813
0.0321978
0.0512305
0.0310708
0.0493663
0.0299358
0.0474894
0.0287931
0.0456007
0.0276432
0.0437009
0.0264866
0.041791
0.0253239
0.0398715
0.0241554
0.0379435
0.0229818
0.0360078
0.0218036
0.0340651
0.0206211
0.0321163
0.019435
0.0301622
0.0182457
0.0282038
0.0170538
0.0262417
0.0158598
0.024277
0.0146641
0.0223103
0.0134674
0.0203427
0.0122701
0.0183749
0.0110727
0.0164077
0.00987581
0.014442
0.00867985
0.0124787
0.00748537
0.0105186
0.00629292
0.00856246
0.00510288
0.0066112
0.00391591
0.00466564
0.00273238
0.00272656
0.00155287
0.0010231
-0.000148335
-0.000195562
-0.00206778
-0.00136297
-0.0039779
-0.00252469
-0.00587791
-0.00368022
-0.007767
-0.00482912
-0.00964449
-0.00597082
-0.0115095
-0.00710494
-0.0133614
-0.00823101
-0.0151993
-0.00934857
-0.0170226
-0.0104572
-0.0188305
-0.0115564
-0.0206224
-0.0126458
-0.0223974
-0.0137249
-0.024155
-0.0147933
-0.0258944
-0.0158507
-0.027615
-0.0168967
-0.0293162
-0.0179307
-0.0309973
-0.0189525
-0.0326578
-0.0199617
-0.0342969
-0.0209579
-0.0359142
-0.0219407
-0.037509
-0.0229099
-0.0390808
-0.023865
-0.0406291
-0.0248058
-0.0421533
-0.0257319
-0.043653
-0.0266431
-0.0451276
-0.027539
-0.0465767
-0.0284193
-0.0479999
-0.0292839
-0.0493966
-0.0301323
-0.0507665
-0.0309644
-0.0521092
-0.0317799
-0.0534244
-0.0325786
-0.0547116
-0.0333603
-0.0559705
-0.0341248
-0.0572008
-0.0348718
-0.0584021
-0.0356012
-0.0595743
-0.0363129
-0.060717
-0.0370066
-0.06183
-0.0376822
-0.0629131
-0.0383396
-0.0639661
-0.0389787
-0.0649887
-0.0395993
-0.0659808
-0.0402013
-0.0669423
-0.0407847
-0.067873
-0.0413494
-0.0687729
-0.0418952
-0.0696418
-0.0424223
-0.0704797
-0.0429304
-0.0712865
-0.0434196
-0.0720622
-0.04389
-0.0728067
-0.0443413
-0.0735202
-0.0447738
-0.0742026
-0.0451873
-0.0748539
-0.045582
-0.0754743
-0.0459578
-0.0760638
-0.0463148
-0.0766225
-0.0466531
-0.0771506
-0.0469728
-0.0776481
-0.0472739
-0.0781153
-0.0475566
-0.0785523
-0.0478209
-0.0789594
-0.0480669
-0.0793366
-0.0482949
-0.0796843
-0.0485049
-0.0800027
-0.048697
-0.0802921
-0.0488716
-0.0805527
-0.0490286
-0.0807848
-0.0491684
-0.0809889
-0.049291
-0.081165
-0.0493967
-0.0813138
-0.0494858
-0.0814353
-0.0495583
-0.0815302
-0.0496146
-0.0815987
-0.0496549
-0.0816413
-0.0496794
-0.0816583
-0.0496885
-0.0816502
-0.0496822
-0.0816174
-0.049661
-0.0815605
-0.0496251
-0.0814798
-0.0495747
-0.0813759
-0.0495103
-0.0812492
-0.049432
-0.0811002
-0.0493402
-0.0809296
-0.0492352
-0.0807377
-0.0491174
-0.0805251
-0.0489869
-0.0802924
-0.0488443
-0.0800401
-0.0486898
-0.0797688
-0.0485237
-0.079479
-0.0483465
-0.0791714
-0.0481584
-0.0788466
-0.0479599
-0.078505
-0.0477512
-0.0781474
-0.0475328
-0.0777743
-0.047305
-0.0773864
-0.0470682
-0.0769843
-0.0468228
-0.0765685
-0.0465691
-0.0761398
-0.0463076
-0.0756987
-0.0460386
-0.075246
-0.0457626
-0.0747821
-0.0454798
-0.0743079
-0.0451908
-0.0738239
-0.0448958
-0.0733308
-0.0445953
-0.0728292
-0.0442897
-0.0723198
-0.0439794
-0.0718032
-0.0436647
-0.07128
-0.0433461
-0.070751
-0.043024
-0.0702168
-0.0426987
-0.069678
-0.0423707
-0.0691353
-0.0420403
-0.0685893
-0.0417079
-0.0680406
-0.041374
-0.0674899
-0.0410389
-0.0669379
-0.040703
-0.0663851
-0.0403666
-0.0658321
-0.0400302
-0.0652797
-0.0396942
-0.0647284
-0.0393588
-0.0641788
-0.0390246
-0.0636315
-0.0386918
-0.0630871
-0.0383607
-0.0625462
-0.0380319
-0.0620094
-0.0377056
-0.0614773
-0.0373821
-0.0609504
-0.0370618
-0.0604293
-0.0367451
-0.0599145
-0.0364323
-0.0594066
-0.0361236
-0.058906
-0.0358195
-0.0584134
-0.0355203
-0.0579292
-0.0352262
-0.0574539
-0.0349375
-0.056988
-0.0346546
-0.056532
-0.0343777
-0.0560863
-0.0341071
-0.0556514
-0.0338431
-0.0552277
-0.033586
-0.0548157
-0.033336
-0.0544158
-0.0330934
-0.0540283
-0.0328583
-0.0536537
-0.0326311
-0.0532923
-0.032412
-0.0529445
-0.0322011
-0.0526106
-0.0319988
-0.0522909
-0.0318051
-0.0519859
-0.0316203
-0.0516957
-0.0314446
-0.0514207
-0.0312781
-0.0511611
-0.031121
-0.0509172
-0.0309735
-0.0506892
-0.0308357
-0.0504774
-0.0307077
-0.0502819
-0.0305897
-0.050103
-0.0304818
-0.0499408
-0.0303841
-0.0497956
-0.0302966
-0.0496673
-0.0302195
-0.0495563
-0.0301529
-0.0494625
-0.0300968
-0.049386
-0.0300513
-0.0493271
-0.0300164
-0.0492857
-0.0299921
-0.0492618
-0.0299786
-0.0492555
-0.0299758
-0.0492669
-0.0299836
-0.0492958
-0.0300022
-0.0493424
-0.0300315
-0.0494065
-0.0300715
-0.0494881
-0.0301222
-0.0495872
-0.0301834
-0.0497037
-0.0302552
-0.0498374
-0.0303375
-0.0499882
-0.0304302
-0.0501561
-0.0305333
-0.0503408
-0.0306466
-0.0505423
-0.0307701
-0.0507603
-0.0309037
-0.0509946
-0.0310471
-0.051245
-0.0312004
-0.0515114
-0.0313633
-0.0517935
-0.0315358
-0.0520909
-0.0317176
-0.0524036
-0.0319087
-0.0527311
-0.0321088
-0.0530732
-0.0323177
-0.0534295
-0.0325353
-0.0537999
-0.0327614
-0.0541838
-0.0329957
-0.054581
-0.0332381
-0.0549912
-0.0334884
-0.0554138
-0.0337462
-0.0558487
-0.0340114
-0.0562953
-0.0342838
-0.0567532
-0.034563
-0.0572221
-0.0348489
-0.0577015
-0.0351412
-0.058191
-0.0354395
-0.05869
-0.0357437
-0.0591983
-0.0360534
-0.0597152
-0.0363684
-0.0602403
-0.0366883
-0.0607732
-0.0370129
-0.0613132
-0.0373419
-0.06186
-0.0376749
-0.062413
-0.0380117
-0.0629717
-0.0383519
-0.0635355
-0.0386953
-0.064104
-0.0390414
-0.0646765
-0.0393899
-0.0652526
-0.0397406
-0.0658317
-0.0400931
-0.0664133
-0.040447
-0.0669967
-0.0408021
-0.0675814
-0.0411579
-0.0681668
-0.0415141
-0.0687524
-0.0418704
-0.0693376
-0.0422264
-0.0699219
-0.0425818
-0.0705045
-0.0429362
-0.0710851
-0.0432893
-0.0716628
-0.0436407
-0.0722373
-0.04399
-0.0728079
-0.0443369
-0.073374
-0.0446811
-0.073935
-0.0450221
-0.0744904
-0.0453597
-0.0750395
-0.0456934
-0.0755818
-0.046023
-0.0761167
-0.046348
-0.0766436
-0.0466681
-0.077162
-0.046983
-0.0776712
-0.0472923
-0.0781708
-0.0475957
-0.07866
-0.0478928
-0.0791384
-0.0481833
-0.0796055
-0.0484668
-0.0800605
-0.048743
-0.0805031
-0.0490115
-0.0809327
-0.0492721
-0.0813486
-0.0495244
-0.0817505
-0.0497681
-0.0821377
-0.0500029
-0.0825097
-0.0502284
-0.0828661
-0.0504443
-0.0832063
-0.0506504
-0.0835298
-0.0508463
-0.0838362
-0.0510317
-0.0841249
-0.0512063
-0.0843954
-0.0513699
-0.0846474
-0.0515222
-0.0848803
-0.0516628
-0.0850937
-0.0517915
-0.0852872
-0.0519081
-0.0854603
-0.0520123
-0.0856126
-0.0521038
-0.0857437
-0.0521823
-0.0858532
-0.0522477
-0.0859407
-0.0522997
-0.0860058
-0.052338
-0.0860481
-0.0523625
-0.0860674
-0.0523729
-0.0860632
-0.0523691
-0.0860352
-0.0523507
-0.0859831
-0.0523176
-0.0859066
-0.0522697
-0.0858054
-0.0522066
-0.0856791
-0.0521284
-0.0855275
-0.0520347
-0.0853503
-0.0519255
-0.0851473
-0.0518005
-0.0849183
-0.0516596
-0.0846629
-0.0515028
-0.0843811
-0.0513297
-0.0840724
-0.0511404
-0.0837369
-0.0509347
-0.0833743
-0.0507126
-0.0829843
-0.0504738
-0.082567
-0.0502182
-0.0821221
-0.049946
-0.0816494
-0.0496568
-0.081149
-0.0493507
-0.0806206
-0.0490276
-0.0800641
-0.0486874
-0.0794796
-0.0483301
-0.0788669
-0.0479557
-0.0782259
-0.0475641
-0.0775567
-0.0471553
-0.0768592
-0.0467293
-0.0761333
-0.046286
-0.0753791
-0.0458255
-0.0745966
-0.0453477
-0.0737858
-0.0448528
-0.0729468
-0.0443406
-0.0720795
-0.0438113
-0.0711841
-0.0432649
-0.0702607
-0.0427014
-0.0693092
-0.0421208
-0.0683298
-0.0415233
-0.0673227
-0.0409089
-0.0662879
-0.0402777
-0.0652257
-0.0396297
-0.064136
-0.0389652
-0.0630192
-0.038284
-0.0618753
-0.0375865
-0.0607046
-0.0368726
-0.0595073
-0.0361425
-0.0582836
-0.0353964
-0.0570337
-0.0346344
-0.0557579
-0.0338566
-0.0544563
-0.0330632
-0.0531294
-0.0322543
-0.0517773
-0.0314301
-0.0504004
-0.0305909
-0.0489989
-0.0297367
-0.0475733
-0.0288678
-0.0461237
-0.0279844
-0.0446505
-0.0270867
-0.0431542
-0.0261748
-0.0416351
-0.0252492
-0.0400935
-0.0243098
-0.0385298
-0.0233571
-0.0369445
-0.0223912
-0.0353379
-0.0214124
-0.0337106
-0.020421
-0.0320629
-0.0194173
-0.0303953
-0.0184014
-0.0287082
-0.0173737
-0.0270021
-0.0163345
-0.0252776
-0.0152841
-0.0235351
-0.0142228
-0.0217752
-0.0131509
-0.0199983
-0.0120687
-0.018205
-0.0109766
-0.0163958
-0.00987487
-0.0145714
-0.0087638
-0.0127322
-0.00764389
-0.0108789
-0.00651532
-0.00901199
-0.00537862
-0.0071322
-0.00423399
-0.00524
-0.00308197
-0.00333616
-0.00192278
-0.00146938
-0.000479604
-0.000184038
0.00145076
0.000991187
0.00339061
0.00217205
0.00533925
0.00335832
0.00729602
0.0045494
0.00926021
0.00574507
0.0112312
0.00694469
0.0132082
0.00814799
0.0151905
0.00935449
0.0171774
0.0105638
0.0191682
0.0117753
0.0211621
0.0129888
0.0231584
0.0142037
0.0251564
0.0154195
0.0271553
0.0166358
0.0291542
0.0178521
0.0311526
0.019068
0.0331495
0.020283
0.0351442
0.0214967
0.0371359
0.0227084
0.0391238
0.0239178
0.0411072
0.0251244
0.0430852
0.0263276
0.045057
0.0275271
0.0470219
0.0287223
0.048979
0.0299127
0.0509274
0.0310978
0.0528665
0.0322771
0.0547954
0.0334502
0.0567132
0.0346165
0.0586193
0.0357756
0.0605126
0.0369269
0.0623925
0.03807
0.0642582
0.0392044
0.0661087
0.0403296
0.0679434
0.041445
0.0697614
0.0425503
0.0715619
0.0436448
0.0733442
0.0447282
0.0751073
0.0458
0.0768507
0.0468596
0.0785734
0.0479066
0.0802747
0.0489406
0.0819538
0.049961
0.08361
0.0509675
0.0852425
0.0519595
0.0868506
0.0529365
0.0884336
0.0538983
0.0899906
0.0548442
0.0915211
0.055774
0.0930243
0.056687
0.0944995
0.057583
0.095946
0.0584616
0.0973632
0.0593222
0.0987504
0.0601646
0.100107
0.0609883
0.101432
0.0617929
0.102726
0.0625781
0.103987
0.0633436
0.105215
0.0640889
0.106409
0.0648137
0.107569
0.0655177
0.108695
0.0662005
0.109785
0.066862
0.11084
0.0675016
0.111858
0.0681193
0.11284
0.0687146
0.113785
0.0692874
0.114692
0.0698373
0.115562
0.0703642
0.116393
0.0708678
0.117185
0.0713478
0.117939
0.0718042
0.118653
0.0722367
0.119328
0.072645
0.119963
0.0730292
0.120558
0.073389
0.121113
0.0737243
0.121627
0.0740349
0.122101
0.0743209
0.122534
0.074582
0.122926
0.0748182
0.123277
0.0750295
0.123587
0.0752158
0.123856
0.0753771
0.124084
0.0755134
0.12427
0.0756246
0.124416
0.0757109
0.12452
0.0757722
0.124584
0.0758085
0.124606
0.07582
0.124588
0.0758067
0.12453
0.0757688
0.124431
0.0757063
0.124291
0.0756193
0.124112
0.0755081
0.123893
0.0753727
0.123635
0.0752134
0.123338
0.0750303
0.123002
0.0748236
0.122627
0.0745936
0.122214
0.0743405
0.121764
0.0740645
0.121277
0.0737659
0.120753
0.073445
0.120192
0.0731021
0.119596
0.0727374
0.118965
0.0723514
0.118299
0.0719443
0.117599
0.0715165
0.116866
0.0710684
0.116099
0.0706002
0.115301
0.0701125
0.11447
0.0696056
0.113609
0.06908
0.112718
0.0685359
0.111797
0.067974
0.110847
0.0673946
0.109869
0.0667982
0.108864
0.0661852
0.107833
0.0655562
0.106776
0.0649116
0.105694
0.0642519
0.104588
0.0635777
0.103458
0.0628894
0.102307
0.0621875
0.101134
0.0614727
0.0999403
0.0607454
0.0987271
0.0600062
0.0974951
0.0592556
0.0962453
0.0584942
0.0949785
0.0577226
0.0936958
0.0569413
0.092398
0.0561509
0.0910862
0.055352
0.0897612
0.0545451
0.088424
0.0537309
0.0870756
0.0529099
0.085717
0.0520828
0.0843492
0.0512501
0.082973
0.0504124
0.0815896
0.0495703
0.0801998
0.0487244
0.0788047
0.0478753
0.0774052
0.0470236
0.0760024
0.0461699
0.0745971
0.0453148
0.0731904
0.0444589
0.0717832
0.0436028
0.0703765
0.042747
0.0689713
0.0418921
0.0675685
0.0410388
0.0661691
0.0401875
0.064774
0.039339
0.0633841
0.0384936
0.0620003
0.0376521
0.0606237
0.0368149
0.059255
0.0359826
0.0578951
0.0351558
0.056545
0.0343349
0.0552056
0.0335206
0.0538776
0.0327132
0.0525619
0.0319135
0.0512593
0.0311217
0.0499707
0.0303385
0.0486969
0.0295643
0.0474386
0.0287996
0.0461966
0.0280448
0.0449716
0.0273004
0.0437644
0.0265669
0.0425757
0.0258447
0.0414061
0.0251342
0.0402564
0.0244358
0.0391272
0.0237499
0.0380192
0.0230769
0.0369329
0.0224172
0.0358689
0.0217711
0.0348278
0.021139
0.0338102
0.0205211
0.0328166
0.0199179
0.0318475
0.0193296
0.0309033
0.0187565
0.0299846
0.018199
0.0290917
0.0176571
0.0282251
0.0171313
0.0273852
0.0166217
0.0265723
0.0161286
0.0257867
0.0156521
0.0250288
0.0151925
0.0242988
0.0147499
0.0235971
0.0143245
0.0229238
0.0139165
0.0222792
0.0135258
0.0216635
0.0131528
0.0210768
0.0127974
0.0205192
0.0124597
0.0199909
0.0121399
0.019492
0.0118379
0.0190224
0.0115538
0.0185823
0.0112876
0.0181717
0.0110394
0.0177905
0.0108091
0.0174387
0.0105966
0.0171163
0.010402
0.0168231
0.0102252
0.016559
0.0100661
0.0163239
0.0099246
0.0161176
0.00980064
0.01594
0.0096941
0.0157908
0.00960483
0.0156697
0.00953269
0.0155766
0.00947752
0.0155111
0.00943915
0.0154729
0.00941739
0.0154618
0.00941203
0.0154773
0.00942287
0.015519
0.00944966
0.0155866
0.00949217
0.0156797
0.00955014
0.0157978
0.00962331
0.0159404
0.00971139
0.0161071
0.00981408
0.0162974
0.00993109
0.0165107
0.0100621
0.0167465
0.0102068
0.0170043
0.0103648
0.0172835
0.0105357
0.0175835
0.0107193
0.0179036
0.0109151
0.0182433
0.0111228
0.0186019
0.011342
0.0189787
0.0115722
0.0193731
0.0118131
0.0197844
0.0120642
0.0202119
0.0123251
0.0206549
0.0125954
0.0211126
0.0128746
0.0215843
0.0131623
0.0220692
0.013458
0.0225666
0.0137613
0.0230758
0.0140716
0.0235958
0.0143885
0.024126
0.0147116
0.0246656
0.0150403
0.0252136
0.0153742
0.0257694
0.0157127
0.0263321
0.0160553
0.0269008
0.0164016
0.0274747
0.016751
0.028053
0.017103
0.0286349
0.0174571
0.0292194
0.0178128
0.0298058
0.0181696
0.0303931
0.018527
0.0309806
0.0188844
0.0315674
0.0192413
0.0321526
0.0195971
0.0327354
0.0199515
0.0333149
0.0203038
0.0338902
0.0206536
0.0344606
0.0210002
0.0350251
0.0213433
0.035583
0.0216823
0.0361333
0.0220166
0.0366753
0.0223459
0.0372081
0.0226695
0.037731
0.0229869
0.038243
0.0232978
0.0387434
0.0236015
0.0392314
0.0238977
0.0397061
0.0241857
0.0401669
0.0244652
0.0406129
0.0247357
0.0410434
0.0249967
0.0414576
0.0252477
0.0418547
0.0254883
0.0422342
0.0257181
0.0425952
0.0259367
0.042937
0.0261435
0.0432589
0.0263382
0.0435604
0.0265205
0.0438407
0.0266897
0.0440991
0.0268457
0.0443351
0.026988
0.044548
0.0271162
0.0447373
0.02723
0.0449024
0.027329
0.0450426
0.0274129
0.0451575
0.0274814
0.0452466
0.027534
0.0453093
0.0275707
0.0453451
0.0275909
0.0453536
0.0275945
0.0453344
0.0275812
0.045287
0.0275508
0.0452109
0.0275029
0.0451059
0.0274373
0.0449716
0.0273539
0.0448076
0.0272524
0.0446135
0.0271326
0.0443892
0.0269944
0.0441343
0.0268376
0.0438486
0.026662
0.0435318
0.0264675
0.0431837
0.0262539
0.0428042
0.0260212
0.042393
0.0257693
0.0419501
0.025498
0.0414753
0.0252073
0.0409686
0.0248972
0.0404298
0.0245676
0.039859
0.0242184
0.039256
0.0238497
0.038621
0.0234615
0.0379538
0.0230538
0.0372547
0.0226266
0.0365236
0.02218
0.0357606
0.021714
0.0349659
0.0212287
0.0341396
0.0207242
0.0332819
0.0202005
0.032393
0.0196579
0.031473
0.0190964
0.0305222
0.0185162
0.0295408
0.0179174
0.0285292
0.0173002
0.0274877
0.0166648
0.0264164
0.0160113
0.0253159
0.0153401
0.0241865
0.0146513
0.0230285
0.0139451
0.0218424
0.0132219
0.0206285
0.0124817
0.0193874
0.0117251
0.0181195
0.0109521
0.0168252
0.0101632
0.0155052
0.00935855
0.0141598
0.00853863
0.0127897
0.00770356
0.0113954
0.00685389
0.00997746
0.00598981
0.00853649
0.00511181
0.0070731
0.00422013
0.00558791
0.00331529
0.00408156
0.00239755
0.00255469
0.00146742
0.00108681
0.000247255
6.19949e-05
-0.00132798
-0.000897496
-0.00292132
-0.00186802
-0.00453214
-0.00284903
-0.00615963
-0.0038402
-0.00780304
-0.00484109
-0.00946175
-0.00585111
-0.0111349
-0.00686993
-0.0128217
-0.00789704
-0.0145214
-0.00893202
-0.0162334
-0.00997426
-0.0179566
-0.0110234
-0.0196905
-0.012079
-0.021434
-0.0131404
-0.0231866
-0.0142072
-0.0249472
-0.015279
-0.0267152
-0.0163551
-0.0284897
-0.0174351
-0.0302698
-0.0185186
-0.0320548
-0.019605
-0.0338439
-0.0206937
-0.035636
-0.0217844
-0.0374306
-0.0228764
-0.0392267
-0.0239693
-0.0410234
-0.0250626
-0.04282
-0.0261558
-0.0446156
-0.0272483
-0.0464094
-0.0283397
-0.0482006
-0.0294294
-0.0499883
-0.030517
-0.0517717
-0.0316019
-0.0535501
-0.0326837
-0.0553225
-0.0337618
-0.0570883
-0.0348358
-0.0588465
-0.0359052
-0.0605964
-0.0369696
-0.0623372
-0.0380283
-0.0640682
-0.039081
-0.0657885
-0.0401272
-0.0674974
-0.0411664
-0.0691941
-0.0421981
-0.0708779
-0.043222
-0.0725481
-0.0442375
-0.0742039
-0.0452442
-0.0758446
-0.0462417
-0.0774695
-0.0472296
-0.0790779
-0.0482073
-0.0806691
-0.0491746
-0.0822425
-0.050131
-0.0837974
-0.0510761
-0.0853331
-0.0520096
-0.086849
-0.0529309
-0.0883445
-0.0538398
-0.089819
-0.0547358
-0.0912719
-0.0556187
-0.0927025
-0.056488
-0.0941104
-0.0573435
-0.095495
-0.0581847
-0.0968557
-0.0590114
-0.0981921
-0.0598232
-0.0995035
-0.0606199
-0.10079
-0.061401
-0.10205
-0.0621665
-0.103284
-0.0629158
-0.104491
-0.0636489
-0.105671
-0.0643654
-0.106823
-0.0650651
-0.107947
-0.0657476
-0.109043
-0.0664129
-0.11011
-0.0670607
-0.111148
-0.0676907
-0.112157
-0.0683028
-0.113135
-0.0688968
-0.114084
-0.0694724
-0.115002
-0.0700295
-0.11589
-0.070568
-0.116747
-0.0710877
-0.117572
-0.0715884
-0.118367
-0.07207
-0.119129
-0.0725324
-0.11986
-0.0729755
-0.120559
-0.0733991
-0.121226
-0.0738032
-0.121861
-0.0741877
-0.122463
-0.0745525
-0.123033
-0.0748975
-0.12357
-0.0752227
-0.124075
-0.075528
-0.124547
-0.0758134
-0.124986
-0.0760788
-0.125392
-0.0763243
-0.125766
-0.0765498
-0.126107
-0.0767554
-0.126414
-0.0769409
-0.126689
-0.0771065
-0.126932
-0.0772522
-0.127141
-0.0773779
-0.127318
-0.0774838
-0.127462
-0.0775699
-0.127574
-0.0776362
-0.127654
-0.0776827
-0.127701
-0.0777097
-0.127716
-0.0777171
-0.127699
-0.077705
-0.12765
-0.0776736
-0.127569
-0.0776229
-0.127457
-0.077553
-0.127314
-0.0774641
-0.12714
-0.0773563
-0.126934
-0.0772296
-0.126698
-0.0770843
-0.126432
-0.0769205
-0.126135
-0.0767384
-0.125808
-0.076538
-0.125452
-0.0763196
-0.125066
-0.0760833
-0.124651
-0.0758293
-0.124208
-0.0755578
-0.123736
-0.075269
-0.123235
-0.074963
-0.122707
-0.07464
-0.122151
-0.0743004
-0.121568
-0.0739442
-0.120959
-0.0735716
-0.120322
-0.073183
-0.11966
-0.0727785
-0.118972
-0.0723584
-0.118258
-0.0719228
-0.117519
-0.071472
-0.116756
-0.0710063
-0.115969
-0.0705259
-0.115158
-0.0700311
-0.114323
-0.0695221
-0.113466
-0.0689991
-0.112586
-0.0684624
-0.111684
-0.0679124
-0.110761
-0.0673492
-0.109816
-0.0667732
-0.10885
-0.0661845
-0.107865
-0.0655836
-0.106859
-0.0649706
-0.105834
-0.0643459
-0.10479
-0.0637098
-0.103728
-0.0630624
-0.102648
-0.0624042
-0.101551
-0.0617355
-0.100436
-0.0610565
-0.0993055
-0.0603675
-0.0981587
-0.0596688
-0.0969966
-0.0589608
-0.0958195
-0.0582437
-0.094628
-0.0575179
-0.0934226
-0.0567836
-0.0922038
-0.0560413
-0.0909722
-0.0552911
-0.0897282
-0.0545335
-0.0884725
-0.0537687
-0.0872054
-0.0529971
-0.0859276
-0.052219
-0.0846396
-0.0514346
-0.0833418
-0.0506444
-0.0820349
-0.0498487
-0.0807194
-0.0490477
-0.0793958
-0.0482419
-0.0780646
-0.0474314
-0.0767265
-0.0466168
-0.0753818
-0.0457982
-0.0740312
-0.044976
-0.0726752
-0.0441506
-0.0713143
-0.0433222
-0.0699492
-0.0424913
-0.0685802
-0.0416581
-0.067208
-0.0408229
-0.0658331
-0.0399861
-0.0644559
-0.039148
-0.0630772
-0.038309
-0.0616973
-0.0374693
-0.0603169
-0.0366292
-0.0589364
-0.0357892
-0.0575563
-0.0349495
-0.0561773
-0.0341104
-0.0547998
-0.0332722
-0.0534243
-0.0324354
-0.0520513
-0.0316
-0.0506814
-0.0307666
-0.049315
-0.0299354
-0.0479527
-0.0291066
-0.0465949
-0.0282807
-0.0452422
-0.0274579
-0.043895
-0.0266384
-0.0425538
-0.0258226
-0.0412191
-0.0250108
-0.0398914
-0.0242033
-0.0385711
-0.0234003
-0.0372586
-0.0226021
-0.0359545
-0.021809
-0.0346592
-0.0210213
-0.0333731
-0.0202392
-0.0320966
-0.019463
-0.0308302
-0.0186929
-0.0295742
-0.0179293
-0.0283292
-0.0171723
-0.0270954
-0.0164221
-0.0258733
-0.0156791
-0.0246632
-0.0149435
-0.0234656
-0.0142154
-0.0222807
-0.0134951
-0.021109
-0.0127828
-0.0199507
-0.0120788
-0.0188063
-0.0113832
-0.017676
-0.0106961
-0.0165601
-0.0100179
-0.0154589
-0.00934868
-0.0143728
-0.0086886
-0.013302
-0.00803785
-0.0122467
-0.00739658
-0.0112073
-0.00676496
-0.010184
-0.00614313
-0.00917689
-0.00553123
-0.00818635
-0.00492938
-0.00721252
-0.00433773
-0.00625562
-0.00375638
-0.00531581
-0.00318544
-0.00439328
-0.00262502
-0.00348816
-0.00207521
-0.00260062
-0.0015361
-0.00173077
-0.00100776
-0.000878745
-0.00049027
-6.4575e-05
4.18055e-06
0.000751539
0.00049981
0.00154958
0.000984437
0.00232948
0.00145802
0.00309118
0.00192054
0.00383466
0.00237196
0.00455989
0.00281227
0.00526685
0.00324148
0.00595555
0.00365957
0.006626
0.00406656
0.00727823
0.00446247
0.00791231
0.00484731
0.00852825
0.00522115
0.00912614
0.00558401
0.00970607
0.00593593
0.0102681
0.00627699
0.0108124
0.00660725
0.0113391
0.00692678
0.0118482
0.00723567
0.01234
0.00753399
0.0128146
0.00782187
0.0132721
0.00809939
0.0137128
0.00836666
0.0141369
0.00862382
0.0145445
0.00887099
0.0149359
0.00910829
0.0153112
0.00933588
0.0156709
0.00955389
0.016015
0.00976249
0.0163439
0.00996183
0.0166578
0.0101521
0.0169571
0.0103334
0.017242
0.010506
0.0175128
0.0106701
0.0177698
0.0108258
0.0180135
0.0109734
0.018244
0.011113
0.0184617
0.0112448
0.0186671
0.0113691
0.0188603
0.0114862
0.019042
0.0115961
0.0192123
0.0116992
0.0193716
0.0117956
0.0195205
0.0118856
0.0196592
0.0119695
0.0197881
0.0120475
0.0199078
0.0121199
0.0200185
0.0121868
0.0201207
0.0122486
0.0202148
0.0123055
0.0203013
0.0123578
0.0203806
0.0124057
0.0204531
0.0124496
0.0205193
0.0124896
0.0205796
0.012526
0.0206345
0.0125591
0.0206844
0.0125893
0.0207297
0.0126167
0.020771
0.0126417
0.0208086
0.0126644
0.0208431
0.0126853
0.0208749
0.0127045
0.0209044
0.0127224
0.0209321
0.0127393
0.0209584
0.0127553
0.0209839
0.0127709
0.021009
0.0127862
0.0210341
0.0128015
0.0210597
0.0128172
0.0210862
0.0128334
0.0211141
0.0128506
0.0211439
0.0128688
0.0211759
0.0128885
0.0212106
0.0129099
0.0212485
0.0129331
0.02129
0.0129586
0.0213354
0.0129866
0.0213853
0.0130173
0.0214401
0.0130509
0.0215001
0.0130878
0.0215658
0.0131281
0.0216375
0.0131722
0.0217157
0.0132202
0.0218007
0.0132724
0.021893
0.013329
0.0219929
0.0133902
0.0221007
0.0134563
0.0222169
0.0135275
0.0223417
0.013604
0.0224755
0.013686
0.0226187
0.0137737
0.0227716
0.0138673
0.0229345
0.013967
0.0231076
0.014073
0.0232913
0.0141854
0.0234859
0.0143045
0.0236917
0.0144304
0.0239089
0.0145632
0.0241377
0.0147032
0.0243785
0.0148504
0.0246315
0.015005
0.0248968
0.0151672
0.0251747
0.015337
0.0254654
0.0155147
0.0257691
0.0157002
0.0260859
0.0158938
0.0264161
0.0160955
0.0267598
0.0163054
0.027117
0.0165236
0.0274881
0.0167502
0.027873
0.0169852
0.028272
0.0172288
0.028685
0.0174809
0.0291122
0.0177416
0.0295536
0.018011
0.0300093
0.0182892
0.0304793
0.018576
0.0309638
0.0188716
0.0314626
0.0191759
0.0319758
0.019489
0.0325034
0.0198109
0.0330453
0.0201415
0.0336017
0.0204808
0.0341723
0.0208288
0.0347571
0.0211855
0.0353562
0.0215508
0.0359693
0.0219247
0.0365965
0.0223071
0.0372375
0.022698
0.0378923
0.0230972
0.0385608
0.0235047
0.0392427
0.0239204
0.039938
0.0243443
0.0406465
0.0247761
0.041368
0.0252159
0.0421023
0.0256634
0.0428492
0.0261186
0.0436084
0.0265813
0.0443799
0.0270514
0.0451633
0.0275287
0.0459583
0.0280131
0.0467648
0.0285045
0.0475824
0.0290026
0.0484109
0.0295073
0.0492499
0.0300185
0.0500992
0.0305358
0.0509585
0.0310592
0.0518274
0.0315885
0.0527056
0.0321233
0.0535927
0.0326636
0.0544884
0.0332092
0.0553924
0.0337597
0.0563042
0.0343149
0.0572236
0.0348747
0.05815
0.0354388
0.0590831
0.036007
0.0600225
0.0365789
0.0609677
0.0371544
0.0619184
0.0377332
0.0628742
0.038315
0.0638345
0.0388996
0.064799
0.0394867
0.0657671
0.040076
0.0667385
0.0406672
0.0677127
0.0412602
0.0686892
0.0418544
0.0696675
0.0424498
0.0706472
0.043046
0.0716277
0.0436427
0.0726086
0.0442395
0.0735894
0.0448363
0.0745696
0.0454327
0.0755486
0.0460283
0.0765261
0.046623
0.0775014
0.0472163
0.0784741
0.047808
0.0794436
0.0483977
0.0804094
0.0489852
0.0813711
0.0495701
0.0823281
0.0501522
0.0832798
0.050731
0.0842258
0.0513063
0.0851655
0.0518777
0.0860985
0.052445
0.0870241
0.0530078
0.0879419
0.0535658
0.0888513
0.0541187
0.0897519
0.0546662
0.0906431
0.0552079
0.0915244
0.0557436
0.0923952
0.0562729
0.0932552
0.0567955
0.0941037
0.0573111
0.0949402
0.0578195
0.0957643
0.0583202
0.0965754
0.058813
0.0973731
0.0592977
0.0981569
0.0597738
0.0989263
0.0602411
0.0996807
0.0606994
0.10042
0.0611482
0.101143
0.0615874
0.10185
0.0620167
0.10254
0.0624357
0.103213
0.0628442
0.103869
0.063242
0.104506
0.0636288
0.105125
0.0640042
0.105725
0.0643682
0.106305
0.0647203
0.106866
0.0650604
0.107406
0.0653883
0.107927
0.0657036
0.108426
0.0660062
0.108904
0.0662959
0.10936
0.0665723
0.109795
0.0668355
0.110207
0.067085
0.110596
0.0673207
0.110963
0.0675425
0.111306
0.0677502
0.111626
0.0679435
0.111922
0.0681223
0.112194
0.0682865
0.112442
0.0684359
0.112665
0.0685703
0.112864
0.0686897
0.113037
0.0687938
0.113185
0.0688826
0.113308
0.0689559
0.113405
0.0690136
0.113477
0.0690559
0.113523
0.0690824
0.113543
0.0690932
0.113537
0.0690882
0.113505
0.0690673
0.113447
0.0690304
0.113362
0.0689774
0.113251
0.0689084
0.113114
0.0688232
0.11295
0.0687219
0.112759
0.0686044
0.112542
0.0684707
0.112298
0.0683209
0.112028
0.0681551
0.111731
0.0679733
0.111409
0.0677756
0.11106
0.0675619
0.110685
0.0673322
0.110284
0.0670866
0.109856
0.0668252
0.109403
0.0665478
0.108924
0.0662547
0.108418
0.065946
0.107888
0.0656216
0.107331
0.0652817
0.10675
0.0649264
0.106143
0.0645558
0.105511
0.0641701
0.104855
0.0637693
0.104174
0.0633536
0.103469
0.0629232
0.102739
0.0624781
0.101986
0.0620185
0.10121
0.0615447
0.10041
0.0610567
0.0995872
0.0605548
0.0987417
0.0600391
0.0978739
0.0595098
0.096984
0.0589672
0.0960724
0.0584113
0.0951395
0.0578424
0.0941855
0.0572608
0.0932109
0.0566666
0.0922159
0.0560601
0.091201
0.0554414
0.0901665
0.0548109
0.0891129
0.0541687
0.0880404
0.0535151
0.0869495
0.0528503
0.0858407
0.0521746
0.0847142
0.0514882
0.0835706
0.0507914
0.0824102
0.0500844
0.0812335
0.0493674
0.0800408
0.0486409
0.0788328
0.0479049
0.0776096
0.0471598
0.0763719
0.0464059
0.0751201
0.0456434
0.0738545
0.0448725
0.0725757
0.0440936
0.071284
0.043307
0.0699801
0.0425129
0.0686642
0.0417115
0.0673369
0.0409032
0.0659986
0.0400883
0.0646498
0.0392669
0.0632909
0.0384395
0.0619224
0.0376062
0.0605447
0.0367674
0.0591583
0.0359233
0.0577637
0.0350742
0.0563613
0.0342204
0.0549515
0.0333622
0.0535348
0.0324998
0.0521117
0.0316334
0.0506826
0.0307635
0.0492479
0.0298902
0.0478081
0.0290138
0.0463636
0.0281345
0.0449149
0.0272527
0.0434624
0.0263686
0.0420064
0.0254825
0.0405475
0.0245946
0.039086
0.0237051
0.0376224
0.0228143
0.0361571
0.0219226
0.0346904
0.02103
0.0332228
0.0201369
0.0317547
0.0192435
0.0302864
0.01835
0.0288183
0.0174567
0.0273509
0.0165638
0.0258845
0.0156715
0.0244194
0.01478
0.0229561
0.0138897
0.0214948
0.0130006
0.020036
0.012113
0.0185799
0.0112271
0.017127
0.0103431
0.0156775
0.00946124
0.0142318
0.0085817
0.0127902
0.00770466
0.011353
0.00683033
0.0099205
0.00595888
0.00849304
0.00509051
0.0070709
0.00422539
0.00565436
0.00336369
0.00424372
0.0025056
0.00283924
0.00165127
0.0014412
0.000800876
6.98096e-05
-3.32918e-05
-0.00131458
-0.000875352
-0.00269176
-0.00171301
-0.00406149
-0.00254613
-0.00542353
-0.00337456
-0.00677765
-0.00419815
-0.00812362
-0.00501676
-0.00946121
-0.00583027
-0.0107902
-0.00663854
-0.0121104
-0.00744144
-0.0134216
-0.00823885
-0.0147236
-0.00903065
-0.0160162
-0.00981672
-0.0172992
-0.0105969
-0.0185724
-0.0113712
-0.0198357
-0.0121394
-0.0210888
-0.0129014
-0.0223317
-0.0136572
-0.0235641
-0.0144066
-0.0247859
-0.0151495
-0.025997
-0.0158859
-0.0271972
-0.0166157
-0.0283863
-0.0173387
-0.0295642
-0.0180549
-0.0307309
-0.0187642
-0.0318861
-0.0194665
-0.0330297
-0.0201618
-0.0341616
-0.02085
-0.0352818
-0.021531
-0.03639
-0.0222048
-0.0374863
-0.0228712
-0.0385704
-0.0235303
-0.0396423
-0.0241819
-0.0407019
-0.024826
-0.0417491
-0.0254626
-0.0427839
-0.0260916
-0.0438061
-0.0267129
-0.0448156
-0.0273266
-0.0458124
-0.0279325
-0.0467964
-0.0285306
-0.0477676
-0.0291208
-0.0487259
-0.0297033
-0.0496711
-0.0302778
-0.0506033
-0.0308443
-0.0515225
-0.0314029
-0.0524284
-0.0319535
-0.0533212
-0.032496
-0.0542007
-0.0330305
-0.055067
-0.0335569
-0.0559199
-0.0340752
-0.0567594
-0.0345853
-0.0575855
-0.0350873
-0.0583982
-0.0355811
-0.0591975
-0.0360667
-0.0599832
-0.0365441
-0.0607554
-0.0370132
-0.0615141
-0.0374742
-0.0622592
-0.0379268
-0.0629908
-0.0383713
-0.0637088
-0.0388074
-0.0644132
-0.0392353
-0.065104
-0.0396549
-0.0657812
-0.0400662
-0.0664447
-0.0404692
-0.0670947
-0.040864
-0.0677311
-0.0412504
-0.0683538
-0.0416286
-0.068963
-0.0419986
-0.0695585
-0.0423602
-0.0701405
-0.0427136
-0.0707089
-0.0430587
-0.0712638
-0.0433956
-0.0718051
-0.0437242
-0.0723329
-0.0440447
-0.0728472
-0.0443569
-0.073348
-0.0446609
-0.0738354
-0.0449567
-0.0743093
-0.0452443
-0.0747698
-0.0455238
-0.075217
-0.0457951
-0.0756508
-0.0460583
-0.0760713
-0.0463134
-0.0764785
-0.0465605
-0.0768725
-0.0467995
-0.0772534
-0.0470305
-0.0776211
-0.0472535
-0.0779757
-0.0474686
-0.0783173
-0.0476757
-0.078646
-0.047875
-0.0789617
-0.0480664
-0.0792647
-0.04825
-0.0795548
-0.0484258
-0.0798323
-0.0485939
-0.0800971
-0.0487544
-0.0803494
-0.0489072
-0.0805893
-0.0490525
-0.0808168
-0.0491902
-0.0810319
-0.0493204
-0.0812349
-0.0494432
-0.0814258
-0.0495587
-0.0816047
-0.0496669
-0.0817717
-0.0497678
-0.0819268
-0.0498616
-0.0820703
-0.0499482
-0.0822022
-0.0500278
-0.0823226
-0.0501004
-0.0824317
-0.0501661
-0.0825295
-0.050225
-0.0826162
-0.0502772
-0.082692
-0.0503226
-0.0827569
-0.0503615
-0.082811
-0.0503939
-0.0828546
-0.0504198
-0.0828877
-0.0504393
-0.0829105
-0.0504527
-0.0829232
-0.0504598
-0.0829258
-0.0504608
-0.0829186
-0.0504559
-0.0829017
-0.050445
-0.0828752
-0.0504284
-0.0828404
-0.0504072
-0.0827986
-0.0503821
-0.0827515
-0.0503522
-0.082696
-0.050318
-0.0826327
-0.0502789
-0.0825614
-0.0502351
-0.0824823
-0.0501865
-0.0823954
-0.0501332
-0.0823009
-0.0500752
-0.0821987
-0.0500126
-0.0820892
-0.0499456
-0.0819724
-0.0498741
-0.0818486
-0.0497983
-0.0817178
-0.0497184
-0.0815803
-0.0496343
-0.0814363
-0.0495463
-0.0812858
-0.0494544
-0.0811292
-0.0493588
-0.0809666
-0.0492595
-0.0807982
-0.0491567
-0.0806242
-0.0490505
-0.0804447
-0.048941
-0.08026
-0.0488283
-0.0800702
-0.0487126
-0.0798756
-0.0485939
-0.0796762
-0.0484723
-0.0794724
-0.0483481
-0.0792643
-0.0482212
-0.0790521
-0.0480919
-0.078836
-0.0479601
-0.0786161
-0.0478261
-0.0783926
-0.04769
-0.0781659
-0.0475518
-0.0779359
-0.0474117
-0.0777029
-0.0472698
-0.0774672
-0.0471262
-0.0772288
-0.046981
-0.0769879
-0.0468343
-0.0767448
-0.0466863
-0.0764996
-0.0465369
-0.0762524
-0.0463864
-0.0760035
-0.0462349
-0.075753
-0.0460824
-0.0755011
-0.045929
-0.0752479
-0.0457749
-0.0749937
-0.0456202
-0.0747384
-0.0454648
-0.0744825
-0.045309
-0.0742258
-0.0451528
-0.0739687
-0.0449964
-0.0737113
-0.0448397
-0.0734536
-0.0446829
-0.0731959
-0.0445261
-0.0729383
-0.0443693
-0.0726808
-0.0442127
-0.0724237
-0.0440563
-0.0721671
-0.0439001
-0.071911
-0.0437444
-0.0716556
-0.043589
-0.0714009
-0.0434341
-0.0711472
-0.0432798
-0.0708945
-0.0431261
-0.0706429
-0.042973
-0.0703924
-0.0428207
-0.0701432
-0.0426691
-0.0698954
-0.0425184
-0.069649
-0.0423686
-0.0694041
-0.0422196
-0.0691607
-0.0420716
-0.068919
-0.0419246
-0.068679
-0.0417787
-0.0684407
-0.0416338
-0.0682041
-0.0414899
-0.0679694
-0.0413472
-0.0677365
-0.0412056
-0.0675055
-0.0410651
-0.0672765
-0.0409258
-0.0670493
-0.0407877
-0.0668241
-0.0406508
-0.0666008
-0.040515
-0.0663794
-0.0403804
-0.06616
-0.040247
-0.0659426
-0.0401148
-0.065727
-0.0399837
-0.0655134
-0.0398538
-0.0653016
-0.0397251
-0.0650917
-0.0395974
-0.0648835
-0.0394709
-0.0646772
-0.0393454
-0.0644726
-0.039221
-0.0642696
-0.0390976
-0.0640683
-0.0389751
-0.0638685
-0.0388536
-0.0636702
-0.038733
-0.0634733
-0.0386133
-0.0632777
-0.0384943
-0.0630834
-0.0383762
-0.0628903
-0.0382587
-0.0626982
-0.0381419
-0.0625071
-0.0380256
-0.0623169
-0.0379099
-0.0621275
-0.0377947
-0.0619388
-0.0376799
-0.0617506
-0.0375654
-0.0615628
-0.0374511
-0.0613753
-0.037337
-0.0611881
-0.0372231
-0.0610008
-0.0371091
-0.0608135
-0.0369951
-0.060626
-0.036881
-0.0604381
-0.0367666
-0.0602497
-0.0366519
-0.0600607
-0.0365368
-0.0598708
-0.0364212
-0.05968
-0.0363051
-0.0594881
-0.0361882
-0.0592949
-0.0360705
-0.0591002
-0.035952
-0.058904
-0.0358325
-0.058706
-0.0357118
-0.058506
-0.03559
-0.0583039
-0.0354669
-0.0580996
-0.0353424
-0.0578927
-0.0352164
-0.0576833
-0.0350888
-0.057471
-0.0349594
-0.0572557
-0.0348282
-0.0570372
-0.0346951
-0.0568154
-0.0345599
-0.05659
-0.0344225
-0.0563609
-0.0342829
-0.0561278
-0.0341408
-0.0558907
-0.0339963
-0.0556492
-0.0338491
-0.0554033
-0.0336992
-0.0551528
-0.0335464
-0.0548973
-0.0333907
-0.0546369
-0.0332319
-0.0543712
-0.0330699
-0.0541001
-0.0329046
-0.0538234
-0.0327359
-0.053541
-0.0325637
-0.0532526
-0.0323879
-0.0529581
-0.0322083
-0.0526572
-0.0320249
-0.0523499
-0.0318375
-0.0520359
-0.0316461
-0.0517151
-0.0314504
-0.0513873
-0.0312506
-0.0510523
-0.0310463
-0.05071
-0.0308376
-0.0503602
-0.0306243
-0.0500027
-0.0304063
-0.0496375
-0.0301836
-0.0492643
-0.029956
-0.048883
-0.0297236
-0.0484934
-0.029486
-0.0480955
-0.0292434
-0.0476891
-0.0289956
-0.0472741
-0.0287426
-0.0468502
-0.0284842
-0.0464175
-0.0282204
-0.0459758
-0.0279511
-0.0455249
-0.0276762
-0.0450648
-0.0273957
-0.0445954
-0.0271095
-0.0441165
-0.0268176
-0.043628
-0.0265198
-0.04313
-0.0262162
-0.0426222
-0.0259066
-0.0421046
-0.0255911
-0.0415771
-0.0252696
-0.0410397
-0.024942
-0.0404922
-0.0246083
-0.0399347
-0.0242685
-0.039367
-0.0239225
-0.0387892
-0.0235703
-0.0382011
-0.0232119
-0.0376027
-0.0228472
-0.0369941
-0.0224763
-0.0363751
-0.0220991
-0.0357458
-0.0217156
-0.0351062
-0.0213258
-0.0344561
-0.0209297
-0.0337957
-0.0205272
-0.033125
-0.0201185
-0.0324439
-0.0197035
-0.0317524
-0.0192822
-0.0310506
-0.0188546
-0.0303386
-0.0184207
-0.0296163
-0.0179806
-0.0288838
-0.0175344
-0.0281412
-0.0170819
-0.0273884
-0.0166233
-0.0266256
-0.0161586
-0.0258529
-0.0156878
-0.0250702
-0.0152111
-0.0242777
-0.0147283
-0.0234755
-0.0142396
-0.0226637
-0.0137451
-0.0218423
-0.0132447
-0.0210114
-0.0127387
-0.0201713
-0.0122269
-0.0193219
-0.0117096
-0.0184635
-0.0111868
-0.0175961
-0.0106585
-0.01672
-0.0101249
-0.0158351
-0.00958598
-0.0149405
-0.00904052
-0.0140352
-0.00848753
-0.0131175
-0.00793019
-0.0121911
-0.00736612
-0.0112558
-0.00679654
-0.010312
-0.0062218
-0.00935991
-0.00564206
-0.00839991
-0.00505749
-0.00743219
-0.00446824
-0.00645701
-0.00387446
-0.00547458
-0.00327628
-0.00448513
-0.00267384
-0.00348889
-0.00206728
-0.00248607
-0.00145673
-0.00147692
-0.000842334
-0.00056965
2.83279e-05
7.40605e-05
0.00105241
0.000697506
0.00208202
0.0013243
0.00311692
0.00195431
0.00415687
0.00258737
0.00520161
0.00322333
0.00625089
0.00386204
0.00730445
0.00450334
0.00836204
0.00514707
0.00942338
0.00579308
0.0104882
0.0064412
0.0115563
0.00709126
0.0126273
0.0077431
0.013701
0.00839656
0.0147771
0.00905146
0.0158553
0.00970764
0.0169353
0.0103649
0.0180169
0.0110231
0.0190998
0.0116821
0.0201837
0.0123417
0.0212683
0.0130017
0.0223533
0.0136619
0.0234384
0.0143222
0.0245234
0.0149824
0.0256079
0.0156422
0.0266917
0.0163017
0.0277745
0.0169605
0.028856
0.0176185
0.0299359
0.0182755
0.031014
0.0189313
0.0320899
0.0195859
0.0331633
0.0202389
0.034234
0.0208902
0.0353017
0.0215398
0.0363661
0.0221872
0.0374269
0.0228326
0.038484
0.0234755
0.0395369
0.024116
0.0405854
0.0247537
0.0416293
0.0253887
0.0426683
0.0260206
0.0437021
0.0266494
0.0447306
0.0272749
0.0457533
0.0278969
0.0467702
0.0285153
0.0477809
0.02913
0.0487851
0.0297407
0.0497828
0.0303474
0.0507735
0.0309499
0.0517572
0.0315481
0.0527336
0.0321418
0.0537024
0.0327309
0.0546634
0.0333153
0.0556165
0.0338948
0.0565614
0.0344693
0.057498
0.0350387
0.0584259
0.0356029
0.0593452
0.0361618
0.0602555
0.0367153
0.0611567
0.0372631
0.0620486
0.0378054
0.062931
0.0383418
0.0638039
0.0388725
0.064667
0.0393971
0.0655202
0.0399158
0.0663634
0.0404283
0.0671963
0.0409346
0.068019
0.0414346
0.0688312
0.0419283
0.0696328
0.0424156
0.0704238
0.0428963
0.071204
0.0433705
0.0719733
0.0438381
0.0727317
0.0442989
0.073479
0.044753
0.0742151
0.0452004
0.07494
0.0456409
0.0756536
0.0460745
0.0763558
0.0465013
0.0770467
0.0469211
0.0777261
0.0473339
0.078394
0.0477397
0.0790503
0.0481384
0.079695
0.0485302
0.0803281
0.0489148
0.0809496
0.0492924
0.0815595
0.0496629
0.0821576
0.0500263
0.0827441
0.0503825
0.0833188
0.0507317
0.0838819
0.0510737
0.0844333
0.0514087
0.0849731
0.0517365
0.0855011
0.0520572
0.0860176
0.0523709
0.0865224
0.0526775
0.0870156
0.052977
0.0874972
0.0532695
0.0879673
0.053555
0.088426
0.0538334
0.0888731
0.054105
0.0893089
0.0543695
0.0897333
0.0546272
0.0901463
0.054878
0.0905482
0.0551219
0.0909388
0.055359
0.0913182
0.0555894
0.0916866
0.055813
0.0920439
0.0560298
0.0923903
0.0562401
0.0927257
0.0564436
0.0930504
0.0566406
0.0933642
0.0568311
0.0936674
0.057015
0.0939599
0.0571925
0.0942419
0.0573635
0.0945134
0.0575282
0.0947745
0.0576865
0.0950252
0.0578386
0.0952656
0.0579844
0.0954959
0.058124
0.095716
0.0582574
0.0959261
0.0583847
0.0961262
0.0585059
0.0963163
0.0586212
0.0964967
0.0587304
0.0966672
0.0588337
0.096828
0.058931
0.0969792
0.0590225
0.0971208
0.0591082
0.0972529
0.0591881
0.0973755
0.0592622
0.0974888
0.0593306
0.0975927
0.0593934
0.0976873
0.0594505
0.0977726
0.0595019
0.0978488
0.0595478
0.0979159
0.0595882
0.0979739
0.059623
0.0980229
0.0596523
0.0980628
0.0596761
0.0980938
0.0596945
0.0981159
0.0597074
0.098129
0.059715
0.0981333
0.0597171
0.0981288
0.0597139
0.0981155
0.0597053
0.0980934
0.0596914
0.0980625
0.0596721
0.0980229
0.0596475
0.0979745
0.0596176
0.0979174
0.0595824
0.0978515
0.0595418
0.0977769
0.059496
0.0976936
0.0594448
0.0976016
0.0593883
0.0975009
0.0593265
0.0973913
0.0592594
0.0972731
0.059187
0.097146
0.0591092
0.0970102
0.059026
0.0968656
0.0589375
0.0967121
0.0588436
0.0965497
0.0587443
0.0963785
0.0586396
0.0961983
0.0585294
0.0960091
0.0584138
0.095811
0.0582927
0.0956038
0.0581661
0.0953875
0.058034
0.0951621
0.0578963
0.0949275
0.057753
0.0946837
0.0576041
0.0944306
0.0574496
0.0941682
0.0572894
0.0938964
0.0571234
0.0936152
0.0569517
0.0933244
0.0567743
0.0930241
0.056591
0.0927143
0.0564018
0.0923947
0.0562068
0.0920654
0.0560059
0.0917263
0.055799
0.0913774
0.055586
0.0910185
0.0553671
0.0906497
0.055142
0.0902708
0.0549109
0.0898818
0.0546736
0.0894827
0.0544301
0.0890733
0.0541804
0.0886536
0.0539244
0.0882236
0.0536622
0.0877832
0.0533936
0.0873324
0.0531186
0.086871
0.0528372
0.0863991
0.0525494
0.0859165
0.0522551
0.0854233
0.0519544
0.0849193
0.0516471
0.0844046
0.0513332
0.0838791
0.0510128
0.0833427
0.0506858
0.0827954
0.0503521
0.0822373
0.0500118
0.0816681
0.0496649
0.081088
0.0493112
0.0804969
0.0489509
0.0798948
0.0485838
0.0792816
0.04821
0.0786574
0.0478295
0.0780221
0.0474423
0.0773757
0.0470483
0.0767182
0.0466476
0.0760497
0.0462402
0.0753701
0.045826
0.0746795
0.0454051
0.0739778
0.0449775
0.0732652
0.0445432
0.0725415
0.0441022
0.0718069
0.0436545
0.0710614
0.0432002
0.070305
0.0427393
0.0695378
0.0422718
0.0687598
0.0417978
0.0679711
0.0413173
0.0671718
0.0408303
0.0663619
0.0403368
0.0655415
0.039837
0.0647107
0.0393308
0.0638695
0.0388184
0.0630181
0.0382997
0.0621566
0.0377749
0.0612851
0.037244
0.0604036
0.036707
0.0595123
0.0361641
0.0586113
0.0356153
0.0577008
0.0350607
0.0567808
0.0345004
0.0558516
0.0339344
0.0549132
0.0333629
0.0539658
0.0327859
0.0530096
0.0322035
0.0520447
0.0316159
0.0510712
0.0310231
0.0500895
0.0304252
0.0490995
0.0298224
0.0481016
0.0292147
0.0470959
0.0286022
0.0460825
0.0279852
0.0450617
0.0273636
0.0440337
0.0267377
0.0429987
0.0261075
0.0419569
0.0254732
0.0409085
0.0248349
0.0398537
0.0241927
0.0387928
0.0235468
0.0377259
0.0228972
0.0366533
0.0222443
0.0355753
0.021588
0.034492
0.0209285
0.0334036
0.020266
0.0323106
0.0196006
0.0312129
0.0189324
0.0301111
0.0182617
0.0290051
0.0175885
0.0278955
0.0169131
0.0267822
0.0162355
0.0256657
0.015556
0.0245462
0.0148746
0.0234239
0.0141915
0.0222991
0.013507
0.0211721
0.012821
0.0200431
0.0121339
0.0189123
0.0114458
0.0177801
0.0107568
0.0166467
0.010067
0.0155123
0.00937673
0.0143773
0.00868604
0.0132418
0.0079951
0.0121062
0.00730409
0.0109707
0.00661315
