-0.125 
0.00046632 
0.10121 
0.0827251 
-0.0115146 
-0.0719338 
-0.0436845 
0.0260252 
0.0594952 
0.0294619 
-0.0212586 
-0.0384355 
-0.013219 
0.0163625 
0.0176691 
-0.00314504 
-0.0197251 
-0.0168483 
-0.00186844 
0.00801805 
0.0046807 
-0.00548143 
-0.0110615 
-0.00723283 
0.000838037 
0.00528309 
0.00370082 
0.000292644 
-0.000470662 
0.00188031 
0.00442562 
0.00490904 
0.00352163 
0.00205462 
0.00151472 
0.00117999 
-0.000134923 
-0.00231193 
-0.00375135 
-0.00342543 
-0.00167863 
-0.000303175 
-0.000495092 
-0.00213589 
-0.00382409 
-0.00434277 
-0.00355427 
-0.0022698 
-0.00118526 
-0.000219729 
0.00108203 
0.00271454 
0.004163 
0.00497342 
0.00517292 
0.0050035 
0.00457472 
0.0038719 
0.00313219 
0.00268973 
0.00256798 
0.002096 
0.000562775 
-0.00187667 
-0.00399185 
-0.00469489 
-0.00398049 
-0.0029217 
-0.00254121 
-0.00304798 
-0.00378323 
-0.00382805 
-0.00267076 
-0.000526591 
0.00179119 
0.00334078 
0.00345267 
0.00242853 
0.00104626 
0.00054063 
0.00123879 
0.00282408 
0.00417927 
0.00443308 
0.00344095 
0.00179092 
9.80364e-05 
-0.00145657 
-0.00298635 
-0.00434765 
-0.00529094 
-0.00556389 
-0.00531761 
-0.00463284 
-0.00370825 
-0.00273197 
-0.00223927 
-0.00247862 
-0.00313109 
-0.0030703 
-0.00166621 
