0 
0.00244888 
-5.55112e-17 
0.00245562 
3.46945e-17 
0.00246174 
-4.68375e-16 
0.00246721 
-1.83881e-16 
0.002472 
-1.5439e-16 
0.00247609 
-1.76074e-16 
0.00247951 
5.09141e-16 
0.00248227 
5.81132e-17 
0.00248436 
-1.75207e-16 
0.00248579 
-2.498e-16 
0.00248655 
1.17961e-16 
0.00248665 
-1.02349e-16 
0.00248609 
-1.7434e-16 
0.00248486 
-3.1225e-16 
0.00248298 
-5.21284e-16 
0.00248045 
6.41848e-17 
0.00247726 
-4.62304e-16 
0.00247343 
-4.33681e-18 
0.00246895 
3.38271e-17 
0.00246384 
3.25261e-16 
0.0024581 
3.60822e-16 
0.00245173 
-1.01481e-16 
0.00244475 
-2.09902e-16 
0.00243715 
9.80119e-17 
0.00242894 
-1.02349e-16 
0.00242014 
-3.1572e-16 
0.00241074 
1.62197e-16 
0.00240077 
3.89445e-16 
0.00239022 
-2.3679e-16 
0.00237911 
4.0766e-17 
0.00236744 
2.60209e-18 
0.00235523 
2.87097e-16 
0.00234249 
-9.62772e-17 
0.00232922 
3.29597e-17 
0.00231544 
3.43475e-16 
0.00230115 
-6.05418e-16 
0.00228637 
1.39645e-16 
0.00227111 
-9.54098e-17 
0.00225539 
1.30104e-17 
0.00223921 
8.2833e-16 
0.00222258 
9.88792e-17 
0.00220552 
-2.76688e-16 
0.00218804 
8.23994e-17 
0.00217016 
-2.39392e-16 
0.00215188 
7.97973e-17 
0.00213323 
-2.11636e-16 
0.0021142 
6.245e-17 
0.00209482 
-4.85723e-17 
0.0020751 
-1.63931e-16 
0.00205506 
6.76542e-17 
0.0020347 
7.71952e-17 
0.00201404 
-6.50521e-17 
0.0019931 
3.46945e-18 
0.00197188 
-5.0307e-17 
0.00195041 
-4.94396e-17 
0.00192869 
3.90313e-17 
0.00190674 
1.96457e-16 
0.00188457 
6.07153e-18 
0.0018622 
-1.22298e-16 
0.00183964 
2.06866e-16 
0.0018169 
3.5345e-16 
0.001794 
-4.7358e-16 
0.00177096 
1.85182e-16 
0.00174777 
-4.94396e-17 
0.00172447 
-3.58654e-16 
0.00170106 
1.85615e-16 
0.00167755 
1.85182e-16 
0.00165396 
4.52763e-16 
0.0016303 
8.10983e-17 
0.00160658 
1.47018e-16 
0.00158282 
-7.53304e-16 
0.00155903 
3.85542e-16 
0.00153522 
5.55112e-17 
0.0015114 
6.50521e-17 
0.00148759 
-2.03396e-16 
0.00146379 
4.15033e-16 
0.00144002 
-1.96024e-16 
0.00141629 
-2.84928e-16 
0.00139261 
8.62158e-16 
0.00136899 
-4.81386e-17 
0.00134545 
3.38271e-16 
-2.84061e-17 
-1.18829e-16 
3.3697e-16 
8.91214e-16 
-1.41814e-16 
-1.66967e-17 
2.00144e-16 
-1.043e-16 
1.42681e-16 
-2.20093e-16 
7.14056e-16 
-4.93529e-16 
-1.62413e-16 
5.32994e-16 
6.04985e-17 
-3.48896e-16 
5.11743e-17 
-2.93819e-16 
-2.03613e-16 
1.02782e-16 
2.10118e-16 
3.72966e-17 
4.19153e-16 
2.26815e-16 
-2.91217e-16 
3.17454e-16 
-2.23996e-16 
2.73653e-16 
-8.13152e-17 
3.76435e-16 
-5.60099e-16 
-3.02818e-16 
1.4962e-16 
-6.18212e-16 
-1.01481e-16 
-3.88361e-16 
9.5193e-17 
-5.65086e-16 
7.91468e-17 
7.87131e-17 
8.14236e-17 
1.71629e-16 
4.65123e-17 
2.73544e-16 
-7.01479e-17 
-2.48391e-16 
-2.2302e-16 
8.94467e-17 
-4.53955e-16 
1.60787e-16 
3.89771e-16 
6.25476e-16 
-4.44306e-16 
3.30573e-16 
3.50089e-16 
3.04552e-16 
-1.32381e-16 
8.73867e-17 
3.55835e-16 
1.28261e-16 
-4.58618e-17 
2.61401e-16 
-3.94975e-16 
-1.55258e-16 
-5.39174e-16 
-4.83879e-16 
3.6375e-16 
-6.21248e-17 
4.07009e-16 
-5.74627e-18 
-5.02528e-16 
1.77159e-16 
-1.13299e-16 
2.3744e-17 
-1.19262e-16 
-5.79831e-16 
-3.33609e-16 
3.40982e-16 
2.70725e-16 
-2.6769e-16 
3.66243e-16 
-4.30645e-16 
1.19262e-17 
-6.72205e-18 
-2.09034e-16 
3.98011e-16 
-1.52873e-16 
1.58077e-16 
-1.4962e-16 
1.47777e-16 
-2.4362e-16 
-3.74321e-16 
-2.18467e-17 
-2.00686e-16 
5.15863e-16 
6.73832e-17 
8.83083e-17 
-3.42337e-16 
-6.54858e-17 
2.02583e-16 
6.97142e-17 
1.46638e-16 
8.4622e-17 
1.43332e-16 
-2.52999e-16 
-1.69678e-16 
3.51282e-17 
-1.72117e-16 
6.53232e-17 
-3.4212e-16 
3.12304e-16 
1.04734e-16 
8.83625e-18 
-2.35543e-16 
2.21611e-16 
8.44051e-17 
-4.5672e-16 
4.39102e-17 
-1.36609e-16 
1.57535e-16 
-2.48282e-17 
4.16984e-16 
1.39699e-16 
-1.56071e-16 
-2.23346e-17 
-5.46275e-16 
-5.8715e-16 
-1.80574e-16 
2.58365e-16 
5.26434e-16 
-9.9855e-17 
-8.72783e-18 
7.22621e-17 
-1.5992e-17 
-4.99275e-17 
1.00126e-16 
-1.98138e-16 
-6.98064e-16 
-1.68377e-16 
2.53107e-16 
1.78134e-16 
1.62142e-16 
5.37114e-16 
-6.98226e-17 
-1.5786e-16 
2.28767e-16 
-1.52005e-16 
-6.24772e-17 
2.94415e-16 
-3.71448e-16 
9.69548e-17 
8.39986e-17 
-3.96005e-17 
5.02528e-17 
-2.46737e-16 
-2.93981e-16 
3.3323e-16 
-1.57562e-16 
1.25849e-16 
1.20889e-17 
-2.31477e-17 
1.95129e-16 
-1.2696e-16 
-6.31819e-17 
4.96294e-17 
-9.85811e-17 
1.4035e-16 
1.37504e-16 
-1.06957e-16 
7.5867e-17 
1.16931e-16 
1.70111e-16 
-1.58998e-16 
-1.40946e-17 
-3.37729e-17 
2.1638e-16 
4.43981e-17 
-2.83058e-16 
-9.75782e-18 
-3.30899e-16 
-3.54263e-17 
-9.77137e-17 
1.92039e-16 
1.84911e-16 
-1.20753e-16 
-2.45572e-17 
-7.26687e-17 
3.80419e-16 
1.78975e-16 
-9.3648e-17 
-1.9887e-16 
-2.34459e-17 
3.41849e-16 
3.93836e-17 
1.08854e-16 
4.13352e-17 
-1.75559e-16 
-2.61618e-16 
3.33392e-17 
3.71122e-16 
-5.27464e-17 
3.0027e-16 
5.21501e-17 
-4.20399e-17 
-1.34116e-16 
6.62719e-17 
-7.42136e-17 
1.6263e-19 
2.30013e-16 
2.13696e-16 
-6.81963e-17 
-2.49692e-16 
-2.48933e-16 
-4.18502e-17 
1.45066e-16 
1.33791e-16 
9.62772e-17 
1.35796e-16 
-1.83068e-16 
-8.85793e-17 
1.36935e-16 
2.21177e-16 
-4.6946e-17 
-1.43115e-17 
1.17202e-16 
-2.24864e-16 
9.09646e-17 
-2.87097e-16 
-1.24954e-16 
1.90332e-16 
-1.27556e-16 
1.29942e-16 
-3.23038e-16 
-1.39266e-16 
-1.18991e-16 
9.22114e-17 
-2.24701e-16 
2.39012e-16 
1.11781e-16 
9.78492e-17 
4.68917e-17 
-2.17925e-16 
3.79471e-17 
1.36067e-17 
-2.46385e-16 
2.33862e-16 
-6.26127e-17 
-4.03865e-17 
1.92988e-17 
6.01732e-18 
-9.81745e-17 
-9.38377e-17 
1.20726e-16 
-4.06034e-17 
-2.61293e-17 
-1.04734e-16 
2.03505e-16 
1.15413e-16 
3.47812e-16 
-1.77375e-16 
-5.24212e-17 
8.54351e-17 
-4.39102e-18 
1.90277e-17 
2.02475e-16 
8.3863e-17 
1.25822e-16 
-1.60787e-16 
2.14672e-17 
-9.59519e-18 
6.81963e-17 
1.91741e-16 
3.85976e-17 
-1.29454e-16 
-1.07065e-16 
-1.74394e-16 
-3.29652e-16 
1.67563e-16 
-7.4051e-17 
-6.87384e-17 
-1.95698e-17 
-8.85251e-17 
8.82541e-17 
4.05492e-17 
1.08095e-16 
1.30972e-16 
-5.78964e-17 
8.67362e-18 
-2.72677e-16 
-9.84456e-17 
8.34836e-17 
-1.36826e-16 
1.23924e-16 
-2.35272e-17 
-3.31766e-17 
-4.25007e-17 
-4.60786e-17 
-1.46801e-16 
-1.79435e-16 
1.6881e-16 
-1.12757e-17 
3.5139e-16 
1.62739e-16 
-6.92805e-17 
3.65376e-17 
-2.05998e-18 
-1.98409e-17 
-1.07987e-16 
-8.50015e-17 
3.16587e-17 
1.28153e-16 
-4.22839e-17 
-9.24824e-17 
1.69136e-17 
-5.32343e-17 
2.52077e-16 
8.67362e-17 
-1.36609e-16 
4.57533e-17 
6.20164e-17 
5.31259e-17 
1.47343e-16 
-7.91468e-17 
3.75134e-17 
-1.24358e-16 
6.79795e-17 
2.23237e-16 
-2.96963e-16 
-4.33681e-18 
-2.29851e-17 
-1.01264e-16 
-1.43982e-16 
-1.01481e-16 
7.34005e-17 
1.0777e-16 
8.42425e-17 
-6.72205e-18 
5.71375e-17 
-3.20924e-17 
4.05492e-17 
1.15359e-16 
-5.42101e-19 
3.9465e-17 
2.75387e-17 
-1.21756e-16 
2.96312e-16 
4.14165e-17 
-2.4503e-17 
3.2602e-16 
-9.42172e-17 
-1.46909e-16 
1.13082e-16 
1.11781e-16 
1.54499e-16 
-1.53957e-17 
-8.66278e-17 
6.58111e-17 
-1.35742e-16 
-1.76617e-16 
9.36751e-17 
-1.73906e-16 
-9.80119e-17 
3.83808e-17 
3.18755e-17 
2.77556e-17 
8.58688e-17 
1.15251e-16 
-2.4503e-17 
1.23816e-16 
-6.51606e-17 
-4.22839e-17 
-2.29526e-16 
7.23163e-17 
1.17744e-16 
1.02999e-17 
-1.87242e-16 
1.66967e-17 
-1.27936e-17 
1.60462e-17 
-1.68377e-16 
9.33498e-17 
1.86483e-17 
5.30175e-17 
-9.45424e-17 
-8.99888e-17 
2.09359e-16 
1.35634e-16 
-4.70544e-17 
4.54281e-17 
1.11673e-17 
-3.77302e-17 
9.2374e-17 
4.96565e-17 
-2.92735e-18 
2.13154e-16 
-1.02023e-16 
-3.79471e-17 
3.39355e-17 
2.49692e-16 
3.78387e-17 
1.17094e-17 
-9.99634e-17 
7.03647e-17 
8.31583e-17 
5.06322e-17 
-2.9924e-17 
-2.36356e-16 
8.85793e-17 
8.60857e-17 
-1.14925e-17 
9.99634e-17 
-5.96311e-18 
9.86624e-17 
-8.54351e-17 
-1.04409e-16 
-4.22839e-17 
5.01986e-17 
6.72205e-17 
-9.22656e-17 
9.32414e-18 
-8.73867e-17 
-5.24754e-17 
1.9082e-16 
-1.24683e-16 
-1.09071e-16 
-1.23599e-17 
-1.19262e-17 
4.18502e-17 
8.43509e-17 
1.01915e-17 
1.2078e-16 
1.94072e-16 
1.04517e-16 
4.92228e-17 
2.52185e-16 
-2.95337e-16 
1.53306e-16 
-5.22585e-17 
1.02999e-16 
-1.02566e-16 
-7.15573e-18 
1.35092e-16 
-5.85469e-18 
-1.47451e-17 
-7.80626e-18 
2.27682e-17 
-1.41163e-16 
4.18502e-17 
-1.67618e-16 
-5.85469e-18 
-3.46945e-17 
-6.1149e-17 
2.43945e-16 
-8.67362e-19 
2.01445e-16 
1.85615e-16 
8.76035e-17 
3.10082e-17 
1.97325e-17 
1.73472e-17 
2.60209e-18 
2.93819e-16 
2.19226e-16 
1.45066e-16 
-6.28837e-17 
-4.98733e-18 
-4.01155e-17 
-2.66063e-16 
-1.56776e-16 
-1.00831e-16 
9.97466e-18 
-1.7846e-16 
-1.16877e-16 
2.86229e-17 
1.9082e-16 
-6.85216e-17 
-2.49366e-17 
7.15573e-17 
-2.94903e-17 
-8.34836e-17 
-7.11237e-17 
-9.32414e-18 
1.1189e-16 
-8.89046e-17 
8.32667e-17 
-2.07083e-16 
-1.20346e-16 
-7.13405e-17 
1.72822e-16 
1.15576e-16 
-1.88001e-16 
2.79724e-16 
2.38524e-18 
-2.44379e-16 
1.85832e-16 
9.38919e-17 
-1.77809e-17 
2.47198e-17 
1.29887e-16 
4.38018e-17 
-2.59775e-16 
1.47668e-16 
-1.7434e-16 
-4.98733e-17 
2.16624e-16 
-3.03577e-18 
-1.46801e-16 
1.44849e-16 
3.31766e-16 
4.79217e-17 
-9.97466e-17 
-1.79327e-16 
-5.29091e-17 
1.50487e-16 
-1.05384e-16 
3.17888e-16 
1.57643e-16 
-4.98733e-18 
-4.16334e-17 
-1.95156e-17 
1.17961e-16 
-1.95156e-17 
-2.5327e-16 
1.62847e-16 
-1.30104e-17 
-1.21431e-16 
2.45463e-16 
6.98226e-17 
4.85723e-17 
-2.06866e-16 
3.18755e-17 
9.47593e-17 
-4.92228e-17 
-1.56342e-16 
-2.5804e-16 
-1.32056e-16 
-1.31188e-16 
2.35706e-16 
-1.32056e-16 
-1.02782e-16 
-3.24176e-16 
3.53992e-16 
-1.55149e-16 
1.37152e-16 
2.90133e-16 
-5.12828e-17 
1.05927e-16 
-2.43078e-16 
1.3314e-16 
-3.08998e-16 
-8.16404e-17 
1.12865e-16 
-1.75207e-16 
7.24247e-17 
-6.84132e-17 
-1.33465e-16 
-1.1395e-16 
2.64545e-16 
-1.3314e-16 
6.39679e-18 
-2.65521e-16 
-1.04083e-17 
2.08167e-16 
-4.65123e-17 
-3.94758e-16 
3.55835e-16 
2.48716e-16 
2.82109e-16 
2.06541e-16 
-1.65666e-16 
1.83881e-16 
-2.30176e-16 
6.63532e-17 
5.02528e-16 
-2.35597e-16 
2.40259e-16 
-1.12215e-16 
-1.88651e-16 
3.16045e-16 
8.95551e-17 
2.95445e-16 
1.74773e-16 
-1.64799e-16 
-2.63461e-17 
2.85145e-17 
6.07153e-18 
1.18612e-16 
2.06324e-16 
-2.03938e-16 
-4.3509e-16 
2.5186e-16 
1.80845e-16 
9.95298e-17 
-4.1796e-16 
8.5652e-18 
-4.60786e-17 
2.02204e-16 
-7.31836e-16 
1.96674e-16 
1.13082e-16 
7.52436e-17 
-2.99457e-16 
1.14817e-16 
-1.6816e-16 
4.06576e-16 
3.34476e-16 
-1.77159e-16 
-9.21572e-18 
-1.78677e-16 
2.59992e-16 
-1.92446e-16 
-3.40439e-16 
3.44776e-16 
2.48065e-16 
-9.59519e-17 
1.30321e-16 
-8.0231e-18 
1.25009e-16 
1.07878e-16 
-2.68991e-16 
1.0842e-16 
-5.10334e-16 
8.01225e-17 
1.30538e-16 
-5.29091e-17 
2.06541e-16 
4.99058e-16 
2.72026e-16 
1.43874e-16 
4.66749e-16 
9.59519e-17 
3.02167e-16 
-1.18395e-16 
-2.71051e-17 
1.40404e-16 
9.79035e-17 
8.01225e-17 
2.96963e-16 
-7.64363e-17 
3.18213e-16 
3.00649e-16 
-3.89229e-16 
-7.47015e-17 
-5.47847e-16 
-2.35163e-16 
5.93384e-16 
-1.28586e-16 
8.96635e-17 
-3.04769e-16 
1.09504e-17 
1.55908e-16 
-3.0542e-16 
-8.39172e-17 
3.30248e-16 
2.49583e-16 
-7.275e-17 
-5.40692e-16 
3.67545e-17 
2.66714e-17 
-4.43439e-17 
-3.30899e-16 
-1.10047e-16 
3.91397e-17 
5.42752e-16 
1.74882e-16 
2.58799e-16 
-9.73614e-17 
-2.20201e-16 
-2.24864e-16 
-1.70328e-16 
-1.7022e-16 
-4.61003e-16 
-1.60462e-17 
2.58582e-16 
3.17888e-16 
4.08527e-16 
5.9848e-16 
-4.23923e-16 
-1.3249e-16 
2.02529e-16 
2.90241e-16 
-7.0072e-16 
-3.66786e-16 
-3.10082e-16 
-2.71918e-16 
-4.79976e-16 
-1.23816e-16 
-4.33247e-16 
-3.44776e-16 
-1.61004e-16 
3.21141e-16 
-2.82109e-16 
-1.0777e-16 
3.94433e-16 
-4.15249e-17 
5.79072e-16 
3.19731e-16 
1.90277e-16 
-7.40076e-16 
6.89553e-16 
3.9774e-16 
4.89788e-16 
3.34368e-16 
-5.71754e-16 
-3.73345e-16 
1.98301e-16 
-3.64834e-16 
1.16823e-16 
3.43475e-16 
1.01048e-16 
8.42425e-17 
-3.78766e-16 
2.15756e-17 
6.69278e-16 
3.2499e-16 
8.30499e-17 
-1.12649e-16 
6.41848e-17 
-4.29398e-16 
-8.72783e-17 
3.81639e-17 
-5.09792e-16 
4.17472e-16 
-1.16498e-16 
-2.26652e-16 
-1.59161e-16 
4.056e-16 
1.74014e-17 
5.44215e-16 
1.70057e-16 
-8.32125e-16 
-4.81657e-16 
5.05021e-16 
-5.55654e-16 
-4.16659e-16 
-5.95227e-16 
4.73688e-16 
5.78747e-16 
-1.56667e-16 
2.70888e-16 
-2.67852e-16 
-5.09304e-16 
8.82378e-16 
-7.08092e-16 
-5.70507e-16 
2.63732e-16 
5.61346e-16 
8.17488e-16 
-3.85542e-16 
-3.14419e-18 
-2.43945e-17 
-7.66694e-16 
8.97665e-16 
-4.37476e-17 
1.58456e-16 
5.79289e-16 
4.19044e-17 
3.20815e-16 
1.70979e-16 
-1.62251e-16 
7.92823e-16 
5.16622e-16 
-3.35832e-16 
3.81639e-17 
-8.59772e-17 
1.42789e-16 
6.20164e-17 
-8.20307e-16 
8.09357e-17 
2.14672e-16 
3.88849e-16 
-4.78621e-16 
-1.92446e-17 
-4.77537e-16 
-1.22786e-16 
2.94361e-17 
2.14076e-16 
1.80249e-16 
3.42608e-16 
-1.88922e-16 
3.13931e-16 
-6.60821e-17 
-3.52908e-16 
-1.08745e-16 
3.5242e-16 
1.59161e-16 
-1.6919e-16 
1.34495e-16 
-5.44812e-17 
8.54893e-17 
-1.58131e-16 
-2.76743e-16 
-1.45934e-16 
-1.46367e-16 
1.79978e-16 
-1.25984e-16 
-1.73743e-16 
-1.00777e-16 
-9.56266e-17 
-3.32254e-16 
1.99981e-16 
1.51382e-16 
-6.76e-16 
-2.53839e-16 
-3.17129e-17 
8.45407e-17 
-5.23399e-17 
-5.64056e-17 
-2.38064e-16 
6.98633e-16 
-5.76308e-16 
-6.74916e-18 
2.45789e-16 
4.54579e-16 
1.37856e-16 
9.48135e-17 
-8.81998e-17 
1.16579e-16 
2.01065e-16 
-1.4718e-16 
3.12847e-16 
-8.5923e-17 
7.29451e-16 
4.1674e-16 
-8.68988e-17 
-2.30935e-16 
-3.47216e-17 
-4.89517e-17 
2.88669e-17 
-4.81142e-16 
4.36933e-17 
-1.39699e-16 
-2.88344e-16 
-3.99935e-16 
1.9353e-17 
-1.85263e-16 
-8.78204e-17 
1.19208e-16 
1.42979e-16 
-4.64581e-17 
1.80899e-16 
-3.52908e-16 
-3.88714e-16 
-8.98261e-17 
2.80537e-16 
5.68935e-17 
1.69136e-17 
-2.87449e-16 
1.47966e-16 
-6.25856e-17 
9.78221e-17 
-2.98318e-16 
2.32616e-16 
1.53225e-16 
-1.48671e-16 
3.41497e-16 
1.92175e-17 
2.06459e-16 
-3.69171e-17 
5.1337e-17 
-2.4053e-16 
-5.80401e-16 
1.50623e-16 
3.65403e-16 
-4.57859e-16 
-1.87513e-16 
1.37477e-16 
2.03396e-16 
-4.74338e-18 
6.06882e-17 
3.77573e-17 
3.02736e-16 
4.23977e-16 
7.32108e-17 
2.56604e-16 
2.43403e-17 
-3.36509e-16 
-2.13317e-17 
1.26174e-16 
-5.12692e-16 
-1.79517e-16 
-7.61652e-17 
2.85741e-16 
1.06577e-16 
1.35525e-18 
1.42979e-16 
-3.60877e-16 
1.11835e-16 
-5.64842e-16 
4.17038e-16 
7.60297e-17 
8.02039e-17 
-2.72433e-16 
-3.39762e-16 
3.07751e-16 
3.48923e-16 
-4.11997e-16 
9.74698e-17 
-2.81242e-16 
-1.81116e-16 
-1.81848e-16 
3.7161e-17 
-5.17435e-17 
3.21005e-16 
-7.32379e-17 
1.20102e-16 
-4.53549e-16 
-7.48099e-17 
-1.58565e-17 
-1.71683e-16 
8.10712e-17 
1.01427e-16 
-3.96899e-16 
1.87811e-16 
-4.20941e-17 
-7.18284e-18 
3.71529e-16 
-3.19758e-16 
2.97912e-16 
-1.12865e-16 
5.35867e-17 
-2.05809e-16 
1.4222e-16 
-3.16912e-16 
6.35342e-17 
2.27032e-16 
-2.57552e-16 
2.55709e-16 
2.83383e-16 
2.58447e-16 
-2.81052e-16 
3.40521e-16 
6.49166e-17 
2.06513e-16 
-3.78143e-16 
1.43006e-16 
1.71033e-16 
4.26525e-16 
2.9989e-16 
-9.83913e-18 
-3.87846e-16 
-5.03287e-16 
-8.36733e-17 
1.99737e-16 
1.92446e-16 
-4.85424e-16 
7.39968e-18 
2.68801e-16 
-7.72494e-17 
-1.29915e-16 
-9.99363e-17 
2.01824e-16 
-2.79182e-18 
-7.23976e-17 
-1.46882e-16 
6.68953e-17 
1.86483e-17 
1.45635e-16 
1.10778e-16 
1.50108e-16 
-2.40774e-16 
-2.56793e-16 
-7.98244e-17 
6.05473e-16 
1.38507e-16 
1.52927e-16 
1.21702e-17 
1.86374e-16 
1.47208e-16 
-1.01996e-16 
-4.64852e-17 
3.42337e-17 
-2.23102e-16 
-3.54724e-16 
4.52654e-18 
1.40838e-16 
-3.09648e-16 
-1.78351e-16 
6.53774e-17 
5.17164e-17 
-2.03234e-16 
2.59937e-16 
-7.95262e-17 
-9.72529e-17 
-8.29415e-17 
-7.79541e-17 
-1.69027e-16 
2.92355e-16 
5.86553e-17 
-1.91145e-16 
-5.13478e-16 
1.81983e-16 
-4.64418e-16 
1.18829e-16 
-2.38904e-16 
-5.12286e-16 
1.77972e-16 
-1.68973e-16 
3.52799e-16 
1.64636e-16 
8.61941e-18 
-1.54011e-16 
-6.67869e-17 
-3.16858e-16 
5.32885e-17 
3.32796e-16 
-2.70779e-16 
2.59179e-16 
2.74791e-16 
2.04209e-16 
2.22695e-16 
-1.20889e-17 
-7.62194e-17 
-2.36898e-16 
-1.94452e-16 
3.79904e-16 
-2.9577e-16 
6.9931e-17 
3.05528e-16 
-1.1357e-16 
-5.29416e-16 
1.39591e-16 
8.13152e-19 
-7.70326e-17 
-1.69027e-16 
2.37332e-16 
3.17617e-16 
-7.24789e-17 
7.82252e-17 
2.79345e-16 
9.6765e-17 
-3.05474e-16 
3.5616e-17 
-9.39461e-17 
-1.12378e-16 
-3.29977e-16 
2.77014e-17 
7.87131e-17 
5.00359e-16 
-4.33681e-18 
9.78492e-17 
2.47523e-16 
2.07299e-16 
-3.65864e-16 
-1.32544e-16 
-3.09865e-16 
-1.14329e-16 
1.21214e-16 
-1.34062e-16 
9.92045e-18 
6.44721e-16 
1.0842e-16 
1.42518e-16 
-4.98191e-17 
3.85813e-16 
1.09721e-16 
-5.80644e-16 
2.83736e-16 
-2.80917e-16 
-1.03541e-16 
4.91144e-17 
1.23491e-16 
-5.24645e-16 
-9.49219e-17 
-3.77086e-16 
1.30809e-16 
-3.25261e-17 
2.42861e-17 
2.6563e-16 
1.86374e-16 
-2.38145e-16 
-1.58131e-16 
-8.42913e-16 
6.10731e-16 
4.50486e-16 
-4.00071e-16 
9.81203e-18 
2.83736e-16 
1.06848e-16 
5.16568e-16 
1.8529e-16 
1.15088e-16 
3.69171e-17 
1.89302e-16 
5.44324e-16 
1.54607e-16 
2.53432e-16 
5.52238e-16 
-8.89046e-17 
-1.84314e-18 
-1.48319e-16 
1.00939e-16 
6.97142e-17 
-8.21825e-17 
3.15937e-16 
-3.25911e-16 
-7.38016e-16 
2.13967e-16 
4.6946e-16 
6.40926e-16 
-3.27321e-16 
4.70544e-16 
2.16244e-16 
-6.37023e-16 
-8.16404e-17 
2.07733e-16 
-4.36933e-17 
3.86084e-16 
2.69424e-17 
-4.2826e-16 
3.57678e-16 
6.51551e-16 
-4.50269e-16 
3.74971e-16 
-3.17725e-16 
2.77447e-16 
2.31911e-16 
-1.7705e-16 
7.04189e-17 
1.24304e-16 
-6.71121e-17 
-2.65901e-16 
4.32326e-16 
-3.00649e-16 
-2.82977e-16 
-5.19062e-16 
-4.51787e-16 
-9.12898e-17 
-4.20128e-16 
2.50884e-16 
-7.32541e-16 
2.06432e-16 
-4.11997e-18 
5.35054e-17 
-3.02113e-16 
6.03955e-16 
8.39552e-16 
-1.79815e-16 
-4.75965e-17 
-5.91812e-16 
-4.55419e-16 
2.30285e-16 
-3.04823e-16 
4.27176e-16 
1.95156e-16 
-6.09972e-16 
2.06053e-16 
2.41506e-16 
6.81963e-17 
-8.98804e-17 
-5.90565e-16 
1.38886e-16 
-2.12504e-16 
-3.37241e-16 
1.62468e-16 
3.21358e-16 
-1.95536e-16 
-1.74014e-17 
-4.65014e-16 
-2.68286e-16 
-5.70832e-17 
3.14961e-17 
3.18918e-16 
3.18051e-16 
2.36031e-16 
-2.91406e-16 
-1.92825e-16 
-2.91108e-17 
-2.53053e-16 
-2.28902e-16 
-2.36356e-16 
3.99529e-17 
7.69431e-16 
-3.62639e-16 
-9.04767e-17 
-4.34142e-16 
-3.9099e-16 
2.34133e-16 
4.96727e-16 
-3.96628e-16 
-3.15422e-16 
2.24972e-18 
-6.23958e-17 
4.02239e-16 
-4.39102e-17 
-1.48725e-16 
6.3911e-16 
-3.41226e-16 
3.32389e-16 
2.59151e-16 
-3.73589e-16 
6.86192e-16 
2.22804e-16 
3.85515e-16 
2.00903e-16 
-1.97704e-16 
-2.10579e-16 
-4.73119e-16 
5.13749e-16 
1.16037e-16 
-1.84125e-16 
3.57516e-17 
-5.01931e-16 
3.07913e-17 
-7.5165e-16 
4.61301e-16 
-6.04172e-17 
-2.21015e-16 
1.46367e-18 
1.51192e-16 
-1.73743e-17 
-3.19758e-16 
1.87404e-16 
2.75306e-16 
-6.44179e-16 
3.06477e-16 
5.15348e-16 
2.03884e-16 
-4.03757e-16 
9.07477e-17 
3.50739e-17 
2.74954e-16 
6.51416e-16 
-1.59649e-16 
1.05791e-16 
2.17301e-16 
-1.98192e-16 
3.72857e-16 
2.89482e-17 
-4.37476e-17 
-1.1704e-16 
-2.11013e-16 
6.78196e-16 
-4.09205e-16 
-9.47322e-17 
-3.03035e-16 
-2.09983e-16 
1.67211e-16 
5.26055e-16 
-2.9886e-16 
-1.60245e-16 
-1.4737e-16 
-2.24159e-16 
3.89283e-16 
-2.54354e-16 
6.80337e-18 
1.4634e-16 
1.62197e-16 
-7.92823e-17 
-3.60226e-17 
-6.06313e-16 
3.00866e-18 
2.13669e-16 
3.27022e-16 
5.2367e-16 
-3.74565e-16 
-7.23705e-18 
1.76644e-16 
-1.81495e-16 
1.40323e-16 
-3.30844e-16 
-7.70868e-17 
2.37467e-16 
3.14392e-16 
-9.73343e-17 
-7.80626e-18 
7.17471e-17 
-1.10236e-16 
-1.08014e-16 
1.40377e-16 
7.23434e-17 
-3.23878e-16 
7.24789e-17 
-2.49204e-16 
-3.96547e-16 
3.33148e-16 
-7.58942e-19 
2.44352e-16 
9.97466e-18 
1.63145e-16 
-1.53415e-17 
-2.86799e-16 
1.07797e-16 
1.9597e-17 
-2.86609e-16 
-1.01346e-16 
-9.66566e-17 
-1.39727e-16 
1.46909e-16 
-7.11237e-17 
6.28295e-17 
-4.87891e-17 
-2.87558e-16 
-1.33736e-16 
9.52201e-17 
-4.52925e-17 
2.18169e-16 
1.56721e-16 
-3.54399e-16 
1.33872e-16 
-6.12845e-17 
2.30894e-16 
4.40728e-17 
2.69966e-17 
4.1403e-17 
-1.95292e-17 
2.74113e-16 
-1.74421e-17 
-1.63674e-16 
-2.19564e-16 
1.03745e-16 
4.01304e-16 
2.46561e-16 
-5.18655e-17 
1.40377e-16 
-1.59988e-16 
2.00794e-16 
-6.17995e-17 
2.68706e-16 
-1.54499e-17 
4.54145e-17 
-1.49213e-16 
-8.12745e-17 
-3.33663e-17 
-1.20075e-16 
-5.42101e-18 
1.63565e-16 
3.71204e-17 
1.16823e-16 
-2.6216e-16 
-2.97519e-16 
-5.07136e-17 
-2.85958e-17 
1.41543e-16 
-1.90156e-16 
-8.32532e-17 
-5.9482e-17 
-4.40322e-17 
5.74627e-18 
-1.14939e-16 
1.99358e-17 
3.66325e-17 
-9.03276e-17 
2.08573e-17 
9.03547e-17 
-1.24927e-16 
-9.12898e-17 
2.02678e-16 
-1.16416e-17 
4.7217e-17 
1.75437e-16 
-6.46049e-17 
4.8369e-17 
-8.68175e-17 
-7.35496e-17 
1.08434e-16 
2.09956e-16 
-2.06947e-17 
5.688e-17 
-2.04237e-17 
1.61817e-16 
7.47828e-17 
8.76849e-18 
2.20906e-18 
1.92974e-16 
3.48164e-17 
5.1215e-17 
-1.37612e-16 
2.35407e-17 
-2.47605e-17 
-6.13658e-17 
-1.56396e-17 
7.70461e-17 
4.89246e-17 
6.3995e-17 
4.39373e-17 
-9.95975e-17 
1.11971e-16 
-8.45678e-18 
6.57162e-17 
-9.55453e-18 
1.6488e-16 
9.21572e-19 
-2.0776e-17 
-3.69848e-17 
-7.78051e-17 
1.63986e-18 
1.05561e-16 
2.79453e-17 
1.37558e-17 
-1.60868e-17 
6.34529e-17 
3.77573e-17 
-8.74816e-17 
1.90684e-17 
-6.06069e-17 
-7.20994e-18 
-7.21401e-17 
1.41272e-16 
-1.7312e-16 
-3.74321e-17 
3.42066e-17 
3.64427e-17 
-2.06676e-17 
6.36698e-17 
-1.06062e-16 
-1.47018e-16 
-2.95716e-17 
-4.13759e-17 
5.5484e-17 
-2.10742e-17 
-1.13733e-16 
3.23499e-17 
5.72188e-17 
-1.19601e-16 
-4.82741e-17 
-4.76236e-17 
4.29344e-17 
-3.01544e-17 
6.1786e-17 
6.48759e-17 
1.12757e-17 
-9.85675e-17 
2.73219e-17 
6.9538e-17 
1.43521e-17 
3.67138e-17 
-4.42083e-17 
-3.16316e-17 
1.05113e-16 
-7.95669e-17 
-5.21772e-18 
1.09965e-16 
-8.33751e-17 
5.79099e-17 
-2.07354e-18 
-1.75505e-17 
-1.63986e-18 
2.96258e-17 
-6.63396e-17 
-8.31448e-17 
-3.61581e-17 
-4.44794e-17 
3.46674e-17 
8.16404e-17 
2.04372e-17 
-7.47151e-17 
2.29986e-17 
-1.98002e-17 
2.93412e-17 
9.90283e-17 
1.30375e-17 
2.0734e-16 
-7.84691e-18 
1.05981e-16 
5.3912e-17 
-3.35425e-17 
3.29597e-17 
2.77827e-18 
-6.71663e-17 
-1.35119e-16 
8.55436e-17 
-9.40545e-18 
3.5345e-17 
7.09068e-17 
-1.24927e-16 
-1.57074e-16 
6.80337e-18 
5.1093e-18 
8.38359e-17 
-8.68039e-17 
1.08989e-16 
-1.35932e-17 
6.3087e-17 
1.38642e-17 
-1.65165e-16 
-8.70072e-18 
2.81893e-18 
1.36745e-17 
-1.00045e-16 
1.13435e-17 
1.22867e-16 
2.2321e-17 
-1.50298e-17 
9.14253e-17 
2.82286e-16 
-2.66036e-17 
1.48644e-16 
-6.66107e-17 
-1.3932e-17 
-2.03979e-16 
1.17609e-16 
-4.62683e-17 
7.87402e-18 
1.84314e-17 
-7.23569e-17 
4.93041e-17 
-1.36406e-16 
3.21466e-17 
1.89139e-16 
2.20771e-17 
-9.59654e-17 
5.28549e-18 
9.71852e-17 
4.98869e-17 
-1.45961e-16 
2.12883e-16 
6.23416e-19 
-5.27735e-17 
-4.61192e-17 
1.47533e-16 
-1.39062e-16 
-1.82363e-16 
1.03257e-16 
-1.77457e-16 
1.70084e-17 
1.27705e-16 
2.82367e-16 
1.13286e-16 
1.07417e-16 
-2.71999e-17 
-4.658e-17 
-1.00126e-16 
1.24914e-16 
4.83148e-17 
2.23481e-17 
-7.80219e-17 
1.48996e-16 
2.56644e-16 
-3.05406e-16 
-7.03105e-17 
-1.79422e-16 
1.75627e-16 
2.20825e-16 
3.50062e-17 
1.91633e-17 
1.63782e-16 
-5.79913e-17 
-2.37711e-17 
-5.03476e-17 
-1.62712e-16 
3.37146e-16 
2.08966e-16 
3.40236e-16 
3.45481e-16 
-1.48793e-16 
6.57704e-17 
1.9826e-16 
2.03179e-16 
-2.11582e-16 
1.75099e-17 
-1.29034e-16 
-1.21105e-16 
1.94357e-16 
-2.68543e-16 
4.00748e-17 
4.30428e-17 
-1.41488e-16 
2.01513e-16 
-1.48969e-16 
-2.45775e-16 
-1.35051e-16 
1.58537e-16 
6.34665e-17 
-2.90431e-17 
1.62061e-16 
-1.595e-16 
2.48133e-16 
-6.29786e-17 
-1.34509e-16 
-3.41117e-17 
-2.95391e-16 
-1.63586e-16 
1.53557e-16 
-3.13544e-16 
2.193e-16 
-6.10135e-17 
2.85545e-16 
9.26993e-17 
-1.56389e-16 
-1.71629e-16 
-3.38203e-16 
1.63518e-16 
5.19062e-17 
2.61564e-17 
6.63125e-17 
3.56926e-16 
4.09286e-17 
8.33548e-17 
-1.32239e-16 
-2.42367e-16 
1.34597e-16 
1.74963e-17 
-1.37606e-16 
3.66176e-16 
2.24294e-17 
5.93641e-16 
1.94275e-17 
-5.85225e-16 
-3.00656e-16 
2.34188e-17 
2.14374e-16 
-3.71881e-17 
-4.51123e-16 
3.21845e-16 
4.83012e-17 
3.57929e-16 
6.81014e-17 
1.2551e-16 
-1.01915e-16 
2.63095e-16 
-6.65544e-16 
-6.5933e-17 
3.15347e-16 
-3.68141e-16 
1.48129e-17 
-6.06042e-16 
-4.14565e-16 
4.93244e-17 
1.50399e-16 
2.4339e-16 
-3.10956e-16 
-3.2499e-17 
1.17297e-17 
3.11457e-16 
1.76928e-17 
2.06093e-16 
-4.49673e-17 
-2.36193e-16 
3.08815e-16 
-1.01115e-16 
-2.4631e-16 
4.33139e-17 
-9.02327e-17 
-1.20631e-16 
8.79627e-17 
-1.22766e-16 
3.61778e-16 
4.44184e-16 
9.0104e-17 
7.55824e-17 
8.04885e-17 
4.04123e-16 
1.3604e-16 
-7.26754e-16 
4.16151e-16 
4.00952e-17 
-4.55799e-16 
3.12826e-16 
1.06089e-16 
6.04849e-17 
-3.68087e-16 
2.49881e-16 
5.08742e-16 
2.04487e-16 
2.65087e-17 
8.05833e-17 
-6.13794e-17 
2.05267e-16 
-2.72738e-16 
1.29467e-16 
1.90216e-16 
-9.96585e-17 
1.72862e-17 
-9.75104e-17 
-2.82719e-16 
6.32767e-17 
6.17785e-16 
2.71071e-16 
-2.0013e-16 
-6.33106e-17 
1.19899e-16 
-3.15584e-16 
4.87268e-16 
-2.94883e-16 
2.75929e-17 
1.38852e-16 
-4.00938e-16 
-1.46218e-16 
2.60622e-16 
2.27147e-16 
-3.01361e-16 
-1.19737e-17 
-7.16014e-16 
2.1432e-16 
-3.09953e-16 
-3.20192e-16 
-3.77912e-17 
1.33276e-16 
9.49083e-17 
5.03354e-16 
-8.81436e-16 
-2.70481e-16 
6.71528e-18 
7.29126e-18 
2.88194e-17 
2.35055e-16 
6.17589e-17 
-3.67667e-16 
1.74123e-16 
-1.82959e-18 
-4.09395e-16 
5.83843e-17 
-3.02818e-16 
-3.4586e-17 
6.27685e-16 
-1.57128e-16 
2.03288e-18 
8.01903e-17 
-1.71521e-16 
-1.55393e-16 
3.76692e-16 
2.28143e-16 
-3.11315e-16 
-1.10399e-16 
7.18907e-16 
2.15553e-16 
-7.64498e-17 
-3.95951e-16 
1.39049e-16 
4.51801e-16 
-4.70408e-17 
2.18223e-16 
1.57833e-16 
3.13755e-16 
9.88386e-17 
3.48286e-16 
-4.62385e-16 
-2.86893e-16 
1.12852e-16 
6.65714e-16 
-1.46909e-16 
1.40689e-16 
1.98233e-16 
-8.40121e-17 
3.17875e-16 
4.08568e-16 
-1.92961e-16 
8.48388e-18 
3.54128e-16 
1.02864e-17 
-4.9277e-17 
-1.87513e-16 
-3.53843e-16 
3.40819e-16 
3.45196e-16 
-7.531e-16 
2.60073e-17 
4.29967e-16 
1.71521e-16 
-4.1056e-16 
-1.82973e-16 
3.15232e-17 
4.54904e-16 
-1.74529e-16 
7.18013e-17 
7.27635e-17 
2.11826e-17 
-1.03677e-16 
-3.58112e-16 
-1.85724e-16 
-2.43566e-16 
-4.3139e-16 
1.81617e-16 
-1.64528e-17 
-3.8294e-16 
-1.36582e-16 
1.34631e-16 
3.53721e-17 
2.12558e-16 
8.19928e-17 
-5.22314e-17 
-2.27493e-16 
-7.48913e-17 
-3.13551e-16 
-3.91072e-16 
1.99276e-16 
6.35342e-17 
-1.17663e-16 
5.20932e-16 
5.2882e-16 
2.71484e-16 
-3.18755e-16 
1.14763e-16 
-1.7293e-16 
-6.42254e-16 
1.03108e-16 
2.45626e-16 
7.91468e-18 
-2.48824e-17 
3.00324e-16 
2.50451e-16 
4.35036e-17 
-4.38478e-16 
2.12314e-16 
-7.43492e-17 
1.9166e-16 
1.58727e-16 
-7.67073e-17 
-3.14175e-16 
-1.43792e-16 
5.97937e-17 
-2.19415e-16 
-1.26852e-16 
2.45301e-17 
1.22949e-16 
8.21825e-17 
1.02728e-16 
6.17453e-17 
-2.58853e-16 
-3.20002e-16 
1.72659e-17 
1.02186e-16 
3.57163e-16 
-1.79652e-16 
-4.13081e-17 
-3.98553e-16 
-9.96382e-17 
1.67482e-16 
2.93629e-16 
4.30401e-16 
5.00359e-17 
-3.68629e-18 
-1.58266e-16 
-3.45589e-17 
5.97666e-17 
1.82959e-16 
-1.20157e-16 
-3.06531e-16 
-3.9736e-17 
-6.88739e-17 
-3.01679e-17 
-1.58836e-17 
-3.65918e-17 
-2.15485e-16 
3.06396e-16 
-3.35642e-16 
-1.8838e-16 
-1.6095e-16 
3.55103e-16 
-2.76526e-16 
3.45427e-16 
5.35325e-17 
8.08544e-17 
-1.99791e-16 
2.00848e-16 
6.53503e-17 
-1.31297e-16 
1.83447e-16 
3.18864e-16 
3.36563e-16 
1.57453e-16 
1.64772e-16 
-2.68123e-16 
-1.42844e-17 
-2.45951e-16 
-1.74014e-16 
-1.50189e-16 
2.53053e-16 
-3.06423e-16 
-1.46611e-16 
-3.13605e-17 
2.15106e-16 
-2.64274e-17 
7.23163e-17 
2.33347e-16 
-1.32842e-16 
-2.36329e-16 
8.24265e-17 
-3.00351e-16 
-3.89527e-16 
-2.70942e-16 
-3.65376e-17 
1.71873e-16 
3.64129e-16 
-3.75947e-17 
2.11148e-16 
1.53333e-16 
1.94696e-16 
1.5664e-16 
-3.13118e-16 
-2.3885e-16 
-8.08544e-17 
-1.50948e-16 
-3.07317e-16 
-3.57922e-16 
-2.81893e-16 
-3.30736e-16 
2.49854e-16 
-1.34983e-16 
-1.35715e-16 
-6.57027e-17 
3.80013e-17 
-1.21214e-16 
1.93801e-17 
-5.6514e-17 
-1.25767e-16 
-6.12032e-17 
-2.69777e-16 
3.33392e-17 
-1.07661e-16 
-1.15061e-16 
1.69949e-17 
1.62495e-16 
-1.36582e-16 
7.45389e-17 
-2.24267e-16 
-4.04136e-17 
-5.99293e-17 
-1.53902e-16 
-4.58075e-17 
-5.36138e-17 
1.78866e-16 
1.12703e-16 
-2.83031e-16 
-6.54587e-17 
3.00866e-18 
5.04696e-17 
-3.32037e-17 
7.30481e-17 
-2.19551e-17 
3.41524e-17 
-1.30186e-16 
-5.73814e-17 
-1.43413e-16 
8.96364e-17 
1.06008e-16 
1.01508e-16 
-8.12881e-17 
-5.36951e-17 
1.44307e-16 
-8.15591e-17 
2.40991e-16 
-1.90494e-16 
-8.95822e-17 
-1.77023e-16 
1.29698e-16 
-1.96647e-16 
-2.62214e-16 
2.38904e-16 
1.77294e-16 
6.36969e-18 
-1.46123e-16 
-3.26751e-16 
-4.5672e-17 
-6.74916e-17 
9.62229e-18 
-3.71881e-17 
1.38778e-17 
1.80032e-16 
-2.26517e-16 
-1.26147e-16 
1.74719e-16 
5.7273e-17 
-1.8117e-16 
-1.09965e-16 
1.17148e-16 
-1.31405e-16 
-3.38813e-18 
-1.62576e-16 
-2.33103e-17 
-7.67073e-18 
-8.07189e-17 
2.5682e-16 
-1.82038e-16 
-1.54472e-16 
3.87602e-17 
-5.17978e-17 
-8.60857e-17 
-2.35814e-17 
7.38884e-17 
-3.28513e-17 
-2.16759e-16 
-7.91468e-18 
-1.13977e-17 
3.27971e-18 
-7.60297e-17 
-6.75729e-17 
-3.31901e-17 
1.47587e-16 
-8.3077e-17 
6.70986e-17 
-4.57669e-17 
-1.07268e-16 
-8.965e-17 
-7.81981e-17 
1.78189e-16 
6.83047e-17 
-5.33021e-17 
9.92858e-17 
8.3592e-17 
-9.50168e-17 
2.61293e-17 
1.41841e-16 
8.00006e-17 
-1.35796e-16 
-3.19298e-17 
6.75865e-17 
-1.56816e-16 
9.64804e-17 
-5.01444e-17 
9.12356e-17 
2.69018e-17 
2.35949e-17 
-1.58971e-17 
-2.72704e-16 
3.97496e-17 
-9.48135e-17 
1.96539e-16 
9.58435e-17 
9.08426e-17 
1.50623e-16 
8.35649e-17 
-1.15833e-16 
-2.33293e-16 
-7.80355e-17 
4.44658e-17 
1.66696e-17 
8.95958e-17 
4.03052e-17 
1.57291e-16 
8.51099e-18 
1.88245e-17 
7.73036e-17 
1.77538e-17 
2.64545e-17 
2.65223e-17 
-7.85504e-17 
4.33816e-17 
7.37664e-17 
2.86907e-17 
2.58853e-18 
-5.97802e-17 
6.77626e-18 
1.41814e-16 
-7.39968e-18 
9.48677e-18 
6.60008e-18 
5.81539e-17 
6.83318e-17 
1.32096e-16 
-8.94467e-18 
-3.66054e-17 
-7.26415e-17 
3.57787e-18 
2.43132e-17 
1.15332e-17 
1.25496e-17 
-7.83336e-18 
1.10589e-16 
-1.26743e-16 
2.29038e-17 
2.33781e-17 
3.18078e-17 
2.04237e-17 
-6.5662e-17 
-5.39933e-17 
3.96005e-17 
-1.81604e-18 
5.91161e-17 
1.93395e-17 
-2.52484e-17 
-4.44794e-17 
8.67362e-19 
2.31748e-18 
1.175e-17 
-5.05509e-18 
3.99393e-17 
-2.21177e-17 
-1.65747e-17 
-3.34341e-17 
2.79318e-17 
9.31059e-18 
-2.66714e-17 
2.18873e-17 
-1.57209e-17 
5.4183e-17 
-9.92045e-18 
4.35036e-17 
-3.45318e-17 
-8.91756e-18 
1.92717e-17 
8.53809e-18 
-1.74014e-17 
1.71575e-17 
-2.52619e-17 
-4.22839e-17 
7.10966e-17 
-5.42101e-20 
1.81604e-18 
4.87078e-17 
6.65971e-17 
-1.96241e-17 
2.88127e-17 
1.89735e-19 
2.07896e-17 
3.93836e-17 
5.34512e-17 
3.86518e-17 
-5.6758e-17 
-8.94738e-17 
1.43657e-17 
-5.15267e-17 
5.0578e-17 
8.18573e-18 
3.22279e-17 
-3.94921e-17 
4.07118e-17 
6.64074e-17 
-2.48824e-17 
6.25314e-17 
4.63225e-17 
-6.63803e-17 
-9.55995e-17 
-7.89841e-17 
2.3988e-17 
1.52873e-17 
1.26852e-17 
1.36366e-16 
1.20807e-16 
-3.1225e-17 
-4.2826e-18 
-3.8706e-17 
-1.78893e-17 
-1.84829e-16 
-7.67073e-18 
7.73849e-17 
-1.5458e-16 
1.56071e-16 
6.49437e-17 
-6.07695e-17 
-1.02267e-16 
2.28225e-17 
3.72966e-17 
7.01479e-17 
9.17777e-17 
-1.28966e-16 
-9.82287e-17 
1.1151e-16 
-1.15468e-17 
2.21828e-16 
-7.78999e-17 
7.49184e-17 
-1.7331e-16 
-2.59124e-17 
-2.5804e-17 
8.41341e-17 
-5.96311e-17 
-5.13912e-17 
-1.32815e-16 
8.20741e-17 
-5.99022e-17 
7.68699e-17 
-8.34836e-17 
1.04626e-16 
-1.72388e-16 
1.45717e-16 
-3.70363e-16 
1.78297e-16 
-5.81674e-17 
6.50521e-18 
-5.48064e-17 
1.43169e-16 
5.64869e-17 
1.61546e-17 
1.6469e-16 
-3.07642e-16 
1.64094e-16 
-5.24754e-17 
-2.86392e-16 
-1.77267e-17 
-2.37007e-16 
2.79128e-16 
-2.32995e-16 
2.6048e-16 
-7.28042e-17 
-6.13658e-17 
9.20488e-17 
1.49078e-17 
-1.43169e-16 
-1.63552e-16 
-6.44558e-17 
9.48135e-17 
-2.16515e-16 
-1.38182e-16 
1.64202e-16 
2.04968e-16 
-2.29905e-16 
4.09286e-17 
-3.25803e-17 
2.50125e-16 
1.21376e-16 
2.76146e-16 
-3.26779e-16 
2.65738e-16 
1.02566e-16 
-9.54098e-17 
-3.1843e-16 
8.98804e-17 
-5.54786e-16 
-1.63931e-16 
4.90059e-17 
3.5963e-16 
-5.37764e-17 
-1.94397e-16 
-2.70725e-16 
2.19334e-16 
1.58836e-16 
-5.42101e-18 
-2.93494e-16 
2.23346e-17 
5.04154e-17 
-1.20021e-16 
1.03324e-16 
1.41272e-16 
5.85469e-18 
1.77267e-16 
5.28006e-17 
1.03867e-16 
-8.73867e-17 
-1.3043e-16 
-4.10696e-16 
2.66714e-17 
2.77447e-16 
1.42573e-16 
-4.80302e-17 
-2.68774e-16 
-5.31259e-16 
4.01155e-18 
-2.10986e-16 
-3.77736e-16 
-5.7029e-17 
1.19262e-16 
-2.78965e-16 
8.25078e-17 
1.11022e-16 
-2.19334e-16 
3.90096e-16 
-5.66496e-16 
-9.75782e-18 
-6.81855e-16 
2.73327e-16 
-3.04661e-17 
3.53667e-16 
-2.72352e-16 
1.95482e-16 
3.23309e-16 
-2.77989e-16 
-1.88651e-17 
-7.01696e-16 
5.32343e-17 
-6.21031e-16 
-2.1413e-16 
6.19079e-17 
-2.56089e-16 
-8.6953e-17 
8.59772e-17 
2.51101e-16 
1.95156e-17 
-2.33103e-16 
2.93819e-16 
-3.68629e-17 
3.64292e-16 
-5.19333e-16 
2.08167e-17 
-4.05708e-16 
-1.5645e-16 
-1.27719e-16 
4.4886e-17 
-1.43874e-16 
-1.89627e-16 
-7.50268e-17 
-2.7452e-16 
1.31297e-16 
-1.19045e-16 
1.4821e-16 
-2.91434e-16 
3.92806e-16 
4.89626e-16 
1.07119e-16 
1.96566e-16 
-2.87747e-16 
-2.395e-16 
-1.51788e-17 
1.661e-16 
2.23346e-17 
1.60896e-16 
-2.26598e-16 
-8.45678e-18 
-4.51028e-16 
8.21825e-17 
8.76035e-17 
-1.63064e-16 
1.76508e-16 
1.27285e-16 
1.25767e-17 
3.17671e-16 
2.08817e-16 
1.21864e-16 
-2.27249e-16 
-1.56559e-16 
1.61329e-16 
-3.02926e-16 
-5.01769e-16 
1.661e-16 
-5.33427e-17 
-1.27068e-16 
5.31259e-17 
-5.68122e-17 
-7.76289e-17 
-2.90349e-16 
2.96638e-16 
9.97466e-18 
2.8753e-16 
1.19479e-16 
2.55872e-17 
-3.16153e-16 
-2.21394e-16 
-2.39609e-16 
-4.45173e-16 
3.40656e-16 
-4.90927e-16 
-4.42354e-17 
-1.01481e-16 
-2.35922e-16 
-6.38161e-16 
-2.32236e-16 
-3.25261e-16 
-5.13695e-16 
-1.7911e-16 
-4.35849e-17 
1.39862e-16 
-1.37694e-16 
-1.455e-16 
-3.25261e-18 
5.25188e-16 
-3.41307e-16 
2.13805e-16 
-2.47198e-16 
1.42247e-16 
1.66533e-16 
-3.95083e-16 
-2.20093e-16 
-1.47018e-16 
2.34621e-16 
1.86483e-17 
-1.17744e-16 
3.23743e-16 
2.91217e-16 
-7.78457e-17 
3.90313e-18 
-1.38561e-16 
-4.90059e-17 
9.44123e-16 
-5.59231e-16 
3.35669e-16 
2.25297e-16 
4.98733e-17 
9.86624e-17 
-2.23562e-16 
1.37043e-16 
2.19876e-16 
-1.38778e-17 
-4.10913e-16 
-1.38778e-17 
1.86483e-16 
1.30755e-16 
2.92084e-16 
-6.59195e-17 
-3.27429e-17 
-1.60679e-16 
3.7058e-16 
2.96421e-16 
-1.35092e-16 
-1.17311e-16 
2.59341e-16 
1.93422e-16 
-1.29237e-16 
-5.61617e-17 
-1.60462e-17 
-4.13298e-16 
-8.37004e-17 
5.06322e-16 
-1.37694e-16 
-1.66317e-16 
1.78243e-16 
1.19913e-16 
-2.09251e-16 
1.38995e-16 
-1.56125e-16 
1.51355e-16 
3.51282e-17 
3.35669e-16 
4.68375e-17 
-3.88578e-16 
8.37004e-17 
3.90313e-17 
-1.09504e-16 
-2.67147e-16 
5.54678e-16 
-1.89302e-16 
1.37477e-16 
4.29127e-16 
1.14058e-16 
-4.0766e-17 
3.87711e-16 
1.3726e-16 
-3.1984e-16 
5.50775e-17 
1.92554e-16 
-8.00141e-17 
-1.84314e-17 
1.51788e-16 
-1.95156e-16 
1.09938e-16 
-1.68051e-16 
-1.47451e-17 
1.86266e-16 
-2.91434e-16 
7.28584e-17 
1.38561e-16 
5.05238e-17 
-1.01915e-16 
-5.24754e-16 
-8.82541e-17 
3.23092e-17 
-4.64039e-17 
2.75171e-16 
4.44523e-17 
2.62377e-17 
-5.33427e-17 
2.83627e-16 
1.33357e-16 
-1.32056e-16 
2.68665e-16 
-3.13768e-16 
2.90566e-17 
5.18249e-17 
1.76942e-16 
-9.56266e-17 
4.45607e-16 
-1.867e-16 
-1.77159e-16 
-6.01082e-16 
1.38127e-16 
9.41087e-17 
-1.99493e-16 
1.44849e-16 
3.05745e-16 
-5.63785e-17 
9.36751e-17 
9.90961e-17 
2.75387e-17 
1.0842e-16 
1.48536e-16 
-4.53197e-17 
-3.88144e-17 
2.6216e-16 
-4.74881e-17 
-2.29417e-16 
-3.81856e-16 
-5.74627e-17 
1.2425e-16 
8.04478e-17 
8.60857e-17 
-2.39392e-16 
-1.68485e-16 
-1.55908e-16 
2.56089e-16 
-4.42354e-17 
8.26162e-17 
6.39679e-17 
-2.19009e-16 
3.88144e-17 
7.84962e-17 
-1.97975e-16 
-3.03577e-18 
-4.38018e-17 
-4.33681e-17 
-3.13768e-16 
-3.57787e-17 
1.10155e-16 
4.57533e-17 
1.54607e-16 
-9.73614e-17 
1.0842e-17 
1.79978e-17 
2.90566e-17 
-7.04731e-17 
-4.33681e-17 
1.1254e-16 
2.05782e-16 
7.54605e-17 
9.69277e-17 
2.60209e-18 
-5.39933e-17 
1.49186e-16 
1.40296e-16 
-4.38018e-17 
-1.97325e-17 
-1.69786e-16 
1.27502e-16 
4.98733e-18 
-2.35272e-16 
3.13334e-16 
-8.52183e-17 
-1.75641e-17 
1.21431e-17 
9.67108e-17 
2.23129e-16 
-1.75424e-16 
2.45463e-16 
8.17488e-17 
-2.80808e-16 
-3.07263e-16 
3.30031e-16 
-4.72712e-17 
-1.11022e-16 
3.02709e-16 
-1.09071e-16 
3.0748e-16 
1.21214e-16 
-1.92988e-16 
4.0766e-17 
-2.66714e-16 
-8.60857e-17 
-3.46945e-17 
-7.78457e-17 
-3.08564e-16 
-3.39138e-16 
-7.82794e-17 
1.62413e-16 
7.09068e-17 
-1.94072e-16 
-3.6234e-16 
-5.42101e-19 
1.1807e-16 
-2.40801e-16 
5.67038e-17 
-4.62304e-16 
2.46764e-16 
-1.24575e-16 
3.75134e-17 
-1.78026e-16 
2.36139e-16 
-2.15214e-16 
1.45825e-16 
2.06107e-16 
4.24682e-16 
-6.25585e-17 
-4.78892e-16 
-4.38126e-16 
1.69136e-16 
-1.6816e-16 
6.67869e-17 
3.34476e-16 
4.04407e-17 
1.4821e-16 
1.23924e-16 
-8.1532e-17 
-3.95842e-16 
1.36176e-16 
-1.8323e-17 
-1.35308e-16 
3.14419e-18 
1.56992e-16 
6.91721e-17 
-6.68953e-17 
2.56956e-16 
-8.47846e-17 
-3.67219e-16 
2.52944e-16 
1.69027e-16 
-5.45354e-17 
-6.52581e-16 
-1.76942e-16 
2.96096e-16 
1.97e-16 
-1.50813e-16 
-1.27936e-17 
-1.18503e-16 
2.19117e-16 
-2.09251e-17 
3.39897e-16 
1.74557e-16 
-3.13334e-16 
1.20346e-16 
-1.8323e-17 
1.72388e-17 
-5.3668e-17 
2.93819e-17 
3.81639e-17 
-1.98409e-17 
-1.40946e-17 
-4.99817e-17 
-1.65449e-16 
1.03433e-16 
-2.35706e-16 
-4.95806e-16 
8.6953e-17 
-9.3133e-17 
-1.3726e-16 
-3.17671e-16 
1.14709e-16 
1.23816e-16 
1.19154e-16 
4.0354e-16 
4.9136e-16 
-1.29454e-16 
-2.03179e-16 
-1.60896e-16 
5.80048e-17 
-2.21611e-16 
-2.19551e-16 
3.20056e-16 
1.3249e-16 
5.50775e-17 
-5.89806e-17 
1.00289e-16 
-1.2902e-17 
8.66278e-17 
-4.05492e-17 
4.54931e-16 
-2.36248e-16 
-8.5652e-18 
-3.48788e-16 
1.52439e-16 
1.45283e-17 
-9.96382e-17 
8.40257e-17 
-5.09575e-17 
-9.07477e-17 
-2.77556e-17 
-9.36751e-17 
-1.99927e-16 
-2.43512e-16 
3.46945e-16 
1.77159e-16 
-2.9924e-17 
-3.31766e-16 
-2.08926e-16 
-3.92373e-16 
-1.43982e-16 
8.98804e-17 
8.45678e-17 
-4.03323e-16 
-7.66531e-17 
-3.10624e-16 
3.39355e-17 
-3.65376e-17 
3.30356e-16 
9.99634e-17 
2.41777e-17 
2.47849e-16 
1.4344e-16 
1.61438e-16 
6.657e-17 
-5.09575e-18 
8.13152e-18 
2.62811e-16 
-1.52656e-16 
-1.94289e-16 
4.75206e-16 
-2.88615e-16 
1.35092e-16 
7.50268e-17 
6.97142e-17 
8.50015e-17 
1.96349e-16 
1.11998e-16 
-1.69786e-16 
-1.5992e-16 
1.26526e-16 
-2.24213e-16 
-3.17671e-16 
1.59703e-16 
2.55872e-16 
1.19262e-18 
-1.06252e-16 
-1.53415e-16 
2.63461e-17 
1.95156e-17 
-1.55583e-16 
1.661e-16 
-2.77014e-16 
1.10805e-16 
1.32056e-16 
4.66207e-17 
2.52619e-17 
-1.22949e-16 
2.63461e-17 
-2.25839e-16 
-1.21322e-16 
2.93277e-16 
7.04731e-18 
4.14165e-16 
2.52077e-16 
-1.25659e-16 
2.09034e-16 
1.65449e-16 
-6.72205e-18 
-4.40186e-17 
-4.70977e-16 
-1.54499e-16 
2.25189e-16 
-1.95156e-17 
-3.72966e-17 
1.60137e-16 
-3.30682e-17 
-2.33103e-17 
2.87639e-16 
4.06576e-17 
-1.04951e-16 
1.54607e-16 
-9.07477e-17 
2.26598e-17 
-6.87384e-17 
-1.54065e-16 
-8.91214e-17 
3.12359e-16 
-4.84638e-17 
-2.92735e-17 
1.75424e-16 
2.46114e-17 
-3.91397e-17 
2.31152e-16 
-1.05276e-16 
4.8247e-17 
3.23634e-16 
1.03758e-16 
1.20346e-17 
-4.71628e-17 
7.04731e-17 
-2.00794e-16 
-5.60533e-17 
2.21828e-16 
1.02891e-16 
-2.79724e-17 
8.20741e-17 
-2.17925e-16 
-5.10659e-17 
1.09613e-16 
-9.29161e-17 
2.00577e-17 
1.4962e-16 
1.25551e-16 
5.68122e-17 
1.06577e-16 
-1.02132e-16 
-2.87314e-17 
-4.40186e-17 
-6.42932e-17 
1.52439e-16 
4.30428e-17 
2.13696e-16 
-8.96635e-17 
1.88651e-16 
9.90961e-17 
-1.32164e-16 
3.46945e-18 
2.22912e-16 
1.30104e-18 
-6.14743e-17 
-1.15684e-16 
9.53014e-17 
5.55112e-17 
-1.33357e-17 
-1.13299e-16 
-1.85399e-16 
-4.43439e-17 
-9.20488e-17 
1.29996e-16 
-1.03108e-16 
-4.0766e-17 
1.52873e-16 
-5.05238e-17 
3.51282e-17 
2.74303e-17 
1.92554e-16 
-1.14058e-16 
-4.16334e-17 
-4.25007e-17 
-9.95298e-17 
-5.67038e-17 
-1.22515e-17 
-2.39609e-17 
5.21501e-17 
-9.60603e-17 
2.50451e-17 
-7.069e-17 
1.19045e-16 
-4.84638e-17 
-1.44849e-16 
-8.80372e-17 
-4.87891e-18 
-9.00972e-17 
6.74374e-17 
-1.40946e-18 
-1.0365e-16 
-7.04731e-18 
6.9931e-17 
5.85469e-18 
5.07407e-17 
-4.27176e-17 
1.6263e-17 
-3.24176e-17 
7.6111e-17 
-1.01915e-17 
1.06252e-17 
2.74303e-17 
-3.95734e-17 
1.82796e-16 
-3.03577e-18 
9.62772e-17 
1.10589e-17 
5.89806e-17 
4.79217e-17 
-9.62772e-17 
-1.73472e-18 
-7.37257e-18 
-3.46945e-18 
-5.22585e-17 
-1.30538e-16 
-5.46438e-17 
-6.17995e-17 
-2.73219e-17 
2.73219e-17 
-2.68882e-17 
-7.89299e-17 
8.2833e-17 
6.67869e-17 
2.68882e-17 
2.05998e-17 
-8.17488e-17 
5.39933e-17 
9.28077e-17 
8.71699e-17 
1.98192e-16 
-1.64799e-17 
3.75134e-17 
-1.53957e-17 
4.66207e-17 
-8.37004e-17 
-1.19262e-17 
1.14925e-16 
-2.64545e-17 
-9.28077e-17 
7.37257e-18 
2.75387e-17 
9.38919e-17 
-2.66714e-17 
2.42861e-17 
-2.36356e-17 
8.73867e-17 
-5.85469e-17 
4.29344e-17 
-9.43256e-17 
3.14419e-17 
-7.65447e-17 
-3.40439e-17 
7.76289e-17 
-1.34441e-17 
-3.92481e-17 
5.18249e-17 
-2.60209e-18 
8.1532e-17 
-2.88398e-17 
3.59955e-17 
9.36751e-17 
-1.75641e-17 
7.39426e-17 
3.25261e-18 
-1.11022e-16 
3.46945e-17 
-1.38778e-17 
-1.84314e-17 
1.23599e-17 
-4.83554e-17 
-1.38778e-17 
-2.00794e-16 
4.31512e-17 
9.60603e-17 
-6.07153e-18 
-2.88398e-17 
-1.11239e-16 
-4.74881e-17 
1.29671e-16 
1.51788e-17 
-5.81132e-17 
8.76035e-17 
7.7412e-17 
7.22079e-17 
5.91974e-17 
-5.13912e-17 
-3.01408e-17 
2.19009e-17 
-8.82541e-17 
-2.13154e-16 
1.02349e-16 
1.04734e-16 
1.2425e-16 
-1.35742e-16 
3.90313e-17 
1.87567e-16 
5.42101e-18 
1.42464e-16 
3.68629e-18 
1.06469e-16 
-2.59775e-16 
-8.43509e-17 
-1.76942e-16 
-6.67869e-17 
1.17094e-17 
-2.10552e-16 
7.54605e-17 
1.249e-16 
-1.32706e-16 
-1.44633e-16 
1.8735e-16 
4.27176e-17 
-1.57209e-16 
2.10335e-17 
-1.19479e-16 
-1.82146e-16 
-1.08203e-16 
7.11237e-17 
3.29597e-17 
9.67108e-17 
6.04985e-17 
-7.17742e-17 
1.10372e-16 
8.78204e-17 
-7.48099e-17 
-3.20924e-17 
1.34007e-16 
-2.49366e-17 
-1.49837e-16 
-2.10335e-17 
-8.0231e-18 
2.69966e-16 
-1.38995e-16 
7.24247e-17 
-2.57173e-16 
-4.33681e-19 
2.80158e-16 
5.07407e-17 
1.19262e-17 
3.03577e-18 
-3.46945e-18 
7.17742e-17 
1.56992e-16 
2.23346e-17 
-4.64039e-17 
1.19262e-16 
2.1684e-19 
-9.1073e-17 
-1.60896e-16 
2.25514e-17 
-8.37004e-17 
3.36103e-17 
4.74881e-17 
4.81386e-17 
-1.84314e-16 
-1.867e-16 
-1.14925e-17 
-1.11456e-16 
-9.67108e-17 
2.94903e-17 
-1.14709e-16 
-1.38995e-16 
8.37004e-17 
-7.26415e-17 
5.42101e-18 
1.41163e-16 
-5.39933e-17 
-2.29851e-17 
3.20924e-17 
-2.01662e-17 
-5.7029e-17 
-1.6263e-17 
-3.96818e-17 
8.00141e-17 
-2.0383e-17 
-3.57787e-17 
-3.9465e-17 
9.75782e-18 
8.89046e-18 
-1.74773e-16 
-1.94072e-16 
3.16587e-17 
3.70797e-17 
-5.63785e-18 
7.87131e-17 
-6.33174e-17 
4.64039e-17 
-7.09068e-17 
-5.89806e-17 
-5.13912e-17 
1.53957e-17 
-2.68882e-17 
-4.03323e-17 
-6.74374e-17 
1.51788e-18 
1.15142e-16 
-1.3726e-16 
2.48716e-16 
-2.63244e-16 
1.14492e-16 
-5.50775e-17 
-5.59448e-17 
1.8323e-16 
1.6263e-17 
1.14709e-16 
2.39175e-16 
-1.30104e-17 
-2.27682e-17 
-9.86624e-17 
7.32921e-17 
5.50775e-17 
-2.12287e-16 
1.13408e-16 
-8.58688e-17 
-1.21431e-17 
-7.67615e-17 
5.00901e-17 
-1.31839e-16 
3.18755e-17 
-1.07119e-16 
-6.39679e-17 
-1.69136e-17 
7.91468e-17 
8.1532e-17 
-5.63785e-18 
-4.68375e-17 
-9.47593e-17 
-1.9559e-16 
2.08384e-16 
6.87384e-17 
-2.94903e-17 
2.48282e-16 
1.83881e-16 
-9.75782e-17 
4.46691e-17 
1.0018e-16 
1.48319e-16 
-2.77556e-17 
3.20924e-17 
-4.81386e-17 
9.7795e-17 
5.26922e-17 
-3.75134e-17 
5.96311e-17 
-5.83301e-17 
-6.93889e-17 
9.6494e-17 
1.73472e-18 
1.30104e-18 
8.21825e-17 
5.1608e-17 
-2.79724e-17 
1.20563e-16 
-8.23994e-17 
-1.34441e-17 
-1.51138e-16 
3.51282e-17 
1.45717e-16 
-2.6216e-16 
-3.90313e-17 
1.56125e-17 
-1.32056e-16 
-6.78711e-17 
-1.79978e-16 
9.5193e-17 
3.90313e-18 
-7.7412e-17 
-8.45678e-17 
-1.72822e-16 
-1.50054e-16 
1.41163e-16 
-2.46331e-16 
-8.37004e-17 
2.23346e-17 
-1.1666e-16 
3.10082e-17 
-9.34582e-17 
4.57533e-17 
3.70797e-17 
-1.0365e-16 
1.81279e-16 
1.36393e-16 
4.0766e-17 
1.44199e-16 
-5.52943e-17 
-1.95373e-16 
2.81893e-17 
4.09828e-17 
4.77049e-18 
-6.48353e-17 
2.12504e-17 
-2.90566e-17 
3.83808e-17 
-1.80628e-16 
-1.43548e-16 
7.35089e-17 
-1.17094e-17 
-2.01662e-17 
1.94614e-16 
1.21431e-17 
2.05673e-16 
-4.0766e-17 
-7.69784e-17 
2.498e-16 
-2.21177e-17 
1.4138e-16 
-2.29851e-17 
5.47522e-17 
4.65123e-17 
1.21105e-16 
-1.09179e-16 
6.75458e-17 
1.0842e-19 
-2.72243e-16 
-4.67291e-17 
-6.75458e-17 
-2.26598e-17 
-1.0224e-16 
-1.10914e-16 
2.86229e-16 
2.75604e-16 
-1.11998e-16 
-1.79869e-16 
-1.00289e-16 
3.00975e-16 
-9.86624e-18 
4.66207e-17 
1.07987e-16 
5.60533e-17 
1.80086e-16 
5.00901e-17 
1.56017e-16 
-9.50845e-17 
-2.00794e-16 
-1.24683e-17 
-5.09575e-17 
7.87131e-17 
1.55583e-16 
-3.64292e-17 
6.17236e-16 
5.50666e-16 
-7.03105e-16 
-2.27574e-16 
2.66822e-16 
7.49184e-17 
5.408e-16 
3.9259e-16 
2.96963e-16 
-4.23923e-17 
-4.10479e-16 
5.37439e-16 
5.96311e-18 
-1.05092e-15 
-5.04154e-18 
3.0504e-16 
1.18503e-15 
-4.01101e-16 
-1.51246e-16 
-1.43332e-16 
1.72768e-16 
5.7029e-17 
1.70166e-16 
1.78514e-16 
9.46508e-17 
1.81333e-16 
-8.10441e-17 
2.95445e-17 
1.17419e-16 
5.32885e-17 
-8.09357e-17 
9.61687e-17 
-3.63208e-17 
8.33751e-17 
8.99346e-17 
1.41e-16 
-1.02782e-16 
8.90672e-17 
8.98804e-17 
-8.89588e-17 
5.51859e-17 
1.88109e-17 
1.91253e-16 
-6.62719e-17 
1.11429e-16 
-1.06523e-17 
-7.5596e-17 
1.17148e-16 
-3.57516e-17 
-3.18484e-17 
-8.64651e-17 
2.31477e-16 
5.40475e-17 
1.42302e-16 
-1.78622e-17 
-2.16027e-17 
-3.20111e-17 
4.77862e-17 
1.74719e-16 
-9.83913e-18 
-2.43932e-16 
-2.51806e-17 
2.48553e-17 
-8.58959e-17 
-1.07431e-16 
-1.69258e-16 
-1.59351e-16 
9.16151e-18 
2.11555e-17 
1.30375e-17 
-9.16286e-17 
-2.08329e-16 
2.38999e-17 
4.86739e-17 
-2.67324e-18 
-6.80134e-17 
7.17267e-18 
-1.14739e-17 
-6.42652e-17 
7.0236e-17 
6.78075e-17 
1.12506e-16 
-5.51791e-17 
-6.59364e-17 
8.07629e-17 
7.89706e-17 
1.42505e-16 
-1.02105e-16 
-1.09301e-16 
4.0251e-17 
2.94632e-17 
-4.07931e-17 
1.91416e-16 
1.85507e-16 
-8.11796e-18 
-2.30122e-17 
2.93819e-17 
-9.13982e-17 
-2.5289e-17 
-6.72612e-17 
-4.68917e-17 
1.1601e-17 
3.30953e-17 
8.67226e-17 
-1.35308e-16 
-9.97737e-17 
4.39102e-17 
1.40946e-16 
8.54351e-17 
-1.39618e-16 
-2.38253e-17 
2.10606e-17 
5.25296e-17 
-5.14183e-17 
4.20128e-18 
-2.16298e-17 
-8.79017e-17 
1.1769e-16 
6.64345e-17 
3.27158e-17 
-4.73796e-17 
-2.66985e-17 
5.32885e-17 
6.04172e-17 
2.99511e-17 
6.03359e-17 
-5.50504e-17 
-5.96582e-17 
-8.01225e-17 
-3.55076e-18 
8.83625e-18 
8.94467e-19 
-2.04372e-17 
-5.00359e-17 
-3.02763e-17 
-9.43256e-18 
-1.20184e-16 
-7.67073e-17 
2.20635e-17 
2.83519e-17 
6.80337e-18 
-5.9089e-18 
-3.82723e-17 
4.09015e-17 
2.76472e-17 
-6.61092e-17 
-4.70815e-17 
-2.13046e-17 
1.48536e-17 
3.94921e-17 
5.1093e-17 
3.54263e-17 
-3.5101e-17 
4.69731e-17 
6.15014e-17 
4.40999e-17 
-2.26598e-17 
1.36338e-17 
1.51788e-17 
3.59142e-17 
1.39049e-17 
-2.31748e-17 
2.03559e-17 
-5.12286e-18 
4.74067e-17 
2.15214e-17 
4.85723e-17 
1.14383e-17 
1.36338e-17 
2.57498e-18 
6.61363e-18 
2.67527e-17 
4.27447e-17 
2.21448e-17 
9.54098e-18 
-8.61941e-18 
-2.49366e-18 
4.06576e-18 
-6.55942e-18 
9.05309e-18 
4.68917e-18 
6.50521e-18 
9.81203e-18 
2.90024e-18 
-1.35525e-18 
-7.80626e-18 
-7.48099e-18 
-1.24683e-18 
-1.00289e-17 
1.0842e-19 
-6.50521e-18 
3.7405e-18 
-1.78622e-17 
-9.43256e-18 
-1.63986e-17 
-7.72494e-18 
-1.24006e-17 
-8.75493e-18 
-3.483e-17 
-5.29904e-18 
1.19262e-17 
-4.12539e-17 
-1.60868e-17 
-5.46438e-17 
1.55854e-18 
1.7415e-17 
1.00289e-18 
1.49484e-17 
-9.28145e-17 
1.29427e-17 
-3.40168e-18 
-4.30022e-17 
-3.00392e-17 
-1.95495e-18 
7.59619e-18 
-2.77268e-17 
1.21151e-17 
-9.18735e-17 
6.64633e-17 
-1.72744e-17 
5.73035e-17 
-6.51707e-17 
-2.20229e-17 
-7.72494e-17 
-1.19669e-17 
7.33869e-18 
-1.0346e-16 
2.13181e-17 
-5.84114e-17 
1.23585e-16 
4.45472e-17 
1.33899e-17 
7.45525e-17 
-8.141e-17 
-1.06957e-16 
5.58635e-17 
-8.91756e-17 
-7.50539e-17 
-1.24873e-16 
-1.42003e-16 
6.70308e-17 
2.40151e-17 
-2.37169e-17 
-5.80048e-18 
-8.70343e-17 
-4.90601e-17 
-1.02891e-16 
-1.61736e-16 
3.15503e-17 
-2.22804e-17 
-5.19333e-17 
8.78746e-17 
-2.30556e-16 
-1.00722e-16 
9.05309e-18 
-1.42573e-16 
1.32923e-16 
8.84167e-17 
-2.66063e-16 
1.26852e-17 
-5.33427e-17 
5.67038e-17 
2.92735e-17 
-1.72226e-16 
2.33646e-17 
4.2067e-17 
-1.02023e-16 
1.24358e-16 
-3.17942e-16 
1.46909e-17 
1.22515e-16 
-1.09504e-16 
-1.63064e-16 
1.06252e-17 
1.69027e-16 
-1.34007e-16 
1.24358e-16 
-1.36718e-16 
-4.03323e-17 
-2.78965e-16 
-4.00071e-17 
-1.35851e-16 
1.54716e-16 
-1.03433e-16 
-2.69424e-16 
-3.02492e-17 
-2.80266e-16 
-1.30972e-16 
-1.94614e-16 
-5.44269e-17 
1.54932e-16 
-2.5392e-16 
-1.91036e-16 
-3.07913e-17 
4.19586e-17 
-2.84061e-16 
2.74845e-16 
-5.69206e-17 
2.11311e-16 
-1.77267e-16 
-1.38236e-16 
-5.50233e-16 
9.6494e-17 
2.02746e-17 
1.05384e-16 
-1.5645e-16 
-1.21431e-17 
-1.63715e-16 
-2.16515e-16 
9.4434e-17 
-1.56125e-16 
-7.15573e-18 
2.40259e-16 
-2.25731e-16 
1.36609e-17 
-3.60172e-16 
-6.03901e-16 
-1.17094e-16 
-4.11997e-18 
5.7029e-17 
-1.2078e-16 
-3.1225e-16 
-1.95807e-16 
7.24247e-17 
6.28837e-17 
-2.88398e-17 
-1.25551e-16 
-2.12937e-16 
-9.54098e-18 
-2.34188e-16 
3.1225e-17 
-6.07153e-18 
-4.72495e-16 
2.81893e-17 
-2.08817e-16 
-1.07987e-16 
-4.81386e-16 
6.37511e-17 
3.84241e-16 
2.91217e-16 
-2.6151e-16 
-1.68702e-16 
1.51571e-16 
-2.45897e-16 
-2.83194e-16 
-8.39172e-17 
-5.28657e-16 
2.67798e-16 
9.02056e-17 
-2.90349e-16 
2.498e-16 
-1.97975e-16 
-5.76796e-16 
-5.16514e-16 
2.38524e-16 
-3.90096e-16 
-4.13298e-16 
-5.92408e-16 
2.32019e-17 
-1.30104e-16 
3.05745e-17 
-2.80592e-16 
-5.43402e-16 
2.3267e-16 
2.13588e-16 
-3.51282e-17 
2.04264e-16 
-1.02999e-16 
1.2837e-16 
-3.03577e-18 
-1.20563e-16 
-8.63025e-17 
-2.44379e-16 
-2.15973e-16 
-4.2002e-16 
-6.96058e-16 
-6.41848e-17 
-3.33284e-16 
2.32236e-16 
5.35596e-17 
-7.30102e-16 
4.09828e-17 
-8.28114e-16 
-3.47162e-16 
5.48606e-17 
8.35703e-16 
-4.96998e-16 
-7.3639e-16 
3.0401e-16 
7.93636e-17 
1.47451e-17 
-2.88831e-16 
-5.13912e-16 
2.82326e-16 
1.13191e-16 
-2.97505e-16 
-7.48099e-16 
4.5363e-16 
-5.63785e-17 
4.46691e-17 
5.33861e-16 
-4.2067e-16 
-3.08347e-16 
2.17708e-16 
-3.14852e-16 
2.77122e-16 
-8.78637e-16 
-6.07153e-16 
-6.38378e-16 
1.39645e-16 
-1.84748e-16 
-3.44343e-16 
7.76289e-16 
2.68882e-16 
1.31839e-16 
2.55438e-16 
-7.55038e-16 
3.00541e-16 
2.51535e-17 
-7.72386e-16 
-3.30031e-16 
3.98553e-16 
1.99927e-16 
-8.91214e-16 
-1.01048e-16 
1.40513e-16 
2.96638e-16 
-2.42428e-16 
5.08274e-16 
-6.10623e-16 
-3.82507e-16 
3.64726e-16 
-1.51788e-17 
-3.94216e-16 
-2.4156e-16 
5.89806e-17 
-3.06612e-16 
2.32453e-16 
-2.07299e-16 
-5.55112e-17 
-1.96457e-16 
8.2833e-16 
3.97685e-16 
8.45678e-17 
4.93963e-16 
3.40873e-16 
-7.54171e-16 
6.05852e-16 
7.71952e-17 
5.63351e-16 
2.87964e-16 
-2.00361e-16 
2.27682e-16 
1.14492e-16 
-1.02826e-15 
-3.89012e-16 
-4.3715e-16 
-3.29597e-16 
-2.57173e-16 
-5.82e-16 
4.03323e-17 
1.73472e-17 
8.71699e-17 
6.05852e-16 
2.17274e-16 
-3.13551e-16 
-2.91434e-16 
3.30465e-16 
-4.36283e-16 
5.81132e-17 
-3.25694e-16 
-4.74447e-16 
-3.42608e-16 
1.70437e-16 
-7.25548e-16 
-4.95697e-16 
-6.46184e-16 
-5.24754e-16 
1.66967e-16 
-4.44523e-16 
3.66027e-16 
-7.37257e-16 
-9.58435e-17 
-1.51355e-16 
-8.37004e-17 
-2.67147e-16 
-2.38524e-17 
-6.78277e-16 
-9.37618e-16 
3.77302e-17 
-6.27536e-16 
1.08854e-16 
-1.14492e-15 
-2.51969e-16 
-2.39392e-16 
1.93855e-16 
6.75675e-16 
2.32887e-16 
4.87457e-16 
-3.90313e-16 
-2.72352e-16 
-1.72171e-16 
-1.13624e-16 
3.73399e-16 
2.91e-16 
1.29671e-16 
-5.91107e-16 
-9.57134e-16 
-2.12937e-16 
-2.19443e-16 
-3.53884e-16 
9.54098e-18 
-1.34875e-16 
5.55112e-17 
4.58834e-16 
1.00614e-16 
-6.31006e-16 
-7.20778e-16 
1.97325e-16 
-9.7318e-16 
9.49761e-17 
3.39138e-16 
-2.57606e-16 
-3.79037e-16 
1.69136e-17 
-1.10155e-16 
-3.92481e-16 
7.87564e-16 
-4.04624e-16 
-7.1167e-16 
-4.51462e-16 
2.71484e-16 
-7.30752e-16 
-2.6628e-16 
2.57606e-16 
9.33715e-16 
-2.42861e-16 
-6.13225e-16 
7.01262e-16 
5.55112e-16 
-4.74013e-16 
-2.75821e-16 
3.88795e-16 
1.61112e-16 
6.96058e-17 
-7.54605e-16 
3.7882e-16 
4.10262e-16 
4.6946e-16 
-1.043e-16 
-6.04985e-17 
2.44379e-16 
-1.55258e-16 
-5.55328e-16 
-5.83301e-17 
-2.41994e-16 
-1.94289e-16 
-2.8341e-16 
1.455e-16 
-3.1984e-16 
5.34512e-16 
4.26308e-16 
-2.42211e-16 
7.92985e-16 
-2.47632e-16 
-7.28584e-17 
5.32343e-16 
-7.5764e-16 
8.31149e-16 
-5.74627e-17 
6.59195e-17 
-3.4521e-16 
-5.1543e-16 
-5.54027e-16 
-6.11273e-16 
9.90961e-17 
2.10552e-16 
-1.3314e-16 
4.93963e-16 
-4.71845e-16 
-6.7806e-16 
-4.30862e-16 
-1.6263e-17 
-8.19657e-17 
-4.42788e-16 
-8.21825e-17 
5.06973e-16 
3.81639e-17 
-3.50414e-16 
5.88288e-16 
-4.84638e-16 
-4.96565e-17 
-6.2385e-16 
6.21682e-16 
3.03577e-18 
-1.33574e-16 
6.93673e-16 
-5.64652e-16 
-2.54354e-16 
-4.97649e-16 
-2.22912e-16 
-6.44667e-16 
2.06432e-16 
-3.02926e-16 
1.09071e-16 
2.88615e-16 
8.23994e-17 
5.55112e-17 
-4.13515e-16 
1.86049e-16 
2.19876e-16 
-1.66967e-16 
2.72135e-16 
2.91217e-16 
-2.4091e-16 
1.17094e-16 
-8.12501e-16 
-4.17418e-16 
1.51571e-16 
8.77336e-16 
-3.89229e-16 
2.47198e-17 
-2.15539e-16 
2.57606e-16 
-6.39679e-17 
-1.3249e-16 
2.72785e-16 
4.35849e-17 
9.45424e-17 
7.10152e-17 
7.21103e-16 
9.92045e-17 
-7.56556e-16 
2.53378e-16 
1.89085e-16 
1.77918e-16 
3.39789e-16 
3.0542e-16 
-4.22188e-16 
-4.74881e-16 
-1.66967e-17 
6.93456e-16 
-1.46801e-16 
-2.27791e-16 
4.57533e-17 
-2.48933e-16 
3.07263e-16 
2.46656e-16 
1.9559e-16 
3.86084e-16 
2.42102e-16 
7.75205e-17 
-1.95265e-16 
2.22912e-16 
3.93023e-16 
8.5652e-17 
-3.64942e-16 
-2.09468e-16 
-4.67074e-16 
1.8876e-16 
3.17671e-17 
-2.92735e-16 
-1.3932e-16 
6.24717e-16 
-2.19443e-16 
9.88792e-17 
-7.16658e-17 
-5.1608e-17 
6.07153e-17 
-3.73182e-16 
1.40187e-16 
1.10263e-16 
-7.63278e-17 
-4.43005e-16 
-1.19262e-17 
3.76977e-16 
2.14347e-16 
5.2367e-17 
4.93746e-16 
2.7929e-16 
-8.92298e-17 
-1.1666e-16 
4.9136e-16 
-7.10152e-17 
2.25514e-16 
1.07878e-17 
5.55599e-16 
4.87349e-17 
2.86826e-16 
5.45896e-17 
9.18861e-17 
2.33483e-16 
3.13877e-16 
1.93801e-16 
2.48824e-16 
3.08239e-16 
-2.68882e-17 
2.19551e-16 
5.35054e-17 
1.1048e-16 
-2.23888e-17 
-2.08438e-16 
1.38507e-16 
-3.17671e-17 
-2.57552e-16 
-2.38796e-16 
-2.80266e-16 
7.64363e-17 
-1.21973e-17 
1.02078e-16 
-2.16298e-17 
-2.5804e-17 
-1.11456e-16 
-5.96853e-17 
7.77373e-17 
1.53957e-17 
1.66642e-16 
1.99602e-16 
2.98156e-17 
-1.24521e-16 
-1.68539e-16 
-1.32056e-16 
2.18413e-16 
2.74845e-17 
-5.14996e-18 
-3.38271e-17 
1.86049e-16 
2.05619e-16 
2.51101e-16 
-1.14329e-16 
-4.87891e-17 
-4.90059e-17 
-4.01697e-17 
9.54098e-17 
2.21421e-16 
7.62194e-17 
1.27367e-16 
-1.70409e-16 
3.23905e-17 
-3.38813e-18 
4.68917e-18 
-2.00903e-16 
-1.28613e-16 
-7.38884e-17 
1.49891e-16 
-3.21737e-17 
1.15169e-16 
7.73849e-17 
1.01427e-16 
1.08908e-16 
-1.09694e-16 
-3.85163e-17 
-1.45825e-17 
1.5805e-16 
-2.72406e-17 
-1.21647e-16 
3.44234e-17 
-1.84667e-16 
1.47885e-16 
3.85434e-17 
-4.01968e-17 
6.56755e-17 
2.25514e-17 
-4.80031e-17 
-8.6682e-17 
4.13623e-17 
1.89735e-18 
-1.02457e-17 
-2.61022e-17 
9.75782e-19 
-6.23416e-18 
-4.05492e-17 
5.27193e-17 
-5.14996e-19 
-9.44069e-17 
-1.50704e-17 
-5.96311e-19 
-2.6834e-18 
-7.97973e-17 
2.22532e-17 
1.78893e-17 
-2.02746e-17 
-6.27482e-17 
-2.31206e-17 
-9.09917e-17 
-2.06541e-17 
5.24212e-17 
-3.36374e-17 
5.71375e-17 
-2.87314e-17 
4.55365e-18 
1.1498e-16 
1.26296e-16 
-1.68051e-18 
3.59142e-17 
1.051e-16 
-6.47946e-17 
3.49655e-17 
3.16587e-17 
-7.46609e-17 
4.4642e-17 
3.03577e-18 
-1.47451e-16 
-3.8313e-17 
3.53721e-18 
5.1852e-17 
-6.20706e-18 
7.70868e-17 
1.47723e-18 
1.78758e-16 
1.61912e-16 
2.3988e-18 
-1.17893e-16 
8.1261e-17 
-1.54892e-16 
8.22909e-17 
4.45201e-17 
-7.41323e-17 
6.58653e-18 
4.29886e-17 
-9.67921e-17 
-6.00377e-17 
-2.646e-16 
-1.4962e-17 
-1.19262e-18 
1.10941e-16 
6.42661e-17 
4.40457e-17 
-2.45003e-16 
1.12567e-16 
1.14356e-16 
-8.77933e-17 
-1.69867e-16 
-3.24773e-16 
3.2499e-17 
-1.24087e-16 
-2.37549e-16 
1.43819e-16 
-3.37783e-16 
-4.11455e-17 
-2.14509e-16 
3.90042e-17 
1.02132e-16 
3.27971e-18 
1.71304e-17 
-2.2527e-16 
-3.16804e-16 
-6.48082e-17 
1.24602e-16 
5.93872e-17 
-7.44305e-17 
1.35823e-16 
-2.33049e-16 
6.65429e-17 
1.60516e-16 
4.03323e-17 
7.13134e-17 
-1.53686e-16 
-4.77889e-16 
1.32002e-17 
-2.02936e-16 
-2.07787e-16 
-2.85335e-16 
-6.56484e-17 
-1.55854e-17 
1.77457e-16 
2.85145e-17 
-1.03839e-16 
1.68512e-16 
1.69271e-16 
-1.46503e-16 
-3.38542e-16 
5.98452e-16 
2.17979e-16 
-2.34459e-17 
3.05962e-16 
-4.64201e-16 
-2.49041e-16 
1.40946e-17 
2.25568e-16 
1.97054e-17 
4.81033e-16 
-3.013e-16 
3.01544e-16 
-4.75341e-16 
2.3538e-16 
1.37152e-17 
1.93259e-16 
-3.57109e-16 
-1.38507e-16 
6.96817e-16 
2.02393e-16 
6.61472e-16 
-2.68177e-16 
1.12567e-16 
-1.89139e-16 
-4.02266e-16 
-3.56594e-16 
8.57604e-17 
3.14798e-16 
2.09359e-16 
5.47088e-16 
4.64039e-17 
1.74773e-16 
9.05309e-17 
1.87784e-16 
-2.93765e-16 
2.10227e-16 
4.88975e-17 
-1.11998e-16 
3.68683e-16 
5.51534e-16 
-5.24266e-16 
4.88487e-16 
-5.04317e-16 
-2.20418e-16 
4.01914e-16 
6.93998e-16 
6.70525e-16 
-1.55258e-16 
-3.94704e-16 
-1.23599e-17 
5.9295e-16 
3.38813e-17 
2.34892e-16 
3.54534e-17 
2.33591e-16 
-2.36627e-16 
-2.02908e-16 
5.52401e-16 
-2.79345e-16 
-7.22675e-16 
-8.54351e-17 
2.74574e-16 
8.97719e-17 
2.70346e-16 
4.71736e-16 
-3.38054e-16 
5.91432e-17 
4.91306e-16 
2.96692e-16 
1.26906e-16 
-2.81134e-16 
-2.25894e-16 
-5.52943e-17 
1.42789e-16 
3.40873e-16 
2.58582e-16 
-3.0195e-16 
-5.93492e-16 
-2.90566e-17 
-4.75748e-16 
2.02637e-16 
5.76091e-16 
-1.42838e-15 
-1.31026e-16 
5.16948e-16 
-1.51734e-16 
1.73418e-16 
-4.41812e-16 
-3.62937e-16 
-1.52005e-16 
1.79219e-16 
2.77556e-16 
-1.04842e-16 
-2.28767e-17 
-1.2902e-16 
-3.19514e-16 
8.29523e-16 
-8.07189e-17 
-2.21015e-16 
7.4051e-17 
1.75261e-16 
2.76472e-18 
-1.97975e-16 
3.07317e-16 
4.60298e-16 
-4.00071e-17 
-1.75478e-16 
-1.74069e-16 
-5.71537e-16 
3.46132e-16 
1.26906e-16 
-6.68248e-16 
-4.00938e-16 
1.6263e-16 
9.04225e-17 
8.04586e-16 
1.32349e-15 
4.40023e-16 
4.217e-16 
5.35433e-16 
-1.89735e-18 
-1.13207e-15 
7.78999e-17 
2.96638e-16 
7.78999e-17 
4.64852e-16 
-1.20542e-15 
-5.43185e-17 
7.51786e-16 
9.04225e-17 
-1.6469e-16 
-3.38054e-16 
6.27861e-16 
-4.00504e-16 
-5.05672e-16 
-3.66352e-16 
-1.71738e-16 
-3.4792e-16 
5.20742e-16 
-7.14814e-16 
-7.00069e-16 
-4.90493e-16 
-5.89155e-16 
3.1366e-16 
-1.29215e-15 
5.15647e-16 
4.33356e-16 
8.11742e-16 
7.77265e-16 
6.54858e-17 
1.2078e-16 
4.55365e-18 
9.59519e-17 
-1.34224e-16 
-1.48156e-15 
9.33498e-17 
4.9895e-16 
5.06431e-16 
1.22786e-15 
-8.42425e-17 
4.34765e-17 
2.2714e-16 
3.48788e-16 
3.16045e-16 
1.13191e-16 
-6.5063e-16 
8.48171e-16 
5.58256e-16 
1.37477e-16 
-5.52835e-16 
2.26707e-16 
-4.89517e-16 
9.22656e-16 
3.78278e-16 
-6.02057e-16 
1.20498e-15 
-3.6375e-16 
-6.84565e-16 
2.54788e-17 
3.09106e-16 
-1.18113e-15 
-6.245e-17 
-1.08203e-16 
5.00142e-16 
-6.18429e-16 
-5.19333e-17 
1.13321e-15 
-1.24152e-15 
5.63785e-17 
2.00794e-16 
3.23309e-16 
-3.85976e-17 
-4.04191e-16 
-6.63532e-17 
7.11237e-16 
1.5851e-16 
6.07478e-16 
2.85145e-17 
-8.59555e-16 
5.38306e-16 
-7.8171e-16 
7.49184e-16 
-1.62522e-16 
-1.27047e-15 
9.35775e-16 
6.40547e-16 
-3.58979e-16 
-1.00614e-16 
6.62448e-17 
2.08058e-16 
2.93602e-16 
3.64942e-16 
-9.40545e-16 
-5.44053e-16 
-1.04951e-15 
7.15573e-17 
-1.35851e-16 
-4.17309e-16 
-6.23199e-16 
4.87891e-16 
1.10318e-15 
-4.80627e-16 
-4.58184e-16 
-3.29489e-16 
-6.89986e-16 
8.01117e-16 
-7.906e-16 
-2.83736e-16 
-3.15503e-17 
4.98082e-16 
1.54499e-16 
8.32776e-16 
3.25261e-17 
2.5186e-16 
1.09786e-15 
9.93129e-17 
9.60603e-16 
-6.36427e-17 
-4.5775e-16 
-9.9855e-17 
2.24213e-16 
-8.20633e-16 
-7.16116e-16 
-1.7846e-16 
-2.79833e-16 
-3.31766e-17 
-1.06165e-15 
1.37368e-16 
-4.00396e-16 
2.93602e-16 
3.25152e-16 
-1.20823e-15 
-4.13515e-16 
4.94721e-16 
-3.01896e-16 
2.43241e-16 
-2.80483e-16 
-1.56938e-16 
-2.37332e-16 
7.50973e-16 
-5.23182e-16 
9.79577e-17 
6.89715e-16 
-5.46058e-16 
6.63206e-16 
-7.16224e-16 
-4.74176e-16 
-1.11022e-16 
4.9136e-16 
3.63208e-17 
1.17311e-16 
8.59447e-16 
4.18502e-16 
4.77157e-16 
5.28223e-16 
2.04372e-16 
5.46329e-16 
8.51316e-16 
1.00327e-15 
-1.39011e-15 
-2.87476e-16 
1.59318e-15 
8.22584e-16 
-2.90783e-16 
-1.09895e-15 
-8.10983e-17 
-3.1675e-16 
-4.00884e-16 
5.1608e-17 
2.29038e-16 
1.09721e-16 
1.02831e-15 
6.50521e-19 
-2.89103e-16 
-1.39716e-15 
-1.50704e-15 
-1.9166e-15 
-3.92427e-16 
5.12936e-16 
6.01786e-16 
1.35482e-15 
7.97702e-16 
1.17088e-15 
-3.75134e-17 
1.9186e-15 
-1.54282e-16 
-4.68321e-16 
6.8939e-16 
6.87601e-16 
6.86463e-16 
1.81279e-16 
-1.02078e-16 
4.72875e-16 
1.02284e-15 
-4.66207e-16 
5.18899e-16 
7.15573e-17 
4.35632e-16 
6.42444e-16 
4.8247e-16 
-6.51606e-16 
1.62359e-16 
-5.49148e-17 
-7.41323e-16 
1.37076e-15 
6.57352e-16 
-7.29072e-16 
-8.73704e-16 
1.56071e-15 
5.40746e-16 
5.13966e-16 
-1.89031e-16 
2.49095e-16 
-6.72747e-16 
-5.48715e-16 
5.59448e-17 
-2.78098e-17 
-1.06528e-15 
-9.56754e-16 
-6.16694e-16 
-7.68862e-16 
6.76e-17 
-1.12616e-15 
8.0952e-16 
7.61544e-16 
-5.11852e-16 
-9.25204e-16 
1.09466e-15 
-6.92155e-16 
1.03704e-15 
-3.94921e-16 
-6.60225e-16 
-6.33066e-16 
5.69206e-19 
5.49067e-16 
-5.62999e-16 
2.29065e-16 
2.18873e-16 
8.26325e-16 
7.24979e-16 
6.0859e-16 
-6.38107e-16 
9.64804e-16 
4.83148e-16 
2.08086e-16 
-1.33303e-16 
-8.84465e-16 
2.3782e-16 
-8.19928e-17 
1.08374e-15 
8.01849e-16 
1.00422e-15 
-5.6777e-16 
6.94974e-16 
4.7339e-16 
4.77022e-16 
-2.76065e-16 
-7.14218e-16 
5.42399e-16 
2.26761e-16 
1.16812e-15 
3.48408e-16 
8.79559e-17 
5.40393e-16 
2.22261e-17 
-5.47712e-16 
1.4962e-16 
-7.10776e-16 
3.5944e-16 
8.56926e-16 
1.26052e-15 
-2.03288e-17 
7.9247e-16 
2.56576e-16 
6.88143e-16 
7.03241e-16 
1.67672e-16 
1.50135e-16 
-4.76859e-16 
-1.14763e-15 
-1.1029e-16 
9.28348e-17 
8.68039e-16 
4.88284e-16 
-4.10506e-17 
5.29565e-16 
1.90142e-16 
2.8379e-16 
-1.74164e-16 
4.81359e-16 
5.77365e-16 
-2.7925e-16 
1.20895e-15 
1.07458e-16 
1.71744e-15 
-3.25857e-16 
9.32631e-16 
2.54909e-16 
2.83654e-16 
-4.1613e-16 
-9.1752e-16 
9.21775e-16 
2.90742e-16 
-3.02899e-17 
1.61844e-16 
-2.3023e-16 
-4.45038e-16 
2.90715e-16 
7.59131e-16 
-2.1787e-16 
-8.74409e-17 
3.12521e-16 
5.62565e-17 
-1.08683e-15 
5.39282e-16 
-3.4292e-16 
1.97393e-16 
-4.23069e-16 
3.82886e-16 
-6.59425e-16 
-6.7726e-16 
-5.65954e-17 
1.867e-16 
-1.18788e-16 
-8.63296e-18 
5.12597e-16 
6.56932e-16 
1.02034e-15 
5.20485e-16 
-5.18303e-16 
6.4674e-16 
-2.72365e-16 
-1.59202e-16 
3.06504e-16 
5.42603e-16 
-3.56309e-16 
6.29163e-16 
5.08423e-16 
1.94384e-16 
2.07083e-17 
1.75302e-16 
8.22286e-16 
3.61202e-16 
4.35592e-16 
-8.55978e-17 
-3.02899e-17 
2.48743e-16 
2.33103e-18 
3.34002e-16 
1.93801e-17 
-5.03815e-16 
-2.93141e-16 
3.59061e-16 
-2.73504e-16 
-4.11794e-16 
2.24972e-18 
5.27708e-16 
5.76741e-16 
-2.82746e-16 
4.54891e-16 
2.6216e-16 
1.70084e-16 
4.41677e-16 
1.3501e-16 
-1.34821e-16 
-1.10223e-16 
-1.1353e-16 
9.30855e-16 
2.10335e-17 
5.76362e-16 
6.17345e-16 
-6.36562e-17 
4.13555e-16 
2.45477e-16 
2.89089e-16 
8.46626e-17 
7.11115e-16 
-2.24904e-16 
4.09923e-16 
-2.52822e-16 
2.83234e-16 
-1.23436e-16 
3.86193e-16 
1.17663e-16 
-2.06717e-16 
3.70472e-16 
2.23888e-16 
3.91356e-16 
-5.8364e-16 
-4.47233e-16 
6.21519e-16 
-3.15665e-16 
1.09098e-16 
8.54351e-17 
-3.2461e-16 
-1.41095e-16 
2.70576e-16 
3.98946e-16 
1.84856e-16 
-7.35441e-16 
-7.58942e-19 
3.31603e-16 
-1.36135e-16 
-1.60977e-16 
6.11056e-16 
-7.35089e-17 
-4.78946e-16 
-4.22717e-16 
1.27246e-15 
2.49326e-16 
6.52635e-16 
-3.92075e-16 
3.4006e-16 
3.81043e-16 
-8.31041e-17 
1.37206e-16 
-1.64758e-16 
-1.5561e-16 
8.82554e-16 
4.57655e-16 
2.33266e-16 
-4.80979e-17 
-9.15473e-17 
7.05057e-16 
-3.80962e-16 
-9.16964e-17 
1.95753e-16 
2.2817e-16 
3.76218e-16 
-6.31548e-18 
4.4127e-17 
-1.22461e-16 
-7.24518e-17 
7.19097e-17 
-1.00885e-16 
2.78396e-16 
-1.6263e-16 
-1.14654e-17 
-7.55418e-17 
-8.18573e-16 
4.11617e-16 
-7.98406e-16 
-4.83635e-16 
6.45371e-17 
-1.71548e-16 
3.747e-16 
-7.13134e-17 
3.18918e-16 
2.08329e-16 
2.65033e-16 
8.86606e-17 
5.44812e-17 
-1.52303e-16 
2.2199e-17 
-1.47831e-16 
-2.94632e-17 
1.45581e-16 
-1.2162e-16 
2.14943e-16 
-2.66172e-17 
-2.02177e-16 
1.6263e-17 
5.14996e-19 
4.25685e-16 
1.53171e-16 
-1.5065e-16 
2.72216e-16 
-3.75947e-16 
-1.33953e-16 
2.97912e-16 
2.33998e-16 
-1.26743e-16 
3.89229e-17 
3.20761e-16 
-2.20391e-16 
1.60841e-16 
4.37448e-16 
1.59947e-16 
6.79524e-17 
2.32805e-16 
-2.03017e-17 
-1.04869e-16 
2.63488e-16 
2.00876e-16 
1.32571e-16 
1.01102e-17 
-4.51299e-16 
-2.09522e-17 
-6.55942e-18 
1.53984e-16 
-1.3417e-17 
7.77915e-18 
-7.81439e-17 
-1.78297e-16 
1.26445e-16 
-2.67093e-16 
-7.07713e-17 
6.47811e-17 
-1.47831e-16 
-4.96022e-17 
2.90919e-16 
5.50233e-18 
1.78297e-16 
3.36157e-16 
-1.1891e-16 
-7.54334e-17 
-1.59649e-17 
-6.51063e-17 
5.55383e-17 
8.26975e-17 
-9.11272e-17 
8.63567e-17 
-2.12422e-16 
-1.48807e-17 
-9.80119e-17 
1.59107e-16 
6.41577e-17 
-1.38995e-16 
-6.28566e-17 
2.39473e-16 
1.84287e-16 
-5.15809e-17 
6.39679e-18 
2.53324e-16 
7.95262e-17 
-5.65954e-17 
-7.86047e-17 
-1.8632e-16 
2.05185e-16 
8.96093e-17 
-6.80879e-17 
5.82759e-17 
-2.94361e-16 
3.20382e-17 
5.25296e-17 
-5.13587e-16 
-3.5616e-17 
-7.24247e-17 
-9.83371e-17 
-1.14925e-17 
3.44776e-17 
4.15195e-16 
-1.97162e-16 
1.89519e-16 
-1.11673e-17 
-3.27375e-16 
-8.10441e-17 
8.09899e-17 
-7.172e-17 
1.20346e-16 
-9.21572e-17 
2.48282e-17 
6.17995e-18 
-6.36969e-17 
-7.80626e-17 
-4.03106e-16 
-1.50487e-16 
-7.78457e-17 
2.90891e-16 
6.02871e-16 
3.81964e-16 
-1.71683e-16 
-2.08655e-16 
-2.9165e-17 
5.31259e-17 
-2.62919e-17 
-2.77881e-16 
-4.63659e-16 
-5.35325e-16 
3.32254e-16 
-3.89229e-17 
5.44269e-17 
6.78168e-17 
-3.8294e-16 
2.09793e-17 
-6.05527e-17 
-2.47632e-16 
-2.52402e-16 
1.61709e-16 
6.64616e-17 
1.31243e-16 
-2.27682e-16 
4.46691e-17 
2.34676e-16 
-1.01915e-16 
-4.54877e-16 
-4.96348e-16 
-1.57101e-16 
1.23003e-16 
8.40257e-18 
-6.14309e-16 
-1.78948e-16 
-1.35634e-16 
1.81712e-16 
3.55727e-16 
4.2826e-18 
1.31731e-17 
1.62034e-16 
4.90222e-16 
-1.64148e-16 
-4.59919e-16 
-1.41434e-16 
6.83047e-18 
-9.55724e-17 
-7.42407e-16 
2.43403e-16 
3.24935e-16 
-4.49077e-16 
-1.98355e-16 
6.10352e-16 
2.19334e-16 
-4.95101e-16 
-2.70563e-16 
-2.71376e-16 
-6.13929e-16 
1.79164e-16 
-4.66207e-16 
-3.33663e-16 
8.50557e-17 
-3.54155e-16 
1.90277e-16 
-7.69946e-16 
6.00106e-17 
1.26852e-16 
8.06213e-16 
-3.76652e-16 
-1.96891e-16 
-3.28947e-16 
-1.05607e-15 
-3.3014e-16 
2.3538e-16 
-3.3632e-16 
-4.40457e-16 
2.26002e-16 
5.99889e-16 
-4.40078e-16 
-2.21828e-16 
-1.25713e-16 
7.3021e-17 
1.47939e-16 
-2.94795e-16 
-5.95552e-16 
-3.60389e-16 
-1.09992e-15 
-1.33465e-16 
-5.02094e-16 
-4.21484e-16 
-2.58094e-16 
3.63533e-16 
-2.95011e-16 
-3.17725e-16 
-6.25043e-16 
-5.5728e-17 
-6.05744e-16 
2.63407e-16 
-3.6787e-16 
-7.71844e-16 
-2.99348e-16 
-2.41127e-16 
-4.64418e-16 
-4.07606e-16 
-1.02224e-15 
-1.1505e-15 
-2.68015e-16 
-4.8247e-16 
-9.68789e-16 
2.92735e-17 
-7.96509e-16 
2.75767e-16 
-8.08598e-16 
-8.07785e-16 
-2.87259e-16 
-5.90673e-16 
2.19334e-16 
1.05168e-17 
-1.5374e-16 
6.28024e-16 
-4.02022e-16 
-1.73635e-16 
-1.00511e-15 
2.67798e-17 
5.84439e-16 
2.65521e-16 
-2.26544e-16 
-1.57806e-16 
7.42136e-17 
-4.98299e-16 
-7.03539e-16 
1.49078e-17 
-1.22303e-15 
7.49292e-16 
-3.63912e-16 
-1.19176e-15 
5.1093e-16 
9.69819e-16 
-7.31511e-16 
1.99981e-16 
1.16118e-16 
