0 
-0.0777189 
-0.228325 
-0.364734 
-0.478466 
-0.56245 
-0.611463 
-0.622458 
-1.21489 
-0.00753263 
-0.522534 
-0.432425 
-0.307897 
-0.164225 
-0.0103429 
0.144182 
0.289743 
0.417289 
0.51889 
0.588229 
0.620995 
0.61515 
0.571058 
0.491461 
0.381307 
0.247445 
0.0981978 
-0.0571545 
-0.208953 
-0.34776 
-0.464945 
-0.553222 
-0.607102 
-0.623236 
-0.60062 
-0.54066 
-0.447084 
-0.325711 
-0.184087 
-0.0310175 
0.123981 
0.271271 
0.401694 
0.507142 
0.581059 
0.618848 
0.61816 
0.579038 
0.503914 
0.397459 
0.266292 
0.118569 
-0.0365271 
-0.189352 
-0.330403 
-0.450912 
-0.543385 
-0.602073 
-0.623328 
-0.605826 
-0.550658 
-0.461252 
-0.343167 
-0.203747 
-0.0516578 
0.103643 
0.252499 
0.385657 
0.494836 
0.573248 
0.616019 
0.620489 
0.58638 
0.515812 
0.413174 
0.284847 
0.138809 
-0.0158595 
-0.169542 
-0.312683 
-0.436382 
-0.53295 
-0.596381 
-0.622733 
-0.610365 
-0.560049 
-0.474911 
-0.360245 
-0.223181 
-0.0722413 
0.0831905 
0.23345 
0.369195 
0.481984 
0.564807 
0.612512 
0.622135 
0.593076 
0.527142 
0.428434 
0.303087 
0.158896 
