0 
-0.306044 
-0.843201 
-1.17391 
-1.21721 
-0.962492 
-0.472122 
0.13384 
0.707033 
1.10712 
1.23614 
1.06252 
0.628751 
0.0410433 
-0.556713 
-1.01817 
-1.23034 
-1.14128 
-0.772796 
-0.215105 
0.395252 
0.908837 
1.19991 
1.1972 
0.901373 
0.384861 
-0.225879 
-0.781315 
-1.14546 
-1.22915 
-1.01191 
-0.546914 
0.051985 
0.638156 
1.06808 
1.23651 
1.10219 
0.69802 
0.122949 
-0.482224 
-0.969332 
-1.21911 
-1.17041 
-0.835156 
-0.295423 
0.31664 
0.851179 
1.17732 
1.21521 
0.955576 
0.461983 
