0 
-0.00312435 
-0.00936524 
-0.0155827 
-0.0217613 
-0.0278854 
-0.0339398 
-0.0399094 
-0.0457793 
-0.0515347 
-0.116236 
-0.0626451 
-0.138585 
-0.0731295 
-0.159141 
-0.0828833 
-0.177739 
-0.0918089 
-0.194273 
-0.0998172 
-0.208686 
-0.106828 
-0.109937 
-0.112772 
-0.115324 
-0.117588 
-0.119559 
-0.12123 
-0.122599 
-0.123661 
-0.124414 
-0.124856 
-0.124986 
-0.124803 
-0.124309 
-0.123504 
-0.12239 
-0.12097 
-0.119248 
-0.117228 
-0.114915 
-0.112315 
-0.109434 
-0.106279 
-0.102859 
-0.0991813 
-0.095256 
-0.0910926 
-0.0867016 
-0.0820938 
-0.0772809 
-0.0722748 
-0.067088 
-0.0617336 
-0.0562249 
-0.0505756 
-0.0447999 
-0.0389122 
-0.0329273 
-0.0268601 
-0.0207257 
-0.0145396 
-0.00831706 
-0.00207377 
0.00417471 
0.0104127 
0.0166248 
0.0227952 
0.0289087 
0.0349499 
0.0409038 
0.0467555 
0.0524902 
0.0580938 
0.0635522 
0.0688517 
0.0739791 
0.0789216 
0.0836669 
0.088203 
0.0925187 
0.0966031 
0.100446 
0.104038 
0.10737 
0.110433 
0.113221 
0.115725 
0.11794 
0.119861 
0.121482 
0.122799 
0.123809 
0.12451 
0.1249 
0.124977 
0.124742 
0.124195 
0.123338 
0.122173 
0.120702 
0.118929 
0.11686 
0.114498 
0.11185 
0.108922 
0.105722 
0.102258 
0.0985383 
0.0945723 
0.0903699 
0.0859417 
0.0812986 
0.0764523 
0.0714149 
0.0661991 
0.0608177 
0.0552844 
0.0496129 
0.0438173 
0.0379123 
0.0319125 
0.0258329 
0.0196888 
0.0134954 
0.0072683 
0.00102305 
-0.00522477 
-0.0114595 
-0.0176656 
-0.0238276 
-0.02993 
-0.0359576 
-0.0418953 
-0.0477283 
-0.053442 
-0.0590221 
-0.0644547 
-0.0697262 
-0.0748235 
-0.0797337 
-0.0844446 
-0.0889444 
-0.0932219 
-0.0972664 
-0.101068 
-0.104617 
-0.107904 
-0.110922 
-0.113662 
-0.116118 
-0.118284 
-0.120155 
-0.121725 
-0.12299 
-0.123949 
-0.124597 
-0.124934 
-0.124959 
-0.124672 
-0.124073 
-0.123164 
-0.121947 
-0.120425 
-0.118602 
-0.116483 
-0.114072 
-0.111377 
-0.108403 
-0.105158 
-0.10165 
-0.0978884 
-0.093882 
-0.0896408 
-0.0851757 
-0.0804976 
-0.0756183 
-0.0705501 
-0.0653054 
-0.0598976 
-0.05434 
-0.0486467 
-0.0428317 
-0.0369097 
-0.0308954 
-0.0248039 
-0.0186504 
-0.0124503 
-0.00621903 
2.7752e-05 
0.00627446 
0.0125055 
0.0187053 
0.0248583 
0.0309492 
0.0369627 
0.0428838 
0.0486978 
0.05439 
0.0599463 
0.0653528 
0.0705959 
0.0756625 
0.08054 
0.0852163 
0.0896795 
0.0939186 
0.0979229 
0.101682 
0.105188 
0.10843 
0.111402 
0.114095 
0.116503 
0.118619 
0.12044 
0.121959 
0.123173 
0.12408 
0.124676 
0.124961 
0.124933 
0.124593 
0.123942 
0.12298 
0.121712 
0.120139 
0.118266 
0.116098 
0.113639 
0.110896 
0.107876 
0.104586 
0.101035 
0.0972316 
0.0931849 
0.0889054 
0.0844036 
0.0796909 
0.074779 
0.0696802 
0.0644072 
0.0589732 
0.0533918 
0.047677 
0.041843 
0.0359044 
0.0298761 
0.0237731 
0.0176107 
0.0114043 
0.00516931 
-0.00107855 
-0.00732371 
-0.0135506 
-0.0197436 
-0.0258872 
-0.0319661 
-0.0379652 
-0.0438693 
-0.0496638 
-0.0553342 
-0.0608662 
-0.0662462 
-0.0714605 
-0.0764962 
-0.0813407 
-0.085982 
-0.0904083 
-0.0946086 
-0.0985725 
-0.10229 
-0.105752 
-0.108949 
-0.111874 
-0.11452 
-0.116879 
-0.118946 
-0.120716 
-0.122184 
-0.123347 
-0.124202 
-0.124746 
-0.124978 
-0.124898 
-0.124505 
-0.123802 
-0.122789 
-0.121469 
-0.119845 
-0.117922 
-0.115704 
-0.113197 
-0.110407 
-0.107341 
-0.104007 
-0.100413 
-0.0965679 
-0.0924814 
-0.0881637 
-0.0836256 
-0.0788786 
-0.0739344 
-0.0688054 
-0.0635044 
-0.0580446 
-0.0524398 
-0.046704 
-0.0408514 
-0.0348967 
-0.0288547 
-0.0227407 
-0.0165698 
-0.0103574 
-0.00411923 
0.00212927 
0.00837244 
0.0145947 
0.0207805 
0.0269143 
0.0329809 
0.038965 
0.0448517 
0.0506263 
0.0562744 
0.0617819 
0.0671349 
0.0723201 
0.0773245 
0.0821357 
0.0867416 
0.0911306 
0.0952919 
0.099215 
0.10289 
0.106308 
0.10946 
0.112339 
0.114937 
0.117247 
0.119265 
0.120984 
0.122401 
0.123512 
0.124315 
0.124806 
0.124986 
0.124853 
0.124409 
0.123653 
0.122588 
0.121217 
0.119543 
0.11757 
0.115303 
0.112748 
0.109911 
0.106799 
0.103421 
0.0997838 
0.0958974 
0.0917712 
0.0874157 
0.0828417 
0.0780607 
0.0730845 
0.0679257 
0.0625971 
0.057112 
0.0514842 
0.0457276 
0.0398568 
0.0338864 
0.0278313 
0.0217066 
0.0155276 
0.00930989 
0.00306886 
-0.00317984 
-0.00942058 
-0.0156378 
-0.0218159 
-0.0279395 
-0.0339932 
-0.039962 
-0.0458309 
-0.0515853 
-0.0572107 
-0.0626931 
-0.0680188 
-0.0731745 
-0.0781474 
-0.0829248 
-0.087495 
-0.0918466 
-0.0959685 
-0.0998506 
-0.103483 
-0.106857 
-0.109964 
-0.112796 
-0.115346 
-0.117607 
-0.119575 
-0.121244 
-0.12261 
-0.123669 
-0.124419 
-0.124858 
-0.124986 
-0.1248 
-0.124303 
-0.123495 
-0.122379 
-0.120956 
-0.119232 
-0.117209 
-0.114893 
-0.11229 
-0.109407 
-0.10625 
-0.102827 
-0.0991475 
-0.0952201 
-0.0910546 
-0.0866616 
-0.082052 
-0.0772373 
-0.0722295 
-0.0670412 
-0.0616853 
-0.0561753 
-0.0505248 
-0.0447481 
-0.0388595 
-0.0328738 
-0.0268059 
-0.020671 
-0.0144844 
-0.00826168 
-0.00201827 
0.00423018 
0.0104681 
0.0166798 
0.0228498 
0.0289627 
0.0350032 
0.0409563 
0.0468069 
0.0525406 
0.0581429 
0.0636 
0.068898 
0.0740238 
0.0789647 
0.0837081 
0.0882423 
0.092556 
0.0966383 
0.100479 
0.104069 
0.107398 
0.110459 
0.113244 
0.115746 
0.117959 
0.119877 
0.121495 
0.122809 
0.123817 
0.124515 
0.124902 
0.124976 
0.124739 
0.124189 
0.123329 
0.122161 
0.120687 
0.118912 
0.11684 
0.114475 
0.111825 
0.108895 
0.105693 
0.102226 
0.0985042 
0.094536 
0.0903316 
0.0859014 
0.0812564 
0.0764084 
0.0713694 
0.066152 
0.0607693 
0.0552346 
0.0495619 
0.0437654 
0.0378594 
0.0318588 
0.0257786 
0.0196339 
