0.025 
0.0492632 
0.072856 
0.0958534 
0.118318 
0.140306 
0.161864 
0.183025 
0.203809 
0.224225 
0.244267 
0.263917 
0.283147 
0.301919 
0.320186 
0.337892 
0.354981 
0.371389 
0.387051 
0.401901 
0.415877 
0.428914 
0.440956 
0.451947 
0.461837 
0.470582 
0.478145 
0.484491 
0.489595 
0.493437 
0.496002 
0.497282 
0.497274 
0.495978 
0.493403 
0.489558 
0.484458 
0.478123 
0.470573 
0.461833 
0.451932 
0.440899 
0.428767 
0.41557 
0.401345 
0.38613 
0.369967 
0.352896 
0.334963 
0.31621 
0.296687 
0.27644 
0.25552 
0.233976 
0.211863 
0.189232 
0.16614 
0.142641 
0.118793 
0.0946522 
0.0702796 
0.0457322 
0.0210725 
-0.00364157 
-0.0283464 
-0.0529837 
-0.0774896 
-0.101806 
-0.125869 
-0.149623 
-0.173004 
-0.195957 
-0.218422 
-0.240347 
-0.261673 
-0.282351 
-0.302328 
-0.321555 
-0.339985 
-0.357574 
-0.374277 
-0.390057 
-0.404871 
-0.418687 
-0.431467 
-0.443184 
-0.453805 
-0.463305 
-0.471658 
-0.478842 
-0.484837 
-0.489626 
-0.493193 
-0.495527 
-0.496617 
-0.496456 
-0.495041 
-0.492372 
-0.48845 
-0.483283 
-0.476879 
-0.469253 
-0.460421 
-0.450405 
-0.439229 
-0.426922 
-0.413517 
-0.399048 
-0.383556 
-0.367085 
-0.349677 
-0.331384 
-0.312256 
-0.292345 
-0.271707 
-0.2504 
-0.228479 
-0.206005 
-0.183036 
-0.159633 
-0.135856 
-0.111765 
-0.0874203 
-0.062883 
-0.0382107 
-0.0134656 
0.0112958 
0.036012 
0.0606274 
0.085081 
0.109318 
0.133279 
0.156909 
0.18015 
0.202948 
0.225247 
0.246995 
0.268135 
0.288619 
0.308394 
0.327411 
0.345622 
0.362982 
0.379444 
0.394969 
0.409514 
0.423044 
0.435523 
0.446919 
0.457202 
0.466345 
0.474325 
0.481122 
0.486718 
0.491098 
0.494251 
0.496171 
0.496852 
0.496293 
0.494497 
0.491468 
0.487215 
0.481751 
0.475089 
0.467248 
0.458248 
0.448113 
0.43687 
0.424547 
0.411175 
0.396789 
0.381424 
0.365118 
0.34791 
0.329843 
0.310958 
0.291302 
0.270919 
0.249858 
0.228166 
0.205897 
0.183098 
0.159826 
0.136132 
0.112075 
0.087709 
0.0630955 
0.0382905 
0.0133592 
-0.0116405 
-0.0366411 
-0.0615828 
-0.0863961 
-0.11102 
-0.135384 
-0.159428 
-0.18308 
-0.206281 
-0.228963 
-0.251066 
-0.272526 
-0.293288 
-0.31329 
-0.332484 
-0.350813 
-0.368233 
-0.384695 
-0.400162 
-0.414591 
-0.427952 
-0.44021 
-0.45134 
-0.461316 
-0.470119 
-0.477729 
-0.484135 
-0.489322 
-0.493285 
-0.496016 
-0.497513 
-0.497775 
-0.496805 
-0.494608 
-0.491191 
-0.486563 
-0.480737 
-0.473728 
-0.465553 
-0.456232 
-0.445788 
-0.434244 
-0.42163 
-0.407974 
-0.393311 
-0.377674 
-0.361104 
-0.343638 
-0.325321 
-0.306197 
-0.286313 
-0.265718 
-0.244464 
-0.222603 
-0.20019 
-0.177279 
-0.15393 
-0.130199 
-0.106147 
-0.0818328 
-0.0573194 
-0.0326651 
-0.00793532 
0.0168117 
0.04151 
0.0661016 
0.0905209 
0.114711 
0.138607 
0.162153 
0.185287 
0.207954 
0.230097 
0.251662 
0.272594 
0.292846 
0.312364 
0.331104 
0.349018 
0.366067 
0.382206 
0.3974 
0.41161 
0.424805 
0.43695 
0.448018 
0.457979 
0.466812 
0.474492 
0.480999 
0.486315 
0.490426 
0.493317 
0.49498 
0.495406 
0.494592 
0.492534 
0.489235 
0.4847 
0.478937 
0.471957 
0.463776 
0.454413 
0.44389 
0.432233 
0.419474 
0.405643 
0.39078 
0.374924 
0.358118 
0.340407 
0.321842 
0.302471 
0.282348 
0.261528 
0.240066 
0.218019 
0.195445 
0.172401 
0.148948 
0.125144 
0.101049 
0.0767202 
0.0522189 
0.0276026 
0.00293111 
-0.021738 
-0.0463453 
-0.0708338 
-0.0951448 
-0.119222 
-0.143006 
-0.166443 
-0.189475 
-0.212047 
-0.234104 
-0.255591 
-0.276457 
-0.296647 
-0.316113 
-0.334804 
-0.352673 
-0.369673 
-0.385762 
-0.400896 
-0.415036 
-0.428145 
-0.440189 
-0.451136 
-0.460955 
-0.469622 
-0.477113 
-0.483408 
-0.48849 
-0.492345 
-0.494963 
-0.496337 
-0.496463 
-0.495341 
-0.492975 
-0.48937 
-0.484537 
-0.478489 
-0.471243 
-0.462818 
-0.453237 
-0.442526 
-0.430714 
-0.417831 
-0.403911 
-0.388991 
-0.373109 
-0.356305 
-0.338622 
-0.320103 
-0.300793 
-0.280739 
-0.25999 
-0.238594 
-0.216602 
-0.194065 
-0.171035 
-0.147568 
-0.123716 
-0.0995358 
-0.0750843 
-0.0504195 
-0.0256001 
-0.000686737 
0.0242599 
0.0491772 
0.0740025 
0.0986717 
0.123121 
0.147285 
0.1711 
0.1945 
0.217423 
0.239804 
0.261581 
0.282695 
0.303087 
0.322699 
0.341479 
0.359375 
0.37634 
0.392328 
0.407299 
0.421215 
0.434042 
0.44575 
0.456312 
0.465706 
0.473911 
0.480913 
0.486699 
0.491259 
0.494587 
0.49668 
0.497537 
0.497161 
0.495555 
0.492728 
0.48869 
0.483452 
0.47703 
0.469438 
0.460699 
0.450833 
0.439864 
0.427819 
0.414727 
0.400618 
0.385528 
0.369492 
0.352548 
0.334736 
0.316101 
0.296686 
0.276539 
0.255708 
0.234244 
0.212199 
0.189628 
0.166584 
0.143127 
0.119311 
0.0951984 
0.0708455 
0.046316 
0.0216677 
-0.00303482 
-0.0277331 
-0.0523622 
-0.0768637 
-0.101173 
-0.125233 
-0.148979 
-0.172356 
-0.195302 
-0.217763 
-0.23968 
-0.261002 
-0.281674 
-0.301647 
-0.32087 
-0.339299 
-0.356886 
-0.373592 
-0.389373 
-0.404193 
-0.418015 
-0.430807 
-0.442534 
-0.45317 
-0.462685 
-0.471057 
-0.47826 
-0.484277 
-0.489088 
-0.49268 
-0.495038 
-0.496153 
-0.496017 
-0.494627 
-0.491981 
-0.488083 
-0.482936 
-0.476553 
-0.468943 
-0.460127 
-0.450122 
-0.438956 
-0.426655 
-0.413253 
-0.398783 
-0.383288 
-0.366809 
-0.349393 
-0.331086 
-0.311943 
-0.292014 
-0.271358 
-0.250028 
-0.228086 
-0.205587 
-0.182597 
-0.15917 
-0.135371 
-0.111258 
-0.0868939 
-0.0623364 
