0.0025 
0.00499782 
0.00749361 
0.00998752 
0.0124796 
0.0149701 
0.017459 
0.0199464 
0.0224323 
0.0249169 
0.0274001 
0.029882 
0.0323626 
0.0348419 
0.0373199 
0.0397967 
0.0422723 
0.0447465 
0.0472195 
0.0496912 
0.0521615 
0.0546305 
0.0570981 
0.0595643 
0.062029 
0.0644922 
0.0669539 
0.0694141 
0.0718726 
0.0743294 
0.0767846 
0.0792379 
0.0816895 
0.0841392 
0.086587 
0.0890328 
0.0914766 
0.0939183 
0.0963578 
0.0987952 
0.10123 
0.103663 
0.106094 
0.108522 
0.110947 
0.11337 
0.11579 
0.118208 
0.120623 
0.123035 
0.125444 
0.127851 
0.130254 
0.132655 
0.135052 
0.137446 
0.139837 
0.142225 
0.144609 
0.14699 
0.149367 
0.151741 
0.154111 
0.156478 
0.158841 
0.1612 
0.163555 
0.165907 
0.168254 
0.170598 
0.172937 
0.175272 
0.177603 
0.17993 
0.182253 
0.184571 
0.186884 
0.189193 
0.191498 
0.193798 
0.196093 
0.198384 
0.200669 
0.20295 
0.205226 
0.207497 
0.209763 
0.212023 
0.214279 
0.216529 
0.218774 
0.221014 
0.223248 
0.225477 
0.227701 
0.229919 
0.232131 
0.234337 
0.236538 
0.238733 
0.240922 
0.243105 
0.245282 
0.247453 
0.249618 
0.251777 
0.25393 
0.256077 
0.258217 
0.260351 
0.262478 
0.264599 
0.266713 
0.268821 
0.270922 
0.273016 
0.275104 
0.277185 
0.279259 
0.281326 
0.283386 
0.285439 
0.287485 
0.289524 
0.291556 
0.293581 
0.295598 
0.297608 
0.29961 
0.301605 
0.303593 
0.305573 
0.307545 
0.30951 
0.311467 
0.313417 
0.315358 
0.317292 
0.319218 
0.321136 
0.323046 
0.324948 
0.326841 
0.328727 
0.330605 
0.332474 
0.334335 
0.336187 
0.338032 
0.339867 
0.341695 
0.343514 
0.345324 
0.347126 
0.348919 
0.350703 
0.352478 
0.354245 
0.356003 
0.357752 
0.359492 
0.361223 
0.362946 
0.364659 
0.366363 
0.368057 
0.369743 
0.37142 
0.373087 
0.374744 
0.376393 
0.378032 
0.379662 
0.381282 
0.382892 
0.384493 
0.386085 
0.387667 
0.389239 
0.390801 
0.392354 
0.393897 
0.395429 
0.396953 
0.398466 
0.399969 
0.401462 
0.402945 
0.404419 
0.405882 
0.407334 
0.408777 
0.41021 
0.411632 
0.413044 
0.414445 
0.415837 
0.417217 
0.418588 
0.419948 
0.421297 
0.422636 
0.423964 
0.425282 
0.426589 
0.427886 
0.429172 
0.430447 
0.431711 
0.432965 
0.434207 
0.435439 
0.43666 
0.43787 
0.439069 
0.440257 
0.441434 
0.4426 
0.443755 
0.444899 
0.446032 
0.447154 
0.448264 
0.449364 
0.450452 
0.451528 
0.452594 
0.453648 
0.454691 
0.455723 
0.456743 
0.457751 
0.458749 
0.459734 
0.460709 
0.461672 
0.462623 
0.463563 
0.464491 
0.465407 
0.466312 
0.467205 
0.468087 
0.468957 
0.469815 
0.470661 
0.471496 
0.472319 
0.47313 
0.47393 
0.474717 
0.475493 
0.476256 
0.477008 
0.477748 
0.478476 
0.479192 
0.479896 
0.480588 
0.481268 
0.481937 
0.482593 
0.483237 
0.483869 
0.484488 
0.485096 
0.485692 
0.486275 
0.486847 
0.487406 
0.487953 
0.488488 
0.489011 
0.489521 
0.49002 
0.490506 
0.490979 
0.491441 
0.49189 
0.492327 
0.492752 
0.493165 
0.493565 
0.493953 
0.494328 
0.494691 
0.495042 
0.49538 
0.495707 
0.49602 
0.496322 
0.496611 
0.496887 
0.497151 
0.497403 
0.497643 
0.49787 
0.498084 
0.498286 
0.498476 
0.498653 
0.498818 
0.498971 
0.499111 
0.499238 
0.499353 
0.499456 
0.499546 
0.499623 
0.499689 
0.499741 
0.499782 
0.49981 
0.499825 
0.499828 
0.499818 
0.499796 
0.499762 
0.499715 
0.499655 
0.499583 
0.499499 
0.499402 
0.499293 
0.499171 
0.499037 
0.498891 
0.498732 
0.49856 
0.498376 
0.49818 
0.497971 
0.49775 
0.497517 
0.497271 
0.497012 
0.496742 
0.496458 
0.496163 
0.495855 
0.495535 
0.495202 
0.494857 
0.4945 
0.49413 
0.493748 
0.493354 
0.492948 
0.492529 
0.492098 
0.491654 
0.491199 
0.490731 
0.490251 
0.489758 
0.489254 
0.488737 
0.488208 
0.487667 
0.487114 
0.486549 
0.485971 
0.485381 
0.48478 
0.484166 
0.48354 
0.482902 
0.482252 
0.48159 
0.480916 
0.48023 
0.479532 
0.478822 
0.4781 
0.477366 
0.476621 
0.475863 
0.475094 
0.474313 
0.473519 
0.472715 
0.471898 
0.471069 
0.470229 
0.469377 
0.468514 
0.467639 
0.466752 
0.465853 
0.464943 
0.464021 
0.463088 
0.462143 
0.461186 
0.460218 
0.459239 
0.458248 
0.457246 
0.456232 
0.455207 
0.454171 
0.453123 
0.452064 
0.450994 
0.449912 
0.44882 
0.447716 
0.446601 
0.445475 
0.444337 
0.443189 
0.442029 
0.440859 
0.439678 
0.438485 
0.437282 
0.436068 
0.434842 
0.433606 
0.43236 
0.431102 
0.429834 
0.428555 
0.427265 
0.425965 
0.424654 
0.423332 
0.422 
0.420657 
0.419304 
0.417941 
0.416567 
0.415182 
0.413788 
0.412383 
0.410967 
0.409542 
0.408106 
0.40666 
0.405204 
0.403738 
0.402261 
0.400775 
0.399279 
0.397773 
0.396256 
0.39473 
0.393194 
0.391649 
0.390093 
0.388528 
0.386953 
0.385369 
0.383775 
0.382171 
0.380558 
0.378935 
0.377303 
0.375661 
0.37401 
0.37235 
0.37068 
0.369002 
0.367314 
0.365616 
0.36391 
0.362195 
0.36047 
0.358737 
0.356995 
0.355244 
0.353484 
0.351715 
0.349937 
0.348151 
0.346356 
0.344552 
0.342739 
0.340919 
0.339089 
0.337251 
0.335405 
0.333551 
0.331688 
0.329817 
0.327937 
0.32605 
0.324154 
0.32225 
0.320338 
0.318419 
0.316491 
0.314555 
0.312612 
0.31066 
0.308701 
0.306735 
0.30476 
0.302778 
0.300789 
0.298792 
0.296787 
0.294775 
0.292756 
0.290729 
0.288696 
0.286655 
0.284606 
0.282551 
0.280489 
0.27842 
0.276343 
0.27426 
0.27217 
0.270073 
0.26797 
0.26586 
0.263743 
0.26162 
0.25949 
0.257353 
0.25521 
0.253061 
0.250906 
0.248744 
0.246576 
0.244402 
0.242222 
0.240036 
0.237843 
0.235645 
0.233441 
0.231231 
0.229016 
0.226794 
0.224567 
0.222335 
0.220096 
0.217853 
0.215604 
0.213349 
0.21109 
0.208824 
0.206554 
0.204279 
0.201998 
0.199713 
0.197422 
0.195127 
0.192826 
0.190521 
0.188211 
0.185897 
0.183578 
0.181254 
0.178926 
0.176593 
0.174256 
0.171914 
0.169568 
0.167218 
0.164864 
0.162506 
0.160143 
0.157777 
0.155407 
0.153032 
0.150654 
0.148273 
0.145887 
0.143498 
0.141105 
0.138709 
0.13631 
0.133906 
0.1315 
0.12909 
0.126677 
0.124261 
0.121842 
0.11942 
0.116995 
0.114567 
0.112136 
0.109702 
0.107266 
0.104826 
0.102385 
0.0999404 
0.0974936 
0.0950444 
0.0925928 
0.0901389 
0.0876827 
0.0852244 
0.0827639 
0.0803014 
0.0778368 
0.0753704 
0.072902 
0.0704319 
0.06796 
0.0654864 
0.0630111 
0.0605343 
0.058056 
0.0555763 
0.0530951 
0.0506127 
0.048129 
0.0456441 
0.043158 
0.0406709 
0.0381828 
0.0356937 
0.0332038 
0.030713 
0.0282215 
0.0257293 
0.0232364 
0.0207429 
0.018249 
0.0157546 
0.0132598 
0.0107647 
0.00826932 
0.00577376 
0.00327805 
0.000782273 
-0.00171352 
-0.00420926 
-0.00670489 
-0.00920034 
-0.0116956 
-0.0141905 
-0.016685 
-0.0191791 
-0.0216728 
-0.0241659 
-0.0266583 
-0.0291501 
-0.0316412 
-0.0341315 
-0.0366209 
-0.0391093 
-0.0415968 
-0.0440833 
-0.0465686 
-0.0490528 
-0.0515357 
-0.0540173 
-0.0564976 
-0.0589764 
-0.0614538 
-0.0639296 
-0.0664038 
-0.0688763 
-0.0713472 
-0.0738162 
-0.0762833 
-0.0787486 
-0.0812119 
-0.0836731 
-0.0861322 
-0.0885892 
-0.0910439 
-0.0934964 
-0.0959465 
-0.0983942 
-0.100839 
-0.103282 
-0.105722 
-0.10816 
-0.110594 
-0.113026 
-0.115456 
-0.117882 
-0.120305 
-0.122725 
-0.125143 
-0.127557 
-0.129968 
-0.132375 
-0.134779 
-0.13718 
-0.139578 
-0.141972 
-0.144362 
-0.146749 
-0.149132 
-0.151511 
-0.153887 
-0.156259 
-0.158627 
-0.16099 
-0.16335 
-0.165706 
-0.168058 
-0.170405 
-0.172748 
-0.175087 
-0.177421 
-0.179751 
-0.182077 
-0.184398 
-0.186714 
-0.189025 
-0.191332 
-0.193634 
-0.195932 
-0.198224 
-0.200511 
-0.202794 
-0.205071 
-0.207343 
-0.20961 
-0.211872 
-0.214128 
-0.216379 
-0.218625 
-0.220865 
-0.2231 
-0.225329 
-0.227552 
-0.22977 
-0.231982 
-0.234188 
-0.236389 
-0.238583 
-0.240772 
-0.242954 
-0.24513 
-0.247301 
-0.249465 
-0.251623 
-0.253774 
-0.255919 
-0.258058 
-0.26019 
-0.262316 
-0.264436 
-0.266548 
-0.268654 
-0.270754 
-0.272846 
-0.274932 
-0.277011 
-0.279083 
-0.281148 
-0.283206 
-0.285257 
-0.2873 
-0.289337 
-0.291366 
-0.293388 
-0.295403 
-0.297411 
-0.299411 
-0.301403 
-0.303388 
-0.305365 
-0.307335 
-0.309297 
-0.311252 
-0.313198 
-0.315137 
-0.317068 
-0.318991 
-0.320906 
-0.322813 
-0.324712 
-0.326603 
-0.328486 
-0.33036 
-0.332226 
-0.334084 
-0.335934 
-0.337775 
-0.339608 
-0.341432 
-0.343248 
-0.345056 
-0.346854 
-0.348644 
-0.350426 
-0.352198 
-0.353962 
-0.355717 
-0.357463 
-0.3592 
-0.360929 
-0.362648 
-0.364358 
-0.366059 
-0.367751 
-0.369434 
-0.371107 
-0.372772 
-0.374427 
-0.376073 
-0.377709 
-0.379336 
-0.380953 
-0.382561 
-0.38416 
-0.385748 
-0.387328 
-0.388897 
-0.390457 
-0.392007 
-0.393548 
-0.395078 
-0.396599 
-0.39811 
-0.399611 
-0.401102 
-0.402582 
-0.404053 
-0.405514 
-0.406965 
-0.408405 
-0.409836 
-0.411256 
-0.412666 
-0.414066 
-0.415455 
-0.416834 
-0.418202 
-0.419561 
-0.420908 
-0.422245 
-0.423572 
-0.424888 
-0.426194 
-0.427489 
-0.428773 
-0.430046 
-0.431309 
-0.432561 
-0.433802 
-0.435033 
-0.436253 
-0.437461 
-0.438659 
-0.439846 
-0.441022 
-0.442187 
-0.443341 
-0.444484 
-0.445615 
-0.446736 
-0.447846 
-0.448944 
-0.450031 
-0.451107 
-0.452172 
-0.453225 
-0.454267 
-0.455298 
-0.456317 
-0.457325 
-0.458322 
-0.459307 
-0.460281 
-0.461243 
-0.462194 
-0.463133 
-0.464061 
-0.464977 
-0.465881 
-0.466774 
-0.467655 
-0.468525 
-0.469383 
-0.470229 
-0.471063 
-0.471886 
-0.472697 
-0.473496 
-0.474283 
-0.475059 
-0.475822 
-0.476574 
-0.477314 
-0.478041 
-0.478757 
-0.479461 
-0.480153 
-0.480833 
-0.481501 
-0.482157 
-0.482801 
-0.483433 
-0.484053 
-0.484661 
-0.485256 
-0.48584 
-0.486411 
-0.48697 
-0.487517 
-0.488052 
-0.488574 
-0.489085 
-0.489583 
-0.490069 
-0.490543 
-0.491004 
-0.491453 
-0.49189 
-0.492315 
-0.492727 
-0.493127 
-0.493515 
-0.49389 
-0.494253 
-0.494603 
-0.494942 
-0.495267 
-0.495581 
-0.495882 
-0.49617 
-0.496447 
-0.49671 
-0.496962 
-0.497201 
-0.497427 
-0.497641 
-0.497843 
-0.498032 
-0.498208 
-0.498373 
-0.498524 
-0.498663 
-0.49879 
-0.498904 
-0.499006 
-0.499095 
-0.499172 
-0.499236 
-0.499288 
-0.499327 
-0.499354 
-0.499368 
-0.49937 
-0.499359 
-0.499335 
-0.4993 
-0.499251 
-0.49919 
-0.499117 
-0.499031 
-0.498933 
-0.498822 
-0.498698 
-0.498562 
-0.498414 
-0.498253 
-0.498079 
-0.497894 
-0.497695 
-0.497484 
-0.497261 
-0.497025 
-0.496777 
-0.496516 
-0.496243 
-0.495957 
-0.495659 
-0.495348 
-0.495025 
-0.49469 
-0.494342 
-0.493982 
-0.493609 
-0.493224 
-0.492827 
-0.492417 
-0.491995 
-0.49156 
-0.491114 
-0.490655 
-0.490183 
-0.489699 
-0.489203 
-0.488695 
-0.488174 
-0.487641 
-0.487096 
-0.486539 
-0.485969 
-0.485388 
-0.484794 
-0.484188 
-0.483569 
-0.482939 
-0.482296 
-0.481642 
-0.480975 
-0.480296 
-0.479605 
-0.478902 
-0.478187 
-0.47746 
-0.476721 
-0.47597 
-0.475207 
-0.474432 
-0.473645 
-0.472847 
-0.472036 
-0.471214 
-0.470379 
-0.469533 
-0.468675 
-0.467806 
-0.466924 
-0.466031 
-0.465126 
-0.46421 
-0.463282 
-0.462342 
-0.46139 
-0.460427 
-0.459453 
-0.458467 
-0.457469 
-0.45646 
-0.455439 
-0.454407 
-0.453364 
-0.452309 
-0.451242 
-0.450165 
-0.449076 
-0.447976 
-0.446864 
-0.445742 
-0.444608 
-0.443463 
-0.442307 
-0.441139 
-0.439961 
-0.438772 
-0.437571 
-0.43636 
-0.435138 
-0.433904 
-0.43266 
-0.431405 
-0.430139 
-0.428862 
-0.427575 
-0.426277 
-0.424968 
-0.423648 
-0.422318 
-0.420977 
-0.419626 
-0.418264 
-0.416892 
-0.415509 
-0.414116 
-0.412712 
-0.411298 
-0.409874 
-0.408439 
-0.406994 
-0.405539 
-0.404074 
-0.402598 
-0.401113 
-0.399617 
-0.398112 
-0.396596 
-0.395071 
-0.393535 
-0.39199 
-0.390435 
-0.38887 
-0.387295 
-0.385711 
-0.384117 
-0.382513 
-0.3809 
-0.379277 
-0.377645 
-0.376003 
-0.374352 
-0.372691 
-0.371021 
-0.369342 
-0.367653 
-0.365956 
-0.364249 
-0.362533 
-0.360808 
-0.359074 
-0.357331 
-0.355579 
-0.353818 
-0.352048 
-0.350269 
-0.348482 
-0.346686 
-0.344881 
-0.343068 
-0.341246 
-0.339415 
-0.337576 
-0.335729 
-0.333873 
-0.332009 
-0.330136 
-0.328255 
-0.326366 
-0.324469 
-0.322564 
-0.320651 
-0.318729 
-0.3168 
-0.314863 
-0.312918 
-0.310965 
-0.309004 
-0.307036 
-0.30506 
-0.303076 
-0.301085 
-0.299086 
-0.297079 
-0.295066 
-0.293045 
-0.291016 
-0.288981 
-0.286938 
-0.284888 
-0.282831 
-0.280767 
-0.278695 
-0.276617 
-0.274532 
-0.27244 
-0.270342 
-0.268236 
-0.266124 
-0.264005 
-0.26188 
-0.259748 
-0.25761 
-0.255465 
-0.253314 
-0.251156 
-0.248992 
-0.246823 
-0.244646 
-0.242464 
-0.240276 
-0.238082 
-0.235882 
-0.233676 
-0.231464 
-0.229246 
-0.227023 
-0.224794 
-0.222559 
-0.220319 
-0.218074 
-0.215822 
-0.213566 
-0.211304 
-0.209037 
-0.206765 
-0.204488 
-0.202205 
-0.199918 
-0.197626 
-0.195328 
-0.193026 
-0.190719 
-0.188407 
-0.186091 
-0.18377 
-0.181444 
-0.179114 
-0.176779 
-0.17444 
-0.172097 
-0.169749 
-0.167398 
-0.165042 
-0.162681 
-0.160317 
-0.157949 
-0.155577 
-0.153201 
-0.150822 
-0.148438 
-0.146051 
-0.14366 
-0.141266 
-0.138868 
-0.136467 
-0.134062 
-0.131654 
-0.129243 
-0.126828 
-0.124411 
-0.12199 
-0.119566 
-0.117139 
-0.11471 
-0.112277 
-0.109842 
-0.107404 
-0.104963 
-0.10252 
-0.100074 
-0.097626 
-0.0951753 
-0.0927222 
-0.0902669 
-0.0878093 
-0.0853495 
-0.0828876 
-0.0804237 
-0.0779578 
-0.0754899 
-0.0730202 
-0.0705487 
-0.0680754 
-0.0656004 
-0.0631238 
-0.0606457 
-0.0581661 
-0.055685 
-0.0532025 
-0.0507187 
-0.0482337 
-0.0457475 
-0.0432602 
-0.0407717 
-0.0382823 
-0.035792 
-0.0333007 
-0.0308087 
-0.0283159 
-0.0258224 
-0.0233282 
-0.0208335 
-0.0183383 
-0.0158426 
-0.0133466 
-0.0108502 
-0.00835354 
-0.0058567 
-0.00335974 
-0.000862685 
0.00163437 
0.00413138 
0.00662827 
0.009125 
0.0116215 
0.0141177 
0.0166135 
0.0191089 
0.0216038 
0.0240982 
0.0265919 
0.029085 
0.0315774 
0.0340689 
0.0365596 
0.0390494 
0.0415382 
0.044026 
0.0465126 
0.0489981 
0.0514824 
0.0539654 
0.056447 
0.0589272 
0.0614059 
0.0638831 
0.0663587 
0.0688326 
0.0713048 
0.0737753 
0.0762438 
0.0787105 
0.0811752 
0.0836379 
0.0860984 
0.0885569 
0.0910131 
0.093467 
0.0959186 
0.0983678 
0.100815 
0.103259 
0.1057 
0.108139 
0.110576 
0.113009 
0.11544 
0.117868 
0.120293 
0.122715 
0.125133 
0.127549 
0.129962 
0.132371 
0.134777 
0.137179 
0.139579 
0.141974 
0.144366 
0.146755 
0.14914 
0.151521 
0.153898 
0.156272 
0.158641 
0.161007 
0.163369 
0.165726 
0.16808 
0.170429 
0.172774 
0.175114 
0.177451 
0.179783 
0.18211 
0.184433 
0.186751 
0.189064 
0.191373 
0.193677 
0.195976 
0.198271 
0.20056 
0.202844 
0.205124 
0.207398 
0.209667 
0.211931 
0.214189 
0.216442 
0.21869 
0.220932 
0.223169 
0.2254 
0.227625 
0.229845 
0.232059 
0.234268 
0.23647 
0.238667 
0.240857 
0.243042 
0.24522 
0.247393 
0.249559 
0.251719 
0.253873 
0.25602 
0.258161 
0.260295 
0.262423 
0.264545 
0.26666 
0.268768 
0.270869 
0.272964 
0.275052 
0.277133 
0.279207 
0.281274 
0.283334 
0.285387 
0.287433 
0.289472 
0.291503 
0.293527 
0.295544 
0.297554 
0.299556 
0.30155 
0.303537 
0.305517 
0.307489 
0.309453 
0.311409 
0.313358 
0.315298 
0.317231 
0.319156 
0.321073 
0.322982 
0.324883 
0.326776 
0.328661 
0.330537 
0.332405 
0.334265 
0.336117 
0.33796 
0.339795 
0.341621 
0.343438 
0.345248 
0.347048 
0.34884 
0.350623 
0.352397 
0.354163 
0.355919 
0.357667 
0.359406 
0.361136 
0.362857 
0.364568 
0.366271 
0.367965 
0.369649 
0.371324 
0.37299 
0.374646 
0.376293 
0.377931 
0.379559 
0.381178 
0.382787 
0.384387 
0.385977 
0.387558 
0.389128 
0.39069 
0.392241 
0.393782 
0.395314 
0.396836 
0.398348 
0.399849 
0.401341 
0.402823 
0.404295 
0.405757 
0.407208 
0.40865 
0.410081 
0.411502 
0.412913 
0.414313 
0.415703 
0.417083 
0.418452 
0.419811 
0.421159 
0.422497 
0.423824 
0.42514 
0.426446 
0.427742 
0.429026 
0.4303 
0.431563 
0.432816 
0.434057 
0.435288 
0.436508 
0.437717 
0.438915 
0.440102 
0.441278 
0.442443 
0.443597 
0.44474 
0.445872 
0.446992 
0.448102 
0.4492 
0.450287 
0.451363 
0.452427 
0.45348 
0.454522 
0.455553 
0.456572 
0.45758 
0.458576 
0.459561 
0.460534 
0.461496 
0.462447 
0.463385 
0.464313 
0.465228 
0.466132 
0.467025 
0.467905 
0.468774 
0.469632 
0.470477 
0.471311 
0.472133 
0.472943 
0.473742 
0.474528 
0.475303 
0.476066 
0.476817 
0.477556 
0.478283 
0.478998 
0.479701 
0.480393 
0.481072 
0.481739 
0.482394 
0.483037 
0.483669 
0.484288 
0.484894 
0.485489 
0.486072 
0.486642 
0.487201 
0.487747 
0.488281 
0.488803 
0.489312 
0.48981 
0.490295 
0.490768 
0.491229 
0.491677 
0.492113 
0.492537 
0.492948 
0.493348 
0.493735 
0.494109 
0.494471 
0.494821 
0.495159 
0.495484 
0.495797 
0.496097 
0.496385 
0.496661 
0.496924 
0.497175 
0.497413 
0.497639 
0.497853 
0.498054 
0.498243 
0.498419 
0.498583 
0.498734 
0.498873 
0.498999 
0.499113 
0.499215 
0.499304 
0.49938 
0.499445 
0.499496 
0.499535 
0.499562 
0.499576 
0.499578 
0.499567 
0.499544 
0.499509 
0.49946 
0.4994 
0.499327 
0.499241 
0.499143 
0.499033 
0.49891 
0.498775 
0.498627 
0.498467 
0.498294 
0.498109 
0.497911 
0.497701 
0.497479 
0.497244 
0.496997 
0.496737 
0.496465 
0.496181 
0.495884 
0.495575 
0.495253 
0.494919 
0.494573 
0.494215 
0.493844 
0.49346 
0.493065 
0.492657 
0.492237 
0.491804 
0.49136 
0.490903 
0.490433 
0.489952 
0.489458 
0.488952 
0.488434 
0.487904 
0.487362 
0.486807 
0.48624 
0.485661 
0.48507 
0.484467 
0.483852 
0.483225 
0.482586 
0.481934 
0.481271 
0.480595 
0.479908 
0.479209 
0.478497 
0.477774 
0.477039 
0.476292 
0.475533 
0.474762 
0.47398 
0.473185 
0.472379 
0.471561 
0.470731 
0.46989 
0.469036 
0.468172 
0.467295 
0.466407 
0.465507 
0.464595 
0.463672 
0.462737 
0.461791 
0.460834 
0.459864 
0.458884 
0.457891 
0.456888 
0.455873 
0.454847 
0.453809 
0.45276 
0.4517 
0.450628 
0.449546 
0.448452 
0.447346 
0.44623 
0.445103 
0.443964 
0.442815 
0.441654 
0.440482 
0.4393 
0.438106 
0.436902 
0.435686 
0.43446 
0.433223 
0.431975 
0.430716 
0.429447 
0.428167 
0.426876 
0.425574 
0.424262 
0.42294 
0.421606 
0.420263 
0.418909 
0.417544 
0.416169 
0.414783 
0.413388 
0.411982 
0.410565 
0.409139 
0.407702 
0.406255 
0.404798 
0.403331 
0.401853 
0.400366 
0.398869 
0.397361 
0.395844 
0.394317 
0.39278 
0.391234 
0.389677 
0.388111 
0.386535 
0.38495 
0.383355 
0.38175 
0.380136 
0.378512 
0.376879 
0.375237 
0.373585 
0.371924 
0.370253 
0.368573 
0.366884 
0.365186 
0.363479 
0.361763 
0.360038 
0.358303 
0.35656 
0.354808 
0.353047 
0.351277 
0.349498 
0.347711 
0.345915 
0.34411 
0.342297 
0.340475 
0.338645 
0.336806 
0.334959 
0.333103 
0.331239 
0.329367 
0.327487 
0.325598 
0.323701 
0.321796 
0.319883 
0.317962 
0.316034 
0.314097 
0.312152 
0.3102 
0.308239 
0.306272 
0.304296 
0.302313 
0.300322 
0.298324 
0.296318 
0.294305 
0.292284 
0.290256 
0.288221 
0.286179 
0.284129 
0.282072 
0.280009 
0.277938 
0.27586 
0.273776 
0.271684 
0.269586 
0.267481 
0.265369 
0.26325 
0.261125 
0.258994 
0.256856 
0.254711 
0.25256 
0.250403 
0.248239 
0.246069 
0.243893 
0.241711 
0.239523 
0.237329 
0.235128 
0.232922 
0.23071 
0.228493 
0.226269 
0.22404 
0.221805 
0.219564 
0.217318 
0.215067 
0.21281 
0.210548 
0.20828 
0.206008 
0.20373 
0.201446 
0.199158 
0.196865 
0.194567 
0.192264 
0.189956 
0.187643 
0.185325 
0.183003 
0.180677 
0.178345 
0.176009 
0.173669 
0.171324 
0.168975 
0.166622 
0.164264 
0.161903 
0.159537 
0.157167 
0.154793 
0.152415 
0.150034 
0.147648 
0.145259 
0.142866 
0.14047 
0.13807 
0.135666 
0.133259 
0.130849 
0.128435 
0.126018 
0.123598 
0.121174 
0.118748 
0.116318 
0.113886 
0.111451 
0.109012 
0.106571 
0.104128 
0.101681 
0.0992324 
0.0967809 
0.0943269 
0.0918705 
0.0894117 
0.0869507 
0.0844874 
0.0820219 
0.0795543 
0.0770847 
0.0746131 
0.0721396 
0.0696642 
0.067187 
0.0647081 
0.0622275 
0.0597452 
0.0572615 
0.0547762 
0.0522895 
0.0498014 
0.0473121 
0.0448215 
0.0423297 
0.0398368 
0.0373429 
0.034848 
0.0323521 
0.0298554 
0.0273579 
0.0248596 
0.0223607 
0.0198611 
0.017361 
0.0148605 
0.0123595 
0.00985809 
0.00735644 
0.00485454 
0.00235248 
-0.000149697 
-0.00265191 
-0.00515411 
-0.00765622 
-0.0101582 
-0.01266 
-0.0151615 
-0.0176626 
-0.0201634 
-0.0226637 
-0.0251635 
-0.0276626 
-0.0301612 
-0.032659 
-0.0351561 
-0.0376523 
-0.0401476 
-0.0426419 
-0.0451352 
-0.0476275 
-0.0501185 
-0.0526084 
-0.0550969 
-0.0575842 
-0.06007 
-0.0625543 
-0.0650371 
-0.0675183 
-0.0699979 
-0.0724757 
-0.0749518 
-0.077426 
-0.0798983 
-0.0823686 
-0.0848369 
-0.087303 
-0.0897671 
-0.0922288 
-0.0946884 
-0.0971455 
-0.0996003 
-0.102053 
-0.104502 
-0.106949 
-0.109394 
-0.111836 
-0.114275 
-0.116711 
-0.119144 
-0.121574 
-0.124002 
-0.126426 
-0.128847 
-0.131264 
-0.133679 
-0.13609 
-0.138498 
-0.140902 
-0.143303 
-0.1457 
-0.148094 
-0.150483 
-0.152869 
-0.155252 
-0.15763 
-0.160004 
-0.162375 
-0.164741 
-0.167103 
-0.169461 
-0.171815 
-0.174165 
-0.17651 
-0.178851 
-0.181187 
-0.183518 
-0.185845 
-0.188168 
-0.190485 
-0.192798 
-0.195106 
-0.197409 
-0.199708 
-0.202001 
-0.204289 
-0.206572 
-0.20885 
-0.211122 
-0.213389 
-0.215651 
-0.217908 
-0.220159 
-0.222404 
-0.224644 
-0.226878 
-0.229107 
-0.231329 
-0.233546 
-0.235757 
-0.237963 
-0.240162 
-0.242355 
-0.244542 
-0.246723 
-0.248897 
-0.251066 
-0.253228 
-0.255383 
-0.257533 
-0.259676 
-0.261812 
-0.263942 
-0.266065 
-0.268181 
-0.270291 
-0.272393 
-0.274489 
-0.276578 
-0.27866 
-0.280735 
-0.282803 
-0.284864 
-0.286918 
-0.288965 
-0.291004 
-0.293036 
-0.29506 
-0.297077 
-0.299087 
-0.301089 
-0.303084 
-0.305071 
-0.30705 
-0.309021 
-0.310985 
-0.312941 
-0.314889 
-0.316829 
-0.318761 
-0.320685 
-0.322601 
-0.324509 
-0.326409 
-0.328301 
-0.330184 
-0.332059 
-0.333925 
-0.335784 
-0.337633 
-0.339475 
-0.341308 
-0.343132 
-0.344947 
-0.346754 
-0.348552 
-0.350342 
-0.352122 
-0.353894 
-0.355657 
-0.357411 
-0.359156 
-0.360891 
-0.362618 
-0.364336 
-0.366044 
-0.367744 
-0.369434 
-0.371115 
-0.372786 
-0.374448 
-0.376101 
-0.377744 
-0.379378 
-0.381002 
-0.382617 
-0.384222 
-0.385817 
-0.387403 
-0.388979 
-0.390545 
-0.392101 
-0.393648 
-0.395184 
-0.396711 
-0.398228 
-0.399734 
-0.401231 
-0.402718 
-0.404194 
-0.405661 
-0.407117 
-0.408563 
-0.409999 
-0.411424 
-0.412839 
-0.414244 
-0.415638 
-0.417022 
-0.418396 
-0.419759 
-0.421111 
-0.422453 
-0.423784 
-0.425105 
-0.426415 
-0.427714 
-0.429003 
-0.43028 
-0.431547 
-0.432804 
-0.434049 
-0.435283 
-0.436507 
-0.43772 
-0.438921 
-0.440112 
-0.441292 
-0.44246 
-0.443618 
-0.444764 
-0.445899 
-0.447023 
-0.448136 
-0.449237 
-0.450328 
-0.451407 
-0.452475 
-0.453531 
-0.454576 
-0.45561 
-0.456632 
-0.457643 
-0.458642 
-0.45963 
-0.460607 
-0.461571 
-0.462525 
-0.463466 
-0.464397 
-0.465315 
-0.466222 
-0.467117 
-0.468001 
-0.468872 
-0.469732 
-0.470581 
-0.471417 
-0.472242 
-0.473055 
-0.473856 
-0.474645 
-0.475423 
-0.476188 
-0.476941 
-0.477683 
-0.478413 
-0.47913 
-0.479836 
-0.48053 
-0.481212 
-0.481881 
-0.482539 
-0.483184 
-0.483818 
-0.484439 
-0.485049 
-0.485646 
-0.486231 
-0.486804 
-0.487364 
-0.487913 
-0.488449 
-0.488973 
-0.489485 
-0.489985 
-0.490472 
-0.490947 
-0.49141 
-0.491861 
-0.492299 
-0.492725 
-0.493139 
-0.49354 
-0.493929 
-0.494306 
-0.49467 
-0.495022 
-0.495362 
-0.495689 
-0.496004 
-0.496306 
-0.496596 
-0.496874 
-0.497139 
-0.497392 
-0.497632 
-0.49786 
-0.498076 
-0.498279 
-0.49847 
-0.498648 
-0.498814 
-0.498967 
-0.499108 
-0.499236 
-0.499352 
-0.499456 
-0.499547 
-0.499625 
-0.499691 
-0.499745 
-0.499786 
-0.499814 
-0.49983 
-0.499834 
-0.499825 
-0.499804 
-0.49977 
-0.499724 
-0.499665 
-0.499594 
-0.49951 
-0.499414 
-0.499305 
-0.499184 
-0.49905 
-0.498904 
-0.498746 
-0.498575 
-0.498392 
-0.498196 
-0.497987 
-0.497767 
-0.497534 
-0.497288 
-0.49703 
-0.49676 
-0.496477 
-0.496182 
-0.495874 
-0.495554 
-0.495222 
-0.494877 
-0.49452 
-0.494151 
-0.493769 
-0.493375 
-0.492969 
-0.49255 
-0.492119 
-0.491676 
-0.491221 
-0.490753 
-0.490273 
-0.48978 
-0.489276 
-0.488759 
-0.48823 
-0.487689 
-0.487136 
-0.486571 
-0.485993 
-0.485403 
-0.484802 
-0.484188 
-0.483562 
-0.482924 
-0.482273 
-0.481611 
-0.480937 
-0.480251 
-0.479553 
-0.478843 
-0.47812 
-0.477386 
-0.47664 
-0.475883 
-0.475113 
-0.474331 
-0.473538 
-0.472733 
-0.471915 
-0.471087 
-0.470246 
-0.469394 
-0.46853 
-0.467654 
-0.466766 
-0.465867 
-0.464957 
-0.464034 
-0.4631 
-0.462155 
-0.461198 
-0.460229 
-0.459249 
-0.458258 
-0.457255 
-0.456241 
-0.455215 
-0.454178 
-0.45313 
-0.45207 
-0.450999 
-0.449917 
-0.448823 
-0.447718 
-0.446602 
-0.445475 
-0.444337 
-0.443188 
-0.442028 
-0.440856 
-0.439674 
-0.438481 
-0.437276 
-0.436061 
-0.434835 
-0.433598 
-0.43235 
-0.431092 
-0.429823 
-0.428543 
-0.427252 
-0.42595 
-0.424638 
-0.423316 
-0.421983 
-0.420639 
-0.419285 
-0.41792 
-0.416545 
-0.415159 
-0.413763 
-0.412357 
-0.41094 
-0.409514 
-0.408077 
-0.406629 
-0.405172 
-0.403705 
-0.402227 
-0.40074 
-0.399242 
-0.397734 
-0.396217 
-0.39469 
-0.393152 
-0.391605 
-0.390049 
-0.388482 
-0.386906 
-0.38532 
-0.383724 
-0.382119 
-0.380505 
-0.37888 
-0.377247 
-0.375604 
-0.373951 
-0.37229 
-0.370619 
-0.368938 
-0.367249 
-0.36555 
-0.363843 
-0.362126 
-0.3604 
-0.358665 
-0.356921 
-0.355168 
-0.353407 
-0.351636 
-0.349857 
-0.348069 
-0.346273 
-0.344467 
-0.342653 
-0.340831 
-0.339 
-0.337161 
-0.335313 
-0.333457 
-0.331592 
-0.32972 
-0.327839 
-0.325949 
-0.324052 
-0.322147 
-0.320233 
-0.318312 
-0.316382 
-0.314445 
-0.3125 
-0.310547 
-0.308587 
-0.306618 
-0.304642 
-0.302659 
-0.300667 
-0.298669 
-0.296663 
-0.294649 
-0.292628 
-0.2906 
-0.288565 
-0.286522 
-0.284472 
-0.282415 
-0.280351 
-0.278281 
-0.276203 
-0.274118 
-0.272026 
-0.269928 
-0.267823 
-0.265711 
-0.263593 
-0.261468 
-0.259336 
-0.257198 
-0.255054 
-0.252903 
-0.250746 
-0.248583 
-0.246413 
-0.244238 
-0.242056 
-0.239868 
-0.237674 
-0.235475 
-0.233269 
-0.231058 
-0.228841 
-0.226618 
-0.224389 
-0.222155 
-0.219915 
-0.21767 
-0.21542 
-0.213164 
-0.210903 
-0.208636 
-0.206364 
-0.204088 
-0.201806 
-0.199519 
-0.197227 
-0.19493 
-0.192628 
-0.190322 
-0.18801 
-0.185695 
-0.183374 
-0.181049 
-0.178719 
-0.176385 
-0.174047 
-0.171704 
-0.169357 
-0.167005 
-0.16465 
-0.16229 
-0.159927 
-0.157559 
-0.155188 
-0.152812 
-0.150433 
-0.14805 
-0.145663 
-0.143273 
-0.140879 
-0.138482 
-0.136081 
-0.133677 
-0.13127 
-0.128859 
-0.126445 
-0.124028 
-0.121608 
-0.119184 
-0.116758 
-0.114329 
-0.111897 
-0.109462 
-0.107025 
-0.104585 
-0.102142 
-0.0996971 
-0.0972494 
-0.0947993 
-0.0923468 
-0.089892 
-0.087435 
-0.0849759 
-0.0825146 
-0.0800513 
-0.077586 
-0.0751188 
-0.0726497 
-0.0701788 
-0.0677062 
-0.0652319 
-0.062756 
-0.0602786 
-0.0577996 
-0.0553193 
-0.0528375 
-0.0503545 
-0.0478702 
-0.0453848 
-0.0428982 
-0.0404105 
-0.0379219 
-0.0354324 
-0.0329419 
-0.0304507 
-0.0279588 
-0.0254661 
-0.0229728 
-0.020479 
-0.0179847 
-0.01549 
-0.0129948 
-0.0104994 
-0.00800375 
-0.00550791 
-0.00301194 
-0.000515924 
0.00198009 
0.00447603 
0.00697185 
0.00946747 
0.0119628 
0.0144579 
0.0169525 
0.0194468 
0.0219405 
0.0244336 
0.0269261 
0.0294179 
0.031909 
0.0343993 
0.0368886 
0.039377 
0.0418645 
0.0443508 
0.046836 
0.0493201 
0.0518029 
0.0542843 
0.0567644 
0.059243 
0.0617202 
0.0641958 
0.0666697 
0.069142 
0.0716125 
0.0740812 
0.076548 
0.0790129 
0.0814758 
0.0839367 
0.0863954 
0.0888519 
0.0913062 
0.0937582 
0.0962078 
0.098655 
0.1011 
0.103542 
0.105981 
0.108418 
0.110853 
0.113284 
0.115712 
0.118138 
0.120561 
0.12298 
0.125397 
0.12781 
0.13022 
0.132627 
0.13503 
0.137431 
0.139827 
0.14222 
0.14461 
0.146996 
0.149378 
0.151757 
0.154131 
0.156502 
0.158869 
0.161232 
0.163591 
0.165945 
0.168296 
0.170642 
0.172984 
0.175322 
0.177655 
0.179984 
0.182308 
0.184628 
0.186943 
0.189253 
0.191559 
0.19386 
0.196156 
0.198447 
0.200733 
0.203014 
0.20529 
0.207561 
0.209827 
0.212087 
0.214342 
0.216592 
0.218836 
0.221075 
0.223308 
0.225535 
0.227757 
0.229974 
0.232184 
0.234389 
0.236588 
0.23878 
0.240967 
0.243148 
0.245323 
0.247491 
0.249654 
0.25181 
0.25396 
0.256103 
0.258241 
0.260371 
0.262495 
0.264613 
0.266724 
0.268828 
0.270925 
0.273016 
0.2751 
0.277177 
0.279247 
0.28131 
0.283366 
0.285415 
0.287457 
0.289492 
0.291519 
0.293539 
0.295552 
0.297558 
0.299555 
0.301546 
0.303529 
0.305504 
0.307472 
0.309432 
0.311384 
0.313329 
0.315265 
0.317194 
0.319115 
0.321028 
0.322933 
0.324829 
0.326718 
0.328599 
0.330471 
0.332335 
0.334191 
0.336038 
0.337877 
0.339708 
0.34153 
0.343343 
0.345148 
0.346945 
0.348732 
0.350511 
0.352282 
0.354043 
0.355796 
0.35754 
0.359274 
0.361 
0.362717 
0.364425 
0.366123 
0.367813 
0.369493 
0.371165 
0.372826 
0.374479 
0.376122 
0.377756 
0.379381 
0.380995 
0.382601 
0.384197 
0.385783 
0.38736 
0.388927 
0.390484 
0.392032 
0.39357 
0.395098 
0.396616 
0.398124 
0.399622 
0.401111 
0.402589 
0.404057 
0.405516 
0.406964 
0.408402 
0.40983 
0.411247 
0.412654 
0.414051 
0.415438 
0.416815 
0.41818 
0.419536 
0.420881 
0.422216 
0.42354 
0.424853 
0.426156 
0.427448 
0.42873 
0.430001 
0.431261 
0.43251 
0.433749 
0.434977 
0.436194 
0.4374 
0.438595 
0.439779 
0.440953 
0.442115 
0.443266 
0.444407 
0.445536 
0.446654 
0.447761 
0.448856 
0.449941 
0.451014 
0.452076 
0.453127 
0.454167 
0.455195 
0.456212 
0.457217 
0.458211 
0.459194 
0.460165 
0.461125 
0.462073 
0.46301 
0.463935 
0.464848 
0.46575 
0.466641 
0.467519 
0.468386 
0.469242 
0.470085 
0.470917 
0.471737 
0.472546 
0.473342 
0.474127 
0.4749 
0.475661 
0.476411 
0.477148 
0.477873 
0.478587 
0.479289 
0.479978 
0.480656 
0.481322 
0.481975 
0.482617 
0.483246 
0.483864 
0.484469 
0.485063 
0.485644 
0.486213 
0.48677 
0.487315 
0.487847 
0.488368 
0.488876 
0.489372 
0.489856 
0.490327 
0.490787 
0.491234 
0.491669 
0.492091 
0.492501 
0.492899 
0.493285 
0.493658 
0.494019 
0.494368 
0.494704 
0.495028 
0.495339 
0.495639 
0.495925 
0.4962 
0.496462 
0.496711 
0.496948 
0.497173 
0.497385 
0.497585 
0.497772 
0.497947 
0.49811 
0.49826 
0.498397 
0.498523 
0.498635 
0.498735 
0.498823 
0.498898 
0.498961 
0.499011 
0.499049 
0.499074 
0.499087 
0.499087 
0.499075 
0.49905 
0.499013 
0.498963 
0.498901 
0.498827 
0.498739 
0.49864 
0.498528 
0.498403 
0.498266 
0.498116 
0.497954 
0.49778 
0.497593 
0.497394 
0.497182 
0.496957 
0.496721 
0.496471 
0.49621 
0.495936 
0.495649 
0.49535 
0.495039 
0.494715 
0.494379 
0.49403 
0.493669 
0.493296 
0.49291 
0.492512 
0.492102 
0.491679 
0.491244 
0.490797 
0.490337 
0.489866 
0.489381 
0.488885 
0.488376 
0.487855 
0.487322 
0.486777 
0.486219 
0.485649 
0.485067 
0.484473 
0.483867 
0.483248 
0.482618 
0.481975 
0.481321 
0.480654 
0.479975 
0.479284 
0.478581 
0.477866 
0.477139 
0.476401 
0.47565 
0.474887 
0.474112 
0.473326 
0.472527 
0.471717 
0.470895 
0.470061 
0.469215 
0.468358 
0.467489 
0.466608 
0.465715 
0.464811 
0.463895 
0.462967 
0.462028 
0.461077 
0.460115 
0.459141 
0.458156 
0.457159 
0.45615 
0.45513 
0.454099 
0.453057 
0.452003 
0.450937 
0.449861 
0.448773 
0.447673 
0.446563 
0.445441 
0.444309 
0.443165 
0.44201 
0.440844 
0.439666 
0.438478 
0.437279 
0.436069 
0.434848 
0.433616 
0.432373 
0.431119 
0.429855 
0.42858 
0.427293 
0.425997 
0.424689 
0.423371 
0.422043 
0.420703 
0.419354 
0.417993 
0.416623 
0.415241 
0.41385 
0.412448 
0.411035 
0.409613 
0.40818 
0.406737 
0.405283 
0.40382 
0.402346 
0.400863 
0.399369 
0.397865 
0.396352 
0.394828 
0.393295 
0.391751 
0.390198 
0.388635 
0.387063 
0.38548 
0.383889 
0.382287 
0.380676 
0.379055 
0.377425 
0.375785 
0.374136 
0.372478 
0.37081 
0.369133 
0.367447 
0.365752 
0.364047 
0.362334 
0.360611 
0.358879 
0.357138 
0.355389 
0.35363 
0.351863 
0.350087 
0.348302 
0.346508 
0.344706 
0.342895 
0.341076 
0.339248 
0.337411 
0.335566 
0.333713 
0.331851 
0.329981 
0.328103 
0.326217 
0.324322 
0.32242 
0.320509 
0.318591 
0.316664 
0.314729 
0.312787 
0.310837 
0.308879 
0.306913 
0.30494 
0.302959 
0.30097 
0.298974 
0.296971 
0.29496 
0.292942 
0.290916 
0.288883 
0.286843 
0.284796 
0.282742 
0.280681 
0.278612 
0.276537 
0.274455 
0.272366 
0.27027 
0.268168 
0.266058 
0.263943 
0.26182 
0.259691 
0.257556 
0.255414 
0.253266 
0.251111 
0.24895 
0.246783 
0.24461 
0.242431 
0.240246 
0.238055 
0.235857 
0.233654 
0.231445 
0.229231 
0.22701 
0.224784 
0.222553 
0.220316 
0.218073 
0.215825 
0.213572 
0.211313 
0.209049 
0.20678 
0.204505 
0.202226 
0.199941 
0.197652 
0.195358 
0.193058 
0.190754 
0.188446 
0.186132 
0.183814 
0.181491 
0.179164 
0.176832 
0.174496 
0.172156 
0.169811 
0.167462 
0.165109 
0.162752 
0.160391 
0.158026 
0.155657 
0.153284 
0.150907 
0.148526 
0.146142 
0.143754 
0.141363 
0.138968 
0.136569 
0.134168 
0.131762 
0.129354 
0.126942 
0.124528 
0.12211 
0.119689 
0.117265 
0.114838 
0.112408 
0.109976 
0.107541 
0.105103 
0.102662 
0.100219 
0.0977737 
0.0953258 
0.0928755 
0.0904228 
0.0879679 
0.0855109 
0.0830517 
0.0805904 
0.0781272 
0.075662 
0.0731949 
0.070726 
0.0682553 
0.065783 
0.063309 
0.0608334 
0.0583564 
0.0558778 
0.0533979 
0.0509167 
0.0484342 
0.0459505 
0.0434657 
0.0409797 
0.0384928 
0.0360049 
0.0335161 
0.0310265 
0.0285361 
0.026045 
0.0235532 
0.0210609 
0.018568 
0.0160747 
0.013581 
0.0110869 
0.0085926 
0.00609805 
0.00360336 
0.00110857 
-0.00138624 
-0.00388102 
-0.0063757 
-0.00887022 
-0.0113645 
-0.0138585 
-0.0163522 
-0.0188455 
-0.0213383 
-0.0238305 
-0.0263222 
-0.0288132 
-0.0313035 
-0.0337931 
-0.0362817 
-0.0387695 
-0.0412563 
-0.0437421 
-0.0462268 
-0.0487104 
-0.0511927 
-0.0536738 
-0.0561535 
-0.0586319 
-0.0611087 
-0.0635841 
-0.0660579 
-0.06853 
-0.0710004 
-0.0734691 
-0.0759359 
-0.0784009 
-0.0808638 
-0.0833248 
-0.0857837 
-0.0882405 
-0.0906951 
-0.0931474 
-0.0955974 
-0.098045 
-0.10049 
-0.102933 
-0.105373 
-0.107811 
-0.110245 
-0.112677 
-0.115107 
-0.117533 
-0.119957 
-0.122377 
-0.124795 
-0.127209 
-0.12962 
-0.132028 
-0.134433 
-0.136834 
-0.139232 
-0.141626 
-0.144017 
-0.146405 
-0.148788 
-0.151168 
-0.153544 
-0.155917 
-0.158285 
-0.16065 
-0.16301 
-0.165367 
-0.167719 
-0.170068 
-0.172412 
-0.174751 
-0.177087 
-0.179417 
-0.181744 
-0.184066 
-0.186383 
-0.188696 
-0.191004 
-0.193307 
-0.195605 
-0.197899 
-0.200188 
-0.202471 
-0.20475 
-0.207023 
-0.209292 
-0.211555 
-0.213813 
-0.216065 
-0.218312 
-0.220554 
-0.22279 
-0.225021 
-0.227246 
-0.229465 
-0.231679 
-0.233887 
-0.236089 
-0.238285 
-0.240475 
-0.242659 
-0.244837 
-0.247009 
-0.249175 
-0.251335 
-0.253488 
-0.255635 
-0.257776 
-0.25991 
-0.262038 
-0.264159 
-0.266274 
-0.268382 
-0.270484 
-0.272578 
-0.274666 
-0.276747 
-0.278821 
-0.280888 
-0.282948 
-0.285001 
-0.287047 
-0.289086 
-0.291117 
-0.293142 
-0.295159 
-0.297168 
-0.29917 
-0.301165 
-0.303152 
-0.305132 
-0.307104 
-0.309068 
-0.311025 
-0.312974 
-0.314915 
-0.316848 
-0.318774 
-0.320691 
-0.3226 
-0.324502 
-0.326395 
-0.32828 
-0.330157 
-0.332025 
-0.333886 
-0.335738 
-0.337581 
-0.339417 
-0.341243 
-0.343062 
-0.344871 
-0.346672 
-0.348465 
-0.350248 
-0.352023 
-0.35379 
-0.355547 
-0.357295 
-0.359035 
-0.360765 
-0.362487 
-0.364199 
-0.365903 
-0.367597 
-0.369282 
-0.370958 
-0.372625 
-0.374282 
-0.37593 
-0.377569 
-0.379198 
-0.380817 
-0.382427 
-0.384028 
-0.385619 
-0.387201 
-0.388772 
-0.390334 
-0.391887 
-0.393429 
-0.394962 
-0.396484 
-0.397997 
-0.3995 
-0.400993 
-0.402476 
-0.403949 
-0.405412 
-0.406864 
-0.408307 
-0.409739 
-0.411161 
-0.412573 
-0.413975 
-0.415366 
-0.416747 
-0.418117 
-0.419477 
-0.420826 
-0.422165 
-0.423494 
-0.424811 
-0.426119 
-0.427415 
-0.428701 
-0.429976 
-0.431241 
-0.432494 
-0.433737 
-0.434969 
-0.43619 
-0.4374 
-0.4386 
-0.439788 
-0.440965 
-0.442132 
-0.443287 
-0.444431 
-0.445564 
-0.446686 
-0.447797 
-0.448897 
-0.449985 
-0.451062 
-0.452128 
-0.453182 
-0.454226 
-0.455258 
-0.456278 
-0.457287 
-0.458285 
-0.459271 
-0.460246 
-0.461209 
-0.462161 
-0.463101 
-0.46403 
-0.464947 
-0.465852 
-0.466746 
-0.467628 
-0.468498 
-0.469357 
-0.470204 
-0.471039 
-0.471862 
-0.472674 
-0.473474 
-0.474262 
-0.475038 
-0.475802 
-0.476554 
-0.477295 
-0.478023 
-0.47874 
-0.479444 
-0.480137 
-0.480817 
-0.481486 
-0.482143 
-0.482787 
-0.483419 
-0.48404 
-0.484648 
-0.485244 
-0.485828 
-0.4864 
-0.48696 
-0.487507 
-0.488042 
-0.488565 
-0.489076 
-0.489575 
-0.490061 
-0.490536 
-0.490998 
-0.491447 
-0.491885 
-0.49231 
-0.492722 
-0.493123 
-0.493511 
-0.493887 
-0.49425 
-0.494601 
-0.49494 
-0.495266 
-0.49558 
-0.495882 
-0.496171 
-0.496447 
-0.496712 
-0.496964 
-0.497203 
-0.49743 
-0.497645 
-0.497847 
-0.498037 
-0.498214 
-0.498379 
-0.498531 
-0.498671 
-0.498798 
-0.498913 
-0.499016 
-0.499106 
-0.499183 
-0.499249 
-0.499301 
-0.499341 
-0.499369 
-0.499384 
-0.499387 
-0.499377 
-0.499354 
-0.49932 
-0.499272 
-0.499213 
-0.49914 
-0.499056 
-0.498958 
-0.498849 
-0.498726 
-0.498592 
-0.498445 
-0.498285 
-0.498113 
-0.497929 
-0.497732 
-0.497523 
-0.497301 
-0.497067 
-0.49682 
-0.496561 
-0.496289 
-0.496006 
-0.495709 
-0.495401 
-0.49508 
-0.494746 
-0.4944 
-0.494042 
-0.493672 
-0.493289 
-0.492894 
-0.492486 
-0.492067 
-0.491635 
-0.49119 
-0.490734 
-0.490265 
-0.489784 
-0.48929 
-0.488785 
-0.488267 
-0.487737 
-0.487195 
-0.48664 
-0.486074 
-0.485495 
-0.484904 
-0.484301 
-0.483686 
-0.483059 
-0.48242 
-0.481769 
-0.481106 
-0.48043 
-0.479743 
-0.479044 
-0.478333 
-0.477609 
-0.476874 
-0.476127 
-0.475368 
-0.474598 
-0.473815 
-0.47302 
-0.472214 
-0.471396 
-0.470566 
-0.469725 
-0.468871 
-0.468006 
-0.467129 
-0.466241 
-0.465341 
-0.464429 
-0.463506 
-0.462571 
-0.461625 
-0.460667 
-0.459698 
-0.458717 
-0.457724 
-0.45672 
-0.455705 
-0.454679 
-0.453641 
-0.452592 
-0.451531 
-0.450459 
-0.449376 
-0.448282 
-0.447176 
-0.44606 
-0.444932 
-0.443793 
-0.442643 
-0.441482 
-0.44031 
-0.439127 
-0.437933 
-0.436728 
-0.435513 
-0.434286 
-0.433048 
-0.4318 
-0.430541 
-0.429271 
-0.427991 
-0.426699 
-0.425397 
-0.424085 
-0.422762 
-0.421428 
-0.420084 
-0.418729 
-0.417364 
-0.415989 
-0.414603 
-0.413207 
-0.4118 
-0.410383 
-0.408956 
-0.407519 
-0.406071 
-0.404614 
-0.403146 
-0.401668 
-0.400181 
-0.398683 
-0.397175 
-0.395658 
-0.39413 
-0.392593 
-0.391046 
-0.389489 
-0.387922 
-0.386346 
-0.38476 
-0.383164 
-0.381559 
-0.379945 
-0.378321 
-0.376687 
-0.375044 
-0.373392 
-0.37173 
-0.370059 
-0.368379 
-0.36669 
-0.364991 
-0.363283 
-0.361567 
-0.359841 
-0.358106 
-0.356363 
-0.35461 
-0.352849 
-0.351079 
-0.3493 
-0.347512 
-0.345715 
-0.34391 
-0.342097 
-0.340275 
-0.338444 
-0.336605 
-0.334757 
-0.332902 
-0.331037 
-0.329165 
-0.327284 
-0.325395 
-0.323498 
-0.321593 
-0.31968 
-0.317759 
-0.31583 
-0.313893 
-0.311948 
-0.309995 
-0.308035 
-0.306067 
-0.304091 
-0.302108 
-0.300117 
-0.298119 
-0.296113 
-0.2941 
-0.292079 
-0.290051 
-0.288016 
-0.285973 
-0.283924 
-0.281867 
-0.279803 
-0.277733 
-0.275655 
-0.27357 
-0.271479 
-0.269381 
-0.267276 
-0.265164 
-0.263046 
-0.260921 
-0.258789 
-0.256651 
-0.254507 
-0.252356 
-0.250199 
-0.248036 
-0.245866 
-0.24369 
-0.241509 
-0.239321 
-0.237127 
-0.234927 
-0.232721 
-0.230509 
-0.228292 
-0.226069 
-0.22384 
-0.221605 
-0.219365 
-0.21712 
-0.214869 
-0.212612 
-0.21035 
-0.208083 
-0.205811 
-0.203534 
-0.201251 
-0.198963 
-0.196671 
-0.194373 
-0.19207 
-0.189763 
-0.187451 
-0.185134 
-0.182812 
-0.180486 
-0.178156 
-0.17582 
-0.173481 
-0.171137 
-0.168788 
-0.166436 
-0.164079 
-0.161718 
-0.159353 
-0.156984 
-0.154611 
-0.152234 
-0.149853 
-0.147468 
-0.14508 
-0.142688 
-0.140292 
-0.137893 
-0.13549 
-0.133084 
-0.130674 
-0.128262 
-0.125845 
-0.123426 
-0.121004 
-0.118578 
-0.11615 
-0.113718 
-0.111284 
-0.108846 
-0.106406 
-0.103964 
-0.101518 
-0.0990703 
-0.0966198 
-0.0941668 
-0.0917114 
-0.0892536 
-0.0867936 
-0.0843313 
-0.0818669 
-0.0794004 
-0.0769318 
-0.0744612 
-0.0719887 
-0.0695144 
-0.0670383 
-0.0645604 
-0.0620809 
-0.0595997 
-0.057117 
-0.0546328 
-0.0521472 
-0.0496603 
-0.047172 
-0.0446825 
-0.0421918 
-0.0397 
-0.0372072 
-0.0347134 
-0.0322186 
-0.029723 
-0.0272266 
-0.0247294 
-0.0222316 
-0.0197332 
-0.0172342 
-0.0147347 
-0.0122348 
-0.00973455 
-0.00723401 
-0.00473321 
-0.00223226 
0.000268815 
0.00276992 
0.00527103 
0.00777203 
0.0102729 
0.0127736 
0.015274 
0.017774 
0.0202737 
0.0227729 
0.0252716 
0.0277697 
0.0302672 
0.032764 
0.0352599 
0.0377551 
0.0402493 
0.0427426 
0.0452349 
0.047726 
0.0502161 
0.0527049 
0.0551924 
0.0576786 
0.0601634 
0.0626467 
0.0651285 
0.0676087 
0.0700873 
0.0725641 
0.0750392 
0.0775124 
0.0799837 
0.082453 
0.0849204 
0.0873856 
0.0898486 
0.0923095 
0.0947681 
0.0972243 
0.0996781 
0.102129 
0.104578 
0.107025 
0.109468 
0.111909 
0.114347 
0.116782 
0.119215 
0.121644 
0.124071 
0.126494 
0.128914 
0.131331 
0.133745 
0.136155 
0.138562 
0.140965 
0.143365 
0.145762 
0.148155 
0.150544 
0.152929 
0.15531 
0.157688 
0.160062 
0.162431 
0.164797 
0.167159 
0.169516 
0.171869 
0.174218 
0.176562 
0.178902 
0.181238 
0.183569 
0.185895 
0.188217 
0.190534 
0.192846 
0.195154 
0.197456 
0.199754 
0.202046 
0.204334 
0.206616 
0.208894 
0.211166 
0.213432 
0.215694 
0.217949 
0.2202 
0.222445 
0.224684 
0.226918 
0.229146 
0.231368 
0.233584 
0.235795 
0.238 
0.240198 
0.242391 
0.244578 
0.246758 
0.248932 
0.2511 
0.253262 
0.255417 
0.257566 
0.259708 
0.261844 
0.263973 
0.266096 
0.268212 
0.270321 
0.272423 
0.274519 
0.276608 
0.278689 
0.280764 
0.282832 
0.284892 
0.286945 
0.288992 
0.29103 
0.293062 
0.295086 
0.297103 
0.299112 
0.301114 
0.303108 
0.305095 
0.307073 
0.309045 
0.311008 
0.312963 
0.314911 
0.316851 
0.318783 
0.320706 
0.322622 
0.32453 
0.326429 
0.32832 
0.330203 
0.332078 
0.333944 
0.335802 
0.337651 
0.339492 
0.341325 
0.343149 
0.344964 
0.34677 
0.348568 
0.350357 
0.352137 
0.353909 
0.355671 
0.357424 
0.359169 
0.360904 
0.362631 
0.364348 
0.366056 
0.367755 
0.369445 
0.371125 
0.372796 
0.374458 
0.37611 
0.377753 
0.379386 
0.38101 
0.382624 
0.384229 
0.385824 
0.387409 
0.388984 
0.39055 
0.392106 
0.393652 
0.395188 
0.396714 
0.398231 
0.399737 
0.401233 
0.402719 
0.404195 
0.405661 
0.407117 
0.408562 
0.409998 
0.411422 
0.412837 
0.414241 
0.415635 
0.417018 
0.418391 
0.419754 
0.421105 
0.422447 
0.423777 
0.425097 
0.426407 
0.427706 
0.428993 
0.430271 
0.431537 
0.432793 
0.434037 
0.435271 
0.436494 
0.437706 
0.438907 
0.440097 
0.441276 
0.442444 
0.4436 
0.444746 
0.445881 
0.447004 
0.448116 
0.449217 
0.450307 
0.451385 
0.452452 
0.453508 
0.454552 
0.455585 
0.456606 
0.457616 
0.458615 
0.459602 
0.460578 
0.461542 
0.462494 
0.463435 
0.464365 
0.465282 
0.466188 
0.467083 
0.467965 
0.468836 
0.469695 
0.470543 
0.471379 
0.472203 
0.473015 
0.473815 
0.474603 
0.47538 
0.476144 
0.476897 
0.477638 
0.478367 
0.479083 
0.479788 
0.480481 
0.481162 
0.481831 
0.482487 
0.483132 
0.483765 
0.484385 
0.484994 
0.48559 
0.486174 
0.486746 
0.487306 
0.487853 
0.488389 
0.488912 
0.489423 
0.489922 
0.490408 
0.490882 
0.491344 
0.491794 
0.492232 
0.492657 
0.493069 
0.49347 
0.493858 
0.494234 
0.494597 
0.494948 
0.495287 
0.495614 
0.495928 
0.496229 
0.496518 
0.496795 
0.49706 
0.497312 
0.497551 
0.497778 
0.497993 
0.498195 
0.498385 
0.498563 
0.498728 
0.49888 
0.49902 
0.499148 
0.499263 
0.499365 
0.499456 
0.499533 
0.499599 
0.499651 
0.499692 
0.49972 
0.499735 
0.499738 
0.499728 
0.499706 
0.499672 
0.499625 
0.499565 
0.499493 
0.499409 
0.499312 
0.499203 
0.499081 
0.498947 
0.4988 
0.498641 
0.49847 
0.498286 
0.498089 
0.49788 
0.497659 
0.497425 
0.497179 
0.496921 
0.49665 
0.496367 
0.496071 
0.495763 
0.495443 
0.49511 
0.494765 
0.494407 
0.494038 
0.493655 
0.493261 
0.492854 
0.492435 
0.492004 
0.49156 
0.491105 
0.490637 
0.490156 
0.489664 
0.489159 
0.488642 
0.488113 
0.487572 
0.487018 
0.486453 
0.485875 
0.485285 
0.484683 
0.484069 
0.483443 
0.482805 
0.482155 
0.481492 
0.480818 
0.480132 
0.479434 
0.478724 
0.478001 
0.477267 
0.476522 
0.475764 
0.474994 
0.474213 
0.473419 
0.472614 
0.471797 
0.470969 
0.470128 
0.469276 
0.468412 
0.467537 
0.46665 
0.465751 
0.46484 
0.463918 
0.462985 
0.46204 
0.461083 
0.460115 
0.459135 
0.458144 
0.457142 
0.456128 
0.455103 
0.454066 
0.453018 
0.451959 
0.450889 
0.449807 
0.448714 
0.44761 
0.446495 
0.445368 
0.444231 
0.443082 
0.441922 
0.440752 
0.43957 
0.438378 
0.437174 
0.43596 
0.434734 
0.433498 
0.432251 
0.430994 
0.429725 
0.428446 
0.427156 
0.425856 
0.424545 
0.423223 
0.421891 
0.420548 
0.419195 
0.417831 
0.416457 
0.415072 
0.413677 
0.412272 
0.410857 
0.409431 
0.407995 
0.406549 
0.405093 
0.403627 
0.40215 
0.400664 
0.399168 
0.397661 
0.396145 
0.394619 
0.393083 
0.391537 
0.389982 
0.388417 
0.386842 
0.385257 
0.383663 
0.382059 
0.380446 
0.378823 
0.377191 
0.375549 
0.373899 
0.372238 
0.370569 
0.36889 
0.367202 
0.365505 
0.363799 
0.362083 
0.360359 
0.358626 
0.356883 
0.355132 
0.353372 
0.351603 
0.349826 
0.348039 
0.346244 
0.344441 
0.342629 
0.340808 
0.338979 
0.337141 
0.335295 
0.33344 
0.331578 
0.329707 
0.327827 
0.32594 
0.324044 
0.322141 
0.320229 
0.318309 
0.316382 
0.314446 
0.312503 
0.310552 
0.308593 
0.306627 
0.304652 
0.302671 
0.300681 
0.298684 
0.29668 
0.294669 
0.29265 
0.290623 
0.28859 
0.286549 
0.284501 
0.282446 
0.280384 
0.278315 
0.276239 
0.274156 
0.272067 
0.26997 
0.267867 
0.265757 
0.263641 
0.261518 
0.259388 
0.257252 
0.255109 
0.252961 
0.250805 
0.248644 
0.246477 
0.244303 
0.242123 
0.239937 
0.237745 
0.235548 
0.233344 
0.231134 
0.228919 
0.226698 
0.224472 
0.22224 
0.220002 
0.217759 
0.21551 
0.213256 
0.210997 
0.208732 
0.206462 
0.204187 
0.201907 
0.199622 
0.197332 
0.195037 
0.192738 
0.190433 
0.188124 
0.185809 
0.183491 
0.181168 
0.17884 
0.176508 
0.174171 
0.17183 
0.169485 
0.167135 
0.164782 
0.162424 
0.160062 
0.157696 
0.155326 
0.152953 
0.150575 
0.148194 
0.145809 
0.143421 
0.141029 
0.138633 
0.136234 
0.133832 
0.131426 
0.129017 
0.126605 
0.12419 
0.121771 
0.119349 
0.116925 
0.114498 
0.112067 
0.109634 
0.107198 
0.10476 
0.102319 
0.0998753 
0.0974292 
0.0949807 
0.0925298 
0.0900766 
0.0876212 
0.0851636 
0.0827039 
0.0802421 
0.0777783 
0.0753126 
0.072845 
0.0703756 
0.0679044 
0.0654316 
0.0629571 
0.0604811 
0.0580036 
0.0555246 
0.0530442 
0.0505626 
0.0480797 
0.0455956 
0.0431103 
0.040624 
0.0381367 
0.0356484 
0.0331593 
0.0306693 
0.0281786 
0.0256872 
0.0231951 
0.0207025 
0.0182094 
0.0157158 
0.0132219 
0.0107276 
0.00823308 
0.00573836 
0.00324349 
0.000748572 
-0.00174638 
-0.00424125 
-0.00673603 
-0.00923061 
-0.011725 
-0.014219 
-0.0167127 
-0.0192059 
-0.0216987 
-0.0241909 
-0.0266825 
-0.0291734 
-0.0316636 
-0.034153 
-0.0366415 
-0.0391291 
-0.0416157 
-0.0441013 
-0.0465857 
-0.049069 
-0.051551 
-0.0540317 
-0.0565111 
-0.058989 
-0.0614655 
-0.0639404 
-0.0664137 
-0.0688853 
-0.0713552 
-0.0738233 
-0.0762896 
-0.0787539 
-0.0812163 
-0.0836766 
-0.0861348 
-0.0885909 
-0.0910447 
-0.0934962 
-0.0959454 
-0.0983922 
-0.100837 
-0.103278 
-0.105717 
-0.108154 
-0.110588 
-0.113019 
-0.115447 
-0.117872 
-0.120295 
-0.122714 
-0.12513 
-0.127544 
-0.129953 
-0.13236 
-0.134764 
-0.137164 
-0.13956 
-0.141953 
-0.144343 
-0.146728 
-0.149111 
-0.151489 
-0.153864 
-0.156235 
-0.158601 
-0.160964 
-0.163323 
-0.165678 
-0.168029 
-0.170375 
-0.172717 
-0.175055 
-0.177389 
-0.179718 
-0.182042 
-0.184362 
-0.186678 
-0.188988 
-0.191294 
-0.193595 
-0.195892 
-0.198183 
-0.20047 
-0.202751 
-0.205027 
-0.207299 
-0.209565 
-0.211826 
-0.214081 
-0.216331 
-0.218576 
-0.220815 
-0.223049 
-0.225277 
-0.2275 
-0.229717 
-0.231928 
-0.234133 
-0.236333 
-0.238526 
-0.240714 
-0.242895 
-0.245071 
-0.24724 
-0.249403 
-0.25156 
-0.253711 
-0.255855 
-0.257993 
-0.260125 
-0.26225 
-0.264368 
-0.26648 
-0.268585 
-0.270684 
-0.272775 
-0.27486 
-0.276938 
-0.279009 
-0.281074 
-0.283131 
-0.285181 
-0.287224 
-0.28926 
-0.291288 
-0.293309 
-0.295323 
-0.29733 
-0.299329 
-0.301321 
-0.303305 
-0.305281 
-0.30725 
-0.309212 
-0.311165 
-0.313111 
-0.315049 
-0.316979 
-0.318901 
-0.320816 
-0.322722 
-0.32462 
-0.32651 
-0.328392 
-0.330266 
-0.332131 
-0.333989 
-0.335838 
-0.337678 
-0.33951 
-0.341334 
-0.343149 
-0.344955 
-0.346753 
-0.348543 
-0.350323 
-0.352095 
-0.353858 
-0.355613 
-0.357358 
-0.359094 
-0.360822 
-0.362541 
-0.36425 
-0.36595 
-0.367642 
-0.369324 
-0.370997 
-0.37266 
-0.374315 
-0.37596 
-0.377595 
-0.379222 
-0.380839 
-0.382446 
-0.384044 
-0.385632 
-0.38721 
-0.388779 
-0.390339 
-0.391888 
-0.393428 
-0.394958 
-0.396478 
-0.397988 
-0.399488 
-0.400979 
-0.402459 
-0.403929 
-0.405389 
-0.40684 
-0.40828 
-0.409709 
-0.411129 
-0.412538 
-0.413937 
-0.415326 
-0.416704 
-0.418072 
-0.41943 
-0.420777 
-0.422114 
-0.42344 
-0.424755 
-0.42606 
-0.427355 
-0.428638 
-0.429911 
-0.431174 
-0.432425 
-0.433666 
-0.434896 
-0.436115 
-0.437323 
-0.438521 
-0.439707 
-0.440882 
-0.442047 
-0.4432 
-0.444343 
-0.445474 
-0.446594 
-0.447703 
-0.448801 
-0.449888 
-0.450963 
-0.452027 
-0.45308 
-0.454122 
-0.455152 
-0.456171 
-0.457179 
-0.458175 
-0.45916 
-0.460133 
-0.461095 
-0.462045 
-0.462984 
-0.463911 
-0.464827 
-0.465731 
-0.466623 
-0.467504 
-0.468373 
-0.469231 
-0.470077 
-0.470911 
-0.471733 
-0.472543 
-0.473342 
-0.474129 
-0.474904 
-0.475667 
-0.476418 
-0.477158 
-0.477885 
-0.478601 
-0.479304 
-0.479996 
-0.480676 
-0.481343 
-0.481999 
-0.482642 
-0.483274 
-0.483893 
-0.484501 
-0.485096 
-0.485679 
-0.48625 
-0.486809 
-0.487356 
-0.48789 
-0.488412 
-0.488922 
-0.48942 
-0.489906 
-0.490379 
-0.49084 
-0.491289 
-0.491726 
-0.49215 
-0.492562 
-0.492962 
-0.493349 
-0.493724 
-0.494086 
-0.494437 
-0.494775 
-0.4951 
-0.495413 
-0.495714 
-0.496002 
-0.496278 
-0.496541 
-0.496793 
-0.497031 
-0.497257 
-0.497471 
-0.497672 
-0.497861 
-0.498037 
-0.498201 
-0.498353 
-0.498491 
-0.498618 
-0.498732 
-0.498833 
-0.498922 
-0.498999 
-0.499063 
-0.499114 
-0.499153 
-0.499179 
-0.499193 
-0.499195 
-0.499183 
-0.49916 
-0.499124 
-0.499075 
-0.499014 
-0.49894 
-0.498854 
-0.498755 
-0.498644 
-0.49852 
-0.498384 
-0.498235 
-0.498074 
-0.4979 
-0.497714 
-0.497515 
-0.497304 
-0.49708 
-0.496844 
-0.496595 
-0.496334 
-0.496061 
-0.495775 
-0.495476 
-0.495166 
-0.494842 
-0.494507 
-0.494158 
-0.493798 
-0.493425 
-0.49304 
-0.492642 
-0.492232 
-0.491809 
-0.491374 
-0.490927 
-0.490468 
-0.489996 
-0.489512 
-0.489015 
-0.488507 
-0.487986 
-0.487453 
-0.486907 
-0.486349 
-0.48578 
-0.485197 
-0.484603 
-0.483997 
-0.483378 
-0.482747 
-0.482104 
-0.481449 
-0.480782 
-0.480103 
-0.479411 
-0.478708 
-0.477993 
-0.477265 
-0.476526 
-0.475774 
-0.475011 
-0.474236 
-0.473449 
-0.47265 
-0.471839 
-0.471016 
-0.470181 
-0.469334 
-0.468476 
-0.467606 
-0.466724 
-0.465831 
-0.464925 
-0.464008 
-0.46308 
-0.462139 
-0.461188 
-0.460224 
-0.459249 
-0.458262 
-0.457264 
-0.456255 
-0.455234 
-0.454201 
-0.453157 
-0.452102 
-0.451035 
-0.449957 
-0.448867 
-0.447767 
-0.446655 
-0.445532 
-0.444397 
-0.443252 
-0.442095 
-0.440927 
-0.439749 
-0.438559 
-0.437358 
-0.436146 
-0.434923 
-0.433689 
-0.432444 
-0.431189 
-0.429922 
-0.428645 
-0.427357 
-0.426058 
-0.424749 
-0.423429 
-0.422098 
-0.420757 
-0.419405 
-0.418042 
-0.41667 
-0.415286 
-0.413892 
-0.412488 
-0.411073 
-0.409648 
-0.408213 
-0.406768 
-0.405312 
-0.403846 
-0.40237 
-0.400884 
-0.399388 
-0.397882 
-0.396365 
-0.394839 
-0.393303 
-0.391757 
-0.390201 
-0.388636 
-0.387061 
-0.385476 
-0.383881 
-0.382277 
-0.380663 
-0.379039 
-0.377406 
-0.375764 
-0.374112 
-0.372451 
-0.37078 
-0.3691 
-0.367411 
-0.365713 
-0.364005 
-0.362289 
-0.360563 
-0.358828 
-0.357084 
-0.355332 
-0.35357 
-0.351799 
-0.35002 
-0.348232 
-0.346435 
-0.34463 
-0.342816 
-0.340993 
-0.339162 
-0.337322 
-0.335474 
-0.333617 
-0.331752 
-0.329879 
-0.327998 
-0.326108 
-0.32421 
-0.322304 
-0.32039 
-0.318468 
-0.316538 
-0.3146 
-0.312654 
-0.310701 
-0.308739 
-0.30677 
-0.304793 
-0.302809 
-0.300817 
-0.298817 
-0.296811 
-0.294796 
-0.292774 
-0.290745 
-0.288709 
-0.286665 
-0.284615 
-0.282557 
-0.280492 
-0.27842 
-0.276341 
-0.274255 
-0.272163 
-0.270063 
-0.267957 
-0.265844 
-0.263725 
-0.261599 
-0.259466 
-0.257327 
-0.255182 
-0.25303 
-0.250872 
-0.248707 
-0.246536 
-0.24436 
-0.242177 
-0.239988 
-0.237793 
-0.235592 
-0.233385 
-0.231173 
-0.228954 
-0.22673 
-0.224501 
-0.222266 
-0.220025 
-0.217778 
-0.215527 
-0.21327 
-0.211007 
-0.20874 
-0.206467 
-0.204189 
-0.201906 
-0.199618 
-0.197324 
-0.195026 
-0.192724 
-0.190416 
-0.188104 
-0.185786 
-0.183465 
-0.181138 
-0.178808 
-0.176472 
-0.174133 
-0.171789 
-0.169441 
-0.167088 
-0.164732 
-0.162371 
-0.160006 
-0.157638 
-0.155265 
-0.152888 
-0.150508 
-0.148124 
-0.145736 
-0.143345 
-0.14095 
-0.138552 
-0.13615 
-0.133745 
-0.131336 
-0.128924 
-0.126509 
-0.124091 
-0.12167 
-0.119245 
-0.116818 
-0.114388 
-0.111955 
-0.109519 
-0.107081 
-0.10464 
-0.102196 
-0.0997497 
-0.097301 
-0.0948498 
-0.0923963 
-0.0899405 
-0.0874825 
-0.0850223 
-0.08256 
-0.0800956 
-0.0776293 
-0.075161 
-0.0726909 
-0.0702189 
-0.0677453 
