0.0025
0.00402147
0.00748908
0.00901455
0.0124875
0.0140129
0.0174849
0.0190101
0.0224812
0.0240058
0.0274765
0.0289998
0.0324705
0.0339919
0.0374634
0.038982
0.0424552
0.0439697
0.0474458
0.0489551
0.0524355
0.0539378
0.0574243
0.0589178
0.0624121
0.0638949
0.0673991
0.0688689
0.0723853
0.0738397
0.0773709
0.0788071
0.0823558
0.083771
0.0873401
0.0887312
0.0923239
0.0936876
0.0973073
0.0986399
0.10229
0.103588
0.107273
0.108532
0.112255
0.113471
0.117237
0.118406
0.122218
0.123336
0.127199
0.12826
0.13218
0.13318
0.137161
0.138093
0.14214
0.143001
0.147118
0.147903
0.152096
0.152798
0.157072
0.157687
0.162049
0.162569
0.167024
0.167445
0.171999
0.172314
0.176974
0.177175
0.181948
0.18203
0.186921
0.186876
0.191893
0.191715
0.196864
0.196546
0.201835
0.201368
0.206803
0.206182
0.211771
0.210987
0.216737
0.215783
0.221701
0.220569
0.226663
0.225346
0.231623
0.230112
0.23658
0.234868
0.241534
0.239614
0.246486
0.244348
0.251434
0.249071
0.256378
0.253781
0.261319
0.25848
0.266255
0.263166
0.271187
0.26784
0.276114
0.272499
0.281035
0.277146
0.28595
0.281778
0.290859
0.286395
0.295761
0.290997
0.300656
0.295584
0.305544
0.300155
0.310423
0.30471
0.315294
0.309247
0.320155
0.313768
0.325007
0.31827
0.329848
0.322754
0.334679
0.32722
0.339497
0.331665
0.344304
0.336091
0.349098
0.340497
0.353878
0.344881
0.358645
0.349244
0.363396
0.353585
0.368132
0.357903
0.372852
0.362198
0.377554
0.366469
0.382239
0.370716
0.386906
0.374937
0.391553
0.379133
0.39618
0.383302
0.400787
0.387444
0.405371
0.391559
0.409933
0.395646
0.414472
0.399704
0.418987
0.403732
0.423476
0.40773
0.427939
0.411697
0.432376
0.415633
0.436784
0.419536
0.441164
0.423406
0.445514
0.427243
0.449834
0.431046
0.454122
0.434814
0.458377
0.438546
0.4626
0.442242
0.466787
0.4459
0.47094
0.449521
0.475055
0.453104
0.479134
0.456647
0.483174
0.46015
0.487175
0.463613
0.491135
0.467035
0.495054
0.470414
0.498931
0.473751
0.502765
0.477044
0.506554
0.480293
0.510297
0.483498
0.513995
0.486656
0.517645
0.489769
0.521246
0.492835
0.524798
0.495853
0.5283
0.498822
0.531751
0.501743
0.535149
0.504613
0.538493
0.507434
0.541784
0.510203
0.545019
0.512921
0.548198
0.515586
0.551319
0.518198
0.554383
0.520757
0.557387
0.523261
0.560331
0.52571
0.563214
0.528104
0.566036
0.530441
0.568794
0.532721
0.571489
0.534944
0.57412
0.537109
0.576685
0.539216
0.579183
0.541263
0.581615
0.54325
0.583979
0.545177
0.586274
0.547044
0.588499
0.548849
0.590654
0.550592
0.592738
0.552273
0.594751
0.55389
0.596691
0.555445
0.598557
0.556936
0.60035
0.558362
0.602068
0.559724
0.603711
0.561021
0.605279
0.562252
0.606769
0.563417
0.608183
0.564516
0.609519
0.565548
0.610777
0.566513
0.611957
0.567411
0.613057
0.568241
0.614078
0.569004
0.615019
0.569697
0.615879
0.570323
0.616658
0.57088
0.617356
0.571367
0.617973
0.571786
0.618507
0.572135
0.61896
0.572414
0.61933
0.572624
0.619617
0.572763
0.619821
0.572833
0.619942
0.572832
0.619979
0.572761
0.619933
0.57262
0.619803
0.572408
0.61959
0.572125
0.619293
0.571773
0.618912
0.571349
0.618447
0.570855
0.617898
0.570291
0.617265
0.569656
0.616548
0.568951
0.615748
0.568175
0.614864
0.567329
0.613896
0.566414
0.612846
0.565428
0.611712
0.564372
0.610495
0.563246
0.609195
0.562052
0.607813
0.560787
0.606349
0.559454
0.604803
0.558052
0.603176
0.556581
0.601467
0.555042
0.599678
0.553435
0.597808
0.55176
0.595858
0.550018
0.593829
0.548209
0.591721
0.546333
0.589534
0.544391
0.58727
0.542382
0.584928
0.540308
0.582509
0.538169
0.580014
0.535965
0.577444
0.533697
0.574798
0.531365
0.572078
0.52897
0.569284
0.526512
0.566418
0.523991
0.563479
0.521409
0.560468
0.518765
0.557387
0.51606
0.554236
0.513295
0.551015
0.510471
0.547727
0.507587
0.54437
0.504644
0.540947
0.501644
0.537458
0.498587
0.533903
0.495472
0.530285
0.492302
0.526603
0.489076
0.522859
0.485795
0.519053
0.48246
0.515187
0.479072
0.511261
0.475631
0.507277
0.472138
0.503235
0.468593
0.499136
0.464998
0.494981
0.461353
0.490772
0.457658
0.486509
0.453915
0.482193
0.450124
0.477826
0.446286
0.473408
0.442401
0.46894
0.438471
0.464424
0.434496
0.45986
0.430477
0.455249
0.426415
0.450593
0.42231
0.445893
0.418163
0.441149
0.413975
0.436363
0.409747
0.431535
0.40548
0.426668
0.401173
0.421761
0.396829
0.416816
0.392447
0.411834
0.38803
0.406816
0.383576
0.401764
0.379088
0.396677
0.374566
0.391558
0.37001
0.386406
0.365422
0.381224
0.360802
0.376013
0.356152
0.370772
0.351471
0.365505
0.346761
0.36021
0.342022
0.35489
0.337255
0.349546
0.332462
0.344178
0.327642
0.338787
0.322797
0.333375
0.317927
0.327942
0.313032
0.32249
0.308115
0.317019
0.303175
0.311531
0.298214
0.306026
0.293231
0.300505
0.288229
0.294969
0.283206
0.289419
0.278165
0.283857
0.273106
0.278282
0.268029
0.272696
0.262936
0.2671
0.257827
0.261494
0.252702
0.25588
0.247563
0.250257
0.24241
0.244628
0.237244
0.238993
0.232065
0.233353
0.226874
0.227708
0.221672
0.222059
0.21646
0.216407
0.211237
0.210753
0.206005
0.205097
0.200765
0.199441
0.195516
0.193784
0.19026
0.188128
0.184997
0.182473
0.179728
0.176841
0.174465
0.17119
0.169185
0.165544
0.163901
0.1599
0.158612
0.154262
0.15332
0.148628
0.148025
0.143
0.142728
0.137378
0.137429
0.131762
0.132128
0.126154
0.126827
0.120554
0.121526
0.114962
0.116224
0.109379
0.110924
0.103804
0.105624
0.0982398
0.100326
0.0926854
0.0950304
0.0871416
0.0897372
0.0816087
0.084447
0.0760871
0.0791601
0.0705773
0.0738771
0.0650796
0.0685984
0.0595944
0.0633244
0.0541219
0.0580554
0.0486627
0.0527919
0.0432169
0.0475343
0.0377849
0.0422829
0.032367
0.0370382
0.0269634
0.0318004
0.0215744
0.02657
0.0162004
0.0213473
0.0108414
0.0161326
0.00549784
0.0109263
0.000169818
0.00572867
-0.0051424
0.000540075
-0.0104386
-0.00463917
-0.0157187
-0.00980878
-0.0209824
-0.0149684
-0.0262296
-0.0201178
-0.0314602
-0.0252567
-0.0366739
-0.0303847
-0.0418707
-0.0355017
-0.0470504
-0.0406073
-0.0522129
-0.0457012
-0.0573581
-0.0507832
-0.0624859
-0.0558531
-0.0675962
-0.0609106
-0.072689
-0.0659554
-0.0777641
-0.0709874
-0.0828214
-0.0760062
-0.087861
-0.0810117
-0.0928828
-0.0860036
-0.0978867
-0.0909817
-0.102873
-0.0959457
-0.107841
-0.100896
-0.112791
-0.105831
-0.117723
-0.110752
-0.122637
-0.115658
-0.127533
-0.120548
-0.13241
-0.125424
-0.13727
-0.130284
-0.142112
-0.135129
-0.146936
-0.139957
-0.151741
-0.14477
-0.156529
-0.149566
-0.161298
-0.154346
-0.16605
-0.15911
-0.170783
-0.163856
-0.175499
-0.168586
-0.180196
-0.173299
-0.184876
-0.177994
-0.189537
-0.182672
-0.194181
-0.187333
-0.198807
-0.191975
-0.203415
-0.1966
-0.208005
-0.201207
-0.212577
-0.205795
-0.217131
-0.210364
-0.221667
-0.214915
-0.226186
-0.219448
-0.230687
-0.223961
-0.23517
-0.228455
-0.239635
-0.23293
-0.244082
-0.237385
-0.248512
-0.24182
-0.252923
-0.246236
-0.257317
-0.250632
-0.261693
-0.255007
-0.266052
-0.259362
-0.270392
-0.263696
-0.274715
-0.26801
-0.279019
-0.272302
-0.283306
-0.276574
-0.287575
-0.280824
-0.291825
-0.285053
-0.296058
-0.28926
-0.300273
-0.293445
-0.304469
-0.297607
-0.308647
-0.301748
-0.312807
-0.305866
-0.316948
-0.309961
-0.321071
-0.314033
-0.325175
-0.318083
-0.329261
-0.322108
-0.333327
-0.326111
-0.337375
-0.330089
-0.341404
-0.334043
-0.345414
-0.337973
-0.349404
-0.341879
-0.353375
-0.34576
-0.357326
-0.349615
-0.361258
-0.353446
-0.36517
-0.357251
-0.369061
-0.361031
-0.372933
-0.364784
-0.376784
-0.368511
-0.380614
-0.372212
-0.384423
-0.375886
-0.388212
-0.379533
-0.391979
-0.383153
-0.395724
-0.386745
-0.399448
-0.39031
-0.40315
-0.393846
-0.406829
-0.397354
-0.410486
-0.400833
-0.414121
-0.404283
-0.417732
-0.407704
-0.42132
-0.411096
-0.424884
-0.414457
-0.428424
-0.417789
-0.43194
-0.421089
-0.435431
-0.42436
-0.438898
-0.427599
-0.442339
-0.430806
-0.445755
-0.433982
-0.449144
-0.437126
-0.452508
-0.440238
-0.455845
-0.443317
-0.459155
-0.446362
-0.462437
-0.449375
-0.465692
-0.452353
-0.468918
-0.455298
-0.472116
-0.458208
-0.475285
-0.461084
-0.478425
-0.463924
-0.481535
-0.46673
-0.484614
-0.469499
-0.487663
-0.472232
-0.490681
-0.474929
-0.493667
-0.477589
-0.496621
-0.480211
-0.499543
-0.482796
-0.502432
-0.485343
-0.505287
-0.487852
-0.508109
-0.490323
-0.510896
-0.492754
-0.513649
-0.495146
-0.516366
-0.497498
-0.519047
-0.49981
-0.521692
-0.502081
-0.5243
-0.504311
-0.526871
-0.506501
-0.529404
-0.508648
-0.531899
-0.510754
-0.534355
-0.512817
-0.536771
-0.514838
-0.539148
-0.516815
-0.541484
-0.518749
-0.543779
-0.520639
-0.546032
-0.522485
-0.548244
-0.524286
-0.550412
-0.526042
-0.552538
-0.527753
-0.55462
-0.529418
-0.556658
-0.531036
-0.558651
-0.532609
-0.560598
-0.534134
-0.5625
-0.535612
-0.564355
-0.537043
-0.566163
-0.538425
-0.567923
-0.539759
-0.569636
-0.541044
-0.571299
-0.542281
-0.572913
-0.543467
-0.574478
-0.544604
-0.575992
-0.545691
-0.577455
-0.546727
-0.578866
-0.547712
-0.580226
-0.548646
-0.581532
-0.549528
-0.582786
-0.550359
-0.583986
-0.551137
-0.585131
-0.551862
-0.586221
-0.552534
-0.587256
-0.553153
-0.588235
-0.553718
-0.589158
-0.55423
-0.590023
-0.554687
-0.590831
-0.555089
-0.59158
-0.555436
-0.592271
-0.555728
-0.592903
-0.555964
-0.593475
-0.556145
-0.593986
-0.556269
-0.594437
-0.556336
-0.594826
-0.556347
-0.595153
-0.556301
-0.595418
-0.556197
-0.59562
-0.556036
-0.595759
-0.555817
-0.595834
-0.555539
-0.595845
-0.555203
-0.59579
-0.554808
-0.595671
-0.554355
-0.595486
-0.553842
-0.595234
-0.553269
-0.594916
-0.552637
-0.594531
-0.551945
-0.594078
-0.551193
-0.593557
-0.550381
-0.592968
-0.549508
-0.592311
-0.548574
-0.591584
-0.547579
-0.590787
-0.546523
-0.589921
-0.545406
-0.588984
-0.544228
-0.587977
-0.542988
-0.586899
-0.541686
-0.585749
-0.540323
-0.584528
-0.538897
-0.583235
-0.53741
-0.58187
-0.53586
-0.580433
-0.534248
-0.578922
-0.532573
-0.577339
-0.530836
-0.575683
-0.529036
-0.573953
-0.527174
-0.572149
-0.52525
-0.570272
-0.523262
-0.56832
-0.521212
-0.566294
-0.519099
-0.564195
-0.516924
-0.56202
-0.514686
-0.559771
-0.512385
-0.557448
-0.510022
-0.555049
-0.507596
-0.552576
-0.505107
-0.550028
-0.502556
-0.547406
-0.499943
-0.544708
-0.497267
-0.541936
-0.49453
-0.539088
-0.49173
-0.536166
-0.488869
-0.53317
-0.485946
-0.530099
-0.482961
-0.526953
-0.479915
-0.523733
-0.476808
-0.520439
-0.473639
-0.517071
-0.47041
-0.513629
-0.467121
-0.510113
-0.463771
-0.506525
-0.460362
-0.502863
-0.456893
-0.499128
-0.453364
-0.495321
-0.449776
-0.491442
-0.44613
-0.487491
-0.442425
-0.483469
-0.438662
-0.479375
-0.434842
-0.475211
-0.430964
-0.470977
-0.42703
-0.466674
-0.423039
-0.462301
-0.418992
-0.457859
-0.414889
-0.453349
-0.410732
-0.448772
-0.406519
-0.444128
-0.402253
-0.439417
-0.397933
-0.434641
-0.39356
-0.4298
-0.389135
-0.424894
-0.384658
-0.419924
-0.380129
-0.414892
-0.375549
-0.409797
-0.37092
-0.404641
-0.36624
-0.399424
-0.361512
-0.394147
-0.356736
-0.388811
-0.351912
-0.383417
-0.347041
-0.377965
-0.342124
-0.372457
-0.337161
-0.366894
-0.332153
-0.361276
-0.327102
-0.355604
-0.322007
-0.34988
-0.316869
-0.344104
-0.31169
-0.338277
-0.30647
-0.332401
-0.301209
-0.326476
-0.295909
-0.320504
-0.29057
-0.314485
-0.285194
-0.308421
-0.279781
-0.302313
-0.274331
-0.296162
-0.268847
-0.289969
-0.263328
-0.283735
-0.257775
-0.277461
-0.25219
-0.271149
-0.246574
-0.2648
-0.240926
-0.258415
-0.235249
-0.251995
-0.229543
-0.245541
-0.223809
-0.239056
-0.218048
-0.232539
-0.21226
-0.225993
-0.206448
-0.219418
-0.200612
-0.212816
-0.194752
-0.206188
-0.18887
-0.199535
-0.182966
-0.192859
-0.177043
-0.186162
-0.1711
-0.179443
-0.165139
-0.172705
-0.15916
-0.165949
-0.153165
-0.159177
-0.147155
-0.152389
-0.141131
-0.145587
-0.135093
-0.138773
-0.129043
-0.131947
-0.122981
-0.125111
-0.116909
-0.118266
-0.110828
-0.111414
-0.104738
-0.104555
-0.0986412
-0.0976925
-0.0925379
-0.0908261
-0.0864291
-0.0839576
-0.0803161
-0.0773166
-0.0736735
-0.0711527
-0.0668052
-0.065033
-0.0599394
-0.0589123
-0.0530773
-0.0527917
-0.0462202
-0.046672
-0.0393693
-0.0405544
-0.032526
-0.0344398
-0.0256914
-0.028329
-0.0188669
-0.0222231
-0.0120536
-0.016123
-0.0052528
-0.0100296
0.00153435
-0.00394385
0.00830662
0.00213327
0.0150628
0.00820089
0.0218018
0.0142581
0.0285224
0.020304
0.0352234
0.0263377
0.0419038
0.0323582
0.0485624
0.0383649
0.0551982
0.0443567
0.0618099
0.0503328
0.0683967
0.0562924
0.0749573
0.0622346
0.0814908
0.0681587
0.0879962
0.0740637
0.0944724
0.079949
0.100919
0.0858136
0.107334
0.0916569
0.113717
0.097478
0.120067
0.103276
0.126383
0.109051
0.132664
0.114801
0.13891
0.120526
0.145119
0.126225
0.151291
0.131898
0.157425
0.137544
0.163519
0.143161
0.169574
0.14875
0.175589
0.15431
0.181562
0.15984
0.187494
0.16534
0.193383
0.170809
0.199229
0.176246
0.20503
0.181651
0.210788
0.187023
0.2165
0.192361
0.222166
0.197666
0.227786
0.202936
0.233359
0.208172
0.238885
0.213372
0.244363
0.218536
0.249793
0.223663
0.255174
0.228754
0.260505
0.233807
0.265787
0.238823
0.271019
0.243801
0.2762
0.24874
0.281331
0.25364
0.28641
0.258501
0.291438
0.263321
0.296415
0.268102
0.301339
0.272843
0.306211
0.277543
0.311031
0.282201
0.315797
0.286819
0.320511
0.291394
0.325172
0.295928
0.32978
0.30042
0.334334
0.304869
0.338835
0.309276
0.343282
0.313639
0.347675
0.31796
0.352015
0.322237
0.356301
0.32647
0.360533
0.33066
0.364711
0.334806
0.368835
0.338908
0.372906
0.342966
0.376923
0.34698
0.380886
0.350949
0.384795
0.354873
0.388651
0.358753
0.392453
0.362589
0.396202
0.366379
0.399897
0.370124
0.40354
0.373825
0.40713
0.37748
0.410666
0.381091
0.41415
0.384656
0.417582
0.388176
0.420962
0.391651
0.424289
0.395081
0.427565
0.398466
0.430789
0.401805
0.433962
0.405099
0.437084
0.408349
0.440155
0.411553
0.443176
0.414712
0.446146
0.417826
0.449066
0.420895
0.451937
0.423919
0.454759
0.426898
0.457531
0.429833
0.460255
0.432722
0.46293
0.435567
0.465558
0.438368
0.468137
0.441124
0.47067
0.443835
0.473155
0.446502
0.475594
0.449125
0.477986
0.451704
0.480332
0.454239
0.482633
0.45673
0.484889
0.459177
0.487099
0.461581
0.489266
0.463941
0.491388
0.466257
0.493466
0.46853
0.495501
0.47076
0.497493
0.472947
0.499442
0.475091
0.501349
0.477192
0.503214
0.479251
0.505037
0.481266
0.506819
0.48324
0.508561
0.485171
0.510262
0.48706
0.511922
0.488906
0.513543
0.490711
0.515124
0.492474
0.516666
0.494195
0.51817
0.495875
0.519635
0.497514
0.521061
0.49911
0.52245
0.500666
0.523801
0.502181
0.525116
0.503655
0.526393
0.505087
0.527633
0.506479
0.528837
0.507831
0.530005
0.509142
0.531138
0.510412
0.532234
0.511642
0.533296
0.512832
0.534322
0.513982
0.535313
0.515091
0.53627
0.516161
0.537192
0.517191
0.538081
0.518181
0.538935
0.519131
0.539755
0.520041
0.540542
0.520912
0.541295
0.521743
0.542015
0.522535
0.542702
0.523287
0.543356
0.524
0.543976
0.524674
0.544564
0.525308
0.54512
0.525903
0.545642
0.526459
0.546132
0.526975
0.54659
0.527452
0.547015
0.52789
0.547408
0.528289
0.547768
0.528649
0.548097
0.528969
0.548392
0.52925
0.548656
0.529492
0.548887
0.529695
0.549086
0.529858
0.549252
0.529983
0.549386
0.530068
0.549488
0.530113
0.549557
0.530119
0.549593
0.530086
0.549597
0.530013
0.549568
0.529901
0.549506
0.529749
0.54941
0.529557
0.549282
0.529326
0.54912
0.529055
0.548925
0.528744
0.548696
0.528393
0.548433
0.528002
0.548137
0.527571
0.547806
0.5271
0.54744
0.526588
0.54704
0.526036
0.546605
0.525443
0.546136
0.52481
0.54563
0.524136
0.545089
0.523421
0.544513
0.522665
0.5439
0.521868
0.543251
0.521029
0.542566
0.52015
0.541843
0.519229
0.541083
0.518266
0.540286
0.517262
0.539451
0.516215
0.538578
0.515127
0.537666
0.513996
0.536716
0.512824
0.535726
0.511609
0.534698
0.510351
0.533629
0.50905
0.532521
0.507707
0.531372
0.506321
0.530182
0.504892
0.528951
0.503419
0.527679
0.501903
0.526365
0.500343
0.525009
0.49874
0.52361
0.497093
0.522168
0.495402
0.520684
0.493667
0.519155
0.491888
0.517583
0.490064
0.515967
0.488196
0.514306
0.486284
0.5126
0.484326
0.510848
0.482324
0.509051
0.480277
0.507209
0.478185
0.505319
0.476047
0.503383
0.473864
0.5014
0.471636
0.49937
0.469363
0.497292
0.467044
0.495166
0.464679
0.492992
0.462268
0.490769
0.459812
0.488497
0.457309
0.486176
0.454761
0.483805
0.452166
0.481385
0.449526
0.478914
0.446839
0.476394
0.444106
0.473822
0.441327
0.4712
0.438502
0.468527
0.43563
0.465802
0.432712
0.463026
0.429748
0.460197
0.426737
0.457317
0.42368
0.454385
0.420577
0.4514
0.417427
0.448363
0.414231
0.445273
0.410989
0.442131
0.4077
0.438935
0.404366
0.435686
0.400985
0.432383
0.397558
0.429028
0.394086
0.425618
0.390567
0.422156
0.387003
0.418639
0.383393
0.415069
0.379737
0.411445
0.376036
0.407768
0.37229
0.404036
0.368498
0.400251
0.364662
0.396412
0.36078
0.392519
0.356854
0.388572
0.352883
0.384572
0.348868
0.380518
0.344809
0.37641
0.340706
0.372249
0.336559
0.368035
0.332369
0.363767
0.328136
0.359447
0.323859
0.355073
0.31954
0.350646
0.315178
0.346167
0.310774
0.341636
0.306328
0.337052
0.30184
0.332416
0.297311
0.327729
0.292741
0.32299
0.288131
0.318199
0.28348
0.313358
0.278789
0.308466
0.274058
0.303524
0.269288
0.298532
0.264479
0.29349
0.259632
0.288399
0.254747
0.283258
0.249824
0.27807
0.244863
0.272833
0.239866
0.267548
0.234832
0.262216
0.229762
0.256838
0.224657
0.251412
0.219517
0.245941
0.214342
0.240425
0.209133
0.234863
0.20389
0.229257
0.198614
0.223608
0.193306
0.217915
0.187965
0.212179
0.182593
0.206401
0.17719
0.200581
0.171756
0.194721
0.166293
0.18882
0.1608
0.182879
0.155279
0.1769
0.149729
0.170882
0.144152
0.164826
0.138547
0.158733
0.132917
0.152604
0.127261
0.146439
0.121579
0.14024
0.115873
0.134006
0.110144
0.127739
0.104391
0.121439
0.0986153
0.115107
0.0928181
0.108745
0.0869998
0.102352
0.081161
0.0959299
0.0753025
0.0894792
0.0694249
0.0830009
0.063529
0.0764957
0.0576155
0.0699646
0.0516851
0.0634085
0.0457386
0.0568282
0.0397767
0.0502247
0.0338002
0.0435989
0.0278097
0.0369518
0.0218062
0.0302842
0.0157904
0.0235973
0.009763
0.0168918
0.00372484
0.0101689
-0.00232326
0.00342953
-0.00838051
-0.0033253
-0.0144461
-0.0100946
-0.0205192
-0.0168772
-0.026599
-0.0236722
-0.0326846
-0.0304785
-0.0387753
-0.037295
-0.0448701
-0.0441206
-0.0509683
-0.0509543
-0.0570689
-0.057795
-0.0631712
-0.0646415
-0.0692741
-0.0714927
-0.075377
-0.0782993
-0.0817561
-0.0845166
-0.0886142
-0.0906152
-0.095473
-0.0967105
-0.102331
-0.102802
-0.109188
-0.108888
-0.116042
-0.114968
-0.122893
-0.121042
-0.129738
-0.127107
-0.136576
-0.133164
-0.143408
-0.139211
-0.15023
-0.145248
-0.157042
-0.151273
-0.163844
-0.157286
-0.170633
-0.163286
-0.177408
-0.169271
-0.184168
-0.175241
-0.190912
-0.181195
-0.197639
-0.187131
-0.204347
-0.19305
-0.211035
-0.198949
-0.217702
-0.204829
-0.224347
-0.210688
-0.230968
-0.216525
-0.237564
-0.222339
-0.244133
-0.228129
-0.250676
-0.233894
-0.257189
-0.239634
-0.263672
-0.245347
-0.270125
-0.251033
-0.276544
-0.25669
-0.28293
-0.262318
-0.289281
-0.267915
-0.295595
-0.273481
-0.301872
-0.279015
-0.30811
-0.284515
-0.314307
-0.289981
-0.320464
-0.295413
-0.326578
-0.300808
-0.332648
-0.306166
-0.338673
-0.311487
-0.344652
-0.316769
-0.350584
-0.322011
-0.356467
-0.327213
-0.3623
-0.332374
-0.368082
-0.337492
-0.373812
-0.342567
-0.379489
-0.347599
-0.385112
-0.352585
-0.390679
-0.357526
-0.396189
-0.36242
-0.401641
-0.367267
-0.407035
-0.372066
-0.412368
-0.376816
-0.417641
-0.381516
-0.422852
-0.386166
-0.428
-0.390764
-0.433083
-0.39531
-0.438102
-0.399804
-0.443054
-0.404244
-0.44794
-0.40863
-0.452758
-0.412961
-0.457507
-0.417236
-0.462186
-0.421455
-0.466795
-0.425617
-0.471332
-0.429722
-0.475797
-0.433768
-0.480189
-0.437755
-0.484508
-0.441683
-0.488751
-0.445551
-0.49292
-0.449358
-0.497012
-0.453104
-0.501028
-0.456788
-0.504967
-0.46041
-0.508827
-0.463969
-0.512609
-0.467465
-0.516312
-0.470897
-0.519936
-0.474265
-0.523479
-0.477569
-0.526941
-0.480807
-0.530322
-0.48398
-0.533622
-0.487088
-0.536839
-0.490129
-0.539975
-0.493103
-0.543027
-0.496011
-0.545996
-0.498852
-0.548883
-0.501626
-0.551685
-0.504331
-0.554404
-0.506969
-0.557038
-0.509539
-0.559589
-0.512041
-0.562055
-0.514474
-0.564436
-0.516838
-0.566733
-0.519134
-0.568946
-0.52136
-0.571073
-0.523518
-0.573116
-0.525607
-0.575075
-0.527626
-0.576949
-0.529576
-0.578739
-0.531458
-0.580444
-0.533269
-0.582065
-0.535012
-0.583602
-0.536686
-0.585056
-0.53829
-0.586425
-0.539826
-0.587712
-0.541292
-0.588916
-0.54269
-0.590037
-0.544019
-0.591076
-0.545279
-0.592033
-0.546472
-0.592908
-0.547596
-0.593703
-0.548652
-0.594417
-0.54964
-0.595051
-0.550561
-0.595605
-0.551414
-0.59608
-0.552201
-0.596477
-0.552921
-0.596796
-0.553575
-0.597037
-0.554162
-0.597202
-0.554684
-0.597291
-0.555141
-0.597305
-0.555532
-0.597244
-0.555859
-0.597109
-0.556122
-0.596901
-0.556321
-0.59662
-0.556457
-0.596268
-0.55653
-0.595845
-0.556541
-0.595352
-0.556489
-0.59479
-0.556376
-0.594159
-0.556202
-0.593461
-0.555968
-0.592697
-0.555673
-0.591866
-0.555319
-0.590971
-0.554906
-0.590012
-0.554435
-0.588989
-0.553906
-0.587905
-0.553319
-0.586759
-0.552676
-0.585554
-0.551977
-0.584289
-0.551222
-0.582965
-0.550412
-0.581585
-0.549548
-0.580148
-0.54863
-0.578656
-0.547659
-0.577109
-0.546635
-0.575509
-0.545559
-0.573857
-0.544432
-0.572153
-0.543254
-0.570399
-0.542026
-0.568596
-0.540749
-0.566744
-0.539423
-0.564845
-0.538048
-0.562899
-0.536626
-0.560909
-0.535157
-0.558873
-0.533642
-0.556795
-0.53208
-0.554674
-0.530474
-0.552511
-0.528824
-0.550308
-0.527129
-0.548066
-0.525391
-0.545785
-0.523611
-0.543466
-0.521788
-0.541111
-0.519925
-0.53872
-0.51802
-0.536295
-0.516076
-0.533835
-0.514091
-0.531343
-0.512068
-0.528818
-0.510007
-0.526262
-0.507907
-0.523676
-0.505771
-0.52106
-0.503598
-0.518416
-0.501389
-0.515743
-0.499144
-0.513044
-0.496864
-0.510319
-0.49455
-0.507568
-0.492202
-0.504792
-0.489821
-0.501992
-0.487406
-0.499169
-0.48496
-0.496324
-0.482482
-0.493456
-0.479972
-0.490568
-0.477431
-0.487658
-0.47486
-0.484729
-0.47226
-0.481781
-0.469629
-0.478814
-0.46697
-0.475829
-0.464282
-0.472826
-0.461566
-0.469806
-0.458823
-0.46677
-0.456051
-0.463718
-0.453253
-0.46065
-0.450429
-0.457567
-0.447578
-0.454469
-0.444701
-0.451357
-0.441799
-0.448232
-0.438872
-0.445092
-0.43592
-0.44194
-0.432943
-0.438775
-0.429942
-0.435597
-0.426918
-0.432407
-0.423869
-0.429205
-0.420797
-0.425991
-0.417703
-0.422766
-0.414585
-0.419529
-0.411444
-0.416281
-0.408282
-0.413023
-0.405097
-0.409753
-0.40189
-0.406473
-0.398661
-0.403182
-0.395411
-0.39988
-0.392139
-0.396568
-0.388846
-0.393246
-0.385531
-0.389913
-0.382196
-0.38657
-0.37884
-0.383216
-0.375463
-0.379851
-0.372065
-0.376477
-0.368647
-0.373091
-0.365209
-0.369695
-0.36175
-0.366288
-0.358271
-0.36287
-0.354771
-0.35944
-0.351252
-0.356
-0.347712
-0.352548
-0.344152
-0.349085
-0.340572
-0.345609
-0.336972
-0.342122
-0.333352
-0.338622
-0.329712
-0.33511
-0.326052
-0.331585
-0.322372
-0.328047
-0.318672
-0.324496
-0.314952
-0.320931
-0.311211
-0.317352
-0.307451
-0.313759
-0.30367
-0.310151
-0.29987
-0.306529
-0.296049
-0.302891
-0.292208
-0.299237
-0.288346
-0.295568
-0.284464
-0.291882
-0.280562
-0.28818
-0.276639
-0.28446
-0.272696
-0.280723
-0.268732
-0.276969
-0.264747
-0.273196
-0.260742
-0.269404
-0.256716
-0.265593
-0.252668
-0.261763
-0.2486
-0.257913
-0.244511
-0.254043
-0.240401
-0.250152
-0.236269
-0.24624
-0.232117
-0.242307
-0.227942
-0.238352
-0.223747
-0.234375
-0.21953
-0.230374
-0.215292
-0.226351
-0.211032
-0.222305
-0.20675
-0.218234
-0.202447
-0.21414
-0.198122
-0.210021
-0.193775
-0.205876
-0.189406
-0.201707
-0.185016
-0.197512
-0.180603
-0.193291
-0.176169
-0.189043
-0.171712
-0.184769
-0.167234
-0.180468
-0.162734
-0.176139
-0.158212
-0.171783
-0.153668
-0.167399
-0.149102
-0.162986
-0.144514
-0.158545
-0.139904
-0.154076
-0.135272
-0.149577
-0.130618
-0.14505
-0.125943
-0.140492
-0.121246
-0.135906
-0.116527
-0.131289
-0.111787
-0.126643
-0.107025
-0.121966
-0.102242
-0.117259
-0.0974381
-0.112522
-0.0926127
-0.107755
-0.0877664
-0.102956
-0.0828993
-0.0981277
-0.0780114
-0.0932683
-0.0731031
-0.0883782
-0.0681745
-0.0834575
-0.0632257
-0.0785061
-0.058257
-0.073524
-0.0532686
-0.0685114
-0.0482606
-0.0634683
-0.0432335
-0.0583947
-0.0381874
-0.0532909
-0.0331225
-0.0481569
-0.0280392
-0.0429929
-0.0229378
-0.0377991
-0.0178185
-0.0325756
-0.0126817
-0.0273228
-0.0075277
-0.0220408
-0.00235687
-0.0167299
0.00283044
-0.0113905
0.00803385
-0.00602272
0.013253
-0.000627045
0.0184874
0.00479621
0.0237368
0.0102467
0.0290006
0.0157239
0.0342785
0.0212275
0.0395699
0.026757
0.0448745
0.032312
0.0501916
0.0378919
0.0555209
0.0434962
0.0608618
0.0491244
0.0662138
0.054776
0.0715764
0.0604502
0.0769489
0.0661466
0.0823309
0.0718644
0.0877217
0.0776031
0.0931209
0.083362
0.0985276
0.0891402
0.103941
0.0949373
0.109362
0.100752
0.114788
0.106585
0.120219
0.112433
0.125655
0.118298
0.131094
0.124177
0.136536
0.13007
0.141981
0.135976
0.147428
0.141895
0.152875
0.147825
0.158323
0.153765
0.163771
0.159715
0.169216
0.165673
0.17466
0.171639
0.180102
0.177612
0.185539
0.18359
0.190972
0.189572
0.1964
0.195558
0.201822
0.201547
0.207238
0.207537
0.212645
0.213527
0.218044
0.219517
0.223434
0.225505
0.228814
0.231411
0.234461
0.236851
0.240439
0.242201
0.246412
0.247539
0.252377
0.252862
0.258335
0.258171
0.264283
0.263464
0.270221
0.26874
0.276147
0.273999
0.282061
0.279239
0.28796
0.28446
0.293844
0.289661
0.299712
0.294841
0.305562
0.299998
0.311394
0.305133
0.317205
0.310244
0.322995
0.31533
0.328763
0.320391
0.334506
0.325425
0.340225
0.330432
0.345918
0.33541
0.351584
0.34036
0.35722
0.345279
0.362827
0.350167
0.368403
0.355024
0.373947
0.359848
0.379458
0.364638
0.384933
0.369393
0.390373
0.374113
0.395776
0.378797
0.40114
0.383444
0.406466
0.388053
0.41175
0.392624
0.416993
0.397154
0.422193
0.401644
0.427349
0.406093
0.43246
0.4105
0.437525
0.414864
0.442542
0.419184
0.447511
0.423459
0.45243
0.427689
0.457298
0.431874
0.462115
0.436011
0.466879
0.440101
0.471589
0.444142
0.476244
0.448134
0.480844
0.452076
0.485387
0.455968
0.489871
0.459808
0.494298
0.463597
0.498664
0.467333
0.50297
0.471015
0.507214
0.474644
0.511396
0.478218
0.515514
0.481737
0.519568
0.4852
0.523557
0.488606
0.527481
0.491955
0.531337
0.495247
0.535127
0.49848
0.538848
0.501655
0.5425
0.50477
0.546082
0.507825
0.549594
0.51082
0.553035
0.513754
0.556404
0.516626
0.559701
0.519437
0.562925
0.522185
0.566075
0.524871
0.569151
0.527493
0.572152
0.530052
0.575078
0.532547
0.577927
0.534977
0.580701
0.537342
0.583398
0.539643
0.586017
0.541877
0.588559
0.544046
0.591023
0.546149
0.593408
0.548185
0.595714
0.550155
0.59794
0.552057
0.600087
0.553893
0.602155
0.55566
0.604142
0.55736
0.606048
0.558992
0.607874
0.560556
0.609618
0.562052
0.611282
0.563479
0.612863
0.564837
0.614364
0.566126
0.615782
0.567346
0.617119
0.568498
0.618374
0.56958
0.619546
0.570593
0.620637
0.571536
0.621645
0.57241
0.622571
0.573215
0.623415
0.57395
0.624176
0.574615
0.624855
0.575211
0.625452
0.575738
0.625967
0.576195
0.626399
0.576582
0.62675
0.5769
0.627019
0.577149
0.627206
0.577328
0.627311
0.577438
0.627335
0.577479
0.627277
0.577451
0.627138
0.577354
0.626919
0.577188
0.626619
0.576954
0.626238
0.576651
0.625777
0.57628
0.625236
0.57584
0.624616
0.575333
0.623916
0.574758
0.623138
0.574115
0.62228
0.573405
0.621345
0.572628
0.620331
0.571784
0.61924
0.570873
0.618072
0.569896
0.616826
0.568853
0.615505
0.567744
0.614107
0.566569
0.612634
0.565329
0.611086
0.564025
0.609464
0.562655
0.607767
0.561222
0.605996
0.559725
0.604153
0.558164
0.602237
0.556539
0.600249
0.554852
0.598189
0.553103
0.596059
0.551291
0.593858
0.549418
0.591587
0.547484
0.589246
0.545488
0.586838
0.543432
0.584361
0.541316
0.581816
0.539141
0.579205
0.536906
0.576528
0.534613
0.573785
0.532261
0.570977
0.529852
0.568105
0.527385
0.565169
0.524861
0.562171
0.522282
0.55911
0.519646
0.555988
0.516955
0.552805
0.514209
0.549561
0.511408
0.546259
0.508554
0.542898
0.505647
0.539478
0.502687
0.536002
0.499674
0.532469
0.49661
0.528881
0.493495
0.525237
0.490329
0.52154
0.487114
0.517789
0.483848
0.513985
0.480534
0.51013
0.477172
0.506223
0.473762
0.502267
0.470305
0.498261
0.466801
0.494206
0.463252
0.490103
0.459657
0.485954
0.456017
0.481758
0.452333
0.477517
0.448606
0.473231
0.444836
0.468902
0.441023
0.46453
0.437169
0.460115
0.433274
0.45566
0.429339
0.451164
0.425363
0.446629
0.421349
0.442055
0.417296
0.437443
0.413206
0.432794
0.409078
0.428109
0.404913
0.423388
0.400713
0.418633
0.396477
0.413845
0.392207
0.409024
0.387903
0.404171
0.383566
0.399286
0.379196
0.394372
0.374794
0.389428
0.37036
0.384456
0.365896
0.379456
0.361402
0.374429
0.356879
0.369376
0.352326
0.364298
0.347746
0.359195
0.343138
0.354069
0.338504
0.34892
0.333843
0.34375
0.329157
0.338558
0.324446
0.333346
0.319711
0.328114
0.314953
0.322864
0.310171
0.317595
0.305367
0.31231
0.300542
0.307008
0.295696
0.301691
0.290829
0.296359
0.285942
0.291013
0.281037
0.285654
0.276113
0.280282
0.271171
0.274898
0.266212
0.269503
0.261236
0.264098
0.256244
0.258683
0.251237
0.253259
0.246215
0.247827
0.241179
0.242387
0.236129
0.23694
0.231066
0.231487
0.22599
0.226028
0.220903
0.220565
0.215804
0.215097
0.210695
0.209625
0.205575
0.204151
0.200445
0.198674
0.195307
0.193195
0.19016
0.187714
0.185004
0.182253
0.179854
0.176771
0.174684
0.17129
0.169507
0.16581
0.164325
0.160331
0.159137
0.154854
0.153944
0.14938
0.148747
0.143908
0.143545
0.13844
0.13834
0.132975
0.133132
0.127515
0.127922
0.122059
0.122709
0.116609
0.117494
0.111164
0.112278
0.105725
0.107061
0.100292
0.101844
0.0948661
0.0966265
0.0894473
0.0914096
0.0840358
0.0861935
0.0786321
0.0809787
0.0732365
0.0757654
0.0678493
0.0705542
0.0624709
0.0653453
0.0571015
0.0601392
0.0517414
0.0549362
0.046391
0.0497366
0.0410503
0.044541
0.0357198
0.0393494
0.0303997
0.0341624
0.0250902
0.0289803
0.0197914
0.0238034
0.0145037
0.018632
0.00922727
0.0134664
0.00396223
0.00830697
-0.00129119
0.003154
-0.00653283
-0.00199222
-0.0117625
-0.00713138
-0.0169801
-0.0122632
-0.0221854
-0.0173874
-0.0273783
-0.0225036
-0.0325587
-0.0276117
-0.0377264
-0.0327113
-0.0428813
-0.0378022
-0.0480234
-0.0428841
-0.0531524
-0.0479568
-0.0582684
-0.0530199
-0.0633712
-0.0580733
-0.0684607
-0.0631167
-0.0735369
-0.0681499
-0.0785997
-0.0731726
-0.083649
-0.0781845
-0.0886847
-0.0831855
-0.0937069
-0.0881754
-0.0987154
-0.0931538
-0.10371
-0.0981207
-0.108691
-0.103076
-0.113658
-0.108019
-0.118612
-0.112949
-0.123551
-0.117867
-0.128477
-0.122773
-0.133389
-0.127665
-0.138286
-0.132545
-0.14317
-0.137411
-0.14804
-0.142263
-0.152896
-0.147102
-0.157737
-0.151927
-0.162565
-0.156738
-0.167378
-0.161534
-0.172177
-0.166316
-0.176962
-0.171083
-0.181733
-0.175835
-0.18649
-0.180572
-0.191232
-0.185294
-0.19596
-0.19
-0.200674
-0.19469
-0.205373
-0.199364
-0.210058
-0.204022
-0.214729
-0.208664
-0.219385
-0.213289
-0.224027
-0.217897
-0.228653
-0.222489
-0.233266
-0.227063
-0.237863
-0.231619
-0.242446
-0.236158
-0.247014
-0.24068
-0.251567
-0.245183
-0.256105
-0.249667
-0.260628
-0.254133
-0.265136
-0.258581
-0.269629
-0.263009
-0.274106
-0.267419
-0.278568
-0.271808
-0.283014
-0.276178
-0.287444
-0.280528
-0.291859
-0.284858
-0.296257
-0.289168
-0.30064
-0.293457
-0.305006
-0.297724
-0.309356
-0.301971
-0.313689
-0.306196
-0.318005
-0.3104
-0.322305
-0.314581
-0.326587
-0.31874
-0.330852
-0.322877
-0.335099
-0.326991
-0.339329
-0.331081
-0.343541
-0.335149
-0.347734
-0.339192
-0.351909
-0.343212
-0.356065
-0.347207
-0.360202
-0.351178
-0.36432
-0.355124
-0.368419
-0.359045
-0.372497
-0.36294
-0.376556
-0.366809
-0.380594
-0.370652
-0.384612
-0.374469
-0.388608
-0.378258
-0.392583
-0.382021
-0.396536
-0.385756
-0.400468
-0.389463
-0.404376
-0.393142
-0.408262
-0.396792
-0.412125
-0.400414
-0.415965
-0.404006
-0.41978
-0.407568
-0.423571
-0.411101
-0.427337
-0.414603
-0.431078
-0.418074
-0.434794
-0.421514
-0.438483
-0.424923
-0.442146
-0.428299
-0.445782
-0.431644
-0.449391
-0.434955
-0.452971
-0.438234
-0.456524
-0.441478
-0.460047
-0.444689
-0.463542
-0.447866
-0.467006
-0.451008
-0.47044
-0.454115
-0.473843
-0.457186
-0.477215
-0.460221
-0.480555
-0.46322
-0.483862
-0.466182
-0.487137
-0.469107
-0.490378
-0.471994
-0.493585
-0.474843
-0.496757
-0.477653
-0.499894
-0.480425
-0.502995
-0.483157
-0.50606
-0.485849
-0.509088
-0.488501
-0.512079
-0.491112
-0.515031
-0.493682
-0.517945
-0.49621
-0.52082
-0.498697
-0.523654
-0.501141
-0.526448
-0.503542
-0.529201
-0.5059
-0.531913
-0.508214
-0.534582
-0.510483
-0.537208
-0.512708
-0.53979
-0.514888
-0.542329
-0.517023
-0.544822
-0.519111
-0.54727
-0.521153
-0.549672
-0.523149
-0.552028
-0.525096
-0.554336
-0.526997
-0.556596
-0.528849
-0.558808
-0.530652
-0.560971
-0.532407
-0.563084
-0.534112
-0.565146
-0.535767
-0.567158
-0.537372
-0.569118
-0.538927
-0.571025
-0.54043
-0.57288
-0.541882
-0.574682
-0.543282
-0.576429
-0.54463
-0.578122
-0.545925
-0.57976
-0.547167
-0.581341
-0.548356
-0.582867
-0.549491
-0.584335
-0.550571
-0.585746
-0.551598
-0.587098
-0.552569
-0.588392
-0.553485
-0.589627
-0.554345
-0.590802
-0.555149
-0.591917
-0.555897
-0.59297
-0.556589
-0.593963
-0.557223
-0.594893
-0.5578
-0.595761
-0.55832
-0.596566
-0.558781
-0.597307
-0.559185
-0.597985
-0.55953
-0.598598
-0.559816
-0.599146
-0.560043
-0.599629
-0.560211
-0.600047
-0.560319
-0.600398
-0.560368
-0.600682
-0.560356
-0.6009
-0.560284
-0.60105
-0.560152
-0.601132
-0.559958
-0.601146
-0.559704
-0.601091
-0.559389
-0.600968
-0.559013
-0.600775
-0.558575
-0.600513
-0.558075
-0.600182
-0.557514
-0.59978
-0.556891
-0.599307
-0.556206
-0.598764
-0.555458
-0.59815
-0.554648
-0.597465
-0.553776
-0.596709
-0.552842
-0.595881
-0.551845
-0.594981
-0.550785
-0.59401
-0.549663
-0.592966
-0.548478
-0.59185
-0.547231
-0.590662
-0.545921
-0.589402
-0.544548
-0.588069
-0.543112
-0.586664
-0.541614
-0.585186
-0.540053
-0.583636
-0.538429
-0.582013
-0.536743
-0.580317
-0.534995
-0.578549
-0.533184
-0.576709
-0.531312
-0.574796
-0.529377
-0.572812
-0.52738
-0.570755
-0.525322
-0.568626
-0.523201
-0.566425
-0.52102
-0.564152
-0.518777
-0.561807
-0.516472
-0.559391
-0.514107
-0.556904
-0.511681
-0.554346
-0.509195
-0.551717
-0.506649
-0.549018
-0.504042
-0.546249
-0.501377
-0.543411
-0.498652
-0.540503
-0.495867
-0.537525
-0.493024
-0.534479
-0.490123
-0.531365
-0.487163
-0.528182
-0.484146
-0.524932
-0.481071
-0.521614
-0.477939
-0.518229
-0.47475
-0.514778
-0.471505
-0.511261
-0.468204
-0.507679
-0.464847
-0.504032
-0.461436
-0.50032
-0.457969
-0.496544
-0.454449
-0.492705
-0.450874
-0.488803
-0.447246
-0.484839
-0.443566
-0.480814
-0.439833
-0.476727
-0.436048
-0.47258
-0.432212
-0.468373
-0.428326
-0.464107
-0.424389
-0.459783
-0.420402
-0.455401
-0.416366
-0.450962
-0.412281
-0.446466
-0.408148
-0.441915
-0.403968
-0.437309
-0.399741
-0.432649
-0.395468
-0.427936
-0.391149
-0.423169
-0.386784
-0.418351
-0.382376
-0.413482
-0.377923
-0.408562
-0.373427
-0.403593
-0.368889
-0.398575
-0.364308
-0.393509
-0.359686
-0.388396
-0.355024
-0.383236
-0.350321
-0.378031
-0.345579
-0.372782
-0.340799
-0.367489
-0.33598
-0.362152
-0.331124
-0.356774
-0.326232
-0.351355
-0.321303
-0.345895
-0.316339
-0.340395
-0.311341
-0.334857
-0.306308
-0.329282
-0.301243
-0.323669
-0.296144
-0.31802
-0.291015
-0.312337
-0.285854
-0.306619
-0.280662
-0.300868
-0.275441
-0.295084
-0.270191
-0.289269
-0.264913
-0.283423
-0.259607
-0.277548
-0.254275
-0.271643
-0.248916
-0.265711
-0.243532
-0.259752
-0.238124
-0.253766
-0.232691
-0.247755
-0.227236
-0.24172
-0.221757
-0.235661
-0.216257
-0.22958
-0.210737
-0.223477
-0.205195
-0.217353
-0.199634
-0.211209
-0.194055
-0.205046
-0.188457
-0.198865
-0.182841
-0.192667
-0.177209
-0.186452
-0.171561
-0.180221
-0.165898
-0.173976
-0.16022
-0.167717
-0.154528
-0.161444
-0.148823
-0.15516
-0.143106
-0.148864
-0.137376
-0.142558
-0.131636
-0.136242
-0.125886
-0.129917
-0.120125
-0.123584
-0.114356
-0.117244
-0.108578
-0.110897
-0.102793
-0.104545
-0.097001
-0.0981884
-0.0912027
-0.0918276
-0.0853988
-0.0854637
-0.07959
-0.0790974
-0.0737771
-0.0727295
-0.0679606
-0.0663608
-0.0621413
-0.059992
-0.0563197
-0.053624
-0.0504966
-0.0472774
-0.0446848
-0.040913
-0.0388607
-0.0345517
-0.0330369
-0.0281941
-0.0272142
-0.0218409
-0.0213933
-0.0154929
-0.0155747
-0.0091509
-0.00975904
-0.00281552
-0.00394706
0.00351251
0.00186065
0.00983245
0.00766348
0.0161436
0.0134608
0.0224453
0.019252
0.0287368
0.0250364
0.0350175
0.0308135
0.0412866
0.0365825
0.0475435
0.042343
0.0537875
0.0480944
0.060018
0.0538359
0.0662342
0.059567
0.0724356
0.0652872
0.0786214
0.0709958
0.0847911
0.0766922
0.090944
0.0823759
0.0970794
0.0880463
0.103197
0.0937028
0.109295
0.0993448
0.115375
0.104972
0.121434
0.110583
0.127473
0.116179
0.133491
0.121757
0.139487
0.127318
0.145461
0.132862
0.151412
0.138387
0.157339
0.143893
0.163243
0.14938
0.169121
0.154846
0.174975
0.160293
0.180803
0.165718
0.186604
0.171121
0.192379
0.176503
0.198126
0.181862
0.203845
0.187197
0.209536
0.192509
0.215198
0.197797
0.22083
0.20306
0.226432
0.208298
0.232003
0.213511
0.237544
0.218697
0.243052
0.223856
0.248529
0.228989
0.253973
0.234094
0.259384
0.23917
0.264761
0.244218
0.270104
0.249237
0.275413
0.254227
0.280686
0.259186
0.285924
0.264115
0.291126
0.269013
0.296291
0.27388
0.30142
0.278715
0.306511
0.283518
0.311565
0.288288
0.31658
0.293024
0.321556
0.297728
0.326494
0.302397
0.331391
0.307032
0.336249
0.311632
0.341067
0.316196
0.345843
0.320725
0.350579
0.325218
0.355273
0.329674
0.359924
0.334094
0.364534
0.338476
0.3691
0.34282
0.373624
0.347127
0.378104
0.351395
0.38254
0.355624
0.386931
0.359813
0.391278
0.363964
0.39558
0.368074
0.399837
0.372144
0.404048
0.376173
0.408212
0.380161
0.412331
0.384107
0.416402
0.388012
0.420427
0.391875
0.424404
0.395696
0.428334
0.399473
0.432216
0.403208
0.436049
0.406899
0.439834
0.410547
0.44357
0.41415
0.447257
0.417709
0.450894
0.421224
0.454482
0.424694
0.45802
0.428119
0.461508
0.431498
0.464946
0.434831
0.468333
0.438119
0.471669
0.44136
0.474954
0.444555
0.478188
0.447703
0.481371
0.450804
0.484502
0.453858
0.487581
0.456865
0.490608
0.459824
0.493583
0.462734
0.496505
0.465597
0.499375
0.468412
0.502192
0.471178
0.504957
0.473895
0.507668
0.476564
0.510327
0.479184
0.512932
0.481754
0.515484
0.484275
0.517983
0.486746
0.520428
0.489168
0.522819
0.491539
0.525157
0.493861
0.527441
0.496133
0.529672
0.498355
0.531852
0.500529
0.533981
0.502653
0.536057
0.504727
0.538079
0.506752
0.540049
0.508725
0.541964
0.510648
0.543826
0.512521
0.545634
0.514342
0.547388
0.516113
0.549088
0.517832
0.550734
0.5195
0.552327
0.521117
0.553865
0.522682
0.555349
0.524197
0.55678
0.525659
0.558156
0.527071
0.559479
0.52843
0.560748
0.529739
0.561963
0.530995
0.563124
0.5322
0.564232
0.533354
0.565286
0.534455
0.566286
0.535506
0.567233
0.536504
0.568127
0.537451
0.568967
0.538346
0.569754
0.53919
0.570488
0.539982
0.571169
0.540723
0.571796
0.541412
0.572371
0.542049
0.572893
0.542635
0.573363
0.54317
0.57378
0.543653
0.574144
0.544085
0.574457
0.544465
0.574717
0.544795
0.574925
0.545073
0.575081
0.5453
0.575185
0.545476
0.575238
0.545601
0.575239
0.545675
0.575189
0.545699
0.575087
0.545671
0.574935
0.545593
0.574731
0.545465
0.574477
0.545286
0.574172
0.545056
0.573817
0.544777
0.573411
0.544447
0.572955
0.544067
0.572449
0.543637
0.571894
0.543157
0.571288
0.542628
0.570633
0.542048
0.569929
0.54142
0.569176
0.540742
0.568373
0.540014
0.567522
0.539238
0.566622
0.538412
0.565673
0.537538
0.564676
0.536615
0.56363
0.535643
0.562537
0.534622
0.561396
0.533554
0.560207
0.532437
0.55897
0.531272
0.557686
0.530059
0.556355
0.528798
0.554977
0.527489
0.553552
0.526134
0.55208
0.52473
0.550562
0.52328
0.548997
0.521782
0.547386
0.520237
0.545729
0.518646
0.544026
0.517008
0.542277
0.515324
0.540482
0.513593
0.538642
0.511816
0.536757
0.509994
0.534827
0.508125
0.532852
0.506211
0.530832
0.504251
0.528767
0.502247
0.526658
0.500196
0.524504
0.498101
0.522306
0.495962
0.520065
0.493777
0.517779
0.491548
0.515449
0.489275
0.513076
0.486958
0.51066
0.484597
0.5082
0.482192
0.505697
0.479744
0.503151
0.477252
0.500563
0.474717
0.497931
0.472139
0.495257
0.469518
0.492541
0.466855
0.489782
0.464149
0.486982
0.461401
0.484139
0.458611
0.481255
0.455779
0.478329
0.452905
0.475361
0.44999
0.472352
0.447034
0.469302
0.444037
0.466211
0.440998
0.463078
0.43792
0.459905
0.4348
0.456692
0.431641
0.453438
0.428441
0.450144
0.425202
0.446809
0.421923
0.443434
0.418605
0.44002
0.415248
0.436566
0.411851
0.433072
0.408416
0.429539
0.404943
0.425967
0.401431
0.422356
0.397882
0.418706
0.394294
0.415017
0.390669
0.41129
0.387007
0.407524
0.383308
0.40372
0.379572
0.399878
0.375799
0.395998
0.37199
0.39208
0.368145
0.388125
0.364265
0.384133
0.360348
0.380103
0.356397
0.376037
0.35241
0.371934
0.348389
0.367794
0.344334
0.363618
0.340244
0.359406
0.33612
0.355158
0.331963
0.350874
0.327772
0.346555
0.323549
0.342201
0.319292
0.337811
0.315003
0.333387
0.310682
0.328928
0.30633
0.324435
0.301945
0.319908
0.29753
0.315347
0.293084
0.310752
0.288607
0.306124
0.2841
0.301463
0.279563
0.29677
0.274996
0.292044
0.2704
0.287285
0.265776
0.282495
0.261122
0.277673
0.256441
0.27282
0.251732
0.267936
0.246995
0.263021
0.242232
0.258076
0.237441
0.253101
0.232625
0.248096
0.227782
0.243062
0.222914
0.237999
0.218021
0.232907
0.213103
0.227787
0.208161
0.222639
0.203194
0.217464
0.198204
0.212261
0.193191
0.207031
0.188156
0.201776
0.183098
0.196494
0.178018
0.191186
0.172917
0.185854
0.167795
0.180497
0.162652
0.175115
0.157489
0.16971
0.152307
0.164281
0.147106
0.158829
0.141885
0.153355
0.136647
0.147859
0.131391
0.142341
0.126117
0.136802
0.120827
0.131242
0.115521
0.125663
0.110198
0.120063
0.104861
0.114445
0.0995082
0.108808
0.0941414
0.103153
0.0887609
0.0974805
0.0833671
0.091791
0.0779606
0.086085
0.0725418
0.0803631
0.0671114
0.0746259
0.0616698
0.0688739
0.0562176
0.0631077
0.0507553
0.0573279
0.0452835
0.0515351
0.0398027
0.0457298
0.0343135
0.0399126
0.0288165
0.0340842
0.0233122
0.0282452
0.0178011
0.0223962
0.0122839
0.0165378
0.00676111
0.0106706
0.00123334
0.00479538
-0.00429884
-0.00108736
-0.00983484
-0.00697817
-0.0153755
-0.0128775
-0.0209212
-0.0187865
-0.0264683
-0.0247011
-0.0320187
-0.0306208
-0.0375707
-0.0365449
-0.0431235
-0.0424725
-0.0486762
-0.0484029
-0.0542284
-0.0543353
-0.0597793
-0.060269
-0.0653284
-0.0662033
-0.0708749
-0.0721375
-0.0764183
-0.0780707
-0.0819578
-0.0840024
-0.087493
-0.0899318
-0.0930231
-0.0957502
-0.0988001
-0.101295
-0.104721
-0.10681
-0.110636
-0.112318
-0.116546
-0.117817
-0.12245
-0.123308
-0.128347
-0.12879
-0.134236
-0.134262
-0.140117
-0.139724
-0.145988
-0.145175
-0.151849
-0.150613
-0.1577
-0.15604
-0.163539
-0.161453
-0.169365
-0.166853
-0.175179
-0.172239
-0.180979
-0.177609
-0.186765
-0.182964
-0.192535
-0.188303
-0.198289
-0.193625
-0.204027
-0.198929
-0.209747
-0.204216
-0.215448
-0.209483
-0.221131
-0.214731
-0.226794
-0.219959
-0.232437
-0.225167
-0.238058
-0.230353
-0.243657
-0.235517
-0.249234
-0.240658
-0.254787
-0.245777
-0.260316
-0.250871
-0.26582
-0.255942
-0.271298
-0.260987
-0.276751
-0.266006
-0.282176
-0.271
-0.287573
-0.275966
-0.292941
-0.280905
-0.298281
-0.285816
-0.30359
-0.290698
-0.308869
-0.295551
-0.314117
-0.300374
-0.319332
-0.305167
-0.324515
-0.309929
-0.329665
-0.314659
-0.334781
-0.319358
-0.339861
-0.324023
-0.344907
-0.328655
-0.349917
-0.333254
-0.35489
-0.337818
-0.359825
-0.342348
-0.364723
-0.346841
-0.369583
-0.3513
-0.374403
-0.355721
-0.379184
-0.360106
-0.383924
-0.364453
-0.388623
-0.368762
-0.393281
-0.373033
-0.397897
-0.377265
-0.40247
-0.381457
-0.407
-0.385609
-0.411487
-0.389721
-0.415929
-0.393793
-0.420326
-0.397822
-0.424678
-0.401811
-0.428985
-0.405756
-0.433245
-0.40966
-0.437458
-0.41352
-0.441624
-0.417337
-0.445743
-0.421109
-0.449813
-0.424838
-0.453834
-0.428522
-0.457807
-0.432161
-0.46173
-0.435754
-0.465603
-0.439301
-0.469426
-0.442803
-0.473198
-0.446257
-0.476919
-0.449665
-0.480589
-0.453025
-0.484206
-0.456338
-0.487772
-0.459603
-0.491284
-0.46282
-0.494744
-0.465988
-0.498151
-0.469107
-0.501504
-0.472177
-0.504803
-0.475197
-0.508049
-0.478168
-0.511239
-0.481089
-0.514375
-0.483959
-0.517456
-0.486779
-0.520482
-0.489548
-0.523452
-0.492266
-0.526366
-0.494932
-0.529225
-0.497548
-0.532027
-0.500111
-0.534773
-0.502622
-0.537462
-0.505082
-0.540094
-0.507488
-0.542669
-0.509843
-0.545188
-0.512144
-0.547648
-0.514393
-0.550051
-0.516588
-0.552397
-0.51873
-0.554684
-0.520819
-0.556914
-0.522854
-0.559085
-0.524835
-0.561198
-0.526763
-0.563253
-0.528636
-0.56525
-0.530455
-0.567187
-0.53222
-0.569067
-0.53393
-0.570887
-0.535586
-0.572648
-0.537188
-0.574351
-0.538734
-0.575994
-0.540226
-0.577579
-0.541663
-0.579104
-0.543045
-0.580571
-0.544372
-0.581977
-0.545643
-0.583325
-0.54686
-0.584614
-0.548021
-0.585843
-0.549127
-0.587012
-0.550177
-0.588123
-0.551172
-0.589174
-0.552112
-0.590165
-0.552996
-0.591098
-0.553825
-0.59197
-0.554598
-0.592784
-0.555315
-0.593538
-0.555977
-0.594232
-0.556583
-0.594867
-0.557134
-0.595443
-0.557629
-0.595959
-0.558068
-0.596417
-0.558452
-0.596814
-0.55878
-0.597153
-0.559052
-0.597432
-0.559269
-0.597652
-0.55943
-0.597813
-0.559536
-0.597915
-0.559586
-0.597958
-0.55958
-0.597941
-0.559519
-0.597866
-0.559403
-0.597732
-0.559231
-0.597539
-0.559004
-0.597287
-0.558721
-0.596976
-0.558383
-0.596606
-0.55799
-0.596178
-0.557542
-0.595692
-0.557039
-0.595146
-0.55648
-0.594543
-0.555867
-0.593881
-0.555198
-0.59316
-0.554475
-0.592381
-0.553697
-0.591545
-0.552864
-0.59065
-0.551976
-0.589697
-0.551034
-0.588686
-0.550038
-0.587617
-0.548987
-0.58649
-0.547882
-0.585306
-0.546722
-0.584064
-0.545509
-0.582765
-0.544241
-0.581408
-0.54292
-0.579994
-0.541544
-0.578522
-0.540115
-0.576994
-0.538633
-0.575408
-0.537097
-0.573766
-0.535507
-0.572066
-0.533865
-0.57031
-0.532169
-0.568497
-0.53042
-0.566628
-0.528619
-0.564703
-0.526764
-0.562721
-0.524858
-0.560683
-0.522898
-0.558589
-0.520887
-0.556439
-0.518823
-0.554233
-0.516708
-0.551971
-0.51454
-0.549654
-0.512321
-0.547282
-0.510051
-0.544855
-0.507729
-0.542372
-0.505356
-0.539834
-0.502932
-0.537242
-0.500457
-0.534595
-0.497932
-0.531894
-0.495356
-0.529138
-0.49273
-0.526329
-0.490055
-0.523465
-0.487329
-0.520548
-0.484554
-0.517577
-0.481729
-0.514553
-0.478855
-0.511476
-0.475933
-0.508345
-0.472961
-0.505163
-0.469942
-0.501927
-0.466874
-0.498639
-0.463758
-0.4953
-0.460594
-0.491908
-0.457383
-0.488465
-0.454125
-0.484971
-0.45082
-0.481425
-0.447468
-0.477829
-0.44407
-0.474182
-0.440625
-0.470485
-0.437135
-0.466738
-0.4336
-0.462942
-0.430019
-0.459096
-0.426394
-0.455201
-0.422723
-0.451257
-0.419009
-0.447265
-0.415251
-0.443225
-0.411449
-0.439137
-0.407604
-0.435002
-0.403716
-0.43082
-0.399786
-0.426591
-0.395813
-0.422315
-0.391799
-0.417994
-0.387743
-0.413628
-0.383647
-0.409216
-0.379509
-0.40476
-0.375332
-0.400259
-0.371114
-0.395715
-0.366857
-0.391127
-0.362561
-0.386496
-0.358227
-0.381823
-0.353854
-0.377108
-0.349444
-0.372351
-0.344996
-0.367553
-0.340512
-0.362714
-0.335991
-0.357835
-0.331434
-0.352917
-0.326842
-0.34796
-0.322214
-0.342964
-0.317553
-0.33793
-0.312857
-0.332858
-0.308127
-0.32775
-0.303365
-0.322605
-0.29857
-0.317424
-0.293743
-0.312208
-0.288885
-0.306958
-0.283995
-0.301673
-0.279075
-0.296355
-0.274125
-0.291004
-0.269146
-0.285621
-0.264138
-0.280206
-0.259102
-0.27476
-0.254038
-0.269284
-0.248947
-0.263778
-0.243829
-0.258243
-0.238685
-0.252679
-0.233516
-0.247088
-0.228322
-0.241469
-0.223103
-0.235825
-0.217861
-0.230154
-0.212596
-0.224458
-0.207308
-0.218738
-0.201999
-0.212994
-0.196668
-0.207228
-0.191316
-0.201439
-0.185944
-0.195628
-0.180553
-0.189797
-0.175143
-0.183945
-0.169715
-0.178074
-0.164269
-0.172184
-0.158807
-0.166277
-0.153328
-0.160352
-0.147833
-0.154411
-0.142323
-0.148453
-0.136799
-0.142481
-0.131261
-0.136495
-0.12571
-0.130495
-0.120146
-0.124482
-0.114571
-0.118458
-0.108984
-0.112422
-0.103387
-0.106375
-0.0977802
-0.100319
-0.0921639
-0.0942537
-0.086539
-0.0881802
-0.0809063
-0.0820992
-0.0752662
