0 
7.66748e-16 
-3.26128e-16 
8.32667e-17 
-1.17961e-16 
2.84495e-16 
-7.28584e-17 
3.01842e-16 
5.37764e-16 
-1.94289e-16 
-0.0225203 
-4.16334e-17 
-0.0206052 
2.28983e-16 
-0.0184047 
6.03684e-16 
-0.0160558 
6.59195e-16 
-0.0136871 
2.77556e-17 
-0.0114104 
6.59195e-17 
-1.38778e-16 
4.85723e-17 
-8.84709e-17 
3.53016e-16 
4.0766e-17 
-6.99094e-16 
5.20417e-17 
1.96024e-16 
4.68375e-17 
1.69136e-17 
1.97325e-16 
2.50668e-16 
-1.1666e-16 
-4.26742e-16 
1.73472e-17 
5.89806e-17 
2.91867e-16 
-2.90566e-17 
9.2374e-17 
-2.86229e-16 
-2.86229e-17 
1.82146e-17 
4.68375e-17 
-1.5786e-16 
-9.80119e-17 
-1.89952e-16 
3.29597e-17 
1.52656e-16 
-1.56125e-16 
-1.65666e-16 
1.26635e-16 
-1.04083e-17 
1.96024e-16 
3.81639e-17 
1.9082e-17 
-5.89806e-17 
-9.19403e-17 
9.36751e-17 
-1.35308e-16 
-2.94903e-17 
-3.81639e-17 
1.9082e-17 
5.89806e-17 
-1.66533e-16 
1.30104e-16 
8.50015e-17 
2.56739e-16 
3.7817e-16 
-4.49293e-16 
3.1225e-17 
5.89806e-17 
3.81639e-16 
5.89806e-17 
1.11022e-16 
-1.92554e-16 
1.82146e-16 
2.77556e-17 
9.45424e-17 
8.41341e-17 
1.45717e-16 
-1.35308e-16 
-3.27863e-16 
2.63678e-16 
7.80626e-18 
7.2338e-16 
1.89085e-16 
3.75568e-16 
-1.40513e-16 
3.17454e-16 
3.34802e-16 
2.60209e-16 
-2.05565e-16 
7.6111e-16 
-9.84456e-17 
1.47018e-16 
2.1207e-16 
3.80772e-16 
2.09468e-16 
-1.98192e-16 
4.4539e-16 
-4.51028e-16 
2.60209e-17 
2.89482e-16 
-1.44633e-16 
1.94072e-16 
1.66967e-17 
4.56666e-16 
3.76001e-16 
-1.30755e-16 
2.84278e-16 
8.13152e-17 
2.60209e-16 
3.68629e-17 
3.82073e-16 
-1.43115e-16 
2.5804e-16 
1.61763e-16 
3.07913e-17 
-2.34188e-17 
-2.96638e-16 
2.13371e-16 
-1.3314e-16 
4.25007e-17 
3.95517e-16 
1.02782e-16 
-3.7817e-16 
-2.40693e-16 
-4.85723e-17 
-2.71484e-16 
2.40259e-16 
-1.98192e-16 
-1.40079e-16 
-1.59595e-16 
-1.8735e-16 
-1.50487e-16 
-7.28584e-17 
1.0777e-16 
-2.29417e-16 
-1.60462e-16 
-1.46367e-16 
-1.15359e-16 
-2.086e-16 
1.57426e-16 
-6.57027e-17 
3.17888e-16 
-3.62557e-16 
-5.20417e-17 
-3.8641e-16 
-1.95807e-16 
3.68629e-18 
-4.71628e-17 
1.48536e-17 
1.60679e-16 
-4.53197e-17 
2.07083e-17 
-1.91904e-17 
1.94072e-17 
-4.35849e-17 
-2.28767e-17 
-5.35596e-17 
-1.11673e-16 
4.34765e-17 
9.66024e-17 
1.53957e-16 
-6.33174e-17 
7.83878e-17 
2.36356e-17 
6.58111e-17 
2.00577e-16 
-2.18358e-16 
2.13371e-16 
2.03993e-16 
1.36013e-16 
-8.98804e-17 
6.71934e-17 
2.95242e-16 
1.16311e-16 
1.76881e-16 
-4.91726e-16 
1.72198e-16 
2.28333e-16 
1.59378e-17 
-1.15468e-17 
2.5842e-16 
2.50451e-17 
-1.76508e-16 
3.03956e-16 
-1.63525e-16 
8.09763e-17 
2.52485e-16 
5.65086e-16 
-1.72117e-17 
9.22114e-17 
6.00648e-16 
4.42463e-16 
-3.90313e-16 
2.74954e-16 
-8.26162e-17 
8.23994e-18 
-4.01155e-17 
1.88868e-16 
2.50884e-16 
2.44162e-16 
-6.67869e-17 
-8.73867e-17 
2.72352e-16 
-2.38524e-18 
-3.02276e-16 
-2.07516e-16 
-2.69533e-16 
-9.97466e-17 
-1.03433e-16 
-1.88651e-17 
-4.68375e-17 
2.2508e-16 
6.00648e-17 
-4.29344e-17 
-6.21248e-17 
-7.13405e-17 
-4.0766e-17 
-1.4138e-16 
-5.13912e-17 
1.21431e-17 
-2.05998e-17 
3.96818e-17 
-1.35742e-16 
2.40693e-17 
1.43115e-17 
2.28983e-16 
-6.46184e-17 
3.46945e-17 
-5.0307e-17 
2.5327e-16 
-2.33754e-16 
1.86483e-16 
-4.16334e-17 
-2.41127e-16 
-3.39138e-16 
6.85216e-17 
2.61943e-16 
6.09755e-16 
-4.59702e-17 
2.89699e-16 
-1.249e-16 
-5.63785e-16 
2.77556e-17 
-2.08167e-16 
1.04083e-17 
8.50015e-17 
3.57353e-16 
8.67362e-17 
-1.47451e-16 
6.22766e-16 
4.00721e-16 
-5.20417e-18 
-1.04083e-16 
-3.43475e-16 
-3.07046e-16 
-3.29597e-17 
7.97973e-17 
-2.96638e-16 
5.20417e-17 
1.63064e-16 
-1.17961e-16 
-1.73472e-17 
5.89806e-17 
-7.11237e-17 
-9.41955e-16 
4.25007e-16 
-9.54098e-17 
-1.37043e-16 
-2.68882e-16 
1.70003e-16 
-1.33574e-16 
-2.06432e-16 
-1.21431e-16 
-4.51028e-17 
2.02095e-16 
1.12757e-17 
-1.05818e-16 
2.09034e-16 
-2.26381e-16 
-5.58581e-16 
-3.20056e-16 
-1.94289e-16 
1.56125e-16 
-9.1073e-17 
-1.21431e-17 
-7.80626e-18 
-2.86229e-17 
1.17961e-16 
1.01481e-16 
-9.19403e-17 
8.67362e-18 
-7.80626e-17 
-3.1225e-17 
-5.37764e-17 
1.04083e-17 
-3.1225e-17 
8.50015e-17 
6.41848e-17 
1.73472e-18 
7.97973e-17 
-5.89806e-17 
-9.19403e-17 
-7.97973e-17 
2.94903e-17 
-6.93889e-17 
-5.20417e-17 
2.01228e-16 
4.16334e-17 
-1.42247e-16 
-8.32667e-17 
-6.245e-17 
-1.80411e-16 
1.38778e-16 
-1.04083e-17 
7.97973e-17 
-1.45717e-16 
-2.01228e-16 
-1.99493e-16 
-1.92554e-16 
1.04083e-17 
6.93889e-18 
1.16226e-16 
1.73472e-18 
5.72459e-17 
-1.11022e-16 
1.73472e-18 
1.97758e-16 
-3.62557e-16 
3.31332e-16 
7.28584e-16 
9.90527e-16 
8.58688e-17 
1.88651e-16 
3.72966e-17 
-1.61112e-16 
-4.87891e-18 
-9.36751e-17 
1.77457e-16 
-8.67362e-18 
-4.11997e-18 
4.33681e-17 
6.13658e-17 
-5.7029e-17 
2.1684e-18 
-2.60209e-17 
1.51788e-18 
-6.50521e-18 
-1.19262e-17 
8.23994e-18 
1.26553e-16 
3.6646e-17 
7.58942e-17 
1.96024e-16 
5.24754e-17 
1.93422e-16 
9.71445e-17 
-2.46331e-16 
1.50921e-16 
-2.48065e-16 
-2.41127e-16 
-3.86843e-16 
6.15827e-16 
3.08781e-16 
-4.78784e-16 
-7.63278e-17 
-4.71845e-16 
3.95517e-16 
-7.91034e-16 
-1.249e-16 
-7.5287e-16 
-2.81025e-16 
7.00828e-16 
-5.79398e-16 
4.16334e-16 
3.85109e-16 
3.05311e-16 
-4.23273e-16 
8.36137e-16 
-4.61436e-16 
9.36751e-17 
3.747e-16 
-6.245e-16 
3.46945e-16 
-2.77556e-17 
-1.38778e-17 
3.40006e-16 
-7.45931e-17 
1.19696e-16 
5.89806e-17 
-5.29091e-16 
-2.87964e-16 
-3.46945e-17 
-2.72352e-16 
3.31332e-16 
-3.72966e-17 
-2.51535e-17 
4.42354e-17 
-3.00107e-16 
-1.89952e-16 
-9.41087e-17 
-1.13624e-16 
3.1572e-16 
4.64039e-17 
-4.2067e-17 
-4.33681e-18 
-8.23994e-17 
-4.05492e-17 
-1.32706e-16 
8.67362e-17 
-1.70653e-16 
-1.455e-16 
1.15142e-16 
-1.51788e-18 
-1.97758e-16 
-2.4503e-17 
-1.91687e-16 
2.2031e-16 
-4.64039e-17 
1.71304e-16 
3.34802e-16 
-3.72532e-16 
-4.83988e-16 
5.98913e-16 
6.70471e-16 
1.52656e-16 
-9.1073e-16 
-1.78677e-16 
-1.17094e-16 
-6.83481e-16 
-1.1267e-15 
8.4481e-16 
1.7087e-16 
-8.67362e-18 
1.46931e-15 
-1.249e-16 
1.73472e-16 
-1.34788e-15 
1.68181e-15 
-8.76035e-16 
6.95624e-16 
-3.44343e-16 
1.09288e-16 
6.55725e-16 
-8.23126e-16 
-7.5287e-16 
4.11997e-17 
-1.06729e-15 
-2.6628e-16 
-6.07153e-17 
7.51569e-16 
4.21538e-16 
-1.02435e-15 
5.92408e-16 
1.86049e-16 
6.31873e-16 
1.20346e-16 
8.32667e-17 
-1.09244e-15 
-5.95227e-16 
5.58364e-16 
-1.56559e-16 
-6.42281e-16 
5.12828e-16 
3.06179e-16 
-1.50704e-16 
-9.72963e-16 
-1.99927e-16 
2.086e-16 
2.17057e-16 
3.15503e-16 
2.61293e-16 
6.78711e-17 
8.97719e-17 
7.37257e-17 
-2.74954e-16 
-2.13805e-16 
7.24247e-17 
6.89553e-17 
1.59595e-16 
3.88144e-16 
1.66967e-16 
-4.68375e-17 
-1.47451e-17 
1.53957e-16 
-1.47451e-17 
5.55979e-16 
-2.1684e-17 
5.46438e-17 
-1.4138e-16 
-1.76074e-16 
1.63064e-16 
1.50921e-16 
-3.22659e-16 
8.86444e-16 
8.79505e-16 
-2.62811e-16 
