-0.0833333 
0.0525502 
0.00843382 
0.0364538 
0.0324209 
0.0642732 
0.0329173 
0.0244076 
0.0323737 
0.0325364 
0.0260106 
0.0280757 
0.0404843 
0.0580049 
0.0530405 
0.0384686 
0.0306906 
0.0273106 
0.0243309 
0.0198237 
0.0170061 
0.0154785 
0.011836 
0.00836382 
0.0049408 
0.000773427 
-0.00490075 
-0.00808468 
-0.0069176 
-0.000992415 
0.00527231 
0.0108207 
0.0142402 
0.0155531 
0.0143909 
0.0118646 
0.0105108 
0.0123805 
0.0175911 
0.0242802 
0.0304166 
0.0338364 
0.0333986 
0.0308927 
0.0278174 
0.0263197 
0.026736 
0.0297257 
0.0348088 
0.0408304 
0.0454954 
0.0470738 
0.0450584 
0.0399955 
0.0336437 
0.0271611 
0.0222001 
0.0187871 
0.0166563 
0.0147224 
0.0120125 
0.00781636 
0.00266986 
-0.00221159 
-0.00544433 
-0.00638277 
-0.0042703 
0.000299954 
0.00641226 
0.011804 
0.0149852 
0.015362 
0.0136427 
0.0114098 
0.0105982 
0.0126896 
0.0176646 
0.0241389 
0.0295084 
0.0324249 
0.0318854 
0.0294991 
0.0268049 
0.0258294 
0.026922 
0.0303409 
0.0353223 
0.0405751 
0.0440212 
0.0443389 
0.0413565 
0.0359508 
0.029643 
0.0238701 
0.0195653 
0.0168112 
0.0150438 
0.0127542 
0.00926519 
0.00377629 
-0.00184295 
