-0.00166667
-0.00166019
-0.00165278
-0.00164779
-0.00164725
-0.00165231
-0.00166379
-0.00168209
-0.00170753
-0.00174022
-0.00178028
-0.00182768
-0.00188245
-0.00194453
-0.00201389
-0.00209044
-0.00217413
-0.00226485
-0.00236255
-0.0024671
-0.00257845
-0.00269647
-0.00282109
-0.00295219
-0.00308968
-0.00323344
-0.0033834
-0.00353943
-0.00370144
-0.00386932
-0.00404297
-0.00422229
-0.00440717
-0.00459751
-0.0047932
-0.00499415
-0.00520024
-0.00541139
-0.00562747
-0.0058484
-0.00607407
-0.00630438
-0.00653923
-0.00677852
-0.00702214
-0.00727002
-0.00752203
-0.0077781
-0.0080381
-0.00830198
-0.00856959
-0.00884089
-0.00911573
-0.00939408
-0.00967513
-0.00995745
-0.0102418
-0.0105289
-0.0108191
-0.0111126
-0.0114092
-0.011709
-0.0120118
-0.0123177
-0.0126264
-0.0129378
-0.0132519
-0.0135685
-0.0138874
-0.0142087
-0.0145321
-0.0148577
-0.0151852
-0.0155147
-0.0158459
-0.016179
-0.0165137
-0.0168501
-0.0171879
-0.0175272
-0.0178678
-0.0182098
-0.018553
-0.0188974
-0.0192428
-0.0195894
-0.0199368
-0.0202853
-0.0206344
-0.0209845
-0.0213352
-0.0216867
-0.0220386
-0.0223913
-0.0227443
-0.0230979
-0.0234517
-0.0238061
-0.0241605
-0.0245154
-0.0248702
-0.0252254
-0.0255804
-0.0259358
-0.0262908
-0.0266461
-0.0270009
-0.027356
-0.0277105
-0.0280651
-0.0284191
-0.0287732
-0.0291265
-0.0294798
-0.0298322
-0.0301847
-0.0305362
-0.0308876
-0.0312379
-0.0315882
-0.0319372
-0.0322861
-0.0326337
-0.0329812
-0.0333273
-0.0336733
-0.0340177
-0.0343619
-0.0347046
-0.0350471
-0.0353878
-0.0357284
-0.0360671
-0.0364058
-0.0367424
-0.0370789
-0.0374134
-0.0377478
-0.03808
-0.0384121
-0.0387419
-0.0390716
-0.039399
-0.0397264
-0.0400513
-0.0403761
-0.0406984
-0.0410208
-0.0413404
-0.0416601
-0.0419771
-0.0422941
-0.0426083
-0.0429226
-0.043234
-0.0435456
-0.0438541
-0.0441628
-0.0444684
-0.0447743
-0.045077
-0.0453799
-0.0456796
-0.0459797
-0.0462764
-0.0465734
-0.0468671
-0.0471612
-0.0474517
-0.0477428
-0.0480302
-0.0483183
-0.0486026
-0.0488876
-0.0491688
-0.0494508
-0.0497288
-0.0500076
-0.0502825
-0.0505583
-0.0508299
-0.0511026
-0.051371
-0.0516406
-0.0519059
-0.0521723
-0.0524344
-0.0526977
-0.0529566
-0.0532168
-0.0534724
-0.0537296
-0.053982
-0.054236
-0.0544852
-0.0547361
-0.0549821
-0.0552299
-0.0554727
-0.0557174
-0.055957
-0.0561986
-0.056435
-0.0566736
-0.0569068
-0.0571423
-0.0573723
-0.0576047
-0.0578316
-0.0580609
-0.0582847
-0.058511
-0.0587315
-0.0589548
-0.0591723
-0.0593925
-0.0596068
-0.0598241
-0.0600353
-0.0602495
-0.0604576
-0.0606689
-0.0608739
-0.0610822
-0.0612841
-0.0614894
-0.0616883
-0.0618907
-0.0620864
-0.0622859
-0.0624786
-0.0626751
-0.0628648
-0.0630584
-0.063245
-0.0634357
-0.0636193
-0.0638071
-0.0639877
-0.0641725
-0.0643501
-0.0645322
-0.0647067
-0.0648858
-0.0650572
-0.0652335
-0.0654019
-0.0655753
-0.0657407
-0.0659112
-0.0660737
-0.0662413
-0.0664007
-0.0665655
-0.0667219
-0.0668838
-0.0670373
-0.0671962
-0.0673467
-0.0675028
-0.0676503
-0.0678035
-0.067948
-0.0680983
-0.0682397
-0.0683871
-0.0685256
-0.06867
-0.0688054
-0.068947
-0.0690794
-0.0692179
-0.0693473
-0.0694829
-0.0696092
-0.0697418
-0.069865
-0.0699947
-0.0701148
-0.0702414
-0.0703584
-0.070482
-0.0705959
-0.0707165
-0.0708271
-0.0709447
-0.0710522
-0.0711666
-0.0712709
-0.0713822
-0.0714833
-0.0715915
-0.0716893
-0.0717943
-0.0718889
-0.0719907
-0.072082
-0.0721805
-0.0722685
-0.0723638
-0.0724484
-0.0725404
-0.0726216
-0.0727103
-0.0727881
-0.0728734
-0.0729477
-0.0730296
-0.0731005
-0.073179
-0.0732463
-0.0733214
-0.0733852
-0.0734567
-0.0735169
-0.0735849
-0.0736415
-0.0737059
-0.0737589
-0.0738197
-0.073869
-0.0739261
-0.0739716
-0.0740251
-0.0740669
-0.0741166
-0.0741546
-0.0742006
-0.0742347
-0.0742769
-0.0743072
-0.0743455
-0.0743719
-0.0744063
-0.0744288
-0.0744593
-0.0744779
-0.0745044
-0.0745189
-0.0745415
-0.074552
-0.0745705
-0.0745769
-0.0745914
-0.0745937
-0.0746041
-0.0746023
-0.0746085
-0.0746026
-0.0746047
-0.0745946
-0.0745925
-0.0745781
-0.0745718
-0.0745533
-0.0745427
-0.0745199
-0.074505
-0.0744779
-0.0744588
-0.0744274
-0.0744039
-0.0743682
-0.0743404
-0.0743004
-0.0742682
-0.0742238
-0.0741873
-0.0741385
-0.0740976
-0.0740445
-0.0739991
-0.0739416
-0.0738919
-0.07383
-0.0737758
-0.0737096
-0.0736509
-0.0735803
-0.0735172
-0.0734422
-0.0733747
-0.0732953
-0.0732233
-0.0731395
-0.0730631
-0.072975
-0.0728942
-0.0728017
-0.0727165
-0.0726196
-0.07253
-0.0724288
-0.0723348
-0.0722293
-0.0721309
-0.0720212
-0.0719184
-0.0718044
-0.0716974
-0.0715791
-0.0714678
-0.0713453
-0.0712297
-0.0711031
-0.0709832
-0.0708525
-0.0707285
-0.0705937
-0.0704655
-0.0703266
-0.0701943
-0.0700514
-0.069915
-0.0697683
-0.0696278
-0.0694772
-0.0693328
-0.0691783
-0.06903
-0.0688717
-0.0687195
-0.0685575
-0.0684016
-0.0682359
-0.0680762
-0.067907
-0.0677436
-0.0675709
-0.0674039
-0.0672277
-0.0670573
-0.0668777
-0.0667038
-0.066521
-0.0663437
-0.0661576
-0.0659771
-0.0657879
-0.0656041
-0.0654119
-0.065225
-0.0650299
-0.06484
-0.0646419
-0.0644491
-0.0642483
-0.0640526
-0.0638492
-0.0636508
-0.0634448
-0.0632437
-0.0630352
-0.0628316
-0.0626208
-0.0624147
-0.0622016
-0.0619932
-0.0617779
-0.0615673
-0.06135
-0.0611372
-0.060918
-0.0607032
-0.0604822
-0.0602655
-0.0600428
-0.0598243
-0.0596
-0.0593798
-0.059154
-0.0589323
-0.0587052
-0.058482
-0.0582536
-0.0580292
-0.0577996
-0.057574
-0.0573435
-0.0571168
-0.0568854
-0.0566577
-0.0564255
-0.056197
-0.0559642
-0.055735
-0.0555017
-0.0552719
-0.0550383
-0.054808
-0.0545741
-0.0543435
-0.0541094
-0.0538786
-0.0536446
-0.0534137
-0.0531798
-0.0529489
-0.0527152
-0.0524846
-0.0522512
-0.0520209
-0.051788
-0.0515581
-0.0513259
-0.0510965
-0.050865
-0.0506363
-0.0504057
-0.0501778
-0.0499481
-0.0497211
-0.0494926
-0.0492667
-0.0490394
-0.0488146
-0.0485887
-0.0483652
-0.0481407
-0.0479186
-0.0476957
-0.0474752
-0.047254
-0.0470351
-0.0468158
-0.0465986
-0.0463812
-0.0461659
-0.0459506
-0.0457373
-0.0455241
-0.045313
-0.0451021
-0.0448931
-0.0446846
-0.044478
-0.0442719
-0.0440677
-0.0438643
-0.0436627
-0.0434619
-0.0432629
-0.043065
-0.0428687
-0.0426737
-0.0424803
-0.0422883
-0.0420978
-0.0419089
-0.0417215
-0.0415357
-0.0413515
-0.041169
-0.040988
-0.0408089
-0.0406312
-0.0404556
-0.0402813
-0.0401093
-0.0399384
-0.03977
-0.0396027
-0.039438
-0.0392744
-0.0391134
-0.0389536
-0.0387966
-0.0386406
-0.0384874
-0.0383352
-0.0381861
-0.0380379
-0.0378929
-0.0377487
-0.0376078
-0.0374677
-0.037331
-0.0371951
-0.0370627
-0.036931
-0.0368028
-0.0366755
-0.0365517
-0.0364286
-0.0363093
-0.0361907
-0.0360758
-0.0359616
-0.0358512
-0.0357415
-0.0356358
-0.0355306
-0.0354294
-0.0353288
-0.0352322
-0.0351363
-0.0350445
-0.0349531
-0.034866
-0.0347793
-0.034697
-0.034615
-0.0345374
-0.0344602
-0.0343875
-0.0343151
-0.0342471
-0.0341795
-0.0341164
-0.0340536
-0.0339953
-0.0339374
-0.033884
-0.0338309
-0.0337824
-0.0337342
-0.0336907
-0.0336473
-0.0336086
-0.0335702
-0.0335365
-0.0335029
-0.0334741
-0.0334454
-0.0334215
-0.0333977
-0.0333787
-0.0333598
-0.0333458
-0.0333318
-0.0333226
-0.0333134
-0.0333092
-0.0333049
-0.0333055
-0.0333061
-0.0333116
-0.033317
-0.0333273
-0.0333375
-0.0333527
-0.0333677
-0.0333877
-0.0334075
-0.0334323
-0.0334568
-0.0334863
-0.0335156
-0.0335498
-0.0335838
-0.0336227
-0.0336614
-0.033705
-0.0337483
-0.0337964
-0.0338443
-0.0338972
-0.0339496
-0.0340069
-0.0340639
-0.0341258
-0.0341872
-0.0342535
-0.0343194
-0.0343901
-0.0344604
-0.0345355
-0.0346101
-0.0346895
-0.0347684
-0.0348521
-0.0349352
-0.0350231
-0.0351105
-0.0352025
-0.035294
-0.0353901
-0.0354857
-0.0355858
-0.0356854
-0.0357896
-0.0358931
-0.0360012
-0.0361086
-0.0362206
-0.0363318
-0.0364475
-0.0365625
-0.036682
-0.0368007
-0.0369238
-0.0370461
-0.0371729
-0.0372988
-0.0374289
-0.0375583
-0.037692
-0.0378249
-0.0379618
-0.038098
-0.0382384
-0.0383778
-0.0385213
-0.0386639
-0.0388107
-0.0389564
-0.0391061
-0.0392549
-0.0394077
-0.0395594
-0.039715
-0.0398696
-0.0400282
-0.0401856
-0.0403468
-0.0405069
-0.0406708
-0.0408336
-0.041
-0.0411653
-0.0413343
-0.0415021
-0.0416734
-0.0418435
-0.0420173
-0.0421897
-0.0423656
-0.0425402
-0.0427184
-0.0428951
-0.0430752
-0.043254
-0.0434361
-0.0436168
-0.0438008
-0.0439833
-0.0441692
-0.0443535
-0.044541
-0.0447269
-0.0449161
-0.0451037
-0.0452943
-0.0454833
-0.0456755
-0.0458659
-0.0460593
-0.046251
-0.0464458
-0.0466387
-0.0468346
-0.0470286
-0.0472256
-0.0474206
-0.0476186
-0.0478145
-0.0480134
-0.0482102
-0.0484099
-0.0486074
-0.0488078
-0.0490061
-0.049207
-0.0494058
-0.0496073
-0.0498066
-0.0500085
-0.0502082
-0.0504105
-0.0506104
-0.0508129
-0.0510131
-0.0512158
-0.0514161
-0.0516188
-0.0518191
-0.0520219
-0.0522221
-0.0524247
-0.0526248
-0.0528272
-0.0530271
-0.0532292
-0.0534287
-0.0536305
-0.0538295
-0.0540308
-0.0542294
-0.0544302
-0.0546281
-0.0548282
-0.0550255
-0.0552249
-0.0554214
-0.05562
-0.0558156
-0.0560134
-0.0562081
-0.0564048
-0.0565984
-0.0567942
-0.0569867
-0.0571812
-0.0573726
-0.057566
-0.057756
-0.0579481
-0.0581367
-0.0583274
-0.0585147
-0.0587039
-0.0588896
-0.0590773
-0.0592614
-0.0594474
-0.0596299
-0.0598143
-0.059995
-0.0601775
-0.0603564
-0.0605372
-0.0607142
-0.060893
-0.061068
-0.0612448
-0.0614178
-0.0615926
-0.0617634
-0.061936
-0.0621047
-0.0622751
-0.0624415
-0.0626097
-0.0627737
-0.0629395
-0.0631012
-0.0632646
-0.0634238
-0.0635847
-0.0637414
-0.0638998
-0.0640539
-0.0642096
-0.0643611
-0.0645142
-0.0646629
-0.0648132
-0.0649592
-0.0651068
-0.0652499
-0.0653946
-0.0655348
-0.0656766
-0.0658139
-0.0659527
-0.066087
-0.0662228
-0.066354
-0.0664867
-0.0666148
-0.0667443
-0.0668693
-0.0669957
-0.0671174
-0.0672405
-0.067359
-0.0674788
-0.0675939
-0.0677105
-0.0678222
-0.0679353
-0.0680437
-0.0681534
-0.0682583
-0.0683645
-0.0684659
-0.0685686
-0.0686664
-0.0687656
-0.0688598
-0.0689554
-0.069046
-0.0691379
-0.0692249
-0.0693131
-0.0693963
-0.0694808
-0.0695604
-0.0696411
-0.0697169
-0.0697938
-0.0698657
-0.0699388
-0.070007
-0.0700762
-0.0701405
-0.0702058
-0.0702662
-0.0703276
-0.0703841
-0.0704416
-0.0704941
-0.0705476
-0.0705961
-0.0706456
-0.0706902
-0.0707357
-0.0707762
-0.0708176
-0.0708541
-0.0708915
-0.0709239
-0.0709572
-0.0709856
-0.0710147
-0.071039
-0.071064
-0.0710842
-0.0711051
-0.0711212
-0.0711379
-0.0711499
-0.0711624
-0.0711702
-0.0711786
-0.0711823
-0.0711865
-0.071186
-0.071186
-0.0711814
-0.0711772
-0.0711684
-0.07116
-0.071147
-0.0711344
-0.0711173
-0.0711004
-0.0710791
-0.0710581
-0.0710327
-0.0710074
-0.0709778
-0.0709484
-0.0709146
-0.070881
-0.0708431
-0.0708053
-0.0707632
-0.0707212
-0.0706751
-0.0706289
-0.0705787
-0.0705283
-0.070474
-0.0704191
-0.0703612
-0.0703023
-0.0702403
-0.0701773
-0.0701113
-0.0700442
-0.0699742
-0.069903
-0.0698289
-0.0697537
-0.0696757
-0.0695965
-0.0695145
-0.0694313
-0.0693454
-0.0692582
-0.0691684
-0.0690774
-0.0689837
-0.0688888
-0.0687913
-0.0686925
-0.0685913
-0.0684887
-0.0683837
-0.0682773
-0.0681687
-0.0680585
-0.0679463
-0.0678324
-0.0677165
-0.0675991
-0.0674796
-0.0673585
-0.0672356
-0.067111
-0.0669846
-0.0668565
-0.0667267
-0.0665951
-0.066462
-0.066327
-0.0661906
-0.0660523
-0.0659127
-0.0657711
-0.0656283
-0.0654835
-0.0653376
-0.0651897
-0.0650408
-0.0648898
-0.0647379
-0.0645838
-0.0644291
-0.0642721
-0.0641145
-0.0639546
-0.0637943
-0.0636317
-0.0634686
-0.0633033
-0.0631377
-0.0629696
-0.0628015
-0.0626309
-0.0624604
-0.0622873
-0.0621144
-0.061939
-0.0617638
-0.061586
-0.0614087
-0.0612287
-0.0610493
-0.0608672
-0.0606857
-0.0605016
-0.0603183
-0.0601322
-0.059947
-0.0597591
-0.0595722
-0.0593825
-0.0591941
-0.0590027
-0.0588127
-0.0586198
-0.0584284
-0.0582341
-0.0580414
-0.0578457
-0.0576518
-0.0574548
-0.0572598
-0.0570617
-0.0568657
-0.0566666
-0.0564697
-0.0562697
-0.056072
-0.0558712
-0.0556728
-0.0554713
-0.0552724
-0.0550703
-0.0548709
-0.0546684
-0.0544687
-0.0542658
-0.0540659
-0.0538627
-0.0536627
-0.0534594
-0.0532594
-0.0530561
-0.0528562
-0.0526531
-0.0524534
-0.0522505
-0.0520512
-0.0518486
-0.0516498
-0.0514477
-0.0512495
-0.0510479
-0.0508504
-0.0506496
-0.0504529
-0.0502529
-0.0500572
-0.0498581
-0.0496635
-0.0494655
-0.049272
-0.0490752
-0.048883
-0.0486874
-0.0484966
-0.0483025
-0.0481133
-0.0479207
-0.0477331
-0.0475421
-0.0473562
-0.0471671
-0.0469831
-0.0467958
-0.0466137
-0.0464284
-0.0462485
-0.0460653
-0.0458875
-0.0457065
-0.045531
-0.0453524
-0.0451793
-0.0450031
-0.0448325
-0.0446588
-0.0444908
-0.0443198
-0.0441545
-0.0439862
-0.0438238
-0.0436583
-0.0434987
-0.0433362
-0.0431797
-0.0430202
-0.0428667
-0.0427104
-0.04256
-0.0424069
-0.0422599
-0.0421101
-0.0419664
-0.04182
-0.0416797
-0.0415368
-0.0414
-0.0412606
-0.0411274
-0.0409917
-0.0408622
-0.0407302
-0.0406044
-0.0404762
-0.0403542
-0.0402298
-0.0401116
-0.0399912
-0.039877
-0.0397605
-0.0396503
-0.0395379
-0.0394316
-0.0393233
-0.0392212
-0.039117
-0.039019
-0.0389191
-0.0388252
-0.0387295
-0.0386399
-0.0385485
-0.0384631
-0.038376
-0.0382949
-0.0382122
-0.0381355
-0.0380571
-0.0379847
-0.0379108
-0.0378428
-0.0377733
-0.0377097
-0.0376447
-0.0375854
-0.0375249
-0.0374701
-0.0374141
-0.0373637
-0.0373122
-0.0372662
-0.0372193
-0.0371777
-0.0371353
-0.0370982
-0.0370602
-0.0370275
-0.0369941
-0.0369659
-0.036937
-0.0369131
-0.0368887
-0.0368692
-0.0368493
-0.0368342
-0.0368188
-0.036808
-0.036797
-0.0367906
-0.036784
-0.0367819
-0.0367797
-0.0367819
-0.036784
-0.0367904
-0.0367969
-0.0368075
-0.0368182
-0.036833
-0.036848
-0.0368669
-0.0368861
-0.0369091
-0.0369325
-0.0369595
-0.036987
-0.0370179
-0.0370495
-0.0370843
-0.03712
-0.0371587
-0.0371983
-0.0372408
-0.0372843
-0.0373306
-0.0373778
-0.0374279
-0.0374789
-0.0375325
-0.0375872
-0.0376446
-0.0377028
-0.0377638
-0.0378254
-0.0378899
-0.0379549
-0.0380229
-0.0380913
-0.0381628
-0.0382343
-0.0383091
-0.0383838
-0.0384619
-0.0385397
-0.038621
-0.0387018
-0.0387862
-0.03887
-0.0389574
-0.039044
-0.0391344
-0.0392239
-0.0393171
-0.0394093
-0.0395054
-0.0396001
-0.0396989
-0.0397963
-0.0398977
-0.0399975
-0.0401015
-0.0402037
-0.0403102
-0.0404147
-0.0405235
-0.0406303
-0.0407415
-0.0408503
-0.0409638
-0.0410747
-0.0411903
-0.0413032
-0.0414209
-0.0415357
-0.0416554
-0.041772
-0.0418936
-0.042012
-0.0421354
-0.0422554
-0.0423805
-0.0425022
-0.042629
-0.0427522
-0.0428805
-0.0430052
-0.043135
-0.043261
-0.0433923
-0.0435195
-0.0436522
-0.0437806
-0.0439145
-0.0440441
-0.0441792
-0.0443099
-0.0444461
-0.0445777
-0.044715
-0.0448475
-0.0449857
-0.0451191
-0.0452582
-0.0453924
-0.0455324
-0.0456672
-0.0458079
-0.0459434
-0.0460848
-0.0462208
-0.0463629
-0.0464994
-0.046642
-0.046779
-0.046922
-0.0470594
-0.0472028
-0.0473405
-0.0474843
-0.0476222
-0.0477663
-0.0479044
-0.0480488
-0.048187
-0.0483315
-0.0484698
-0.0486144
-0.0487527
-0.0488974
-0.0490357
-0.0491803
-0.0493185
-0.0494631
-0.0496011
-0.0497456
-0.0498834
-0.0500277
-0.0501653
-0.0503094
-0.0504466
-0.0505904
-0.0507274
-0.0508708
-0.0510073
-0.0511504
-0.0512865
-0.0514291
-0.0515647
-0.0517069
-0.0518419
-0.0519836
-0.052118
-0.0522591
-0.0523929
-0.0525334
-0.0526666
-0.0528064
-0.0529388
-0.0530779
-0.0532096
-0.053348
-0.0534789
-0.0536165
-0.0537466
-0.0538833
-0.0540125
-0.0541484
-0.0542767
-0.0544117
-0.0545391
-0.0546731
-0.0547995
-0.0549325
-0.0550579
-0.0551899
-0.0553143
-0.0554452
-0.0555685
-0.0556983
-0.0558205
-0.0559492
-0.0560702
-0.0561978
-0.0563176
-0.056444
-0.0565626
-0.0566877
-0.0568051
-0.0569289
-0.057045
-0.0571676
-0.0572823
-0.0574036
-0.057517
-0.0576368
-0.0577489
-0.0578674
-0.0579781
-0.0580951
-0.0582043
-0.0583199
-0.0584277
-0.0585418
-0.0586481
-0.0587606
-0.0588654
-0.0589764
-0.0590796
-0.059189
-0.0592907
-0.0593985
-0.0594986
-0.0596047
-0.0597032
-0.0598076
-0.0599044
-0.0600072
-0.0601023
-0.0602033
-0.0602967
-0.060396
-0.0604876
-0.0605851
-0.060675
-0.0607707
-0.0608588
-0.0609526
-0.0610388
-0.0611308
-0.0612152
-0.0613052
-0.0613877
-0.0614758
-0.0615565
-0.0616426
-0.0617213
-0.0618054
-0.0618822
-0.0619643
-0.0620391
-0.0621191
-0.0621919
-0.0622699
-0.0623406
-0.0624165
-0.0624851
-0.0625589
-0.0626254
-0.0626971
-0.0627615
-0.0628309
-0.0628932
-0.0629604
-0.0630205
-0.0630855
-0.0631434
-0.0632062
-0.0632619
-0.0633223
-0.0633757
-0.0634339
-0.063485
-0.0635408
-0.0635897
-0.0636431
-0.0636896
-0.0637406
-0.0637848
-0.0638334
-0.0638752
-0.0639214
-0.0639608
-0.0640045
-0.0640415
-0.0640827
-0.0641172
-0.0641559
-0.064188
-0.0642242
-0.0642537
-0.0642873
-0.0643143
-0.0643454
-0.0643698
-0.0643983
-0.0644202
-0.064446
-0.0644653
-0.0644885
-0.0645052
-0.0645257
-0.0645397
-0.0645575
-0.064569
-0.0645841
-0.0645928
-0.0646052
-0.0646112
-0.0646208
-0.0646242
-0.0646311
-0.0646317
-0.0646357
-0.0646336
-0.0646349
-0.06463
-0.0646284
-0.0646208
-0.0646164
-0.0646059
-0.0645987
-0.0645854
-0.0645753
-0.0645592
-0.0645463
-0.0645273
-0.0645115
-0.0644897
-0.0644709
-0.0644462
-0.0644246
-0.064397
-0.0643725
-0.064342
-0.0643145
-0.0642812
-0.0642508
-0.0642145
-0.0641811
-0.064142
-0.0641056
-0.0640636
-0.0640243
-0.0639793
-0.063937
-0.0638891
-0.0638439
-0.063793
-0.0637448
-0.063691
-0.0636399
-0.0635831
-0.063529
-0.0634693
-0.0634122
-0.0633496
-0.0632895
-0.0632239
-0.0631609
-0.0630924
-0.0630265
-0.062955
-0.0628861
-0.0628117
-0.0627398
-0.0626625
-0.0625877
-0.0625075
-0.0624298
-0.0623466
-0.062266
-0.0621799
-0.0620964
-0.0620075
-0.061921
-0.0618292
-0.0617399
-0.0616452
-0.0615531
-0.0614555
-0.0613605
-0.0612602
-0.0611623
-0.0610592
-0.0609585
-0.0608525
-0.0607491
-0.0606404
-0.0605342
-0.0604227
-0.0603137
-0.0601995
-0.0600878
-0.0599709
-0.0598565
-0.0597369
-0.0596199
-0.0594976
-0.059378
-0.0592531
-0.0591308
-0.0590033
-0.0588785
-0.0587485
-0.0586211
-0.0584885
-0.0583586
-0.0582235
-0.0580912
-0.0579537
-0.0578189
-0.0576789
-0.0575417
-0.0573994
-0.0572599
-0.0571152
-0.0569733
-0.0568264
-0.0566822
-0.056533
-0.0563867
-0.0562352
-0.0560867
-0.055933
-0.0557824
-0.0556266
-0.0554739
-0.0553161
-0.0551613
-0.0550015
-0.0548447
-0.0546829
-0.0545242
-0.0543604
-0.0541999
-0.0540343
-0.0538719
-0.0537045
-0.0535403
-0.0533711
-0.0532053
-0.0530344
-0.0528669
-0.0526944
-0.0525253
-0.0523512
-0.0521806
-0.052005
-0.0518329
-0.0516558
-0.0514823
-0.0513039
-0.051129
-0.0509493
-0.0507732
-0.0505922
-0.0504148
-0.0502326
-0.0500542
-0.0498709
-0.0496914
-0.049507
-0.0493265
-0.0491411
-0.0489597
-0.0487734
-0.0485912
-0.0484041
-0.048221
-0.0480332
-0.0478494
-0.0476609
-0.0474765
-0.0472873
-0.0471024
-0.0469127
-0.0467273
-0.0465371
-0.0463513
-0.0461608
-0.0459746
-0.0457839
-0.0455974
-0.0454064
-0.0452199
-0.0450287
-0.0448421
-0.0446509
-0.0444642
-0.0442731
-0.0440865
-0.0438954
-0.043709
-0.0435181
-0.0433319
-0.0431413
-0.0429555
-0.0427652
-0.0425798
-0.04239
-0.042205
-0.0420157
-0.0418313
-0.0416427
-0.0414589
-0.0412709
-0.0410879
-0.0409007
-0.0407185
-0.0405322
-0.0403509
-0.0401655
-0.0399852
-0.0398008
-0.0396216
-0.0394383
-0.0392602
-0.0390782
-0.0389013
-0.0387206
-0.038545
-0.0383656
-0.0381915
-0.0380135
-0.0378408
-0.0376645
-0.0374933
-0.0373185
-0.037149
-0.0369759
-0.0368082
-0.0366369
-0.0364709
-0.0363014
-0.0361373
-0.0359698
-0.0358076
-0.0356421
-0.035482
-0.0353186
-0.0351605
-0.0349993
-0.0348434
-0.0346844
-0.0345308
-0.0343741
-0.0342229
-0.0340686
-0.0339197
-0.0337679
-0.0336214
-0.0334721
-0.0333283
-0.0331816
-0.0330403
-0.0328963
-0.0327577
-0.0326164
-0.0324805
-0.032342
-0.0322089
-0.0320733
-0.0319431
-0.0318104
-0.0316831
-0.0315534
-0.0314291
-0.0313024
-0.0311811
-0.0310576
-0.0309393
-0.030819
-0.0307039
-0.0305867
-0.0304748
-0.0303609
-0.0302522
-0.0301417
-0.0300363
-0.029929
-0.029827
-0.0297232
-0.0296245
-0.0295241
-0.0294288
-0.029332
-0.0292401
-0.0291468
-0.0290585
-0.0289687
-0.0288839
-0.0287977
-0.0287164
-0.0286338
-0.0285562
-0.0284773
-0.0284032
-0.028328
-0.0282576
-0.0281861
-0.0281193
-0.0280515
-0.0279884
-0.0279244
-0.027865
-0.0278048
-0.0277491
-0.0276926
-0.0276407
-0.027588
-0.0275398
-0.0274909
-0.0274465
-0.0274014
-0.0273607
-0.0273195
-0.0272826
-0.0272452
-0.027212
-0.0271784
-0.027149
-0.0271192
-0.0270936
-0.0270676
-0.0270457
-0.0270236
-0.0270054
-0.0269871
-0.0269727
-0.0269581
-0.0269474
-0.0269367
-0.0269296
-0.0269227
-0.0269193
-0.0269161
-0.0269164
-0.0269169
-0.0269209
-0.0269251
-0.0269327
-0.0269406
-0.0269518
-0.0269633
-0.0269781
-0.0269933
-0.0270116
-0.0270303
-0.0270522
-0.0270745
-0.0270998
-0.0271256
-0.0271544
-0.0271837
-0.0272159
-0.0272486
-0.0272842
-0.0273203
-0.0273592
-0.0273987
-0.0274409
-0.0274837
-0.0275292
-0.0275753
-0.0276239
-0.0276732
-0.027725
-0.0277775
-0.0278324
-0.0278881
-0.027946
-0.0280047
-0.0280657
-0.0281275
-0.0281914
-0.0282561
-0.028323
-0.0283906
-0.0284603
-0.0285308
-0.0286034
-0.0286766
-0.0287519
-0.0288279
-0.0289059
-0.0289847
-0.0290653
-0.0291466
-0.0292298
-0.0293138
-0.0293995
-0.0294859
-0.0295742
-0.029663
-0.0297537
-0.029845
-0.0299379
-0.0300316
-0.0301268
-0.0302227
-0.0303203
-0.0304183
-0.0305181
-0.0306183
-0.0307201
-0.0308224
-0.0309263
-0.0310307
-0.0311366
-0.0312429
-0.0313508
-0.031459
-0.0315688
-0.0316788
-0.0317904
-0.0319022
-0.0320156
-0.0321292
-0.0322443
-0.0323595
-0.0324763
-0.0325932
-0.0327116
-0.03283
-0.0329499
-0.0330698
-0.0331913
-0.0333126
-0.0334356
-0.0335583
-0.0336826
-0.0338067
-0.0339324
-0.0340578
-0.0341846
-0.0343114
-0.0344395
-0.0345675
-0.0346966
-0.0348258
-0.0349562
-0.0350865
-0.0352178
-0.0353492
-0.0354816
-0.0356141
-0.0357474
-0.0358809
-0.0360152
-0.0361497
-0.0362848
-0.0364202
-0.0365561
-0.0366925
-0.0368292
-0.0369664
-0.0371038
-0.0372419
-0.03738
-0.0375189
-0.0376577
-0.0377973
-0.0379367
-0.0380771
-0.0382171
-0.0383582
-0.0384988
-0.0386405
-0.0387816
-0.038924
-0.0390657
-0.0392087
-0.0393508
-0.0394944
-0.039637
-0.0397811
-0.0399241
-0.0400688
-0.0402122
-0.0403575
-0.0405012
-0.040647
-0.0407911
-0.0409374
-0.0410818
-0.0412285
-0.0413733
-0.0415205
-0.0416655
-0.0418131
-0.0419584
-0.0421065
-0.042252
-0.0424005
-0.0425463
-0.0426951
-0.0428411
-0.0429903
-0.0431366
-0.0432862
-0.0434326
-0.0435825
-0.0437291
-0.0438794
-0.0440262
-0.0441768
-0.0443237
-0.0444746
-0.0446217
-0.044773
-0.0449202
-0.0450717
-0.045219
-0.0453709
-0.0455183
-0.0456704
-0.045818
-0.0459704
-0.046118
-0.0462706
-0.0464183
-0.0465713
-0.046719
-0.0468722
-0.04702
-0.0471734
-0.0473213
-0.0474749
-0.0476228
-0.0477766
-0.0479245
-0.0480786
-0.0482265
-0.0483807
-0.0485287
-0.048683
-0.048831
-0.0489855
-0.0491334
-0.0492881
-0.049436
-0.0495908
-0.0497386
-0.0498935
-0.0500413
-0.0501963
-0.050344
-0.050499
-0.0506466
-0.0508018
-0.0509492
-0.0511044
-0.0512517
-0.0514069
-0.051554
-0.0517092
-0.0518562
-0.0520113
-0.0521581
-0.0523132
-0.0524597
-0.0526147
-0.052761
-0.0529159
-0.0530619
-0.0532166
-0.0533623
-0.0535168
-0.0536622
-0.0538165
-0.0539615
-0.0541155
-0.0542601
-0.0544139
-0.054558
-0.0547115
-0.0548552
-0.0550083
-0.0551514
-0.0553041
-0.0554467
-0.0555989
-0.0557409
-0.0558927
-0.0560341
-0.0561853
-0.056326
-0.0564766
-0.0566166
-0.0567665
-0.0569057
-0.057055
-0.0571934
-0.057342
-0.0574795
-0.0576272
-0.0577638
-0.0579107
-0.0580464
-0.0581923
-0.058327
-0.058472
-0.0586055
-0.0587495
-0.0588819
-0.0590248
-0.059156
-0.0592977
-0.0594277
-0.0595682
-0.0596969
-0.0598361
-0.0599634
-0.0601013
-0.0602272
-0.0603637
-0.0604881
-0.0606231
-0.0607459
-0.0608793
-0.0610006
-0.0611324
-0.0612519
-0.0613821
-0.0614998
-0.0616282
-0.0617442
-0.0618708
-0.0619849
-0.0621095
-0.0622217
-0.0623444
-0.0624545
-0.0625752
-0.0626833
-0.0628018
-0.0629077
-0.0630241
-0.0631278
-0.0632419
-0.0633434
-0.0634552
-0.0635543
-0.0636637
-0.0637604
-0.0638674
-0.0639616
-0.064066
-0.0641577
-0.0642595
-0.0643487
-0.0644478
-0.0645343
-0.0646307
-0.0647144
-0.0648081
-0.064889
-0.0649798
-0.0650579
-0.0651458
-0.065221
-0.0653058
-0.0653781
-0.0654599
-0.0655292
-0.0656079
-0.0656741
-0.0657497
-0.0658128
-0.0658851
-0.0659451
-0.0660141
-0.0660709
-0.0661366
-0.0661901
-0.0662525
-0.0663026
-0.0663616
-0.0664084
-0.0664639
-0.0665073
-0.0665593
-0.0665993
-0.0666478
-0.0666843
-0.0667292
-0.0667622
-0.0668035
-0.066833
-0.0668706
-0.0668966
-0.0669305
-0.0669529
-0.0669831
-0.0670018
-0.0670283
-0.0670434
-0.0670661
-0.0670776
-0.0670965
-0.0671044
-0.0671195
-0.0671236
-0.0671349
-0.0671354
-0.0671428
-0.0671396
-0.0671432
-0.0671363
-0.0671361
-0.0671254
-0.0671213
-0.067107
-0.067099
-0.067081
-0.0670692
-0.0670474
-0.0670318
-0.0670063
-0.0669869
-0.0669577
-0.0669345
-0.0669016
-0.0668745
-0.066838
-0.0668072
-0.066767
-0.0667324
-0.0666886
-0.0666502
-0.0666028
-0.0665607
-0.0665097
-0.0664639
-0.0664093
-0.0663598
-0.0663018
-0.0662486
-0.0661871
-0.0661303
-0.0660654
-0.066005
-0.0659366
-0.0658727
-0.065801
-0.0657336
-0.0656585
-0.0655877
-0.0655093
-0.065435
-0.0653534
-0.0652758
-0.065191
-0.06511
-0.0650221
-0.0649379
-0.0648468
-0.0647594
-0.0646653
-0.0645747
-0.0644776
-0.064384
-0.0642839
-0.0641873
-0.0640844
-0.0639847
-0.063879
-0.0637764
-0.0636679
-0.0635625
-0.0634513
-0.0633431
-0.0632293
-0.0631184
-0.063002
-0.0628884
-0.0627695
-0.0626533
-0.062532
-0.0624133
-0.0622897
-0.0621685
-0.0620425
-0.061919
-0.0617908
-0.061665
-0.0615347
-0.0614066
-0.0612742
-0.061144
-0.0610095
-0.0608772
-0.0607408
-0.0606065
-0.0604682
-0.060332
-0.060192
-0.0600539
-0.0599121
-0.0597722
-0.0596288
-0.0594872
-0.0593422
-0.059199
-0.0590524
-0.0589077
-0.0587597
-0.0586136
-0.0584642
-0.0583166
-0.058166
-0.0580171
-0.0578653
-0.0577151
-0.0575621
-0.0574108
-0.0572568
-0.0571044
-0.0569494
-0.056796
-0.05664
-0.0564857
-0.0563289
-0.0561737
-0.0560161
-0.0558601
-0.0557019
-0.0555452
-0.0553863
-0.055229
-0.0550695
-0.0549116
-0.0547517
-0.0545933
-0.054433
-0.0542742
-0.0541135
-0.0539543
-0.0537934
-0.053634
-0.0534728
-0.0533132
-0.0531519
-0.0529921
-0.0528307
-0.0526709
-0.0525095
-0.0523497
-0.0521884
-0.0520286
-0.0518674
-0.0517078
-0.0515468
-0.0513874
-0.0512266
-0.0510675
-0.050907
-0.0507483
-0.0505882
-0.0504298
-0.0502701
-0.0501123
-0.0499531
-0.0497957
-0.0496371
-0.0494803
-0.0493223
-0.0491662
-0.0490088
-0.0488534
-0.0486967
-0.0485421
-0.0483862
-0.0482324
-0.0480774
-0.0479245
-0.0477703
-0.0476183
-0.0474651
-0.0473141
-0.0471619
-0.0470119
-0.0468607
-0.0467119
-0.0465618
-0.0464141
-0.0462651
-0.0461186
-0.0459708
-0.0458256
-0.045679
-0.0455351
-0.0453898
-0.0452472
-0.0451033
-0.0449621
-0.0448195
-0.0446797
-0.0445386
-0.0444003
-0.0442606
-0.0441238
-0.0439856
-0.0438504
-0.0437137
-0.0435801
-0.0434451
-0.0433131
-0.0431797
-0.0430494
-0.0429176
-0.0427891
-0.042659
-0.0425322
-0.0424038
-0.0422789
-0.0421522
-0.0420291
-0.0419043
-0.0417831
-0.0416601
-0.0415407
-0.0414196
-0.0413022
-0.041183
-0.0410676
-0.0409503
-0.0408368
-0.0407215
-0.0406101
-0.0404967
-0.0403874
-0.0402761
-0.0401688
-0.0400595
-0.0399544
-0.0398472
-0.0397442
-0.0396391
-0.0395383
-0.0394352
-0.0393366
-0.0392358
-0.0391394
-0.0390407
-0.0389465
-0.03885
-0.0387581
-0.0386638
-0.0385741
-0.0384821
-0.0383948
-0.0383049
-0.0382199
-0.0381324
-0.0380497
-0.0379645
-0.0378841
-0.0378012
-0.0377233
-0.0376426
-0.0375671
-0.0374888
-0.0374156
-0.0373397
-0.037269
-0.0371954
-0.0371271
-0.037056
-0.0369901
-0.0369213
-0.0368579
-0.0367915
-0.0367306
-0.0366667
-0.0366081
-0.0365467
-0.0364906
-0.0364316
-0.0363781
-0.0363215
-0.0362705
-0.0362164
-0.0361678
-0.0361162
-0.0360702
-0.036021
-0.0359775
-0.0359309
-0.0358899
-0.0358457
-0.0358073
-0.0357656
-0.0357297
-0.0356905
-0.0356571
-0.0356205
-0.0355896
-0.0355556
-0.0355272
-0.0354956
-0.0354698
-0.0354408
-0.0354175
-0.035391
-0.0353703
-0.0353463
-0.0353281
-0.0353067
-0.035291
-0.0352722
-0.035259
-0.0352427
-0.0352321
-0.0352183
-0.0352103
-0.035199
-0.0351935
-0.0351848
-0.0351818
-0.0351756
-0.0351751
-0.0351715
-0.0351736
-0.0351725
-0.0351771
-0.0351785
-0.0351856
-0.0351896
-0.0351992
-0.0352058
-0.0352179
-0.035227
-0.0352415
-0.0352532
-0.0352703
-0.0352844
-0.035304
-0.0353207
-0.0353428
-0.035362
-0.0353865
-0.0354083
-0.0354353
-0.0354596
-0.0354891
-0.0355159
-0.0355478
-0.0355772
-0.0356116
-0.0356434
-0.0356802
-0.0357146
-0.0357539
-0.0357907
-0.0358325
-0.0358718
-0.035916
-0.0359578
-0.0360044
-0.0360488
-0.0360978
-0.0361446
-0.036196
-0.0362454
-0.0362992
-0.036351
-0.0364072
-0.0364615
-0.0365201
-0.0365769
-0.0366379
-0.0366971
-0.0367604
-0.0368222
-0.0368879
-0.0369521
-0.0370201
-0.0370868
-0.0371572
-0.0372263
-0.037299
-0.0373706
-0.0374457
-0.0375197
-0.0375971
-0.0376735
-0.0377533
-0.0378321
-0.0379142
-0.0379954
-0.0380798
-0.0381635
-0.0382502
-0.0383362
-0.0384252
-0.0385137
-0.038605
-0.0386958
-0.0387894
-0.0388826
-0.0389784
-0.0390741
-0.0391721
-0.0392702
-0.0393704
-0.0394708
-0.0395733
-0.0396761
-0.0397808
-0.0398858
-0.0399928
-0.0401002
-0.0402093
-0.0403191
-0.0404304
-0.0405425
-0.040656
-0.0407703
-0.040886
-0.0410027
-0.0411205
-0.0412394
-0.0413595
-0.0414805
-0.0416028
-0.041726
-0.0418506
-0.0419758
-0.0421026
-0.0422299
-0.0423589
-0.0424883
-0.0426194
-0.0427508
-0.0428842
-0.0430176
-0.0431531
-0.0432886
-0.0434262
-0.0435637
-0.0437034
-0.0438427
-0.0439845
-0.0441258
-0.0442697
-0.0444129
-0.0445588
-0.044704
-0.0448519
-0.0449988
-0.0451487
-0.0452976
-0.0454493
-0.0455999
-0.0457536
-0.045906
-0.0460616
-0.0462157
-0.0463731
-0.0465289
-0.0466881
-0.0468456
-0.0470066
-0.0471657
-0.0473284
-0.0474891
-0.0476535
-0.0478157
-0.0479818
-0.0481455
-0.0483132
-0.0484784
-0.0486476
-0.0488142
-0.0489849
-0.0491529
-0.0493251
-0.0494944
-0.0496679
-0.0498385
-0.0500134
-0.0501852
-0.0503614
-0.0505344
-0.0507118
-0.0508859
-0.0510645
-0.0512396
-0.0514194
-0.0515955
-0.0517763
-0.0519533
-0.0521351
-0.0523129
-0.0524956
-0.0526743
-0.0528579
-0.0530373
-0.0532216
-0.0534017
-0.0535867
-0.0537674
-0.053953
-0.0541342
-0.0543204
-0.054502
-0.0546887
-0.0548707
-0.0550577
-0.05524
-0.0554274
-0.0556099
-0.0557975
-0.0559801
-0.0561678
-0.0563505
-0.0565383
-0.0567209
-0.0569086
-0.0570911
-0.0572788
-0.057461
-0.0576484
-0.0578304
-0.0580175
-0.0581991
-0.0583858
-0.0585668
-0.058753
-0.0589335
-0.0591191
-0.0592989
-0.0594838
-0.0596628
-0.0598469
-0.0600251
-0.0602083
-0.0603855
-0.0605676
-0.0607438
-0.0609248
-0.0610998
-0.0612796
-0.0614533
-0.0616319
-0.0618042
-0.0619813
-0.0621521
-0.0623277
-0.062497
-0.062671
-0.0628386
-0.0630108
-0.0631766
-0.063347
-0.0635109
-0.0636793
-0.0638412
-0.0640076
-0.0641674
-0.0643316
-0.0644892
-0.0646512
-0.0648065
-0.064966
-0.065119
-0.065276
-0.0654264
-0.0655809
-0.0657287
-0.0658805
-0.0660256
-0.0661745
-0.0663168
-0.0664629
-0.0666022
-0.0667453
-0.0668816
-0.0670216
-0.0671548
-0.0672916
-0.0674216
-0.0675551
-0.0676818
-0.0678118
-0.0679351
-0.0680617
-0.0681815
-0.0683044
-0.0684207
-0.0685399
-0.0686525
-0.068768
-0.0688768
-0.0689884
-0.0690933
-0.069201
-0.069302
-0.0694056
-0.0695026
-0.0696021
-0.0696951
-0.0697904
-0.0698791
-0.0699701
-0.0700546
-0.0701413
-0.0702215
-0.0703037
-0.0703795
-0.0704572
-0.0705286
-0.0706018
-0.0706686
-0.0707371
-0.0707994
-0.0708632
-0.0709209
-0.07098
-0.0710329
-0.0710872
-0.0711354
-0.0711848
-0.0712282
-0.0712728
-0.0713113
-0.0713509
-0.0713846
-0.0714192
-0.071448
-0.0714775
-0.0715014
-0.0715258
-0.0715447
-0.0715641
-0.0715779
-0.0715922
-0.071601
-0.0716101
-0.0716138
-0.0716178
-0.0716165
-0.0716152
-0.0716088
-0.0716024
-0.0715908
-0.0715792
-0.0715626
-0.0715457
-0.071524
-0.0715019
-0.0714751
-0.0714478
-0.0714158
-0.0713834
-0.0713463
-0.0713087
-0.0712665
-0.0712237
-0.0711765
-0.0711285
-0.0710762
-0.0710231
-0.0709658
-0.0709076
-0.0708453
-0.0707819
-0.0707147
-0.0706463
-0.0705741
-0.0705007
-0.0704237
-0.0703453
-0.0702634
-0.0701801
-0.0700933
-0.0700052
-0.0699137
-0.0698207
-0.0697245
-0.0696267
-0.0695258
-0.0694234
-0.0693179
-0.0692108
-0.0691008
-0.0689891
-0.0688746
-0.0687584
-0.0686396
-0.0685189
-0.0683957
-0.0682707
-0.0681433
-0.0680139
-0.0678824
-0.0677488
-0.0676131
-0.0674755
-0.0673358
-0.0671941
-0.0670505
-0.0669048
-0.0667574
-0.0666079
-0.0664568
-0.0663035
-0.0661487
-0.0659917
-0.0658334
-0.0656729
-0.0655111
-0.0653471
-0.065182
-0.0650147
-0.0648464
-0.0646758
-0.0645043
-0.0643306
-0.0641561
-0.0639793
-0.0638019
-0.0636222
-0.063442
-0.0632595
-0.0630766
-0.0628914
-0.062706
-0.0625182
-0.0623303
-0.0621401
-0.0619498
-0.0617573
-0.0615648
-0.06137
-0.0611754
-0.0609786
-0.060782
-0.0605832
-0.0603847
-0.0601841
-0.0599839
-0.0597815
-0.0595797
-0.0593757
-0.0591724
-0.058967
-0.0587623
-0.0585555
-0.0583496
-0.0581416
-0.0579346
-0.0577255
-0.0575175
-0.0573074
-0.0570985
-0.0568876
-0.056678
-0.0564664
-0.0562561
-0.0560439
-0.0558331
-0.0556205
-0.0554093
-0.0551964
-0.0549849
-0.0547718
-0.0545602
-0.0543469
-0.0541353
-0.0539221
-0.0537107
-0.0534976
-0.0532864
-0.0530736
-0.0528627
-0.0526503
-0.0524399
-0.0522281
-0.0520182
-0.051807
-0.0515978
-0.0513874
-0.0511791
-0.0509695
-0.0507621
-0.0505535
-0.0503471
-0.0501396
-0.0499344
-0.0497281
-0.0495241
-0.0493192
-0.0491165
-0.048913
-0.0487119
-0.0485099
-0.0483103
-0.04811
-0.047912
-0.0477134
-0.0475172
-0.0473205
-0.0471262
-0.0469314
-0.046739
-0.0465463
-0.046356
-0.0461653
-0.0459772
-0.0457887
-0.0456028
-0.0454167
-0.0452331
-0.0450494
-0.0448682
-0.044687
-0.0445083
-0.0443296
-0.0441535
-0.0439775
-0.043804
-0.0436307
-0.04346
-0.0432895
-0.0431215
-0.0429539
-0.0427888
-0.0426241
-0.042462
-0.0423003
-0.0421412
-0.0419826
-0.0418265
-0.0416711
-0.0415182
-0.0413659
-0.0412162
-0.0410672
-0.0409207
-0.040775
-0.0406319
-0.0404896
-0.0403497
-0.0402109
-0.0400744
-0.0399391
-0.0398061
-0.0396742
-0.0395447
-0.0394165
-0.0392905
-0.0391658
-0.0390435
-0.0389224
-0.0388037
-0.0386863
-0.0385713
-0.0384576
-0.0383463
-0.0382364
-0.0381287
-0.0380226
-0.0379187
-0.0378164
-0.0377163
-0.0376178
-0.0375215
-0.0374269
-0.0373344
-0.0372437
-0.0371551
-0.0370683
-0.0369835
-0.0369006
-0.0368197
-0.0367407
-0.0366637
-0.0365887
-0.0365157
-0.0364446
-0.0363754
-0.0363084
-0.0362431
-0.03618
-0.0361187
-0.0360596
-0.0360022
-0.0359471
-0.0358937
-0.0358425
-0.035793
-0.0357459
-0.0357003
-0.0356571
-0.0356155
-0.0355763
-0.0355387
-0.0355034
-0.0354697
-0.0354384
-0.0354086
-0.0353813
-0.0353555
-0.0353321
-0.0353101
-0.0352907
-0.0352726
-0.0352571
-0.0352429
-0.0352313
-0.035221
-0.0352132
-0.0352068
-0.0352029
-0.0352003
-0.0352003
-0.0352015
-0.0352053
-0.0352103
-0.0352179
-0.0352266
-0.0352381
-0.0352506
-0.0352658
-0.035282
-0.0353009
-0.0353208
-0.0353435
-0.0353671
-0.0353934
-0.0354207
-0.0354506
-0.0354815
-0.0355151
-0.0355495
-0.0355867
-0.0356247
-0.0356655
-0.035707
-0.0357513
-0.0357963
-0.0358441
-0.0358926
-0.0359438
-0.0359957
-0.0360504
-0.0361057
-0.0361638
-0.0362224
-0.0362838
-0.0363458
-0.0364105
-0.0364757
-0.0365436
-0.0366121
-0.0366833
-0.036755
-0.0368294
-0.0369042
-0.0369818
-0.0370597
-0.0371403
-0.0372213
-0.037305
-0.0373891
-0.0374758
-0.0375628
-0.0376525
-0.0377424
-0.037835
-0.0379279
-0.0380234
-0.0381191
-0.0382174
-0.0383159
-0.038417
-0.0385183
-0.0386221
-0.0387261
-0.0388327
-0.0389393
-0.0390484
-0.0391577
-0.0392694
-0.0393812
-0.0394955
-0.0396098
-0.0397266
-0.0398433
-0.0399626
-0.0400818
-0.0402034
-0.0403248
-0.0404488
-0.0405726
-0.0406988
-0.0408249
-0.0409533
-0.0410816
-0.0412122
-0.0413425
-0.0414753
-0.0416078
-0.0417425
-0.0418771
-0.0420138
-0.0421503
-0.042289
-0.0424274
-0.042568
-0.0427083
-0.0428508
-0.0429928
-0.043137
-0.0432808
-0.0434268
-0.0435723
-0.0437198
-0.043867
-0.0440162
-0.0441648
-0.0443156
-0.0444658
-0.044618
-0.0447696
-0.0449233
-0.0450763
-0.0452313
-0.0453857
-0.0455419
-0.0456976
-0.0458551
-0.0460119
-0.0461706
-0.0463286
-0.0464884
-0.0466475
-0.0468084
-0.0469684
-0.0471303
-0.0472913
-0.0474541
-0.047616
-0.0477797
-0.0479424
-0.0481068
-0.0482703
-0.0484355
-0.0485997
-0.0487656
-0.0489304
-0.0490969
-0.0492623
-0.0494293
-0.0495952
-0.0497627
-0.0499291
-0.050097
-0.0502637
-0.0504319
-0.050599
-0.0507675
-0.0509348
-0.0511035
-0.051271
-0.0514399
-0.0516075
-0.0517765
-0.0519441
-0.0521131
-0.0522807
-0.0524496
-0.0526171
-0.052786
-0.0529533
-0.053122
-0.0532891
-0.0534576
-0.0536244
-0.0537926
-0.053959
-0.0541268
-0.0542929
-0.0544602
-0.0546257
-0.0547926
-0.0549576
-0.0551238
-0.0552882
-0.0554538
-0.0556175
-0.0557824
-0.0559453
-0.0561095
-0.0562716
-0.0564349
-0.0565961
-0.0567585
-0.0569188
-0.0570802
-0.0572395
-0.0573999
-0.057558
-0.0577173
-0.0578743
-0.0580325
-0.0581882
-0.0583452
-0.0584997
-0.0586553
-0.0588084
-0.0589627
-0.0591144
-0.0592673
-0.0594176
-0.0595689
-0.0597176
-0.0598675
-0.0600146
-0.0601628
-0.0603082
-0.0604548
-0.0605985
-0.0607433
-0.0608852
-0.0610282
-0.0611683
-0.0613095
-0.0614476
-0.0615868
-0.061723
-0.0618603
-0.0619944
-0.0621296
-0.0622617
-0.0623948
-0.0625247
-0.0626556
-0.0627833
-0.0629121
-0.0630374
-0.063164
-0.063287
-0.0634112
-0.0635318
-0.0636536
-0.0637718
-0.0638912
-0.0640069
-0.0641238
-0.0642369
-0.0643513
-0.0644618
-0.0645735
-0.0646814
-0.0647905
-0.0648956
-0.065002
-0.0651044
-0.0652081
-0.0653076
-0.0654085
-0.0655052
-0.0656032
-0.065697
-0.065792
-0.0658829
-0.065975
-0.0660629
-0.066152
-0.0662368
-0.0663229
-0.0664046
-0.0664877
-0.0665662
-0.0666461
-0.0667215
-0.0667983
-0.0668704
-0.066944
-0.0670129
-0.0670832
-0.0671488
-0.0672159
-0.0672781
-0.0673419
-0.0674008
-0.0674612
-0.0675167
-0.0675737
-0.0676257
-0.0676793
-0.0677279
-0.0677781
-0.0678232
-0.0678699
-0.0679115
-0.0679547
-0.0679927
-0.0680323
-0.0680668
-0.0681029
-0.0681337
-0.0681663
-0.0681935
-0.0682225
-0.068246
-0.0682714
-0.0682913
-0.068313
-0.0683292
-0.0683473
-0.0683598
-0.0683742
-0.068383
-0.0683937
-0.0683988
-0.0684058
-0.0684071
-0.0684104
-0.068408
-0.0684076
-0.0684015
-0.0683974
-0.0683874
-0.0683796
-0.0683659
-0.0683543
-0.0683369
-0.0683216
-0.0683003
-0.0682813
-0.0682563
-0.0682335
-0.0682048
-0.0681783
-0.0681458
-0.0681155
-0.0680793
-0.0680453
-0.0680053
-0.0679676
-0.0679239
-0.0678825
-0.0678351
-0.06779
-0.0677388
-0.0676901
-0.0676352
-0.0675828
-0.0675243
-0.0674682
-0.067406
-0.0673464
-0.0672806
-0.0672173
-0.0671478
-0.067081
-0.067008
-0.0669375
-0.066861
-0.066787
-0.0667069
-0.0666294
-0.0665458
-0.0664649
-0.0663778
-0.0662935
-0.066203
-0.0661152
-0.0660213
-0.0659301
-0.0658329
-0.0657384
-0.0656378
-0.06554
-0.0654362
-0.0653351
-0.065228
-0.0651238
-0.0650135
-0.0649061
-0.0647926
-0.0646821
-0.0645656
-0.064452
-0.0643324
-0.0642158
-0.0640932
-0.0639736
-0.0638481
-0.0637256
-0.0635972
-0.0634718
-0.0633405
-0.0632124
-0.0630783
-0.0629475
-0.0628107
-0.0626771
-0.0625377
-0.0624015
-0.0622595
-0.0621207
-0.0619761
-0.0618348
-0.0616878
-0.0615441
-0.0613947
-0.0612486
-0.0610969
-0.0609485
-0.0607945
-0.0606439
-0.0604877
-0.0603349
-0.0601766
-0.0600217
-0.0598614
-0.0597044
-0.0595421
-0.0593833
-0.0592191
-0.0590583
-0.0588923
-0.0587298
-0.058562
-0.0583977
-0.0582283
-0.0580624
-0.0578914
-0.0577239
-0.0575514
-0.0573824
-0.0572085
-0.0570381
-0.0568628
-0.0566911
-0.0565146
-0.0563404
-0.0561624
-0.0559876
-0.0558083
-0.0556323
-0.0554519
-0.0552748
-0.0550934
-0.0549153
-0.054733
-0.0545541
-0.054371
-0.0541913
-0.0540076
-0.0538271
-0.0536428
-0.0534618
-0.0532769
-0.0530953
-0.05291
-0.052728
-0.0525423
-0.05236
-0.0521741
-0.0519914
-0.0518034
-0.0516201
-0.0514327
-0.051249
-0.0510614
-0.0508775
-0.0506899
-0.050506
-0.0503185
-0.0501347
-0.0499474
-0.0497638
-0.0495768
-0.0493935
-0.0492068
-0.049024
-0.0488378
-0.0486553
-0.0484697
-0.0482878
-0.0481027
-0.0479215
-0.0477371
-0.0475565
-0.047373
-0.0471932
-0.0470105
-0.0468315
-0.0466498
-0.0464717
-0.0462911
-0.0461139
-0.0459343
-0.0457582
-0.0455798
-0.0454048
-0.0452276
-0.0450539
-0.0448781
-0.0447056
-0.0445311
-0.0443601
-0.044187
-0.0440174
-0.0438459
-0.0436777
-0.0435078
-0.0433412
-0.0431729
-0.043008
-0.0428414
-0.0426782
-0.0425133
-0.0423519
-0.0421889
-0.0420292
-0.0418681
-0.0417103
-0.0415512
-0.0413954
-0.0412382
-0.0410844
-0.0409293
-0.0407775
-0.0406246
-0.0404749
-0.0403241
-0.0401766
-0.040028
-0.0398827
-0.0397364
-0.0395933
-0.0394494
-0.0393086
-0.039167
-0.0390286
-0.0388894
-0.0387533
-0.0386166
-0.038483
-0.0383488
-0.0382176
-0.038086
-0.0379573
-0.0378282
-0.0377022
-0.0375757
-0.0374522
-0.0373283
-0.0372075
-0.0370863
-0.0369681
-0.0368497
-0.0367341
-0.0366184
-0.0365056
-0.0363927
-0.0362826
-0.0361725
-0.0360652
-0.035958
-0.0358535
-0.035749
-0.0356474
-0.0355458
-0.035447
-0.0353483
-0.0352524
-0.0351567
-0.0350636
-0.0349708
-0.0348807
-0.0347908
-0.0347036
-0.0346168
-0.0345325
-0.0344486
-0.0343673
-0.0342864
-0.0342081
-0.0341303
-0.0340549
-0.0339801
-0.0339078
-0.0338359
-0.0337666
-0.0336979
-0.0336316
-0.0335659
-0.0335026
-0.03344
-0.0333798
-0.0333202
-0.033263
-0.0332065
-0.0331524
-0.033099
-0.0330479
-0.0329975
-0.0329496
-0.0329023
-0.0328574
-0.0328131
-0.0327713
-0.0327302
-0.0326914
-0.0326534
-0.0326177
-0.0325828
-0.0325501
-0.0325182
-0.0324887
-0.03246
-0.0324334
-0.0324077
-0.0323843
-0.0323616
-0.0323413
-0.0323218
-0.0323044
-0.032288
-0.0322737
-0.0322602
-0.0322491
-0.0322387
-0.0322306
-0.0322233
-0.0322181
-0.0322139
-0.0322118
-0.0322106
-0.0322115
-0.0322133
-0.0322173
-0.0322221
-0.0322291
-0.032237
-0.032247
-0.0322578
-0.0322709
-0.0322847
-0.0323007
-0.0323176
-0.0323366
-0.0323564
-0.0323784
-0.0324012
-0.0324262
-0.0324519
-0.0324799
-0.0325086
-0.0325395
-0.0325711
-0.032605
-0.0326396
-0.0326763
-0.0327138
-0.0327535
-0.032794
-0.0328366
-0.0328799
-0.0329255
-0.0329717
-0.0330201
-0.0330692
-0.0331206
-0.0331725
-0.0332267
-0.0332816
-0.0333386
-0.0333963
-0.0334563
-0.0335168
-0.0335796
-0.0336429
-0.0337085
-0.0337747
-0.0338431
-0.0339121
-0.0339833
-0.0340551
-0.0341291
-0.0342037
-0.0342805
-0.0343578
-0.0344374
-0.0345175
-0.0345999
-0.0346826
-0.0347678
-0.0348533
-0.0349412
-0.0350294
-0.03512
-0.0352109
-0.0353043
-0.0353979
-0.0354939
-0.0355902
-0.0356889
-0.0357878
-0.0358893
-0.0359908
-0.0360949
-0.0361991
-0.0363058
-0.0364126
-0.036522
-0.0366313
-0.0367433
-0.0368552
-0.0369699
-0.0370844
-0.0372016
-0.0373186
-0.0374384
-0.0375579
-0.0376802
-0.0378023
-0.0379272
-0.0380517
-0.0381791
-0.0383061
-0.038436
-0.0385655
-0.0386979
-0.0388298
-0.0389646
-0.0390989
-0.0392362
-0.0393729
-0.0395126
-0.0396517
-0.0397938
-0.0399352
-0.0400796
-0.0402234
-0.0403702
-0.0405163
-0.0406654
-0.0408138
-0.0409652
-0.0411158
-0.0412696
-0.0414224
-0.0415784
-0.0417334
-0.0418916
-0.0420488
-0.0422092
-0.0423686
-0.0425312
-0.0426926
-0.0428574
-0.0430209
-0.0431878
-0.0433534
-0.0435224
-0.04369
-0.043861
-0.0440306
-0.0442037
-0.0443753
-0.0445503
-0.0447238
-0.0449008
-0.0450762
-0.0452551
-0.0454324
-0.0456132
-0.0457923
-0.0459749
-0.0461558
-0.0463403
-0.0465229
-0.0467091
-0.0468936
-0.0470814
-0.0472675
-0.0474571
-0.0476448
-0.047836
-0.0480253
-0.0482181
-0.0484089
-0.0486032
-0.0487955
-0.0489914
-0.0491851
-0.0493824
-0.0495775
-0.0497763
-0.0499727
-0.0501729
-0.0503706
-0.0505721
-0.0507711
-0.0509739
-0.051174
-0.051378
-0.0515793
-0.0517845
-0.0519868
-0.0521931
-0.0523964
-0.0526037
-0.0528079
-0.0530162
-0.0532213
-0.0534305
-0.0536364
-0.0538464
-0.054053
-0.0542638
-0.0544711
-0.0546826
-0.0548905
-0.0551026
-0.0553111
-0.0555238
-0.0557328
-0.055946
-0.0561555
-0.0563691
-0.0565789
-0.056793
-0.0570031
-0.0572174
-0.0574278
-0.0576424
-0.0578529
-0.0580677
-0.0582783
-0.0584932
-0.0587038
-0.0589188
-0.0591294
-0.0593444
-0.0595549
-0.0597697
-0.05998
-0.0601947
-0.0604048
-0.0606193
-0.060829
-0.0610432
-0.0612526
-0.0614663
-0.0616752
-0.0618886
-0.062097
-0.0623097
-0.0625175
-0.0627297
-0.0629369
-0.0631484
-0.0633547
-0.0635655
-0.0637711
-0.063981
-0.0641857
-0.0643947
-0.0645984
-0.0648065
-0.0650091
-0.0652162
-0.0654177
-0.0656236
-0.0658239
-0.0660286
-0.0662277
-0.0664311
-0.0666289
-0.0668309
-0.0670272
-0.0672279
-0.0674227
-0.0676219
-0.0678151
-0.0680127
-0.0682043
-0.0684002
-0.0685901
-0.0687843
-0.0689724
-0.0691648
-0.069351
-0.0695415
-0.0697258
-0.0699144
-0.0700966
-0.0702832
-0.0704633
-0.0706478
-0.0708258
-0.0710081
-0.0711911
-0.0713789
-0.0715605
-0.0717534
-0.071944
-0.0721331
-0.0723151
-0.0725006
-0.0726786
-0.0728598
-0.0730336
-0.0732107
-0.0733805
-0.0735538
-0.0737199
-0.0738897
-0.0740523
-0.0742186
-0.0743779
-0.0745409
-0.0746969
-0.0748566
-0.0750094
-0.0751659
-0.0753154
-0.0754687
-0.075615
-0.0757651
-0.0759081
-0.0760549
-0.0761945
-0.076338
-0.0764744
-0.0766145
-0.0767474
-0.0768841
-0.0770136
-0.0771469
-0.0772729
-0.0774026
-0.0775251
-0.0776512
-0.0777701
-0.0778927
-0.0780079
-0.0781268
-0.0782383
-0.0783535
-0.0784613
-0.0785727
-0.0786768
-0.0787844
-0.0788846
-0.0789884
-0.0790847
-0.0791846
-0.0792771
-0.0793731
-0.0794616
-0.0795536
-0.0796381
-0.0797261
-0.0798066
-0.0798906
-0.0799671
-0.080047
-0.0801194
-0.0801953
-0.0802635
-0.0803353
-0.0803994
-0.080467
-0.080527
-0.0805904
-0.0806463
-0.0807055
-0.0807571
-0.0808121
-0.0808595
-0.0809103
-0.0809535
-0.081
-0.081039
-0.0810812
-0.0811159
-0.0811539
-0.0811843
-0.081218
-0.0812442
-0.0812736
-0.0812954
-0.0813206
-0.0813381
-0.0813589
-0.0813722
-0.0813887
-0.0813977
-0.0814099
-0.0814146
-0.0814225
-0.0814229
-0.0814266
-0.0814227
-0.081422
-0.0814138
-0.0814089
-0.0813965
-0.0813873
-0.0813706
-0.0813571
-0.0813362
-0.0813185
-0.0812933
-0.0812714
-0.081242
-0.0812158
-0.0811823
-0.0811519
-0.0811142
-0.0810797
-0.0810378
-0.0809991
-0.0809531
-0.0809103
-0.0808602
-0.0808133
-0.0807592
-0.0807082
-0.08065
-0.080595
-0.0805328
-0.0804738
-0.0804076
-0.0803446
-0.0802745
-0.0802076
-0.0801335
-0.0800627
-0.0799848
-0.0799101
-0.0798284
-0.0797499
-0.0796644
-0.0795821
-0.0794929
-0.0794068
-0.0793139
-0.0792242
-0.0791276
-0.0790342
-0.078934
-0.078837
-0.0787332
-0.0786327
-0.0785254
-0.0784214
-0.0783107
-0.0782032
-0.078089
-0.0779782
-0.0778607
-0.0777465
-0.0776256
-0.0775081
-0.0773841
-0.0772634
-0.0771361
-0.0770122
-0.0768818
-0.0767548
-0.0766213
-0.0764913
-0.0763548
-0.0762217
-0.0760823
-0.0759463
-0.075804
-0.0756651
-0.07552
-0.0753783
-0.0752304
-0.0750859
-0.0749353
-0.0747882
-0.0746349
-0.0744852
-0.0743294
-0.0741771
-0.0740187
-0.073864
-0.0737032
-0.073546
-0.0733829
-0.0732233
-0.0730579
-0.0728961
-0.0727284
-0.0725643
-0.0723945
-0.0722283
-0.0720564
-0.0718881
-0.0717142
-0.0715439
-0.071368
-0.0711958
-0.071018
-0.070844
-0.0706644
-0.0704885
-0.0703072
-0.0701296
-0.0699466
-0.0697674
-0.0695828
-0.069402
-0.0692159
-0.0690336
-0.068846
-0.0686622
-0.0684733
-0.0682881
-0.068098
-0.0679115
-0.0677201
-0.0675324
-0.0673399
-0.0671511
-0.0669575
-0.0667676
-0.066573
-0.0663822
-0.0661866
-0.0659949
-0.0657985
-0.0656059
-0.0654087
-0.0652153
-0.0650174
-0.0648233
-0.0646247
-0.06443
-0.0642309
-0.0640356
-0.063836
-0.0636402
-0.0634401
-0.063244
-0.0630435
-0.062847
-0.0626463
-0.0624495
-0.0622486
-0.0620516
-0.0618505
-0.0616534
-0.0614522
-0.0612551
-0.0610539
-0.0608567
-0.0606556
-0.0604586
-0.0602575
-0.0600607
-0.0598598
-0.0596632
-0.0594626
-0.0592662
-0.059066
-0.05887
-0.0586702
-0.0584746
-0.0582753
-0.0580802
-0.0578814
-0.0576868
-0.0574887
-0.0572947
-0.0570972
-0.056904
-0.0567072
-0.0565148
-0.0563188
-0.0561271
-0.055932
-0.0557413
-0.0555471
-0.0553573
-0.0551641
-0.0549753
-0.0547832
-0.0545954
-0.0544044
-0.0542178
-0.054028
-0.0538426
-0.053654
-0.0534699
-0.0532826
-0.0530998
-0.0529139
-0.0527325
-0.052548
-0.052368
-0.0521851
-0.0520066
-0.0518252
-0.0516483
-0.0514686
-0.0512933
-0.0511153
-0.0509418
-0.0507655
-0.0505937
-0.0504193
-0.0502493
-0.0500767
-0.0499086
-0.049738
-0.0495718
-0.0494031
-0.0492389
-0.0490723
-0.0489101
-0.0487456
-0.0485855
-0.0484231
-0.0482651
-0.0481049
-0.0479491
-0.0477912
-0.0476376
-0.047482
-0.0473307
-0.0471774
-0.0470284
-0.0468775
-0.0467309
-0.0465824
-0.0464383
-0.0462923
-0.0461506
-0.0460071
-0.0458679
-0.045727
-0.0455904
-0.0454521
-0.045318
-0.0451824
-0.045051
-0.0449181
-0.0447893
-0.0446592
-0.0445332
-0.0444058
-0.0442825
-0.0441579
-0.0440375
-0.0439158
-0.0437981
-0.0436793
-0.0435645
-0.0434487
-0.0433368
-0.0432239
-0.043115
-0.0430051
-0.0428991
-0.0427922
-0.0426893
-0.0425855
-0.0424856
-0.0423849
-0.042288
-0.0421905
-0.0420967
-0.0420024
-0.0419117
-0.0418205
-0.0417331
-0.0416451
-0.0415608
-0.0414761
-0.041395
-0.0413136
-0.0412357
-0.0411576
-0.041083
-0.0410082
-0.0409369
-0.0408654
-0.0407974
-0.0407294
-0.0406647
-0.0406
-0.0405387
-0.0404774
-0.0404194
-0.0403616
-0.040307
-0.0402526
-0.0402014
-0.0401505
-0.0401027
-0.0400553
-0.0400109
-0.039967
-0.0399261
-0.0398858
-0.0398484
-0.0398115
-0.0397776
-0.0397443
-0.0397138
-0.0396841
-0.0396572
-0.0396254
-0.0395956
-0.039566
-0.0395307
-0.0394991
-0.03947
-0.0394426
-0.0394183
-0.0393954
-0.0393758
-0.0393579
-0.039343
-0.0393298
-0.0393194
-0.0393106
-0.0393045
-0.0393
-0.039298
-0.0392976
-0.0392995
-0.039303
-0.0393087
-0.039316
-0.0393254
-0.0393365
-0.0393496
-0.0393644
-0.0393812
-0.0393997
-0.0394201
-0.0394422
-0.0394662
-0.039492
-0.0395196
-0.0395489
-0.0395801
-0.039613
-0.0396478
-0.0396842
-0.0397227
-0.0397626
-0.0398046
-0.039848
-0.0398936
-0.0399405
-0.0399896
-0.04004
-0.0400927
-0.0401466
-0.0402028
-0.0402601
-0.0403198
-0.0403805
-0.0404437
-0.0405078
-0.0405745
-0.040642
-0.0407121
-0.040783
-0.0408565
-0.0409308
-0.0410077
-0.0410852
-0.0411655
-0.0412464
-0.04133
-0.0414141
-0.041501
-0.0415884
-0.0416786
-0.0417692
-0.0418627
-0.0419564
-0.0420531
-0.04215
-0.0422499
-0.0423499
-0.0424529
-0.042556
-0.0426621
-0.0427682
-0.0428774
-0.0429865
-0.0430988
-0.0432109
-0.0433261
-0.0434411
-0.0435592
-0.0436771
-0.0437982
-0.0439189
-0.0440428
-0.0441663
-0.044293
-0.0444193
-0.0445488
-0.0446777
-0.0448099
-0.0449415
-0.0450764
-0.0452105
-0.045348
-0.0454847
-0.0456248
-0.0457639
-0.0459065
-0.0460481
-0.0461931
-0.0463371
-0.0464845
-0.0466308
-0.0467805
-0.046929
-0.047081
-0.0472317
-0.0473859
-0.0475388
-0.0476951
-0.04785
-0.0480084
-0.0481653
-0.0483257
-0.0484846
-0.0486469
-0.0488076
-0.0489719
-0.0491344
-0.0493004
-0.0494646
-0.0496324
-0.0497983
-0.0499677
-0.0501352
-0.0503062
-0.0504752
-0.0506477
-0.0508181
-0.050992
-0.0511638
-0.0513391
-0.0515122
-0.0516888
-0.0518631
-0.0520408
-0.0522163
-0.0523951
-0.0525716
-0.0527515
-0.052929
-0.0531098
-0.0532882
-0.0534699
-0.053649
-0.0538316
-0.0540114
-0.0541946
-0.0543751
-0.054559
-0.05474
-0.0549244
-0.0551059
-0.0552907
-0.0554725
-0.0556577
-0.0558399
-0.0560253
-0.0562077
-0.0563933
-0.0565757
-0.0567614
-0.0569439
-0.0571296
-0.057312
-0.0574976
-0.0576798
-0.0578652
-0.0580472
-0.0582323
-0.0584142
-0.0585988
-0.0587802
-0.0589644
-0.0591452
-0.0593288
-0.059509
-0.059692
-0.0598715
-0.0600536
-0.0602323
-0.0604136
-0.0605914
-0.0607718
-0.0609486
-0.0611279
-0.0613036
-0.0614818
-0.0616563
-0.0618333
-0.0620065
-0.0621822
-0.0623541
-0.0625283
-0.0626988
-0.0628715
-0.0630404
-0.0632115
-0.0633788
-0.0635482
-0.0637137
-0.0638814
-0.0640451
-0.0642109
-0.0643727
-0.0645365
-0.0646963
-0.064858
-0.0650157
-0.0651753
-0.0653308
-0.0654882
-0.0656415
-0.0657965
-0.0659474
-0.0661
-0.0662485
-0.0663986
-0.0665445
-0.0666921
-0.0668354
-0.0669803
-0.0671209
-0.067263
-0.0674008
-0.0675401
-0.0676751
-0.0678115
-0.0679435
-0.0680769
-0.0682058
-0.0683362
-0.068462
-0.0685892
-0.0687119
-0.0688358
-0.0689553
-0.0690759
-0.0691921
-0.0693093
-0.069422
-0.0695358
-0.0696451
-0.0697554
-0.0698611
-0.0699678
-0.0700699
-0.070173
-0.0702714
-0.0703707
-0.0704655
-0.070561
-0.0706519
-0.0707436
-0.0708307
-0.0709185
-0.0710017
-0.0710855
-0.0711647
-0.0712445
-0.0713197
-0.0713954
-0.0714665
-0.0715381
-0.0716051
-0.0716725
-0.0717354
-0.0717985
-0.0718572
-0.0719161
-0.0719705
-0.0720251
-0.0720752
-0.0721254
-0.0721712
-0.072217
-0.0722584
-0.0722998
-0.0723368
-0.0723738
-0.0724063
-0.0724388
-0.0724669
-0.0724949
-0.0725184
-0.0725419
-0.0725609
-0.0725798
-0.0725943
-0.0726086
-0.0726185
-0.0726282
-0.0726336
-0.0726386
-0.0726394
-0.0726398
-0.072636
-0.0726318
-0.0726233
-0.0726144
-0.0726014
-0.0725878
-0.0725701
-0.0725519
-0.0725296
-0.0725067
-0.0724798
-0.0724522
-0.0724207
-0.0723885
-0.0723523
-0.0723154
-0.0722747
-0.0722332
-0.0721878
-0.0721417
-0.0720917
-0.072041
-0.0719865
-0.0719311
-0.0718721
-0.0718121
-0.0717486
-0.0716841
-0.071616
-0.071547
-0.0714745
-0.071401
-0.071324
-0.071246
-0.0711646
-0.0710822
-0.0709965
-0.0709097
-0.0708196
-0.0707284
-0.0706341
-0.0705386
-0.0704399
-0.0703402
-0.0702374
-0.0701334
-0.0700264
-0.0699182
-0.0698071
-0.0696949
-0.0695797
-0.0694634
-0.0693442
-0.0692238
-0.0691007
-0.0689764
-0.0688494
-0.0687212
-0.0685904
-0.0684584
-0.0683238
-0.068188
-0.0680498
-0.0679103
-0.0677684
-0.0676253
-0.0674799
-0.0673332
-0.0671843
-0.0670341
-0.0668818
-0.0667283
-0.0665727
-0.0664158
-0.0662569
-0.0660968
-0.0659348
-0.0657715
-0.0656064
-0.06544
-0.065272
-0.0651026
-0.0649316
-0.0647594
-0.0645856
-0.0644105
-0.064234
-0.0640563
-0.0638771
-0.0636967
-0.063515
-0.0633321
-0.063148
-0.0629627
-0.0627762
-0.0625885
-0.0623998
-0.0622099
-0.0620191
-0.061827
-0.0616342
-0.0614401
-0.0612453
-0.0610493
-0.0608527
-0.0606549
-0.0604565
-0.060257
-0.060057
-0.0598559
-0.0596544
-0.0594518
-0.0592489
-0.0590449
-0.0588408
-0.0586355
-0.0584301
-0.0582237
-0.0580173
-0.0578098
-0.0576024
-0.0573941
-0.0571858
-0.0569766
-0.0567676
-0.0565577
-0.0563481
-0.0561376
-0.0559275
-0.0557166
-0.0555061
-0.0552947
-0.055084
-0.0548724
-0.0546615
-0.0544498
-0.0542388
-0.0540271
-0.0538162
-0.0536046
-0.0533939
-0.0531825
-0.0529721
-0.0527611
-0.0525511
-0.0523405
-0.052131
-0.051921
-0.0517122
-0.0515029
-0.0512948
-0.0510863
-0.0508791
-0.0506715
-0.0504653
-0.0502587
-0.0500536
-0.0498482
-0.0496443
-0.0494401
-0.0492376
-0.0490347
-0.0488336
-0.0486322
-0.0484327
-0.0482329
-0.048035
-0.0478368
-0.0476407
-0.0474444
-0.0472501
-0.0470557
-0.0468634
-0.046671
-0.0464808
-0.0462905
-0.0461024
-0.0459144
-0.0457286
-0.0455428
-0.0453594
-0.0451761
-0.0449952
-0.0448143
-0.044636
-0.0444578
-0.0442821
-0.0441066
-0.0439336
-0.0437609
-0.0435908
-0.043421
-0.0432539
-0.043087
-0.0429229
-0.0427591
-0.0425981
-0.0424374
-0.0422796
-0.0421222
-0.0419676
-0.0418135
-0.0416623
-0.0415116
-0.0413638
-0.0412166
-0.0410723
-0.0409286
-0.0407879
-0.0406478
-0.0405108
-0.0403744
-0.040241
-0.0401083
-0.0399787
-0.0398499
-0.0397241
-0.0395992
-0.0394773
-0.0393563
-0.0392384
-0.0391213
-0.0390074
-0.0388944
-0.0387846
-0.0386757
-0.0385699
-0.0384652
-0.0383636
-0.038263
-0.0381656
-0.0380693
-0.0379761
-0.037884
-0.0377952
-0.0377074
-0.0376229
-0.0375395
-0.0374593
-0.0373802
-0.0373044
-0.0372298
-0.0371584
-0.0370882
-0.0370212
-0.0369555
-0.0368929
-0.0368317
-0.0367736
-0.0367169
-0.0366633
-0.0366111
-0.036562
-0.0365143
-0.0364698
-0.0364266
-0.0363866
-0.036348
-0.0363125
-0.0362784
-0.0362474
-0.036218
-0.0361915
-0.0361666
-0.0361447
-0.0361243
-0.0361069
-0.0360911
-0.0360782
-0.0360669
-0.0360586
-0.0360518
-0.0360479
-0.0360457
-0.0360463
-0.0360486
-0.0360537
-0.0360604
-0.0360699
-0.0360812
-0.0360951
-0.0361108
-0.0361291
-0.0361492
-0.0361719
-0.0361964
-0.0362234
-0.0362523
-0.0362836
