0 
-0.0917384 
-0.265116 
-0.409308 
-0.508441 
-0.551602 
-0.534039 
-0.457686 
-0.330947 
-0.167777 
0.0138642 
0.193979 
0.352739 
0.472667 
0.540562 
0.548948 
0.496902 
0.390155 
0.240457 
0.0642876 
-0.118959 
-0.289109 
-0.427433 
-0.518702 
-0.552869 
-0.526173 
-0.441553 
-0.308324 
-0.141153 
0.0415576 
0.219693 
0.373643 
0.48646 
0.545725 
0.544913 
0.484114 
0.37002 
0.215193 
0.0366752 
-0.14588 
-0.312375 
-0.444482 
-0.527658 
-0.552747 
-0.516985 
-0.42431 
-0.284925 
-0.114174 
0.0691466 
0.244855 
0.393608 
