0 
0.00893782 
-2.77776e-05 
0.00900637 
-6.48133e-05 
0.00906608 
-0.000101846 
0.0091261 
-0.000138874 
0.00918634 
-0.000175896 
0.00924667 
-0.000212911 
0.00930701 
-0.000249916 
0.00936725 
-0.000286909 
0.00942728 
-0.00032389 
0.009487 
-0.000360857 
0.00954631 
-0.000397807 
0.00960511 
-0.00043474 
0.00966329 
-0.000471654 
0.00972075 
-0.000508546 
0.0097774 
-0.000545416 
0.00983314 
-0.000582262 
0.00988787 
-0.000619082 
0.00994149 
-0.000655874 
0.00999392 
-0.000692637 
0.0100451 
-0.000729369 
0.0100948 
-0.000766069 
0.0101431 
-0.000802735 
0.0101899 
-0.000839366 
0.010235 
-0.000875959 
0.0102783 
-0.000912513 
0.0103199 
-0.000949026 
0.0103596 
-0.000985497 
0.0103974 
-0.00102192 
0.0104332 
-0.00105831 
0.0104668 
-0.00109464 
0.0104983 
-0.00113093 
0.0105276 
-0.00116716 
0.0105546 
-0.00120335 
0.0105793 
-0.00123948 
0.0106015 
-0.00127555 
0.0106213 
-0.00131157 
0.0106387 
-0.00134753 
0.0106534 
-0.00138344 
0.0106656 
-0.00141927 
0.0106752 
-0.00145505 
0.0106821 
-0.00149076 
0.0106863 
-0.00152641 
0.0106878 
-0.00156199 
0.0106865 
-0.00159749 
0.0106825 
-0.00163293 
0.0106757 
-0.00166829 
0.010666 
-0.00170358 
0.0106535 
-0.0017388 
0.0106381 
-0.00177394 
0.0106199 
-0.001809 
0.0105989 
-0.00184397 
0.010575 
-0.00187887 
0.0105482 
-0.00191368 
0.0105186 
-0.00194841 
0.0104861 
-0.00198305 
0.0104508 
-0.0020176 
0.0104126 
-0.00205207 
0.0103716 
-0.00208644 
0.0103279 
-0.00212072 
0.0102813 
-0.0021549 
0.010232 
-0.00218899 
0.01018 
-0.00222298 
0.0101253 
-0.00225688 
0.0100679 
-0.00229067 
0.0100078 
-0.00232436 
0.0099452 
-0.00235795 
0.00988001 
-0.00239143 
0.0098123 
-0.00242481 
0.00974211 
-0.00245808 
0.00966947 
-0.00249124 
0.00959445 
-0.00252429 
0.00951709 
-0.00255722 
0.00943744 
-0.00259005 
0.00935554 
-0.00262275 
0.00927146 
-0.00265534 
0.00918525 
-0.00268782 
0.00909696 
-0.00272017 
0.00900665 
-0.0027524 
0.00891438 
-0.00278452 
0.00882021 
-0.0028165 
0.00872421 
-0.00284836 
-0.00286425 
-0.0028801 
-0.00289592 
-0.00291171 
-0.00292746 
-0.00294318 
-0.00295887 
-0.00297453 
-0.00299015 
-0.00300575 
-0.0030213 
-0.00303683 
-0.00305232 
-0.00306777 
-0.00308319 
-0.00309858 
-0.00311394 
-0.00312925 
-0.00314454 
-0.00315979 
-0.003175 
-0.00319018 
-0.00320532 
-0.00322043 
-0.0032355 
-0.00325054 
-0.00326554 
-0.0032805 
-0.00329543 
-0.00331032 
-0.00332517 
-0.00333999 
-0.00335477 
-0.00336951 
-0.00338422 
-0.00339888 
-0.00341351 
-0.0034281 
-0.00344266 
-0.00345717 
-0.00347165 
-0.00348609 
-0.00350049 
-0.00351485 
-0.00352917 
-0.00354345 
-0.0035577 
-0.0035719 
-0.00358606 
-0.00360019 
-0.00361427 
-0.00362831 
-0.00364232 
-0.00365628 
-0.0036702 
-0.00368408 
-0.00369792 
-0.00371172 
-0.00372548 
-0.0037392 
-0.00375287 
-0.00376651 
-0.0037801 
-0.00379365 
-0.00380716 
-0.00382062 
-0.00383405 
-0.00384743 
-0.00386076 
-0.00387406 
-0.00388731 
-0.00390052 
-0.00391368 
-0.0039268 
-0.00393988 
-0.00395292 
-0.00396591 
-0.00397885 
-0.00399176 
-0.00400461 
-0.00401743 
-0.00403019 
-0.00404292 
-0.0040556 
-0.00406823 
-0.00408082 
-0.00409336 
-0.00410586 
-0.00411831 
-0.00413072 
-0.00414308 
-0.00415539 
-0.00416766 
-0.00417988 
-0.00419206 
-0.00420419 
-0.00421627 
-0.00422831 
-0.00424029 
-0.00425223 
-0.00426413 
-0.00427598 
-0.00428777 
-0.00429953 
-0.00431123 
-0.00432289 
-0.00433449 
-0.00434605 
-0.00435756 
-0.00436903 
-0.00438044 
-0.00439181 
-0.00440312 
-0.00441439 
-0.00442561 
-0.00443678 
-0.0044479 
-0.00445897 
-0.00446999 
-0.00448096 
-0.00449189 
-0.00450276 
-0.00451358 
-0.00452435 
-0.00453507 
-0.00454575 
-0.00455637 
-0.00456694 
-0.00457746 
-0.00458792 
-0.00459834 
-0.00460871 
-0.00461902 
-0.00462929 
-0.0046395 
-0.00464966 
-0.00465977 
-0.00466983 
-0.00467983 
-0.00468979 
-0.00469969 
-0.00470954 
-0.00471933 
-0.00472908 
-0.00473877 
-0.00474841 
-0.004758 
-0.00476753 
-0.00477701 
-0.00478644 
-0.00479581 
-0.00480513 
-0.0048144 
-0.00482362 
-0.00483278 
-0.00484188 
-0.00485094 
-0.00485994 
-0.00486888 
-0.00487777 
-0.00488661 
-0.00489539 
-0.00490412 
-0.00491279 
-0.00492141 
-0.00492998 
-0.00493849 
-0.00494694 
-0.00495534 
-0.00496369 
-0.00497198 
-0.00498021 
-0.00498839 
-0.00499651 
-0.00500458 
-0.0050126 
-0.00502055 
-0.00502845 
-0.0050363 
-0.00504409 
-0.00505182 
-0.0050595 
-0.00506712 
-0.00507468 
-0.00508219 
-0.00508964 
-0.00509704 
-0.00510438 
-0.00511166 
-0.00511888 
-0.00512605 
-0.00513316 
-0.00514022 
-0.00514721 
-0.00515415 
-0.00516104 
-0.00516786 
-0.00517463 
-0.00518134 
-0.00518799 
-0.00519459 
-0.00520113 
-0.00520761 
-0.00521403 
-0.00522039 
-0.0052267 
-0.00523294 
-0.00523913 
-0.00524527 
-0.00525134 
-0.00525735 
-0.00526331 
-0.00526921 
-0.00527505 
-0.00528083 
-0.00528655 
-0.00529221 
-0.00529782 
-0.00530336 
-0.00530885 
-0.00531428 
-0.00531965 
-0.00532496 
-0.00533021 
-0.0053354 
-0.00534053 
-0.0053456 
-0.00535061 
-0.00535557 
-0.00536046 
-0.0053653 
-0.00537007 
-0.00537479 
-0.00537944 
-0.00538404 
-0.00538857 
-0.00539305 
-0.00539747 
-0.00540182 
-0.00540612 
-0.00541036 
-0.00541453 
-0.00541865 
-0.0054227 
-0.0054267 
-0.00543063 
-0.00543451 
-0.00543832 
-0.00544208 
-0.00544577 
-0.0054494 
-0.00545298 
-0.00545649 
-0.00545994 
-0.00546333 
-0.00546666 
-0.00546993 
-0.00547314 
-0.00547628 
-0.00547937 
-0.0054824 
-0.00548536 
-0.00548827 
-0.00549111 
-0.00549389 
-0.00549661 
-0.00549927 
-0.00550187 
-0.00550441 
-0.00550688 
-0.0055093 
-0.00551165 
-0.00551395 
-0.00551618 
-0.00551835 
-0.00552046 
-0.0055225 
-0.00552449 
-0.00552642 
-0.00552828 
-0.00553008 
-0.00553182 
-0.0055335 
-0.00553512 
-0.00553667 
-0.00553817 
-0.0055396 
-0.00554097 
-0.00554228 
-0.00554353 
-0.00554472 
-0.00554584 
-0.00554691 
-0.00554791 
-0.00554885 
-0.00554973 
-0.00555055 
-0.0055513 
-0.00555199 
-0.00555263 
-0.0055532 
-0.0055537 
-0.00555415 
-0.00555454 
-0.00555486 
-0.00555512 
-0.00555532 
-0.00555546 
-0.00555554 
-0.00555555 
-0.0055555 
-0.0055554 
-0.00555522 
-0.00555499 
-0.0055547 
-0.00555434 
-0.00555393 
-0.00555345 
-0.00555291 
-0.0055523 
-0.00555164 
-0.00555091 
-0.00555013 
-0.00554928 
-0.00554837 
-0.00554739 
-0.00554636 
-0.00554526 
-0.00554411 
-0.00554289 
-0.00554161 
-0.00554027 
-0.00553886 
-0.0055374 
-0.00553587 
-0.00553428 
-0.00553263 
-0.00553092 
-0.00552915 
-0.00552731 
-0.00552542 
-0.00552346 
-0.00552144 
-0.00551936 
-0.00551722 
-0.00551502 
-0.00551276 
-0.00551043 
-0.00550805 
-0.0055056 
-0.00550309 
-0.00550052 
-0.00549789 
-0.0054952 
-0.00549245 
-0.00548963 
-0.00548676 
-0.00548382 
-0.00548082 
-0.00547777 
-0.00547465 
-0.00547147 
-0.00546823 
-0.00546493 
-0.00546157 
-0.00545814 
-0.00545466 
-0.00545112 
-0.00544751 
-0.00544385 
-0.00544012 
-0.00543634 
-0.00543249 
-0.00542859 
-0.00542462 
-0.00542059 
-0.00541651 
-0.00541236 
-0.00540815 
-0.00540388 
-0.00539956 
-0.00539517 
-0.00539072 
-0.00538621 
-0.00538165 
-0.00537702 
-0.00537233 
-0.00536759 
-0.00536278 
-0.00535791 
-0.00535299 
-0.005348 
-0.00534296 
-0.00533786 
-0.00533269 
-0.00532747 
-0.00532219 
-0.00531685 
-0.00531145 
-0.00530599 
-0.00530047 
-0.0052949 
-0.00528926 
-0.00528357 
-0.00527782 
-0.005272 
-0.00526613 
-0.00526021 
-0.00525422 
-0.00524817 
-0.00524207 
-0.00523591 
-0.00522969 
-0.00522341 
-0.00521707 
-0.00521068 
-0.00520423 
-0.00519772 
-0.00519115 
-0.00518453 
-0.00517784 
-0.0051711 
-0.00516431 
-0.00515745 
-0.00515054 
-0.00514357 
-0.00513654 
-0.00512946 
-0.00512232 
-0.00511512 
-0.00510786 
-0.00510055 
-0.00509318 
-0.00508576 
-0.00507828 
-0.00507074 
-0.00506315 
-0.0050555 
-0.00504779 
-0.00504003 
-0.00503221 
-0.00502433 
-0.0050164 
-0.00500842 
-0.00500038 
-0.00499228 
-0.00498413 
-0.00497592 
-0.00496766 
-0.00495934 
-0.00495096 
-0.00494253 
-0.00493405 
-0.00492551 
-0.00491692 
-0.00490827 
-0.00489957 
-0.00489081 
-0.004882 
-0.00487314 
-0.00486422 
-0.00485524 
-0.00484622 
-0.00483713 
-0.004828 
-0.00481881 
-0.00480957 
-0.00480027 
-0.00479092 
-0.00478152 
-0.00477207 
-0.00476256 
-0.004753 
-0.00474338 
-0.00473372 
-0.004724 
-0.00471422 
-0.0047044 
-0.00469452 
-0.0046846 
-0.00467461 
-0.00466458 
-0.0046545 
-0.00464436 
-0.00463417 
-0.00462393 
-0.00461364 
-0.0046033 
-0.00459291 
-0.00458246 
-0.00457197 
-0.00456142 
-0.00455083 
-0.00454018 
-0.00452948 
-0.00451873 
-0.00450794 
-0.00449709 
-0.00448619 
-0.00447524 
-0.00446424 
-0.0044532 
-0.0044421 
-0.00443095 
-0.00441976 
-0.00440851 
-0.00439722 
-0.00438588 
-0.00437449 
-0.00436305 
-0.00435156 
-0.00434002 
-0.00432844 
-0.0043168 
-0.00430512 
-0.0042934 
-0.00428162 
-0.00426979 
-0.00425792 
-0.004246 
-0.00423404 
-0.00422203 
-0.00420997 
-0.00419786 
-0.00418571 
-0.00417351 
-0.00416126 
-0.00414897 
-0.00413663 
-0.00412425 
-0.00411182 
-0.00409934 
-0.00408682 
-0.00407425 
-0.00406164 
-0.00404898 
-0.00403628 
-0.00402353 
-0.00401074 
-0.0039979 
-0.00398502 
-0.0039721 
-0.00395913 
-0.00394612 
-0.00393306 
-0.00391996 
-0.00390681 
-0.00389363 
-0.0038804 
-0.00386712 
-0.0038538 
-0.00384044 
-0.00382704 
-0.0038136 
-0.00380011 
-0.00378658 
-0.00377301 
-0.00375939 
-0.00374574 
-0.00373204 
-0.0037183 
-0.00370452 
-0.0036907 
-0.00367684 
-0.00366294 
-0.00364899 
-0.00363501 
-0.00362099 
-0.00360692 
-0.00359282 
-0.00357867 
-0.00356449 
-0.00355026 
-0.003536 
-0.0035217 
-0.00350735 
-0.00349297 
-0.00347855 
-0.0034641 
-0.0034496 
-0.00343506 
-0.00342049 
-0.00340588 
-0.00339123 
-0.00337654 
-0.00336182 
-0.00334706 
-0.00333226 
-0.00331742 
-0.00330255 
-0.00328764 
-0.00327269 
-0.00325771 
-0.00324269 
-0.00322764 
-0.00321255 
-0.00319742 
-0.00318226 
-0.00316706 
-0.00315183 
-0.00313656 
-0.00312126 
-0.00310592 
-0.00309055 
-0.00307515 
-0.00305971 
-0.00304423 
-0.00302872 
-0.00301318 
-0.00299761 
-0.002982 
-0.00296636 
-0.00295068 
-0.00293498 
-0.00291924 
-0.00290347 
-0.00288766 
-0.00287183 
-0.00285596 
-0.00284006 
-0.00282413 
-0.00280816 
-0.00279217 
-0.00277614 
-0.00276009 
-0.002744 
-0.00272788 
-0.00271174 
-0.00269556 
-0.00267935 
-0.00266311 
-0.00264685 
-0.00263055 
-0.00261422 
-0.00259787 
-0.00258149 
-0.00256507 
-0.00254863 
-0.00253216 
-0.00251567 
-0.00249914 
-0.00248259 
-0.00246601 
-0.0024494 
-0.00243277 
-0.0024161 
-0.00239941 
-0.0023827 
-0.00236596 
-0.00234919 
-0.00233239 
-0.00231557 
-0.00229873 
-0.00228186 
-0.00226496 
-0.00224804 
-0.00223109 
-0.00221412 
-0.00219712 
-0.0021801 
-0.00216306 
-0.00214599 
-0.00212889 
-0.00211178 
-0.00209464 
-0.00207747 
-0.00206029 
-0.00204308 
-0.00202584 
-0.00200859 
-0.00199131 
-0.00197401 
-0.00195669 
-0.00193935 
-0.00192199 
-0.0019046 
-0.00188719 
-0.00186977 
-0.00185232 
-0.00183485 
-0.00181736 
-0.00179985 
-0.00178232 
-0.00176477 
-0.0017472 
-0.00172961 
-0.001712 
-0.00169438 
-0.00167673 
-0.00165907 
-0.00164139 
-0.00162368 
-0.00160597 
-0.00158823 
-0.00157047 
-0.0015527 
-0.00153491 
-0.00151711 
-0.00149928 
-0.00148144 
-0.00146359 
-0.00144572 
-0.00142783 
-0.00140992 
-0.001392 
-0.00137407 
-0.00135612 
-0.00133815 
-0.00132017 
-0.00130217 
-0.00128416 
-0.00126614 
-0.0012481 
-0.00123005 
-0.00121198 
-0.00119391 
-0.00117581 
-0.00115771 
-0.00113959 
-0.00112146 
-0.00110332 
-0.00108516 
-0.00106699 
-0.00104881 
-0.00103062 
-0.00101242 
-0.000994204 
-0.000975979 
-0.000957743 
-0.000939496 
-0.000921239 
-0.000902972 
-0.000884695 
-0.000866408 
-0.000848111 
-0.000829805 
-0.00081149 
-0.000793165 
-0.000774832 
-0.00075649 
-0.00073814 
-0.000719782 
-0.000701415 
-0.000683041 
-0.000664659 
-0.00064627 
-0.000627874 
-0.00060947 
-0.00059106 
-0.000572644 
-0.000554221 
-0.000535792 
-0.000517356 
-0.000498916 
-0.000480469 
-0.000462017 
-0.00044356 
-0.000425099 
-0.000406632 
-0.000388161 
-0.000369686 
-0.000351206 
-0.000332723 
-0.000314236 
-0.000295745 
-0.000277251 
-0.000258754 
-0.000240254 
-0.000221752 
-0.000203247 
-0.00018474 
-0.000166231 
-0.000147719 
-0.000129207 
-0.000110693 
-9.21771e-05 
-7.36607e-05 
-5.51434e-05 
-3.66256e-05 
-1.81073e-05 
4.11184e-07 
1.89297e-05 
3.74479e-05 
5.59658e-05 
7.4483e-05 
9.29994e-05 
0.000111515 
0.000130029 
0.000148542 
0.000167053 
0.000185562 
0.000204069 
0.000222574 
0.000241076 
0.000259576 
0.000278073 
0.000296566 
0.000315057 
0.000333544 
0.000352027 
0.000370506 
0.000388981 
0.000407452 
0.000425919 
0.00044438 
0.000462837 
0.000481288 
0.000499735 
0.000518175 
0.00053661 
0.000555039 
0.000573462 
0.000591878 
0.000610288 
0.000628691 
0.000647087 
0.000665476 
0.000683857 
0.000702231 
0.000720597 
0.000738955 
0.000757305 
0.000775646 
0.000793979 
0.000812303 
0.000830618 
0.000848924 
0.00086722 
0.000885507 
0.000903783 
0.00092205 
0.000940307 
0.000958553 
0.000976788 
0.000995013 
0.00101323 
0.00103143 
0.00104962 
0.0010678 
0.00108597 
0.00110412 
0.00112226 
0.00114039 
0.00115851 
0.00117662 
0.00119471 
0.00121279 
0.00123085 
0.0012489 
0.00126694 
0.00128497 
0.00130297 
0.00132097 
0.00133895 
0.00135691 
0.00137486 
0.0013928 
0.00141072 
0.00142862 
0.00144651 
0.00146438 
0.00148224 
0.00150008 
0.0015179 
0.0015357 
0.00155349 
0.00157126 
0.00158902 
0.00160675 
0.00162447 
0.00164217 
0.00165985 
0.00167752 
0.00169516 
0.00171279 
0.00173039 
0.00174798 
0.00176555 
0.0017831 
0.00180063 
0.00181814 
0.00183562 
0.00185309 
0.00187054 
0.00188797 
0.00190537 
0.00192276 
0.00194012 
0.00195746 
0.00197478 
0.00199208 
0.00200936 
0.00202661 
0.00204384 
0.00206105 
0.00207824 
0.0020954 
0.00211254 
0.00212965 
0.00214674 
0.00216381 
0.00218086 
0.00219788 
0.00221487 
0.00223184 
0.00224879 
0.00226571 
0.00228261 
0.00229948 
0.00231632 
0.00233314 
0.00234993 
0.0023667 
0.00238344 
0.00240016 
0.00241684 
0.00243351 
0.00245014 
0.00246675 
0.00248332 
0.00249988 
0.0025164 
0.0025329 
0.00254936 
0.0025658 
0.00258221 
0.0025986 
0.00261495 
0.00263127 
0.00264757 
0.00266383 
0.00268007 
0.00269628 
0.00271245 
0.0027286 
0.00274472 
0.0027608 
0.00277686 
0.00279288 
0.00280887 
0.00282483 
0.00284076 
0.00285666 
0.00287253 
0.00288836 
0.00290417 
0.00291994 
0.00293568 
0.00295138 
0.00296705 
0.00298269 
0.0029983 
0.00301387 
0.00302941 
0.00304492 
0.00306039 
0.00307583 
0.00309123 
0.0031066 
0.00312194 
0.00313724 
0.00315251 
0.00316774 
0.00318293 
0.00319809 
0.00321322 
0.00322831 
0.00324336 
0.00325838 
0.00327336 
0.0032883 
0.00330321 
0.00331808 
0.00333292 
0.00334771 
0.00336247 
0.0033772 
0.00339188 
0.00340653 
0.00342114 
0.00343571 
0.00345024 
0.00346474 
0.00347919 
0.00349361 
0.00350799 
0.00352233 
0.00353663 
0.00355089 
0.00356512 
0.0035793 
0.00359344 
0.00360755 
0.00362161 
0.00363563 
0.00364961 
0.00366356 
0.00367746 
0.00369132 
0.00370514 
0.00371891 
0.00373265 
0.00374635 
0.00376 
0.00377361 
0.00378718 
0.00380071 
0.00381419 
0.00382764 
0.00384104 
0.0038544 
0.00386771 
0.00388098 
0.00389421 
0.0039074 
0.00392054 
0.00393364 
0.00394669 
0.00395971 
0.00397267 
0.0039856 
0.00399848 
0.00401131 
0.0040241 
0.00403684 
0.00404954 
0.0040622 
0.00407481 
0.00408737 
0.00409989 
0.00411237 
0.0041248 
0.00413718 
0.00414952 
0.00416181 
0.00417405 
0.00418625 
0.0041984 
0.0042105 
0.00422256 
0.00423457 
0.00424654 
0.00425845 
0.00427032 
0.00428214 
0.00429392 
0.00430564 
0.00431732 
0.00432895 
0.00434054 
0.00435207 
0.00436356 
0.00437499 
0.00438638 
0.00439772 
0.00440901 
0.00442026 
0.00443145 
0.00444259 
0.00445369 
0.00446473 
0.00447573 
0.00448667 
0.00449757 
0.00450842 
0.00451921 
0.00452996 
0.00454065 
0.0045513 
0.00456189 
0.00457244 
0.00458293 
0.00459337 
0.00460376 
0.0046141 
0.00462439 
0.00463463 
0.00464481 
0.00465495 
0.00466503 
0.00467506 
0.00468504 
0.00469496 
0.00470484 
0.00471466 
0.00472443 
0.00473415 
0.00474381 
0.00475342 
0.00476298 
0.00477249 
0.00478194 
0.00479134 
0.00480069 
0.00480998 
0.00481922 
0.00482841 
0.00483754 
0.00484662 
0.00485564 
0.00486461 
0.00487353 
0.00488239 
0.0048912 
0.00489996 
0.00490866 
0.0049173 
0.00492589 
0.00493443 
0.00494291 
0.00495134 
0.00495971 
0.00496802 
0.00497628 
0.00498449 
0.00499264 
0.00500073 
0.00500877 
0.00501676 
0.00502469 
0.00503256 
0.00504037 
0.00504813 
0.00505584 
0.00506348 
0.00507108 
0.00507861 
0.00508609 
0.00509351 
0.00510088 
0.00510819 
0.00511544 
0.00512263 
0.00512977 
0.00513685 
0.00514388 
0.00515085 
0.00515776 
0.00516461 
0.0051714 
0.00517814 
0.00518482 
0.00519144 
0.00519801 
0.00520452 
0.00521097 
0.00521736 
0.00522369 
0.00522997 
0.00523618 
0.00524234 
0.00524844 
0.00525449 
0.00526047 
0.0052664 
0.00527226 
0.00527807 
0.00528382 
0.00528951 
0.00529515 
0.00530072 
0.00530624 
0.00531169 
0.00531709 
0.00532243 
0.0053277 
0.00533292 
0.00533808 
0.00534318 
0.00534823 
0.00535321 
0.00535813 
0.00536299 
0.0053678 
0.00537254 
0.00537723 
0.00538185 
0.00538641 
0.00539092 
0.00539536 
0.00539975 
0.00540407 
0.00540834 
0.00541254 
0.00541669 
0.00542077 
0.0054248 
0.00542876 
0.00543266 
0.00543651 
0.00544029 
0.00544401 
0.00544768 
0.00545128 
0.00545482 
0.0054583 
0.00546172 
0.00546508 
0.00546837 
0.00547161 
0.00547479 
0.0054779 
0.00548096 
0.00548395 
0.00548689 
0.00548976 
0.00549257 
0.00549532 
0.00549801 
0.00550064 
0.0055032 
0.00550571 
0.00550815 
0.00551054 
0.00551286 
0.00551512 
0.00551732 
0.00551946 
0.00552153 
0.00552355 
0.0055255 
0.0055274 
0.00552923 
0.005531 
0.00553271 
0.00553435 
0.00553594 
0.00553746 
0.00553893 
0.00554033 
0.00554167 
0.00554294 
0.00554416 
0.00554531 
0.00554641 
0.00554744 
0.00554841 
0.00554932 
0.00555016 
0.00555095 
0.00555167 
0.00555233 
0.00555293 
0.00555347 
0.00555395 
0.00555436 
0.00555471 
0.005555 
0.00555523 
0.0055554 
0.00555551 
0.00555555 
0.00555553 
0.00555545 
0.00555531 
0.00555511 
0.00555485 
0.00555452 
0.00555413 
0.00555368 
0.00555317 
0.0055526 
0.00555196 
0.00555127 
0.00555051 
0.00554969 
0.00554881 
0.00554787 
0.00554686 
0.0055458 
0.00554467 
0.00554348 
0.00554223 
0.00554091 
0.00553954 
0.0055381 
0.00553661 
0.00553505 
0.00553343 
0.00553175 
0.00553 
0.0055282 
0.00552633 
0.0055244 
0.00552241 
0.00552036 
0.00551825 
0.00551608 
0.00551385 
0.00551155 
0.00550919 
0.00550678 
0.0055043 
0.00550176 
0.00549915 
0.00549649 
0.00549377 
0.00549098 
0.00548814 
0.00548523 
0.00548226 
0.00547924 
0.00547615 
0.005473 
0.00546978 
0.00546651 
0.00546318 
0.00545979 
0.00545633 
0.00545282 
0.00544924 
0.00544561 
0.00544191 
0.00543815 
0.00543434 
0.00543046 
0.00542652 
0.00542252 
0.00541847 
0.00541435 
0.00541017 
0.00540593 
0.00540163 
0.00539727 
0.00539285 
0.00538837 
0.00538384 
0.00537924 
0.00537458 
0.00536986 
0.00536508 
0.00536025 
0.00535535 
0.00535039 
0.00534538 
0.0053403 
0.00533517 
0.00532997 
0.00532472 
0.00531941 
0.00531404 
0.00530861 
0.00530312 
0.00529757 
0.00529196 
0.0052863 
0.00528057 
0.00527479 
0.00526895 
0.00526305 
0.00525709 
0.00525107 
0.00524499 
0.00523886 
0.00523267 
0.00522642 
0.00522011 
0.00521374 
0.00520732 
0.00520084 
0.0051943 
0.0051877 
0.00518104 
0.00517433 
0.00516756 
0.00516073 
0.00515385 
0.00514691 
0.00513991 
0.00513285 
0.00512574 
0.00511856 
0.00511134 
0.00510405 
0.00509671 
0.00508931 
0.00508186 
0.00507435 
0.00506678 
0.00505916 
0.00505148 
0.00504374 
0.00503595 
0.0050281 
0.0050202 
0.00501224 
0.00500423 
0.00499616 
0.00498803 
0.00497985 
0.00497161 
0.00496332 
0.00495497 
0.00494657 
0.00493811 
0.0049296 
0.00492103 
0.00491241 
0.00490373 
0.004895 
0.00488622 
0.00487738 
0.00486849 
0.00485954 
0.00485054 
0.00484148 
0.00483237 
0.00482321 
0.00481399 
0.00480472 
0.0047954 
0.00478602 
0.00477659 
0.00476711 
0.00475757 
0.00474798 
0.00473834 
0.00472865 
0.0047189 
0.0047091 
0.00469925 
0.00468935 
0.00467939 
0.00466938 
0.00465932 
0.00464921 
0.00463905 
0.00462883 
0.00461857 
0.00460825 
0.00459788 
0.00458746 
0.00457699 
0.00456647 
0.0045559 
0.00454527 
0.0045346 
0.00452388 
0.0045131 
0.00450228 
0.0044914 
0.00448048 
0.0044695 
0.00445848 
0.00444741 
0.00443628 
0.00442511 
0.00441389 
0.00440262 
0.0043913 
0.00437994 
0.00436852 
0.00435705 
0.00434554 
0.00433398 
0.00432237 
0.00431071 
0.004299 
0.00428725 
0.00427545 
0.0042636 
0.00425171 
0.00423976 
0.00422777 
0.00421573 
0.00420365 
0.00419152 
0.00417934 
0.00416712 
0.00415485 
0.00414253 
0.00413017 
0.00411776 
0.00410531 
0.00409281 
0.00408026 
0.00406767 
0.00405503 
0.00404235 
0.00402963 
0.00401686 
0.00400404 
0.00399118 
0.00397828 
0.00396533 
0.00395234 
0.0039393 
0.00392622 
0.0039131 
0.00389993 
0.00388672 
0.00387347 
0.00386017 
0.00384683 
0.00383345 
0.00382003 
0.00380656 
0.00379305 
0.0037795 
0.0037659 
0.00375227 
0.00373859 
0.00372487 
0.00371111 
0.00369731 
0.00368347 
0.00366959 
0.00365566 
0.0036417 
0.00362769 
0.00361365 
0.00359956 
0.00358543 
0.00357127 
0.00355706 
0.00354282 
0.00352853 
0.00351421 
0.00349985 
0.00348545 
0.00347101 
0.00345653 
0.00344201 
0.00342746 
0.00341286 
0.00339823 
0.00338356 
0.00336886 
0.00335411 
0.00333933 
0.00332451 
0.00330966 
0.00329477 
0.00327984 
0.00326487 
0.00324987 
0.00323483 
0.00321976 
0.00320465 
0.00318951 
0.00317433 
0.00315911 
0.00314386 
0.00312858 
0.00311326 
0.0030979 
0.00308251 
0.00306709 
0.00305163 
0.00303614 
0.00302061 
0.00300505 
0.00298946 
0.00297384 
0.00295818 
0.00294249 
0.00292676 
0.00291101 
0.00289522 
0.0028794 
0.00286354 
0.00284766 
0.00283174 
0.00281579 
0.00279981 
0.0027838 
0.00276776 
0.00275169 
0.00273559 
0.00271945 
0.00270329 
0.0026871 
0.00267087 
0.00265462 
0.00263834 
0.00262203 
0.00260569 
0.00258932 
0.00257292 
0.00255649 
0.00254004 
0.00252355 
0.00250704 
0.0024905 
0.00247393 
0.00245734 
0.00244072 
0.00242407 
0.00240739 
0.00239069 
0.00237396 
0.0023572 
0.00234042 
0.00232361 
0.00230678 
0.00228992 
0.00227304 
0.00225613 
0.00223919 
0.00222223 
0.00220525 
0.00218824 
0.0021712 
0.00215414 
0.00213706 
0.00211996 
0.00210283 
0.00208568 
0.0020685 
0.0020513 
0.00203408 
0.00201684 
0.00199957 
0.00198228 
0.00196497 
0.00194764 
0.00193029 
0.00191291 
0.00189551 
0.0018781 
0.00186066 
0.0018432 
0.00182572 
0.00180822 
0.0017907 
0.00177316 
0.0017556 
0.00173802 
0.00172042 
0.0017028 
0.00168517 
0.00166751 
0.00164984 
0.00163214 
0.00161443 
0.00159671 
0.00157896 
0.0015612 
0.00154341 
0.00152562 
0.0015078 
0.00148997 
0.00147212 
0.00145426 
0.00143638 
0.00141848 
0.00140057 
0.00138264 
0.0013647 
0.00134674 
0.00132876 
0.00131077 
0.00129277 
0.00127475 
0.00125672 
0.00123868 
0.00122062 
0.00120255 
0.00118446 
0.00116636 
0.00114825 
0.00113012 
0.00111199 
0.00109384 
0.00107567 
0.0010575 
0.00103931 
0.00102112 
0.00100291 
0.000984688 
0.000966457 
0.000948216 
0.000929964 
0.000911701 
0.000893429 
0.000875146 
0.000856854 
0.000838553 
0.000820242 
0.000801922 
0.000783593 
0.000765255 
0.000746909 
0.000728554 
0.000710192 
0.000691821 
0.000673443 
0.000655057 
0.000636664 
0.000618264 
0.000599857 
0.000581444 
0.000563024 
0.000544598 
0.000526165 
0.000507727 
0.000489283 
0.000470834 
0.00045238 
0.00043392 
0.000415456 
0.000396987 
0.000378514 
0.000360036 
0.000341555 
0.000323069 
0.00030458 
0.000286088 
0.000267592 
0.000249094 
0.000230593 
0.000212089 
0.000193583 
0.000175074 
0.000156564 
0.000138052 
0.000119539 
0.000101024 
8.25079e-05 
6.3991e-05 
4.54734e-05 
2.69553e-05 
8.43688e-06 
-1.00816e-05 
-2.86e-05 
-4.71181e-05 
-6.56356e-05 
-8.41524e-05 
-0.000102668 
-0.000121183 
-0.000139696 
-0.000158208 
-0.000176718 
-0.000195227 
-0.000213732 
-0.000232236 
-0.000250737 
-0.000269235 
-0.00028773 
-0.000306223 
-0.000324711 
-0.000343196 
-0.000361677 
-0.000380155 
-0.000398627 
-0.000417096 
-0.00043556 
-0.000454019 
-0.000472473 
-0.000490922 
-0.000509365 
-0.000527803 
-0.000546234 
-0.00056466 
-0.00058308 
-0.000601493 
-0.000619899 
-0.000638298 
-0.000656691 
-0.000675076 
-0.000693453 
-0.000711823 
-0.000730185 
-0.000748538 
-0.000766884 
-0.000785221 
-0.000803549 
-0.000821868 
-0.000840179 
-0.000858479 
-0.000876771 
-0.000895052 
-0.000913324 
-0.000931585 
-0.000949836 
-0.000968077 
-0.000986307 
-0.00100453 
-0.00102273 
-0.00104093 
-0.00105911 
-0.00107729 
-0.00109545 
-0.0011136 
-0.00113173 
-0.00114986 
-0.00116797 
-0.00118607 
-0.00120415 
-0.00122222 
-0.00124028 
-0.00125833 
-0.00127636 
-0.00129437 
-0.00131237 
-0.00133036 
-0.00134833 
-0.00136629 
-0.00138423 
-0.00140216 
-0.00142007 
-0.00143797 
-0.00145584 
-0.00147371 
-0.00149155 
-0.00150938 
-0.0015272 
-0.00154499 
-0.00156277 
-0.00158054 
-0.00159828 
-0.00161601 
-0.00163372 
-0.00165141 
-0.00166908 
-0.00168673 
-0.00170437 
-0.00172198 
-0.00173958 
-0.00175716 
-0.00177472 
-0.00179225 
-0.00180977 
-0.00182727 
-0.00184475 
-0.00186221 
-0.00187964 
-0.00189706 
-0.00191445 
-0.00193183 
-0.00194918 
-0.00196651 
-0.00198382 
-0.00200111 
-0.00201837 
-0.00203561 
-0.00205283 
-0.00207003 
-0.0020872 
-0.00210435 
-0.00212148 
-0.00213858 
-0.00215566 
-0.00217272 
-0.00218975 
-0.00220676 
-0.00222374 
-0.0022407 
-0.00225763 
-0.00227454 
-0.00229142 
-0.00230828 
-0.00232511 
-0.00234191 
-0.00235869 
-0.00237545 
-0.00239217 
-0.00240887 
-0.00242555 
-0.00244219 
-0.00245881 
-0.00247541 
-0.00249197 
-0.00250851 
-0.00252502 
-0.0025415 
-0.00255795 
-0.00257438 
-0.00259077 
-0.00260714 
-0.00262348 
-0.00263979 
-0.00265607 
-0.00267232 
-0.00268854 
-0.00270473 
-0.00272089 
-0.00273702 
-0.00275312 
-0.00276919 
-0.00278523 
-0.00280123 
-0.00281721 
-0.00283316 
-0.00284907 
-0.00286495 
-0.0028808 
-0.00289662 
-0.00291241 
-0.00292816 
-0.00294388 
-0.00295957 
-0.00297523 
-0.00299085 
-0.00300644 
-0.00302199 
-0.00303752 
-0.003053 
-0.00306846 
-0.00308388 
-0.00309927 
-0.00311462 
-0.00312993 
-0.00314522 
-0.00316046 
-0.00317568 
-0.00319085 
-0.003206 
-0.0032211 
-0.00323617 
-0.00325121 
-0.0032662 
-0.00328117 
-0.00329609 
-0.00331098 
-0.00332583 
-0.00334065 
-0.00335542 
-0.00337017 
-0.00338487 
-0.00339953 
-0.00341416 
-0.00342875 
-0.0034433 
-0.00345782 
-0.00347229 
-0.00348673 
-0.00350113 
-0.00351549 
-0.00352981 
-0.00354409 
-0.00355833 
-0.00357253 
-0.00358669 
-0.00360081 
-0.00361489 
-0.00362894 
-0.00364294 
-0.0036569 
-0.00367082 
-0.0036847 
-0.00369854 
-0.00371234 
-0.00372609 
-0.00373981 
-0.00375348 
-0.00376711 
-0.0037807 
-0.00379425 
-0.00380776 
-0.00382122 
-0.00383464 
-0.00384802 
-0.00386135 
-0.00387465 
-0.0038879 
-0.0039011 
-0.00391427 
-0.00392739 
-0.00394046 
-0.00395349 
-0.00396648 
-0.00397943 
-0.00399233 
-0.00400518 
-0.00401799 
-0.00403076 
-0.00404348 
-0.00405616 
-0.00406879 
-0.00408138 
-0.00409392 
-0.00410641 
-0.00411886 
-0.00413127 
-0.00414363 
-0.00415594 
-0.00416821 
-0.00418042 
-0.0041926 
-0.00420473 
-0.00421681 
-0.00422884 
-0.00424082 
-0.00425276 
-0.00426466 
-0.0042765 
-0.0042883 
-0.00430005 
-0.00431175 
-0.0043234 
-0.00433501 
-0.00434656 
-0.00435807 
-0.00436953 
-0.00438095 
-0.00439231 
-0.00440362 
-0.00441489 
-0.00442611 
-0.00443727 
-0.00444839 
-0.00445946 
-0.00447048 
-0.00448145 
-0.00449237 
-0.00450324 
-0.00451406 
-0.00452483 
-0.00453555 
-0.00454622 
-0.00455684 
-0.0045674 
-0.00457792 
-0.00458839 
-0.0045988 
-0.00460917 
-0.00461948 
-0.00462974 
-0.00463995 
-0.00465011 
-0.00466022 
-0.00467027 
-0.00468028 
-0.00469023 
-0.00470013 
-0.00470997 
-0.00471977 
-0.00472951 
-0.0047392 
-0.00474884 
-0.00475842 
-0.00476795 
-0.00477743 
-0.00478686 
-0.00479623 
-0.00480555 
-0.00481481 
-0.00482402 
-0.00483318 
-0.00484229 
-0.00485134 
-0.00486033 
-0.00486928 
-0.00487817 
-0.004887 
-0.00489578 
-0.00490451 
-0.00491318 
-0.0049218 
-0.00493036 
-0.00493886 
-0.00494732 
-0.00495571 
-0.00496406 
-0.00497234 
-0.00498058 
-0.00498875 
-0.00499687 
-0.00500494 
-0.00501295 
-0.0050209 
-0.0050288 
-0.00503665 
-0.00504443 
-0.00505216 
-0.00505984 
-0.00506746 
-0.00507502 
-0.00508252 
-0.00508997 
-0.00509737 
-0.0051047 
-0.00511198 
-0.0051192 
-0.00512637 
-0.00513348 
-0.00514053 
-0.00514752 
-0.00515446 
-0.00516134 
-0.00516816 
-0.00517493 
-0.00518164 
-0.00518829 
-0.00519488 
-0.00520141 
-0.00520789 
-0.00521431 
-0.00522067 
-0.00522698 
-0.00523322 
-0.00523941 
-0.00524554 
-0.00525161 
-0.00525762 
-0.00526357 
-0.00526947 
-0.0052753 
-0.00528108 
-0.0052868 
-0.00529246 
-0.00529806 
-0.00530361 
-0.00530909 
-0.00531452 
-0.00531988 
-0.00532519 
-0.00533044 
-0.00533563 
-0.00534076 
-0.00534583 
-0.00535084 
-0.00535579 
-0.00536068 
-0.00536551 
-0.00537028 
-0.005375 
-0.00537965 
-0.00538424 
-0.00538877 
-0.00539325 
-0.00539766 
-0.00540202 
-0.00540631 
-0.00541054 
-0.00541472 
-0.00541883 
-0.00542288 
-0.00542687 
-0.00543081 
-0.00543468 
-0.00543849 
-0.00544224 
-0.00544593 
-0.00544956 
-0.00545313 
-0.00545664 
-0.00546009 
-0.00546348 
-0.00546681 
-0.00547007 
-0.00547328 
-0.00547642 
-0.00547951 
-0.00548253 
-0.00548549 
-0.00548839 
-0.00549123 
-0.00549401 
-0.00549673 
-0.00549939 
-0.00550198 
-0.00550452 
-0.00550699 
-0.00550941 
-0.00551176 
-0.00551405 
-0.00551628 
-0.00551844 
-0.00552055 
-0.00552259 
-0.00552458 
-0.0055265 
-0.00552836 
-0.00553016 
-0.0055319 
-0.00553357 
-0.00553519 
-0.00553674 
-0.00553823 
-0.00553966 
-0.00554103 
-0.00554234 
-0.00554359 
-0.00554477 
-0.00554589 
-0.00554695 
-0.00554795 
-0.00554889 
-0.00554977 
-0.00555058 
-0.00555133 
-0.00555202 
-0.00555265 
-0.00555322 
-0.00555373 
-0.00555417 
-0.00555455 
-0.00555487 
-0.00555513 
-0.00555533 
-0.00555546 
-0.00555554 
-0.00555555 
-0.0055555 
-0.00555539 
-0.00555522 
-0.00555498 
-0.00555468 
-0.00555433 
-0.00555391 
-0.00555342 
-0.00555288 
-0.00555228 
-0.00555161 
-0.00555088 
-0.00555009 
-0.00554924 
-0.00554832 
-0.00554735 
-0.00554631 
-0.00554521 
-0.00554405 
-0.00554283 
-0.00554155 
-0.0055402 
-0.0055388 
-0.00553733 
-0.0055358 
-0.00553421 
-0.00553256 
-0.00553084 
-0.00552907 
-0.00552723 
-0.00552533 
-0.00552337 
-0.00552135 
-0.00551927 
-0.00551713 
-0.00551492 
-0.00551265 
-0.00551033 
-0.00550794 
-0.00550549 
-0.00550298 
-0.00550041 
-0.00549777 
-0.00549508 
-0.00549232 
-0.00548951 
-0.00548663 
-0.00548369 
-0.00548069 
-0.00547763 
-0.00547451 
-0.00547133 
-0.00546808 
-0.00546478 
-0.00546142 
-0.00545799 
-0.00545451 
-0.00545096 
-0.00544735 
-0.00544368 
-0.00543996 
-0.00543617 
-0.00543232 
-0.00542841 
-0.00542444 
-0.00542041 
-0.00541632 
-0.00541217 
-0.00540796 
-0.00540369 
-0.00539936 
-0.00539497 
-0.00539052 
-0.00538601 
-0.00538144 
-0.00537681 
-0.00537212 
-0.00536737 
-0.00536256 
-0.0053577 
-0.00535277 
-0.00534778 
-0.00534273 
-0.00533763 
-0.00533246 
-0.00532724 
-0.00532195 
-0.00531661 
-0.00531121 
-0.00530575 
-0.00530023 
-0.00529465 
-0.00528901 
-0.00528331 
-0.00527756 
-0.00527175 
-0.00526587 
-0.00525994 
-0.00525395 
-0.0052479 
-0.0052418 
-0.00523563 
-0.00522941 
-0.00522313 
-0.00521679 
-0.0052104 
-0.00520394 
-0.00519743 
-0.00519086 
-0.00518423 
-0.00517755 
-0.0051708 
-0.005164 
-0.00515714 
-0.00515023 
-0.00514326 
-0.00513623 
-0.00512914 
-0.005122 
-0.0051148 
-0.00510754 
-0.00510023 
-0.00509286 
-0.00508543 
-0.00507794 
-0.0050704 
-0.00506281 
-0.00505516 
-0.00504745 
-0.00503968 
-0.00503186 
-0.00502398 
-0.00501605 
-0.00500806 
-0.00500002 
-0.00499192 
-0.00498376 
-0.00497555 
-0.00496729 
-0.00495897 
-0.00495059 
-0.00494216 
-0.00493367 
-0.00492513 
-0.00491654 
-0.00490789 
-0.00489918 
-0.00489042 
-0.00488161 
-0.00487274 
-0.00486382 
-0.00485484 
-0.00484581 
-0.00483673 
-0.00482759 
-0.0048184 
-0.00480916 
-0.00479986 
-0.00479051 
-0.0047811 
-0.00477165 
-0.00476213 
-0.00475257 
-0.00474295 
-0.00473329 
-0.00472356 
-0.00471379 
-0.00470396 
-0.00469408 
-0.00468415 
-0.00467417 
-0.00466414 
-0.00465405 
-0.00464391 
-0.00463372 
-0.00462348 
-0.00461318 
-0.00460284 
-0.00459245 
-0.004582 
-0.0045715 
-0.00456095 
-0.00455035 
-0.00453971 
-0.00452901 
-0.00451826 
-0.00450745 
-0.0044966 
-0.0044857 
-0.00447475 
-0.00446375 
-0.0044527 
-0.00444161 
-0.00443046 
-0.00441926 
-0.00440801 
-0.00439672 
-0.00438537 
-0.00437398 
-0.00436254 
-0.00435105 
-0.00433951 
-0.00432792 
-0.00431629 
-0.0043046 
-0.00429287 
-0.00428109 
-0.00426927 
-0.0042574 
-0.00424547 
-0.00423351 
-0.00422149 
-0.00420943 
-0.00419732 
-0.00418517 
-0.00417296 
-0.00416072 
-0.00414842 
-0.00413608 
-0.00412369 
-0.00411126 
-0.00409878 
-0.00408626 
-0.00407369 
-0.00406108 
-0.00404842 
-0.00403571 
-0.00402297 
-0.00401017 
-0.00399733 
-0.00398445 
-0.00397152 
-0.00395855 
-0.00394554 
-0.00393248 
-0.00391938 
-0.00390623 
-0.00389304 
-0.00387981 
-0.00386653 
-0.00385321 
-0.00383985 
-0.00382645 
-0.003813 
-0.00379951 
-0.00378598 
-0.0037724 
-0.00375879 
-0.00374513 
-0.00373143 
-0.00371769 
-0.00370391 
-0.00369009 
-0.00367622 
-0.00366232 
-0.00364837 
-0.00363439 
-0.00362036 
-0.00360629 
-0.00359219 
-0.00357804 
-0.00356386 
-0.00354963 
-0.00353536 
-0.00352106 
-0.00350672 
-0.00349233 
-0.00347791 
-0.00346345 
-0.00344895 
-0.00343442 
-0.00341984 
-0.00340523 
-0.00339058 
-0.00337589 
-0.00336116 
-0.0033464 
-0.0033316 
-0.00331676 
-0.00330189 
-0.00328698 
-0.00327203 
-0.00325704 
-0.00324202 
-0.00322697 
-0.00321188 
-0.00319675 
-0.00318158 
-0.00316639 
-0.00315115 
-0.00313588 
-0.00312058 
-0.00310524 
-0.00308987 
-0.00307446 
-0.00305902 
-0.00304354 
-0.00302803 
-0.00301249 
-0.00299692 
-0.00298131 
-0.00296566 
-0.00294999 
-0.00293428 
-0.00291854 
-0.00290276 
-0.00288696 
-0.00287112 
-0.00285525 
-0.00283935 
-0.00282342 
-0.00280745 
-0.00279146 
-0.00277543 
-0.00275937 
-0.00274329 
-0.00272717 
-0.00271102 
-0.00269484 
-0.00267863 
-0.00266239 
-0.00264612 
-0.00262983 
-0.0026135 
-0.00259714 
-0.00258076 
-0.00256434 
-0.0025479 
-0.00253143 
-0.00251493 
-0.00249841 
-0.00248185 
-0.00246527 
-0.00244866 
-0.00243203 
-0.00241536 
-0.00239867 
-0.00238196 
-0.00236521 
-0.00234844 
-0.00233165 
-0.00231483 
-0.00229798 
-0.00228111 
-0.00226421 
-0.00224729 
-0.00223034 
-0.00221336 
-0.00219637 
-0.00217934 
-0.0021623 
-0.00214523 
-0.00212813 
-0.00211102 
-0.00209387 
-0.00207671 
-0.00205952 
-0.00204231 
-0.00202508 
-0.00200782 
-0.00199055 
-0.00197325 
-0.00195592 
-0.00193858 
-0.00192121 
-0.00190383 
-0.00188642 
-0.00186899 
-0.00185154 
-0.00183407 
-0.00181658 
-0.00179907 
-0.00178154 
-0.00176399 
-0.00174642 
-0.00172883 
-0.00171122 
-0.00169359 
-0.00167595 
-0.00165828 
-0.0016406 
-0.0016229 
-0.00160518 
-0.00158744 
-0.00156969 
-0.00155191 
-0.00153412 
-0.00151632 
-0.00149849 
-0.00148065 
-0.00146279 
-0.00144492 
-0.00142703 
-0.00140913 
-0.00139121 
-0.00137327 
-0.00135532 
-0.00133735 
-0.00131937 
-0.00130138 
-0.00128336 
-0.00126534 
-0.0012473 
-0.00122925 
-0.00121118 
-0.0011931 
-0.00117501 
-0.0011569 
-0.00113878 
-0.00112065 
-0.00110251 
-0.00108435 
-0.00106618 
-0.001048 
-0.00102981 
-0.00101161 
-0.000993395 
-0.000975169 
-0.000956933 
-0.000938686 
-0.000920428 
-0.000902161 
-0.000883883 
-0.000865595 
-0.000847298 
-0.000828992 
-0.000810676 
-0.000792351 
-0.000774018 
-0.000755676 
-0.000737325 
-0.000718966 
-0.000700599 
-0.000682225 
-0.000663843 
-0.000645453 
-0.000627057 
-0.000608653 
-0.000590243 
-0.000571826 
-0.000553402 
-0.000534973 
-0.000516538 
-0.000498096 
-0.00047965 
-0.000461198 
-0.000442741 
-0.000424279 
-0.000405812 
-0.000387341 
-0.000368865 
-0.000350385 
-0.000331902 
-0.000313415 
-0.000294924 
-0.00027643 
-0.000257933 
-0.000239433 
-0.00022093 
-0.000202425 
-0.000183918 
-0.000165409 
-0.000146897 
-0.000128385 
-0.00010987 
-9.13549e-05 
-7.28384e-05 
-5.43211e-05 
-3.58032e-05 
-1.72849e-05 
1.23355e-06 
1.9752e-05 
3.82703e-05 
5.67881e-05 
7.53053e-05 
9.38216e-05 
0.000112337 
0.000130851 
0.000149364 
0.000167875 
0.000186384 
0.000204891 
0.000223395 
0.000241898 
0.000260397 
0.000278894 
0.000297388 
0.000315878 
0.000334365 
0.000352848 
0.000371327 
0.000389802 
0.000408272 
0.000426739 
0.0004452 
0.000463656 
0.000482108 
0.000500554 
0.000518994 
0.000537429 
0.000555857 
0.00057428 
0.000592696 
0.000611105 
0.000629508 
0.000647904 
0.000666292 
0.000684673 
0.000703047 
0.000721412 
0.00073977 
0.00075812 
0.000776461 
0.000794793 
0.000813117 
0.000831431 
0.000849736 
0.000868032 
0.000886319 
0.000904595 
0.000922861 
0.000941117 
0.000959363 
0.000977598 
0.000995822 
0.00101403 
0.00103224 
0.00105043 
0.00106861 
0.00108677 
0.00110493 
0.00112307 
0.0011412 
0.00115932 
0.00117742 
0.00119551 
0.00121359 
0.00123165 
0.00124971 
0.00126774 
0.00128577 
0.00130377 
0.00132177 
0.00133975 
0.00135771 
0.00137566 
0.0013936 
0.00141151 
0.00142942 
0.0014473 
0.00146517 
0.00148303 
0.00150087 
0.00151869 
0.00153649 
0.00155428 
0.00157205 
0.0015898 
0.00160754 
0.00162526 
0.00164296 
0.00166064 
0.0016783 
0.00169594 
0.00171357 
0.00173118 
0.00174876 
0.00176633 
0.00178388 
0.00180141 
0.00181891 
0.0018364 
0.00185387 
0.00187131 
0.00188874 
0.00190615 
0.00192353 
0.00194089 
0.00195823 
0.00197555 
0.00199285 
0.00201012 
0.00202738 
0.00204461 
0.00206181 
0.002079 
0.00209616 
0.0021133 
0.00213041 
0.0021475 
0.00216457 
0.00218161 
0.00219863 
0.00221563 
0.0022326 
0.00224954 
0.00226646 
0.00228336 
0.00230023 
0.00231707 
0.00233389 
0.00235068 
0.00236745 
0.00238418 
0.0024009 
0.00241758 
0.00243424 
0.00245088 
0.00246748 
0.00248406 
0.00250061 
0.00251713 
0.00253363 
0.00255009 
0.00256653 
0.00258294 
0.00259932 
0.00261568 
0.002632 
0.00264829 
0.00266456 
0.00268079 
0.002697 
0.00271317 
0.00272932 
0.00274543 
0.00276151 
0.00277757 
0.00279359 
0.00280958 
0.00282554 
0.00284147 
0.00285737 
0.00287323 
0.00288907 
0.00290487 
0.00292064 
0.00293637 
0.00295208 
0.00296775 
0.00298339 
0.00299899 
0.00301456 
0.0030301 
0.00304561 
0.00306108 
0.00307652 
0.00309192 
0.00310729 
0.00312262 
0.00313792 
0.00315318 
0.00316841 
0.00318361 
0.00319877 
0.00321389 
0.00322898 
0.00324403 
0.00325904 
0.00327402 
0.00328896 
0.00330387 
0.00331874 
0.00333357 
0.00334837 
0.00336313 
0.00337785 
0.00339253 
0.00340718 
0.00342179 
0.00343636 
0.00345089 
0.00346538 
0.00347984 
0.00349425 
0.00350863 
0.00352297 
0.00353727 
0.00355153 
0.00356575 
0.00357993 
0.00359407 
0.00360817 
0.00362223 
0.00363625 
0.00365023 
0.00366417 
0.00367807 
0.00369193 
0.00370575 
0.00371952 
0.00373326 
0.00374695 
0.0037606 
0.00377421 
0.00378778 
0.00380131 
0.00381479 
0.00382823 
0.00384163 
0.00385499 
0.0038683 
0.00388157 
0.0038948 
0.00390798 
0.00392112 
0.00393422 
0.00394727 
0.00396028 
0.00397325 
0.00398617 
0.00399905 
0.00401188 
0.00402467 
0.00403741 
0.00405011 
0.00406276 
0.00407537 
0.00408793 
0.00410045 
0.00411292 
0.00412535 
0.00413773 
0.00415006 
0.00416235 
0.00417459 
0.00418679 
0.00419894 
0.00421104 
0.00422309 
0.0042351 
0.00424707 
0.00425898 
0.00427085 
0.00428267 
0.00429444 
0.00430616 
0.00431784 
0.00432947 
0.00434105 
0.00435258 
0.00436406 
0.0043755 
0.00438689 
0.00439822 
0.00440951 
0.00442075 
0.00443195 
0.00444309 
0.00445418 
0.00446522 
0.00447622 
0.00448716 
0.00449805 
0.0045089 
0.00451969 
0.00453043 
0.00454113 
0.00455177 
0.00456236 
0.0045729 
0.00458339 
0.00459383 
0.00460422 
0.00461456 
0.00462485 
0.00463508 
0.00464526 
0.00465539 
0.00466547 
0.0046755 
0.00468548 
0.0046954 
0.00470528 
0.00471509 
0.00472486 
0.00473458 
0.00474424 
0.00475385 
0.0047634 
0.00477291 
0.00478236 
0.00479176 
0.0048011 
0.00481039 
0.00481963 
0.00482881 
0.00483794 
0.00484702 
0.00485604 
0.00486501 
0.00487393 
0.00488279 
0.00489159 
0.00490034 
0.00490904 
0.00491768 
0.00492627 
0.00493481 
0.00494329 
0.00495171 
0.00496008 
0.00496839 
0.00497665 
0.00498485 
0.004993 
0.00500109 
0.00500913 
0.00501711 
0.00502504 
0.00503291 
0.00504072 
0.00504848 
0.00505618 
0.00506382 
0.00507141 
0.00507894 
0.00508642 
0.00509384 
0.0051012 
0.00510851 
0.00511576 
0.00512295 
0.00513009 
0.00513717 
0.00514419 
0.00515115 
0.00515806 
0.00516491 
0.0051717 
0.00517844 
0.00518512 
0.00519174 
0.0051983 
0.0052048 
0.00521125 
0.00521764 
0.00522397 
0.00523024 
0.00523646 
0.00524262 
0.00524871 
0.00525475 
0.00526074 
0.00526666 
0.00527252 
0.00527833 
0.00528408 
0.00528977 
0.0052954 
0.00530097 
0.00530648 
0.00531193 
0.00531733 
0.00532266 
0.00532794 
0.00533315 
0.00533831 
0.00534341 
0.00534845 
0.00535343 
0.00535835 
0.00536321 
0.00536801 
0.00537275 
0.00537743 
0.00538205 
0.00538662 
0.00539112 
0.00539556 
0.00539994 
0.00540426 
0.00540853 
0.00541273 
0.00541687 
0.00542095 
0.00542497 
0.00542894 
0.00543284 
0.00543668 
0.00544046 
0.00544418 
0.00544784 
0.00545143 
0.00545497 
0.00545845 
0.00546187 
0.00546522 
0.00546852 
0.00547175 
0.00547493 
0.00547804 
0.00548109 
0.00548408 
0.00548701 
0.00548988 
0.00549269 
0.00549544 
0.00549813 
0.00550075 
0.00550332 
0.00550582 
0.00550826 
0.00551064 
0.00551296 
0.00551522 
0.00551741 
0.00551955 
0.00552162 
0.00552364 
0.00552559 
0.00552748 
0.00552931 
0.00553107 
0.00553278 
0.00553442 
0.00553601 
0.00553753 
0.00553899 
0.00554039 
0.00554172 
0.005543 
0.00554421 
0.00554536 
0.00554645 
0.00554748 
0.00554845 
0.00554935 
0.0055502 
0.00555098 
0.0055517 
0.00555236 
0.00555296 
0.00555349 
0.00555397 
0.00555438 
0.00555473 
0.00555502 
0.00555524 
0.00555541 
0.00555551 
0.00555555 
0.00555553 
0.00555545 
0.00555531 
0.0055551 
0.00555483 
0.0055545 
0.00555411 
0.00555366 
0.00555315 
0.00555257 
0.00555193 
0.00555124 
0.00555048 
0.00554965 
0.00554877 
0.00554782 
0.00554682 
0.00554575 
0.00554462 
0.00554342 
0.00554217 
0.00554085 
0.00553948 
0.00553804 
0.00553654 
0.00553498 
0.00553335 
0.00553167 
0.00552992 
0.00552812 
0.00552625 
0.00552432 
0.00552233 
0.00552027 
0.00551816 
0.00551598 
0.00551375 
0.00551145 
0.00550909 
0.00550667 
0.00550418 
0.00550164 
0.00549904 
0.00549637 
0.00549365 
0.00549086 
0.00548801 
0.0054851 
0.00548213 
0.0054791 
0.00547601 
0.00547285 
0.00546964 
0.00546637 
0.00546303 
0.00545963 
0.00545618 
0.00545266 
0.00544908 
0.00544544 
0.00544175 
0.00543799 
0.00543417 
0.00543029 
0.00542635 
0.00542235 
0.00541828 
0.00541416 
0.00540998 
0.00540574 
0.00540144 
0.00539708 
0.00539266 
0.00538817 
0.00538363 
0.00537903 
0.00537437 
0.00536965 
0.00536487 
0.00536003 
0.00535513 
0.00535017 
0.00534515 
0.00534008 
0.00533494 
0.00532974 
0.00532449 
0.00531917 
0.0053138 
0.00530836 
0.00530287 
0.00529732 
0.00529171 
0.00528604 
0.00528032 
0.00527453 
0.00526869 
0.00526278 
0.00525682 
0.0052508 
0.00524472 
0.00523859 
0.00523239 
0.00522614 
0.00521983 
0.00521346 
0.00520703 
0.00520055 
0.005194 
0.0051874 
0.00518075 
0.00517403 
0.00516726 
0.00516043 
0.00515354 
0.0051466 
0.00513959 
0.00513253 
0.00512542 
0.00511824 
0.00511101 
0.00510373 
0.00509638 
0.00508898 
0.00508153 
0.00507401 
0.00506644 
0.00505882 
0.00505114 
0.0050434 
0.0050356 
0.00502775 
0.00501985 
0.00501189 
0.00500387 
0.0049958 
0.00498767 
0.00497948 
0.00497124 
0.00496295 
0.0049546 
0.00494619 
0.00493773 
0.00492922 
0.00492065 
0.00491203 
0.00490335 
0.00489461 
0.00488583 
0.00487699 
0.00486809 
0.00485914 
0.00485014 
0.00484108 
0.00483197 
0.0048228 
0.00481358 
0.00480431 
0.00479498 
0.0047856 
0.00477617 
0.00476669 
0.00475715 
0.00474756 
0.00473791 
0.00472822 
0.00471847 
0.00470866 
0.00469881 
0.0046889 
0.00467895 
0.00466894 
0.00465887 
0.00464876 
0.00463859 
0.00462838 
0.00461811 
0.00460779 
0.00459742 
0.004587 
0.00457652 
0.004566 
0.00455542 
0.0045448 
0.00453412 
0.0045234 
0.00451262 
0.0045018 
0.00449092 
0.00447999 
0.00446902 
0.00445799 
0.00444691 
0.00443579 
0.00442462 
0.00441339 
0.00440212 
0.0043908 
0.00437943 
0.00436801 
0.00435654 
0.00434503 
0.00433346 
0.00432185 
0.00431019 
0.00429848 
0.00428673 
0.00427492 
0.00426307 
0.00425118 
0.00423923 
0.00422724 
0.0042152 
0.00420311 
0.00419098 
0.0041788 
0.00416657 
0.0041543 
0.00414198 
0.00412962 
0.00411721 
0.00410475 
0.00409225 
0.0040797 
0.00406711 
0.00405447 
0.00404179 
0.00402906 
0.00401629 
0.00400347 
0.00399061 
0.00397771 
0.00396476 
0.00395176 
0.00393872 
0.00392564 
0.00391252 
0.00389935 
0.00388613 
0.00387288 
0.00385958 
0.00384624 
0.00383286 
0.00381943 
0.00380596 
0.00379245 
0.00377889 
0.0037653 
0.00375166 
0.00373798 
0.00372426 
0.0037105 
0.0036967 
0.00368285 
0.00366897 
0.00365504 
0.00364108 
0.00362707 
0.00361302 
0.00359893 
0.00358481 
0.00357064 
0.00355643 
0.00354219 
0.0035279 
0.00351357 
0.00349921 
0.00348481 
0.00347037 
0.00345589 
0.00344137 
0.00342681 
0.00341222 
0.00339758 
0.00338291 
0.0033682 
0.00335346 
0.00333868 
0.00332386 
0.003309 
0.0032941 
0.00327917 
0.00326421 
0.0032492 
0.00323417 
0.00321909 
0.00320398 
0.00318883 
0.00317365 
0.00315843 
0.00314318 
0.0031279 
0.00311257 
0.00309722 
0.00308183 
0.0030664 
0.00305094 
0.00303545 
0.00301992 
0.00300436 
0.00298877 
0.00297314 
0.00295748 
0.00294179 
0.00292606 
0.00291031 
0.00289452 
0.00287869 
0.00286284 
0.00284695 
0.00283103 
0.00281508 
0.0027991 
0.00278309 
0.00276705 
0.00275098 
0.00273487 
0.00271874 
0.00270257 
0.00268638 
0.00267015 
0.0026539 
0.00263762 
0.0026213 
0.00260496 
0.00258859 
0.00257219 
0.00255576 
0.00253931 
0.00252282 
0.00250631 
0.00248977 
0.0024732 
0.0024566 
0.00243998 
0.00242333 
0.00240665 
0.00238995 
0.00237322 
0.00235646 
0.00233968 
0.00232287 
0.00230603 
0.00228917 
0.00227229 
0.00225537 
0.00223844 
0.00222148 
0.00220449 
0.00218748 
0.00217045 
0.00215339 
0.0021363 
0.0021192 
0.00210207 
0.00208491 
0.00206774 
0.00205054 
0.00203332 
0.00201607 
0.0019988 
0.00198151 
0.0019642 
0.00194687 
0.00192951 
0.00191214 
0.00189474 
0.00187732 
0.00185988 
0.00184242 
0.00182494 
0.00180744 
0.00178992 
0.00177238 
0.00175482 
0.00173724 
0.00171964 
0.00170202 
0.00168438 
0.00166673 
0.00164905 
0.00163136 
0.00161365 
0.00159592 
0.00157817 
0.00156041 
0.00154262 
0.00152483 
0.00150701 
0.00148918 
0.00147133 
0.00145346 
0.00143558 
0.00141768 
0.00139977 
0.00138184 
0.0013639 
0.00134594 
0.00132796 
0.00130998 
0.00129197 
0.00127395 
0.00125592 
0.00123788 
0.00121982 
0.00120174 
0.00118366 
0.00116556 
0.00114744 
0.00112932 
0.00111118 
0.00109303 
0.00107487 
0.00105669 
0.00103851 
0.00102031 
0.0010021 
0.000983879 
0.000965647 
0.000947405 
0.000929153 
0.00091089 
0.000892617 
0.000874334 
0.000856042 
0.00083774 
0.000819428 
0.000801108 
0.000782778 
0.00076444 
0.000746094 
0.000727739 
0.000709376 
0.000691005 
0.000672627 
0.000654241 
0.000635847 
0.000617447 
0.00059904 
0.000580626 
0.000562206 
0.000543779 
0.000525347 
0.000506908 
0.000488464 
0.000470015 
0.00045156 
0.0004331 
0.000414636 
0.000396167 
0.000377693 
0.000359215 
0.000340734 
0.000322248 
0.000303759 
0.000285267 
0.000266771 
0.000248272 
0.000229771 
0.000211267 
0.000192761 
0.000174253 
0.000155742 
0.00013723 
0.000118717 
0.000100202 
8.16856e-05 
6.31687e-05 
4.46511e-05 
2.61329e-05 
7.61452e-06 
-1.0904e-05 
-2.94224e-05 
-4.79404e-05 
-6.64579e-05 
-8.49747e-05 
-0.000103491 
-0.000122005 
-0.000140519 
-0.00015903 
-0.00017754 
-0.000196048 
-0.000214554 
-0.000233058 
-0.000251559 
-0.000270057 
-0.000288552 
-0.000307044 
-0.000325532 
-0.000344017 
-0.000362498 
-0.000380975 
-0.000399448 
-0.000417916 
-0.00043638 
-0.000454839 
-0.000473292 
-0.000491741 
-0.000510184 
-0.000528621 
-0.000547053 
-0.000565478 
-0.000583897 
-0.00060231 
-0.000620716 
-0.000639115 
-0.000657507 
-0.000675892 
-0.000694269 
-0.000712638 
-0.000731 
-0.000749353 
-0.000767698 
-0.000786035 
-0.000804363 
-0.000822682 
-0.000840991 
-0.000859292 
-0.000877583 
-0.000895864 
-0.000914135 
-0.000932396 
-0.000950646 
-0.000968887 
-0.000987116 
-0.00100533 
-0.00102354 
-0.00104174 
-0.00105992 
-0.00107809 
-0.00109625 
-0.0011144 
-0.00113254 
-0.00115066 
-0.00116877 
-0.00118687 
-0.00120495 
-0.00122303 
-0.00124108 
-0.00125913 
-0.00127716 
-0.00129517 
-0.00131317 
-0.00133116 
-0.00134913 
-0.00136709 
-0.00138503 
-0.00140295 
-0.00142086 
-0.00143876 
-0.00145664 
-0.0014745 
-0.00149235 
-0.00151018 
-0.00152799 
-0.00154578 
-0.00156356 
-0.00158132 
-0.00159907 
-0.00161679 
-0.0016345 
-0.00165219 
-0.00166986 
-0.00168752 
-0.00170515 
-0.00172277 
-0.00174036 
-0.00175794 
-0.0017755 
-0.00179303 
-0.00181055 
-0.00182805 
-0.00184552 
-0.00186298 
-0.00188042 
-0.00189783 
-0.00191523 
-0.0019326 
-0.00194995 
-0.00196728 
-0.00198459 
-0.00200187 
-0.00201914 
-0.00203638 
-0.0020536 
-0.00207079 
-0.00208796 
-0.00210511 
-0.00212224 
-0.00213934 
-0.00215642 
-0.00217347 
-0.0021905 
-0.00220751 
-0.00222449 
-0.00224145 
-0.00225838 
-0.00227529 
-0.00229217 
-0.00230902 
-0.00232585 
-0.00234266 
-0.00235944 
-0.00237619 
-0.00239292 
-0.00240962 
-0.00242629 
-0.00244293 
-0.00245955 
-0.00247614 
-0.00249271 
-0.00250924 
-0.00252575 
-0.00254223 
-0.00255868 
-0.00257511 
-0.0025915 
-0.00260787 
-0.0026242 
-0.00264051 
-0.00265679 
-0.00267304 
-0.00268926 
-0.00270545 
-0.00272161 
-0.00273773 
-0.00275383 
-0.0027699 
-0.00278594 
-0.00280194 
-0.00281792 
-0.00283386 
-0.00284978 
-0.00286566 
-0.00288151 
-0.00289732 
-0.00291311 
-0.00292886 
-0.00294458 
-0.00296027 
-0.00297592 
-0.00299154 
-0.00300713 
-0.00302268 
-0.0030382 
-0.00305369 
-0.00306914 
-0.00308456 
-0.00309995 
-0.0031153 
-0.00313061 
-0.00314589 
-0.00316114 
-0.00317635 
-0.00319153 
-0.00320667 
-0.00322177 
-0.00323684 
-0.00325187 
-0.00326687 
-0.00328183 
-0.00329675 
-0.00331164 
-0.00332649 
-0.0033413 
-0.00335608 
-0.00337082 
-0.00338552 
-0.00340018 
-0.00341481 
-0.0034294 
-0.00344395 
-0.00345846 
-0.00347293 
-0.00348737 
-0.00350176 
-0.00351612 
-0.00353044 
-0.00354472 
-0.00355896 
-0.00357316 
-0.00358732 
-0.00360144 
-0.00361552 
-0.00362956 
-0.00364356 
-0.00365752 
-0.00367144 
-0.00368532 
-0.00369915 
-0.00371295 
-0.0037267 
-0.00374042 
-0.00375409 
-0.00376772 
-0.00378131 
-0.00379485 
-0.00380836 
-0.00382182 
-0.00383524 
-0.00384861 
-0.00386195 
-0.00387524 
-0.00388848 
-0.00390169 
-0.00391485 
-0.00392797 
-0.00394104 
-0.00395407 
-0.00396706 
-0.00398 
-0.0039929 
-0.00400575 
-0.00401856 
-0.00403133 
-0.00404405 
-0.00405672 
-0.00406935 
-0.00408193 
-0.00409447 
-0.00410697 
-0.00411942 
-0.00413182 
-0.00414417 
-0.00415648 
-0.00416875 
-0.00418097 
-0.00419314 
-0.00420526 
-0.00421734 
-0.00422937 
-0.00424136 
-0.00425329 
-0.00426518 
-0.00427703 
-0.00428882 
-0.00430057 
-0.00431227 
-0.00432392 
-0.00433552 
-0.00434708 
-0.00435858 
-0.00437004 
-0.00438145 
-0.00439281 
-0.00440413 
-0.00441539 
-0.0044266 
-0.00443777 
-0.00444889 
-0.00445995 
-0.00447097 
-0.00448194 
-0.00449285 
-0.00450372 
-0.00451454 
-0.00452531 
-0.00453602 
-0.00454669 
-0.00455731 
-0.00456787 
-0.00457839 
-0.00458885 
-0.00459926 
-0.00460963 
-0.00461994 
-0.0046302 
-0.0046404 
-0.00465056 
-0.00466067 
-0.00467072 
-0.00468072 
-0.00469067 
-0.00470056 
-0.00471041 
-0.0047202 
-0.00472994 
-0.00473963 
-0.00474926 
-0.00475885 
-0.00476837 
-0.00477785 
-0.00478727 
-0.00479664 
-0.00480596 
-0.00481522 
-0.00482443 
-0.00483359 
-0.00484269 
-0.00485174 
-0.00486073 
-0.00486967 
-0.00487856 
-0.00488739 
-0.00489617 
-0.00490489 
-0.00491356 
-0.00492218 
-0.00493074 
-0.00493924 
-0.00494769 
-0.00495609 
-0.00496443 
-0.00497271 
-0.00498094 
-0.00498911 
-0.00499723 
-0.0050053 
-0.0050133 
-0.00502126 
-0.00502915 
-0.00503699 
-0.00504478 
-0.00505251 
-0.00506018 
-0.00506779 
-0.00507535 
-0.00508286 
-0.0050903 
-0.00509769 
-0.00510503 
-0.0051123 
-0.00511952 
-0.00512669 
-0.00513379 
-0.00514084 
-0.00514783 
-0.00515477 
-0.00516165 
-0.00516847 
-0.00517523 
-0.00518193 
-0.00518858 
-0.00519517 
-0.0052017 
-0.00520818 
-0.00521459 
-0.00522095 
-0.00522725 
-0.0052335 
-0.00523968 
-0.00524581 
-0.00525188 
-0.00525788 
-0.00526384 
-0.00526973 
-0.00527556 
-0.00528134 
-0.00528705 
-0.00529271 
-0.00529831 
-0.00530385 
-0.00530933 
-0.00531476 
-0.00532012 
-0.00532542 
-0.00533067 
-0.00533585 
-0.00534098 
-0.00534605 
-0.00535106 
-0.00535601 
-0.00536089 
-0.00536572 
-0.00537049 
-0.0053752 
-0.00537985 
-0.00538444 
-0.00538897 
-0.00539345 
-0.00539786 
-0.00540221 
-0.0054065 
-0.00541073 
-0.0054149 
-0.00541901 
-0.00542306 
-0.00542705 
-0.00543098 
-0.00543485 
-0.00543866 
-0.00544241 
-0.0054461 
-0.00544972 
-0.00545329 
-0.0054568 
-0.00546024 
-0.00546363 
-0.00546695 
-0.00547022 
-0.00547342 
-0.00547656 
-0.00547964 
-0.00548266 
-0.00548562 
-0.00548852 
-0.00549136 
-0.00549413 
-0.00549685 
-0.0054995 
-0.0055021 
-0.00550463 
-0.0055071 
-0.00550951 
-0.00551186 
-0.00551415 
-0.00551637 
-0.00551854 
-0.00552064 
-0.00552268 
-0.00552466 
-0.00552658 
-0.00552844 
-0.00553024 
-0.00553197 
-0.00553365 
-0.00553526 
-0.00553681 
-0.0055383 
-0.00553973 
-0.00554109 
-0.0055424 
-0.00554364 
-0.00554482 
-0.00554594 
-0.005547 
-0.005548 
-0.00554893 
-0.0055498 
-0.00555061 
-0.00555136 
-0.00555205 
-0.00555268 
-0.00555324 
-0.00555375 
-0.00555419 
-0.00555457 
-0.00555489 
-0.00555514 
-0.00555534 
-0.00555547 
-0.00555554 
-0.00555555 
-0.0055555 
-0.00555538 
-0.00555521 
-0.00555497 
-0.00555467 
-0.00555431 
-0.00555389 
-0.0055534 
-0.00555286 
-0.00555225 
-0.00555158 
-0.00555085 
-0.00555005 
-0.0055492 
-0.00554828 
-0.0055473 
-0.00554626 
-0.00554516 
-0.005544 
-0.00554278 
-0.00554149 
-0.00554014 
-0.00553873 
-0.00553726 
-0.00553573 
-0.00553414 
-0.00553248 
-0.00553077 
-0.00552899 
-0.00552715 
-0.00552525 
-0.00552328 
-0.00552126 
-0.00551918 
-0.00551703 
-0.00551482 
-0.00551255 
-0.00551022 
-0.00550783 
-0.00550538 
-0.00550286 
-0.00550029 
-0.00549765 
-0.00549496 
-0.0054922 
-0.00548938 
-0.0054865 
-0.00548356 
-0.00548056 
-0.00547749 
-0.00547437 
-0.00547118 
-0.00546794 
-0.00546463 
-0.00546126 
-0.00545784 
-0.00545435 
-0.0054508 
-0.00544719 
-0.00544352 
-0.00543979 
-0.005436 
-0.00543215 
-0.00542824 
-0.00542426 
-0.00542023 
-0.00541614 
-0.00541199 
-0.00540777 
-0.0054035 
-0.00539917 
-0.00539478 
-0.00539032 
-0.00538581 
-0.00538124 
-0.00537661 
-0.00537191 
-0.00536716 
-0.00536235 
-0.00535748 
-0.00535255 
-0.00534756 
-0.00534251 
-0.0053374 
-0.00533223 
-0.005327 
-0.00532172 
-0.00531637 
-0.00531097 
-0.0053055 
-0.00529998 
-0.0052944 
-0.00528876 
-0.00528306 
-0.0052773 
-0.00527149 
-0.00526561 
-0.00525968 
-0.00525369 
-0.00524763 
-0.00524153 
-0.00523536 
-0.00522913 
-0.00522285 
-0.00521651 
-0.00521011 
-0.00520365 
-0.00519714 
-0.00519057 
-0.00518394 
-0.00517725 
-0.0051705 
-0.0051637 
-0.00515684 
-0.00514992 
-0.00514295 
-0.00513591 
-0.00512883 
-0.00512168 
-0.00511448 
-0.00510722 
-0.0050999 
-0.00509253 
-0.0050851 
-0.00507761 
-0.00507007 
-0.00506247 
-0.00505481 
-0.0050471 
-0.00503934 
-0.00503151 
-0.00502363 
-0.0050157 
-0.00500771 
-0.00499966 
-0.00499156 
-0.0049834 
-0.00497519 
-0.00496692 
-0.0049586 
-0.00495022 
-0.00494178 
-0.00493329 
-0.00492475 
-0.00491615 
-0.0049075 
-0.00489879 
-0.00489003 
-0.00488122 
-0.00487235 
-0.00486342 
-0.00485444 
-0.00484541 
-0.00483633 
-0.00482719 
-0.00481799 
-0.00480875 
-0.00479945 
-0.00479009 
-0.00478068 
-0.00477122 
-0.00476171 
-0.00475215 
-0.00474253 
-0.00473285 
-0.00472313 
-0.00471335 
-0.00470353 
-0.00469364 
-0.00468371 
-0.00467373 
-0.00466369 
-0.0046536 
-0.00464346 
-0.00463327 
-0.00462302 
-0.00461273 
-0.00460238 
-0.00459198 
-0.00458153 
-0.00457103 
-0.00456048 
-0.00454988 
-0.00453923 
-0.00452853 
-0.00451778 
-0.00450697 
-0.00449612 
-0.00448522 
-0.00447427 
-0.00446326 
-0.00445221 
-0.00444111 
-0.00442996 
-0.00441876 
-0.00440751 
-0.00439621 
-0.00438487 
-0.00437347 
-0.00436203 
-0.00435054 
-0.004339 
-0.00432741 
-0.00431577 
-0.00430408 
-0.00429235 
-0.00428057 
-0.00426874 
-0.00425687 
-0.00424494 
-0.00423297 
-0.00422096 
-0.00420889 
-0.00419678 
-0.00418462 
-0.00417242 
-0.00416017 
-0.00414787 
-0.00413553 
-0.00412314 
-0.00411071 
-0.00409823 
-0.0040857 
-0.00407313 
-0.00406052 
-0.00404786 
-0.00403515 
-0.0040224 
-0.0040096 
-0.00399676 
-0.00398388 
-0.00397095 
-0.00395798 
-0.00394496 
-0.0039319 
-0.00391879 
-0.00390564 
-0.00389245 
-0.00387922 
-0.00386594 
-0.00385262 
-0.00383926 
-0.00382585 
-0.0038124 
-0.00379891 
-0.00378538 
-0.0037718 
-0.00375818 
-0.00374452 
-0.00373082 
-0.00371708 
-0.0037033 
-0.00368947 
-0.00367561 
-0.0036617 
-0.00364775 
-0.00363377 
-0.00361974 
-0.00360567 
-0.00359156 
-0.00357741 
-0.00356322 
-0.003549 
-0.00353473 
-0.00352042 
-0.00350608 
-0.00349169 
-0.00347727 
-0.00346281 
-0.00344831 
-0.00343377 
-0.00341919 
-0.00340458 
-0.00338993 
-0.00337524 
-0.00336051 
-0.00334574 
-0.00333094 
-0.0033161 
-0.00330123 
-0.00328631 
-0.00327136 
-0.00325638 
-0.00324136 
-0.0032263 
-0.0032112 
-0.00319608 
-0.00318091 
-0.00316571 
-0.00315047 
-0.0031352 
-0.0031199 
-0.00310456 
-0.00308918 
-0.00307378 
-0.00305833 
-0.00304286 
-0.00302735 
-0.0030118 
-0.00299622 
-0.00298061 
-0.00296497 
-0.00294929 
-0.00293358 
-0.00291784 
-0.00290206 
-0.00288626 
-0.00287042 
-0.00285455 
-0.00283864 
-0.00282271 
-0.00280674 
-0.00279075 
-0.00277472 
-0.00275866 
-0.00274257 
-0.00272645 
-0.0027103 
-0.00269412 
-0.00267791 
-0.00266167 
-0.0026454 
-0.0026291 
-0.00261277 
-0.00259642 
-0.00258003 
-0.00256361 
-0.00254717 
-0.0025307 
-0.0025142 
-0.00249767 
-0.00248112 
-0.00246453 
-0.00244792 
-0.00243129 
-0.00241462 
-0.00239793 
-0.00238121 
-0.00236447 
-0.0023477 
-0.0023309 
-0.00231408 
-0.00229723 
-0.00228036 
-0.00226346 
-0.00224653 
-0.00222958 
-0.00221261 
-0.00219561 
-0.00217859 
-0.00216154 
-0.00214447 
-0.00212737 
-0.00211026 
-0.00209311 
-0.00207595 
-0.00205876 
-0.00204155 
-0.00202431 
-0.00200706 
-0.00198978 
-0.00197248 
-0.00195515 
-0.00193781 
-0.00192044 
-0.00190306 
-0.00188565 
-0.00186822 
-0.00185077 
-0.0018333 
-0.0018158 
-0.00179829 
-0.00178076 
-0.00176321 
-0.00174564 
-0.00172805 
-0.00171044 
-0.00169281 
-0.00167516 
-0.0016575 
-0.00163981 
-0.00162211 
-0.00160439 
-0.00158665 
-0.0015689 
-0.00155112 
-0.00153333 
-0.00151552 
-0.0014977 
-0.00147986 
-0.001462 
-0.00144413 
-0.00142624 
-0.00140833 
-0.00139041 
-0.00137247 
-0.00135452 
-0.00133655 
-0.00131857 
-0.00130058 
-0.00128256 
-0.00126454 
-0.0012465 
-0.00122845 
-0.00121038 
-0.0011923 
-0.00117421 
-0.0011561 
-0.00113798 
-0.00111985 
-0.0011017 
-0.00108355 
-0.00106538 
-0.0010472 
-0.001029 
-0.0010108 
-0.000992586 
-0.000974359 
-0.000956123 
-0.000937875 
-0.000919617 
-0.000901349 
-0.000883071 
-0.000864783 
-0.000846486 
-0.000828179 
-0.000809862 
-0.000791537 
-0.000773203 
-0.000754861 
-0.00073651 
-0.000718151 
-0.000699784 
-0.000681409 
-0.000663026 
-0.000644637 
-0.00062624 
-0.000607836 
-0.000589425 
-0.000571008 
-0.000552584 
-0.000534154 
-0.000515719 
-0.000497277 
-0.000478831 
-0.000460378 
-0.000441921 
-0.000423459 
-0.000404992 
-0.00038652 
-0.000368045 
-0.000349565 
-0.000331081 
-0.000312594 
-0.000294103 
-0.000275609 
-0.000257111 
-0.000238611 
-0.000220109 
-0.000201603 
-0.000183096 
-0.000164587 
-0.000146075 
-0.000127562 
-0.000109048 
-9.05326e-05 
-7.20161e-05 
-5.34988e-05 
-3.49809e-05 
-1.64626e-05 
2.05592e-06 
2.05744e-05 
3.90926e-05 
5.76104e-05 
7.61276e-05 
9.46439e-05 
0.000113159 
0.000131673 
0.000150186 
0.000168697 
0.000187206 
0.000205712 
0.000224217 
0.000242719 
0.000261219 
0.000279715 
0.000298209 
0.000316699 
0.000335185 
0.000353668 
0.000372147 
0.000390622 
0.000409093 
0.000427558 
0.00044602 
0.000464476 
0.000482927 
0.000501373 
0.000519813 
0.000538247 
0.000556675 
0.000575098 
0.000593513 
0.000611923 
0.000630325 
0.00064872 
0.000667109 
0.000685489 
0.000703863 
0.000722228 
0.000740585 
0.000758934 
0.000777275 
0.000795607 
0.00081393 
0.000832244 
0.000850549 
0.000868845 
0.00088713 
0.000905406 
0.000923672 
0.000941928 
0.000960173 
0.000978407 
0.000996631 
0.00101484 
0.00103304 
0.00105123 
0.00106941 
0.00108758 
0.00110573 
0.00112387 
0.001142 
0.00116012 
0.00117822 
0.00119632 
0.00121439 
0.00123246 
0.00125051 
0.00126854 
0.00128657 
0.00130457 
0.00132257 
0.00134055 
0.00135851 
0.00137646 
0.00139439 
0.00141231 
0.00143021 
0.0014481 
0.00146597 
0.00148382 
0.00150166 
0.00151948 
0.00153728 
0.00155507 
0.00157284 
0.00159059 
0.00160833 
0.00162604 
0.00164374 
0.00166142 
0.00167908 
0.00169673 
0.00171435 
0.00173196 
0.00174954 
0.00176711 
0.00178466 
0.00180218 
0.00181969 
0.00183718 
0.00185464 
0.00187209 
0.00188951 
0.00190692 
0.0019243 
0.00194166 
0.001959 
0.00197632 
0.00199362 
0.00201089 
0.00202814 
0.00204537 
0.00206258 
0.00207976 
0.00209692 
0.00211406 
0.00213117 
0.00214826 
0.00216533 
0.00218237 
0.00219939 
0.00221638 
0.00223335 
0.00225029 
0.00226721 
0.00228411 
0.00230097 
0.00231782 
0.00233463 
0.00235142 
0.00236819 
0.00238493 
0.00240164 
0.00241833 
0.00243498 
0.00245162 
0.00246822 
0.0024848 
0.00250135 
0.00251787 
0.00253436 
0.00255083 
0.00256726 
0.00258367 
0.00260005 
0.0026164 
0.00263272 
0.00264902 
0.00266528 
0.00268151 
0.00269772 
0.00271389 
0.00273003 
0.00274615 
0.00276223 
0.00277828 
0.0027943 
0.00281029 
0.00282625 
0.00284218 
0.00285807 
0.00287394 
0.00288977 
0.00290557 
0.00292134 
0.00293707 
0.00295277 
0.00296844 
0.00298408 
0.00299969 
0.00301526 
0.00303079 
0.0030463 
0.00306176 
0.0030772 
0.0030926 
0.00310797 
0.0031233 
0.0031386 
0.00315386 
0.00316909 
0.00318428 
0.00319944 
0.00321456 
0.00322964 
0.00324469 
0.00325971 
0.00327469 
0.00328963 
0.00330453 
0.0033194 
0.00333423 
0.00334902 
0.00336378 
0.0033785 
0.00339318 
0.00340783 
0.00342243 
0.003437 
0.00345153 
0.00346602 
0.00348048 
0.00349489 
0.00350927 
0.0035236 
0.0035379 
0.00355216 
0.00356638 
0.00358056 
0.0035947 
0.0036088 
0.00362286 
0.00363688 
0.00365085 
0.00366479 
0.00367869 
0.00369255 
0.00370636 
0.00372014 
0.00373387 
0.00374756 
0.00376121 
0.00377482 
0.00378838 
0.00380191 
0.00381539 
0.00382883 
0.00384223 
0.00385558 
0.00386889 
0.00388216 
0.00389539 
0.00390857 
0.00392171 
0.0039348 
0.00394785 
0.00396086 
0.00397382 
0.00398674 
0.00399962 
0.00401245 
0.00402523 
0.00403797 
0.00405067 
0.00406332 
0.00407593 
0.00408849 
0.004101 
0.00411347 
0.0041259 
0.00413828 
0.00415061 
0.00416289 
0.00417513 
0.00418733 
0.00419948 
0.00421158 
0.00422363 
0.00423564 
0.0042476 
0.00425951 
0.00427137 
0.00428319 
0.00429496 
0.00430668 
0.00431836 
0.00432998 
0.00434156 
0.00435309 
0.00436457 
0.00437601 
0.00438739 
0.00439873 
0.00441001 
0.00442125 
0.00443244 
0.00444358 
0.00445467 
0.00446571 
0.0044767 
0.00448764 
0.00449854 
0.00450938 
0.00452017 
0.00453091 
