1.66667 
1.66667 
1.57493 
1.30981 
0.900504 
0.392063 
-0.159539 
-0.693578 
-1.15126 
-1.48221 
-1.64999 
-1.63612 
-1.44214 
-1.08941 
-0.616739 
-0.0761773 
0.47277 
0.969672 
1.35983 
1.60028 
1.66457 
1.54561 
1.2565 
0.829071 
0.310369 
-0.2425 
-0.768673 
-1.21023 
-1.51855 
-1.6597 
-1.61815 
-1.39845 
-1.02481 
-0.538349 
0.00737616 
0.552289 
1.0364 
1.40642 
1.62162 
1.65829 
1.51241 
1.20004 
0.755554 
0.227895 
-0.324851 
-0.841836 
-1.26615 
-1.55107 
-1.66525 
-1.5961 
-1.35124 
