1.66667 
1.66666 
1.66663 
1.66658 
1.66652 
1.66644 
1.66633 
1.66621 
1.66607 
1.66592 
1.66574 
1.66555 
1.66533 
1.6651 
1.66485 
1.66458 
1.6643 
1.66399 
1.66367 
1.66333 
1.66296 
1.66259 
1.66219 
1.66177 
1.66134 
1.66088 
1.66041 
1.65992 
1.65941 
1.65889 
1.65834 
1.65778 
1.65719 
1.65659 
1.65597 
1.65534 
1.65468 
1.65401 
1.65331 
1.6526 
1.65187 
1.65113 
1.65036 
1.64958 
1.64877 
1.64795 
1.64711 
1.64625 
1.64538 
1.64448 
1.64357 
1.64264 
1.64169 
1.64072 
1.63974 
1.63874 
1.63771 
1.63667 
1.63562 
1.63454 
1.63344 
1.63233 
1.6312 
1.63005 
1.62888 
1.6277 
1.6265 
1.62527 
1.62403 
1.62278 
1.6215 
1.62021 
1.6189 
1.61757 
1.61622 
1.61485 
1.61347 
1.61207 
1.61065 
1.60921 
1.60776 
1.60628 
1.60479 
1.60329 
1.60176 
1.60021 
1.59865 
1.59707 
1.59548 
1.59386 
1.59223 
1.59058 
1.58891 
1.58722 
1.58552 
1.5838 
1.58206 
1.5803 
1.57853 
1.57674 
1.57493 
1.5731 
1.57126 
1.5694 
1.56752 
1.56562 
1.56371 
1.56178 
1.55983 
1.55786 
1.55588 
1.55388 
1.55186 
1.54983 
1.54777 
1.54571 
1.54362 
1.54152 
1.53939 
1.53726 
1.5351 
1.53293 
1.53074 
1.52853 
1.52631 
1.52407 
1.52181 
1.51954 
1.51725 
1.51494 
1.51262 
1.51028 
1.50792 
1.50554 
1.50315 
1.50075 
1.49832 
1.49588 
1.49342 
1.49095 
1.48845 
1.48595 
1.48342 
1.48088 
1.47832 
1.47575 
1.47316 
1.47055 
1.46793 
1.46529 
1.46264 
1.45997 
1.45728 
1.45457 
1.45185 
1.44912 
1.44637 
1.4436 
1.44081 
1.43801 
1.4352 
1.43236 
1.42951 
1.42665 
1.42377 
1.42087 
1.41796 
1.41504 
1.41209 
1.40913 
1.40616 
1.40317 
1.40016 
1.39714 
1.3941 
1.39105 
1.38798 
1.3849 
1.3818 
1.37869 
1.37556 
1.37241 
1.36926 
1.36608 
1.36289 
1.35968 
1.35646 
1.35323 
1.34998 
1.34671 
1.34343 
1.34014 
1.33683 
1.3335 
1.33016 
1.32681 
1.32344 
1.32005 
1.31665 
1.31324 
1.30981 
1.30637 
1.30291 
1.29944 
1.29595 
1.29245 
1.28894 
1.28541 
1.28187 
1.27831 
1.27474 
1.27115 
1.26755 
1.26394 
1.26031 
1.25667 
1.25301 
1.24934 
1.24566 
1.24196 
1.23825 
1.23452 
1.23078 
1.22703 
1.22326 
1.21948 
1.21569 
1.21188 
1.20806 
1.20423 
1.20038 
1.19652 
1.19264 
1.18876 
1.18486 
1.18094 
1.17702 
1.17308 
1.16912 
1.16516 
1.16118 
1.15719 
1.15318 
1.14916 
1.14513 
1.14109 
1.13704 
1.13297 
1.12889 
1.12479 
1.12069 
1.11657 
1.11244 
1.10829 
1.10414 
1.09997 
1.09579 
1.0916 
1.0874 
1.08318 
1.07895 
1.07471 
1.07046 
1.06619 
1.06192 
1.05763 
1.05333 
1.04902 
1.0447 
1.04036 
1.03602 
1.03166 
1.02729 
1.02291 
1.01852 
1.01411 
1.0097 
1.00527 
1.00084 
0.99639 
0.991931 
0.987461 
0.98298 
0.978488 
0.973985 
0.969472 
0.964947 
0.960412 
0.955867 
0.95131 
0.946743 
0.942166 
0.937578 
0.93298 
0.928371 
0.923752 
0.919123 
0.914483 
0.909833 
0.905174 
0.900504 
0.895824 
0.891134 
0.886435 
0.881725 
0.877006 
0.872277 
0.867538 
0.862789 
0.858031 
0.853264 
0.848487 
0.8437 
0.838905 
0.834099 
0.829285 
0.824461 
0.819629 
0.814787 
0.809936 
0.805076 
0.800207 
0.795329 
0.790443 
0.785547 
0.780643 
0.77573 
0.770809 
0.765879 
0.76094 
0.755994 
0.751038 
0.746075 
0.741103 
0.736122 
0.731134 
0.726137 
0.721133 
0.71612 
0.7111 
0.706071 
0.701035 
0.695991 
0.690939 
0.68588 
0.680812 
0.675738 
0.670656 
0.665566 
0.660469 
0.655364 
0.650253 
0.645134 
0.640008 
0.634875 
0.629734 
0.624587 
0.619433 
0.614272 
0.609104 
0.60393 
0.598748 
0.59356 
0.588366 
0.583165 
0.577957 
0.572743 
0.567523 
0.562296 
0.557063 
0.551824 
0.546578 
0.541327 
0.53607 
0.530806 
0.525537 
0.520262 
0.514981 
0.509695 
0.504403 
0.499105 
0.493801 
0.488493 
0.483178 
0.477859 
0.472534 
0.467204 
0.461868 
0.456528 
0.451182 
0.445831 
0.440476 
0.435115 
0.42975 
0.42438 
0.419005 
0.413626 
0.408242 
0.402853 
0.39746 
0.392063 
0.386661 
0.381255 
0.375844 
0.37043 
0.365011 
0.359588 
0.354162 
0.348731 
0.343297 
0.337858 
0.332416 
0.32697 
0.321521 
0.316068 
0.310612 
0.305152 
0.299688 
0.294222 
0.288752 
0.283279 
0.277802 
0.272323 
0.266841 
0.261355 
0.255867 
0.250376 
0.244882 
0.239385 
0.233886 
0.228384 
0.22288 
0.217373 
0.211864 
0.206352 
0.200838 
0.195322 
0.189803 
0.184283 
0.17876 
0.173236 
0.16771 
0.162181 
0.156651 
0.151119 
0.145586 
0.140051 
0.134514 
0.128976 
0.123436 
0.117895 
0.112353 
0.10681 
0.101265 
0.095719 
0.0901721 
0.0846241 
0.0790753 
0.0735256 
0.067975 
0.0624237 
0.0568717 
0.0513191 
0.0457659 
0.0402122 
0.034658 
0.0291035 
0.0235486 
0.0179935 
0.0124382 
0.00688275 
0.00132721 
-0.00422834 
-0.00978384 
-0.0153392 
-0.0208945 
-0.0264495 
-0.0320042 
-0.0375585 
-0.0431124 
-0.0486659 
-0.0542188 
-0.0597711 
-0.0653227 
-0.0708736 
-0.0764238 
-0.081973 
-0.0875214 
-0.0930688 
-0.0986152 
-0.10416 
-0.109705 
-0.115247 
-0.120789 
-0.126329 
-0.131868 
-0.137406 
-0.142941 
-0.148476 
-0.154008 
-0.159539 
-0.165068 
-0.170596 
-0.176121 
-0.181645 
-0.187166 
-0.192685 
-0.198203 
-0.203718 
-0.20923 
-0.214741 
-0.220249 
-0.225754 
-0.231258 
-0.236758 
-0.242256 
-0.247751 
-0.253244 
-0.258733 
-0.26422 
-0.269704 
-0.275185 
-0.280662 
-0.286137 
-0.291609 
-0.297077 
-0.302542 
-0.308003 
-0.313461 
-0.318916 
-0.324367 
-0.329815 
-0.335259 
-0.340699 
-0.346135 
-0.351567 
-0.356996 
-0.362421 
-0.367841 
-0.373258 
-0.37867 
-0.384078 
-0.389482 
-0.394882 
-0.400277 
-0.405668 
-0.411054 
-0.416435 
-0.421813 
-0.427185 
-0.432552 
-0.437915 
-0.443273 
-0.448626 
-0.453974 
-0.459317 
-0.464655 
-0.469988 
-0.475315 
-0.480637 
-0.485954 
-0.491266 
-0.496572 
-0.501872 
-0.507167 
-0.512456 
-0.51774 
-0.523018 
-0.52829 
-0.533556 
-0.538816 
-0.54407 
-0.549318 
-0.55456 
-0.559796 
-0.565026 
-0.570249 
-0.575466 
-0.580677 
-0.585881 
-0.591079 
-0.59627 
-0.601455 
-0.606633 
-0.611804 
-0.616968 
-0.622126 
-0.627276 
-0.63242 
-0.637556 
-0.642686 
-0.647808 
-0.652923 
-0.658031 
-0.663131 
-0.668225 
-0.67331 
-0.678389 
-0.683459 
-0.688523 
-0.693578 
-0.698626 
-0.703666 
-0.708698 
-0.713722 
-0.718739 
-0.723747 
-0.728748 
-0.73374 
-0.738724 
-0.7437 
-0.748668 
-0.753627 
-0.758578 
-0.76352 
-0.768454 
-0.77338 
-0.778297 
-0.783205 
-0.788105 
-0.792996 
-0.797878 
-0.802751 
-0.807615 
-0.81247 
-0.817316 
-0.822154 
-0.826982 
-0.8318 
-0.83661 
-0.84141 
-0.846201 
-0.850983 
-0.855755 
-0.860517 
-0.86527 
-0.870014 
-0.874747 
-0.879471 
-0.884186 
-0.88889 
-0.893584 
-0.898269 
-0.902944 
-0.907608 
-0.912263 
-0.916907 
-0.921541 
-0.926165 
-0.930779 
-0.935382 
-0.939975 
-0.944558 
-0.94913 
-0.953691 
-0.958242 
-0.962782 
-0.967311 
-0.97183 
-0.976338 
-0.980835 
-0.985321 
-0.989797 
-0.994261 
-0.998714 
-1.00316 
-1.00759 
-1.01201 
-1.01642 
-1.02081 
-1.0252 
-1.02957 
-1.03394 
-1.03829 
-1.04263 
-1.04696 
-1.05127 
-1.05558 
-1.05987 
-1.06415 
-1.06842 
-1.07268 
-1.07693 
-1.08116 
-1.08538 
-1.08959 
-1.09379 
-1.09798 
-1.10215 
-1.10631 
-1.11046 
-1.1146 
-1.11872 
-1.12283 
-1.12693 
-1.13102 
-1.13509 
-1.13915 
-1.1432 
-1.14724 
-1.15126 
-1.15527 
-1.15927 
-1.16326 
-1.16723 
-1.17119 
-1.17513 
-1.17907 
-1.18299 
-1.18689 
-1.19079 
-1.19467 
-1.19854 
-1.20239 
-1.20623 
-1.21006 
-1.21387 
-1.21767 
-1.22146 
-1.22523 
-1.22899 
-1.23274 
-1.23647 
-1.24019 
-1.24389 
-1.24758 
-1.25126 
-1.25492 
-1.25857 
-1.2622 
-1.26583 
-1.26943 
-1.27303 
-1.2766 
-1.28017 
-1.28372 
-1.28725 
-1.29078 
-1.29428 
-1.29778 
-1.30126 
-1.30472 
-1.30817 
-1.3116 
-1.31502 
-1.31843 
-1.32182 
-1.3252 
-1.32856 
-1.33191 
-1.33524 
-1.33856 
-1.34186 
-1.34515 
-1.34842 
-1.35168 
-1.35492 
-1.35815 
-1.36136 
-1.36456 
-1.36774 
-1.37091 
-1.37406 
-1.3772 
-1.38032 
-1.38342 
-1.38651 
-1.38959 
-1.39265 
-1.39569 
-1.39872 
-1.40173 
-1.40473 
-1.40771 
-1.41068 
-1.41363 
-1.41657 
-1.41948 
-1.42239 
-1.42528 
-1.42815 
-1.431 
-1.43384 
-1.43667 
-1.43948 
-1.44227 
-1.44504 
-1.4478 
-1.45055 
-1.45328 
-1.45599 
-1.45868 
-1.46136 
-1.46403 
-1.46667 
-1.4693 
-1.47192 
-1.47452 
-1.4771 
-1.47966 
-1.48221 
-1.48474 
-1.48726 
-1.48976 
-1.49224 
-1.49471 
-1.49716 
-1.49959 
-1.502 
-1.5044 
-1.50679 
-1.50915 
-1.5115 
-1.51383 
-1.51615 
-1.51845 
-1.52073 
-1.523 
-1.52524 
-1.52747 
-1.52969 
-1.53189 
-1.53407 
-1.53623 
-1.53838 
-1.5405 
-1.54262 
-1.54471 
-1.54679 
-1.54885 
-1.55089 
-1.55292 
-1.55493 
-1.55692 
-1.55889 
-1.56085 
-1.56279 
-1.56471 
-1.56661 
-1.5685 
-1.57037 
-1.57222 
-1.57406 
-1.57588 
-1.57767 
-1.57946 
-1.58122 
-1.58297 
-1.5847 
-1.58641 
-1.58811 
-1.58978 
-1.59144 
-1.59308 
-1.59471 
-1.59631 
-1.5979 
-1.59947 
-1.60102 
-1.60256 
-1.60408 
-1.60557 
-1.60706 
-1.60852 
-1.60997 
-1.61139 
-1.6128 
-1.6142 
-1.61557 
-1.61693 
-1.61826 
-1.61958 
-1.62089 
-1.62217 
-1.62344 
-1.62468 
-1.62591 
-1.62713 
-1.62832 
-1.6295 
-1.63065 
-1.63179 
-1.63291 
-1.63402 
-1.6351 
-1.63617 
-1.63722 
-1.63825 
-1.63926 
-1.64026 
-1.64123 
-1.64219 
-1.64313 
-1.64405 
-1.64495 
-1.64584 
-1.6467 
-1.64755 
-1.64838 
-1.64919 
-1.64999 
-1.65076 
-1.65152 
-1.65226 
-1.65298 
-1.65368 
-1.65436 
-1.65503 
-1.65567 
-1.6563 
-1.65691 
-1.6575 
-1.65807 
-1.65863 
-1.65916 
-1.65968 
-1.66018 
-1.66066 
-1.66112 
-1.66157 
-1.66199 
-1.6624 
-1.66279 
-1.66316 
-1.66351 
-1.66384 
-1.66415 
-1.66445 
-1.66473 
-1.66498 
-1.66523 
-1.66545 
-1.66565 
-1.66583 
-1.666 
-1.66615 
-1.66628 
-1.66639 
-1.66648 
-1.66655 
-1.66661 
-1.66665 
-1.66666 
-1.66666 
-1.66665 
-1.66661 
-1.66655 
-1.66648 
-1.66638 
-1.66627 
-1.66614 
-1.66599 
-1.66583 
-1.66564 
-1.66544 
-1.66521 
-1.66497 
-1.66471 
-1.66444 
-1.66414 
-1.66382 
-1.66349 
-1.66314 
-1.66277 
-1.66238 
-1.66197 
-1.66155 
-1.6611 
-1.66064 
-1.66016 
-1.65966 
-1.65914 
-1.6586 
-1.65805 
-1.65747 
-1.65688 
-1.65627 
-1.65564 
-1.655 
-1.65433 
-1.65365 
-1.65295 
-1.65222 
-1.65149 
-1.65073 
-1.64995 
-1.64916 
-1.64835 
-1.64752 
-1.64667 
-1.6458 
-1.64491 
-1.64401 
-1.64309 
-1.64215 
-1.64119 
-1.64021 
-1.63922 
-1.6382 
-1.63717 
-1.63612 
-1.63506 
-1.63397 
-1.63287 
-1.63174 
-1.6306 
-1.62944 
-1.62827 
-1.62707 
-1.62586 
-1.62463 
-1.62338 
-1.62211 
-1.62083 
-1.61953 
-1.6182 
-1.61687 
-1.61551 
-1.61413 
-1.61274 
-1.61133 
-1.6099 
-1.60846 
-1.60699 
-1.60551 
-1.60401 
-1.60249 
-1.60095 
-1.5994 
-1.59783 
-1.59624 
-1.59463 
-1.59301 
-1.59137 
-1.58971 
-1.58803 
-1.58634 
-1.58462 
-1.58289 
-1.58114 
-1.57938 
-1.5776 
-1.57579 
-1.57398 
-1.57214 
-1.57029 
-1.56842 
-1.56653 
-1.56462 
-1.5627 
-1.56076 
-1.5588 
-1.55683 
-1.55484 
-1.55283 
-1.5508 
-1.54876 
-1.5467 
-1.54462 
-1.54252 
-1.54041 
-1.53828 
-1.53613 
-1.53397 
-1.53179 
-1.52959 
-1.52738 
-1.52514 
-1.5229 
-1.52063 
-1.51835 
-1.51605 
-1.51373 
-1.5114 
-1.50905 
-1.50668 
-1.5043 
-1.5019 
-1.49948 
-1.49705 
-1.4946 
-1.49213 
-1.48965 
-1.48715 
-1.48463 
-1.4821 
-1.47955 
-1.47698 
-1.4744 
-1.4718 
-1.46919 
-1.46656 
-1.46391 
-1.46124 
-1.45856 
-1.45587 
-1.45316 
-1.45043 
-1.44768 
-1.44492 
-1.44214 
-1.43935 
-1.43654 
-1.43372 
-1.43088 
-1.42802 
-1.42515 
-1.42226 
-1.41936 
-1.41644 
-1.4135 
-1.41055 
-1.40758 
-1.4046 
-1.4016 
-1.39859 
-1.39556 
-1.39251 
-1.38945 
-1.38638 
-1.38328 
-1.38018 
-1.37706 
-1.37392 
-1.37077 
-1.3676 
-1.36442 
-1.36122 
-1.358 
-1.35478 
-1.35153 
-1.34827 
-1.345 
-1.34171 
-1.33841 
-1.33509 
-1.33176 
-1.32841 
-1.32505 
-1.32167 
-1.31828 
-1.31487 
-1.31145 
-1.30802 
-1.30457 
-1.3011 
-1.29762 
-1.29413 
-1.29062 
-1.2871 
-1.28356 
-1.28001 
-1.27645 
-1.27287 
-1.26927 
-1.26567 
-1.26204 
-1.25841 
-1.25476 
-1.25109 
-1.24742 
-1.24373 
-1.24002 
-1.2363 
-1.23257 
-1.22882 
-1.22506 
-1.22129 
-1.2175 
-1.2137 
-1.20989 
-1.20606 
-1.20222 
-1.19836 
-1.1945 
-1.19062 
-1.18672 
-1.18281 
-1.17889 
-1.17496 
-1.17101 
-1.16705 
-1.16308 
-1.15909 
-1.1551 
-1.15109 
-1.14706 
-1.14302 
-1.13897 
-1.13491 
-1.13084 
-1.12675 
-1.12265 
-1.11854 
-1.11441 
-1.11028 
-1.10613 
-1.10196 
-1.09779 
-1.0936 
-1.08941 
-1.0852 
-1.08097 
-1.07674 
-1.07249 
-1.06823 
-1.06396 
-1.05968 
-1.05539 
-1.05108 
-1.04676 
-1.04244 
-1.03809 
-1.03374 
-1.02938 
-1.025 
-1.02062 
-1.01622 
-1.01181 
-1.00739 
-1.00296 
-0.998517 
-0.994063 
-0.989598 
-0.985122 
-0.980636 
-0.976138 
-0.97163 
-0.967111 
-0.962581 
-0.95804 
-0.953489 
-0.948927 
-0.944354 
-0.939771 
-0.935178 
-0.930574 
-0.92596 
-0.921336 
-0.916701 
-0.912056 
-0.907401 
-0.902736 
-0.898061 
-0.893376 
-0.888681 
-0.883976 
-0.879262 
-0.874537 
-0.869803 
-0.865059 
-0.860306 
-0.855543 
-0.85077 
-0.845989 
-0.841197 
-0.836397 
-0.831587 
-0.826767 
-0.821939 
-0.817101 
-0.812255 
-0.807399 
-0.802534 
-0.797661 
-0.792779 
-0.787887 
-0.782987 
-0.778079 
-0.773161 
-0.768236 
-0.763301 
-0.758358 
-0.753407 
-0.748447 
-0.743479 
-0.738503 
-0.733518 
-0.728526 
-0.723525 
-0.718516 
-0.713499 
-0.708475 
-0.703442 
-0.698402 
-0.693354 
-0.688298 
-0.683234 
-0.678163 
-0.673085 
-0.667999 
-0.662905 
-0.657804 
-0.652696 
-0.647581 
-0.642458 
-0.637328 
-0.632191 
-0.627047 
-0.621897 
-0.616739 
-0.611574 
-0.606403 
-0.601225 
-0.59604 
-0.590848 
-0.58565 
-0.580446 
-0.575235 
-0.570018 
-0.564794 
-0.559564 
-0.554328 
-0.549085 
-0.543837 
-0.538582 
-0.533322 
-0.528056 
-0.522783 
-0.517505 
-0.512221 
-0.506932 
-0.501637 
-0.496336 
-0.49103 
-0.485718 
-0.480401 
-0.475079 
-0.469751 
-0.464418 
-0.45908 
-0.453737 
-0.448389 
-0.443035 
-0.437677 
-0.432314 
-0.426946 
-0.421574 
-0.416197 
-0.410815 
-0.405428 
-0.400037 
-0.394642 
-0.389242 
-0.383838 
-0.37843 
-0.373017 
-0.367601 
-0.36218 
-0.356755 
-0.351326 
-0.345894 
-0.340457 
-0.335017 
-0.329573 
-0.324125 
-0.318674 
-0.313219 
-0.307761 
-0.302299 
-0.296834 
-0.291366 
-0.285894 
-0.280419 
-0.274941 
-0.26946 
-0.263976 
-0.25849 
-0.253 
-0.247507 
-0.242012 
-0.236514 
-0.231013 
-0.22551 
-0.220004 
-0.214496 
-0.208986 
-0.203473 
-0.197958 
-0.19244 
-0.186921 
-0.181399 
-0.175876 
-0.17035 
-0.164823 
-0.159294 
-0.153763 
-0.14823 
-0.142696 
-0.13716 
-0.131622 
-0.126083 
-0.120543 
-0.115001 
-0.109458 
-0.103914 
-0.0983689 
-0.0928225 
-0.087275 
-0.0817266 
-0.0761773 
-0.0706271 
-0.0650762 
-0.0595245 
-0.0539722 
-0.0484193 
-0.0428658 
-0.0373118 
-0.0317575 
-0.0262028 
-0.0206478 
-0.0150925 
-0.00953714 
-0.00398163 
0.00157392 
0.00712946 
0.0126849 
0.0182402 
0.0237953 
0.0293502 
0.0349047 
0.0404588 
0.0460125 
0.0515657 
0.0571183 
0.0626703 
0.0682215 
0.073772 
0.0793217 
0.0848705 
0.0904184 
0.0959653 
0.101511 
0.107056 
0.112599 
0.118141 
0.123682 
0.129222 
0.13476 
0.140297 
0.145832 
0.151365 
0.156897 
0.162427 
0.167955 
0.173481 
0.179006 
0.184528 
0.190049 
0.195567 
0.201083 
0.206597 
0.212108 
0.217617 
0.223124 
0.228629 
0.23413 
0.239629 
0.245126 
0.25062 
0.256111 
0.261599 
0.267084 
0.272566 
0.278046 
0.283522 
0.288995 
0.294464 
0.299931 
0.305394 
0.310854 
0.31631 
0.321763 
0.327212 
0.332658 
0.3381 
0.343538 
0.348972 
0.354403 
0.359829 
0.365252 
0.37067 
0.376085 
0.381495 
0.386901 
0.392302 
0.3977 
0.403093 
0.408481 
0.413865 
0.419244 
0.424619 
0.429988 
0.435354 
0.440714 
0.446069 
0.451419 
0.456765 
0.462105 
0.46744 
0.47277 
0.478095 
0.483414 
0.488728 
0.494037 
0.49934 
0.504638 
0.50993 
0.515216 
0.520497 
0.525771 
0.53104 
0.536303 
0.54156 
0.546812 
0.552057 
0.557295 
0.562528 
0.567754 
0.572975 
0.578188 
0.583396 
0.588596 
0.593791 
0.598978 
0.60416 
0.609334 
0.614501 
0.619662 
0.624816 
0.629963 
0.635103 
0.640236 
0.645361 
0.65048 
0.655591 
0.660695 
0.665792 
0.670881 
0.675963 
0.681038 
0.686104 
0.691164 
0.696215 
0.701259 
0.706295 
0.711323 
0.716343 
0.721355 
0.726359 
0.731356 
0.736344 
0.741323 
0.746295 
0.751258 
0.756213 
0.76116 
0.766098 
0.771028 
0.775949 
0.780861 
0.785765 
0.79066 
0.795546 
0.800423 
0.805292 
0.810151 
0.815002 
0.819843 
0.824676 
0.829499 
0.834313 
0.839118 
0.843913 
0.848699 
0.853476 
0.858243 
0.863 
0.867748 
0.872487 
0.877215 
0.881934 
0.886643 
0.891343 
0.896032 
0.900711 
0.905381 
0.91004 
0.914689 
0.919328 
0.923957 
0.928576 
0.933184 
0.937782 
0.942369 
0.946946 
0.951513 
0.956069 
0.960614 
0.965149 
0.969672 
0.974186 
0.978688 
0.983179 
0.98766 
0.992129 
0.996588 
1.00104 
1.00547 
1.0099 
1.01431 
1.01871 
1.0231 
1.02748 
1.03185 
1.03621 
1.04056 
1.04489 
1.04921 
1.05352 
1.05782 
1.06211 
1.06638 
1.07065 
1.0749 
1.07914 
1.08337 
1.08758 
1.09179 
1.09598 
1.10016 
1.10432 
1.10848 
1.11262 
1.11675 
1.12087 
1.12497 
1.12907 
1.13315 
1.13722 
1.14127 
1.14531 
1.14934 
1.15336 
1.15736 
1.16135 
1.16533 
1.1693 
1.17325 
1.17719 
1.18112 
1.18503 
1.18893 
1.19282 
1.19669 
1.20055 
1.2044 
1.20823 
1.21205 
1.21586 
1.21965 
1.22343 
1.2272 
1.23095 
1.23469 
1.23841 
1.24212 
1.24582 
1.2495 
1.25317 
1.25683 
1.26047 
1.2641 
1.26771 
1.27131 
1.2749 
1.27847 
1.28202 
1.28557 
1.2891 
1.29261 
1.29611 
1.2996 
1.30307 
1.30652 
1.30996 
1.31339 
1.3168 
1.3202 
1.32359 
1.32696 
1.33031 
1.33365 
1.33697 
1.34028 
1.34358 
1.34686 
1.35012 
1.35337 
1.35661 
1.35983 
1.36303 
1.36622 
1.3694 
1.37255 
1.3757 
1.37883 
1.38194 
1.38504 
1.38812 
1.39119 
1.39424 
1.39728 
1.4003 
1.4033 
1.40629 
1.40926 
1.41222 
1.41517 
1.41809 
1.421 
1.4239 
1.42678 
1.42964 
1.43249 
1.43532 
1.43814 
1.44094 
1.44372 
1.44649 
1.44924 
1.45198 
1.45469 
1.4574 
1.46008 
1.46276 
1.46541 
1.46805 
1.47067 
1.47328 
1.47587 
1.47844 
1.481 
1.48354 
1.48606 
1.48857 
1.49106 
1.49353 
1.49599 
1.49843 
1.50085 
1.50326 
1.50565 
1.50802 
1.51038 
1.51272 
1.51505 
1.51735 
1.51964 
1.52192 
1.52417 
1.52641 
1.52863 
1.53084 
1.53303 
1.5352 
1.53735 
1.53949 
1.54161 
1.54371 
1.5458 
1.54787 
1.54992 
1.55195 
1.55397 
1.55597 
1.55795 
1.55991 
1.56186 
1.56379 
1.56571 
1.5676 
1.56948 
1.57134 
1.57318 
1.57501 
1.57682 
1.57861 
1.58038 
1.58214 
1.58387 
1.5856 
1.5873 
1.58898 
1.59065 
1.5923 
1.59393 
1.59555 
1.59714 
1.59872 
1.60028 
1.60183 
1.60335 
1.60486 
1.60635 
1.60782 
1.60928 
1.61071 
1.61213 
1.61353 
1.61492 
1.61628 
1.61763 
1.61896 
1.62027 
1.62156 
1.62283 
1.62409 
1.62533 
1.62655 
1.62775 
1.62894 
1.6301 
1.63125 
1.63238 
1.63349 
1.63459 
1.63566 
1.63672 
1.63776 
1.63878 
1.63978 
1.64077 
1.64173 
1.64268 
1.64361 
1.64452 
1.64542 
1.64629 
1.64715 
1.64799 
1.64881 
1.64961 
1.65039 
1.65116 
1.65191 
1.65264 
1.65335 
1.65404 
1.65471 
1.65537 
1.656 
1.65662 
1.65722 
1.6578 
1.65836 
1.65891 
1.65944 
1.65994 
1.66043 
1.6609 
1.66136 
1.66179 
1.66221 
1.6626 
1.66298 
1.66334 
1.66368 
1.66401 
1.66431 
1.6646 
1.66486 
1.66511 
1.66534 
1.66556 
1.66575 
1.66592 
1.66608 
1.66622 
1.66634 
1.66644 
1.66652 
1.66659 
1.66663 
1.66666 
1.66667 
1.66666 
1.66663 
1.66658 
1.66652 
1.66643 
1.66633 
1.66621 
1.66607 
1.66591 
1.66573 
1.66554 
1.66532 
1.66509 
1.66484 
1.66457 
1.66428 
1.66398 
1.66365 
1.66331 
1.66295 
1.66257 
1.66217 
1.66175 
1.66132 
1.66086 
1.66039 
1.6599 
1.65939 
1.65886 
1.65832 
1.65775 
1.65717 
1.65657 
1.65595 
1.65531 
1.65465 
1.65398 
1.65328 
1.65257 
1.65184 
1.65109 
1.65033 
1.64954 
1.64874 
1.64791 
1.64707 
1.64622 
1.64534 
1.64444 
1.64353 
1.6426 
1.64165 
1.64068 
1.6397 
1.63869 
1.63767 
1.63663 
1.63557 
1.63449 
1.6334 
1.63228 
1.63115 
1.63 
1.62883 
1.62765 
1.62644 
1.62522 
1.62398 
1.62272 
1.62144 
1.62015 
1.61884 
1.61751 
1.61616 
1.61479 
1.61341 
1.61201 
1.61059 
1.60915 
1.60769 
1.60622 
1.60473 
1.60322 
1.60169 
1.60015 
1.59858 
1.597 
1.5954 
1.59379 
1.59215 
1.5905 
1.58883 
1.58715 
1.58544 
1.58372 
1.58198 
1.58022 
1.57845 
1.57666 
1.57485 
1.57302 
1.57118 
1.56931 
1.56743 
1.56554 
1.56362 
1.56169 
1.55974 
1.55777 
1.55579 
1.55379 
1.55177 
1.54974 
1.54768 
1.54561 
1.54353 
1.54142 
1.5393 
1.53716 
1.53501 
1.53283 
1.53064 
1.52844 
1.52621 
1.52397 
1.52171 
1.51944 
1.51715 
1.51484 
1.51251 
1.51017 
1.50781 
1.50544 
1.50305 
1.50064 
1.49821 
1.49577 
1.49331 
1.49084 
1.48834 
1.48584 
1.48331 
1.48077 
1.47821 
1.47564 
1.47305 
1.47044 
1.46782 
1.46518 
1.46252 
1.45985 
1.45716 
1.45445 
1.45173 
1.449 
1.44624 
1.44347 
1.44069 
1.43789 
1.43507 
1.43224 
1.42939 
1.42652 
1.42364 
1.42075 
1.41783 
1.4149 
1.41196 
1.409 
1.40603 
1.40304 
1.40003 
1.39701 
1.39397 
1.39092 
1.38785 
1.38476 
1.38166 
1.37855 
1.37542 
1.37227 
1.36911 
1.36594 
1.36275 
1.35954 
1.35632 
1.35308 
1.34983 
1.34657 
1.34329 
1.33999 
1.33668 
1.33335 
1.33001 
1.32666 
1.32329 
1.3199 
1.3165 
1.31309 
1.30966 
1.30622 
1.30276 
1.29929 
1.2958 
1.2923 
1.28878 
1.28525 
1.28171 
1.27815 
1.27458 
1.27099 
1.26739 
1.26378 
1.26015 
1.2565 
1.25285 
1.24918 
1.24549 
1.24179 
1.23808 
1.23435 
1.23061 
1.22686 
1.22309 
1.21931 
1.21552 
1.21171 
1.20789 
1.20406 
1.20021 
1.19635 
1.19247 
1.18858 
1.18468 
1.18077 
1.17684 
1.1729 
1.16895 
1.16498 
1.161 
1.15701 
1.153 
1.14899 
1.14495 
1.14091 
1.13685 
1.13279 
1.1287 
1.12461 
1.1205 
1.11639 
1.11225 
1.10811 
1.10395 
1.09979 
1.09561 
1.09141 
1.08721 
1.08299 
1.07876 
1.07452 
1.07027 
1.066 
1.06173 
1.05744 
1.05314 
1.04883 
1.0445 
1.04017 
1.03582 
1.03147 
1.0271 
1.02271 
1.01832 
1.01392 
1.0095 
1.00508 
1.00064 
0.996192 
0.991733 
0.987262 
0.982781 
0.978288 
0.973785 
0.969271 
0.964746 
0.960211 
0.955665 
0.951108 
0.94654 
0.941962 
0.937374 
0.932775 
0.928166 
0.923547 
0.918917 
0.914277 
0.909627 
0.904967 
0.900296 
0.895616 
0.890926 
0.886226 
0.881516 
0.876796 
0.872066 
0.867327 
0.862578 
0.85782 
0.853052 
0.848275 
0.843488 
0.838691 
0.833886 
0.829071 
0.824247 
0.819414 
0.814572 
0.80972 
0.80486 
0.799991 
0.795112 
0.790225 
0.78533 
0.780425 
0.775512 
0.77059 
0.76566 
0.760721 
0.755774 
0.750818 
0.745854 
0.740882 
0.735901 
0.730912 
0.725915 
0.72091 
0.715897 
0.710877 
0.705848 
0.700811 
0.695767 
0.690714 
0.685655 
0.680587 
0.675512 
0.67043 
0.66534 
0.660242 
0.655138 
0.650026 
0.644906 
0.63978 
0.634647 
0.629506 
0.624359 
0.619204 
0.614043 
0.608875 
0.6037 
0.598518 
0.59333 
0.588135 
0.582933 
0.577726 
0.572511 
0.567291 
0.562064 
0.55683 
0.551591 
0.546345 
0.541094 
0.535836 
0.530573 
0.525303 
0.520028 
0.514747 
0.50946 
0.504167 
0.498869 
0.493566 
0.488257 
0.482942 
0.477622 
0.472297 
0.466967 
0.461631 
0.45629 
0.450944 
0.445594 
0.440238 
0.434877 
0.429512 
0.424141 
0.418766 
0.413387 
0.408003 
0.402614 
0.39722 
0.391823 
0.386421 
0.381015 
0.375604 
0.370189 
0.36477 
0.359348 
0.353921 
0.34849 
0.343055 
0.337617 
0.332174 
0.326729 
0.321279 
0.315826 
0.310369 
0.304909 
0.299446 
0.293979 
0.288509 
0.283035 
0.277559 
0.27208 
0.266597 
0.261111 
0.255623 
0.250132 
0.244638 
0.239141 
0.233642 
0.22814 
0.222635 
0.217128 
0.211619 
0.206107 
0.200593 
0.195077 
0.189558 
0.184038 
0.178515 
0.172991 
0.167464 
0.161936 
0.156406 
0.150874 
0.14534 
0.139805 
0.134268 
0.12873 
0.12319 
0.117649 
0.112107 
0.106563 
0.101019 
0.0954727 
0.0899257 
0.0843777 
0.0788289 
0.0732791 
0.0677285 
0.0621772 
0.0566252 
0.0510725 
0.0455193 
0.0399656 
0.0344114 
0.0288568 
0.023302 
0.0177468 
0.0121915 
0.00663604 
0.0010805 
-0.00447505 
-0.0100305 
-0.0155859 
-0.0211412 
-0.0266961 
-0.0322508 
-0.0378051 
-0.0433591 
-0.0489125 
-0.0544654 
-0.0600176 
-0.0655692 
-0.0711201 
-0.0766702 
-0.0822194 
-0.0877678 
-0.0933151 
-0.0988614 
-0.104407 
-0.109951 
-0.115494 
-0.121035 
-0.126575 
-0.132114 
-0.137651 
-0.143187 
-0.148721 
-0.154254 
-0.159785 
-0.165314 
-0.170841 
-0.176366 
-0.18189 
-0.187411 
-0.19293 
-0.198448 
-0.203962 
-0.209475 
-0.214985 
-0.220493 
-0.225999 
-0.231502 
-0.237002 
-0.2425 
-0.247995 
-0.253487 
-0.258977 
-0.264464 
-0.269947 
-0.275428 
-0.280906 
-0.28638 
-0.291851 
-0.29732 
-0.302784 
-0.308246 
-0.313704 
-0.319158 
-0.324609 
-0.330057 
-0.3355 
-0.34094 
-0.346376 
-0.351809 
-0.357237 
-0.362662 
-0.368082 
-0.373498 
-0.37891 
-0.384318 
-0.389722 
-0.395121 
-0.400516 
-0.405907 
-0.411293 
-0.416674 
-0.422051 
-0.427423 
-0.432791 
-0.438153 
-0.443511 
-0.448864 
-0.454211 
-0.459554 
-0.464892 
-0.470224 
-0.475552 
-0.480874 
-0.48619 
-0.491501 
-0.496807 
-0.502107 
-0.507402 
-0.512691 
-0.517974 
-0.523252 
-0.528524 
-0.533789 
-0.539049 
-0.544303 
-0.549551 
-0.554793 
-0.560029 
-0.565258 
-0.570481 
-0.575698 
-0.580908 
-0.586112 
-0.59131 
-0.596501 
-0.601685 
-0.606862 
-0.612033 
-0.617197 
-0.622354 
-0.627505 
-0.632648 
-0.637784 
-0.642913 
-0.648035 
-0.65315 
-0.658258 
-0.663358 
-0.668451 
-0.673536 
-0.678614 
-0.683684 
-0.688747 
-0.693802 
-0.69885 
-0.70389 
-0.708921 
-0.713945 
-0.718961 
-0.723969 
-0.728969 
-0.733961 
-0.738945 
-0.743921 
-0.748888 
-0.753847 
-0.758798 
-0.76374 
-0.768673 
-0.773599 
-0.778515 
-0.783423 
-0.788322 
-0.793213 
-0.798094 
-0.802967 
-0.807831 
-0.812686 
-0.817531 
-0.822368 
-0.827196 
-0.832014 
-0.836823 
-0.841623 
-0.846414 
-0.851195 
-0.855966 
-0.860729 
-0.865481 
-0.870224 
-0.874957 
-0.879681 
-0.884395 
-0.889099 
-0.893793 
-0.898477 
-0.903151 
-0.907815 
-0.912469 
-0.917113 
-0.921747 
-0.92637 
-0.930984 
-0.935586 
-0.940179 
-0.944761 
-0.949332 
-0.953893 
-0.958444 
-0.962983 
-0.967512 
-0.972031 
-0.976538 
-0.981035 
-0.98552 
-0.989995 
-0.994459 
-0.998912 
-1.00335 
-1.00778 
-1.0122 
-1.01661 
-1.02101 
-1.02539 
-1.02977 
-1.03413 
-1.03848 
-1.04282 
-1.04715 
-1.05146 
-1.05577 
-1.06006 
-1.06434 
-1.06861 
-1.07287 
-1.07711 
-1.08135 
-1.08557 
-1.08978 
-1.09398 
-1.09816 
-1.10233 
-1.1065 
-1.11064 
-1.11478 
-1.1189 
-1.12302 
-1.12711 
-1.1312 
-1.13527 
-1.13933 
-1.14338 
-1.14742 
-1.15144 
-1.15545 
-1.15945 
-1.16343 
-1.16741 
-1.17136 
-1.17531 
-1.17924 
-1.18316 
-1.18707 
-1.19096 
-1.19484 
-1.19871 
-1.20256 
-1.2064 
-1.21023 
-1.21404 
-1.21784 
-1.22162 
-1.2254 
-1.22916 
-1.2329 
-1.23663 
-1.24035 
-1.24405 
-1.24774 
-1.25142 
-1.25508 
-1.25873 
-1.26237 
-1.26599 
-1.26959 
-1.27318 
-1.27676 
-1.28033 
-1.28388 
-1.28741 
-1.29093 
-1.29444 
-1.29793 
-1.30141 
-1.30487 
-1.30832 
-1.31176 
-1.31518 
-1.31858 
-1.32197 
-1.32535 
-1.32871 
-1.33206 
-1.33539 
-1.3387 
-1.34201 
-1.34529 
-1.34856 
-1.35182 
-1.35506 
-1.35829 
-1.3615 
-1.3647 
-1.36788 
-1.37105 
-1.3742 
-1.37733 
-1.38045 
-1.38356 
-1.38665 
-1.38972 
-1.39278 
-1.39583 
-1.39886 
-1.40187 
-1.40486 
-1.40785 
-1.41081 
-1.41376 
-1.4167 
-1.41961 
-1.42252 
-1.4254 
-1.42828 
-1.43113 
-1.43397 
-1.43679 
-1.4396 
-1.44239 
-1.44517 
-1.44793 
-1.45067 
-1.4534 
-1.45611 
-1.4588 
-1.46148 
-1.46414 
-1.46679 
-1.46942 
-1.47203 
-1.47463 
-1.47721 
-1.47978 
-1.48232 
-1.48486 
-1.48737 
-1.48987 
-1.49235 
-1.49482 
-1.49726 
-1.4997 
-1.50211 
-1.50451 
-1.50689 
-1.50926 
-1.51161 
-1.51394 
-1.51625 
-1.51855 
-1.52083 
-1.5231 
-1.52534 
-1.52757 
-1.52979 
-1.53198 
-1.53416 
-1.53632 
-1.53847 
-1.5406 
-1.54271 
-1.5448 
-1.54688 
-1.54894 
-1.55098 
-1.55301 
-1.55501 
-1.557 
-1.55898 
-1.56093 
-1.56287 
-1.56479 
-1.5667 
-1.56858 
-1.57045 
-1.5723 
-1.57414 
-1.57596 
-1.57775 
-1.57954 
-1.5813 
-1.58305 
-1.58478 
-1.58649 
-1.58818 
-1.58986 
-1.59151 
-1.59315 
-1.59478 
-1.59638 
-1.59797 
-1.59954 
-1.60109 
-1.60263 
-1.60414 
-1.60564 
-1.60712 
-1.60858 
-1.61003 
-1.61146 
-1.61287 
-1.61426 
-1.61563 
-1.61699 
-1.61832 
-1.61964 
-1.62094 
-1.62223 
-1.62349 
-1.62474 
-1.62597 
-1.62718 
-1.62837 
-1.62955 
-1.6307 
-1.63184 
-1.63296 
-1.63407 
-1.63515 
-1.63622 
-1.63727 
-1.6383 
-1.63931 
-1.6403 
-1.64128 
-1.64223 
-1.64317 
-1.64409 
-1.64499 
-1.64588 
-1.64674 
-1.64759 
-1.64842 
-1.64923 
-1.65002 
-1.6508 
-1.65155 
-1.65229 
-1.65301 
-1.65371 
-1.65439 
-1.65505 
-1.6557 
-1.65633 
-1.65694 
-1.65753 
-1.6581 
-1.65865 
-1.65919 
-1.6597 
-1.6602 
-1.66068 
-1.66114 
-1.66158 
-1.66201 
-1.66241 
-1.6628 
-1.66317 
-1.66352 
-1.66385 
-1.66417 
-1.66446 
-1.66474 
-1.665 
-1.66524 
-1.66546 
-1.66566 
-1.66584 
-1.66601 
-1.66616 
-1.66628 
-1.66639 
-1.66648 
-1.66656 
-1.66661 
-1.66665 
-1.66666 
-1.66666 
-1.66664 
-1.66661 
-1.66655 
-1.66647 
-1.66638 
-1.66627 
-1.66614 
-1.66599 
-1.66582 
-1.66563 
-1.66543 
-1.6652 
-1.66496 
-1.6647 
-1.66442 
-1.66413 
-1.66381 
-1.66348 
-1.66312 
-1.66275 
-1.66236 
-1.66195 
-1.66153 
-1.66108 
-1.66062 
-1.66014 
-1.65964 
-1.65912 
-1.65858 
-1.65802 
-1.65745 
-1.65686 
-1.65624 
-1.65562 
-1.65497 
-1.6543 
-1.65362 
-1.65291 
-1.65219 
-1.65145 
-1.65069 
-1.64992 
-1.64912 
-1.64831 
-1.64748 
-1.64663 
-1.64576 
-1.64487 
-1.64397 
-1.64305 
-1.64211 
-1.64115 
-1.64017 
-1.63917 
-1.63816 
-1.63713 
-1.63608 
-1.63501 
-1.63392 
-1.63282 
-1.63169 
-1.63055 
-1.62939 
-1.62821 
-1.62702 
-1.62581 
-1.62457 
-1.62332 
-1.62206 
-1.62077 
-1.61947 
-1.61815 
-1.61681 
-1.61545 
-1.61407 
-1.61268 
-1.61127 
-1.60984 
-1.60839 
-1.60693 
-1.60544 
-1.60394 
-1.60242 
-1.60089 
-1.59933 
-1.59776 
-1.59617 
-1.59456 
-1.59294 
-1.59129 
-1.58963 
-1.58796 
-1.58626 
-1.58455 
-1.58281 
-1.58107 
-1.5793 
-1.57752 
-1.57571 
-1.5739 
-1.57206 
-1.57021 
-1.56833 
-1.56645 
-1.56454 
-1.56262 
-1.56067 
-1.55872 
-1.55674 
-1.55475 
-1.55274 
-1.55071 
-1.54867 
-1.5466 
-1.54453 
-1.54243 
-1.54032 
-1.53819 
-1.53604 
-1.53387 
-1.53169 
-1.52949 
-1.52728 
-1.52504 
-1.5228 
-1.52053 
-1.51825 
-1.51595 
-1.51363 
-1.51129 
-1.50894 
-1.50658 
-1.50419 
-1.50179 
-1.49937 
-1.49694 
-1.49449 
-1.49202 
-1.48954 
-1.48704 
-1.48452 
-1.48199 
-1.47944 
-1.47687 
-1.47429 
-1.47169 
-1.46907 
-1.46644 
-1.46379 
-1.46113 
-1.45845 
-1.45575 
-1.45303 
-1.45031 
-1.44756 
-1.4448 
-1.44202 
-1.43923 
-1.43642 
-1.43359 
-1.43075 
-1.42789 
-1.42502 
-1.42213 
-1.41923 
-1.41631 
-1.41337 
-1.41042 
-1.40745 
-1.40447 
-1.40147 
-1.39845 
-1.39542 
-1.39238 
-1.38932 
-1.38624 
-1.38315 
-1.38004 
-1.37692 
-1.37378 
-1.37063 
-1.36746 
-1.36427 
-1.36108 
-1.35786 
-1.35463 
-1.35139 
-1.34813 
-1.34486 
-1.34157 
-1.33826 
-1.33494 
-1.33161 
-1.32826 
-1.3249 
-1.32152 
-1.31813 
-1.31472 
-1.3113 
-1.30786 
-1.30441 
-1.30095 
-1.29747 
-1.29397 
-1.29046 
-1.28694 
-1.2834 
-1.27985 
-1.27629 
-1.27271 
-1.26911 
-1.2655 
-1.26188 
-1.25825 
-1.2546 
-1.25093 
-1.24725 
-1.24356 
-1.23986 
-1.23614 
-1.2324 
-1.22866 
-1.2249 
-1.22112 
-1.21733 
-1.21353 
-1.20972 
-1.20589 
-1.20205 
-1.19819 
-1.19432 
-1.19044 
-1.18655 
-1.18264 
-1.17872 
-1.17478 
-1.17084 
-1.16688 
-1.1629 
-1.15892 
-1.15492 
-1.15091 
-1.14688 
-1.14284 
-1.13879 
-1.13473 
-1.13066 
-1.12657 
-1.12247 
-1.11836 
-1.11423 
-1.11009 
-1.10594 
-1.10178 
-1.09761 
-1.09342 
-1.08922 
-1.08501 
-1.08079 
-1.07655 
-1.0723 
-1.06804 
-1.06377 
-1.05949 
-1.0552 
-1.05089 
-1.04657 
-1.04224 
-1.0379 
-1.03355 
-1.02918 
-1.02481 
-1.02042 
-1.01602 
-1.01161 
-1.00719 
-1.00276 
-0.998319 
-0.993865 
-0.9894 
-0.984923 
-0.980436 
-0.975938 
-0.971429 
-0.96691 
-0.962379 
-0.957838 
-0.953286 
-0.948724 
-0.944151 
-0.939568 
-0.934974 
-0.93037 
-0.925755 
-0.92113 
-0.916495 
-0.91185 
-0.907194 
-0.902529 
-0.897853 
-0.893168 
-0.888473 
-0.883767 
-0.879052 
-0.874327 
-0.869593 
-0.864848 
-0.860095 
-0.855331 
-0.850558 
-0.845776 
-0.840984 
-0.836183 
-0.831373 
-0.826553 
-0.821724 
-0.816886 
-0.812039 
-0.807183 
-0.802318 
-0.797444 
-0.792562 
-0.78767 
-0.78277 
-0.777861 
-0.772943 
-0.768017 
-0.763082 
-0.758139 
-0.753187 
-0.748227 
-0.743258 
-0.738282 
-0.733297 
-0.728304 
-0.723303 
-0.718294 
-0.713277 
-0.708251 
-0.703219 
-0.698178 
-0.693129 
-0.688073 
-0.683009 
-0.677938 
-0.672859 
-0.667773 
-0.662679 
-0.657578 
-0.652469 
-0.647353 
-0.64223 
-0.6371 
-0.631963 
-0.626819 
-0.621668 
-0.61651 
-0.611345 
-0.606173 
-0.600995 
-0.595809 
-0.590618 
-0.585419 
-0.580215 
-0.575003 
-0.569786 
-0.564562 
-0.559332 
-0.554095 
-0.548852 
-0.543604 
-0.538349 
-0.533088 
-0.527822 
-0.522549 
-0.517271 
-0.511987 
-0.506697 
-0.501402 
-0.496101 
-0.490794 
-0.485482 
-0.480165 
-0.474842 
-0.469514 
-0.464181 
-0.458843 
-0.453499 
-0.448151 
-0.442797 
-0.437439 
-0.432076 
-0.426708 
-0.421335 
-0.415958 
-0.410576 
-0.405189 
-0.399798 
-0.394402 
-0.389002 
-0.383598 
-0.37819 
-0.372777 
-0.36736 
-0.361939 
-0.356514 
-0.351085 
-0.345652 
-0.340216 
-0.334775 
-0.329331 
-0.323883 
-0.318432 
-0.312977 
-0.307518 
-0.302056 
-0.296591 
-0.291123 
-0.285651 
-0.280176 
-0.274698 
-0.269217 
-0.263733 
-0.258246 
-0.252756 
-0.247263 
-0.241768 
-0.23627 
-0.230769 
-0.225266 
-0.21976 
-0.214252 
-0.208741 
-0.203228 
-0.197713 
-0.192195 
-0.186676 
-0.181154 
-0.17563 
-0.170105 
-0.164577 
-0.159048 
-0.153517 
-0.147984 
-0.14245 
-0.136914 
-0.131376 
-0.125837 
-0.120297 
-0.114755 
-0.109212 
-0.103668 
-0.0981226 
-0.0925761 
-0.0870287 
-0.0814802 
-0.0759309 
-0.0703807 
-0.0648297 
-0.059278 
-0.0537256 
-0.0481727 
-0.0426192 
-0.0370652 
-0.0315108 
-0.0259561 
-0.0204011 
-0.0148458 
-0.00929043 
-0.00373492 
0.00182063 
0.00737616 
0.0129316 
0.0184869 
0.024042 
0.0295969 
0.0351514 
0.0407055 
0.0462591 
0.0518123 
0.0573649 
0.0629168 
0.068468 
0.0740185 
0.0795682 
0.0851169 
0.0906647 
0.0962116 
0.101757 
0.107302 
0.112845 
0.118388 
0.123928 
0.129468 
0.135006 
0.140542 
0.146077 
0.151611 
0.157142 
0.162672 
0.1682 
0.173727 
0.179251 
0.184773 
0.190294 
0.195812 
0.201328 
0.206842 
0.212353 
0.217862 
0.223369 
0.228873 
0.234375 
0.239874 
0.24537 
0.250864 
0.256354 
0.261842 
0.267328 
0.27281 
0.278289 
0.283765 
0.289238 
0.294707 
0.300174 
0.305637 
0.311096 
0.316553 
0.322005 
0.327454 
0.3329 
0.338341 
0.343779 
0.349214 
0.354644 
0.36007 
0.365493 
0.370911 
0.376325 
0.381735 
0.387141 
0.392542 
0.397939 
0.403332 
0.40872 
0.414104 
0.419483 
0.424857 
0.430227 
0.435592 
0.440952 
0.446307 
0.451657 
0.457002 
0.462342 
0.467677 
0.473007 
0.478331 
0.483651 
0.488964 
0.494273 
0.499576 
0.504873 
0.510165 
0.515451 
0.520731 
0.526005 
0.531274 
0.536537 
0.541794 
0.547045 
0.552289 
0.557528 
0.56276 
0.567986 
0.573206 
0.57842 
0.583627 
0.588827 
0.594021 
0.599209 
0.604389 
0.609563 
0.614731 
0.619891 
0.625045 
0.630191 
0.635331 
0.640463 
0.645589 
0.650707 
0.655818 
0.660922 
0.666018 
0.671107 
0.676189 
0.681263 
0.686329 
0.691388 
0.696439 
0.701483 
0.706518 
0.711546 
0.716566 
0.721578 
0.726582 
0.731577 
0.736565 
0.741544 
0.746516 
0.751479 
0.756433 
0.761379 
0.766317 
0.771246 
0.776167 
0.781079 
0.785982 
0.790877 
0.795763 
0.80064 
0.805508 
0.810367 
0.815217 
0.820058 
0.82489 
0.829713 
0.834527 
0.839331 
0.844126 
0.848912 
0.853688 
0.858454 
0.863212 
0.867959 
0.872697 
0.877425 
0.882144 
0.886852 
0.891551 
0.89624 
0.900919 
0.905588 
0.910247 
0.914896 
0.919534 
0.924163 
0.928781 
0.933388 
0.937986 
0.942573 
0.947149 
0.951715 
0.956271 
0.960816 
0.96535 
0.969873 
0.974386 
0.978888 
0.983378 
0.987858 
0.992327 
0.996785 
1.00123 
1.00567 
1.01009 
1.01451 
1.01891 
1.0233 
1.02768 
1.03205 
1.0364 
1.04075 
1.04508 
1.0494 
1.05371 
1.05801 
1.0623 
1.06657 
1.07084 
1.07509 
1.07933 
1.08355 
1.08777 
1.09197 
1.09616 
1.10034 
1.10451 
1.10866 
1.11281 
1.11694 
1.12105 
1.12516 
1.12925 
1.13333 
1.1374 
1.14145 
1.14549 
1.14952 
1.15354 
1.15754 
1.16153 
1.16551 
1.16947 
1.17343 
1.17736 
1.18129 
1.1852 
1.1891 
1.19299 
1.19686 
1.20072 
1.20457 
1.2084 
1.21222 
1.21603 
1.21982 
1.2236 
1.22736 
1.23111 
1.23485 
1.23858 
1.24229 
1.24598 
1.24967 
1.25333 
1.25699 
1.26063 
1.26426 
1.26787 
1.27147 
1.27505 
1.27863 
1.28218 
1.28572 
1.28925 
1.29277 
1.29626 
1.29975 
1.30322 
1.30668 
1.31012 
1.31354 
1.31696 
1.32035 
1.32374 
1.3271 
1.33046 
1.3338 
1.33712 
1.34043 
1.34372 
1.347 
1.35027 
1.35352 
1.35675 
1.35997 
1.36317 
1.36636 
1.36954 
1.37269 
1.37584 
1.37897 
1.38208 
1.38518 
1.38826 
1.39132 
1.39437 
1.39741 
1.40043 
1.40343 
1.40642 
1.4094 
1.41235 
1.4153 
1.41822 
1.42113 
1.42403 
1.42691 
1.42977 
1.43262 
1.43545 
1.43826 
1.44106 
1.44384 
1.44661 
1.44936 
1.4521 
1.45481 
1.45752 
1.4602 
1.46287 
1.46553 
1.46817 
1.47079 
1.47339 
1.47598 
1.47855 
1.48111 
1.48365 
1.48617 
1.48868 
1.49117 
1.49364 
1.4961 
1.49854 
1.50096 
1.50337 
1.50576 
1.50813 
1.51049 
1.51283 
1.51515 
1.51745 
1.51974 
1.52202 
1.52427 
1.52651 
1.52873 
1.53094 
1.53312 
1.53529 
1.53745 
1.53958 
1.5417 
1.5438 
1.54589 
1.54796 
1.55001 
1.55204 
1.55406 
1.55606 
1.55804 
1.56 
1.56195 
1.56388 
1.56579 
1.56769 
1.56956 
1.57142 
1.57326 
1.57509 
1.5769 
1.57869 
1.58046 
1.58221 
1.58395 
1.58567 
1.58737 
1.58906 
1.59072 
1.59237 
1.594 
1.59562 
1.59721 
1.59879 
1.60035 
1.6019 
1.60342 
1.60493 
1.60642 
1.60789 
1.60934 
1.61078 
1.61219 
1.61359 
1.61498 
1.61634 
1.61769 
1.61901 
1.62032 
1.62162 
1.62289 
1.62415 
1.62538 
1.6266 
1.62781 
1.62899 
1.63015 
1.6313 
1.63243 
1.63354 
1.63464 
1.63571 
1.63677 
1.63781 
1.63883 
1.63983 
1.64081 
1.64178 
1.64272 
1.64365 
1.64456 
1.64546 
1.64633 
1.64719 
1.64803 
1.64884 
1.64965 
1.65043 
1.65119 
1.65194 
1.65267 
1.65338 
1.65407 
1.65474 
1.65539 
1.65603 
1.65665 
1.65725 
1.65783 
1.65839 
1.65893 
1.65946 
1.65997 
1.66045 
1.66092 
1.66138 
1.66181 
1.66222 
1.66262 
1.663 
1.66336 
1.6637 
1.66402 
1.66432 
1.66461 
1.66488 
1.66512 
1.66535 
1.66556 
1.66576 
1.66593 
1.66609 
1.66622 
1.66634 
1.66644 
1.66653 
1.66659 
1.66663 
1.66666 
1.66667 
1.66666 
1.66663 
1.66658 
1.66651 
1.66643 
1.66632 
1.6662 
1.66606 
1.6659 
1.66572 
1.66553 
1.66531 
1.66508 
1.66483 
1.66456 
1.66427 
1.66396 
1.66364 
1.66329 
1.66293 
1.66255 
1.66215 
1.66173 
1.6613 
1.66084 
1.66037 
1.65988 
1.65937 
1.65884 
1.65829 
1.65773 
1.65714 
1.65654 
1.65592 
1.65528 
1.65462 
1.65395 
1.65325 
1.65254 
1.65181 
1.65106 
1.65029 
1.64951 
1.6487 
1.64788 
1.64704 
1.64618 
1.6453 
1.6444 
1.64349 
1.64256 
1.64161 
1.64064 
1.63965 
1.63865 
1.63762 
1.63658 
1.63552 
1.63444 
1.63335 
1.63223 
1.6311 
1.62995 
1.62878 
1.62759 
1.62639 
1.62516 
1.62392 
1.62266 
1.62139 
1.62009 
1.61878 
1.61745 
1.6161 
1.61473 
1.61335 
1.61194 
1.61052 
1.60908 
1.60763 
1.60615 
1.60466 
1.60315 
1.60162 
1.60008 
1.59851 
1.59693 
1.59533 
1.59372 
1.59208 
1.59043 
1.58876 
1.58707 
1.58537 
1.58364 
1.5819 
1.58015 
1.57837 
1.57658 
1.57477 
1.57294 
1.57109 
1.56923 
1.56735 
1.56545 
1.56354 
1.5616 
1.55965 
1.55769 
1.5557 
1.5537 
1.55168 
1.54964 
1.54759 
1.54552 
1.54343 
1.54133 
1.53921 
1.53707 
1.53491 
1.53274 
1.53055 
1.52834 
1.52611 
1.52387 
1.52161 
1.51934 
1.51705 
1.51474 
1.51241 
1.51007 
1.50771 
1.50533 
1.50294 
1.50053 
1.4981 
1.49566 
1.4932 
1.49073 
1.48823 
1.48572 
1.4832 
1.48066 
1.4781 
1.47552 
1.47293 
1.47032 
1.4677 
1.46506 
1.4624 
1.45973 
1.45704 
1.45433 
1.45161 
1.44887 
1.44612 
1.44335 
1.44056 
1.43776 
1.43494 
1.43211 
1.42926 
1.4264 
1.42351 
1.42062 
1.4177 
1.41477 
1.41183 
1.40887 
1.40589 
1.4029 
1.39989 
1.39687 
1.39383 
1.39078 
1.38771 
1.38463 
1.38153 
1.37841 
1.37528 
1.37213 
1.36897 
1.3658 
1.36261 
1.3594 
1.35618 
1.35294 
1.34969 
1.34642 
1.34314 
1.33984 
1.33653 
1.33321 
1.32986 
1.32651 
1.32314 
1.31975 
1.31635 
1.31294 
1.30951 
1.30606 
1.3026 
1.29913 
1.29564 
1.29214 
1.28863 
1.2851 
1.28155 
1.27799 
1.27442 
1.27083 
1.26723 
1.26361 
1.25999 
1.25634 
1.25268 
1.24901 
1.24533 
1.24163 
1.23792 
1.23419 
1.23045 
1.22669 
1.22293 
1.21915 
1.21535 
1.21154 
1.20772 
1.20388 
1.20004 
1.19617 
1.1923 
1.18841 
1.18451 
1.18059 
1.17667 
1.17272 
1.16877 
1.1648 
1.16082 
1.15683 
1.15283 
1.14881 
1.14478 
1.14073 
1.13667 
1.13261 
1.12852 
1.12443 
1.12032 
1.1162 
1.11207 
1.10793 
1.10377 
1.0996 
1.09542 
1.09123 
1.08702 
1.0828 
1.07858 
1.07433 
1.07008 
1.06582 
1.06154 
1.05725 
1.05295 
1.04864 
1.04431 
1.03998 
1.03563 
1.03127 
1.0269 
1.02252 
1.01813 
1.01372 
1.00931 
1.00488 
1.00044 
0.995994 
0.991534 
0.987063 
0.982582 
0.978089 
0.973585 
0.96907 
0.964545 
0.960009 
0.955462 
0.950905 
0.946337 
0.941759 
0.93717 
0.932571 
0.927961 
0.923341 
0.918711 
0.914071 
0.90942 
0.904759 
0.900089 
0.895408 
0.890717 
0.886017 
0.881306 
0.876586 
0.871856 
0.867116 
0.862367 
0.857608 
0.85284 
0.848062 
0.843275 
0.838478 
0.833672 
0.828857 
0.824033 
0.819199 
0.814356 
0.809505 
0.804644 
0.799774 
0.794896 
0.790008 
0.785112 
0.780207 
0.775294 
0.770371 
0.765441 
0.760501 
0.755554 
0.750598 
0.745633 
0.740661 
0.73568 
0.73069 
0.725693 
0.720688 
0.715675 
0.710653 
0.705624 
0.700587 
0.695542 
0.69049 
0.68543 
0.680362 
0.675287 
0.670204 
0.665113 
0.660016 
0.654911 
0.649798 
0.644679 
0.639552 
0.634418 
0.629278 
0.62413 
0.618975 
0.613813 
0.608645 
0.60347 
0.598288 
0.593099 
0.587904 
0.582702 
0.577494 
0.57228 
0.567059 
0.561831 
0.556598 
0.551358 
0.546112 
0.54086 
0.535603 
0.530339 
0.525069 
0.519793 
0.514512 
0.509225 
0.503932 
0.498634 
0.49333 
0.488021 
0.482706 
0.477386 
0.472061 
0.46673 
0.461394 
0.456053 
0.450707 
0.445356 
0.44 
0.434639 
0.429273 
0.423903 
0.418528 
0.413148 
0.407763 
0.402374 
0.396981 
0.391583 
0.386181 
0.380774 
0.375364 
0.369949 
0.36453 
0.359107 
0.35368 
0.348249 
0.342814 
0.337375 
0.331933 
0.326487 
0.321037 
0.315584 
0.310127 
0.304667 
0.299203 
0.293736 
0.288266 
0.282792 
0.277316 
0.271836 
0.266353 
0.260868 
0.255379 
0.249888 
0.244394 
0.238897 
0.233397 
0.227895 
0.222391 
0.216884 
0.211374 
0.205862 
0.200348 
0.194832 
0.189313 
0.183793 
0.17827 
0.172745 
0.167219 
0.16169 
0.15616 
0.150628 
0.145094 
0.139559 
0.134022 
0.128484 
0.122944 
0.117403 
0.111861 
0.106317 
0.100772 
0.0952263 
0.0896793 
0.0841314 
0.0785824 
0.0730326 
0.067482 
0.0619306 
0.0563786 
0.0508259 
0.0452727 
0.0397189 
0.0341647 
0.0286102 
0.0230553 
0.0175001 
0.0119448 
0.00638933 
0.000833791 
-0.00472176 
-0.0102773 
-0.0158326 
-0.0213878 
-0.0269428 
-0.0324975 
-0.0380518 
-0.0436057 
-0.0491591 
-0.0547119 
-0.0602642 
-0.0658158 
-0.0713666 
-0.0769167 
-0.0824659 
-0.0880141 
-0.0935614 
-0.0991077 
-0.104653 
-0.110197 
-0.11574 
-0.121281 
-0.126821 
-0.13236 
-0.137897 
-0.143433 
-0.148967 
-0.1545 
-0.16003 
-0.165559 
-0.171087 
-0.176612 
-0.182135 
-0.187656 
-0.193175 
-0.198693 
-0.204207 
-0.20972 
-0.21523 
-0.220738 
-0.226243 
-0.231746 
-0.237246 
-0.242744 
-0.248239 
-0.253731 
-0.259221 
-0.264707 
-0.270191 
-0.275671 
-0.281149 
-0.286623 
-0.292094 
-0.297562 
-0.303027 
-0.308488 
-0.313946 
-0.3194 
-0.324851 
-0.330298 
-0.335742 
-0.341182 
-0.346618 
-0.35205 
-0.357478 
-0.362902 
-0.368323 
-0.373739 
-0.379151 
-0.384558 
-0.389962 
-0.395361 
-0.400756 
-0.406146 
-0.411532 
-0.416913 
-0.42229 
-0.427662 
-0.433029 
-0.438391 
-0.443749 
-0.449101 
-0.454449 
-0.459791 
-0.465129 
-0.470461 
-0.475788 
-0.48111 
-0.486426 
-0.491737 
-0.497043 
-0.502343 
-0.507637 
-0.512926 
-0.518209 
-0.523486 
-0.528758 
-0.534023 
-0.539283 
-0.544537 
-0.549784 
-0.555026 
-0.560261 
-0.56549 
-0.570713 
-0.57593 
-0.58114 
-0.586343 
-0.59154 
-0.596731 
-0.601915 
-0.607092 
-0.612263 
-0.617426 
-0.622583 
-0.627733 
-0.632876 
-0.638012 
-0.643141 
-0.648263 
-0.653377 
-0.658484 
-0.663584 
-0.668677 
-0.673762 
-0.678839 
-0.683909 
-0.688972 
-0.694027 
-0.699074 
-0.704113 
-0.709145 
-0.714168 
-0.719184 
-0.724192 
-0.729191 
-0.734183 
-0.739166 
-0.744141 
-0.749108 
-0.754067 
-0.759017 
-0.763959 
-0.768892 
-0.773817 
-0.778733 
-0.783641 
-0.788539 
-0.79343 
-0.798311 
-0.803183 
-0.808047 
-0.812901 
-0.817746 
-0.822583 
-0.82741 
-0.832228 
-0.837037 
-0.841836 
-0.846626 
-0.851407 
-0.856178 
-0.86094 
-0.865692 
-0.870434 
-0.875167 
-0.87989 
-0.884604 
-0.889307 
-0.894001 
-0.898685 
-0.903358 
-0.908022 
-0.912676 
-0.917319 
-0.921952 
-0.926575 
-0.931188 
-0.935791 
-0.940383 
-0.944964 
-0.949535 
-0.954096 
-0.958645 
-0.963185 
-0.967713 
-0.972231 
-0.976738 
-0.981234 
-0.985719 
-0.990194 
-0.994657 
-0.999109 
-1.00355 
-1.00798 
-1.0124 
-1.01681 
-1.0212 
-1.02559 
-1.02996 
-1.03432 
-1.03867 
-1.04301 
-1.04734 
-1.05166 
-1.05596 
-1.06025 
-1.06453 
-1.0688 
-1.07306 
-1.0773 
-1.08154 
-1.08576 
-1.08997 
-1.09416 
-1.09835 
-1.10252 
-1.10668 
-1.11083 
-1.11496 
-1.11909 
-1.1232 
-1.1273 
-1.13138 
-1.13545 
-1.13951 
-1.14356 
-1.1476 
-1.15162 
-1.15563 
-1.15963 
-1.16361 
-1.16758 
-1.17154 
-1.17548 
-1.17942 
-1.18334 
-1.18724 
-1.19113 
-1.19501 
-1.19888 
-1.20273 
-1.20657 
-1.2104 
-1.21421 
-1.21801 
-1.22179 
-1.22556 
-1.22932 
-1.23307 
-1.2368 
-1.24052 
-1.24422 
-1.24791 
-1.25158 
-1.25525 
-1.25889 
-1.26253 
-1.26615 
-1.26975 
-1.27334 
-1.27692 
-1.28048 
-1.28403 
-1.28757 
-1.29109 
-1.29459 
-1.29809 
-1.30156 
-1.30503 
-1.30847 
-1.31191 
-1.31533 
-1.31873 
-1.32212 
-1.3255 
-1.32886 
-1.3322 
-1.33553 
-1.33885 
-1.34215 
-1.34544 
-1.34871 
-1.35197 
-1.35521 
-1.35843 
-1.36164 
-1.36484 
-1.36802 
-1.37119 
-1.37434 
-1.37747 
-1.38059 
-1.3837 
-1.38679 
-1.38986 
-1.39292 
-1.39596 
-1.39899 
-1.402 
-1.405 
-1.40798 
-1.41094 
-1.41389 
-1.41683 
-1.41974 
-1.42265 
-1.42553 
-1.4284 
-1.43126 
-1.4341 
-1.43692 
-1.43972 
-1.44252 
-1.44529 
-1.44805 
-1.45079 
-1.45352 
-1.45623 
-1.45892 
-1.4616 
-1.46426 
-1.46691 
-1.46954 
-1.47215 
-1.47475 
-1.47733 
-1.47989 
-1.48244 
-1.48497 
-1.48748 
-1.48998 
-1.49246 
-1.49492 
-1.49737 
-1.4998 
-1.50222 
-1.50462 
-1.507 
-1.50936 
-1.51171 
-1.51404 
-1.51635 
-1.51865 
-1.52093 
-1.5232 
-1.52544 
-1.52767 
-1.52988 
-1.53208 
-1.53426 
-1.53642 
-1.53856 
-1.54069 
-1.5428 
-1.5449 
-1.54697 
-1.54903 
-1.55107 
-1.5531 
-1.5551 
-1.55709 
-1.55907 
-1.56102 
-1.56296 
-1.56488 
-1.56678 
-1.56867 
-1.57054 
-1.57239 
-1.57422 
-1.57604 
-1.57783 
-1.57961 
-1.58138 
-1.58312 
-1.58485 
-1.58656 
-1.58825 
-1.58993 
-1.59159 
-1.59323 
-1.59485 
-1.59645 
-1.59804 
-1.59961 
-1.60116 
-1.60269 
-1.60421 
-1.60571 
-1.60719 
-1.60865 
-1.61009 
-1.61152 
-1.61293 
-1.61432 
-1.61569 
-1.61705 
-1.61838 
-1.6197 
-1.621 
-1.62228 
-1.62355 
-1.62479 
-1.62602 
-1.62723 
-1.62843 
-1.6296 
-1.63076 
-1.63189 
-1.63301 
-1.63412 
-1.6352 
-1.63626 
-1.63731 
-1.63834 
-1.63935 
-1.64034 
-1.64132 
-1.64227 
-1.64321 
-1.64413 
-1.64503 
-1.64592 
-1.64678 
-1.64763 
-1.64846 
-1.64927 
-1.65006 
-1.65083 
-1.65159 
-1.65232 
-1.65304 
-1.65374 
-1.65442 
-1.65508 
-1.65573 
-1.65635 
-1.65696 
-1.65755 
-1.65812 
-1.65868 
-1.65921 
-1.65973 
-1.66022 
-1.6607 
-1.66116 
-1.6616 
-1.66203 
-1.66243 
-1.66282 
-1.66319 
-1.66354 
-1.66387 
-1.66418 
-1.66447 
-1.66475 
-1.66501 
-1.66525 
-1.66547 
-1.66567 
-1.66585 
-1.66602 
-1.66616 
-1.66629 
-1.6664 
-1.66649 
-1.66656 
-1.66661 
-1.66665 
-1.66667 
-1.66666 
-1.66664 
-1.6666 
-1.66655 
-1.66647 
-1.66638 
-1.66626 
-1.66613 
-1.66598 
-1.66581 
-1.66562 
-1.66542 
-1.66519 
-1.66495 
-1.66469 
-1.66441 
-1.66411 
-1.6638 
-1.66346 
-1.66311 
-1.66273 
-1.66234 
-1.66194 
-1.66151 
-1.66106 
-1.6606 
-1.66011 
-1.65961 
-1.65909 
-1.65855 
-1.658 
-1.65742 
-1.65683 
-1.65622 
-1.65559 
-1.65494 
-1.65427 
-1.65359 
-1.65288 
-1.65216 
-1.65142 
-1.65066 
-1.64988 
-1.64909 
-1.64827 
-1.64744 
-1.64659 
-1.64572 
-1.64483 
-1.64393 
-1.64301 
-1.64206 
-1.6411 
-1.64012 
-1.63913 
-1.63811 
-1.63708 
-1.63603 
-1.63496 
-1.63387 
-1.63277 
-1.63164 
-1.6305 
-1.62934 
-1.62816 
-1.62697 
-1.62575 
-1.62452 
-1.62327 
-1.622 
-1.62071 
-1.61941 
-1.61809 
-1.61675 
-1.61539 
-1.61401 
-1.61262 
-1.6112 
-1.60977 
-1.60833 
-1.60686 
-1.60538 
-1.60387 
-1.60235 
-1.60082 
-1.59926 
-1.59769 
-1.5961 
-1.59449 
-1.59286 
-1.59122 
-1.58956 
-1.58788 
-1.58618 
-1.58447 
-1.58274 
-1.58099 
-1.57922 
-1.57744 
-1.57563 
-1.57381 
-1.57198 
-1.57012 
-1.56825 
-1.56636 
-1.56445 
-1.56253 
-1.56059 
-1.55863 
-1.55665 
-1.55466 
-1.55265 
-1.55062 
-1.54857 
-1.54651 
-1.54443 
-1.54234 
-1.54022 
-1.53809 
-1.53594 
-1.53378 
-1.53159 
-1.52939 
-1.52718 
-1.52495 
-1.52269 
-1.52043 
-1.51814 
-1.51584 
-1.51352 
-1.51119 
-1.50884 
-1.50647 
-1.50409 
-1.50168 
-1.49927 
-1.49683 
-1.49438 
-1.49191 
-1.48943 
-1.48692 
-1.48441 
-1.48187 
-1.47932 
-1.47675 
-1.47417 
-1.47157 
-1.46895 
-1.46632 
-1.46367 
-1.46101 
-1.45833 
-1.45563 
-1.45291 
-1.45018 
-1.44744 
-1.44468 
-1.4419 
-1.4391 
-1.43629 
-1.43347 
-1.43062 
-1.42777 
-1.42489 
-1.422 
-1.4191 
-1.41618 
-1.41324 
-1.41029 
-1.40732 
-1.40433 
-1.40133 
-1.39832 
-1.39529 
-1.39224 
-1.38918 
-1.3861 
-1.38301 
-1.3799 
-1.37678 
-1.37364 
-1.37049 
-1.36732 
-1.36413 
-1.36093 
-1.35772 
-1.35449 
-1.35124 
-1.34798 
-1.34471 
-1.34142 
-1.33812 
-1.3348 
-1.33146 
-1.32811 
-1.32475 
-1.32137 
-1.31798 
-1.31457 
-1.31115 
-1.30771 
-1.30426 
-1.30079 
-1.29731 
-1.29382 
-1.29031 
-1.28678 
-1.28325 
-1.27969 
-1.27613 
-1.27255 
-1.26895 
-1.26534 
-1.26172 
-1.25808 
-1.25443 
-1.25077 
-1.24709 
-1.2434 
-1.23969 
-1.23597 
-1.23224 
-1.22849 
-1.22473 
-1.22095 
-1.21717 
-1.21336 
-1.20955 
-1.20572 
-1.20188 
-1.19802 
-1.19415 
-1.19027 
-1.18637 
-1.18247 
-1.17854 
-1.17461 
-1.17066 
-1.1667 
-1.16273 
-1.15874 
-1.15474 
-1.15073 
-1.1467 
-1.14267 
-1.13861 
-1.13455 
-1.13048 
-1.12639 
-1.12229 
-1.11817 
-1.11405 
-1.10991 
-1.10576 
-1.10159 
-1.09742 
-1.09323 
-1.08903 
-1.08482 
-1.0806 
-1.07636 
-1.07211 
-1.06785 
-1.06358 
-1.0593 
-1.05501 
-1.0507 
-1.04638 
-1.04205 
-1.03771 
-1.03336 
-1.02899 
-1.02461 
-1.02023 
-1.01583 
-1.01142 
-1.007 
-1.00257 
-0.998121 
-0.993667 
-0.989201 
-0.984724 
-0.980237 
-0.975738 
-0.971229 
-0.966709 
-0.962178 
