0 
1.11022e-16 
-7.21645e-16 
-1.11022e-16 
2.22045e-16 
2.42861e-17 
-5.55112e-17 
-3.26128e-16 
-5.41234e-16 
1.94289e-16 
1.249e-16 
5.0307e-17 
-4.42354e-17 
-1.2837e-16 
-5.6552e-16 
-1.50574e-15 
5.48173e-16 
-3.66027e-16 
-2.73002e-16 
2.77556e-17 
1.3739e-15 
-1.94289e-16 
-1.22471e-15 
-3.02709e-16 
1.64799e-17 
7.18176e-16 
5.41234e-16 
9.57567e-16 
-9.57567e-16 
-5.41234e-16 
9.15934e-16 
-1.11022e-16 
1.38778e-16 
1.66533e-16 
-3.33067e-16 
5.27356e-16 
2.11636e-16 
7.97973e-17 
3.60822e-16 
5.55112e-16 
5.55112e-17 
-1.66533e-16 
-1.249e-16 
-3.1225e-16 
-6.21031e-16 
9.71445e-16 
7.35523e-16 
-6.245e-17 
5.58581e-16 
1.66533e-16 
-9.57567e-16 
