0 
3.33067e-16 
-8.88178e-16 
-1.19349e-15 
-1.249e-16 
1.9082e-16 
-5.82867e-16 
5.82867e-16 
-1.249e-16 
-5.6205e-16 
4.996e-16 
2.13371e-16 
2.08167e-17 
-1.00614e-16 
-1.49186e-16 
-8.74301e-16 
2.5327e-16 
2.63244e-16 
-1.96024e-16 
1.49186e-16 
9.71445e-16 
3.19189e-16 
-9.4022e-16 
6.01082e-16 
-2.60209e-18 
8.1532e-16 
1.66533e-16 
-2.77556e-16 
-1.29063e-15 
-5.82867e-16 
8.88178e-16 
-1.52656e-16 
0 
-2.77556e-17 
-8.32667e-17 
1.11022e-16 
7.97973e-17 
-2.70617e-16 
1.94289e-16 
0 
2.33147e-15 
1.11022e-16 
-2.08167e-16 
1.11022e-16 
9.26342e-16 
2.47025e-15 
-6.93889e-18 
-2.98372e-16 
6.14092e-16 
4.16334e-17 
-8.60423e-16 
