0 
-6.03684e-16 
2.08167e-16 
-1.38778e-16 
-9.36751e-17 
-3.57353e-16 
-8.32667e-17 
1.17961e-16 
-3.40006e-16 
1.66533e-16 
0.0225203 
6.93889e-18 
0.0205753 
-8.32667e-17 
0.0183523 
-1.66533e-16 
0.0159897 
-5.06539e-16 
0.013615 
-1.49186e-16 
0.0113386 
1.249e-16 
4.0766e-16 
-8.1532e-17 
-1.51788e-16 
-5.16948e-16 
-1.73472e-16 
2.34188e-16 
-1.17961e-16 
-3.75568e-16 
-1.93422e-16 
3.03577e-18 
-3.16153e-16 
-2.05565e-16 
-6.50521e-17 
1.60028e-16 
1.95156e-17 
-1.11456e-16 
-2.68882e-16 
3.25694e-16 
-5.33427e-17 
1.23599e-16 
7.41594e-17 
-2.21177e-16 
7.80626e-18 
-1.47451e-17 
1.61329e-16 
2.31586e-16 
8.67362e-19 
-9.54098e-18 
3.46945e-18 
1.9082e-16 
-3.72966e-17 
1.0842e-16 
7.80626e-17 
-1.38778e-16 
-9.88792e-17 
1.66533e-16 
5.20417e-18 
-2.01228e-16 
1.5786e-16 
5.37764e-17 
2.42861e-17 
7.80626e-17 
1.9082e-17 
1.5786e-16 
-1.21431e-16 
-6.245e-17 
-1.99493e-16 
-3.53884e-16 
4.05925e-16 
0 
-2.25514e-16 
-3.7817e-16 
1.73472e-17 
-8.32667e-17 
3.57353e-16 
-2.56739e-16 
1.63064e-16 
-6.08021e-16 
-1.35308e-16 
-1.96891e-16 
-3.46945e-17 
2.78423e-16 
2.97505e-16 
-3.44343e-16 
-4.87457e-16 
-4.34548e-16 
-7.10369e-16 
-4.62304e-16 
-2.72352e-16 
-5.20417e-17 
4.11563e-16 
3.45644e-16 
-3.19623e-16 
-1.73039e-16 
8.23994e-17 
-2.58474e-16 
-3.90313e-18 
-3.38271e-17 
1.07119e-16 
-2.98372e-16 
2.68232e-16 
-1.74557e-16 
-2.41127e-16 
2.62594e-16 
-1.81495e-16 
-6.5269e-17 
-4.90059e-16 
-2.73002e-16 
-5.22585e-17 
-1.83664e-16 
3.66027e-16 
1.61763e-16 
9.1073e-18 
-2.41994e-16 
2.20744e-16 
-3.74267e-16 
1.79544e-16 
6.50521e-18 
1.53957e-16 
5.16948e-16 
-1.4962e-16 
6.46184e-17 
-1.12323e-16 
-4.75314e-16 
-9.1073e-17 
6.46618e-16 
7.37257e-17 
-1.79544e-16 
3.90313e-18 
2.42861e-17 
4.16334e-17 
-2.43729e-16 
-5.20417e-17 
3.38271e-16 
-9.62772e-17 
1.86483e-17 
-9.84456e-17 
8.6953e-17 
1.249e-16 
1.23599e-16 
3.23309e-16 
2.35489e-16 
-7.22079e-17 
1.66533e-16 
-7.45931e-17 
1.34441e-16 
-3.33934e-17 
3.4109e-16 
4.77699e-16 
4.55365e-18 
-1.74557e-17 
-5.85469e-17 
-3.06287e-16 
1.77701e-16 
6.46184e-17 
1.60462e-17 
-8.12067e-17 
8.51099e-17 
-6.08237e-17 
5.37764e-17 
9.4434e-17 
-3.96818e-17 
-9.43256e-17 
-2.52077e-16 
6.98226e-17 
2.74303e-17 
-2.46764e-16 
2.7864e-16 
1.11673e-16 
2.37007e-16 
-2.77773e-16 
8.34294e-17 
-2.43945e-16 
1.09586e-16 
3.06396e-16 
-4.71235e-16 
-1.81646e-18 
-4.0003e-16 
4.87755e-16 
-4.11048e-16 
-3.23905e-16 
-9.21572e-18 
1.71087e-16 
-2.5907e-16 
2.49366e-17 
-3.81097e-17 
-1.41326e-16 
1.04626e-16 
-1.22542e-16 
4.51299e-18 
-3.17685e-16 
-3.2789e-16 
-1.33628e-16 
-3.06233e-16 
-2.3885e-16 
-7.42678e-17 
-2.48282e-16 
1.45392e-16 
-8.54351e-17 
5.20417e-17 
-1.5027e-16 
-2.76255e-16 
-2.82326e-16 
4.31512e-16 
-5.33427e-17 
-2.34405e-16 
-3.42608e-17 
5.94143e-17 
-4.11997e-18 
2.22478e-16 
-2.42861e-17 
2.63027e-16 
-1.52005e-16 
-8.04478e-17 
-3.18755e-17 
2.62594e-16 
3.62124e-17 
-1.49837e-16 
5.22585e-17 
-6.23416e-17 
1.14492e-16 
-5.1608e-17 
2.51535e-17 
5.09575e-17 
-1.14925e-17 
-2.60209e-18 
-9.21572e-17 
4.09828e-17 
-9.19403e-17 
2.32887e-16 
-1.17528e-16 
-1.51788e-17 
-9.1073e-17 
-1.0842e-17 
-3.11383e-16 
3.98986e-17 
4.83988e-16 
5.68122e-16 
8.06646e-17 
-1.94289e-16 
-7.34655e-16 
2.62811e-16 
2.39392e-16 
2.42861e-17 
5.63785e-16 
-1.09288e-16 
0 
9.24608e-16 
-4.18068e-16 
-3.46945e-16 
-4.26742e-16 
4.21538e-16 
-3.83374e-16 
-5.86337e-16 
-2.81025e-16 
-1.12757e-16 
2.68882e-16 
-9.71445e-17 
-9.02056e-17 
-1.50921e-16 
1.26635e-16 
6.93889e-17 
-3.26128e-16 
-2.13371e-16 
-4.31946e-16 
-1.96024e-16 
1.56125e-16 
4.90927e-16 
-3.52149e-16 
2.70617e-16 
1.63064e-16 
1.45717e-16 
5.37764e-17 
2.13371e-16 
1.56125e-17 
1.14492e-16 
2.50668e-16 
-2.00361e-16 
-5.55112e-17 
-6.93889e-18 
-2.25514e-16 
1.82146e-16 
3.40873e-16 
6.85216e-17 
4.34548e-16 
-1.4138e-16 
-2.60209e-17 
3.98986e-17 
-1.42247e-16 
-3.38271e-17 
-6.07153e-18 
-2.51535e-17 
2.08167e-17 
8.32667e-17 
7.97973e-17 
-1.04083e-17 
7.28584e-17 
-3.46945e-18 
8.67362e-18 
3.46945e-18 
-2.42861e-17 
-5.20417e-17 
-1.73472e-16 
1.9082e-17 
6.76542e-17 
5.55112e-17 
2.77556e-17 
7.97973e-17 
-1.04083e-17 
-7.28584e-17 
8.32667e-17 
0 
-1.04083e-17 
-1.38778e-16 
8.67362e-17 
-2.63678e-16 
4.51028e-17 
-5.89806e-17 
9.02056e-17 
2.77556e-17 
2.06432e-16 
2.94903e-17 
-4.51028e-17 
7.45931e-17 
5.37764e-17 
1.73472e-18 
8.67362e-17 
-3.29597e-17 
9.88792e-17 
-2.42861e-17 
1.07553e-16 
-3.43475e-16 
-3.93782e-16 
-7.13839e-16 
1.17961e-16 
-2.03396e-16 
-1.01481e-16 
-1.75641e-17 
2.66714e-17 
7.88215e-17 
-1.40296e-16 
5.74627e-18 
8.67362e-19 
-8.67362e-19 
-6.48353e-17 
-2.4503e-17 
3.23092e-17 
2.19009e-17 
1.06252e-17 
3.05745e-17 
-3.11166e-17 
-4.70544e-17 
-1.00993e-16 
2.05998e-18 
-1.5439e-16 
-2.01228e-16 
1.9082e-17 
-1.55258e-16 
-3.46945e-17 
1.56125e-16 
1.11022e-16 
8.67362e-17 
7.63278e-17 
1.82146e-16 
-4.66641e-16 
-4.33681e-16 
-1.11022e-16 
-4.16334e-17 
-1.14492e-16 
-2.04697e-16 
3.26128e-16 
1.94289e-16 
4.30211e-16 
-3.88578e-16 
7.97973e-17 
6.93889e-16 
-4.47559e-16 
-3.1225e-17 
-9.36751e-17 
4.68375e-16 
-8.50015e-16 
-3.81639e-17 
-2.11636e-16 
4.16334e-17 
5.51642e-16 
-6.41848e-16 
-1.94289e-16 
4.47559e-16 
4.54498e-16 
-5.72459e-16 
-1.21431e-16 
-3.95517e-16 
-1.63064e-16 
-6.07153e-17 
-3.43475e-16 
3.83374e-16 
-5.01335e-16 
3.90313e-16 
-6.50521e-17 
9.71445e-17 
-1.26635e-16 
1.23165e-16 
1.67834e-16 
1.45717e-16 
-1.40513e-16 
-8.23994e-18 
1.80845e-16 
6.83047e-17 
3.01408e-17 
2.92735e-17 
1.42464e-16 
-8.50015e-17 
1.4962e-17 
5.11743e-17 
-1.5851e-16 
1.8258e-16 
1.99276e-16 
1.38778e-17 
2.96204e-16 
3.64292e-17 
-2.76688e-16 
-2.12937e-16 
-3.43909e-16 
5.50775e-16 
-2.3332e-16 
-5.42101e-16 
-5.21284e-16 
2.32453e-16 
1.19002e-15 
-3.6169e-16 
3.35669e-16 
5.6552e-16 
5.23019e-16 
-4.57967e-16 
4.33681e-17 
2.04697e-16 
-1.6185e-15 
3.41741e-16 
-8.67362e-19 
1.15533e-15 
-9.95731e-16 
8.84709e-16 
-8.1532e-17 
2.91434e-16 
-6.85216e-17 
1.37043e-16 
5.89806e-17 
-4.39752e-16 
-5.06539e-16 
2.09034e-16 
1.40339e-15 
-4.11997e-17 
1.72171e-16 
-1.15793e-16 
7.02997e-16 
-7.21645e-16 
9.66241e-16 
-5.24754e-16 
-3.18755e-16 
-4.65773e-16 
7.17091e-16 
4.03757e-16 
3.541e-16 
6.99961e-16 
5.77446e-16 
-9.20704e-16 
9.28077e-17 
-2.9924e-17 
6.98877e-16 
1.60028e-16 
-1.19696e-16 
-8.32234e-16 
2.55872e-17 
2.00577e-16 
1.16877e-16 
-4.76182e-16 
-2.68882e-17 
-2.64545e-17 
4.08961e-16 
-2.9924e-17 
8.80372e-17 
-1.86916e-16 
-5.81132e-16 
-1.99493e-17 
-1.84748e-16 
-9.02056e-17 
-5.9848e-16 
-3.32633e-16 
-6.43149e-16 
-2.28116e-16 
8.80372e-17 
-2.96638e-16 
2.74954e-16 
1.99493e-17 
4.59702e-16 
-5.81132e-17 
-2.40259e-16 
4.04191e-16 
8.1532e-17 
