0.576923 
0.573087 
0.561629 
0.542703 
0.516559 
0.483545 
0.444101 
0.398751 
0.348098 
0.292815 
0.233639 
0.171355 
0.106793 
0.0408099 
-0.0257155 
-0.0918989 
-0.15686 
-0.219735 
-0.279688 
-0.335922 
-0.387688 
-0.434298 
-0.475133 
-0.509649 
-0.537387 
-0.557978 
-0.57115 
-0.576725 
-0.574631 
-0.564894 
-0.547646 
-0.523114 
-0.491625 
-0.453599 
-0.40954 
-0.360034 
-0.305741 
-0.247382 
-0.185732 
-0.121613 
-0.0558763 
0.0106034 
0.0769421 
0.142258 
0.205681 
0.266369 
0.323515 
0.376359 
0.424197 
0.466394 
0.502389 
