0.357143 
0.357134 
0.357106 
0.357061 
0.356997 
0.356915 
0.356815 
0.356697 
0.35656 
0.356405 
0.356232 
0.356041 
0.355832 
0.355604 
0.355359 
0.355095 
0.354813 
0.354513 
0.354195 
0.353859 
0.353505 
0.353133 
0.352742 
0.352334 
0.351908 
0.351464 
0.351002 
0.350522 
0.350024 
0.349508 
0.348974 
0.348423 
0.347854 
0.347267 
0.346662 
0.34604 
0.3454 
0.344743 
0.344067 
0.343375 
0.342664 
0.341937 
0.341192 
0.340429 
0.339649 
0.338852 
0.338037 
0.337205 
0.336356 
0.33549 
0.334607 
0.333707 
0.332789 
0.331855 
0.330904 
0.329935 
0.32895 
0.327949 
0.32693 
0.325895 
0.324843 
0.323775 
0.32269 
0.321588 
0.32047 
0.319336 
0.318186 
0.317019 
0.315836 
0.314637 
0.313422 
0.312191 
0.310944 
0.309682 
0.308403 
0.307109 
0.305799 
0.304473 
0.303132 
0.301775 
0.300403 
0.299016 
0.297613 
0.296196 
0.294763 
0.293315 
0.291852 
0.290374 
0.288882 
0.287374 
0.285852 
0.284316 
0.282765 
0.281199 
0.279619 
0.278025 
0.276417 
0.274794 
0.273158 
0.271508 
0.269843 
0.268165 
0.266474 
0.264768 
0.26305 
0.261317 
0.259572 
0.257813 
0.256041 
0.254256 
0.252458 
0.250647 
0.248824 
0.246988 
0.245139 
0.243277 
0.241403 
0.239517 
0.237619 
0.235708 
0.233786 
0.231851 
0.229905 
0.227947 
0.225977 
0.223996 
0.222004 
0.22 
0.217984 
0.215958 
0.213921 
0.211873 
0.209814 
0.207744 
0.205664 
0.203573 
0.201472 
0.19936 
0.197238 
0.195107 
0.192965 
0.190814 
0.188652 
0.186481 
0.184301 
0.182111 
0.179912 
0.177704 
0.175487 
0.17326 
0.171025 
0.168781 
0.166529 
0.164268 
0.161999 
0.159721 
0.157435 
0.155141 
0.15284 
0.15053 
0.148213 
0.145888 
0.143556 
0.141217 
0.13887 
0.136516 
0.134155 
0.131788 
0.129413 
0.127033 
0.124645 
0.122251 
0.119851 
0.117445 
0.115033 
0.112615 
0.110191 
0.107762 
0.105327 
0.102887 
0.100441 
0.0979909 
0.0955353 
0.0930748 
0.0906096 
0.0881398 
0.0856654 
0.0831867 
0.0807037 
0.0782167 
0.0757256 
0.0732307 
0.070732 
0.0682297 
0.065724 
0.0632149 
0.0607026 
0.0581871 
0.0556687 
0.0531475 
0.0506235 
0.048097 
0.045568 
0.0430367 
0.0405032 
0.0379676 
0.0354301 
0.0328908 
0.0303498 
0.0278073 
0.0252633 
0.022718 
0.0201716 
0.0176242 
0.0150758 
0.0125267 
0.00997698 
0.00742672 
0.00487609 
0.0023252 
-0.000225802 
-0.00277679 
-0.00532764 
-0.00787822 
-0.0104284 
-0.012978 
-0.015527 
-0.0180752 
-0.0206225 
-0.0231687 
-0.0257137 
-0.0282575 
-0.0307997 
-0.0333404 
-0.0358795 
-0.0384166 
-0.0409519 
-0.043485 
-0.0460159 
-0.0485445 
-0.0510705 
-0.053594 
-0.0561148 
-0.0586326 
-0.0611475 
-0.0636593 
-0.0661678 
-0.068673 
-0.0711746 
-0.0736726 
-0.0761669 
-0.0786573 
-0.0811436 
-0.0836258 
-0.0861038 
-0.0885773 
-0.0910464 
-0.0935107 
-0.0959704 
-0.0984251 
-0.100875 
-0.103319 
-0.105759 
-0.108193 
-0.110621 
-0.113044 
-0.115461 
-0.117872 
-0.120277 
-0.122676 
-0.125068 
-0.127455 
-0.129834 
-0.132207 
-0.134574 
-0.136933 
-0.139286 
-0.141631 
-0.14397 
-0.1463 
-0.148624 
-0.15094 
-0.153248 
-0.155548 
-0.15784 
-0.160125 
-0.162401 
-0.164669 
-0.166928 
-0.169179 
-0.171422 
-0.173655 
-0.17588 
-0.178096 
-0.180302 
-0.1825 
-0.184688 
-0.186866 
-0.189036 
-0.191195 
-0.193345 
-0.195485 
-0.197615 
-0.199735 
-0.201844 
-0.203944 
-0.206033 
-0.208111 
-0.210179 
-0.212236 
-0.214282 
-0.216318 
-0.218342 
-0.220355 
-0.222357 
-0.224348 
-0.226327 
-0.228294 
-0.23025 
-0.232195 
-0.234127 
-0.236047 
-0.237956 
-0.239852 
-0.241736 
-0.243608 
-0.245467 
-0.247314 
-0.249148 
-0.250969 
-0.252778 
-0.254573 
-0.256356 
-0.258125 
-0.259882 
-0.261625 
-0.263355 
-0.265071 
-0.266774 
-0.268463 
-0.270139 
-0.271801 
-0.273449 
-0.275083 
-0.276703 
-0.278308 
-0.2799 
-0.281477 
-0.28304 
-0.284589 
-0.286123 
-0.287642 
-0.289147 
-0.290637 
-0.292112 
-0.293572 
-0.295017 
-0.296448 
-0.297863 
-0.299263 
-0.300647 
-0.302017 
-0.30337 
-0.304709 
-0.306032 
-0.307339 
-0.30863 
-0.309906 
-0.311166 
-0.31241 
-0.313639 
-0.314851 
-0.316047 
-0.317227 
-0.318391 
-0.319538 
-0.32067 
-0.321784 
-0.322883 
-0.323965 
-0.32503 
-0.326079 
-0.327112 
-0.328127 
-0.329126 
-0.330108 
-0.331073 
-0.332021 
-0.332953 
-0.333867 
-0.334765 
-0.335645 
-0.336508 
-0.337354 
-0.338183 
-0.338994 
-0.339788 
-0.340565 
-0.341325 
-0.342067 
-0.342792 
-0.343499 
-0.344188 
-0.34486 
-0.345515 
-0.346152 
-0.346771 
-0.347372 
-0.347956 
-0.348522 
-0.34907 
-0.349601 
-0.350113 
-0.350608 
-0.351085 
-0.351544 
-0.351985 
-0.352408 
-0.352813 
-0.3532 
-0.353569 
-0.35392 
-0.354253 
-0.354567 
-0.354864 
-0.355143 
-0.355403 
-0.355646 
-0.35587 
-0.356076 
-0.356264 
-0.356434 
-0.356585 
-0.356719 
-0.356834 
-0.356931 
-0.35701 
-0.35707 
-0.357113 
-0.357137 
-0.357143 
-0.35713 
-0.3571 
-0.357051 
-0.356984 
-0.356899 
-0.356795 
-0.356674 
-0.356534 
-0.356376 
-0.3562 
-0.356005 
-0.355793 
-0.355562 
-0.355313 
-0.355046 
-0.354761 
-0.354458 
-0.354137 
-0.353798 
-0.35344 
-0.353065 
-0.352671 
-0.35226 
-0.351831 
-0.351383 
-0.350918 
-0.350435 
-0.349934 
-0.349415 
-0.348878 
-0.348324 
-0.347751 
-0.347161 
-0.346554 
-0.345928 
-0.345285 
-0.344624 
-0.343946 
-0.34325 
-0.342537 
-0.341806 
-0.341058 
-0.340292 
-0.339509 
-0.338709 
-0.337891 
-0.337056 
-0.336204 
-0.335335 
-0.334449 
-0.333545 
-0.332625 
-0.331688 
-0.330733 
-0.329762 
-0.328774 
-0.327769 
-0.326748 
-0.32571 
-0.324655 
