0.576923 
0.576923 
0.576922 
0.57692 
0.576917 
0.576913 
0.576909 
0.576904 
0.576898 
0.576892 
0.576885 
0.576877 
0.576868 
0.576858 
0.576848 
0.576837 
0.576825 
0.576812 
0.576799 
0.576784 
0.576769 
0.576754 
0.576737 
0.57672 
0.576702 
0.576683 
0.576663 
0.576643 
0.576622 
0.5766 
0.576577 
0.576554 
0.57653 
0.576505 
0.576479 
0.576453 
0.576425 
0.576397 
0.576369 
0.576339 
0.576309 
0.576278 
0.576246 
0.576213 
0.57618 
0.576146 
0.576111 
0.576075 
0.576038 
0.576001 
0.575963 
0.575924 
0.575885 
0.575845 
0.575804 
0.575762 
0.575719 
0.575676 
0.575632 
0.575587 
0.575541 
0.575495 
0.575447 
0.575399 
0.575351 
0.575301 
0.575251 
0.5752 
0.575148 
0.575096 
0.575042 
0.574988 
0.574933 
0.574878 
0.574821 
0.574764 
0.574706 
0.574648 
0.574588 
0.574528 
0.574467 
0.574405 
0.574343 
0.574279 
0.574215 
0.574151 
0.574085 
0.574019 
0.573952 
0.573884 
0.573815 
0.573746 
0.573676 
0.573605 
0.573533 
0.573461 
0.573387 
0.573313 
0.573239 
0.573163 
0.573087 
0.57301 
0.572932 
0.572854 
0.572774 
0.572694 
0.572613 
0.572532 
0.572449 
0.572366 
0.572282 
0.572198 
0.572112 
0.572026 
0.571939 
0.571852 
0.571763 
0.571674 
0.571584 
0.571493 
0.571402 
0.571309 
0.571216 
0.571123 
0.571028 
0.570933 
0.570837 
0.57074 
0.570642 
0.570544 
0.570445 
0.570345 
0.570244 
0.570143 
0.570041 
0.569938 
0.569834 
0.56973 
0.569625 
0.569519 
0.569412 
0.569305 
0.569196 
0.569088 
0.568978 
0.568867 
0.568756 
0.568644 
0.568531 
0.568418 
0.568304 
0.568189 
0.568073 
0.567956 
0.567839 
0.567721 
0.567602 
0.567483 
0.567362 
0.567241 
0.567119 
0.566997 
0.566873 
0.566749 
0.566625 
0.566499 
0.566373 
0.566246 
0.566118 
0.565989 
0.56586 
0.56573 
0.565599 
0.565467 
0.565335 
0.565202 
0.565068 
0.564933 
0.564798 
0.564662 
0.564525 
0.564387 
0.564249 
0.564109 
0.56397 
0.563829 
0.563688 
0.563545 
0.563402 
0.563259 
0.563114 
0.562969 
0.562823 
0.562677 
0.562529 
0.562381 
0.562232 
0.562083 
0.561932 
0.561781 
0.561629 
0.561477 
0.561323 
0.561169 
0.561014 
0.560859 
0.560702 
0.560545 
0.560387 
0.560229 
0.560069 
0.559909 
0.559748 
0.559587 
0.559424 
0.559261 
0.559098 
0.558933 
0.558768 
0.558602 
0.558435 
0.558267 
0.558099 
0.55793 
0.55776 
0.55759 
0.557418 
0.557246 
0.557074 
0.5569 
0.556726 
0.556551 
0.556375 
0.556199 
0.556022 
0.555844 
0.555665 
0.555486 
0.555306 
0.555125 
0.554943 
0.554761 
0.554578 
0.554394 
0.554209 
0.554024 
0.553838 
0.553651 
0.553463 
0.553275 
0.553086 
0.552896 
0.552706 
0.552515 
0.552323 
0.55213 
0.551937 
0.551743 
0.551548 
0.551352 
0.551156 
0.550959 
0.550761 
0.550562 
0.550363 
0.550163 
0.549962 
0.549761 
0.549558 
0.549355 
0.549152 
0.548947 
0.548742 
0.548536 
0.54833 
0.548122 
0.547914 
0.547706 
0.547496 
0.547286 
0.547075 
0.546863 
0.546651 
0.546438 
0.546224 
0.546009 
0.545794 
0.545578 
0.545361 
0.545143 
0.544925 
0.544706 
0.544486 
0.544266 
0.544045 
0.543823 
0.5436 
0.543377 
0.543153 
0.542928 
0.542703 
0.542476 
0.54225 
0.542022 
0.541793 
0.541564 
0.541335 
0.541104 
0.540873 
0.540641 
0.540408 
0.540175 
0.53994 
0.539706 
0.53947 
0.539234 
0.538997 
0.538759 
0.538521 
0.538281 
0.538041 
0.537801 
0.53756 
0.537318 
0.537075 
0.536831 
0.536587 
0.536342 
0.536097 
0.53585 
0.535603 
0.535356 
0.535107 
0.534858 
0.534608 
0.534357 
0.534106 
0.533854 
0.533601 
0.533348 
0.533094 
0.532839 
0.532583 
0.532327 
0.53207 
0.531812 
0.531554 
0.531295 
0.531035 
0.530775 
0.530513 
0.530251 
0.529989 
0.529725 
0.529461 
0.529197 
0.528931 
0.528665 
0.528398 
0.52813 
0.527862 
0.527593 
0.527324 
0.527053 
0.526782 
0.52651 
0.526238 
0.525965 
0.525691 
0.525416 
0.525141 
0.524865 
0.524588 
0.524311 
0.524033 
0.523754 
0.523474 
0.523194 
0.522913 
0.522632 
0.52235 
0.522067 
0.521783 
0.521499 
0.521214 
0.520928 
0.520641 
0.520354 
0.520066 
0.519778 
0.519489 
0.519199 
0.518908 
0.518617 
0.518325 
0.518032 
0.517739 
0.517445 
0.51715 
0.516855 
0.516559 
0.516262 
0.515964 
0.515666 
0.515367 
0.515068 
0.514768 
0.514467 
0.514165 
0.513863 
0.51356 
0.513256 
0.512952 
0.512647 
0.512341 
0.512035 
0.511728 
0.51142 
0.511112 
0.510803 
0.510493 
0.510182 
0.509871 
0.509559 
0.509247 
0.508934 
0.50862 
0.508305 
0.50799 
0.507674 
0.507358 
0.50704 
0.506723 
0.506404 
0.506085 
0.505765 
0.505444 
0.505123 
0.504801 
0.504478 
0.504155 
0.503831 
0.503506 
0.503181 
0.502855 
0.502529 
0.502201 
0.501873 
0.501545 
0.501215 
0.500885 
0.500555 
0.500223 
0.499891 
0.499559 
0.499225 
0.498891 
0.498557 
0.498221 
0.497885 
0.497549 
0.497212 
0.496874 
0.496535 
0.496196 
0.495856 
0.495515 
0.495174 
0.494832 
0.494489 
0.494146 
0.493802 
0.493458 
0.493112 
0.492767 
0.49242 
0.492073 
0.491725 
0.491377 
0.491027 
0.490678 
0.490327 
0.489976 
0.489624 
0.489272 
0.488919 
0.488565 
0.488211 
0.487856 
0.4875 
0.487144 
0.486787 
0.486429 
0.486071 
0.485712 
0.485353 
0.484992 
0.484632 
0.48427 
0.483908 
0.483545 
0.483182 
0.482818 
0.482453 
0.482088 
0.481722 
0.481355 
0.480988 
0.48062 
0.480251 
0.479882 
0.479512 
0.479142 
0.478771 
0.478399 
0.478027 
0.477654 
0.47728 
0.476906 
0.476531 
0.476155 
0.475779 
0.475402 
0.475025 
0.474647 
0.474268 
0.473889 
0.473509 
0.473128 
0.472747 
0.472365 
0.471982 
0.471599 
0.471215 
0.470831 
0.470446 
0.47006 
0.469674 
0.469287 
0.4689 
0.468512 
0.468123 
0.467733 
0.467343 
0.466953 
0.466562 
0.46617 
0.465777 
0.465384 
0.46499 
0.464596 
0.464201 
0.463805 
0.463409 
0.463012 
0.462615 
0.462217 
0.461818 
0.461419 
0.461019 
0.460619 
0.460217 
0.459816 
0.459413 
0.45901 
0.458607 
0.458203 
0.457798 
0.457392 
0.456986 
0.45658 
0.456173 
0.455765 
0.455356 
0.454947 
0.454538 
0.454127 
0.453716 
0.453305 
0.452893 
0.45248 
0.452067 
0.451653 
0.451239 
0.450824 
0.450408 
0.449992 
0.449575 
0.449157 
0.448739 
0.44832 
0.447901 
0.447481 
0.447061 
0.44664 
0.446218 
0.445796 
0.445373 
0.44495 
0.444526 
0.444101 
0.443676 
0.44325 
0.442824 
0.442397 
0.441969 
0.441541 
0.441112 
0.440683 
0.440253 
0.439822 
0.439391 
0.43896 
0.438527 
0.438094 
0.437661 
0.437227 
0.436792 
0.436357 
0.435922 
0.435485 
0.435048 
0.434611 
0.434173 
0.433734 
0.433295 
0.432855 
0.432415 
0.431974 
0.431532 
0.43109 
0.430647 
0.430204 
0.42976 
0.429316 
0.428871 
0.428425 
0.427979 
0.427533 
0.427085 
0.426638 
0.426189 
0.42574 
0.425291 
0.424841 
0.42439 
0.423939 
0.423487 
0.423035 
0.422582 
0.422128 
0.421674 
0.42122 
0.420764 
0.420309 
0.419852 
0.419396 
0.418938 
0.41848 
0.418022 
0.417563 
0.417103 
0.416643 
0.416182 
0.415721 
0.415259 
0.414797 
0.414334 
0.41387 
0.413406 
0.412942 
0.412476 
0.412011 
0.411544 
0.411078 
0.41061 
0.410142 
0.409674 
0.409205 
0.408735 
0.408265 
0.407795 
0.407324 
0.406852 
0.40638 
0.405907 
0.405434 
0.40496 
0.404485 
0.40401 
0.403535 
0.403059 
0.402582 
0.402105 
0.401628 
0.40115 
0.400671 
0.400192 
0.399712 
0.399232 
0.398751 
0.398269 
0.397788 
0.397305 
0.396822 
0.396339 
0.395855 
0.39537 
0.394885 
0.3944 
0.393914 
0.393427 
0.39294 
0.392452 
0.391964 
0.391475 
0.390986 
0.390496 
0.390006 
0.389515 
0.389024 
0.388532 
0.38804 
0.387547 
0.387053 
0.386559 
0.386065 
0.38557 
0.385075 
0.384579 
0.384082 
0.383585 
0.383088 
0.38259 
0.382091 
0.381592 
0.381093 
0.380593 
0.380092 
0.379591 
0.37909 
0.378588 
0.378085 
0.377582 
0.377078 
0.376574 
0.37607 
0.375565 
0.375059 
0.374553 
0.374047 
0.373539 
0.373032 
0.372524 
0.372015 
0.371506 
0.370997 
0.370487 
0.369976 
0.369465 
0.368954 
0.368442 
0.367929 
0.367416 
0.366903 
0.366389 
0.365874 
0.365359 
0.364844 
0.364328 
0.363812 
0.363295 
0.362777 
0.36226 
0.361741 
0.361222 
0.360703 
0.360183 
0.359663 
0.359142 
0.358621 
0.358099 
0.357577 
0.357055 
0.356532 
0.356008 
0.355484 
0.354959 
0.354434 
0.353909 
0.353383 
0.352857 
0.35233 
0.351802 
0.351274 
0.350746 
0.350217 
0.349688 
0.349158 
0.348628 
0.348098 
0.347567 
0.347035 
0.346503 
0.345971 
0.345438 
0.344904 
0.34437 
0.343836 
0.343301 
0.342766 
0.34223 
0.341694 
0.341158 
0.340621 
0.340083 
0.339545 
0.339007 
0.338468 
0.337929 
0.337389 
0.336849 
0.336308 
0.335767 
0.335225 
0.334683 
0.334141 
0.333598 
0.333055 
0.332511 
0.331967 
0.331422 
0.330877 
0.330331 
0.329785 
0.329239 
0.328692 
0.328145 
0.327597 
0.327049 
0.3265 
0.325951 
0.325402 
0.324852 
0.324302 
0.323751 
0.3232 
0.322648 
0.322096 
0.321543 
0.320991 
0.320437 
0.319883 
0.319329 
0.318775 
0.31822 
0.317664 
0.317108 
0.316552 
0.315995 
0.315438 
0.31488 
0.314322 
0.313764 
0.313205 
0.312646 
0.312086 
0.311526 
0.310966 
0.310405 
0.309843 
0.309282 
0.30872 
0.308157 
0.307594 
0.307031 
0.306467 
0.305903 
0.305338 
0.304773 
0.304208 
0.303642 
0.303076 
0.302509 
0.301942 
0.301374 
0.300807 
0.300238 
0.29967 
0.299101 
0.298531 
0.297961 
0.297391 
0.296821 
0.29625 
0.295678 
0.295106 
0.294534 
0.293962 
0.293389 
0.292815 
0.292241 
0.291667 
0.291093 
0.290518 
0.289943 
0.289367 
0.288791 
0.288214 
0.287637 
0.28706 
0.286483 
0.285905 
0.285326 
0.284747 
0.284168 
0.283589 
0.283009 
0.282429 
0.281848 
0.281267 
0.280686 
0.280104 
0.279522 
0.278939 
0.278356 
0.277773 
0.277189 
0.276605 
0.276021 
0.275436 
0.274851 
0.274266 
0.27368 
0.273094 
0.272507 
0.27192 
0.271333 
0.270745 
0.270157 
0.269569 
0.26898 
0.268391 
0.267802 
0.267212 
0.266622 
0.266031 
0.26544 
0.264849 
0.264258 
0.263666 
0.263073 
0.262481 
0.261888 
0.261294 
0.260701 
0.260107 
0.259512 
0.258918 
0.258323 
0.257727 
0.257132 
0.256535 
0.255939 
0.255342 
0.254745 
0.254148 
0.25355 
0.252952 
0.252353 
0.251755 
0.251156 
0.250556 
0.249956 
0.249356 
0.248756 
0.248155 
0.247554 
0.246952 
0.246351 
0.245748 
0.245146 
0.244543 
0.24394 
0.243337 
0.242733 
0.242129 
0.241525 
0.24092 
0.240315 
0.23971 
0.239104 
0.238498 
0.237892 
0.237285 
0.236678 
0.236071 
0.235463 
0.234855 
0.234247 
0.233639 
0.23303 
0.232421 
0.231811 
0.231202 
0.230592 
0.229981 
0.229371 
0.22876 
0.228148 
0.227537 
0.226925 
0.226313 
0.2257 
0.225088 
0.224474 
0.223861 
0.223247 
0.222633 
0.222019 
0.221405 
0.22079 
0.220175 
0.219559 
0.218943 
0.218327 
0.217711 
0.217094 
0.216478 
0.21586 
0.215243 
0.214625 
0.214007 
0.213389 
0.21277 
0.212151 
0.211532 
0.210913 
0.210293 
0.209673 
0.209053 
0.208432 
0.207811 
0.20719 
0.206569 
0.205947 
0.205325 
0.204703 
0.20408 
0.203457 
0.202834 
0.202211 
0.201587 
0.200964 
0.200339 
0.199715 
0.19909 
0.198466 
0.19784 
0.197215 
0.196589 
0.195963 
0.195337 
0.19471 
0.194084 
0.193457 
0.192829 
0.192202 
0.191574 
0.190946 
0.190318 
0.189689 
0.18906 
0.188431 
0.187802 
0.187173 
0.186543 
0.185913 
0.185282 
0.184652 
0.184021 
0.18339 
0.182759 
0.182127 
0.181496 
0.180864 
0.180231 
0.179599 
0.178966 
0.178333 
0.1777 
0.177067 
0.176433 
0.175799 
0.175165 
0.17453 
0.173896 
0.173261 
0.172626 
0.171991 
0.171355 
0.170719 
0.170083 
0.169447 
0.168811 
0.168174 
0.167537 
0.1669 
0.166263 
0.165625 
0.164987 
0.164349 
0.163711 
0.163073 
0.162434 
0.161795 
0.161156 
0.160517 
0.159877 
0.159238 
0.158598 
0.157958 
0.157317 
0.156677 
0.156036 
0.155395 
0.154754 
0.154112 
0.153471 
0.152829 
0.152187 
0.151545 
0.150902 
0.15026 
0.149617 
0.148974 
0.148331 
0.147687 
0.147044 
0.1464 
0.145756 
0.145112 
0.144467 
0.143823 
0.143178 
0.142533 
0.141888 
0.141243 
0.140597 
0.139952 
0.139306 
0.13866 
0.138013 
0.137367 
0.13672 
0.136073 
0.135426 
0.134779 
0.134132 
0.133484 
0.132837 
0.132189 
0.131541 
0.130892 
0.130244 
0.129595 
0.128947 
0.128298 
0.127649 
0.126999 
0.12635 
0.1257 
0.125051 
0.124401 
0.123751 
0.1231 
0.12245 
0.121799 
0.121149 
0.120498 
0.119847 
0.119195 
0.118544 
0.117892 
0.117241 
0.116589 
0.115937 
0.115285 
0.114632 
0.11398 
0.113327 
0.112674 
0.112021 
0.111368 
0.110715 
0.110062 
0.109408 
0.108754 
0.108101 
0.107447 
0.106793 
0.106138 
0.105484 
0.104829 
0.104175 
0.10352 
0.102865 
0.10221 
0.101555 
0.100899 
0.100244 
0.0995883 
0.0989325 
0.0982766 
0.0976206 
0.0969645 
0.0963082 
0.0956518 
0.0949953 
0.0943386 
0.0936818 
0.0930249 
0.0923679 
0.0917107 
0.0910534 
0.090396 
0.0897385 
0.0890809 
0.0884231 
0.0877653 
0.0871073 
0.0864492 
0.0857909 
0.0851326 
0.0844742 
0.0838156 
0.0831569 
0.0824981 
0.0818392 
0.0811802 
0.0805211 
0.0798619 
0.0792026 
0.0785431 
0.0778836 
0.077224 
0.0765642 
0.0759044 
0.0752444 
0.0745844 
0.0739243 
0.073264 
0.0726037 
0.0719432 
0.0712827 
0.0706221 
0.0699614 
0.0693005 
0.0686396 
0.0679786 
0.0673176 
0.0666564 
0.0659951 
0.0653338 
0.0646723 
0.0640108 
0.0633492 
0.0626875 
0.0620257 
0.0613638 
0.0607019 
0.0600399 
0.0593778 
0.0587156 
0.0580533 
0.057391 
0.0567286 
0.0560661 
0.0554035 
0.0547409 
0.0540781 
0.0534154 
0.0527525 
0.0520896 
0.0514266 
0.0507635 
0.0501004 
0.0494372 
0.0487739 
0.0481106 
0.0474472 
0.0467837 
0.0461202 
0.0454566 
0.044793 
0.0441293 
0.0434655 
0.0428017 
0.0421378 
0.0414739 
0.0408099 
0.0401459 
0.0394818 
0.0388176 
0.0381534 
0.0374892 
0.0368249 
0.0361606 
0.0354962 
0.0348317 
0.0341672 
0.0335027 
0.0328381 
0.0321735 
0.0315088 
0.0308441 
0.0301794 
0.0295146 
0.0288497 
0.0281849 
0.02752 
0.026855 
0.0261901 
0.025525 
0.02486 
0.0241949 
0.0235298 
0.0228647 
0.0221995 
0.0215343 
0.0208691 
0.0202038 
0.0195385 
0.0188732 
0.0182079 
0.0175425 
0.0168771 
0.0162117 
0.0155463 
0.0148808 
0.0142154 
0.0135499 
0.0128844 
0.0122189 
0.0115533 
0.0108878 
0.0102222 
0.00955662 
0.00889102 
0.00822541 
0.00755979 
0.00689417 
0.00622853 
0.00556288 
0.00489723 
0.00423157 
0.00356591 
0.00290024 
0.00223456 
0.00156888 
0.000903206 
0.000237526 
-0.000428155 
-0.00109383 
-0.00175951 
-0.00242519 
-0.00309086 
-0.00375653 
-0.00442219 
-0.00508785 
-0.0057535 
-0.00641915 
-0.00708478 
-0.00775041 
-0.00841602 
-0.00908163 
-0.00974722 
-0.0104128 
-0.0110784 
-0.0117439 
-0.0124094 
-0.013075 
-0.0137405 
-0.0144059 
-0.0150714 
-0.0157369 
-0.0164023 
-0.0170677 
-0.0177331 
-0.0183984 
-0.0190637 
-0.019729 
-0.0203943 
-0.0210596 
-0.0217248 
-0.02239 
-0.0230551 
-0.0237203 
-0.0243854 
-0.0250505 
-0.0257155 
-0.0263805 
-0.0270455 
-0.0277104 
-0.0283753 
-0.0290401 
-0.029705 
-0.0303697 
-0.0310345 
-0.0316992 
-0.0323638 
-0.0330284 
-0.033693 
-0.0343575 
-0.035022 
-0.0356864 
-0.0363508 
-0.0370151 
-0.0376794 
-0.0383437 
-0.0390078 
-0.039672 
-0.040336 
-0.0410001 
-0.041664 
-0.042328 
-0.0429918 
-0.0436556 
-0.0443194 
-0.044983 
-0.0456467 
-0.0463102 
-0.0469737 
-0.0476372 
-0.0483005 
-0.0489639 
-0.0496271 
-0.0502903 
-0.0509534 
-0.0516164 
-0.0522794 
-0.0529423 
-0.0536052 
-0.0542679 
-0.0549306 
-0.0555932 
-0.0562558 
-0.0569183 
-0.0575806 
-0.058243 
-0.0589052 
-0.0595674 
-0.0602295 
-0.0608915 
-0.0615534 
-0.0622152 
-0.062877 
-0.0635386 
-0.0642002 
-0.0648617 
-0.0655232 
-0.0661845 
-0.0668457 
-0.0675069 
-0.0681679 
-0.0688289 
-0.0694898 
-0.0701506 
-0.0708113 
-0.0714719 
-0.0721324 
-0.0727928 
-0.0734531 
-0.0741133 
-0.0747734 
-0.0754334 
-0.0760934 
-0.0767532 
-0.0774129 
-0.0780725 
-0.078732 
-0.0793914 
-0.0800507 
-0.0807099 
-0.081369 
-0.0820279 
-0.0826868 
-0.0833455 
-0.0840042 
-0.0846627 
-0.0853211 
-0.0859794 
-0.0866376 
-0.0872957 
-0.0879537 
-0.0886115 
-0.0892692 
-0.0899268 
-0.0905843 
-0.0912417 
-0.0918989 
-0.092556 
-0.093213 
-0.0938699 
-0.0945267 
-0.0951833 
-0.0958398 
-0.0964961 
-0.0971524 
-0.0978085 
-0.0984645 
-0.0991203 
-0.099776 
-0.100432 
-0.101087 
-0.101742 
-0.102398 
-0.103053 
-0.103708 
-0.104362 
-0.105017 
-0.105671 
-0.106326 
-0.10698 
-0.107634 
-0.108288 
-0.108942 
-0.109595 
-0.110249 
-0.110902 
-0.111555 
-0.112208 
-0.112861 
-0.113514 
-0.114167 
-0.114819 
-0.115471 
-0.116123 
-0.116775 
-0.117427 
-0.118079 
-0.11873 
-0.119382 
-0.120033 
-0.120684 
-0.121335 
-0.121986 
-0.122636 
-0.123287 
-0.123937 
-0.124587 
-0.125237 
-0.125886 
-0.126536 
-0.127185 
-0.127835 
-0.128484 
-0.129133 
-0.129781 
-0.13043 
-0.131078 
-0.131726 
-0.132374 
-0.133022 
-0.13367 
-0.134317 
-0.134965 
-0.135612 
-0.136259 
-0.136905 
-0.137552 
-0.138198 
-0.138845 
-0.139491 
-0.140136 
-0.140782 
-0.141428 
-0.142073 
-0.142718 
-0.143363 
-0.144008 
-0.144652 
-0.145296 
-0.14594 
-0.146584 
-0.147228 
-0.147872 
-0.148515 
-0.149158 
-0.149801 
-0.150444 
-0.151086 
-0.151729 
-0.152371 
-0.153013 
-0.153655 
-0.154296 
-0.154937 
-0.155579 
-0.156219 
-0.15686 
-0.157501 
-0.158141 
-0.158781 
-0.159421 
-0.160061 
-0.1607 
-0.161339 
-0.161978 
-0.162617 
-0.163256 
-0.163894 
-0.164532 
-0.16517 
-0.165808 
-0.166445 
-0.167083 
-0.16772 
-0.168356 
-0.168993 
-0.169629 
-0.170265 
-0.170901 
-0.171537 
-0.172173 
-0.172808 
-0.173443 
-0.174078 
-0.174712 
-0.175346 
-0.17598 
-0.176614 
-0.177248 
-0.177881 
-0.178514 
-0.179147 
-0.17978 
-0.180412 
-0.181045 
-0.181676 
-0.182308 
-0.18294 
-0.183571 
-0.184202 
-0.184833 
-0.185463 
-0.186093 
-0.186723 
-0.187353 
-0.187982 
-0.188612 
-0.189241 
-0.189869 
-0.190498 
-0.191126 
-0.191754 
-0.192382 
-0.193009 
-0.193636 
-0.194263 
-0.19489 
-0.195516 
-0.196142 
-0.196768 
-0.197394 
-0.198019 
-0.198645 
-0.199269 
-0.199894 
-0.200518 
-0.201142 
-0.201766 
-0.20239 
-0.203013 
-0.203636 
-0.204258 
-0.204881 
-0.205503 
-0.206125 
-0.206747 
-0.207368 
-0.207989 
-0.20861 
-0.20923 
-0.20985 
-0.21047 
-0.21109 
-0.211709 
-0.212329 
-0.212947 
-0.213566 
-0.214184 
-0.214802 
-0.21542 
-0.216037 
-0.216654 
-0.217271 
-0.217888 
-0.218504 
-0.21912 
-0.219735 
-0.220351 
-0.220966 
-0.221581 
-0.222195 
-0.222809 
-0.223423 
-0.224037 
-0.22465 
-0.225263 
-0.225876 
-0.226488 
-0.2271 
-0.227712 
-0.228323 
-0.228935 
-0.229546 
-0.230156 
-0.230766 
-0.231376 
-0.231986 
-0.232595 
-0.233204 
-0.233813 
-0.234421 
-0.23503 
-0.235637 
-0.236245 
-0.236852 
-0.237459 
-0.238065 
-0.238671 
-0.239277 
-0.239883 
-0.240488 
-0.241093 
-0.241698 
-0.242302 
-0.242906 
-0.24351 
-0.244113 
-0.244716 
-0.245319 
-0.245921 
-0.246523 
-0.247125 
-0.247726 
-0.248327 
-0.248928 
-0.249528 
-0.250128 
-0.250728 
-0.251327 
-0.251926 
-0.252525 
-0.253123 
-0.253721 
-0.254319 
-0.254916 
-0.255513 
-0.25611 
-0.256706 
-0.257302 
-0.257898 
-0.258493 
-0.259088 
-0.259683 
-0.260277 
-0.260871 
-0.261464 
-0.262058 
-0.262651 
-0.263243 
-0.263835 
-0.264427 
-0.265018 
-0.26561 
-0.2662 
-0.266791 
-0.267381 
-0.267971 
-0.26856 
-0.269149 
-0.269737 
-0.270326 
-0.270914 
-0.271501 
-0.272088 
-0.272675 
-0.273262 
-0.273848 
-0.274433 
-0.275019 
-0.275604 
-0.276188 
-0.276773 
-0.277357 
-0.27794 
-0.278523 
-0.279106 
-0.279688 
-0.28027 
-0.280852 
-0.281433 
-0.282014 
-0.282595 
-0.283175 
-0.283755 
-0.284334 
-0.284913 
-0.285492 
-0.28607 
-0.286648 
-0.287226 
-0.287803 
-0.288379 
-0.288956 
-0.289532 
-0.290107 
-0.290683 
-0.291257 
-0.291832 
-0.292406 
-0.292979 
-0.293553 
-0.294126 
-0.294698 
-0.29527 
-0.295842 
-0.296413 
-0.296984 
-0.297555 
-0.298125 
-0.298694 
-0.299264 
-0.299833 
-0.300401 
-0.300969 
-0.301537 
-0.302104 
-0.302671 
-0.303238 
-0.303804 
-0.30437 
-0.304935 
-0.3055 
-0.306064 
-0.306628 
-0.307192 
-0.307755 
-0.308318 
-0.308881 
-0.309443 
-0.310004 
-0.310565 
-0.311126 
-0.311687 
-0.312247 
-0.312806 
-0.313365 
-0.313924 
-0.314482 
-0.31504 
-0.315598 
-0.316155 
-0.316711 
-0.317267 
-0.317823 
-0.318379 
-0.318933 
-0.319488 
-0.320042 
-0.320596 
-0.321149 
-0.321702 
-0.322254 
-0.322806 
-0.323357 
-0.323909 
-0.324459 
-0.325009 
-0.325559 
-0.326109 
-0.326657 
-0.327206 
-0.327754 
-0.328302 
-0.328849 
-0.329395 
-0.329942 
-0.330488 
-0.331033 
-0.331578 
-0.332123 
-0.332667 
-0.33321 
-0.333754 
-0.334296 
-0.334839 
-0.33538 
-0.335922 
-0.336463 
-0.337003 
-0.337543 
-0.338083 
-0.338622 
-0.339161 
-0.339699 
-0.340237 
-0.340774 
-0.341311 
-0.341848 
-0.342384 
-0.342919 
-0.343454 
-0.343989 
-0.344523 
-0.345057 
-0.34559 
-0.346123 
-0.346655 
-0.347187 
-0.347719 
-0.34825 
-0.34878 
-0.34931 
-0.34984 
-0.350369 
-0.350897 
-0.351426 
-0.351953 
-0.352481 
-0.353007 
-0.353534 
-0.354059 
-0.354585 
-0.35511 
-0.355634 
-0.356158 
-0.356681 
-0.357204 
-0.357727 
-0.358249 
-0.35877 
-0.359292 
-0.359812 
-0.360332 
-0.360852 
-0.361371 
-0.36189 
-0.362408 
-0.362926 
-0.363443 
-0.36396 
-0.364476 
-0.364992 
-0.365507 
-0.366022 
-0.366536 
-0.36705 
-0.367563 
-0.368076 
-0.368588 
-0.3691 
-0.369612 
-0.370122 
-0.370633 
-0.371143 
-0.371652 
-0.372161 
-0.372669 
-0.373177 
-0.373685 
-0.374192 
-0.374698 
-0.375204 
-0.375709 
-0.376214 
-0.376719 
-0.377223 
-0.377726 
-0.378229 
-0.378731 
-0.379233 
-0.379735 
-0.380236 
-0.380736 
-0.381236 
-0.381735 
-0.382234 
-0.382733 
-0.38323 
-0.383728 
-0.384225 
-0.384721 
-0.385217 
-0.385712 
-0.386207 
-0.386701 
-0.387195 
-0.387688 
-0.388181 
-0.388673 
-0.389165 
-0.389656 
-0.390146 
-0.390636 
-0.391126 
-0.391615 
-0.392104 
-0.392592 
-0.393079 
-0.393566 
-0.394053 
-0.394539 
-0.395024 
-0.395509 
-0.395993 
-0.396477 
-0.396961 
-0.397443 
-0.397926 
-0.398407 
-0.398889 
-0.399369 
-0.399849 
-0.400329 
-0.400808 
-0.401287 
-0.401765 
-0.402242 
-0.402719 
-0.403195 
-0.403671 
-0.404147 
-0.404621 
-0.405096 
-0.405569 
-0.406042 
-0.406515 
-0.406987 
-0.407459 
-0.40793 
-0.4084 
-0.40887 
-0.409339 
-0.409808 
-0.410276 
-0.410744 
-0.411211 
-0.411678 
-0.412144 
-0.41261 
-0.413075 
-0.413539 
-0.414003 
-0.414466 
-0.414929 
-0.415391 
-0.415853 
-0.416314 
-0.416775 
-0.417235 
-0.417694 
-0.418153 
-0.418611 
-0.419069 
-0.419526 
-0.419983 
-0.420439 
-0.420895 
-0.42135 
-0.421804 
-0.422258 
-0.422711 
-0.423164 
-0.423616 
-0.424068 
-0.424519 
-0.42497 
-0.425419 
-0.425869 
-0.426318 
-0.426766 
-0.427213 
-0.427661 
-0.428107 
-0.428553 
-0.428998 
-0.429443 
-0.429887 
-0.430331 
-0.430774 
-0.431217 
-0.431659 
-0.4321 
-0.432541 
-0.432981 
-0.433421 
-0.43386 
-0.434298 
-0.434736 
-0.435173 
-0.43561 
-0.436046 
-0.436482 
-0.436917 
-0.437351 
-0.437785 
-0.438219 
-0.438651 
-0.439083 
-0.439515 
-0.439946 
-0.440376 
-0.440806 
-0.441235 
-0.441664 
-0.442092 
-0.442519 
-0.442946 
-0.443372 
-0.443798 
-0.444223 
-0.444647 
-0.445071 
-0.445494 
-0.445917 
-0.446339 
-0.44676 
-0.447181 
-0.447602 
-0.448021 
-0.44844 
-0.448859 
-0.449277 
-0.449694 
-0.450111 
-0.450527 
-0.450942 
-0.451357 
-0.451772 
-0.452185 
-0.452598 
-0.453011 
-0.453423 
-0.453834 
-0.454245 
-0.454655 
-0.455064 
-0.455473 
-0.455882 
-0.456289 
-0.456696 
-0.457103 
-0.457509 
-0.457914 
-0.458318 
-0.458722 
-0.459126 
-0.459529 
-0.459931 
-0.460332 
-0.460733 
-0.461134 
-0.461533 
-0.461933 
-0.462331 
-0.462729 
-0.463126 
-0.463523 
-0.463919 
-0.464314 
-0.464709 
-0.465103 
-0.465497 
-0.46589 
-0.466282 
-0.466674 
-0.467065 
-0.467455 
-0.467845 
-0.468234 
-0.468623 
-0.469011 
-0.469398 
-0.469785 
-0.470171 
-0.470556 
-0.470941 
-0.471325 
-0.471709 
-0.472092 
-0.472474 
-0.472856 
-0.473237 
-0.473617 
-0.473997 
-0.474376 
-0.474755 
-0.475133 
-0.47551 
-0.475887 
-0.476263 
-0.476638 
-0.477013 
-0.477387 
-0.47776 
-0.478133 
-0.478505 
-0.478877 
-0.479248 
-0.479618 
-0.479988 
-0.480357 
-0.480725 
-0.481093 
-0.48146 
-0.481827 
-0.482192 
-0.482557 
-0.482922 
-0.483286 
-0.483649 
-0.484012 
-0.484374 
-0.484735 
-0.485096 
-0.485456 
-0.485815 
-0.486174 
-0.486532 
-0.486889 
-0.487246 
-0.487602 
-0.487958 
-0.488312 
-0.488667 
-0.48902 
-0.489373 
-0.489725 
-0.490077 
-0.490428 
-0.490778 
-0.491127 
-0.491476 
-0.491825 
-0.492172 
-0.492519 
-0.492866 
-0.493211 
-0.493556 
-0.493901 
-0.494244 
-0.494588 
-0.49493 
-0.495272 
-0.495613 
-0.495953 
-0.496293 
-0.496632 
-0.49697 
-0.497308 
-0.497645 
-0.497982 
-0.498318 
-0.498653 
-0.498987 
-0.499321 
-0.499654 
-0.499986 
-0.500318 
-0.500649 
-0.50098 
-0.50131 
-0.501639 
-0.501967 
-0.502295 
-0.502622 
-0.502949 
-0.503274 
-0.503599 
-0.503924 
-0.504248 
-0.504571 
-0.504893 
-0.505215 
-0.505536 
-0.505856 
-0.506176 
-0.506495 
-0.506814 
-0.507131 
-0.507448 
-0.507765 
-0.50808 
-0.508395 
-0.50871 
-0.509023 
-0.509336 
-0.509649 
-0.50996 
-0.510271 
-0.510582 
-0.510891 
-0.5112 
-0.511508 
-0.511816 
-0.512123 
-0.512429 
-0.512734 
-0.513039 
-0.513343 
-0.513647 
-0.51395 
-0.514252 
-0.514553 
-0.514854 
-0.515154 
-0.515453 
-0.515752 
-0.51605 
-0.516347 
-0.516644 
-0.516939 
-0.517235 
-0.517529 
-0.517823 
-0.518116 
-0.518409 
-0.5187 
-0.518992 
-0.519282 
-0.519572 
-0.519861 
-0.520149 
-0.520437 
-0.520723 
-0.52101 
-0.521295 
-0.52158 
-0.521864 
-0.522148 
-0.52243 
-0.522713 
-0.522994 
-0.523275 
-0.523555 
-0.523834 
-0.524112 
-0.52439 
-0.524667 
-0.524944 
-0.52522 
-0.525495 
-0.525769 
-0.526043 
-0.526316 
-0.526588 
-0.52686 
-0.527131 
-0.527401 
-0.52767 
-0.527939 
-0.528207 
-0.528475 
-0.528741 
-0.529007 
-0.529272 
-0.529537 
-0.529801 
-0.530064 
-0.530326 
-0.530588 
-0.530849 
-0.53111 
-0.531369 
-0.531628 
-0.531886 
-0.532144 
-0.532401 
-0.532657 
-0.532912 
-0.533167 
-0.533421 
-0.533674 
-0.533926 
-0.534178 
-0.534429 
-0.53468 
-0.534929 
-0.535178 
-0.535427 
-0.535674 
-0.535921 
-0.536167 
-0.536412 
-0.536657 
-0.536901 
-0.537144 
-0.537387 
-0.537629 
-0.53787 
-0.53811 
-0.53835 
-0.538589 
-0.538827 
-0.539065 
-0.539301 
-0.539538 
-0.539773 
-0.540008 
-0.540242 
-0.540475 
-0.540707 
-0.540939 
-0.54117 
-0.5414 
-0.54163 
-0.541859 
-0.542087 
-0.542315 
-0.542541 
-0.542767 
-0.542993 
-0.543217 
-0.543441 
-0.543664 
-0.543886 
-0.544108 
-0.544329 
-0.544549 
-0.544769 
-0.544988 
-0.545206 
-0.545423 
-0.54564 
-0.545855 
-0.546071 
-0.546285 
-0.546499 
-0.546712 
-0.546924 
-0.547135 
-0.547346 
-0.547556 
-0.547765 
-0.547974 
-0.548182 
-0.548389 
-0.548595 
-0.548801 
-0.549006 
-0.54921 
-0.549414 
-0.549616 
-0.549818 
-0.55002 
-0.55022 
-0.55042 
-0.550619 
-0.550817 
-0.551015 
-0.551212 
-0.551408 
-0.551604 
-0.551798 
-0.551992 
-0.552185 
-0.552378 
-0.55257 
-0.552761 
-0.552951 
-0.55314 
-0.553329 
-0.553517 
-0.553705 
-0.553891 
-0.554077 
-0.554262 
-0.554446 
-0.55463 
-0.554813 
-0.554995 
-0.555177 
-0.555357 
-0.555537 
-0.555716 
-0.555895 
-0.556072 
-0.556249 
-0.556426 
-0.556601 
-0.556776 
-0.55695 
-0.557123 
-0.557296 
-0.557468 
-0.557639 
-0.557809 
-0.557978 
-0.558147 
-0.558315 
-0.558483 
-0.558649 
-0.558815 
-0.55898 
-0.559145 
-0.559308 
-0.559471 
-0.559633 
-0.559795 
-0.559955 
-0.560115 
-0.560274 
-0.560433 
-0.56059 
-0.560747 
-0.560903 
-0.561059 
-0.561213 
-0.561367 
-0.56152 
-0.561673 
-0.561825 
-0.561975 
-0.562126 
-0.562275 
-0.562424 
-0.562572 
-0.562719 
-0.562865 
-0.563011 
-0.563156 
-0.5633 
-0.563443 
-0.563586 
-0.563728 
-0.563869 
-0.56401 
-0.564149 
-0.564288 
-0.564426 
-0.564564 
-0.564701 
-0.564837 
-0.564972 
-0.565106 
-0.56524 
-0.565373 
-0.565505 
-0.565636 
-0.565767 
-0.565897 
-0.566026 
-0.566154 
-0.566282 
-0.566409 
-0.566535 
-0.56666 
-0.566785 
-0.566909 
-0.567032 
-0.567154 
-0.567276 
-0.567397 
-0.567517 
-0.567636 
-0.567755 
-0.567873 
-0.56799 
-0.568106 
-0.568222 
-0.568336 
-0.56845 
-0.568564 
-0.568676 
-0.568788 
-0.568899 
-0.569009 
-0.569119 
-0.569228 
-0.569336 
-0.569443 
-0.569549 
-0.569655 
-0.56976 
-0.569864 
-0.569968 
-0.57007 
-0.570172 
-0.570273 
-0.570374 
-0.570473 
-0.570572 
-0.57067 
-0.570768 
-0.570864 
-0.57096 
-0.571055 
-0.57115 
-0.571243 
-0.571336 
-0.571428 
-0.571519 
-0.57161 
-0.571699 
-0.571788 
-0.571877 
-0.571964 
-0.572051 
-0.572137 
-0.572222 
-0.572306 
-0.57239 
-0.572473 
-0.572555 
-0.572637 
-0.572717 
-0.572797 
-0.572876 
-0.572954 
-0.573032 
-0.573109 
-0.573185 
-0.57326 
-0.573335 
-0.573408 
-0.573481 
-0.573554 
-0.573625 
-0.573696 
-0.573766 
-0.573835 
-0.573903 
-0.573971 
-0.574038 
-0.574104 
-0.574169 
-0.574234 
-0.574298 
-0.574361 
-0.574423 
-0.574484 
-0.574545 
-0.574605 
-0.574664 
-0.574723 
-0.574781 
-0.574838 
-0.574894 
-0.574949 
-0.575004 
-0.575058 
-0.575111 
-0.575163 
-0.575215 
-0.575265 
-0.575315 
-0.575365 
-0.575413 
-0.575461 
-0.575508 
-0.575554 
-0.5756 
-0.575644 
-0.575688 
-0.575731 
-0.575774 
-0.575815 
-0.575856 
-0.575896 
-0.575936 
-0.575974 
-0.576012 
-0.576049 
-0.576085 
-0.576121 
-0.576155 
-0.576189 
-0.576223 
-0.576255 
-0.576287 
-0.576317 
-0.576348 
-0.576377 
-0.576406 
-0.576433 
-0.57646 
-0.576487 
-0.576512 
-0.576537 
-0.576561 
-0.576584 
-0.576606 
-0.576628 
-0.576649 
-0.576669 
-0.576689 
-0.576707 
-0.576725 
-0.576742 
-0.576758 
-0.576774 
-0.576789 
-0.576803 
-0.576816 
-0.576828 
-0.57684 
-0.576851 
-0.576861 
-0.57687 
-0.576879 
-0.576887 
-0.576894 
-0.5769 
-0.576906 
-0.576911 
-0.576915 
-0.576918 
-0.57692 
-0.576922 
-0.576923 
-0.576923 
-0.576922 
-0.576921 
-0.576919 
-0.576916 
-0.576912 
-0.576908 
-0.576903 
-0.576897 
-0.57689 
-0.576882 
-0.576874 
-0.576865 
-0.576855 
-0.576845 
-0.576833 
-0.576821 
-0.576808 
-0.576795 
-0.57678 
-0.576765 
-0.576749 
-0.576732 
-0.576715 
-0.576697 
-0.576678 
-0.576658 
-0.576637 
-0.576616 
-0.576594 
-0.576571 
-0.576547 
-0.576523 
-0.576498 
-0.576472 
-0.576445 
-0.576417 
-0.576389 
-0.57636 
-0.57633 
-0.5763 
-0.576269 
-0.576236 
-0.576204 
-0.57617 
-0.576136 
-0.5761 
-0.576065 
-0.576028 
-0.57599 
-0.575952 
-0.575913 
-0.575873 
-0.575833 
-0.575792 
-0.57575 
-0.575707 
-0.575663 
-0.575619 
-0.575574 
-0.575528 
-0.575481 
-0.575434 
-0.575386 
-0.575337 
-0.575287 
-0.575236 
-0.575185 
-0.575133 
-0.57508 
-0.575027 
-0.574973 
-0.574917 
-0.574862 
-0.574805 
-0.574748 
-0.57469 
-0.574631 
-0.574571 
-0.574511 
-0.574449 
-0.574387 
-0.574325 
-0.574261 
-0.574197 
-0.574132 
-0.574066 
-0.574 
-0.573932 
-0.573864 
-0.573795 
-0.573726 
-0.573655 
-0.573584 
-0.573512 
-0.57344 
-0.573366 
-0.573292 
-0.573217 
-0.573141 
-0.573065 
-0.572988 
-0.57291 
-0.572831 
-0.572751 
-0.572671 
-0.57259 
-0.572508 
-0.572426 
-0.572342 
-0.572258 
-0.572173 
-0.572088 
-0.572001 
-0.571914 
-0.571826 
-0.571738 
-0.571648 
-0.571558 
-0.571467 
-0.571375 
-0.571283 
-0.57119 
-0.571096 
-0.571001 
-0.570905 
-0.570809 
-0.570712 
-0.570614 
-0.570516 
-0.570416 
-0.570316 
-0.570215 
-0.570114 
-0.570011 
-0.569908 
-0.569804 
-0.5697 
-0.569594 
-0.569488 
-0.569381 
-0.569274 
-0.569165 
-0.569056 
-0.568946 
-0.568836 
-0.568724 
-0.568612 
-0.568499 
-0.568385 
-0.568271 
-0.568155 
-0.568039 
-0.567923 
-0.567805 
-0.567687 
-0.567568 
-0.567448 
-0.567328 
-0.567206 
-0.567084 
-0.566962 
-0.566838 
-0.566714 
-0.566589 
-0.566463 
-0.566336 
-0.566209 
-0.566081 
-0.565952 
-0.565822 
-0.565692 
-0.565561 
-0.565429 
-0.565297 
-0.565163 
-0.565029 
-0.564894 
-0.564759 
-0.564622 
-0.564485 
-0.564347 
-0.564209 
-0.564069 
-0.563929 
-0.563789 
-0.563647 
-0.563505 
-0.563361 
-0.563218 
-0.563073 
-0.562928 
-0.562781 
-0.562635 
-0.562487 
-0.562339 
-0.56219 
-0.56204 
-0.561889 
-0.561738 
-0.561586 
-0.561433 
-0.561279 
-0.561125 
-0.56097 
-0.560814 
-0.560657 
-0.5605 
-0.560342 
-0.560183 
-0.560024 
-0.559863 
-0.559702 
-0.55954 
-0.559378 
-0.559215 
-0.559051 
-0.558886 
-0.55872 
-0.558554 
-0.558387 
-0.558219 
-0.558051 
-0.557881 
-0.557711 
-0.557541 
-0.557369 
-0.557197 
-0.557024 
-0.55685 
-0.556676 
-0.556501 
-0.556325 
-0.556148 
-0.555971 
-0.555793 
-0.555614 
-0.555434 
-0.555254 
-0.555073 
-0.554891 
-0.554708 
-0.554525 
-0.554341 
-0.554156 
-0.553971 
-0.553784 
-0.553597 
-0.55341 
-0.553221 
-0.553032 
-0.552842 
-0.552651 
-0.55246 
-0.552268 
-0.552075 
-0.551881 
-0.551687 
-0.551492 
-0.551296 
-0.551099 
-0.550902 
-0.550704 
-0.550505 
-0.550306 
-0.550105 
-0.549905 
-0.549703 
-0.5495 
-0.549297 
-0.549093 
-0.548889 
-0.548683 
-0.548477 
-0.54827 
-0.548063 
-0.547855 
-0.547646 
-0.547436 
-0.547225 
-0.547014 
-0.546802 
-0.54659 
-0.546376 
-0.546162 
-0.545947 
-0.545732 
-0.545516 
-0.545299 
-0.545081 
-0.544862 
-0.544643 
-0.544423 
-0.544203 
-0.543981 
-0.543759 
-0.543536 
-0.543313 
-0.543089 
-0.542864 
-0.542638 
-0.542412 
-0.542184 
-0.541957 
-0.541728 
-0.541499 
-0.541269 
-0.541038 
-0.540806 
-0.540574 
-0.540341 
-0.540108 
-0.539873 
-0.539638 
-0.539402 
-0.539166 
-0.538929 
-0.538691 
-0.538452 
-0.538213 
-0.537973 
-0.537732 
-0.53749 
-0.537248 
-0.537005 
-0.536761 
-0.536517 
-0.536272 
-0.536026 
-0.53578 
-0.535532 
-0.535284 
-0.535036 
-0.534786 
-0.534536 
-0.534286 
-0.534034 
-0.533782 
-0.533529 
-0.533275 
-0.533021 
-0.532766 
-0.53251 
-0.532254 
-0.531996 
-0.531738 
-0.53148 
-0.531221 
-0.530961 
-0.5307 
-0.530438 
-0.530176 
-0.529913 
-0.52965 
-0.529386 
-0.529121 
-0.528855 
-0.528589 
-0.528322 
-0.528054 
-0.527785 
-0.527516 
-0.527246 
-0.526976 
-0.526704 
-0.526432 
-0.52616 
-0.525886 
-0.525612 
-0.525337 
-0.525062 
-0.524786 
-0.524509 
-0.524231 
-0.523953 
-0.523674 
-0.523394 
-0.523114 
-0.522833 
-0.522551 
-0.522269 
-0.521985 
-0.521702 
-0.521417 
-0.521132 
-0.520846 
-0.520559 
-0.520272 
-0.519984 
-0.519695 
-0.519406 
-0.519116 
-0.518825 
-0.518533 
-0.518241 
-0.517948 
-0.517655 
-0.517361 
-0.517066 
-0.51677 
-0.516474 
-0.516177 
-0.515879 
-0.515581 
-0.515282 
-0.514982 
-0.514682 
-0.51438 
-0.514079 
-0.513776 
-0.513473 
-0.513169 
-0.512865 
-0.512559 
-0.512254 
-0.511947 
-0.51164 
-0.511332 
-0.511023 
-0.510714 
-0.510404 
-0.510093 
-0.509782 
-0.50947 
-0.509157 
-0.508844 
-0.50853 
-0.508215 
-0.5079 
-0.507584 
-0.507267 
-0.506949 
-0.506631 
-0.506313 
-0.505993 
-0.505673 
-0.505352 
-0.505031 
-0.504709 
-0.504386 
-0.504062 
-0.503738 
-0.503413 
-0.503088 
-0.502762 
-0.502435 
-0.502107 
-0.501779 
-0.50145 
-0.501121 
-0.500791 
-0.50046 
-0.500128 
-0.499796 
-0.499463 
-0.49913 
-0.498796 
-0.498461 
-0.498125 
-0.497789 
-0.497452 
-0.497115 
-0.496777 
-0.496438 
-0.496098 
-0.495758 
-0.495417 
-0.495076 
-0.494734 
-0.494391 
-0.494048 
-0.493704 
-0.493359 
-0.493013 
-0.492667 
-0.492321 
-0.491973 
-0.491625 
-0.491277 
-0.490927 
-0.490577 
-0.490227 
-0.489875 
-0.489523 
-0.489171 
-0.488818 
-0.488464 
-0.488109 
-0.487754 
-0.487398 
-0.487042 
-0.486685 
-0.486327 
-0.485968 
-0.485609 
-0.485249 
-0.484889 
-0.484528 
-0.484166 
-0.483804 
-0.483441 
-0.483078 
-0.482713 
-0.482348 
-0.481983 
-0.481617 
-0.48125 
-0.480882 
-0.480514 
-0.480146 
-0.479776 
-0.479406 
-0.479036 
-0.478664 
-0.478292 
-0.47792 
-0.477547 
-0.477173 
-0.476798 
-0.476423 
-0.476047 
-0.475671 
-0.475294 
-0.474916 
-0.474538 
-0.474159 
-0.47378 
-0.4734 
-0.473019 
-0.472637 
-0.472255 
-0.471873 
-0.471489 
-0.471105 
-0.470721 
-0.470336 
-0.46995 
-0.469563 
-0.469176 
-0.468789 
-0.4684 
-0.468011 
-0.467622 
-0.467232 
-0.466841 
-0.466449 
-0.466057 
-0.465665 
-0.465271 
-0.464878 
-0.464483 
-0.464088 
-0.463692 
-0.463296 
-0.462899 
-0.462501 
-0.462103 
-0.461704 
-0.461305 
-0.460904 
-0.460504 
-0.460102 
-0.459701 
-0.459298 
-0.458895 
-0.458491 
-0.458087 
-0.457682 
-0.457276 
-0.45687 
-0.456463 
-0.456056 
-0.455648 
-0.455239 
-0.45483 
-0.45442 
-0.45401 
-0.453599 
-0.453187 
-0.452775 
-0.452362 
-0.451949 
-0.451534 
-0.45112 
-0.450705 
-0.450289 
-0.449872 
-0.449455 
-0.449038 
-0.448619 
-0.4482 
-0.447781 
-0.447361 
-0.44694 
-0.446519 
-0.446097 
-0.445675 
-0.445252 
-0.444828 
-0.444404 
-0.443979 
-0.443554 
-0.443128 
-0.442701 
-0.442274 
-0.441846 
-0.441418 
-0.440989 
-0.44056 
-0.44013 
-0.439699 
-0.439268 
-0.438836 
-0.438403 
-0.43797 
-0.437537 
-0.437103 
-0.436668 
-0.436233 
-0.435797 
-0.43536 
-0.434923 
-0.434485 
-0.434047 
-0.433608 
-0.433169 
-0.432729 
-0.432288 
-0.431847 
-0.431406 
-0.430963 
-0.430521 
-0.430077 
-0.429633 
-0.429189 
-0.428743 
-0.428298 
-0.427851 
-0.427405 
-0.426957 
-0.426509 
-0.426061 
-0.425612 
-0.425162 
-0.424712 
-0.424261 
-0.423809 
-0.423357 
-0.422905 
-0.422452 
-0.421998 
-0.421544 
-0.421089 
-0.420634 
-0.420178 
-0.419722 
-0.419265 
-0.418807 
-0.418349 
-0.41789 
-0.417431 
-0.416971 
-0.416511 
-0.41605 
-0.415589 
-0.415127 
-0.414664 
-0.414201 
-0.413737 
-0.413273 
-0.412808 
-0.412343 
-0.411877 
-0.411411 
-0.410944 
-0.410476 
-0.410008 
-0.40954 
-0.409071 
-0.408601 
-0.408131 
-0.40766 
-0.407189 
-0.406717 
-0.406244 
-0.405771 
-0.405298 
-0.404824 
-0.404349 
-0.403874 
-0.403399 
-0.402923 
-0.402446 
-0.401969 
-0.401491 
-0.401013 
-0.400534 
-0.400054 
-0.399574 
-0.399094 
-0.398613 
-0.398131 
-0.397649 
-0.397167 
-0.396684 
-0.3962 
-0.395716 
-0.395231 
-0.394746 
-0.39426 
-0.393774 
-0.393287 
-0.3928 
-0.392312 
-0.391824 
-0.391335 
-0.390846 
-0.390356 
-0.389865 
-0.389374 
-0.388883 
-0.388391 
-0.387899 
-0.387406 
-0.386912 
-0.386418 
-0.385923 
-0.385428 
-0.384933 
-0.384437 
-0.38394 
-0.383443 
-0.382945 
-0.382447 
-0.381948 
-0.381449 
-0.38095 
-0.380449 
-0.379949 
-0.379448 
-0.378946 
-0.378444 
-0.377941 
-0.377438 
-0.376934 
-0.37643 
-0.375925 
-0.37542 
-0.374914 
-0.374408 
-0.373901 
-0.373394 
-0.372886 
-0.372378 
-0.37187 
-0.37136 
-0.370851 
-0.370341 
-0.36983 
-0.369319 
-0.368807 
-0.368295 
-0.367782 
-0.367269 
-0.366756 
-0.366241 
-0.365727 
-0.365212 
-0.364696 
-0.36418 
-0.363664 
-0.363147 
-0.362629 
-0.362111 
-0.361593 
-0.361074 
-0.360554 
-0.360034 
-0.359514 
-0.358993 
-0.358472 
-0.35795 
-0.357428 
-0.356905 
-0.356382 
-0.355858 
-0.355334 
-0.354809 
-0.354284 
-0.353758 
-0.353232 
-0.352706 
-0.352179 
-0.351651 
-0.351123 
-0.350595 
-0.350066 
-0.349537 
-0.349007 
-0.348476 
-0.347946 
-0.347414 
-0.346883 
-0.346351 
-0.345818 
-0.345285 
-0.344751 
-0.344217 
-0.343683 
-0.343148 
-0.342613 
-0.342077 
-0.341541 
-0.341004 
-0.340467 
-0.339929 
-0.339391 
-0.338852 
-0.338313 
-0.337774 
-0.337234 
-0.336694 
-0.336153 
-0.335612 
-0.33507 
-0.334528 
-0.333985 
-0.333442 
-0.332899 
-0.332355 
-0.331811 
-0.331266 
-0.330721 
-0.330175 
-0.329629 
-0.329082 
-0.328535 
-0.327988 
-0.32744 
-0.326892 
-0.326343 
-0.325794 
-0.325244 
-0.324694 
-0.324144 
-0.323593 
-0.323042 
-0.32249 
-0.321938 
-0.321385 
-0.320832 
-0.320279 
-0.319725 
-0.31917 
-0.318616 
-0.31806 
-0.317505 
-0.316949 
-0.316392 
-0.315836 
-0.315278 
-0.314721 
-0.314163 
-0.313604 
-0.313045 
-0.312486 
-0.311926 
-0.311366 
-0.310805 
-0.310244 
-0.309683 
-0.309121 
-0.308558 
-0.307996 
-0.307433 
-0.306869 
-0.306305 
-0.305741 
-0.305176 
-0.304611 
-0.304046 
-0.30348 
-0.302913 
-0.302347 
-0.301779 
-0.301212 
-0.300644 
-0.300076 
-0.299507 
-0.298938 
-0.298368 
-0.297798 
-0.297228 
-0.296657 
-0.296086 
-0.295514 
-0.294943 
-0.29437 
-0.293798 
-0.293224 
-0.292651 
-0.292077 
-0.291503 
-0.290928 
-0.290353 
-0.289778 
-0.289202 
-0.288626 
-0.288049 
-0.287472 
-0.286895 
-0.286317 
-0.285739 
-0.285161 
-0.284582 
-0.284002 
-0.283423 
-0.282843 
-0.282262 
-0.281682 
-0.281101 
-0.280519 
-0.279937 
-0.279355 
-0.278772 
-0.278189 
-0.277606 
-0.277022 
-0.276438 
-0.275854 
-0.275269 
-0.274684 
-0.274098 
-0.273512 
-0.272926 
-0.272339 
-0.271752 
-0.271165 
-0.270577 
-0.269989 
-0.2694 
-0.268812 
-0.268222 
-0.267633 
-0.267043 
-0.266453 
-0.265862 
-0.265271 
-0.26468 
-0.264088 
-0.263496 
-0.262904 
-0.262311 
-0.261718 
-0.261125 
-0.260531 
-0.259937 
-0.259342 
-0.258747 
-0.258152 
-0.257557 
-0.256961 
-0.256365 
-0.255768 
-0.255171 
-0.254574 
-0.253977 
-0.253379 
-0.252781 
-0.252182 
-0.251583 
-0.250984 
-0.250384 
-0.249784 
-0.249184 
-0.248584 
-0.247983 
-0.247382 
-0.24678 
-0.246178 
-0.245576 
-0.244973 
-0.244371 
-0.243767 
-0.243164 
-0.24256 
-0.241956 
-0.241351 
-0.240747 
-0.240142 
-0.239536 
-0.23893 
-0.238324 
-0.237718 
-0.237111 
-0.236504 
-0.235897 
-0.235289 
-0.234681 
-0.234073 
-0.233464 
-0.232856 
-0.232246 
-0.231637 
-0.231027 
-0.230417 
-0.229806 
-0.229196 
-0.228585 
-0.227973 
-0.227362 
-0.22675 
-0.226137 
-0.225525 
-0.224912 
-0.224299 
-0.223685 
-0.223072 
-0.222458 
-0.221843 
-0.221229 
-0.220614 
-0.219998 
-0.219383 
-0.218767 
-0.218151 
-0.217535 
-0.216918 
-0.216301 
-0.215684 
-0.215066 
-0.214448 
-0.21383 
-0.213212 
-0.212593 
-0.211974 
-0.211355 
-0.210735 
-0.210115 
-0.209495 
-0.208875 
-0.208254 
-0.207633 
-0.207012 
-0.206391 
-0.205769 
-0.205147 
-0.204524 
-0.203902 
-0.203279 
-0.202656 
-0.202033 
-0.201409 
-0.200785 
-0.200161 
-0.199536 
-0.198912 
-0.198287 
-0.197661 
-0.197036 
-0.19641 
-0.195784 
-0.195158 
-0.194531 
-0.193904 
-0.193277 
-0.19265 
-0.192022 
-0.191394 
-0.190766 
-0.190138 
-0.189509 
-0.18888 
-0.188251 
-0.187622 
-0.186992 
-0.186362 
-0.185732 
-0.185102 
-0.184471 
-0.18384 
-0.183209 
-0.182578 
-0.181946 
-0.181315 
-0.180683 
-0.18005 
-0.179418 
-0.178785 
-0.178152 
-0.177519 
-0.176885 
-0.176251 
-0.175617 
-0.174983 
-0.174349 
-0.173714 
-0.173079 
-0.172444 
-0.171809 
-0.171173 
-0.170537 
-0.169901 
-0.169265 
-0.168628 
-0.167992 
-0.167355 
-0.166718 
-0.16608 
-0.165443 
-0.164805 
-0.164167 
-0.163528 
-0.16289 
-0.162251 
-0.161612 
-0.160973 
-0.160334 
-0.159694 
-0.159054 
-0.158414 
-0.157774 
-0.157134 
-0.156493 
-0.155852 
-0.155211 
-0.15457 
-0.153929 
-0.153287 
-0.152645 
-0.152003 
-0.151361 
-0.150718 
-0.150076 
-0.149433 
-0.14879 
-0.148147 
-0.147503 
-0.146859 
-0.146216 
-0.145572 
-0.144927 
-0.144283 
-0.143638 
-0.142993 
-0.142348 
-0.141703 
-0.141058 
-0.140412 
-0.139767 
-0.139121 
-0.138474 
-0.137828 
-0.137182 
-0.136535 
-0.135888 
-0.135241 
-0.134594 
-0.133946 
-0.133299 
-0.132651 
-0.132003 
-0.131355 
-0.130707 
-0.130058 
-0.12941 
-0.128761 
-0.128112 
-0.127463 
-0.126813 
-0.126164 
-0.125514 
-0.124865 
-0.124215 
-0.123564 
-0.122914 
-0.122264 
-0.121613 
-0.120962 
-0.120311 
-0.11966 
-0.119009 
-0.118357 
-0.117706 
-0.117054 
-0.116402 
-0.11575 
-0.115098 
-0.114445 
-0.113793 
-0.11314 
-0.112487 
-0.111834 
-0.111181 
-0.110528 
-0.109875 
-0.109221 
-0.108567 
-0.107913 
-0.107259 
-0.106605 
-0.105951 
-0.105297 
-0.104642 
-0.103987 
-0.103332 
-0.102677 
-0.102022 
-0.101367 
-0.100712 
-0.100056 
-0.0994005 
-0.0987447 
-0.0980888 
-0.0974327 
-0.0967765 
-0.0961202 
-0.0954638 
-0.0948072 
-0.0941505 
-0.0934937 
-0.0928368 
-0.0921797 
-0.0915225 
-0.0908652 
-0.0902078 
-0.0895502 
-0.0888925 
-0.0882347 
-0.0875768 
-0.0869188 
-0.0862607 
-0.0856024 
-0.0849441 
-0.0842856 
-0.083627 
-0.0829683 
-0.0823095 
-0.0816505 
-0.0809915 
-0.0803324 
-0.0796731 
-0.0790138 
-0.0783543 
-0.0776947 
-0.0770351 
-0.0763753 
-0.0757154 
-0.0750554 
-0.0743954 
-0.0737352 
-0.0730749 
-0.0724146 
-0.0717541 
-0.0710935 
-0.0704329 
-0.0697721 
-0.0691113 
-0.0684504 
-0.0677893 
-0.0671282 
-0.066467 
-0.0658057 
-0.0651443 
-0.0644829 
-0.0638213 
-0.0631597 
-0.062498 
-0.0618362 
-0.0611743 
-0.0605123 
-0.0598503 
-0.0591881 
-0.0585259 
-0.0578636 
-0.0572013 
-0.0565388 
-0.0558763 
-0.0552137 
-0.0545511 
-0.0538883 
-0.0532255 
-0.0525627 
-0.0518997 
-0.0512367 
-0.0505736 
-0.0499105 
-0.0492472 
-0.048584 
-0.0479206 
-0.0472572 
-0.0465937 
-0.0459302 
-0.0452666 
-0.0446029 
-0.0439392 
-0.0432754 
-0.0426116 
-0.0419477 
-0.0412838 
-0.0406198 
-0.0399557 
-0.0392916 
-0.0386274 
-0.0379632 
-0.037299 
-0.0366347 
-0.0359703 
-0.0353059 
-0.0346414 
-0.0339769 
-0.0333124 
-0.0326478 
-0.0319832 
-0.0313185 
-0.0306538 
-0.029989 
-0.0293242 
-0.0286594 
-0.0279945 
-0.0273296 
-0.0266646 
-0.0259996 
-0.0253346 
-0.0246696 
-0.0240045 
-0.0233393 
-0.0226742 
-0.022009 
-0.0213438 
-0.0206786 
-0.0200133 
-0.019348 
-0.0186827 
-0.0180173 
-0.017352 
-0.0166866 
-0.0160212 
-0.0153557 
-0.0146903 
-0.0140248 
-0.0133593 
-0.0126938 
-0.0120283 
-0.0113627 
-0.0106972 
-0.0100316 
-0.00936601 
-0.00870041 
-0.0080348 
-0.00736918 
-0.00670355 
-0.00603791 
-0.00537226 
-0.00470661 
-0.00404095 
-0.00337528 
-0.00270961 
-0.00204393 
-0.00137826 
-0.000712577 
-4.6897e-05 
0.000618783 
0.00128446 
0.00195014 
0.00261582 
0.00328149 
0.00394716 
0.00461282 
0.00527847 
0.00594412 
0.00660976 
0.0072754 
0.00794102 
0.00860663 
0.00927223 
0.00993782 
0.0106034 
0.011269 
0.0119345 
0.0126 
0.0132655 
0.013931 
0.0145965 
0.015262 
0.0159274 
0.0165928 
0.0172582 
0.0179236 
0.0185889 
0.0192543 
0.0199196 
0.0205848 
0.0212501 
0.0219153 
0.0225805 
0.0232456 
0.0239107 
0.0245758 
0.0252409 
0.0259059 
0.0265709 
0.0272359 
0.0279008 
0.0285657 
0.0292305 
0.0298953 
0.0305601 
0.0312248 
0.0318895 
0.0325541 
0.0332187 
0.0338833 
0.0345478 
0.0352123 
0.0358767 
0.0365411 
0.0372054 
0.0378696 
0.0385339 
0.039198 
0.0398621 
0.0405262 
0.0411902 
0.0418542 
0.0425181 
0.0431819 
0.0438457 
0.0445094 
0.0451731 
0.0458367 
0.0465002 
0.0471637 
0.0478271 
0.0484905 
0.0491538 
0.049817 
0.0504802 
0.0511433 
0.0518063 
0.0524693 
0.0531321 
0.053795 
0.0544577 
0.0551204 
0.055783 
0.0564455 
0.0571079 
0.0577703 
0.0584326 
0.0590948 
0.059757 
0.060419 
0.061081 
0.0617429 
0.0624047 
0.0630665 
0.0637281 
0.0643897 
0.0650512 
0.0657125 
0.0663739 
0.0670351 
0.0676962 
0.0683572 
0.0690182 
0.069679 
0.0703398 
0.0710005 
0.071661 
0.0723215 
0.0729819 
0.0736422 
0.0743024 
0.0749624 
0.0756224 
0.0762823 
0.0769421 
0.0776018 
0.0782614 
0.0789208 
0.0795802 
0.0802395 
0.0808986 
0.0815577 
0.0822166 
0.0828755 
0.0835342 
0.0841928 
0.0848513 
0.0855097 
0.0861679 
0.0868261 
0.0874841 
0.0881421 
0.0887999 
0.0894576 
0.0901151 
0.0907726 
0.0914299 
0.0920871 
0.0927442 
0.0934012 
0.094058 
0.0947147 
0.0953713 
0.0960277 
0.0966841 
0.0973403 
0.0979963 
0.0986523 
0.0993081 
0.0999638 
0.100619 
0.101275 
0.10193 
0.102585 
0.10324 
0.103895 
0.10455 
0.105204 
0.105859 
0.106513 
0.107167 
0.107821 
0.108475 
0.109129 
0.109782 
0.110436 
0.111089 
0.111742 
0.112395 
0.113048 
0.113701 
0.114353 
0.115006 
0.115658 
0.11631 
0.116962 
0.117614 
0.118266 
0.118917 
0.119568 
0.120219 
0.12087 
0.121521 
0.122172 
0.122822 
0.123473 
0.124123 
0.124773 
0.125423 
0.126072 
0.126722 
0.127371 
0.12802 
0.128669 
0.129318 
0.129967 
0.130615 
0.131264 
0.131912 
0.13256 
0.133208 
0.133855 
0.134503 
0.13515 
0.135797 
0.136444 
0.137091 
0.137737 
0.138383 
0.13903 
0.139676 
0.140321 
0.140967 
0.141612 
0.142258 
0.142903 
0.143547 
0.144192 
0.144837 
0.145481 
0.146125 
0.146769 
0.147412 
0.148056 
0.148699 
0.149342 
0.149985 
0.150628 
0.15127 
0.151913 
0.152555 
0.153197 
0.153838 
0.15448 
0.155121 
0.155762 
0.156403 
0.157044 
0.157684 
0.158324 
0.158964 
0.159604 
0.160244 
0.160883 
0.161522 
0.162161 
0.1628 
0.163438 
0.164077 
0.164715 
0.165353 
0.16599 
0.166628 
0.167265 
0.167902 
0.168539 
0.169175 
0.169812 
0.170448 
0.171083 
0.171719 
0.172354 
0.17299 
0.173625 
0.174259 
0.174894 
0.175528 
0.176162 
0.176796 
0.177429 
0.178063 
0.178696 
0.179329 
0.179961 
0.180593 
0.181226 
0.181857 
0.182489 
0.18312 
0.183752 
0.184382 
0.185013 
0.185643 
0.186274 
0.186904 
0.187533 
0.188163 
0.188792 
0.189421 
0.190049 
0.190678 
0.191306 
0.191934 
0.192561 
0.193189 
0.193816 
0.194443 
0.195069 
0.195696 
0.196322 
0.196948 
0.197573 
0.198198 
0.198823 
0.199448 
0.200073 
0.200697 
0.201321 
0.201945 
0.202568 
0.203191 
0.203814 
0.204437 
0.205059 
0.205681 
0.206303 
0.206925 
0.207546 
0.208167 
0.208787 
0.209408 
0.210028 
0.210648 
0.211267 
0.211887 
0.212506 
0.213124 
0.213743 
0.214361 
0.214979 
0.215597 
0.216214 
0.216831 
0.217448 
0.218064 
0.21868 
0.219296 
0.219912 
0.220527 
0.221142 
0.221757 
0.222371 
0.222985 
0.223599 
0.224212 
0.224826 
0.225439 
0.226051 
0.226663 
0.227275 
0.227887 
0.228499 
0.22911 
0.22972 
0.230331 
0.230941 
0.231551 
0.23216 
0.23277 
0.233379 
0.233987 
0.234596 
0.235204 
0.235811 
0.236419 
0.237026 
0.237632 
0.238239 
0.238845 
0.239451 
0.240056 
0.240661 
0.241266 
0.241871 
0.242475 
0.243079 
0.243682 
0.244286 
0.244889 
0.245491 
0.246093 
0.246695 
0.247297 
0.247898 
0.248499 
0.2491 
0.2497 
0.2503 
0.250899 
0.251499 
0.252098 
0.252696 
0.253294 
0.253892 
0.25449 
0.255087 
0.255684 
0.256281 
0.256877 
0.257473 
0.258068 
0.258664 
0.259258 
0.259853 
0.260447 
0.261041 
0.261634 
0.262227 
0.26282 
0.263413 
0.264005 
0.264596 
0.265188 
0.265779 
0.266369 
0.26696 
0.26755 
0.268139 
0.268729 
0.269317 
0.269906 
0.270494 
0.271082 
0.271669 
0.272256 
0.272843 
0.273429 
0.274015 
0.274601 
0.275186 
0.275771 
0.276356 
0.27694 
0.277524 
0.278107 
0.27869 
0.279273 
0.279855 
0.280437 
0.281019 
0.2816 
0.282181 
0.282761 
0.283341 
0.283921 
0.2845 
0.285079 
0.285658 
0.286236 
0.286813 
0.287391 
0.287968 
0.288545 
0.289121 
0.289697 
0.290272 
0.290847 
0.291422 
0.291996 
0.29257 
0.293144 
0.293717 
0.29429 
0.294862 
0.295434 
0.296006 
0.296577 
0.297147 
0.297718 
0.298288 
0.298857 
0.299427 
0.299995 
0.300564 
0.301132 
0.301699 
0.302267 
0.302834 
0.3034 
0.303966 
0.304531 
0.305097 
0.305661 
0.306226 
0.30679 
0.307353 
0.307916 
0.308479 
0.309042 
0.309603 
0.310165 
0.310726 
0.311287 
0.311847 
0.312407 
0.312966 
0.313525 
0.314084 
0.314642 
0.3152 
0.315757 
0.316314 
0.316871 
0.317427 
0.317982 
0.318537 
0.319092 
0.319647 
0.320201 
0.320754 
0.321307 
0.32186 
0.322412 
0.322964 
0.323515 
0.324066 
0.324617 
0.325167 
0.325717 
0.326266 
0.326815 
0.327363 
0.327911 
0.328458 
0.329005 
0.329552 
0.330098 
0.330644 
0.331189 
0.331734 
0.332278 
0.332822 
0.333366 
0.333909 
0.334452 
0.334994 
0.335536 
0.336077 
0.336618 
0.337158 
0.337698 
0.338238 
0.338777 
0.339315 
0.339853 
0.340391 
0.340928 
0.341465 
0.342001 
0.342537 
0.343073 
0.343608 
0.344142 
0.344676 
0.34521 
0.345743 
0.346276 
0.346808 
0.34734 
0.347871 
0.348402 
0.348932 
0.349462 
0.349991 
0.35052 
0.351049 
0.351577 
0.352104 
0.352631 
0.353158 
0.353684 
0.35421 
0.354735 
0.35526 
0.355784 
0.356308 
0.356831 
0.357354 
0.357876 
0.358398 
0.35892 
0.359441 
0.359961 
0.360481 
0.361001 
0.36152 
0.362038 
0.362556 
0.363074 
0.363591 
0.364107 
0.364624 
0.365139 
0.365654 
0.366169 
0.366683 
0.367197 
0.36771 
0.368223 
0.368735 
0.369247 
0.369758 
0.370269 
0.370779 
0.371289 
0.371798 
0.372307 
0.372815 
0.373323 
0.37383 
0.374337 
0.374843 
0.375349 
0.375854 
0.376359 
0.376863 
0.377367 
0.37787 
0.378373 
0.378875 
0.379377 
0.379878 
0.380379 
0.380879 
0.381379 
0.381878 
0.382377 
0.382875 
0.383373 
0.38387 
0.384367 
0.384863 
0.385359 
0.385854 
0.386348 
0.386842 
0.387336 
0.387829 
0.388322 
0.388814 
0.389305 
0.389796 
0.390287 
0.390777 
0.391266 
0.391755 
0.392244 
0.392731 
0.393219 
0.393706 
0.394192 
0.394678 
0.395163 
0.395648 
0.396132 
0.396616 
0.397099 
0.397582 
0.398064 
0.398545 
0.399026 
0.399507 
0.399987 
0.400466 
0.400945 
0.401423 
0.401901 
0.402379 
0.402855 
0.403332 
0.403807 
0.404283 
0.404757 
0.405231 
0.405705 
0.406178 
0.40665 
0.407122 
0.407594 
0.408064 
0.408535 
0.409004 
0.409474 
0.409942 
0.41041 
0.410878 
0.411345 
0.411812 
0.412277 
0.412743 
0.413208 
0.413672 
0.414136 
0.414599 
0.415062 
0.415524 
0.415985 
0.416446 
0.416906 
0.417366 
0.417826 
0.418284 
0.418743 
0.4192 
0.419657 
0.420114 
0.42057 
0.421025 
0.42148 
0.421934 
0.422388 
0.422841 
0.423294 
0.423746 
0.424197 
0.424648 
0.425098 
0.425548 
0.425997 
0.426446 
0.426894 
0.427342 
0.427788 
0.428235 
0.428681 
0.429126 
0.42957 
0.430015 
0.430458 
0.430901 
0.431343 
0.431785 
0.432226 
0.432667 
0.433107 
0.433546 
0.433985 
0.434424 
0.434861 
0.435299 
0.435735 
0.436171 
0.436607 
0.437041 
0.437476 
0.437909 
0.438342 
0.438775 
0.439207 
0.439638 
0.440069 
0.440499 
0.440929 
0.441358 
0.441786 
0.442214 
0.442641 
0.443068 
0.443494 
0.443919 
0.444344 
0.444769 
0.445192 
0.445615 
0.446038 
0.44646 
0.446881 
0.447302 
0.447722 
0.448141 
0.44856 
0.448979 
0.449396 
0.449814 
0.45023 
0.450646 
0.451061 
0.451476 
0.45189 
0.452304 
0.452717 
0.453129 
0.453541 
0.453952 
0.454362 
0.454772 
0.455182 
0.45559 
0.455998 
0.456406 
0.456813 
0.457219 
0.457625 
0.45803 
0.458434 
0.458838 
0.459241 
0.459644 
0.460046 
0.460447 
0.460848 
0.461248 
0.461648 
0.462047 
0.462445 
0.462843 
0.46324 
0.463636 
0.464032 
0.464427 
0.464822 
0.465216 
0.465609 
0.466002 
0.466394 
0.466786 
0.467177 
0.467567 
0.467957 
0.468346 
0.468734 
0.469122 
0.469509 
0.469895 
0.470281 
0.470667 
0.471051 
0.471435 
0.471819 
0.472201 
0.472584 
0.472965 
0.473346 
0.473726 
0.474106 
0.474485 
0.474863 
0.475241 
0.475618 
0.475995 
0.47637 
0.476746 
0.47712 
0.477494 
0.477867 
0.47824 
0.478612 
0.478983 
0.479354 
0.479724 
0.480094 
0.480462 
0.480831 
0.481198 
0.481565 
0.481931 
0.482297 
0.482662 
0.483026 
0.48339 
0.483753 
0.484115 
0.484477 
0.484838 
0.485199 
0.485559 
0.485918 
0.486276 
0.486634 
0.486991 
0.487348 
0.487704 
0.488059 
0.488414 
0.488768 
0.489121 
0.489474 
0.489826 
0.490177 
0.490528 
0.490878 
0.491227 
0.491576 
0.491924 
0.492272 
0.492619 
0.492965 
0.49331 
0.493655 
0.493999 
0.494343 
0.494686 
0.495028 
0.495369 
0.49571 
0.49605 
0.49639 
0.496729 
0.497067 
0.497405 
0.497742 
0.498078 
0.498414 
0.498748 
0.499083 
0.499416 
0.499749 
0.500082 
0.500413 
0.500744 
0.501074 
0.501404 
0.501733 
0.502061 
