0 
2.44888e-06 
7.46727e-06 
1.4336e-05 
9.9702e-06 
1.24068e-05 
9.9702e-06 
1.24055e-05 
9.9702e-06 
1.24037e-05 
9.9702e-06 
1.24013e-05 
9.9702e-06 
1.23982e-05 
9.9702e-06 
1.23946e-05 
9.9702e-06 
1.23903e-05 
9.9702e-06 
1.23855e-05 
9.9702e-06 
1.23804e-05 
9.9702e-06 
1.23749e-05 
9.9702e-06 
1.23692e-05 
9.9702e-06 
1.23633e-05 
9.9702e-06 
1.23573e-05 
9.9702e-06 
1.23513e-05 
9.9702e-06 
1.23451e-05 
9.9702e-06 
1.2339e-05 
9.9702e-06 
1.23327e-05 
9.9702e-06 
1.23263e-05 
9.9702e-06 
1.23198e-05 
9.9702e-06 
1.23132e-05 
9.9702e-06 
1.23063e-05 
9.9702e-06 
1.22991e-05 
9.9702e-06 
1.22917e-05 
9.9702e-06 
1.22839e-05 
9.9702e-06 
1.22757e-05 
9.9702e-06 
1.22671e-05 
9.9702e-06 
1.22581e-05 
9.9702e-06 
1.22485e-05 
9.9702e-06 
1.22385e-05 
9.9702e-06 
1.22279e-05 
9.9702e-06 
1.22168e-05 
9.9702e-06 
1.22051e-05 
9.9702e-06 
1.2193e-05 
9.9702e-06 
1.21803e-05 
9.9702e-06 
1.2167e-05 
9.9702e-06 
1.21532e-05 
9.9702e-06 
1.2139e-05 
9.9702e-06 
1.21242e-05 
9.9702e-06 
1.2109e-05 
9.9702e-06 
1.20933e-05 
9.9702e-06 
1.20772e-05 
9.9702e-06 
1.20606e-05 
9.9702e-06 
1.20436e-05 
9.9702e-06 
1.20263e-05 
9.9702e-06 
1.20085e-05 
9.9702e-06 
1.19905e-05 
9.9702e-06 
1.1972e-05 
9.9702e-06 
1.19533e-05 
9.9702e-06 
1.19342e-05 
9.9702e-06 
1.19149e-05 
9.9702e-06 
1.18953e-05 
9.9702e-06 
1.18754e-05 
9.9702e-06 
1.18552e-05 
9.9702e-06 
1.18348e-05 
9.9702e-06 
1.18142e-05 
9.9702e-06 
1.17934e-05 
9.9702e-06 
1.17723e-05 
9.9702e-06 
1.17511e-05 
9.9702e-06 
1.17297e-05 
9.9702e-06 
1.17081e-05 
9.9702e-06 
1.16863e-05 
9.9702e-06 
1.16645e-05 
9.9702e-06 
1.16425e-05 
9.9702e-06 
1.16203e-05 
9.9702e-06 
1.15981e-05 
9.9702e-06 
1.15757e-05 
9.9702e-06 
1.15533e-05 
9.9702e-06 
1.15308e-05 
9.9702e-06 
1.15083e-05 
9.9702e-06 
1.14857e-05 
9.9702e-06 
1.14631e-05 
9.9702e-06 
1.14404e-05 
9.9702e-06 
1.14177e-05 
9.9702e-06 
1.13951e-05 
9.9702e-06 
1.13724e-05 
9.9702e-06 
1.13498e-05 
9.9702e-06 
1.13272e-05 
9.9702e-06 
1.13046e-05 
9.9702e-06 
1.12821e-05 
9.9702e-06 
1.12596e-05 
9.9702e-06 
1.12373e-05 
9.9702e-06 
1.1215e-05 
9.9702e-06 
1.11928e-05 
9.9702e-06 
1.11707e-05 
9.9702e-06 
1.11487e-05 
9.9702e-06 
1.11268e-05 
9.9702e-06 
1.11051e-05 
9.9702e-06 
1.10835e-05 
9.9702e-06 
1.1062e-05 
9.9702e-06 
1.10407e-05 
9.9702e-06 
1.10195e-05 
9.9702e-06 
1.09986e-05 
9.9702e-06 
1.09778e-05 
9.9702e-06 
1.09571e-05 
9.9702e-06 
1.09367e-05 
9.9702e-06 
1.09165e-05 
9.9702e-06 
1.08965e-05 
9.9702e-06 
1.08766e-05 
9.9702e-06 
1.0857e-05 
9.9702e-06 
1.08376e-05 
9.9702e-06 
1.08185e-05 
9.9702e-06 
1.07996e-05 
9.9702e-06 
1.07809e-05 
9.9702e-06 
1.07624e-05 
9.9702e-06 
1.07442e-05 
9.9702e-06 
1.07263e-05 
9.9702e-06 
1.07086e-05 
9.9702e-06 
1.06912e-05 
9.9702e-06 
1.0674e-05 
9.9702e-06 
1.06571e-05 
9.9702e-06 
1.06405e-05 
9.9702e-06 
1.06241e-05 
9.9702e-06 
1.0608e-05 
9.9702e-06 
1.05922e-05 
9.9702e-06 
1.05767e-05 
9.9702e-06 
1.05615e-05 
9.9702e-06 
1.05465e-05 
9.9702e-06 
1.05319e-05 
9.9702e-06 
1.05175e-05 
9.9702e-06 
1.05035e-05 
9.9702e-06 
1.04897e-05 
9.9702e-06 
1.04763e-05 
9.9702e-06 
1.04631e-05 
9.9702e-06 
1.04502e-05 
9.9702e-06 
1.04377e-05 
9.9702e-06 
1.04254e-05 
9.9702e-06 
1.04134e-05 
9.9702e-06 
1.04018e-05 
9.9702e-06 
1.03904e-05 
9.9702e-06 
1.03794e-05 
9.9702e-06 
1.03686e-05 
9.9702e-06 
1.03582e-05 
9.9702e-06 
1.03481e-05 
9.9702e-06 
1.03383e-05 
9.9702e-06 
1.03287e-05 
9.9702e-06 
1.03195e-05 
9.9702e-06 
1.03106e-05 
9.9702e-06 
1.0302e-05 
9.9702e-06 
1.02937e-05 
9.9702e-06 
1.02857e-05 
9.9702e-06 
1.0278e-05 
9.9702e-06 
1.02706e-05 
9.9702e-06 
1.02635e-05 
9.9702e-06 
1.02567e-05 
9.9702e-06 
1.02502e-05 
9.9702e-06 
1.0244e-05 
9.9702e-06 
1.02381e-05 
9.9702e-06 
1.02325e-05 
9.9702e-06 
1.02272e-05 
9.9702e-06 
1.02221e-05 
9.9702e-06 
1.02174e-05 
9.9702e-06 
1.02129e-05 
9.9702e-06 
1.02087e-05 
9.9702e-06 
1.02048e-05 
9.9702e-06 
1.02012e-05 
9.9702e-06 
1.01979e-05 
9.9702e-06 
1.01948e-05 
9.9702e-06 
1.0192e-05 
9.9702e-06 
1.01895e-05 
9.9702e-06 
1.01872e-05 
9.9702e-06 
1.01852e-05 
9.9702e-06 
1.01835e-05 
9.9702e-06 
1.01821e-05 
9.9702e-06 
1.01808e-05 
9.9702e-06 
1.01799e-05 
9.9702e-06 
1.01792e-05 
9.9702e-06 
1.01788e-05 
9.9702e-06 
1.01786e-05 
9.9702e-06 
1.01786e-05 
9.9702e-06 
1.01789e-05 
9.9702e-06 
1.01794e-05 
9.9702e-06 
1.01802e-05 
9.9702e-06 
1.01812e-05 
9.9702e-06 
1.01824e-05 
9.9702e-06 
1.01839e-05 
9.9702e-06 
1.01856e-05 
9.9702e-06 
1.01875e-05 
9.9702e-06 
1.01896e-05 
9.9702e-06 
1.01919e-05 
9.9702e-06 
1.01945e-05 
9.9702e-06 
1.01972e-05 
9.9702e-06 
1.02002e-05 
9.9702e-06 
1.02033e-05 
9.9702e-06 
1.02067e-05 
9.9702e-06 
1.02103e-05 
9.9702e-06 
1.0214e-05 
9.9702e-06 
1.02179e-05 
9.9702e-06 
1.02221e-05 
9.9702e-06 
1.02264e-05 
9.9702e-06 
1.02309e-05 
9.9702e-06 
1.02355e-05 
9.9702e-06 
1.02403e-05 
9.9702e-06 
1.02453e-05 
9.9702e-06 
1.02505e-05 
9.9702e-06 
1.02558e-05 
9.9702e-06 
1.02613e-05 
9.9702e-06 
1.02669e-05 
9.9702e-06 
1.02727e-05 
9.9702e-06 
1.02786e-05 
9.9702e-06 
1.02847e-05 
9.9702e-06 
1.02909e-05 
9.9702e-06 
1.02972e-05 
9.9702e-06 
1.03037e-05 
9.9702e-06 
1.03103e-05 
9.9702e-06 
1.03171e-05 
9.9702e-06 
1.03239e-05 
9.9702e-06 
1.03309e-05 
9.9702e-06 
1.03379e-05 
9.9702e-06 
1.03451e-05 
9.9702e-06 
1.03524e-05 
9.9702e-06 
1.03598e-05 
9.9702e-06 
1.03673e-05 
9.9702e-06 
1.03749e-05 
9.9702e-06 
1.03826e-05 
9.9702e-06 
1.03903e-05 
9.9702e-06 
1.03982e-05 
9.9702e-06 
1.04061e-05 
9.9702e-06 
1.04141e-05 
9.9702e-06 
1.04222e-05 
9.9702e-06 
1.04303e-05 
9.9702e-06 
1.04385e-05 
9.9702e-06 
1.04467e-05 
9.9702e-06 
1.04551e-05 
9.9702e-06 
1.04634e-05 
9.9702e-06 
1.04718e-05 
9.9702e-06 
1.04803e-05 
9.9702e-06 
1.04888e-05 
9.9702e-06 
1.04973e-05 
9.9702e-06 
1.05059e-05 
9.9702e-06 
1.05145e-05 
9.9702e-06 
1.05231e-05 
9.9702e-06 
1.05318e-05 
9.9702e-06 
1.05404e-05 
9.9702e-06 
1.05491e-05 
9.9702e-06 
1.05578e-05 
9.9702e-06 
1.05665e-05 
9.9702e-06 
1.05752e-05 
9.9702e-06 
1.05838e-05 
9.9702e-06 
1.05925e-05 
9.9702e-06 
1.06012e-05 
9.9702e-06 
1.06099e-05 
9.9702e-06 
1.06185e-05 
9.9702e-06 
1.06272e-05 
9.9702e-06 
1.06358e-05 
9.9702e-06 
1.06443e-05 
9.9702e-06 
1.06529e-05 
9.9702e-06 
1.06614e-05 
9.9702e-06 
1.06699e-05 
9.9702e-06 
1.06783e-05 
9.9702e-06 
1.06867e-05 
9.9702e-06 
1.06951e-05 
9.9702e-06 
1.07034e-05 
9.9702e-06 
1.07116e-05 
9.9702e-06 
1.07198e-05 
9.9702e-06 
1.07279e-05 
9.9702e-06 
1.0736e-05 
9.9702e-06 
1.07439e-05 
9.9702e-06 
1.07519e-05 
9.9702e-06 
1.07597e-05 
9.9702e-06 
1.07675e-05 
9.9702e-06 
1.07752e-05 
9.9702e-06 
1.07828e-05 
9.9702e-06 
1.07903e-05 
9.9702e-06 
1.07977e-05 
9.9702e-06 
1.08051e-05 
9.9702e-06 
1.08123e-05 
9.9702e-06 
1.08194e-05 
9.9702e-06 
1.08265e-05 
9.9702e-06 
1.08334e-05 
9.9702e-06 
1.08403e-05 
9.9702e-06 
1.0847e-05 
9.9702e-06 
1.08536e-05 
9.9702e-06 
1.08601e-05 
9.9702e-06 
1.08665e-05 
9.9702e-06 
1.08728e-05 
9.9702e-06 
1.0879e-05 
9.9702e-06 
1.0885e-05 
9.9702e-06 
1.08909e-05 
9.9702e-06 
1.08967e-05 
9.9702e-06 
1.09023e-05 
9.9702e-06 
1.09079e-05 
9.9702e-06 
1.09133e-05 
9.9702e-06 
1.09185e-05 
9.9702e-06 
1.09236e-05 
9.9702e-06 
1.09286e-05 
9.9702e-06 
1.09335e-05 
9.9702e-06 
1.09382e-05 
9.9702e-06 
1.09427e-05 
9.9702e-06 
1.09472e-05 
9.9702e-06 
1.09515e-05 
9.9702e-06 
1.09556e-05 
9.9702e-06 
1.09596e-05 
9.9702e-06 
1.09634e-05 
9.9702e-06 
1.09671e-05 
9.9702e-06 
1.09706e-05 
9.9702e-06 
1.0974e-05 
9.9702e-06 
1.09773e-05 
9.9702e-06 
1.09803e-05 
9.9702e-06 
1.09833e-05 
9.9702e-06 
1.0986e-05 
9.9702e-06 
1.09887e-05 
9.9702e-06 
1.09911e-05 
9.9702e-06 
1.09934e-05 
9.9702e-06 
1.09956e-05 
9.9702e-06 
1.09976e-05 
9.9702e-06 
1.09994e-05 
9.9702e-06 
1.10011e-05 
9.9702e-06 
1.10026e-05 
9.9702e-06 
1.1004e-05 
9.9702e-06 
1.10052e-05 
9.9702e-06 
1.10063e-05 
9.9702e-06 
1.10072e-05 
9.9702e-06 
1.1008e-05 
9.9702e-06 
1.10086e-05 
9.9702e-06 
1.1009e-05 
9.9702e-06 
1.10093e-05 
9.9702e-06 
1.10094e-05 
9.9702e-06 
1.10094e-05 
9.9702e-06 
1.10092e-05 
9.9702e-06 
1.10089e-05 
9.9702e-06 
1.10084e-05 
9.9702e-06 
1.10078e-05 
9.9702e-06 
1.1007e-05 
9.9702e-06 
1.10061e-05 
9.9702e-06 
1.1005e-05 
9.9702e-06 
1.10038e-05 
9.9702e-06 
1.10025e-05 
9.9702e-06 
1.1001e-05 
9.9702e-06 
1.09993e-05 
9.9702e-06 
1.09975e-05 
9.9702e-06 
1.09956e-05 
9.9702e-06 
1.09936e-05 
9.9702e-06 
1.09914e-05 
9.9702e-06 
1.0989e-05 
9.9702e-06 
1.09866e-05 
9.9702e-06 
1.0984e-05 
9.9702e-06 
1.09812e-05 
9.9702e-06 
1.09784e-05 
9.9702e-06 
1.09754e-05 
9.9702e-06 
1.09723e-05 
9.9702e-06 
1.09691e-05 
9.9702e-06 
1.09657e-05 
9.9702e-06 
1.09622e-05 
9.9702e-06 
1.09586e-05 
9.9702e-06 
1.09549e-05 
9.9702e-06 
1.09511e-05 
9.9702e-06 
1.09472e-05 
9.9702e-06 
1.09432e-05 
9.9702e-06 
1.0939e-05 
9.9702e-06 
1.09348e-05 
9.9702e-06 
1.09304e-05 
9.9702e-06 
1.09259e-05 
9.9702e-06 
1.09214e-05 
9.9702e-06 
1.09167e-05 
9.9702e-06 
1.0912e-05 
9.9702e-06 
1.09071e-05 
9.9702e-06 
1.09022e-05 
9.9702e-06 
1.08972e-05 
9.9702e-06 
1.08921e-05 
9.9702e-06 
1.08869e-05 
9.9702e-06 
1.08816e-05 
9.9702e-06 
1.08762e-05 
9.9702e-06 
1.08708e-05 
9.9702e-06 
1.08653e-05 
9.9702e-06 
1.08597e-05 
9.9702e-06 
1.0854e-05 
9.9702e-06 
1.08483e-05 
9.9702e-06 
1.08425e-05 
9.9702e-06 
1.08366e-05 
9.9702e-06 
1.08307e-05 
9.9702e-06 
1.08247e-05 
9.9702e-06 
1.08187e-05 
9.9702e-06 
1.08126e-05 
9.9702e-06 
1.08064e-05 
9.9702e-06 
1.08002e-05 
9.9702e-06 
1.07939e-05 
9.9702e-06 
1.07876e-05 
9.9702e-06 
1.07813e-05 
9.9702e-06 
1.07749e-05 
9.9702e-06 
1.07684e-05 
9.9702e-06 
1.07619e-05 
9.9702e-06 
1.07554e-05 
9.9702e-06 
1.07489e-05 
9.9702e-06 
1.07423e-05 
9.9702e-06 
1.07356e-05 
9.9702e-06 
1.0729e-05 
9.9702e-06 
1.07223e-05 
9.9702e-06 
1.07156e-05 
9.9702e-06 
1.07088e-05 
9.9702e-06 
1.07021e-05 
9.9702e-06 
1.06953e-05 
9.9702e-06 
1.06885e-05 
9.9702e-06 
1.06816e-05 
9.9702e-06 
1.06748e-05 
9.9702e-06 
1.06679e-05 
9.9702e-06 
1.06611e-05 
9.9702e-06 
1.06542e-05 
9.9702e-06 
1.06473e-05 
9.9702e-06 
1.06404e-05 
9.9702e-06 
1.06335e-05 
9.9702e-06 
1.06266e-05 
9.9702e-06 
1.06197e-05 
9.9702e-06 
1.06128e-05 
9.9702e-06 
1.06059e-05 
9.9702e-06 
1.0599e-05 
9.9702e-06 
1.05921e-05 
9.9702e-06 
1.05852e-05 
9.9702e-06 
1.05783e-05 
9.9702e-06 
1.05714e-05 
9.9702e-06 
1.05645e-05 
9.9702e-06 
1.05577e-05 
9.9702e-06 
1.05508e-05 
9.9702e-06 
1.0544e-05 
9.9702e-06 
1.05372e-05 
9.9702e-06 
1.05304e-05 
9.9702e-06 
1.05236e-05 
9.9702e-06 
1.05169e-05 
9.9702e-06 
1.05101e-05 
9.9702e-06 
1.05034e-05 
9.9702e-06 
1.04967e-05 
9.9702e-06 
1.04901e-05 
9.9702e-06 
1.04835e-05 
9.9702e-06 
1.04769e-05 
9.9702e-06 
1.04703e-05 
9.9702e-06 
1.04638e-05 
9.9702e-06 
1.04573e-05 
9.9702e-06 
1.04508e-05 
9.9702e-06 
1.04444e-05 
9.9702e-06 
1.0438e-05 
9.9702e-06 
1.04316e-05 
9.9702e-06 
1.04253e-05 
9.9702e-06 
1.04191e-05 
9.9702e-06 
1.04128e-05 
9.9702e-06 
1.04067e-05 
9.9702e-06 
1.04005e-05 
9.9702e-06 
1.03945e-05 
9.9702e-06 
1.03884e-05 
9.9702e-06 
1.03825e-05 
9.9702e-06 
1.03765e-05 
9.9702e-06 
1.03707e-05 
9.9702e-06 
1.03648e-05 
9.9702e-06 
1.03591e-05 
9.9702e-06 
1.03534e-05 
9.9702e-06 
1.03477e-05 
9.9702e-06 
1.03421e-05 
9.9702e-06 
1.03366e-05 
9.9702e-06 
1.03312e-05 
9.9702e-06 
1.03258e-05 
9.9702e-06 
1.03204e-05 
9.9702e-06 
1.03152e-05 
9.9702e-06 
1.031e-05 
9.9702e-06 
1.03048e-05 
9.9702e-06 
1.02998e-05 
9.9702e-06 
1.02948e-05 
9.9702e-06 
1.02899e-05 
9.9702e-06 
1.0285e-05 
9.9702e-06 
1.02802e-05 
9.9702e-06 
1.02756e-05 
9.9702e-06 
1.02709e-05 
9.9702e-06 
1.02664e-05 
9.9702e-06 
1.02619e-05 
9.9702e-06 
1.02575e-05 
9.9702e-06 
1.02532e-05 
9.9702e-06 
1.0249e-05 
9.9702e-06 
1.02449e-05 
9.9702e-06 
1.02408e-05 
9.9702e-06 
1.02368e-05 
9.9702e-06 
1.02329e-05 
9.9702e-06 
1.02291e-05 
9.9702e-06 
1.02254e-05 
9.9702e-06 
1.02218e-05 
9.9702e-06 
1.02182e-05 
9.9702e-06 
1.02148e-05 
9.9702e-06 
1.02114e-05 
9.9702e-06 
1.02081e-05 
9.9702e-06 
1.02049e-05 
9.9702e-06 
1.02018e-05 
9.9702e-06 
1.01988e-05 
9.9702e-06 
1.01958e-05 
9.9702e-06 
1.0193e-05 
9.9702e-06 
1.01902e-05 
9.9702e-06 
1.01876e-05 
9.9702e-06 
1.0185e-05 
9.9702e-06 
1.01825e-05 
9.9702e-06 
1.01802e-05 
9.9702e-06 
1.01779e-05 
9.9702e-06 
1.01757e-05 
9.9702e-06 
1.01736e-05 
9.9702e-06 
1.01715e-05 
9.9702e-06 
1.01696e-05 
9.9702e-06 
1.01678e-05 
9.9702e-06 
1.0166e-05 
9.9702e-06 
1.01643e-05 
9.9702e-06 
1.01628e-05 
9.9702e-06 
1.01613e-05 
9.9702e-06 
1.01599e-05 
9.9702e-06 
1.01586e-05 
9.9702e-06 
1.01574e-05 
9.9702e-06 
1.01563e-05 
9.9702e-06 
1.01552e-05 
9.9702e-06 
1.01543e-05 
9.9702e-06 
1.01534e-05 
9.9702e-06 
1.01526e-05 
9.9702e-06 
1.01519e-05 
9.9702e-06 
1.01513e-05 
9.9702e-06 
1.01507e-05 
9.9702e-06 
1.01503e-05 
9.9702e-06 
1.01499e-05 
9.9702e-06 
1.01496e-05 
9.9702e-06 
1.01494e-05 
9.9702e-06 
1.01492e-05 
9.9702e-06 
1.01492e-05 
9.9702e-06 
1.01492e-05 
9.9702e-06 
1.01492e-05 
9.9702e-06 
1.01494e-05 
9.9702e-06 
1.01496e-05 
9.9702e-06 
1.01499e-05 
9.9702e-06 
1.01503e-05 
9.9702e-06 
1.01507e-05 
9.9702e-06 
1.01512e-05 
9.9702e-06 
1.01517e-05 
9.9702e-06 
1.01524e-05 
9.9702e-06 
1.0153e-05 
9.9702e-06 
1.01538e-05 
9.9702e-06 
1.01546e-05 
9.9702e-06 
1.01554e-05 
9.9702e-06 
1.01563e-05 
9.9702e-06 
1.01573e-05 
9.9702e-06 
1.01583e-05 
9.9702e-06 
1.01594e-05 
9.9702e-06 
1.01605e-05 
9.9702e-06 
1.01616e-05 
9.9702e-06 
1.01628e-05 
9.9702e-06 
1.01641e-05 
9.9702e-06 
1.01653e-05 
9.9702e-06 
1.01667e-05 
9.9702e-06 
1.0168e-05 
9.9702e-06 
1.01694e-05 
9.9702e-06 
1.01709e-05 
9.9702e-06 
1.01723e-05 
9.9702e-06 
1.01738e-05 
9.9702e-06 
1.01754e-05 
9.9702e-06 
1.01769e-05 
9.9702e-06 
1.01785e-05 
9.9702e-06 
1.01801e-05 
9.9702e-06 
1.01817e-05 
9.9702e-06 
1.01834e-05 
9.9702e-06 
1.0185e-05 
9.9702e-06 
1.01867e-05 
9.9702e-06 
1.01884e-05 
9.9702e-06 
1.01901e-05 
9.9702e-06 
1.01918e-05 
9.9702e-06 
1.01936e-05 
9.9702e-06 
1.01953e-05 
9.9702e-06 
1.01971e-05 
9.9702e-06 
1.01988e-05 
9.9702e-06 
1.02006e-05 
9.9702e-06 
1.02023e-05 
9.9702e-06 
1.02041e-05 
9.9702e-06 
1.02058e-05 
9.9702e-06 
1.02076e-05 
9.9702e-06 
1.02094e-05 
9.9702e-06 
1.02111e-05 
9.9702e-06 
1.02129e-05 
9.9702e-06 
1.02146e-05 
9.9702e-06 
1.02163e-05 
9.9702e-06 
1.0218e-05 
9.9702e-06 
1.02197e-05 
9.9702e-06 
1.02214e-05 
9.9702e-06 
1.02231e-05 
9.9702e-06 
1.02247e-05 
9.9702e-06 
1.02264e-05 
9.9702e-06 
1.0228e-05 
9.9702e-06 
1.02296e-05 
9.9702e-06 
1.02312e-05 
9.9702e-06 
1.02327e-05 
9.9702e-06 
1.02343e-05 
9.9702e-06 
1.02358e-05 
9.9702e-06 
1.02373e-05 
9.9702e-06 
1.02387e-05 
9.9702e-06 
1.02401e-05 
9.9702e-06 
1.02415e-05 
9.9702e-06 
1.02429e-05 
9.9702e-06 
1.02443e-05 
9.9702e-06 
1.02456e-05 
9.9702e-06 
1.02468e-05 
9.9702e-06 
1.02481e-05 
9.9702e-06 
1.02493e-05 
9.9702e-06 
1.02505e-05 
9.9702e-06 
1.02516e-05 
9.9702e-06 
1.02527e-05 
9.9702e-06 
1.02538e-05 
9.9702e-06 
1.02549e-05 
9.9702e-06 
1.02559e-05 
9.9702e-06 
1.02568e-05 
9.9702e-06 
1.02577e-05 
9.9702e-06 
1.02586e-05 
9.9702e-06 
1.02595e-05 
9.9702e-06 
1.02603e-05 
9.9702e-06 
1.0261e-05 
9.9702e-06 
1.02618e-05 
9.9702e-06 
1.02624e-05 
9.9702e-06 
1.02631e-05 
9.9702e-06 
1.02637e-05 
9.9702e-06 
1.02643e-05 
9.9702e-06 
1.02648e-05 
9.9702e-06 
1.02652e-05 
9.9702e-06 
1.02657e-05 
9.9702e-06 
1.02661e-05 
9.9702e-06 
1.02664e-05 
9.9702e-06 
1.02667e-05 
9.9702e-06 
1.0267e-05 
9.9702e-06 
1.02672e-05 
9.9702e-06 
1.02674e-05 
9.9702e-06 
1.02675e-05 
9.9702e-06 
1.02676e-05 
9.9702e-06 
1.02676e-05 
9.9702e-06 
1.02676e-05 
9.9702e-06 
1.02676e-05 
9.9702e-06 
1.02675e-05 
9.9702e-06 
1.02674e-05 
9.9702e-06 
1.02672e-05 
9.9702e-06 
1.0267e-05 
9.9702e-06 
1.02668e-05 
9.9702e-06 
1.02665e-05 
9.9702e-06 
1.02661e-05 
9.9702e-06 
1.02657e-05 
9.9702e-06 
1.02653e-05 
9.9702e-06 
1.02648e-05 
9.9702e-06 
1.02643e-05 
9.9702e-06 
1.02638e-05 
9.9702e-06 
1.02632e-05 
9.9702e-06 
1.02626e-05 
9.9702e-06 
1.02619e-05 
9.9702e-06 
1.02612e-05 
9.9702e-06 
1.02604e-05 
9.9702e-06 
1.02596e-05 
9.9702e-06 
1.02588e-05 
9.9702e-06 
1.02579e-05 
9.9702e-06 
1.0257e-05 
9.9702e-06 
1.02561e-05 
9.9702e-06 
1.02551e-05 
9.9702e-06 
1.02541e-05 
9.9702e-06 
1.0253e-05 
9.9702e-06 
1.02519e-05 
9.9702e-06 
1.02508e-05 
9.9702e-06 
1.02496e-05 
9.9702e-06 
1.02484e-05 
9.9702e-06 
1.02472e-05 
9.9702e-06 
1.02459e-05 
9.9702e-06 
1.02446e-05 
9.9702e-06 
1.02433e-05 
9.9702e-06 
1.02419e-05 
9.9702e-06 
1.02406e-05 
9.9702e-06 
1.02391e-05 
9.9702e-06 
1.02377e-05 
9.9702e-06 
1.02362e-05 
9.9702e-06 
1.02347e-05 
9.9702e-06 
1.02331e-05 
9.9702e-06 
1.02316e-05 
9.9702e-06 
1.023e-05 
9.9702e-06 
1.02283e-05 
9.9702e-06 
1.02267e-05 
9.9702e-06 
1.0225e-05 
9.9702e-06 
1.02233e-05 
9.9702e-06 
1.02216e-05 
9.9702e-06 
1.02199e-05 
9.9702e-06 
1.02181e-05 
9.9702e-06 
1.02163e-05 
9.9702e-06 
1.02145e-05 
9.9702e-06 
1.02127e-05 
9.9702e-06 
1.02108e-05 
9.9702e-06 
1.0209e-05 
9.9702e-06 
1.02071e-05 
9.9702e-06 
1.02052e-05 
9.9702e-06 
1.02033e-05 
9.9702e-06 
1.02014e-05 
9.9702e-06 
1.01994e-05 
9.9702e-06 
1.01974e-05 
9.9702e-06 
1.01955e-05 
9.9702e-06 
1.01935e-05 
9.9702e-06 
1.01915e-05 
9.9702e-06 
1.01895e-05 
9.9702e-06 
1.01875e-05 
9.9702e-06 
1.01854e-05 
9.9702e-06 
1.01834e-05 
9.9702e-06 
1.01814e-05 
9.9702e-06 
1.01793e-05 
9.9702e-06 
1.01773e-05 
9.9702e-06 
1.01752e-05 
9.9702e-06 
1.01731e-05 
9.9702e-06 
1.01711e-05 
9.9702e-06 
1.0169e-05 
9.9702e-06 
1.01669e-05 
9.9702e-06 
1.01649e-05 
9.9702e-06 
1.01628e-05 
9.9702e-06 
1.01607e-05 
9.9702e-06 
1.01586e-05 
9.9702e-06 
1.01566e-05 
9.9702e-06 
1.01545e-05 
9.9702e-06 
1.01524e-05 
9.9702e-06 
1.01503e-05 
9.9702e-06 
1.01483e-05 
9.9702e-06 
1.01462e-05 
9.9702e-06 
1.01442e-05 
9.9702e-06 
1.01421e-05 
9.9702e-06 
1.01401e-05 
9.9702e-06 
1.01381e-05 
9.9702e-06 
1.01361e-05 
9.9702e-06 
1.0134e-05 
9.9702e-06 
1.0132e-05 
9.9702e-06 
1.01301e-05 
9.9702e-06 
1.01281e-05 
9.9702e-06 
1.01261e-05 
9.9702e-06 
1.01242e-05 
9.9702e-06 
1.01222e-05 
9.9702e-06 
1.01203e-05 
9.9702e-06 
1.01184e-05 
9.9702e-06 
1.01165e-05 
9.9702e-06 
1.01146e-05 
9.9702e-06 
1.01127e-05 
9.9702e-06 
1.01109e-05 
9.9702e-06 
1.01091e-05 
9.9702e-06 
1.01072e-05 
9.9702e-06 
1.01054e-05 
9.9702e-06 
1.01037e-05 
9.9702e-06 
1.01019e-05 
9.9702e-06 
1.01002e-05 
9.9702e-06 
1.00984e-05 
9.9702e-06 
1.00967e-05 
9.9702e-06 
1.00951e-05 
9.9702e-06 
1.00934e-05 
9.9702e-06 
1.00918e-05 
9.9702e-06 
1.00902e-05 
9.9702e-06 
1.00886e-05 
9.9702e-06 
1.0087e-05 
9.9702e-06 
1.00855e-05 
9.9702e-06 
1.00839e-05 
9.9702e-06 
1.00824e-05 
9.9702e-06 
1.0081e-05 
9.9702e-06 
1.00795e-05 
9.9702e-06 
1.00781e-05 
9.9702e-06 
1.00767e-05 
9.9702e-06 
1.00753e-05 
9.9702e-06 
1.0074e-05 
9.9702e-06 
1.00726e-05 
9.9702e-06 
1.00713e-05 
9.9702e-06 
1.00701e-05 
9.9702e-06 
1.00688e-05 
9.9702e-06 
1.00676e-05 
9.9702e-06 
1.00664e-05 
9.9702e-06 
1.00652e-05 
9.9702e-06 
1.00641e-05 
9.9702e-06 
1.0063e-05 
9.9702e-06 
1.00619e-05 
9.9702e-06 
1.00608e-05 
9.9702e-06 
1.00598e-05 
9.9702e-06 
1.00588e-05 
9.9702e-06 
1.00578e-05 
9.9702e-06 
1.00569e-05 
9.9702e-06 
1.00559e-05 
9.9702e-06 
1.0055e-05 
9.92797e-06 
9.97689e-06 
1.00884e-05 
9.9702e-06 
1.00404e-05 
9.9702e-06 
1.00376e-05 
9.9702e-06 
1.00354e-05 
9.9702e-06 
1.00332e-05 
9.9702e-06 
1.00312e-05 
9.9702e-06 
1.00291e-05 
9.9702e-06 
1.00272e-05 
9.9702e-06 
1.00254e-05 
9.9702e-06 
1.00236e-05 
9.9702e-06 
1.0022e-05 
9.9702e-06 
1.00204e-05 
9.9702e-06 
1.00189e-05 
9.9702e-06 
1.00175e-05 
9.9702e-06 
1.00161e-05 
9.9702e-06 
1.00149e-05 
9.9702e-06 
1.00137e-05 
9.97019e-06 
1.00127e-05 
9.97018e-06 
1.00117e-05 
9.97018e-06 
1.00108e-05 
9.97017e-06 
1.001e-05 
9.97017e-06 
1.00093e-05 
9.97016e-06 
1.00086e-05 
9.97016e-06 
1.00081e-05 
9.97016e-06 
1.00076e-05 
9.97015e-06 
1.00073e-05 
9.97015e-06 
1.0007e-05 
9.97015e-06 
1.00068e-05 
9.97015e-06 
1.00067e-05 
9.97015e-06 
1.00067e-05 
9.97015e-06 
1.00068e-05 
9.97015e-06 
1.0007e-05 
9.97015e-06 
1.00072e-05 
9.97015e-06 
1.00076e-05 
9.97015e-06 
1.0008e-05 
9.97016e-06 
1.00085e-05 
9.97016e-06 
1.00091e-05 
9.97016e-06 
1.00099e-05 
9.97017e-06 
1.00106e-05 
9.97017e-06 
1.00115e-05 
9.97018e-06 
1.00125e-05 
9.97018e-06 
1.00136e-05 
9.97019e-06 
1.00147e-05 
9.9702e-06 
1.0016e-05 
9.9702e-06 
1.00173e-05 
9.9702e-06 
1.00187e-05 
9.9702e-06 
1.00202e-05 
9.9702e-06 
1.00218e-05 
9.9702e-06 
1.00235e-05 
9.9702e-06 
1.00253e-05 
9.9702e-06 
1.00271e-05 
9.9702e-06 
1.00291e-05 
9.9702e-06 
1.00311e-05 
9.9702e-06 
1.00332e-05 
9.9702e-06 
1.00354e-05 
9.9702e-06 
1.0038e-05 
9.96899e-06 
1.00362e-05 
9.9702e-06 
1.00383e-05 
9.9702e-06 
1.00383e-05 
9.9702e-06 
1.00383e-05 
9.9702e-06 
1.00384e-05 
9.9702e-06 
1.0062e-05 
9.9702e-06 
1.00471e-05 
9.9702e-06 
1.00485e-05 
9.9702e-06 
1.005e-05 
9.9702e-06 
1.00516e-05 
9.9702e-06 
1.00532e-05 
9.9702e-06 
1.00548e-05 
9.9702e-06 
1.00564e-05 
9.9702e-06 
1.00581e-05 
9.9702e-06 
1.00598e-05 
9.9702e-06 
1.00616e-05 
9.9702e-06 
1.00634e-05 
9.9702e-06 
1.00652e-05 
9.9702e-06 
1.0067e-05 
9.9702e-06 
1.00689e-05 
9.9702e-06 
1.00708e-05 
9.9702e-06 
1.00727e-05 
9.9702e-06 
1.00747e-05 
9.9702e-06 
1.00766e-05 
9.9702e-06 
1.00786e-05 
9.9702e-06 
1.00807e-05 
9.9702e-06 
1.00827e-05 
9.9702e-06 
1.00848e-05 
9.9702e-06 
1.00869e-05 
9.9702e-06 
1.00891e-05 
9.9702e-06 
1.00912e-05 
9.9702e-06 
1.00934e-05 
9.9702e-06 
1.00956e-05 
9.9702e-06 
1.00978e-05 
9.9702e-06 
1.01001e-05 
9.9702e-06 
1.01023e-05 
9.9702e-06 
1.01046e-05 
9.9702e-06 
1.01069e-05 
9.9702e-06 
1.01093e-05 
9.9702e-06 
1.01116e-05 
9.9702e-06 
1.0114e-05 
9.9702e-06 
1.01163e-05 
9.9702e-06 
1.01187e-05 
9.9702e-06 
1.01211e-05 
9.9702e-06 
1.01236e-05 
9.9702e-06 
1.0126e-05 
9.9702e-06 
1.01285e-05 
9.9702e-06 
1.01309e-05 
9.9702e-06 
1.01334e-05 
9.9702e-06 
1.01359e-05 
9.9702e-06 
1.01384e-05 
9.9702e-06 
1.0141e-05 
9.9702e-06 
1.01435e-05 
9.9702e-06 
1.01461e-05 
9.9702e-06 
1.01486e-05 
9.9702e-06 
1.01512e-05 
9.9702e-06 
1.01538e-05 
9.9702e-06 
1.01564e-05 
9.9702e-06 
1.0159e-05 
9.9702e-06 
1.01616e-05 
9.9702e-06 
1.01642e-05 
9.9702e-06 
1.01669e-05 
9.9702e-06 
1.01695e-05 
9.9702e-06 
1.01721e-05 
9.9702e-06 
1.01748e-05 
9.9702e-06 
1.01775e-05 
9.9702e-06 
1.01801e-05 
9.9702e-06 
1.01828e-05 
9.9702e-06 
1.01855e-05 
9.9702e-06 
1.01882e-05 
9.9702e-06 
1.01909e-05 
9.9702e-06 
1.01935e-05 
9.9702e-06 
1.01962e-05 
9.9702e-06 
1.01989e-05 
9.9702e-06 
1.02016e-05 
9.9702e-06 
1.02043e-05 
9.9702e-06 
1.0207e-05 
9.9702e-06 
1.02097e-05 
9.9702e-06 
1.02124e-05 
9.9702e-06 
1.02151e-05 
9.9702e-06 
1.02178e-05 
9.9702e-06 
1.02205e-05 
9.9702e-06 
1.02232e-05 
9.9702e-06 
1.02259e-05 
9.9702e-06 
1.02286e-05 
9.9702e-06 
1.02312e-05 
9.9702e-06 
1.02339e-05 
9.9702e-06 
1.02366e-05 
9.9702e-06 
1.02392e-05 
9.9702e-06 
1.02419e-05 
9.9702e-06 
1.02445e-05 
9.9702e-06 
1.02471e-05 
9.9702e-06 
1.02497e-05 
9.9702e-06 
1.02523e-05 
9.9702e-06 
1.02549e-05 
9.9702e-06 
1.02575e-05 
9.9702e-06 
1.02601e-05 
9.9702e-06 
1.02626e-05 
9.9702e-06 
1.02651e-05 
9.9702e-06 
1.02676e-05 
9.9702e-06 
1.02701e-05 
9.9702e-06 
1.02726e-05 
9.9702e-06 
1.0275e-05 
9.9702e-06 
1.02775e-05 
9.9702e-06 
1.02799e-05 
9.9702e-06 
1.02822e-05 
9.9702e-06 
1.02846e-05 
9.9702e-06 
1.02869e-05 
9.9702e-06 
1.02892e-05 
9.9702e-06 
1.02915e-05 
9.9702e-06 
1.02937e-05 
9.9702e-06 
1.02959e-05 
9.9702e-06 
1.02981e-05 
9.9702e-06 
1.03003e-05 
9.9702e-06 
1.03024e-05 
9.9702e-06 
1.03045e-05 
9.9702e-06 
1.03065e-05 
9.9702e-06 
1.03085e-05 
9.9702e-06 
1.03105e-05 
9.9702e-06 
1.03124e-05 
9.9702e-06 
1.03143e-05 
9.9702e-06 
1.03161e-05 
9.9702e-06 
1.0318e-05 
9.9702e-06 
1.03197e-05 
9.9702e-06 
1.03214e-05 
9.9702e-06 
1.03231e-05 
9.9702e-06 
1.03247e-05 
9.9702e-06 
1.03263e-05 
9.9702e-06 
1.03278e-05 
9.9702e-06 
1.03293e-05 
9.9702e-06 
1.03307e-05 
9.9702e-06 
1.03321e-05 
9.9702e-06 
1.03334e-05 
9.9702e-06 
1.03347e-05 
9.9702e-06 
1.03359e-05 
9.9702e-06 
1.03371e-05 
9.9702e-06 
1.03382e-05 
9.9702e-06 
1.03392e-05 
9.9702e-06 
1.03402e-05 
9.9702e-06 
1.03412e-05 
9.9702e-06 
1.0342e-05 
9.9702e-06 
1.03429e-05 
9.9702e-06 
1.03436e-05 
9.9702e-06 
1.03443e-05 
9.9702e-06 
1.03449e-05 
9.9702e-06 
1.03455e-05 
9.9702e-06 
1.0346e-05 
9.9702e-06 
1.03465e-05 
9.9702e-06 
1.03468e-05 
9.9702e-06 
1.03471e-05 
9.9702e-06 
1.03474e-05 
9.9702e-06 
1.03476e-05 
9.9702e-06 
1.03477e-05 
9.9702e-06 
1.03477e-05 
9.9702e-06 
1.03477e-05 
9.9702e-06 
1.03476e-05 
9.9702e-06 
1.03475e-05 
9.9702e-06 
1.03473e-05 
9.9702e-06 
1.0347e-05 
9.9702e-06 
1.03466e-05 
9.9702e-06 
1.03462e-05 
9.9702e-06 
1.03457e-05 
9.9702e-06 
1.03452e-05 
9.9702e-06 
1.03445e-05 
9.9702e-06 
1.03439e-05 
9.9702e-06 
1.03431e-05 
9.9702e-06 
1.03423e-05 
9.9702e-06 
1.03414e-05 
9.9702e-06 
1.03404e-05 
9.9702e-06 
1.03394e-05 
9.9702e-06 
1.03383e-05 
9.9702e-06 
1.03371e-05 
9.9702e-06 
1.03359e-05 
9.9702e-06 
1.03346e-05 
9.9702e-06 
1.03332e-05 
9.9702e-06 
1.03318e-05 
9.9702e-06 
1.03303e-05 
9.9702e-06 
1.03288e-05 
9.9702e-06 
1.03272e-05 
9.9702e-06 
1.03255e-05 
9.9702e-06 
1.03237e-05 
9.9702e-06 
1.03219e-05 
9.9702e-06 
1.03201e-05 
9.9702e-06 
1.03182e-05 
9.9702e-06 
1.03162e-05 
9.9702e-06 
1.03142e-05 
9.9702e-06 
1.03121e-05 
9.9702e-06 
1.03099e-05 
9.9702e-06 
1.03077e-05 
9.9702e-06 
1.03055e-05 
9.9702e-06 
1.03032e-05 
9.9702e-06 
1.03008e-05 
9.9702e-06 
1.02984e-05 
9.9702e-06 
1.0296e-05 
9.9702e-06 
1.02934e-05 
9.9702e-06 
1.02909e-05 
9.9702e-06 
1.02883e-05 
9.9702e-06 
1.02857e-05 
9.9702e-06 
1.0283e-05 
9.9702e-06 
1.02803e-05 
9.9702e-06 
1.02775e-05 
9.9702e-06 
1.02747e-05 
9.9702e-06 
1.02719e-05 
9.9702e-06 
1.0269e-05 
9.9702e-06 
1.02661e-05 
9.9702e-06 
1.02631e-05 
9.9702e-06 
1.02602e-05 
9.9702e-06 
1.02572e-05 
9.9702e-06 
1.02542e-05 
9.9702e-06 
1.02511e-05 
9.9702e-06 
1.0248e-05 
9.9702e-06 
1.02449e-05 
9.9702e-06 
1.02418e-05 
9.9702e-06 
1.02387e-05 
9.9702e-06 
1.02355e-05 
9.9702e-06 
1.02324e-05 
9.9702e-06 
1.02292e-05 
9.9702e-06 
1.0226e-05 
9.9702e-06 
1.02228e-05 
9.9702e-06 
1.02196e-05 
9.9702e-06 
1.02163e-05 
9.9702e-06 
1.02131e-05 
9.9702e-06 
1.02099e-05 
9.9702e-06 
1.02067e-05 
9.9702e-06 
1.02034e-05 
9.9702e-06 
1.02002e-05 
9.9702e-06 
1.0197e-05 
9.9702e-06 
1.01938e-05 
9.9702e-06 
1.01906e-05 
9.9702e-06 
1.01874e-05 
9.9702e-06 
1.01842e-05 
9.9702e-06 
1.01811e-05 
9.9702e-06 
1.01779e-05 
9.9702e-06 
1.01748e-05 
9.9702e-06 
1.01717e-05 
9.9702e-06 
1.01686e-05 
9.9702e-06 
1.01656e-05 
9.9702e-06 
1.01626e-05 
9.9702e-06 
1.01596e-05 
9.9702e-06 
1.01566e-05 
9.9702e-06 
1.01537e-05 
9.9702e-06 
1.01508e-05 
9.9702e-06 
1.0148e-05 
9.9702e-06 
1.01451e-05 
9.9702e-06 
1.01424e-05 
9.9702e-06 
1.01397e-05 
9.9702e-06 
1.0137e-05 
9.9702e-06 
1.01344e-05 
9.9702e-06 
1.01318e-05 
9.9702e-06 
1.01293e-05 
9.9702e-06 
1.01268e-05 
9.9702e-06 
1.01244e-05 
9.9702e-06 
1.0122e-05 
9.9702e-06 
1.01197e-05 
9.9702e-06 
1.01175e-05 
9.9702e-06 
1.01154e-05 
9.9702e-06 
1.01133e-05 
9.9702e-06 
1.01113e-05 
9.9702e-06 
1.01093e-05 
9.9702e-06 
1.01075e-05 
9.9702e-06 
1.01057e-05 
9.9702e-06 
1.0104e-05 
9.9702e-06 
1.01023e-05 
9.9702e-06 
1.01008e-05 
9.9702e-06 
1.00993e-05 
9.9702e-06 
1.0098e-05 
9.9702e-06 
1.00967e-05 
9.9702e-06 
1.00955e-05 
9.9702e-06 
1.00944e-05 
9.9702e-06 
1.00934e-05 
9.9702e-06 
1.00925e-05 
9.9702e-06 
1.00917e-05 
9.9702e-06 
1.0091e-05 
9.9702e-06 
1.00904e-05 
9.9702e-06 
1.00899e-05 
9.9702e-06 
1.00896e-05 
9.9702e-06 
1.00893e-05 
9.9702e-06 
1.00891e-05 
9.9702e-06 
1.00891e-05 
9.9702e-06 
1.00892e-05 
9.9702e-06 
1.00894e-05 
9.9702e-06 
1.00897e-05 
9.9702e-06 
1.00902e-05 
9.9702e-06 
1.00907e-05 
9.9702e-06 
1.00914e-05 
9.9702e-06 
1.00922e-05 
9.9702e-06 
1.00932e-05 
9.9702e-06 
1.00943e-05 
9.9702e-06 
1.00955e-05 
9.9702e-06 
1.00968e-05 
9.9702e-06 
1.00983e-05 
9.9702e-06 
1.01e-05 
9.9702e-06 
1.01017e-05 
9.9702e-06 
1.01036e-05 
9.9702e-06 
1.01057e-05 
9.9702e-06 
1.01079e-05 
9.9702e-06 
1.01102e-05 
9.9702e-06 
1.01127e-05 
9.9702e-06 
1.01154e-05 
9.9702e-06 
1.01181e-05 
9.9702e-06 
1.01211e-05 
9.9702e-06 
1.01242e-05 
9.9702e-06 
1.01274e-05 
9.9702e-06 
1.01308e-05 
9.9702e-06 
1.01344e-05 
9.9702e-06 
1.01381e-05 
9.9702e-06 
1.01419e-05 
9.9702e-06 
1.0146e-05 
9.9702e-06 
1.01501e-05 
9.9702e-06 
1.01545e-05 
9.9702e-06 
1.0159e-05 
9.9702e-06 
1.01637e-05 
9.9702e-06 
1.01685e-05 
9.9702e-06 
1.01735e-05 
9.9702e-06 
1.01786e-05 
9.9702e-06 
1.01839e-05 
9.9702e-06 
1.01894e-05 
9.9702e-06 
1.0195e-05 
9.9702e-06 
1.02008e-05 
9.9702e-06 
1.02068e-05 
9.9702e-06 
1.02129e-05 
9.9702e-06 
1.02192e-05 
9.9702e-06 
1.02257e-05 
9.9702e-06 
1.02323e-05 
9.9702e-06 
1.02391e-05 
9.9702e-06 
1.0246e-05 
9.9702e-06 
1.02531e-05 
9.9702e-06 
1.02603e-05 
9.9702e-06 
1.02678e-05 
9.9702e-06 
1.02753e-05 
9.9702e-06 
1.02831e-05 
9.9702e-06 
1.0291e-05 
9.9702e-06 
1.0299e-05 
9.9702e-06 
1.03072e-05 
9.9702e-06 
1.03156e-05 
9.9702e-06 
1.03241e-05 
9.9702e-06 
1.03328e-05 
9.9702e-06 
1.03416e-05 
9.9702e-06 
1.03505e-05 
9.9702e-06 
1.03596e-05 
9.9702e-06 
1.03689e-05 
9.9702e-06 
1.03783e-05 
9.9702e-06 
1.03878e-05 
9.9702e-06 
1.03975e-05 
9.9702e-06 
1.04073e-05 
9.9702e-06 
1.04173e-05 
9.9702e-06 
1.04273e-05 
9.9702e-06 
1.04376e-05 
9.9702e-06 
1.04479e-05 
9.9702e-06 
1.04584e-05 
9.9702e-06 
1.04689e-05 
9.9702e-06 
1.04797e-05 
9.9702e-06 
1.04905e-05 
9.9702e-06 
1.05014e-05 
9.9702e-06 
1.05125e-05 
9.9702e-06 
1.05236e-05 
9.9702e-06 
1.05349e-05 
9.9702e-06 
1.05462e-05 
9.9702e-06 
1.05577e-05 
9.9702e-06 
1.05693e-05 
9.9702e-06 
1.05809e-05 
9.9702e-06 
1.05927e-05 
9.9702e-06 
1.06045e-05 
9.9702e-06 
1.06164e-05 
9.9702e-06 
1.06283e-05 
9.9702e-06 
1.06404e-05 
9.9702e-06 
1.06525e-05 
9.9702e-06 
1.06647e-05 
9.9702e-06 
1.06769e-05 
9.9702e-06 
1.06892e-05 
9.9702e-06 
1.07016e-05 
9.9702e-06 
1.0714e-05 
9.9702e-06 
1.07264e-05 
9.9702e-06 
1.07389e-05 
9.9702e-06 
1.07514e-05 
9.9702e-06 
1.0764e-05 
9.9702e-06 
1.07766e-05 
9.9702e-06 
1.07892e-05 
9.9702e-06 
1.08018e-05 
9.9702e-06 
1.08144e-05 
9.9702e-06 
1.0827e-05 
9.9702e-06 
1.08396e-05 
9.9702e-06 
1.08523e-05 
9.9702e-06 
1.08649e-05 
9.9702e-06 
1.08775e-05 
9.9702e-06 
1.08901e-05 
9.9702e-06 
1.09026e-05 
9.9702e-06 
1.09152e-05 
9.9702e-06 
1.09277e-05 
9.9702e-06 
1.09401e-05 
9.9702e-06 
1.09526e-05 
9.9702e-06 
1.09649e-05 
9.9702e-06 
1.09772e-05 
9.9702e-06 
1.09895e-05 
9.9702e-06 
1.10017e-05 
9.9702e-06 
1.10138e-05 
9.9702e-06 
1.10259e-05 
9.9702e-06 
1.10378e-05 
9.9702e-06 
1.10497e-05 
9.9702e-06 
1.10615e-05 
9.9702e-06 
1.10732e-05 
9.9702e-06 
1.10848e-05 
9.9702e-06 
1.10963e-05 
9.9702e-06 
1.11077e-05 
9.9702e-06 
1.11189e-05 
9.9702e-06 
1.11301e-05 
9.9702e-06 
1.11411e-05 
9.9702e-06 
1.1152e-05 
9.9702e-06 
1.11627e-05 
9.9702e-06 
1.11733e-05 
9.9702e-06 
1.11838e-05 
9.9702e-06 
1.11941e-05 
9.9702e-06 
1.12043e-05 
9.9702e-06 
1.12143e-05 
9.9702e-06 
1.12241e-05 
9.9702e-06 
1.12338e-05 
9.9702e-06 
1.12433e-05 
9.9702e-06 
1.12526e-05 
9.9702e-06 
1.12618e-05 
9.9702e-06 
1.12707e-05 
9.9702e-06 
1.12795e-05 
9.9702e-06 
1.12881e-05 
9.9702e-06 
1.12965e-05 
9.9702e-06 
1.13047e-05 
9.9702e-06 
1.13127e-05 
9.9702e-06 
1.13204e-05 
9.9702e-06 
1.1328e-05 
9.9702e-06 
1.13353e-05 
9.9702e-06 
1.13425e-05 
9.9702e-06 
1.13494e-05 
9.9702e-06 
1.13561e-05 
9.9702e-06 
1.13625e-05 
9.9702e-06 
1.13688e-05 
9.9702e-06 
1.13748e-05 
9.9702e-06 
1.13806e-05 
9.9702e-06 
1.13861e-05 
9.9702e-06 
1.13914e-05 
9.9702e-06 
1.13965e-05 
9.9702e-06 
1.14013e-05 
9.9702e-06 
1.14058e-05 
9.9702e-06 
1.14102e-05 
9.9702e-06 
1.14143e-05 
9.9702e-06 
1.14181e-05 
9.9702e-06 
1.14217e-05 
9.9702e-06 
1.1425e-05 
9.9702e-06 
1.14281e-05 
9.9702e-06 
1.1431e-05 
9.9702e-06 
1.14335e-05 
9.9702e-06 
1.14359e-05 
9.9702e-06 
1.1438e-05 
9.9702e-06 
1.14398e-05 
9.9702e-06 
1.14414e-05 
9.9702e-06 
1.14427e-05 
9.9702e-06 
1.14438e-05 
9.9702e-06 
1.14446e-05 
9.9702e-06 
1.14452e-05 
9.9702e-06 
1.14455e-05 
9.9702e-06 
1.14456e-05 
9.9702e-06 
1.14455e-05 
9.9702e-06 
1.14451e-05 
9.9702e-06 
1.14444e-05 
9.9702e-06 
1.14435e-05 
9.9702e-06 
1.14424e-05 
9.9702e-06 
1.1441e-05 
9.9702e-06 
1.14394e-05 
9.9702e-06 
1.14376e-05 
9.9702e-06 
1.14355e-05 
9.9702e-06 
1.14332e-05 
9.9702e-06 
1.14307e-05 
9.9702e-06 
1.14279e-05 
9.9702e-06 
1.1425e-05 
9.9702e-06 
1.14218e-05 
9.9702e-06 
1.14184e-05 
9.9702e-06 
1.14148e-05 
9.9702e-06 
1.1411e-05 
9.9702e-06 
1.14069e-05 
9.9702e-06 
1.14027e-05 
9.9702e-06 
1.13983e-05 
9.9702e-06 
1.13937e-05 
9.9702e-06 
1.13889e-05 
9.9702e-06 
1.13839e-05 
9.9702e-06 
1.13788e-05 
9.9702e-06 
1.13734e-05 
9.9702e-06 
1.13679e-05 
9.9702e-06 
1.13622e-05 
9.9702e-06 
1.13564e-05 
9.9702e-06 
1.13504e-05 
9.9702e-06 
1.13442e-05 
9.9702e-06 
1.13379e-05 
9.9702e-06 
1.13315e-05 
9.9702e-06 
1.13249e-05 
9.9702e-06 
1.13182e-05 
9.9702e-06 
1.13113e-05 
9.9702e-06 
1.13043e-05 
9.9702e-06 
1.12972e-05 
9.9702e-06 
1.129e-05 
9.9702e-06 
1.12827e-05 
9.9702e-06 
1.12752e-05 
9.9702e-06 
1.12677e-05 
9.9702e-06 
1.12601e-05 
9.9702e-06 
1.12523e-05 
9.9702e-06 
1.12445e-05 
9.9702e-06 
1.12366e-05 
9.9702e-06 
1.12286e-05 
9.9702e-06 
1.12206e-05 
9.9702e-06 
1.12124e-05 
9.9702e-06 
1.12043e-05 
9.9702e-06 
1.1196e-05 
9.9702e-06 
1.11877e-05 
9.9702e-06 
1.11794e-05 
9.9702e-06 
1.1171e-05 
9.9702e-06 
1.11626e-05 
9.9702e-06 
1.11541e-05 
9.9702e-06 
1.11456e-05 
9.9702e-06 
1.11371e-05 
9.9702e-06 
1.11285e-05 
9.9702e-06 
1.112e-05 
9.9702e-06 
1.11114e-05 
9.9702e-06 
1.11028e-05 
9.9702e-06 
1.10942e-05 
9.9702e-06 
1.10856e-05 
9.9702e-06 
1.1077e-05 
9.9702e-06 
1.10685e-05 
9.9702e-06 
1.10599e-05 
9.9702e-06 
1.10513e-05 
9.9702e-06 
1.10428e-05 
9.9702e-06 
1.10343e-05 
9.9702e-06 
1.10258e-05 
9.9702e-06 
1.10173e-05 
9.9702e-06 
1.10089e-05 
9.9702e-06 
1.10005e-05 
9.9702e-06 
1.09921e-05 
9.9702e-06 
1.09838e-05 
9.9702e-06 
1.09756e-05 
9.9702e-06 
1.09673e-05 
9.9702e-06 
1.09592e-05 
9.9702e-06 
1.09511e-05 
9.9702e-06 
1.0943e-05 
9.9702e-06 
1.0935e-05 
9.9702e-06 
1.09271e-05 
9.9702e-06 
1.09192e-05 
9.9702e-06 
1.09114e-05 
9.9702e-06 
1.09036e-05 
9.9702e-06 
1.0896e-05 
9.9702e-06 
1.08884e-05 
9.9702e-06 
1.08808e-05 
9.9702e-06 
1.08734e-05 
9.9702e-06 
1.0866e-05 
9.9702e-06 
1.08588e-05 
9.9702e-06 
1.08516e-05 
9.9702e-06 
1.08445e-05 
9.9702e-06 
1.08374e-05 
9.9702e-06 
1.08305e-05 
9.9702e-06 
1.08237e-05 
9.9702e-06 
1.08169e-05 
9.9702e-06 
1.08103e-05 
9.9702e-06 
1.08037e-05 
9.9702e-06 
1.07973e-05 
9.9702e-06 
1.07909e-05 
9.9702e-06 
1.07847e-05 
9.9702e-06 
1.07785e-05 
9.9702e-06 
1.07725e-05 
9.9702e-06 
1.07665e-05 
9.9702e-06 
1.07607e-05 
9.9702e-06 
1.0755e-05 
9.9702e-06 
1.07494e-05 
9.9702e-06 
1.07438e-05 
9.9702e-06 
1.07385e-05 
9.9702e-06 
1.07332e-05 
9.9702e-06 
1.0728e-05 
9.9702e-06 
1.0723e-05 
9.9702e-06 
1.07181e-05 
9.9702e-06 
1.07133e-05 
9.9702e-06 
1.07086e-05 
9.9702e-06 
1.0704e-05 
9.9702e-06 
1.06996e-05 
9.9702e-06 
1.06953e-05 
9.9702e-06 
1.06911e-05 
9.9702e-06 
1.0687e-05 
9.9702e-06 
1.06831e-05 
9.9702e-06 
1.06793e-05 
9.9702e-06 
1.06757e-05 
9.9702e-06 
1.06722e-05 
9.9702e-06 
1.06688e-05 
9.9702e-06 
1.06655e-05 
9.9702e-06 
1.06624e-05 
9.9702e-06 
1.06594e-05 
9.9702e-06 
1.06566e-05 
9.9702e-06 
1.06539e-05 
9.9702e-06 
1.06514e-05 
9.9702e-06 
1.0649e-05 
9.9702e-06 
1.06468e-05 
9.9702e-06 
1.06447e-05 
9.9702e-06 
1.06427e-05 
9.9702e-06 
1.0641e-05 
9.9702e-06 
1.06393e-05 
9.9702e-06 
1.06379e-05 
9.9702e-06 
1.06365e-05 
9.9702e-06 
1.06354e-05 
9.9702e-06 
1.06344e-05 
9.9702e-06 
1.06336e-05 
9.9702e-06 
1.06329e-05 
9.9702e-06 
1.06324e-05 
9.9702e-06 
1.06321e-05 
9.9702e-06 
1.06319e-05 
9.9702e-06 
1.0632e-05 
9.9702e-06 
1.06321e-05 
9.9702e-06 
1.06325e-05 
9.9702e-06 
1.06331e-05 
9.9702e-06 
1.06338e-05 
9.9702e-06 
1.06347e-05 
9.9702e-06 
1.06358e-05 
9.9702e-06 
1.0637e-05 
9.9702e-06 
1.06385e-05 
9.9702e-06 
1.06401e-05 
9.9702e-06 
1.06419e-05 
9.9702e-06 
1.06439e-05 
9.9702e-06 
1.06461e-05 
9.9702e-06 
1.06485e-05 
9.9702e-06 
1.06511e-05 
9.9702e-06 
1.06539e-05 
9.9702e-06 
1.06569e-05 
9.9702e-06 
1.066e-05 
9.9702e-06 
1.06634e-05 
9.9702e-06 
1.0667e-05 
9.9702e-06 
1.06707e-05 
9.9702e-06 
1.06747e-05 
9.9702e-06 
1.06788e-05 
9.9702e-06 
1.06832e-05 
9.9702e-06 
1.06877e-05 
9.9702e-06 
1.06925e-05 
9.9702e-06 
1.06974e-05 
9.9702e-06 
1.07026e-05 
9.9702e-06 
1.07079e-05 
9.9702e-06 
1.07135e-05 
9.9702e-06 
1.07192e-05 
9.9702e-06 
1.07252e-05 
9.9702e-06 
1.07313e-05 
9.9702e-06 
1.07377e-05 
9.9702e-06 
1.07442e-05 
9.9702e-06 
1.07509e-05 
9.9702e-06 
1.07579e-05 
9.9702e-06 
1.0765e-05 
9.9702e-06 
1.07723e-05 
9.9702e-06 
1.07798e-05 
9.9702e-06 
1.07875e-05 
9.9702e-06 
1.07954e-05 
9.9702e-06 
1.08035e-05 
9.9702e-06 
1.08118e-05 
9.9702e-06 
1.08202e-05 
9.9702e-06 
1.08288e-05 
9.9702e-06 
1.08376e-05 
9.9702e-06 
1.08466e-05 
9.9702e-06 
1.08557e-05 
9.9702e-06 
1.08651e-05 
9.9702e-06 
1.08746e-05 
9.9702e-06 
1.08842e-05 
9.9702e-06 
1.0894e-05 
9.9702e-06 
1.0904e-05 
9.9702e-06 
1.09141e-05 
9.9702e-06 
1.09243e-05 
9.9702e-06 
1.09348e-05 
9.9702e-06 
1.09453e-05 
9.9702e-06 
1.0956e-05 
9.9702e-06 
1.09668e-05 
9.9702e-06 
1.09778e-05 
9.9702e-06 
1.09888e-05 
9.9702e-06 
1.1e-05 
9.9702e-06 
1.10113e-05 
9.9702e-06 
1.10227e-05 
9.9702e-06 
1.10342e-05 
9.9702e-06 
1.10458e-05 
9.9702e-06 
1.10575e-05 
9.9702e-06 
1.10693e-05 
9.9702e-06 
1.10812e-05 
9.9702e-06 
1.10931e-05 
9.9702e-06 
1.11051e-05 
9.9702e-06 
1.11172e-05 
9.9702e-06 
1.11293e-05 
9.9702e-06 
1.11415e-05 
9.9702e-06 
1.11537e-05 
9.9702e-06 
1.11659e-05 
9.9702e-06 
1.11782e-05 
9.9702e-06 
1.11905e-05 
9.9702e-06 
1.12028e-05 
9.9702e-06 
1.12151e-05 
9.9702e-06 
1.12275e-05 
9.9702e-06 
1.12398e-05 
9.9702e-06 
1.12521e-05 
9.9702e-06 
1.12644e-05 
9.9702e-06 
1.12766e-05 
9.9702e-06 
1.12889e-05 
9.9702e-06 
1.1301e-05 
9.9702e-06 
1.13132e-05 
9.9702e-06 
1.13252e-05 
9.9702e-06 
1.13372e-05 
9.9702e-06 
1.13492e-05 
9.9702e-06 
1.1361e-05 
9.9702e-06 
1.13728e-05 
9.9702e-06 
1.13844e-05 
9.9702e-06 
1.1396e-05 
9.9702e-06 
1.14075e-05 
9.9702e-06 
1.14188e-05 
9.9702e-06 
1.143e-05 
9.9702e-06 
1.14411e-05 
9.9702e-06 
1.1452e-05 
9.9702e-06 
1.14628e-05 
9.9702e-06 
1.14734e-05 
9.9702e-06 
1.14839e-05 
9.9702e-06 
1.14942e-05 
9.9702e-06 
1.15043e-05 
9.9702e-06 
1.15142e-05 
9.9702e-06 
1.15239e-05 
9.9702e-06 
1.15335e-05 
9.9702e-06 
1.15428e-05 
9.9702e-06 
1.15519e-05 
9.9702e-06 
1.15608e-05 
9.9702e-06 
1.15695e-05 
9.9702e-06 
1.15779e-05 
9.9702e-06 
1.15861e-05 
9.9702e-06 
1.1594e-05 
9.9702e-06 
1.16017e-05 
9.9702e-06 
1.16091e-05 
9.9702e-06 
1.16163e-05 
9.9702e-06 
1.16232e-05 
9.9702e-06 
1.16298e-05 
9.9702e-06 
1.16361e-05 
9.9702e-06 
1.16422e-05 
9.9702e-06 
1.16479e-05 
9.9702e-06 
1.16534e-05 
9.9702e-06 
1.16586e-05 
9.9702e-06 
1.16634e-05 
9.9702e-06 
1.16679e-05 
9.9702e-06 
1.16722e-05 
9.9702e-06 
1.16761e-05 
9.9702e-06 
1.16796e-05 
9.9702e-06 
1.16829e-05 
9.9702e-06 
1.16858e-05 
9.9702e-06 
1.16884e-05 
9.9702e-06 
1.16906e-05 
9.9702e-06 
1.16926e-05 
9.9702e-06 
1.16941e-05 
9.9702e-06 
1.16953e-05 
9.9702e-06 
1.16962e-05 
9.9702e-06 
1.16967e-05 
9.9702e-06 
1.16969e-05 
9.9702e-06 
1.16967e-05 
9.9702e-06 
1.16962e-05 
9.9702e-06 
1.16953e-05 
9.9702e-06 
1.1694e-05 
9.9702e-06 
1.16924e-05 
9.9702e-06 
1.16904e-05 
9.9702e-06 
1.16881e-05 
9.9702e-06 
1.16854e-05 
9.9702e-06 
1.16823e-05 
9.9702e-06 
1.16789e-05 
9.9702e-06 
1.16752e-05 
9.9702e-06 
1.1671e-05 
9.9702e-06 
1.16665e-05 
9.9702e-06 
1.16617e-05 
9.9702e-06 
1.16565e-05 
9.9702e-06 
1.16509e-05 
9.9702e-06 
1.1645e-05 
9.9702e-06 
1.16388e-05 
9.9702e-06 
1.16322e-05 
9.9702e-06 
1.16252e-05 
9.9702e-06 
1.16179e-05 
9.9702e-06 
1.16103e-05 
9.9702e-06 
1.16023e-05 
9.9702e-06 
1.1594e-05 
9.9702e-06 
1.15853e-05 
9.9702e-06 
1.15764e-05 
9.9702e-06 
1.15671e-05 
9.9702e-06 
1.15574e-05 
9.9702e-06 
1.15475e-05 
9.9702e-06 
1.15372e-05 
9.9702e-06 
1.15267e-05 
9.9702e-06 
1.15158e-05 
9.9702e-06 
1.15046e-05 
9.9702e-06 
1.14932e-05 
9.9702e-06 
1.14814e-05 
9.9702e-06 
1.14694e-05 
9.9702e-06 
1.1457e-05 
9.9702e-06 
1.14444e-05 
9.9702e-06 
1.14315e-05 
9.9702e-06 
1.14184e-05 
9.9702e-06 
1.1405e-05 
9.9702e-06 
1.13913e-05 
9.9702e-06 
1.13774e-05 
9.9702e-06 
1.13633e-05 
9.9702e-06 
1.13489e-05 
9.9702e-06 
1.13342e-05 
9.9702e-06 
1.13194e-05 
9.9702e-06 
1.13043e-05 
9.9702e-06 
1.1289e-05 
9.9702e-06 
1.12735e-05 
9.9702e-06 
1.12578e-05 
9.9702e-06 
1.12419e-05 
9.9702e-06 
1.12258e-05 
9.9702e-06 
1.12096e-05 
9.9702e-06 
1.11931e-05 
9.9702e-06 
1.11765e-05 
9.9702e-06 
1.11597e-05 
9.9702e-06 
1.11428e-05 
9.9702e-06 
1.11257e-05 
9.9702e-06 
1.11085e-05 
9.9702e-06 
1.10912e-05 
9.9702e-06 
1.10737e-05 
9.9702e-06 
1.10561e-05 
9.9702e-06 
1.10383e-05 
9.9702e-06 
1.10205e-05 
9.9702e-06 
1.10026e-05 
9.9702e-06 
1.09846e-05 
9.9702e-06 
1.09664e-05 
9.9702e-06 
1.09482e-05 
9.9702e-06 
1.093e-05 
9.9702e-06 
1.09116e-05 
9.9702e-06 
1.08932e-05 
9.9702e-06 
1.08748e-05 
9.9702e-06 
1.08563e-05 
9.9702e-06 
1.08377e-05 
9.9702e-06 
1.08191e-05 
9.9702e-06 
1.08005e-05 
9.9702e-06 
1.07819e-05 
9.9702e-06 
1.07633e-05 
9.9702e-06 
1.07446e-05 
9.9702e-06 
1.0726e-05 
9.9702e-06 
1.07073e-05 
9.9702e-06 
1.06887e-05 
9.9702e-06 
1.06701e-05 
9.9702e-06 
1.06515e-05 
9.9702e-06 
1.0633e-05 
9.9702e-06 
1.06144e-05 
9.9702e-06 
1.0596e-05 
9.9702e-06 
1.05775e-05 
9.9702e-06 
1.05592e-05 
9.9702e-06 
1.05409e-05 
9.9702e-06 
1.05226e-05 
9.9702e-06 
1.05045e-05 
9.9702e-06 
1.04864e-05 
9.9702e-06 
1.04684e-05 
9.9702e-06 
1.04505e-05 
9.9702e-06 
1.04327e-05 
9.9702e-06 
1.0415e-05 
9.9702e-06 
1.03974e-05 
9.9702e-06 
1.03799e-05 
9.9702e-06 
1.03626e-05 
9.9702e-06 
1.03454e-05 
9.9702e-06 
1.03283e-05 
9.9702e-06 
1.03113e-05 
9.9702e-06 
1.02945e-05 
9.9702e-06 
1.02778e-05 
9.9702e-06 
1.02613e-05 
9.9702e-06 
1.0245e-05 
9.9702e-06 
1.02288e-05 
9.9702e-06 
1.02128e-05 
9.9702e-06 
1.01969e-05 
9.9702e-06 
1.01813e-05 
9.9702e-06 
1.01658e-05 
9.9702e-06 
1.01505e-05 
9.9702e-06 
1.01354e-05 
9.9702e-06 
1.01205e-05 
9.9702e-06 
1.01058e-05 
9.9702e-06 
1.00913e-05 
9.9702e-06 
1.00771e-05 
9.9702e-06 
1.0063e-05 
9.9702e-06 
1.00492e-05 
9.9702e-06 
1.00356e-05 
9.9702e-06 
1.00222e-05 
9.9702e-06 
1.00091e-05 
9.9702e-06 
9.99619e-06 
1.00089e-05 
9.9702e-06 
9.9738e-06 
9.97437e-06 
9.97026e-06 
9.95532e-06 
9.92286e-06 
9.87156e-06 
9.79461e-06 
9.69145e-06 
9.55761e-06 
9.39181e-06 
9.19171e-06 
8.95595e-06 
8.68325e-06 
8.37255e-06 
8.023e-06 
7.63395e-06 
7.20491e-06 
6.73556e-06 
6.2257e-06 
5.67526e-06 
5.0843e-06 
4.45298e-06 
3.78154e-06 
3.04538e-06 
2.2796e-06 
1.4694e-06 
6.2507e-07 
-2.63163e-07 
-1.18381e-06 
-2.1476e-06 
-3.14191e-06 
-4.1784e-06 
-5.24337e-06 
-6.34938e-06 
-7.48171e-06 
-8.65382e-06 
-9.85002e-06 
-1.10846e-05 
-1.2341e-05 
-1.36343e-05 
-1.49471e-05 
-1.62952e-05 
-1.76604e-05 
-1.90594e-05 
-2.04731e-05 
-2.1919e-05 
-2.33772e-05 
-2.48657e-05 
-2.63643e-05 
-2.78916e-05 
-2.94265e-05 
-3.09883e-05 
-3.25554e-05 
-3.41477e-05 
-3.57429e-05 
-3.73615e-05 
-3.89809e-05 
-4.06218e-05 
-4.22612e-05 
-4.39202e-05 
-4.55756e-05 
-4.72489e-05 
-4.89163e-05 
-5.05998e-05 
-5.22753e-05 
-5.39649e-05 
-5.56445e-05 
-5.73365e-05 
-5.90163e-05 
-6.07067e-05 
-6.23829e-05 
-6.40678e-05 
-6.57366e-05 
-6.74123e-05 
-6.90699e-05 
-7.07325e-05 
-7.23753e-05 
-7.40211e-05 
-7.56453e-05 
-7.72707e-05 
-7.88727e-05 
-8.0474e-05 
-8.20502e-05 
-8.36238e-05 
-8.51707e-05 
-8.67131e-05 
-8.82271e-05 
-8.97349e-05 
-9.12125e-05 
-9.26821e-05 
-9.412e-05 
-9.5548e-05 
-9.69429e-05 
-9.8326e-05 
-9.96744e-05 
-0.000101009 
-0.000102308 
-0.000103591 
-0.000104837 
-0.000106065 
-0.000107255 
-0.000108426 
-0.000109556 
-0.000110665 
-0.000111733 
-0.000112778 
-0.000113781 
-0.000114759 
-0.000115693 
-0.000116601 
-0.000117464 
-0.000118298 
-0.000119086 
-0.000119844 
-0.000120556 
-0.000121234 
-0.000121866 
-0.000122463 
-0.000123011 
-0.000123524 
-0.000123987 
-0.000124411 
-0.000124786 
-0.000125121 
-0.000125405 
-0.000125646 
-0.000125837 
-0.000125983 
-0.000126078 
-0.000126126 
-0.000126122 
-0.00012607 
-0.000125965 
-0.00012581 
-0.000125601 
-0.000125341 
-0.000125026 
-0.000124658 
-0.000124236 
-0.000123758 
-0.000123226 
-0.000122638 
-0.000121994 
-0.000121294 
-0.000120537 
-0.000119722 
-0.00011885 
-0.000117921 
-0.000116932 
-0.000115885 
-0.000114753 
-0.00011357 
-0.00011232 
-0.000111014 
-0.000109639 
-0.000108208 
-0.000106706 
-0.000105149 
-0.000103518 
-0.000101831 
-0.00010007 
-9.82529e-05 
-9.63588e-05 
-9.44098e-05 
-9.23816e-05 
-9.02988e-05 
-8.81348e-05 
-8.59166e-05 
-8.36154e-05 
-8.12604e-05 
-7.88205e-05 
-7.63272e-05 
-7.37472e-05 
-7.11144e-05 
-6.83929e-05 
-6.56193e-05 
-6.27552e-05 
-5.98395e-05 
-5.68316e-05 
-5.37728e-05 
-5.06199e-05 
-4.7417e-05 
-4.41181e-05 
-4.077e-05 
-3.73242e-05 
-3.38301e-05 
-3.02365e-05 
-2.65956e-05 
-2.28534e-05 
-1.9065e-05 
-1.51735e-05 
-1.12368e-05 
-7.19532e-06 
-3.10989e-06 
1.08212e-06 
5.31683e-06 
9.65984e-06 
1.40442e-05 
9.9702e-06 
1.04834e-05 
9.9702e-06 
1.0507e-05 
9.9702e-06 
1.05308e-05 
9.9702e-06 
1.05549e-05 
9.9702e-06 
1.05793e-05 
9.9702e-06 
1.06039e-05 
9.9702e-06 
1.06287e-05 
9.9702e-06 
1.06537e-05 
9.9702e-06 
1.0679e-05 
9.9702e-06 
1.07044e-05 
9.9702e-06 
1.07301e-05 
9.9702e-06 
1.07559e-05 
9.9702e-06 
1.07819e-05 
9.9702e-06 
1.0808e-05 
9.9702e-06 
1.08343e-05 
9.9702e-06 
1.08607e-05 
9.9702e-06 
1.08872e-05 
9.9702e-06 
1.09138e-05 
9.9702e-06 
1.09405e-05 
9.9702e-06 
1.09673e-05 
9.9702e-06 
1.09942e-05 
9.9702e-06 
1.10211e-05 
9.9702e-06 
1.1048e-05 
9.9702e-06 
1.1075e-05 
9.9702e-06 
1.1102e-05 
9.9702e-06 
1.1129e-05 
9.9702e-06 
1.1156e-05 
9.9702e-06 
1.11829e-05 
9.9702e-06 
1.12098e-05 
9.9702e-06 
1.12366e-05 
9.9702e-06 
1.12634e-05 
9.9702e-06 
1.129e-05 
9.9702e-06 
1.13166e-05 
9.9702e-06 
1.1343e-05 
9.9702e-06 
1.13693e-05 
9.9702e-06 
1.13955e-05 
9.9702e-06 
1.14214e-05 
9.9702e-06 
1.14472e-05 
9.9702e-06 
1.14729e-05 
9.9702e-06 
1.14983e-05 
9.9702e-06 
1.15234e-05 
9.9702e-06 
1.15484e-05 
9.9702e-06 
1.15731e-05 
9.9702e-06 
1.15975e-05 
9.9702e-06 
1.16216e-05 
9.9702e-06 
1.16454e-05 
9.9702e-06 
1.1669e-05 
9.9702e-06 
1.16922e-05 
9.9702e-06 
1.1715e-05 
9.9702e-06 
1.17375e-05 
9.9702e-06 
1.17596e-05 
9.9702e-06 
1.17814e-05 
9.9702e-06 
1.18028e-05 
9.9702e-06 
1.18237e-05 
9.9702e-06 
1.18442e-05 
9.9702e-06 
1.18643e-05 
9.9702e-06 
1.1884e-05 
9.9702e-06 
1.19032e-05 
9.9702e-06 
1.19219e-05 
9.9702e-06 
1.19402e-05 
9.9702e-06 
1.1958e-05 
9.9702e-06 
1.19752e-05 
9.9702e-06 
1.1992e-05 
9.9702e-06 
1.20082e-05 
9.9702e-06 
1.20239e-05 
9.9702e-06 
1.20391e-05 
9.9702e-06 
1.20537e-05 
9.9702e-06 
1.20678e-05 
9.9702e-06 
1.20813e-05 
9.9702e-06 
1.20942e-05 
9.9702e-06 
1.21066e-05 
9.9702e-06 
1.21184e-05 
9.9702e-06 
1.21296e-05 
9.9702e-06 
1.21402e-05 
9.9702e-06 
1.21502e-05 
9.9702e-06 
1.21596e-05 
9.9702e-06 
1.21683e-05 
9.9702e-06 
1.21765e-05 
9.9702e-06 
1.21841e-05 
9.9702e-06 
1.2191e-05 
9.9702e-06 
1.21973e-05 
9.9702e-06 
1.2203e-05 
9.9702e-06 
1.22081e-05 
9.9702e-06 
1.22125e-05 
9.9702e-06 
1.22164e-05 
9.9702e-06 
1.22196e-05 
9.9702e-06 
1.22221e-05 
9.9702e-06 
1.22241e-05 
9.9702e-06 
1.22254e-05 
9.9702e-06 
1.22261e-05 
9.9702e-06 
1.22262e-05 
9.9702e-06 
1.22257e-05 
9.9702e-06 
1.22246e-05 
9.9702e-06 
1.22228e-05 
9.9702e-06 
1.22205e-05 
9.9702e-06 
1.22175e-05 
9.9702e-06 
1.2214e-05 
9.9702e-06 
1.22099e-05 
9.9702e-06 
1.22052e-05 
9.9702e-06 
1.21999e-05 
9.9702e-06 
1.2194e-05 
9.9702e-06 
1.21876e-05 
9.9702e-06 
1.21806e-05 
9.9702e-06 
1.21731e-05 
9.9702e-06 
1.2165e-05 
9.9702e-06 
1.21564e-05 
9.9702e-06 
1.21473e-05 
9.9702e-06 
1.21376e-05 
9.9702e-06 
1.21275e-05 
9.9702e-06 
1.21168e-05 
9.9702e-06 
1.21057e-05 
9.9702e-06 
1.20941e-05 
9.9702e-06 
1.2082e-05 
9.9702e-06 
1.20695e-05 
9.9702e-06 
1.20565e-05 
9.9702e-06 
1.2043e-05 
9.9702e-06 
1.20292e-05 
9.9702e-06 
1.20149e-05 
9.9702e-06 
1.20003e-05 
9.9702e-06 
1.19852e-05 
9.9702e-06 
1.19698e-05 
9.9702e-06 
1.1954e-05 
9.9702e-06 
1.19378e-05 
9.9702e-06 
1.19213e-05 
9.9702e-06 
1.19044e-05 
9.9702e-06 
1.18873e-05 
9.9702e-06 
1.18698e-05 
9.9702e-06 
1.1852e-05 
9.9702e-06 
1.1834e-05 
9.9702e-06 
1.18156e-05 
9.9702e-06 
1.17971e-05 
9.9702e-06 
1.17782e-05 
9.9702e-06 
1.17592e-05 
9.9702e-06 
1.17399e-05 
9.9702e-06 
1.17204e-05 
9.9702e-06 
1.17007e-05 
9.9702e-06 
1.16808e-05 
9.9702e-06 
1.16607e-05 
9.9702e-06 
1.16405e-05 
9.9702e-06 
1.16201e-05 
9.9702e-06 
1.15996e-05 
9.9702e-06 
1.15789e-05 
9.9702e-06 
1.15582e-05 
9.9702e-06 
1.15373e-05 
9.9702e-06 
1.15164e-05 
9.9702e-06 
1.14953e-05 
9.9702e-06 
1.14742e-05 
9.9702e-06 
1.14531e-05 
9.9702e-06 
1.14318e-05 
9.9702e-06 
1.14106e-05 
9.9702e-06 
1.13893e-05 
9.9702e-06 
1.1368e-05 
9.9702e-06 
1.13467e-05 
9.9702e-06 
1.13254e-05 
9.9702e-06 
1.13042e-05 
9.9702e-06 
1.12829e-05 
9.9702e-06 
1.12617e-05 
9.9702e-06 
1.12405e-05 
9.9702e-06 
1.12194e-05 
9.9702e-06 
1.11983e-05 
9.9702e-06 
1.11773e-05 
9.9702e-06 
1.11564e-05 
9.9702e-06 
1.11356e-05 
9.9702e-06 
1.11148e-05 
9.9702e-06 
1.10942e-05 
9.9702e-06 
1.10737e-05 
9.9702e-06 
1.10533e-05 
9.9702e-06 
1.1033e-05 
9.9702e-06 
1.10128e-05 
9.9702e-06 
1.09928e-05 
9.9702e-06 
1.0973e-05 
9.9702e-06 
1.09532e-05 
9.9702e-06 
1.09337e-05 
9.9702e-06 
1.09143e-05 
9.9702e-06 
1.08951e-05 
9.9702e-06 
1.0876e-05 
9.9702e-06 
1.08572e-05 
9.9702e-06 
1.08385e-05 
9.9702e-06 
1.082e-05 
9.9702e-06 
1.08017e-05 
9.9702e-06 
1.07836e-05 
9.9702e-06 
1.07657e-05 
9.9702e-06 
1.0748e-05 
9.9702e-06 
1.07306e-05 
9.9702e-06 
1.07133e-05 
9.9702e-06 
1.06963e-05 
9.9702e-06 
1.06794e-05 
9.9702e-06 
1.06628e-05 
9.9702e-06 
1.06465e-05 
9.9702e-06 
1.06303e-05 
9.9702e-06 
1.06144e-05 
9.9702e-06 
1.05988e-05 
9.9702e-06 
1.05833e-05 
9.9702e-06 
1.05681e-05 
9.9702e-06 
1.05532e-05 
9.9702e-06 
1.05385e-05 
9.9702e-06 
1.0524e-05 
9.9702e-06 
1.05098e-05 
9.9702e-06 
1.04958e-05 
9.9702e-06 
1.0482e-05 
9.9702e-06 
1.04685e-05 
9.9702e-06 
1.04553e-05 
9.9702e-06 
1.04423e-05 
9.9702e-06 
1.04295e-05 
9.9702e-06 
1.0417e-05 
9.9702e-06 
1.04048e-05 
9.9702e-06 
1.03928e-05 
9.9702e-06 
1.0381e-05 
9.9702e-06 
1.03695e-05 
9.9702e-06 
1.03582e-05 
9.9702e-06 
1.03472e-05 
9.9702e-06 
1.03365e-05 
9.9702e-06 
1.03259e-05 
9.9702e-06 
1.03156e-05 
9.9702e-06 
1.03056e-05 
9.9702e-06 
1.02958e-05 
9.9702e-06 
1.02862e-05 
9.9702e-06 
1.02769e-05 
9.9702e-06 
1.02678e-05 
9.9702e-06 
1.0259e-05 
9.9702e-06 
1.02504e-05 
9.9702e-06 
1.0242e-05 
9.9702e-06 
1.02338e-05 
9.9702e-06 
1.02259e-05 
9.9702e-06 
1.02182e-05 
9.9702e-06 
1.02108e-05 
9.9702e-06 
1.02035e-05 
9.9702e-06 
1.01965e-05 
9.9702e-06 
1.01897e-05 
9.9702e-06 
1.01832e-05 
9.9702e-06 
1.01768e-05 
9.9702e-06 
1.01707e-05 
9.9702e-06 
1.01647e-05 
9.9702e-06 
1.0159e-05 
9.9702e-06 
1.01535e-05 
9.9702e-06 
1.01482e-05 
9.9702e-06 
1.01431e-05 
9.9702e-06 
1.01383e-05 
9.9702e-06 
1.01336e-05 
9.9702e-06 
1.01291e-05 
9.9702e-06 
1.01248e-05 
9.9702e-06 
1.01207e-05 
9.9702e-06 
1.01168e-05 
9.9702e-06 
1.01131e-05 
9.9702e-06 
1.01096e-05 
9.9702e-06 
1.01063e-05 
9.9702e-06 
1.01031e-05 
9.9702e-06 
1.01001e-05 
9.9702e-06 
1.00974e-05 
9.9702e-06 
1.00947e-05 
9.9702e-06 
1.00923e-05 
9.9702e-06 
1.00901e-05 
9.9702e-06 
1.0088e-05 
9.9702e-06 
1.00861e-05 
9.9702e-06 
1.00843e-05 
9.9702e-06 
1.00827e-05 
9.9702e-06 
1.00813e-05 
9.9702e-06 
1.008e-05 
9.9702e-06 
1.00789e-05 
9.9702e-06 
1.0078e-05 
9.9702e-06 
1.00772e-05 
9.9702e-06 
1.00766e-05 
9.9702e-06 
1.00761e-05 
9.9702e-06 
1.00758e-05 
9.9702e-06 
1.00756e-05 
9.9702e-06 
1.00755e-05 
9.9702e-06 
1.00756e-05 
9.9702e-06 
1.00759e-05 
9.9702e-06 
1.00763e-05 
9.9702e-06 
1.00768e-05 
9.9702e-06 
1.00775e-05 
9.9702e-06 
1.00782e-05 
9.9702e-06 
1.00792e-05 
9.9702e-06 
1.00802e-05 
9.9702e-06 
1.00814e-05 
9.9702e-06 
1.00827e-05 
9.9702e-06 
1.00841e-05 
9.9702e-06 
1.00857e-05 
9.9702e-06 
1.00873e-05 
9.9702e-06 
1.00891e-05 
9.9702e-06 
1.0091e-05 
9.9702e-06 
1.0093e-05 
9.9702e-06 
1.00952e-05 
9.9702e-06 
1.00974e-05 
9.9702e-06 
1.00997e-05 
9.9702e-06 
1.01022e-05 
9.9702e-06 
1.01048e-05 
9.9702e-06 
1.01074e-05 
9.9702e-06 
1.01102e-05 
9.9702e-06 
1.0113e-05 
9.9702e-06 
1.0116e-05 
9.9702e-06 
1.0119e-05 
9.9702e-06 
1.01221e-05 
9.9702e-06 
1.01254e-05 
9.9702e-06 
1.01287e-05 
9.9702e-06 
1.01321e-05 
9.9702e-06 
1.01356e-05 
9.9702e-06 
1.01391e-05 
9.9702e-06 
1.01428e-05 
9.9702e-06 
1.01465e-05 
9.9702e-06 
1.01503e-05 
9.9702e-06 
1.01541e-05 
9.9702e-06 
1.01581e-05 
9.9702e-06 
1.01621e-05 
9.9702e-06 
1.01661e-05 
9.9702e-06 
1.01703e-05 
9.9702e-06 
1.01745e-05 
9.9702e-06 
1.01787e-05 
9.9702e-06 
1.0183e-05 
9.9702e-06 
1.01874e-05 
9.9702e-06 
1.01918e-05 
9.9702e-06 
1.01962e-05 
9.9702e-06 
1.02007e-05 
9.9702e-06 
1.02053e-05 
9.9702e-06 
1.02099e-05 
9.9702e-06 
1.02145e-05 
9.9702e-06 
1.02192e-05 
9.9702e-06 
1.02239e-05 
9.9702e-06 
1.02286e-05 
9.9702e-06 
1.02333e-05 
9.9702e-06 
1.02381e-05 
9.9702e-06 
1.02429e-05 
9.9702e-06 
1.02477e-05 
9.9702e-06 
1.02526e-05 
9.9702e-06 
1.02574e-05 
9.9702e-06 
1.02623e-05 
9.9702e-06 
1.02672e-05 
9.9702e-06 
1.02721e-05 
9.9702e-06 
1.02769e-05 
9.9702e-06 
1.02818e-05 
9.9702e-06 
1.02867e-05 
9.9702e-06 
1.02916e-05 
9.9702e-06 
1.02965e-05 
9.9702e-06 
1.03013e-05 
9.9702e-06 
1.03062e-05 
9.9702e-06 
1.0311e-05 
9.9702e-06 
1.03158e-05 
9.9702e-06 
1.03206e-05 
9.9702e-06 
1.03254e-05 
9.9702e-06 
1.03301e-05 
9.9702e-06 
1.03348e-05 
9.9702e-06 
1.03395e-05 
9.9702e-06 
1.03441e-05 
9.9702e-06 
1.03487e-05 
9.9702e-06 
1.03533e-05 
9.9702e-06 
1.03578e-05 
9.9702e-06 
1.03623e-05 
9.9702e-06 
1.03667e-05 
9.9702e-06 
1.03711e-05 
9.9702e-06 
1.03754e-05 
9.9702e-06 
1.03796e-05 
9.9702e-06 
1.03838e-05 
9.9702e-06 
1.0388e-05 
9.9702e-06 
1.0392e-05 
9.9702e-06 
1.0396e-05 
9.9702e-06 
1.03999e-05 
9.9702e-06 
1.04038e-05 
9.9702e-06 
1.04076e-05 
9.9702e-06 
1.04113e-05 
9.9702e-06 
1.04149e-05 
9.9702e-06 
1.04184e-05 
9.9702e-06 
1.04219e-05 
9.9702e-06 
1.04253e-05 
9.9702e-06 
1.04286e-05 
9.9702e-06 
1.04317e-05 
9.9702e-06 
1.04348e-05 
9.9702e-06 
1.04378e-05 
9.9702e-06 
1.04407e-05 
9.9702e-06 
1.04435e-05 
9.9702e-06 
1.04462e-05 
9.9702e-06 
1.04488e-05 
9.9702e-06 
1.04513e-05 
9.9702e-06 
1.04537e-05 
9.9702e-06 
1.0456e-05 
9.9702e-06 
1.04582e-05 
9.9702e-06 
1.04602e-05 
9.9702e-06 
1.04622e-05 
9.9702e-06 
1.0464e-05 
9.9702e-06 
1.04657e-05 
9.9702e-06 
1.04673e-05 
9.9702e-06 
1.04688e-05 
9.9702e-06 
1.04702e-05 
9.9702e-06 
1.04714e-05 
9.9702e-06 
1.04726e-05 
9.9702e-06 
1.04736e-05 
9.9702e-06 
1.04745e-05 
9.9702e-06 
1.04752e-05 
9.9702e-06 
1.04759e-05 
9.9702e-06 
1.04764e-05 
9.9702e-06 
1.04768e-05 
9.9702e-06 
1.0477e-05 
9.9702e-06 
1.04772e-05 
9.9702e-06 
1.04772e-05 
9.9702e-06 
1.04771e-05 
9.9702e-06 
1.04769e-05 
9.9702e-06 
1.04765e-05 
9.9702e-06 
1.0476e-05 
9.9702e-06 
1.04754e-05 
9.9702e-06 
1.04747e-05 
9.9702e-06 
1.04739e-05 
9.9702e-06 
1.04729e-05 
9.9702e-06 
1.04718e-05 
9.9702e-06 
1.04706e-05 
9.9702e-06 
1.04692e-05 
9.9702e-06 
1.04678e-05 
9.9702e-06 
1.04662e-05 
9.9702e-06 
1.04645e-05 
9.9702e-06 
1.04627e-05 
9.9702e-06 
1.04607e-05 
9.9702e-06 
1.04587e-05 
9.9702e-06 
1.04565e-05 
9.9702e-06 
1.04542e-05 
9.9702e-06 
1.04518e-05 
9.9702e-06 
1.04493e-05 
9.9702e-06 
1.04467e-05 
9.9702e-06 
1.0444e-05 
9.9702e-06 
1.04412e-05 
9.9702e-06 
1.04383e-05 
9.9702e-06 
1.04352e-05 
9.9702e-06 
1.04321e-05 
9.9702e-06 
1.04289e-05 
9.9702e-06 
1.04256e-05 
9.9702e-06 
1.04221e-05 
9.9702e-06 
1.04186e-05 
9.9702e-06 
1.0415e-05 
9.9702e-06 
1.04113e-05 
9.9702e-06 
1.04076e-05 
9.9702e-06 
1.04037e-05 
9.9702e-06 
1.03998e-05 
9.9702e-06 
1.03957e-05 
9.9702e-06 
1.03916e-05 
9.9702e-06 
1.03875e-05 
9.9702e-06 
1.03832e-05 
9.9702e-06 
1.03789e-05 
9.9702e-06 
1.03746e-05 
9.9702e-06 
1.03701e-05 
9.9702e-06 
1.03656e-05 
9.9702e-06 
1.03611e-05 
9.9702e-06 
1.03564e-05 
9.9702e-06 
1.03518e-05 
9.9702e-06 
1.03471e-05 
9.9702e-06 
1.03423e-05 
9.9702e-06 
1.03375e-05 
9.9702e-06 
1.03326e-05 
9.9702e-06 
1.03277e-05 
9.9702e-06 
1.03228e-05 
9.9702e-06 
1.03179e-05 
9.9702e-06 
1.03129e-05 
9.9702e-06 
1.03079e-05 
9.9702e-06 
1.03028e-05 
9.9702e-06 
1.02978e-05 
9.9702e-06 
1.02927e-05 
9.9702e-06 
1.02876e-05 
9.9702e-06 
1.02825e-05 
9.9702e-06 
1.02774e-05 
9.9702e-06 
1.02722e-05 
9.9702e-06 
1.02671e-05 
9.9702e-06 
1.0262e-05 
9.9702e-06 
1.02568e-05 
9.9702e-06 
1.02517e-05 
9.9702e-06 
1.02466e-05 
9.9702e-06 
1.02415e-05 
9.9702e-06 
1.02364e-05 
9.9702e-06 
1.02313e-05 
9.9702e-06 
1.02262e-05 
9.9702e-06 
1.02212e-05 
9.9702e-06 
1.02162e-05 
9.9702e-06 
1.02112e-05 
9.9702e-06 
1.02062e-05 
9.9702e-06 
1.02013e-05 
9.9702e-06 
1.01964e-05 
9.9702e-06 
1.01915e-05 
9.9702e-06 
1.01867e-05 
9.9702e-06 
1.01819e-05 
9.9702e-06 
1.01771e-05 
9.9702e-06 
1.01724e-05 
9.9702e-06 
1.01678e-05 
9.9702e-06 
1.01632e-05 
9.9702e-06 
1.01587e-05 
9.9702e-06 
1.01542e-05 
9.9702e-06 
1.01497e-05 
9.9702e-06 
1.01453e-05 
9.9702e-06 
1.0141e-05 
9.9702e-06 
1.01368e-05 
9.9702e-06 
1.01326e-05 
9.9702e-06 
1.01285e-05 
9.9702e-06 
1.01244e-05 
9.9702e-06 
1.01204e-05 
9.9702e-06 
1.01165e-05 
9.9702e-06 
1.01127e-05 
9.9702e-06 
1.01089e-05 
9.9702e-06 
1.01052e-05 
9.9702e-06 
1.01016e-05 
9.9702e-06 
1.00981e-05 
9.9702e-06 
1.00947e-05 
9.9702e-06 
1.00913e-05 
9.9702e-06 
1.0088e-05 
9.9702e-06 
1.00848e-05 
9.9702e-06 
1.00817e-05 
9.9702e-06 
1.00787e-05 
9.9702e-06 
1.00757e-05 
9.9702e-06 
1.00729e-05 
9.9702e-06 
1.00701e-05 
9.9702e-06 
1.00675e-05 
9.9702e-06 
1.00649e-05 
9.9702e-06 
1.00624e-05 
9.9702e-06 
1.006e-05 
9.9702e-06 
1.00577e-05 
9.9702e-06 
1.00555e-05 
9.9702e-06 
1.00534e-05 
9.9702e-06 
1.00513e-05 
9.9702e-06 
1.00494e-05 
9.9702e-06 
1.00476e-05 
9.9702e-06 
1.00458e-05 
9.9702e-06 
1.00442e-05 
9.9702e-06 
1.00427e-05 
9.9702e-06 
1.00412e-05 
9.9702e-06 
1.00398e-05 
9.9702e-06 
1.00386e-05 
9.9702e-06 
1.00374e-05 
9.9702e-06 
1.00363e-05 
9.9702e-06 
1.00353e-05 
9.9702e-06 
1.00344e-05 
9.9702e-06 
1.00336e-05 
9.9702e-06 
1.00329e-05 
9.9702e-06 
1.00323e-05 
9.9702e-06 
1.00318e-05 
9.9702e-06 
1.00314e-05 
9.9702e-06 
1.0031e-05 
9.9702e-06 
1.00308e-05 
9.9702e-06 
1.00306e-05 
9.9702e-06 
1.00305e-05 
9.9702e-06 
1.00305e-05 
9.9702e-06 
1.00306e-05 
9.9702e-06 
1.00308e-05 
9.9702e-06 
1.00311e-05 
9.9702e-06 
1.00314e-05 
9.9702e-06 
1.00318e-05 
9.9702e-06 
1.00323e-05 
9.9702e-06 
1.00329e-05 
9.9702e-06 
1.00336e-05 
9.9702e-06 
1.00343e-05 
9.9702e-06 
1.00351e-05 
9.9702e-06 
1.0036e-05 
9.9702e-06 
1.00369e-05 
9.9702e-06 
1.00379e-05 
9.9702e-06 
1.0039e-05 
9.9702e-06 
1.00402e-05 
9.9702e-06 
1.00414e-05 
9.9702e-06 
1.00427e-05 
9.9702e-06 
1.0044e-05 
9.9702e-06 
1.00454e-05 
9.9702e-06 
1.00469e-05 
9.9702e-06 
1.00484e-05 
9.9702e-06 
1.005e-05 
9.9702e-06 
1.00516e-05 
9.9702e-06 
1.00533e-05 
9.9702e-06 
1.0055e-05 
9.9702e-06 
1.00568e-05 
9.9702e-06 
1.00586e-05 
9.9702e-06 
1.00605e-05 
9.9702e-06 
1.00624e-05 
9.9702e-06 
1.00643e-05 
9.9702e-06 
1.00663e-05 
9.9702e-06 
1.00683e-05 
9.9702e-06 
1.00704e-05 
9.9702e-06 
1.00724e-05 
9.9702e-06 
1.00746e-05 
9.9702e-06 
1.00767e-05 
9.9702e-06 
1.00789e-05 
9.9702e-06 
1.00811e-05 
9.9702e-06 
1.00833e-05 
9.9702e-06 
1.00855e-05 
9.9702e-06 
1.00878e-05 
9.9702e-06 
1.00901e-05 
9.9702e-06 
1.00924e-05 
9.9702e-06 
1.00947e-05 
9.9702e-06 
1.0097e-05 
9.9702e-06 
1.00994e-05 
9.9702e-06 
1.01017e-05 
9.9702e-06 
1.01041e-05 
9.9702e-06 
1.01064e-05 
9.9702e-06 
1.01088e-05 
9.9702e-06 
1.01112e-05 
9.9702e-06 
1.01135e-05 
9.9702e-06 
1.01159e-05 
9.9702e-06 
1.01183e-05 
9.9702e-06 
1.01207e-05 
9.9702e-06 
1.0123e-05 
9.9702e-06 
1.01254e-05 
9.9702e-06 
1.01277e-05 
9.9702e-06 
1.01301e-05 
9.9702e-06 
1.01324e-05 
9.9702e-06 
1.01348e-05 
9.9702e-06 
1.01371e-05 
9.9702e-06 
1.01394e-05 
9.9702e-06 
1.01417e-05 
9.9702e-06 
1.0144e-05 
9.9702e-06 
1.01462e-05 
9.9702e-06 
1.01485e-05 
9.9702e-06 
1.01507e-05 
9.9702e-06 
1.01529e-05 
9.9702e-06 
1.01552e-05 
9.9702e-06 
1.01573e-05 
9.9702e-06 
1.01595e-05 
9.9702e-06 
1.01617e-05 
9.9702e-06 
1.01638e-05 
9.9702e-06 
1.01659e-05 
9.9702e-06 
1.0168e-05 
9.9702e-06 
1.01701e-05 
9.9702e-06 
1.01721e-05 
9.9702e-06 
1.01742e-05 
9.9702e-06 
1.01762e-05 
9.9702e-06 
1.01782e-05 
9.9702e-06 
1.01802e-05 
9.9702e-06 
1.01821e-05 
9.9702e-06 
1.01841e-05 
9.9702e-06 
1.0186e-05 
9.9702e-06 
1.01879e-05 
9.9702e-06 
1.01898e-05 
9.9702e-06 
1.01917e-05 
9.9702e-06 
1.01935e-05 
9.9702e-06 
1.01953e-05 
9.9702e-06 
1.01971e-05 
9.9702e-06 
1.01989e-05 
9.9702e-06 
1.02007e-05 
9.9702e-06 
1.02025e-05 
9.9702e-06 
1.02042e-05 
9.9702e-06 
1.0206e-05 
9.9702e-06 
1.02077e-05 
9.9702e-06 
1.02094e-05 
9.9702e-06 
1.02111e-05 
9.9702e-06 
1.02128e-05 
9.9702e-06 
1.02144e-05 
9.9702e-06 
1.02161e-05 
9.9702e-06 
1.02177e-05 
9.9702e-06 
1.02194e-05 
9.9702e-06 
1.0221e-05 
9.9702e-06 
1.02227e-05 
9.9702e-06 
1.02243e-05 
9.9702e-06 
1.02259e-05 
9.9702e-06 
1.02275e-05 
9.9702e-06 
1.02291e-05 
9.9702e-06 
1.02307e-05 
9.9702e-06 
1.02323e-05 
9.9702e-06 
1.02339e-05 
9.9702e-06 
1.02355e-05 
9.9702e-06 
1.02371e-05 
9.9702e-06 
1.02387e-05 
9.9702e-06 
1.02403e-05 
9.9702e-06 
1.02419e-05 
9.9702e-06 
1.02435e-05 
9.9702e-06 
1.02451e-05 
9.9702e-06 
1.02467e-05 
9.9702e-06 
1.02483e-05 
9.9702e-06 
1.02499e-05 
9.9702e-06 
1.02516e-05 
9.9702e-06 
1.02532e-05 
9.9702e-06 
1.02548e-05 
9.9702e-06 
1.02565e-05 
9.9702e-06 
1.02581e-05 
9.9702e-06 
1.02598e-05 
9.9702e-06 
1.02615e-05 
9.9702e-06 
1.02631e-05 
9.9702e-06 
1.02648e-05 
9.9702e-06 
1.02665e-05 
9.9702e-06 
1.02682e-05 
9.9702e-06 
1.02699e-05 
9.9702e-06 
1.02716e-05 
9.9702e-06 
1.02734e-05 
9.9702e-06 
1.02751e-05 
9.9702e-06 
1.02768e-05 
9.9702e-06 
1.02786e-05 
9.9702e-06 
1.02803e-05 
9.9702e-06 
1.02821e-05 
9.9702e-06 
1.02839e-05 
9.9702e-06 
1.02857e-05 
9.9702e-06 
1.02875e-05 
9.9702e-06 
1.02893e-05 
9.9702e-06 
1.02911e-05 
9.9702e-06 
1.02929e-05 
9.9702e-06 
1.02947e-05 
9.9702e-06 
1.02965e-05 
9.9702e-06 
1.02983e-05 
9.9702e-06 
1.03002e-05 
9.9702e-06 
1.0302e-05 
9.9702e-06 
1.03038e-05 
9.9702e-06 
1.03056e-05 
9.9702e-06 
1.03075e-05 
9.9702e-06 
1.03093e-05 
9.9702e-06 
1.03111e-05 
9.9702e-06 
1.03129e-05 
9.9702e-06 
1.03147e-05 
9.9702e-06 
1.03165e-05 
9.9702e-06 
1.03183e-05 
9.9702e-06 
1.03201e-05 
9.9702e-06 
1.03219e-05 
9.9702e-06 
1.03236e-05 
9.9702e-06 
1.03254e-05 
9.9702e-06 
1.03271e-05 
9.9702e-06 
1.03289e-05 
9.9702e-06 
1.03306e-05 
9.9702e-06 
1.03322e-05 
9.9702e-06 
1.03339e-05 
9.9702e-06 
1.03355e-05 
9.9702e-06 
1.03372e-05 
9.9702e-06 
1.03388e-05 
9.9702e-06 
1.03403e-05 
9.9702e-06 
